X-coordinate,Y-coordinate,Channel Gain,Time Delay,AoA_theta,AoA_phi,AoD_theta,AoD_phi,First X-coordinate,First y-coordinate,Last X-coordinate,Last y-coordinate
-1600.0,-800.0,-110.467,9.4421e-07,88.2448,45.0,91.7552,-135.0,-1600.0,-800.0,-1400.0,-600.0
-1598.0,-800.0,-110.424,9.39505e-07,88.2361,45.2879,91.7639,-134.712,-1598.0,-800.0,-1400.0,-600.0
-1596.0,-800.0,-110.38,9.34824e-07,88.2272,45.5787,91.7728,-134.421,-1596.0,-800.0,-1400.0,-600.0
-1594.0,-800.0,-110.337,9.30168e-07,88.2184,45.8725,91.7816,-134.128,-1594.0,-800.0,-1400.0,-600.0
-1592.0,-800.0,-110.293,9.25536e-07,88.2094,46.1691,91.7906,-133.831,-1592.0,-800.0,-1400.0,-600.0
-1590.0,-800.0,-110.249,9.20929e-07,88.2005,46.4688,91.7995,-133.531,-1590.0,-800.0,-1400.0,-600.0
-1588.0,-800.0,-110.206,9.16348e-07,88.1915,46.7715,91.8085,-133.229,-1588.0,-800.0,-1400.0,-600.0
-1586.0,-800.0,-110.162,9.11793e-07,88.1824,47.0772,91.8176,-132.923,-1586.0,-800.0,-1400.0,-600.0
-1584.0,-800.0,-110.119,9.07263e-07,88.1734,47.3859,91.8266,-132.614,-1584.0,-800.0,-1400.0,-600.0
-1582.0,-800.0,-110.076,9.02761e-07,88.1643,47.6978,91.8357,-132.302,-1582.0,-800.0,-1400.0,-600.0
-1580.0,-800.0,-110.032,8.98276e-07,88.1726,48.0128,91.8274,-131.987,-1580.0,-800.0,-1400.0,-600.0
-1578.0,-800.0,-109.989,8.93819e-07,88.1815,48.3309,91.8185,-131.669,-1578.0,-800.0,-1400.0,-600.0
-1576.0,-800.0,-109.945,8.8939e-07,88.1906,48.6522,91.8094,-131.348,-1576.0,-800.0,-1400.0,-600.0
-1574.0,-800.0,-109.902,8.84989e-07,88.1999,48.9767,91.8001,-131.023,-1574.0,-800.0,-1400.0,-600.0
-1572.0,-800.0,-109.859,8.80616e-07,88.2093,49.3045,91.7907,-130.696,-1572.0,-800.0,-1400.0,-600.0
-1570.0,-800.0,-109.816,8.76273e-07,88.2188,49.6355,91.7812,-130.365,-1570.0,-800.0,-1400.0,-600.0
-1568.0,-800.0,-109.773,8.71959e-07,88.2285,49.9697,91.7715,-130.03,-1568.0,-800.0,-1400.0,-600.0
-1566.0,-800.0,-109.73,8.67675e-07,88.2384,50.3073,91.7616,-129.693,-1566.0,-800.0,-1400.0,-600.0
-1564.0,-800.0,-109.687,8.63421e-07,88.2484,50.6482,91.7516,-129.352,-1564.0,-800.0,-1400.0,-600.0
-1562.0,-800.0,-109.644,8.59199e-07,88.2586,50.9925,91.7414,-129.007,-1562.0,-800.0,-1400.0,-600.0
-1560.0,-800.0,-109.602,8.55002e-07,88.2802,51.3402,91.7198,-128.66,-1560.0,-800.0,-1400.0,-600.0
-1558.0,-800.0,-109.559,8.50836e-07,88.3073,51.6913,91.6927,-128.309,-1558.0,-800.0,-1400.0,-600.0
-1556.0,-800.0,-109.517,8.46709e-07,88.3181,52.0458,91.6819,-127.954,-1556.0,-800.0,-1400.0,-600.0
-1554.0,-800.0,-109.474,8.42614e-07,88.3291,52.4037,91.6709,-127.596,-1554.0,-800.0,-1400.0,-600.0
-1552.0,-800.0,-109.432,8.38553e-07,88.3403,52.7652,91.6597,-127.235,-1552.0,-800.0,-1400.0,-600.0
-1550.0,-800.0,-109.39,8.34525e-07,88.3516,53.1301,91.6484,-126.87,-1550.0,-800.0,-1400.0,-600.0
-1548.0,-800.0,-109.348,8.30532e-07,88.3632,53.4986,91.6368,-126.501,-1548.0,-800.0,-1400.0,-600.0
-1546.0,-800.0,-109.307,8.26573e-07,88.3748,53.8706,91.6252,-126.129,-1546.0,-800.0,-1400.0,-600.0
-1544.0,-800.0,-109.265,8.2265e-07,88.3867,54.2461,91.6133,-125.754,-1544.0,-800.0,-1400.0,-600.0
-1542.0,-800.0,-109.224,8.18762e-07,88.3988,54.6252,91.6012,-125.375,-1542.0,-800.0,-1400.0,-600.0
-1540.0,-800.0,-109.183,8.14911e-07,88.411,55.008,91.589,-124.992,-1540.0,-800.0,-1400.0,-600.0
-1538.0,-800.0,-109.142,8.11096e-07,88.4235,55.3943,91.5765,-124.606,-1538.0,-800.0,-1400.0,-600.0
-1536.0,-800.0,-109.101,8.07318e-07,88.4361,55.7843,91.5639,-124.216,-1536.0,-800.0,-1400.0,-600.0
-1534.0,-800.0,-109.061,8.03578e-07,88.4489,56.1779,91.5511,-123.822,-1534.0,-800.0,-1400.0,-600.0
-1532.0,-800.0,-109.02,7.99877e-07,88.4619,56.5752,91.5381,-123.425,-1532.0,-800.0,-1400.0,-600.0
-1530.0,-800.0,-108.98,7.96214e-07,88.4751,56.9761,91.5249,-123.024,-1530.0,-800.0,-1400.0,-600.0
-1528.0,-800.0,-108.941,7.9259e-07,88.4885,57.3808,91.5115,-122.619,-1528.0,-800.0,-1400.0,-600.0
-1526.0,-800.0,-108.901,7.89007e-07,88.5021,57.7891,91.4979,-122.211,-1526.0,-800.0,-1400.0,-600.0
-1524.0,-800.0,-108.862,7.85464e-07,88.5159,58.2011,91.4841,-121.799,-1524.0,-800.0,-1400.0,-600.0
-1522.0,-800.0,-108.823,7.81962e-07,88.5299,58.6168,91.4701,-121.383,-1522.0,-800.0,-1400.0,-600.0
-1520.0,-800.0,-108.784,7.78501e-07,88.5441,59.0362,91.4559,-120.964,-1520.0,-800.0,-1400.0,-600.0
-1518.0,-800.0,-108.746,7.75083e-07,88.5585,59.4594,91.4415,-120.541,-1518.0,-800.0,-1400.0,-600.0
-1516.0,-800.0,-108.708,7.71707e-07,88.5731,59.8863,91.4269,-120.114,-1516.0,-800.0,-1400.0,-600.0
-1514.0,-800.0,-108.67,7.68375e-07,88.588,60.3169,91.412,-119.683,-1514.0,-800.0,-1400.0,-600.0
-1512.0,-800.0,-108.633,7.65093e-07,88.5839,60.7512,91.4161,-119.249,-1512.0,-800.0,-1400.0,-600.0
-1510.0,-800.0,-108.596,7.61855e-07,88.5779,61.1892,91.4221,-118.811,-1510.0,-800.0,-1400.0,-600.0
-1508.0,-800.0,-108.559,7.58663e-07,88.5719,61.631,91.4281,-118.369,-1508.0,-800.0,-1400.0,-600.0
-1506.0,-800.0,-108.523,7.55516e-07,88.566,62.0764,91.434,-117.924,-1506.0,-800.0,-1400.0,-600.0
-1504.0,-800.0,-108.487,7.52415e-07,88.5601,62.5256,91.4399,-117.474,-1504.0,-800.0,-1400.0,-600.0
-1502.0,-800.0,-108.452,7.4936e-07,88.5542,62.9784,91.4458,-117.022,-1502.0,-800.0,-1400.0,-600.0
-1500.0,-800.0,-108.417,7.46353e-07,88.5484,63.4349,91.4516,-116.565,-1500.0,-800.0,-1400.0,-600.0
-1498.0,-800.0,-108.382,7.43393e-07,88.5426,63.8951,91.4574,-116.105,-1498.0,-800.0,-1400.0,-600.0
-1496.0,-800.0,-108.348,7.40482e-07,88.5369,64.359,91.4631,-115.641,-1496.0,-800.0,-1400.0,-600.0
-1494.0,-800.0,-108.314,7.3762e-07,88.5312,64.8265,91.4688,-115.174,-1494.0,-800.0,-1400.0,-600.0
-1492.0,-800.0,-108.281,7.34807e-07,88.5256,65.2976,91.4744,-114.702,-1492.0,-800.0,-1400.0,-600.0
-1490.0,-800.0,-108.248,7.32044e-07,88.5187,65.7723,91.4813,-114.228,-1490.0,-800.0,-1400.0,-600.0
-1488.0,-800.0,-108.216,7.2934e-07,88.4911,66.2505,91.5089,-113.749,-1488.0,-800.0,-1400.0,-600.0
-1486.0,-800.0,-108.184,7.26686e-07,88.4634,66.7323,91.5366,-113.268,-1486.0,-800.0,-1400.0,-600.0
-1484.0,-800.0,-108.153,7.24084e-07,88.4356,67.2176,91.5644,-112.782,-1484.0,-800.0,-1400.0,-600.0
-1482.0,-800.0,-108.122,7.21535e-07,88.4077,67.7064,91.5923,-112.294,-1482.0,-800.0,-1400.0,-600.0
-1480.0,-800.0,-108.092,7.19039e-07,88.3797,68.1986,91.6203,-111.801,-1480.0,-800.0,-1400.0,-600.0
-1478.0,-800.0,-108.062,7.16596e-07,88.3516,68.6942,91.6484,-111.306,-1478.0,-800.0,-1400.0,-600.0
-1476.0,-800.0,-108.033,7.14208e-07,88.3235,69.1932,91.6765,-110.807,-1476.0,-800.0,-1400.0,-600.0
-1474.0,-800.0,-108.004,7.11874e-07,88.2953,69.6955,91.7047,-110.304,-1474.0,-800.0,-1400.0,-600.0
-1472.0,-800.0,-107.977,7.09595e-07,88.2671,70.2011,91.7329,-109.799,-1472.0,-800.0,-1400.0,-600.0
-1470.0,-800.0,-107.949,7.07372e-07,88.2388,70.71,91.7612,-109.29,-1470.0,-800.0,-1400.0,-600.0
-1468.0,-800.0,-107.922,7.052e-07,88.2259,71.222,91.7741,-108.778,-1468.0,-800.0,-1400.0,-600.0
-1466.0,-800.0,-107.896,7.03083e-07,88.2157,71.7371,91.7843,-108.263,-1466.0,-800.0,-1400.0,-600.0
-1464.0,-800.0,-107.871,7.0103e-07,88.1875,72.2553,91.8125,-107.745,-1464.0,-800.0,-1400.0,-600.0
-1462.0,-800.0,-107.846,6.99035e-07,88.1592,72.7766,91.8408,-107.223,-1462.0,-800.0,-1400.0,-600.0
-1460.0,-800.0,-107.822,6.97098e-07,88.1309,73.3008,91.8691,-106.699,-1460.0,-800.0,-1400.0,-600.0
-1458.0,-800.0,-107.798,6.95221e-07,88.1026,73.8278,91.8974,-106.172,-1458.0,-800.0,-1400.0,-600.0
-1456.0,-800.0,-107.775,6.93402e-07,88.0744,74.3578,91.9256,-105.642,-1456.0,-800.0,-1400.0,-600.0
-1454.0,-800.0,-107.753,6.91643e-07,88.0461,74.8904,91.9539,-105.11,-1454.0,-800.0,-1400.0,-600.0
-1452.0,-800.0,-107.732,6.89944e-07,88.0179,75.4258,91.9821,-104.574,-1452.0,-800.0,-1400.0,-600.0
-1450.0,-800.0,-107.711,6.88306e-07,87.9897,75.9638,92.0103,-104.036,-1450.0,-800.0,-1400.0,-600.0
-1448.0,-800.0,-118.296,6.86731e-07,87.9616,76.5522,92.0384,-103.963,-1404.61,-618.561,-1404.61,-618.561
-1446.0,-800.0,-121.544,1.34595e-06,88.9481,82.5748,91.0519,85.9383,-1397.78,-568.782,-1406.9,-499.954
-1444.0,-800.0,-121.968,1.34511e-06,88.9355,82.8567,91.0645,86.2202,-1397.83,-567.182,-1406.4,-499.954
-1442.0,-800.0,-122.392,1.34431e-06,88.9184,83.139,91.0816,86.5025,-1397.89,-565.408,-1405.9,-499.953
-1440.0,-800.0,-122.808,1.34354e-06,88.8938,83.4216,91.1062,86.7851,-1397.95,-563.43,-1405.4,-499.953
-1438.0,-800.0,-124.182,1.34125e-06,88.8678,84.6037,91.1322,95.5136,-1409.66,-499.957,-1409.66,-499.957
-1436.0,-800.0,-123.926,1.44479e-06,88.9266,86.9051,91.0734,99.3175,-1418.94,-484.541,-1418.94,-484.541
-1434.0,-800.0,-124.276,1.44446e-06,88.904,87.1694,91.096,99.0531,-1418.4,-484.512,-1418.4,-484.512
-1432.0,-800.0,-124.592,1.44416e-06,88.8815,87.4339,91.1185,98.7886,-1417.86,-484.482,-1417.86,-484.482
-1430.0,-800.0,-124.849,1.33905e-06,88.7695,85.7411,91.2305,94.3762,-1407.66,-499.955,-1407.66,-499.955
-1428.0,-800.0,-124.887,1.33858e-06,88.745,86.0261,91.255,94.0912,-1407.16,-499.954,-1407.16,-499.954
-1426.0,-800.0,-124.884,1.33815e-06,88.7205,86.3112,91.2795,93.8061,-1406.66,-499.954,-1406.66,-499.954
-1424.0,-800.0,-124.849,1.33775e-06,88.6959,86.5965,91.3041,93.5208,-1406.16,-499.953,-1406.16,-499.953
-1422.0,-800.0,-124.79,1.33738e-06,88.6714,86.882,91.3286,93.2353,-1405.66,-499.953,-1405.66,-499.953
-1420.0,-800.0,-124.716,1.33705e-06,88.647,87.1676,91.353,92.9497,-1405.16,-499.952,-1405.16,-499.952
-1418.0,-800.0,-124.63,1.33674e-06,88.6351,87.4534,91.3649,92.6639,-1404.66,-499.952,-1404.66,-499.952
-1416.0,-800.0,-124.538,1.33646e-06,88.6348,87.7393,91.3652,92.378,-1404.15,-499.951,-1404.15,-499.951
-1414.0,-800.0,-124.447,1.33621e-06,88.6345,88.0253,91.3655,92.092,-1403.65,-499.951,-1403.65,-499.951
-1412.0,-800.0,-124.361,1.336e-06,88.6343,88.3114,91.3657,91.8059,-1403.15,-499.95,-1403.15,-499.95
-1410.0,-800.0,-124.284,1.33582e-06,88.6341,88.5976,91.3659,91.5197,-1402.65,-499.95,-1402.65,-499.95
-1408.0,-800.0,-146.335,1.44631e-06,88.7385,94.575,91.2615,99.5595,-1419.44,-484.568,-1425.26,-584.337
-1406.0,-800.0,-143.043,1.44687e-06,88.739,95.1025,91.261,99.5595,-1419.44,-484.568,-1425.26,-584.337
-1404.0,-800.0,-137.114,1.4475e-06,88.7395,95.6292,91.2605,99.5595,-1419.44,-484.568,-1425.26,-584.337
-1402.0,-800.0,-132.599,1.44818e-06,88.7401,96.155,91.2599,99.5595,-1419.44,-484.568,-1425.26,-584.337
-1400.0,-800.0,-129.864,1.44891e-06,88.7407,96.346,91.2593,99.908,-1420.16,-484.607,-1425.6,-569.831
-1398.0,-800.0,-142.883,1.36872e-06,88.6654,39.1183,91.3346,-35.9954,-1376.1,-617.359,-1239.87,-671.406
-1396.0,-800.0,-145.644,1.36356e-06,88.6485,39.3346,91.3515,-35.9954,-1376.1,-617.359,-1239.87,-672.05
-1394.0,-800.0,-148.659,1.35841e-06,88.6395,39.5529,91.3605,-35.9954,-1376.1,-617.359,-1239.87,-672.704
-1392.0,-800.0,-138.797,1.45658e-06,88.7312,98.6163,91.2688,82.1554,-1396.76,-576.497,-1425.36,-579.82
-1390.0,-800.0,-138.043,1.45757e-06,88.7321,98.7565,91.2679,82.4644,-1396.79,-575.704,-1425.62,-568.724
-1388.0,-800.0,-143.029,1.45866e-06,88.733,99.2922,91.267,82.1554,-1396.76,-576.497,-1425.59,-570.27
-1386.0,-800.0,-162.213,1.2691e-06,86.8393,36.057,63.7189,30.1609,-1382.4,-589.771,-1239.87,-693.609
-1384.0,-800.0,-162.047,1.26372e-06,86.8258,36.2354,63.6058,30.3152,-1382.51,-589.775,-1239.87,-694.378
-1382.0,-800.0,-161.868,1.25836e-06,86.8122,36.4152,63.492,30.4711,-1382.63,-589.778,-1239.87,-695.156
-1380.0,-800.0,-161.687,1.253e-06,86.7985,36.5967,63.3773,30.6286,-1382.74,-589.782,-1239.87,-695.945
-1378.0,-800.0,-161.514,1.24766e-06,86.7847,36.7797,63.2619,30.7878,-1382.86,-589.785,-1239.87,-696.744
-1376.0,-800.0,-161.357,1.24233e-06,86.7708,36.9642,63.1456,30.9487,-1382.97,-589.789,-1239.87,-697.554
-1374.0,-800.0,-161.222,1.23701e-06,86.7569,37.1504,63.0285,31.1114,-1383.09,-589.792,-1239.87,-698.375
-1372.0,-800.0,-161.117,1.23171e-06,86.7428,37.3382,62.9106,31.2758,-1383.2,-589.796,-1239.87,-699.207
-1370.0,-800.0,-160.729,1.34325e-06,87.2801,43.5998,82.8553,44.8916,-1389.96,-590.003,-1239.87,-676.079
-1368.0,-800.0,-159.41,1.33843e-06,87.2755,43.797,82.83,45.0885,-1390.04,-590.005,-1239.87,-677.14
-1366.0,-800.0,-158.347,1.33361e-06,87.2796,43.9958,82.8047,45.2865,-1390.11,-590.007,-1239.87,-678.215
-1364.0,-800.0,-157.51,1.32881e-06,87.2838,44.196,82.7792,45.486,-1390.18,-590.009,-1239.87,-679.305
-1362.0,-800.0,-156.861,1.32403e-06,87.2881,44.3976,82.7537,45.687,-1390.25,-590.011,-1239.87,-680.411
-1360.0,-800.0,-156.37,1.31926e-06,87.2925,44.6007,82.7281,45.8894,-1390.32,-590.014,-1239.87,-681.533
-1358.0,-800.0,-156.011,1.31451e-06,87.2969,44.8052,82.7023,46.0933,-1390.39,-590.016,-1239.87,-682.67
-1356.0,-800.0,-155.769,1.30977e-06,87.3013,45.0113,82.6765,46.2987,-1390.46,-590.018,-1239.87,-683.825
-1354.0,-800.0,-155.632,1.30506e-06,87.3059,45.2188,82.6506,46.5057,-1390.53,-590.02,-1239.87,-684.995
-1352.0,-800.0,-170.074,1.17166e-06,88.5381,45.4628,91.4619,-9.41385,-1309.77,-614.96,-1239.87,-686.044
-1350.0,-800.0,-170.229,1.16699e-06,88.546,45.7792,91.454,-9.41385,-1309.77,-614.96,-1239.87,-686.834
-1348.0,-800.0,-170.534,1.16234e-06,88.5541,46.099,91.4459,-9.41385,-1309.77,-614.96,-1239.87,-687.641
-1346.0,-800.0,-171.069,1.55913e-06,88.9223,-174.838,91.0777,-124.21,-1548.4,-818.284,-1548.4,-818.284
-1344.0,-800.0,-171.131,1.56578e-06,88.9324,-174.888,91.0676,-124.21,-1548.4,-818.284,-1548.4,-818.284
-1342.0,-800.0,-171.192,1.57242e-06,88.9471,-174.938,91.0529,-124.21,-1548.4,-818.284,-1548.4,-818.284
-1340.0,-800.0,-171.252,1.57906e-06,88.9618,-174.986,91.0382,-124.21,-1548.4,-818.284,-1548.4,-818.284
-1338.0,-800.0,-171.312,1.5857e-06,88.9763,-175.033,91.0237,-124.21,-1548.4,-818.284,-1548.4,-818.284
-1336.0,-800.0,-171.371,1.59234e-06,88.9907,-175.08,91.0093,-124.21,-1548.4,-818.284,-1548.4,-818.284
-1334.0,-800.0,-154.502,1.43369e-06,85.3881,39.0478,88.6295,-33.5448,-1373.95,-617.269,-1196.0,-688.058
-1332.0,-800.0,-154.373,1.4285e-06,85.3602,39.2184,88.6325,-33.7128,-1374.11,-617.275,-1195.97,-688.984
-1330.0,-800.0,-154.307,1.42333e-06,85.3315,39.3902,88.6356,-33.882,-1374.26,-617.282,-1195.94,-689.921
-1328.0,-800.0,-154.304,1.41818e-06,85.3019,39.5634,88.6387,-34.0525,-1374.42,-617.288,-1195.91,-690.87
-1326.0,-800.0,-154.365,1.41303e-06,85.2715,39.7379,88.6419,-34.2241,-1374.57,-617.295,-1195.88,-691.829
-1324.0,-800.0,-154.514,1.40791e-06,85.2285,39.9143,88.6451,-34.3967,-1374.73,-617.301,-1195.85,-692.798
-1322.0,-800.0,-154.862,1.40287e-06,85.1089,40.0951,88.6483,-34.5686,-1374.88,-617.308,-1195.82,-693.767
-1320.0,-800.0,-155.312,1.39784e-06,84.986,40.2776,88.6515,-34.7416,-1375.03,-617.314,-1195.79,-694.748
-1318.0,-800.0,-155.885,1.39282e-06,84.8598,40.4618,88.6547,-34.9157,-1375.19,-617.32,-1195.76,-695.74
-1316.0,-800.0,-156.603,1.38782e-06,84.73,40.6477,88.658,-35.091,-1375.34,-617.327,-1195.73,-696.743
-1314.0,-800.0,-157.486,1.38284e-06,84.5965,40.8355,88.6613,-35.2675,-1375.49,-617.333,-1195.7,-697.758
-1312.0,-800.0,-158.531,1.37788e-06,84.4591,41.0252,88.6647,-35.4451,-1375.64,-617.34,-1195.67,-698.784
-1310.0,-800.0,-159.662,1.37293e-06,84.3177,41.2167,88.668,-35.6238,-1375.79,-617.346,-1195.64,-699.823
-1308.0,-800.0,-166.058,1.61322e-06,88.8998,63.4491,91.1002,-43.396,-1381.4,-617.583,-1239.87,-663.65
-1306.0,-800.0,-166.732,1.61026e-06,88.8777,63.694,91.1223,-43.396,-1381.4,-617.583,-1239.87,-666.226
-1304.0,-800.0,-167.59,1.60733e-06,88.8556,63.94,91.1444,-43.396,-1381.4,-617.583,-1239.87,-668.859
-1302.0,-800.0,-168.69,1.60442e-06,88.8482,64.187,91.1518,-43.396,-1381.4,-617.583,-1239.87,-671.549
-1300.0,-800.0,-170.061,1.60152e-06,88.8461,64.435,91.1539,-43.396,-1381.4,-617.583,-1239.87,-674.299
-1298.0,-800.0,-171.432,1.60247e-06,88.8468,65.6186,91.1532,-43.3117,-1381.35,-617.58,-1239.87,-671.739
-1296.0,-800.0,-171.782,1.59973e-06,88.8449,65.8824,91.1551,-43.3117,-1381.35,-617.58,-1239.87,-674.62
-1294.0,-800.0,-171.933,1.35249e-06,88.6337,95.1818,91.3663,15.8832,-1361.84,-589.142,-1309.31,-631.135
-1292.0,-800.0,-167.1,2.50223e-06,86.4146,-29.9462,88.6173,-28.0025,-1368.0,-617.017,-1174.08,-867.936
-1290.0,-800.0,-167.38,2.49647e-06,86.3908,-30.0234,88.6185,-28.0785,-1368.09,-617.021,-1172.61,-867.84
-1288.0,-800.0,-167.619,2.4907e-06,86.3666,-30.1011,88.6197,-28.1549,-1368.19,-617.025,-1171.14,-867.743
-1286.0,-800.0,-170.795,1.58645e-06,88.8352,67.2178,91.1648,-43.3117,-1381.35,-617.58,-1239.87,-690.169
-1284.0,-800.0,-169.456,1.58388e-06,88.8333,67.4881,91.1667,-43.3117,-1381.35,-617.58,-1239.87,-693.528
-1282.0,-800.0,-168.231,1.58134e-06,88.8314,67.7594,91.1686,-43.3117,-1381.35,-617.58,-1239.87,-696.978
-1280.0,-800.0,-167.187,1.57883e-06,88.8296,68.0318,91.1704,-43.3117,-1381.35,-617.58,-1239.87,-700.523
-1278.0,-800.0,-166.322,1.57635e-06,88.8277,68.3053,91.1723,-43.3117,-1381.35,-617.58,-1239.87,-704.167
-1276.0,-800.0,-171.155,1.36103e-06,88.6422,101.16,91.3578,15.8832,-1361.84,-589.142,-1309.31,-631.135
-1274.0,-800.0,-171.029,1.36236e-06,88.6436,101.812,91.3564,15.8832,-1361.84,-589.142,-1309.31,-631.135
-1272.0,-800.0,-170.92,1.36376e-06,88.6567,102.46,91.3433,15.8832,-1361.84,-589.142,-1309.31,-631.135
-1270.0,-800.0,-170.831,1.36523e-06,88.67,103.106,91.33,15.8832,-1361.84,-589.142,-1309.31,-631.135
-1268.0,-800.0,-170.761,1.36677e-06,88.6833,103.748,91.3167,15.8832,-1361.84,-589.142,-1309.31,-631.135
-1266.0,-800.0,-170.711,1.36839e-06,88.6967,104.386,91.3033,15.8832,-1361.84,-589.142,-1309.31,-631.135
-1264.0,-800.0,-170.679,1.37007e-06,88.7101,105.021,91.2899,15.8832,-1361.84,-589.142,-1309.31,-631.135
-1262.0,-800.0,-170.664,1.37183e-06,88.7235,105.652,91.2765,15.8832,-1361.84,-589.142,-1309.31,-631.135
-1260.0,-800.0,-170.665,1.37366e-06,88.7369,106.279,91.2631,15.8832,-1361.84,-589.142,-1309.31,-631.135
-1258.0,-800.0,-170.681,1.37556e-06,88.7504,106.903,91.2496,15.8832,-1361.84,-589.142,-1309.31,-631.135
-1256.0,-800.0,-170.712,1.37753e-06,88.7639,107.522,91.2361,15.8832,-1361.84,-589.142,-1309.31,-631.135
-1254.0,-800.0,-170.759,1.37957e-06,88.7775,108.137,91.2225,15.8832,-1361.84,-589.142,-1309.31,-631.135
-1252.0,-800.0,-170.824,1.38167e-06,88.791,108.748,91.209,15.8832,-1361.84,-589.142,-1309.31,-631.135
-1250.0,-800.0,-163.253,1.54959e-06,88.9309,74.9058,91.0691,-43.3117,-1381.35,-617.58,-1237.68,-754.328
-1248.0,-800.0,-163.249,1.54787e-06,88.9297,75.1969,91.0703,-43.3117,-1381.35,-617.58,-1237.49,-760.225
-1246.0,-800.0,-163.274,1.54618e-06,88.9285,75.4887,91.0715,-43.3117,-1381.35,-617.58,-1237.29,-766.343
-1244.0,-800.0,-171.337,1.39077e-06,88.8088,111.146,91.1912,15.8832,-1361.84,-589.142,-1309.31,-631.135
-1242.0,-800.0,-171.556,1.39321e-06,88.8109,111.733,91.1891,15.8832,-1361.84,-589.142,-1309.31,-631.135
-1240.0,-800.0,-162.887,1.53475e-06,88.9206,106.259,91.0794,-43.3117,-1381.35,-617.58,-1325.68,-506.231
-1238.0,-800.0,-162.816,1.53664e-06,88.9219,106.551,91.0781,-43.3117,-1381.35,-617.58,-1325.31,-506.224
-1236.0,-800.0,-162.757,1.53856e-06,88.9232,106.842,91.0768,-43.3117,-1381.35,-617.58,-1324.93,-506.217
-1234.0,-800.0,-162.709,1.54051e-06,88.9246,107.132,91.0754,-43.3117,-1381.35,-617.58,-1324.56,-506.209
-1232.0,-800.0,-162.673,1.54249e-06,88.926,107.422,91.074,-43.3117,-1381.35,-617.58,-1324.19,-506.202
-1230.0,-800.0,-162.65,1.5445e-06,88.9274,107.71,91.0726,-43.3117,-1381.35,-617.58,-1323.82,-506.194
-1228.0,-800.0,-171.356,1.41202e-06,88.8182,115.712,91.1818,15.8832,-1361.84,-589.142,-1309.31,-631.135
-1226.0,-800.0,-171.175,1.41494e-06,88.8092,116.261,91.1908,15.8832,-1361.84,-589.142,-1309.31,-631.135
-1224.0,-800.0,-173.943,2.09909e-06,89.1897,155.274,90.8103,-124.21,-1548.4,-818.284,-1385.19,-725.771
-1222.0,-800.0,-174.058,2.10516e-06,89.1843,155.405,90.8157,-124.21,-1548.4,-818.284,-1384.25,-725.731
-1220.0,-800.0,-174.113,1.97846e-06,89.1239,-176.813,90.8761,-124.21,-1548.4,-818.284,-1548.4,-818.284
-1218.0,-800.0,-174.152,1.98513e-06,89.1187,-176.832,90.8813,-124.21,-1548.4,-818.284,-1548.4,-818.284
-1216.0,-800.0,-174.192,1.9918e-06,89.1136,-176.852,90.8864,-124.21,-1548.4,-818.284,-1548.4,-818.284
-1214.0,-800.0,0.0,0.0,0.0,0.0,0.0,0.0,0.0,0.0,0.0,0.0
-1212.0,-800.0,0.0,0.0,0.0,0.0,0.0,0.0,0.0,0.0,0.0,0.0
-1210.0,-800.0,0.0,0.0,0.0,0.0,0.0,0.0,0.0,0.0,0.0,0.0
-1208.0,-800.0,0.0,0.0,0.0,0.0,0.0,0.0,0.0,0.0,0.0,0.0
-1206.0,-800.0,0.0,0.0,0.0,0.0,0.0,0.0,0.0,0.0,0.0,0.0
-1204.0,-800.0,0.0,0.0,0.0,0.0,0.0,0.0,0.0,0.0,0.0,0.0
-1202.0,-800.0,0.0,0.0,0.0,0.0,0.0,0.0,0.0,0.0,0.0,0.0
-1600.0,-798.0,-110.424,9.39499e-07,88.2492,44.7121,91.7508,-135.288,-1600.0,-798.0,-1400.0,-600.0
-1598.0,-798.0,-110.38,9.3477e-07,88.2404,45.0,91.7596,-135.0,-1598.0,-798.0,-1400.0,-600.0
-1596.0,-798.0,-110.336,9.30065e-07,88.2315,45.2908,91.7685,-134.709,-1596.0,-798.0,-1400.0,-600.0
-1594.0,-798.0,-110.292,9.25385e-07,88.2225,45.5846,91.7775,-134.415,-1594.0,-798.0,-1400.0,-600.0
-1592.0,-798.0,-110.248,9.20729e-07,88.2135,45.8814,91.7865,-134.119,-1592.0,-798.0,-1400.0,-600.0
-1590.0,-798.0,-110.204,9.16098e-07,88.2045,46.1812,91.7955,-133.819,-1590.0,-798.0,-1400.0,-600.0
-1588.0,-798.0,-110.16,9.11493e-07,88.1954,46.484,91.8046,-133.516,-1588.0,-798.0,-1400.0,-600.0
-1586.0,-798.0,-110.116,9.06913e-07,88.1863,46.7899,91.8137,-133.21,-1586.0,-798.0,-1400.0,-600.0
-1584.0,-798.0,-110.072,9.02359e-07,88.1772,47.0989,91.8228,-132.901,-1584.0,-798.0,-1400.0,-600.0
-1582.0,-798.0,-110.028,8.97825e-07,88.1812,47.411,91.8188,-132.589,-1582.0,-798.0,-1400.0,-600.0
-1580.0,-798.0,-109.984,8.93316e-07,88.1901,47.7263,91.8099,-132.274,-1580.0,-798.0,-1400.0,-600.0
-1578.0,-798.0,-109.94,8.88834e-07,88.1992,48.0448,91.8008,-131.955,-1578.0,-798.0,-1400.0,-600.0
-1576.0,-798.0,-109.896,8.8438e-07,88.2084,48.3665,91.7916,-131.634,-1576.0,-798.0,-1400.0,-600.0
-1574.0,-798.0,-109.852,8.79954e-07,88.2177,48.6914,91.7823,-131.309,-1574.0,-798.0,-1400.0,-600.0
-1572.0,-798.0,-109.809,8.75556e-07,88.2272,49.0196,91.7728,-130.98,-1572.0,-798.0,-1400.0,-600.0
-1570.0,-798.0,-109.765,8.71188e-07,88.2368,49.3511,91.7632,-130.649,-1570.0,-798.0,-1400.0,-600.0
-1568.0,-798.0,-109.722,8.66849e-07,88.2466,49.6859,91.7534,-130.314,-1568.0,-798.0,-1400.0,-600.0
-1566.0,-798.0,-109.678,8.6254e-07,88.2566,50.0241,91.7434,-129.976,-1566.0,-798.0,-1400.0,-600.0
-1564.0,-798.0,-109.635,8.58261e-07,88.2667,50.3656,91.7333,-129.634,-1564.0,-798.0,-1400.0,-600.0
-1562.0,-798.0,-109.591,8.54013e-07,88.277,50.7106,91.723,-129.289,-1562.0,-798.0,-1400.0,-600.0
-1560.0,-798.0,-109.548,8.49791e-07,88.2988,51.059,91.7012,-128.941,-1560.0,-798.0,-1400.0,-600.0
-1558.0,-798.0,-109.505,8.45605e-07,88.3115,51.4108,91.6885,-128.589,-1558.0,-798.0,-1400.0,-600.0
-1556.0,-798.0,-109.462,8.41452e-07,88.3223,51.7662,91.6777,-128.234,-1556.0,-798.0,-1400.0,-600.0
-1554.0,-798.0,-109.419,8.37332e-07,88.3334,52.125,91.6666,-127.875,-1554.0,-798.0,-1400.0,-600.0
-1552.0,-798.0,-109.377,8.33245e-07,88.3446,52.4874,91.6554,-127.513,-1552.0,-798.0,-1400.0,-600.0
-1550.0,-798.0,-109.334,8.29192e-07,88.3559,52.8533,91.6441,-127.147,-1550.0,-798.0,-1400.0,-600.0
-1548.0,-798.0,-109.292,8.25173e-07,88.3675,53.2228,91.6325,-126.777,-1548.0,-798.0,-1400.0,-600.0
-1546.0,-798.0,-109.25,8.21189e-07,88.3792,53.5959,91.6208,-126.404,-1546.0,-798.0,-1400.0,-600.0
-1544.0,-798.0,-109.208,8.1724e-07,88.3912,53.9726,91.6088,-126.027,-1544.0,-798.0,-1400.0,-600.0
-1542.0,-798.0,-109.166,8.13326e-07,88.4033,54.353,91.5967,-125.647,-1542.0,-798.0,-1400.0,-600.0
-1540.0,-798.0,-109.124,8.09449e-07,88.4156,54.737,91.5844,-125.263,-1540.0,-798.0,-1400.0,-600.0
-1538.0,-798.0,-109.083,8.05608e-07,88.4281,55.1247,91.5719,-124.875,-1538.0,-798.0,-1400.0,-600.0
-1536.0,-798.0,-109.041,8.01805e-07,88.4407,55.516,91.5593,-124.484,-1536.0,-798.0,-1400.0,-600.0
-1534.0,-798.0,-109.0,7.98039e-07,88.4536,55.9111,91.5464,-124.089,-1534.0,-798.0,-1400.0,-600.0
-1532.0,-798.0,-108.96,7.94312e-07,88.4667,56.3099,91.5333,-123.69,-1532.0,-798.0,-1400.0,-600.0
-1530.0,-798.0,-108.919,7.90623e-07,88.48,56.7125,91.52,-123.288,-1530.0,-798.0,-1400.0,-600.0
-1528.0,-798.0,-108.879,7.86974e-07,88.4934,57.1188,91.5066,-122.881,-1528.0,-798.0,-1400.0,-600.0
-1526.0,-798.0,-108.839,7.83365e-07,88.5071,57.5288,91.4929,-122.471,-1526.0,-798.0,-1400.0,-600.0
-1524.0,-798.0,-108.799,7.79796e-07,88.521,57.9426,91.479,-122.057,-1524.0,-798.0,-1400.0,-600.0
-1522.0,-798.0,-108.759,7.76269e-07,88.5351,58.3602,91.4649,-121.64,-1522.0,-798.0,-1400.0,-600.0
-1520.0,-798.0,-108.72,7.72783e-07,88.5493,58.7816,91.4507,-121.218,-1520.0,-798.0,-1400.0,-600.0
-1518.0,-798.0,-108.681,7.69339e-07,88.5638,59.2068,91.4362,-120.793,-1518.0,-798.0,-1400.0,-600.0
-1516.0,-798.0,-108.642,7.65938e-07,88.5785,59.6357,91.4215,-120.364,-1516.0,-798.0,-1400.0,-600.0
-1514.0,-798.0,-108.604,7.62581e-07,88.5934,60.0685,91.4066,-119.932,-1514.0,-798.0,-1400.0,-600.0
-1512.0,-798.0,-108.566,7.59273e-07,88.5894,60.505,91.4106,-119.495,-1512.0,-798.0,-1400.0,-600.0
-1510.0,-798.0,-108.529,7.56011e-07,88.5833,60.9454,91.4167,-119.055,-1510.0,-798.0,-1400.0,-600.0
-1508.0,-798.0,-108.492,7.52794e-07,88.5772,61.3895,91.4228,-118.61,-1508.0,-798.0,-1400.0,-600.0
-1506.0,-798.0,-108.455,7.49622e-07,88.5712,61.8375,91.4288,-118.163,-1506.0,-798.0,-1400.0,-600.0
-1504.0,-798.0,-108.418,7.46497e-07,88.5652,62.2892,91.4348,-117.711,-1504.0,-798.0,-1400.0,-600.0
-1502.0,-798.0,-108.382,7.43418e-07,88.5593,62.7447,91.4407,-117.255,-1502.0,-798.0,-1400.0,-600.0
-1500.0,-798.0,-108.347,7.40386e-07,88.5534,63.2039,91.4466,-116.796,-1500.0,-798.0,-1400.0,-600.0
-1498.0,-798.0,-108.312,7.37403e-07,88.5475,63.6669,91.4525,-116.333,-1498.0,-798.0,-1400.0,-600.0
-1496.0,-798.0,-108.277,7.34468e-07,88.5417,64.1336,91.4583,-115.866,-1496.0,-798.0,-1400.0,-600.0
-1494.0,-798.0,-108.242,7.31582e-07,88.536,64.6041,91.464,-115.396,-1494.0,-798.0,-1400.0,-600.0
-1492.0,-798.0,-108.209,7.28746e-07,88.5303,65.0782,91.4697,-114.922,-1492.0,-798.0,-1400.0,-600.0
-1490.0,-798.0,-108.175,7.2596e-07,88.5234,65.556,91.4766,-114.444,-1490.0,-798.0,-1400.0,-600.0
-1488.0,-798.0,-108.142,7.23233e-07,88.4955,66.0375,91.5045,-113.962,-1488.0,-798.0,-1400.0,-600.0
-1486.0,-798.0,-108.11,7.20557e-07,88.4675,66.5226,91.5325,-113.477,-1486.0,-798.0,-1400.0,-600.0
-1484.0,-798.0,-108.078,7.17933e-07,88.4394,67.0113,91.5606,-112.989,-1484.0,-798.0,-1400.0,-600.0
-1482.0,-798.0,-108.047,7.15361e-07,88.4112,67.5035,91.5888,-112.496,-1482.0,-798.0,-1400.0,-600.0
-1480.0,-798.0,-108.016,7.12844e-07,88.383,67.9993,91.617,-112.001,-1480.0,-798.0,-1400.0,-600.0
-1478.0,-798.0,-107.986,7.1038e-07,88.3546,68.4986,91.6454,-111.501,-1478.0,-798.0,-1400.0,-600.0
-1476.0,-798.0,-107.957,7.0797e-07,88.3262,69.0013,91.6738,-110.999,-1476.0,-798.0,-1400.0,-600.0
-1474.0,-798.0,-107.928,7.05615e-07,88.2978,69.5074,91.7022,-110.493,-1474.0,-798.0,-1400.0,-600.0
-1472.0,-798.0,-107.899,7.03316e-07,88.2692,70.0169,91.7308,-109.983,-1472.0,-798.0,-1400.0,-600.0
-1470.0,-798.0,-107.871,7.01073e-07,88.2407,70.5297,91.7593,-109.47,-1470.0,-798.0,-1400.0,-600.0
-1468.0,-798.0,-107.844,6.98887e-07,88.2121,71.0458,91.7879,-108.954,-1468.0,-798.0,-1400.0,-600.0
-1466.0,-798.0,-107.817,6.96752e-07,88.1995,71.5651,91.8005,-108.435,-1466.0,-798.0,-1400.0,-600.0
-1464.0,-798.0,-107.791,6.9468e-07,88.1709,72.0875,91.8291,-107.913,-1464.0,-798.0,-1400.0,-600.0
-1462.0,-798.0,-107.766,6.92667e-07,88.1423,72.613,91.8577,-107.387,-1462.0,-798.0,-1400.0,-600.0
-1460.0,-798.0,-107.741,6.90713e-07,88.1136,73.1416,91.8864,-106.858,-1460.0,-798.0,-1400.0,-600.0
-1458.0,-798.0,-107.718,6.88817e-07,88.085,73.6731,91.915,-106.327,-1458.0,-798.0,-1400.0,-600.0
-1456.0,-798.0,-107.694,6.86982e-07,88.0564,74.2076,91.9436,-105.792,-1456.0,-798.0,-1400.0,-600.0
-1454.0,-798.0,-107.672,6.85206e-07,88.0278,74.7449,91.9722,-105.255,-1454.0,-798.0,-1400.0,-600.0
-1452.0,-798.0,-107.65,6.83491e-07,87.9992,75.2849,92.0008,-104.715,-1452.0,-798.0,-1400.0,-600.0
-1450.0,-798.0,-107.629,6.81838e-07,87.9707,75.8277,92.0293,-104.172,-1450.0,-798.0,-1400.0,-600.0
-1448.0,-798.0,-116.94,6.80247e-07,87.9422,76.4078,92.0578,-103.963,-1404.61,-618.561,-1404.61,-618.561
-1446.0,-798.0,-121.539,6.78724e-07,87.9138,77.0127,92.0862,-103.963,-1404.61,-618.561,-1404.61,-618.561
-1444.0,-798.0,-121.869,1.33849e-06,88.9302,82.8212,91.0698,86.1847,-1397.83,-567.392,-1406.46,-499.954
-1442.0,-798.0,-122.295,1.33768e-06,88.9131,83.1048,91.0869,86.4684,-1397.88,-565.632,-1405.96,-499.953
-1440.0,-798.0,-122.715,1.33691e-06,88.8883,83.3888,91.1117,86.7523,-1397.94,-563.67,-1405.46,-499.953
-1438.0,-798.0,-124.11,1.3346e-06,88.8622,84.5767,91.1378,95.5406,-1409.7,-499.957,-1409.7,-499.957
-1436.0,-798.0,-123.864,1.43813e-06,88.9217,86.8907,91.0783,99.3319,-1418.97,-484.543,-1418.97,-484.543
-1434.0,-798.0,-124.218,1.4378e-06,88.899,87.1563,91.101,99.0663,-1418.43,-484.513,-1418.43,-484.513
-1432.0,-798.0,-124.537,1.43749e-06,88.8763,87.422,91.1237,98.8005,-1417.88,-484.483,-1417.88,-484.483
-1430.0,-798.0,-124.801,1.33239e-06,88.7634,85.7198,91.2366,94.3975,-1407.69,-499.955,-1407.69,-499.955
-1428.0,-798.0,-124.842,1.33192e-06,88.7387,86.0062,91.2613,94.1111,-1407.19,-499.954,-1407.19,-499.954
-1426.0,-798.0,-124.842,1.33149e-06,88.7141,86.2927,91.2859,93.8246,-1406.69,-499.954,-1406.69,-499.954
-1424.0,-798.0,-124.809,1.33109e-06,88.6894,86.5794,91.3106,93.5379,-1406.19,-499.953,-1406.19,-499.953
-1422.0,-798.0,-124.751,1.33072e-06,88.6648,86.8663,91.3352,93.251,-1405.68,-499.953,-1405.68,-499.953
-1420.0,-798.0,-124.677,1.33038e-06,88.6402,87.1534,91.3598,92.9639,-1405.18,-499.952,-1405.18,-499.952
-1418.0,-798.0,-124.591,1.33007e-06,88.6282,87.4406,91.3718,92.6767,-1404.68,-499.952,-1404.68,-499.952
-1416.0,-798.0,-124.499,1.32979e-06,88.6279,87.7279,91.3721,92.3894,-1404.17,-499.951,-1404.17,-499.951
-1414.0,-798.0,-124.408,1.32955e-06,88.6277,88.0154,91.3723,92.1019,-1403.67,-499.951,-1403.67,-499.951
-1412.0,-798.0,-124.321,1.32933e-06,88.6274,88.3029,91.3726,91.8144,-1403.17,-499.95,-1403.17,-499.95
-1410.0,-798.0,-124.243,1.32915e-06,88.6273,88.5906,91.3727,91.5267,-1402.67,-499.95,-1402.67,-499.95
-1408.0,-798.0,-146.063,1.43966e-06,88.7327,94.6176,91.2673,99.5595,-1419.44,-484.568,-1425.26,-584.337
-1406.0,-798.0,-142.587,1.44023e-06,88.7332,95.15,91.2668,99.5595,-1419.44,-484.568,-1425.26,-584.337
-1404.0,-798.0,-136.255,1.44086e-06,88.7337,95.6816,91.2663,99.5595,-1419.44,-484.568,-1425.26,-584.337
-1402.0,-798.0,-133.808,1.44155e-06,88.7343,96.2121,91.2657,99.5595,-1419.44,-484.568,-1425.26,-584.337
-1400.0,-798.0,-129.273,1.44228e-06,88.7349,96.3862,91.2651,99.908,-1420.16,-484.607,-1425.61,-569.149
-1398.0,-798.0,-139.57,1.36452e-06,88.6628,38.8526,91.3372,-35.9954,-1376.1,-617.359,-1239.87,-670.62
-1396.0,-798.0,-142.195,1.35933e-06,88.6534,39.0685,91.3466,-35.9954,-1376.1,-617.359,-1239.87,-671.258
-1394.0,-798.0,-144.937,1.35416e-06,88.6444,39.2864,91.3556,-35.9954,-1376.1,-617.359,-1239.87,-671.906
-1392.0,-798.0,-139.175,1.44998e-06,88.734,98.6679,91.266,82.1554,-1396.76,-576.497,-1425.38,-579.029
-1390.0,-798.0,-141.505,1.451e-06,88.7349,99.0081,91.2651,82.1554,-1396.76,-576.497,-1425.5,-574.079
-1388.0,-798.0,-143.235,1.45207e-06,88.7358,99.3477,91.2642,82.1554,-1396.76,-576.497,-1425.6,-569.557
-1386.0,-798.0,-162.325,1.26518e-06,86.8382,35.8122,63.8734,29.9508,-1382.24,-589.766,-1239.87,-692.562
-1384.0,-798.0,-162.193,1.25979e-06,86.8245,35.9901,63.7604,30.1043,-1382.36,-589.77,-1239.87,-693.323
-1382.0,-798.0,-162.033,1.2544e-06,86.8108,36.1695,63.6467,30.2594,-1382.47,-589.774,-1239.87,-694.094
-1380.0,-798.0,-161.857,1.24903e-06,86.7971,36.3504,63.5321,30.4161,-1382.59,-589.777,-1239.87,-694.876
-1378.0,-798.0,-161.674,1.24367e-06,86.7832,36.5329,63.4167,30.5745,-1382.7,-589.781,-1239.87,-695.668
-1376.0,-798.0,-161.495,1.23832e-06,86.7692,36.717,63.3005,30.7345,-1382.82,-589.784,-1239.87,-696.471
-1374.0,-798.0,-161.33,1.23299e-06,86.7552,36.9027,63.1834,30.8963,-1382.93,-589.788,-1239.87,-697.284
-1372.0,-798.0,-161.187,1.22766e-06,86.741,37.0901,63.0656,31.0599,-1383.05,-589.791,-1239.87,-698.109
-1370.0,-798.0,-161.07,1.22235e-06,86.7288,37.279,62.9469,31.2251,-1383.17,-589.795,-1239.87,-698.945
-1368.0,-798.0,-160.733,1.3338e-06,87.2844,43.5899,82.8566,44.8815,-1389.96,-590.003,-1239.87,-676.026
-1366.0,-798.0,-159.385,1.32897e-06,87.2886,43.7886,82.8312,45.0794,-1390.03,-590.005,-1239.87,-677.093
-1364.0,-798.0,-158.304,1.32415e-06,87.2929,43.9887,82.8057,45.2788,-1390.1,-590.007,-1239.87,-678.176
-1362.0,-798.0,-157.454,1.31935e-06,87.2972,44.1903,82.78,45.4797,-1390.18,-590.009,-1239.87,-679.274
-1360.0,-798.0,-156.796,1.31457e-06,87.3015,44.3933,82.7543,45.6821,-1390.25,-590.011,-1239.87,-680.387
-1358.0,-798.0,-156.298,1.3098e-06,87.306,44.5979,82.7285,45.886,-1390.32,-590.014,-1239.87,-681.516
-1356.0,-798.0,-155.935,1.30505e-06,87.3105,44.8039,82.7026,46.0914,-1390.39,-590.016,-1239.87,-682.662
-1354.0,-798.0,-155.69,1.30031e-06,87.315,45.0114,82.6765,46.2983,-1390.46,-590.018,-1239.87,-683.825
-1352.0,-798.0,-155.553,1.2956e-06,87.3197,45.2205,82.6504,46.5067,-1390.53,-590.02,-1239.87,-685.004
-1350.0,-798.0,-169.993,1.16221e-06,88.5613,45.4679,91.4387,-9.41385,-1309.77,-614.96,-1239.87,-686.057
-1348.0,-798.0,-170.152,1.15754e-06,88.5695,45.7878,91.4305,-9.41385,-1309.77,-614.96,-1239.87,-686.855
-1346.0,-798.0,-170.467,1.1529e-06,88.5681,46.1113,91.4319,-9.41385,-1309.77,-614.96,-1239.87,-687.672
-1344.0,-798.0,-171.047,1.14828e-06,88.5764,46.4383,91.4236,-9.41385,-1309.77,-614.96,-1239.87,-688.508
-1342.0,-798.0,-171.179,1.57303e-06,88.9711,-174.387,91.0289,-124.21,-1548.4,-818.284,-1548.4,-818.284
-1340.0,-798.0,-171.243,1.57966e-06,88.9857,-174.441,91.0143,-124.21,-1548.4,-818.284,-1548.4,-818.284
-1338.0,-798.0,-171.306,1.5863e-06,89.0001,-174.493,90.9999,-124.21,-1548.4,-818.284,-1548.4,-818.284
-1336.0,-798.0,-171.368,1.59293e-06,89.0144,-174.545,90.9856,-124.21,-1548.4,-818.284,-1548.4,-818.284
-1334.0,-798.0,-171.429,1.59957e-06,89.0286,-174.595,90.9714,-124.21,-1548.4,-818.284,-1548.4,-818.284
-1332.0,-798.0,-171.489,1.60621e-06,89.0427,-174.645,90.9573,-124.21,-1548.4,-818.284,-1548.4,-818.284
-1330.0,-798.0,-154.265,1.41907e-06,85.3801,39.179,88.6318,-33.6749,-1374.07,-617.274,-1195.98,-688.775
-1328.0,-798.0,-154.185,1.4139e-06,85.3511,39.3519,88.6349,-33.8451,-1374.23,-617.28,-1195.95,-689.717
-1326.0,-798.0,-154.167,1.40874e-06,85.3212,39.5261,88.6381,-34.0166,-1374.39,-617.287,-1195.92,-690.669
-1324.0,-798.0,-154.232,1.4036e-06,85.2788,39.7021,88.6412,-34.189,-1374.54,-617.293,-1195.89,-691.632
-1322.0,-798.0,-154.484,1.39854e-06,85.1595,39.8826,88.6444,-34.3606,-1374.7,-617.3,-1195.86,-692.595
-1320.0,-798.0,-154.823,1.39349e-06,85.0369,40.0647,88.6476,-34.5335,-1374.85,-617.306,-1195.83,-693.569
-1318.0,-798.0,-155.264,1.38846e-06,84.9109,40.2485,88.6508,-34.7075,-1375.0,-617.313,-1195.8,-694.554
-1316.0,-798.0,-155.827,1.38344e-06,84.7814,40.4341,88.6541,-34.8826,-1375.16,-617.319,-1195.77,-695.551
-1314.0,-798.0,-156.537,1.37845e-06,84.6482,40.6215,88.6574,-35.0589,-1375.31,-617.326,-1195.74,-696.559
-1312.0,-798.0,-157.414,1.37346e-06,84.5112,40.8108,88.6607,-35.2364,-1375.46,-617.332,-1195.71,-697.579
-1310.0,-798.0,-158.457,1.3685e-06,84.3701,41.002,88.6641,-35.415,-1375.62,-617.339,-1195.67,-698.61
-1308.0,-798.0,-159.594,1.36355e-06,84.2247,41.1952,88.6675,-35.5948,-1375.77,-617.345,-1195.64,-699.654
-1306.0,-798.0,-160.607,1.35862e-06,84.0749,41.3904,88.6709,-35.7758,-1375.92,-617.351,-1195.61,-700.71
-1304.0,-798.0,-167.098,1.60133e-06,88.8744,63.8189,91.1256,-43.396,-1381.4,-617.583,-1239.87,-667.557
-1302.0,-798.0,-168.078,1.59841e-06,88.8522,64.0667,91.1478,-43.396,-1381.4,-617.583,-1239.87,-670.233
-1300.0,-798.0,-169.326,1.5955e-06,88.8495,64.3156,91.1505,-43.396,-1381.4,-617.583,-1239.87,-672.969
-1298.0,-798.0,-170.824,1.59262e-06,88.8475,64.5655,91.1525,-43.396,-1381.4,-617.583,-1239.87,-675.766
-1296.0,-798.0,-167.025,2.51709e-06,86.4762,-29.9246,88.617,-27.9836,-1367.97,-617.017,-1174.45,-867.961
-1294.0,-798.0,-167.309,2.51132e-06,86.4532,-30.0013,88.6182,-28.0591,-1368.07,-617.02,-1173.0,-867.865
-1292.0,-798.0,-167.558,2.50555e-06,86.4299,-30.0784,88.6194,-28.135,-1368.16,-617.024,-1171.54,-867.769
-1290.0,-798.0,-171.832,1.34722e-06,88.6375,96.6024,91.3625,15.8832,-1361.84,-589.142,-1309.31,-631.135
-1288.0,-798.0,-171.783,1.34802e-06,88.6383,97.2791,91.3617,15.8832,-1361.84,-589.142,-1309.31,-631.135
-1286.0,-798.0,-171.307,1.5803e-06,88.8385,67.1039,91.1615,-43.3117,-1381.35,-617.58,-1239.87,-688.777
-1284.0,-798.0,-169.963,1.57772e-06,88.8366,67.3753,91.1634,-43.3117,-1381.35,-617.58,-1239.87,-692.117
-1282.0,-798.0,-168.67,1.57517e-06,88.8347,67.6477,91.1653,-43.3117,-1381.35,-617.58,-1239.87,-695.548
-1280.0,-798.0,-167.543,1.57264e-06,88.8328,67.9212,91.1672,-43.3117,-1381.35,-617.58,-1239.87,-699.074
-1278.0,-798.0,-166.603,1.57015e-06,88.831,68.1957,91.169,-43.3117,-1381.35,-617.58,-1239.87,-702.697
-1276.0,-798.0,-165.833,1.56769e-06,88.8291,68.4713,91.1709,-43.3117,-1381.35,-617.58,-1239.87,-706.423
-1274.0,-798.0,-170.931,1.35582e-06,88.6552,101.949,91.3448,15.8832,-1361.84,-589.142,-1309.31,-631.135
-1272.0,-798.0,-170.825,1.35724e-06,88.6685,102.605,91.3315,15.8832,-1361.84,-589.142,-1309.31,-631.135
-1270.0,-798.0,-170.739,1.35872e-06,88.6818,103.257,91.3182,15.8832,-1361.84,-589.142,-1309.31,-631.135
-1268.0,-798.0,-170.674,1.36028e-06,88.6952,103.906,91.3048,15.8832,-1361.84,-589.142,-1309.31,-631.135
-1266.0,-798.0,-170.628,1.36192e-06,88.7086,104.551,91.2914,15.8832,-1361.84,-589.142,-1309.31,-631.135
-1264.0,-798.0,-170.6,1.36362e-06,88.7221,105.193,91.2779,15.8832,-1361.84,-589.142,-1309.31,-631.135
-1262.0,-798.0,-170.589,1.3654e-06,88.7356,105.83,91.2644,15.8832,-1361.84,-589.142,-1309.31,-631.135
-1260.0,-798.0,-170.594,1.36725e-06,88.7491,106.464,91.2509,15.8832,-1361.84,-589.142,-1309.31,-631.135
-1258.0,-798.0,-170.615,1.36917e-06,88.7627,107.094,91.2373,15.8832,-1361.84,-589.142,-1309.31,-631.135
-1256.0,-798.0,-170.652,1.37116e-06,88.7762,107.719,91.2238,15.8832,-1361.84,-589.142,-1309.31,-631.135
-1254.0,-798.0,-170.705,1.37322e-06,88.7898,108.34,91.2102,15.8832,-1361.84,-589.142,-1309.31,-631.135
-1252.0,-798.0,-170.777,1.37535e-06,88.8034,108.956,91.1966,15.8832,-1361.84,-589.142,-1309.31,-631.135
-1250.0,-798.0,-169.411,1.53703e-06,88.9302,73.5995,91.0698,-43.396,-1381.4,-617.583,-1237.63,-755.965
-1248.0,-798.0,-163.204,1.54141e-06,88.9333,75.1195,91.0667,-43.3117,-1381.35,-617.58,-1237.54,-758.637
-1246.0,-798.0,-163.222,1.53972e-06,88.9321,75.4127,91.0679,-43.3117,-1381.35,-617.58,-1237.34,-764.729
-1244.0,-798.0,-163.267,1.53805e-06,88.9309,75.7067,91.0691,-43.3117,-1381.35,-617.58,-1237.13,-771.053
-1242.0,-798.0,-171.579,1.38701e-06,88.8145,111.969,91.1855,15.8832,-1361.84,-589.142,-1309.31,-631.135
-1240.0,-798.0,-162.821,1.52835e-06,88.9241,106.345,91.0759,-43.3117,-1381.35,-617.58,-1325.57,-506.229
-1238.0,-798.0,-162.753,1.53024e-06,88.9255,106.638,91.0745,-43.3117,-1381.35,-617.58,-1325.19,-506.222
-1236.0,-798.0,-162.697,1.53217e-06,88.9268,106.931,91.0732,-43.3117,-1381.35,-617.58,-1324.82,-506.214
-1234.0,-798.0,-162.652,1.53413e-06,88.9282,107.222,91.0718,-43.3117,-1381.35,-617.58,-1324.45,-506.207
-1232.0,-798.0,-162.62,1.53612e-06,88.9296,107.513,91.0704,-43.3117,-1381.35,-617.58,-1324.08,-506.199
-1230.0,-798.0,-165.246,1.62089e-06,88.9856,-103.03,91.0144,-43.3117,-1381.35,-617.58,-1233.0,-810.969
-1228.0,-798.0,-171.185,1.40601e-06,88.8219,115.98,91.1781,15.8832,-1361.84,-589.142,-1309.31,-631.135
-1226.0,-798.0,-173.99,2.09024e-06,89.1999,155.429,90.8001,-124.21,-1548.4,-818.284,-1384.08,-725.724
-1224.0,-798.0,-174.064,1.96552e-06,89.1409,-176.422,90.8591,-124.21,-1548.4,-818.284,-1548.4,-818.284
-1222.0,-798.0,-174.104,1.97219e-06,89.1356,-176.444,90.8644,-124.21,-1548.4,-818.284,-1548.4,-818.284
-1220.0,-798.0,-174.143,1.97885e-06,89.1304,-176.466,90.8696,-124.21,-1548.4,-818.284,-1548.4,-818.284
-1218.0,-798.0,-174.183,1.98551e-06,89.1251,-176.487,90.8749,-124.21,-1548.4,-818.284,-1548.4,-818.284
-1216.0,-798.0,-174.222,1.99218e-06,89.12,-176.508,90.88,-124.21,-1548.4,-818.284,-1548.4,-818.284
-1214.0,-798.0,0.0,0.0,0.0,0.0,0.0,0.0,0.0,0.0,0.0,0.0
-1212.0,-798.0,0.0,0.0,0.0,0.0,0.0,0.0,0.0,0.0,0.0,0.0
-1210.0,-798.0,0.0,0.0,0.0,0.0,0.0,0.0,0.0,0.0,0.0,0.0
-1208.0,-798.0,0.0,0.0,0.0,0.0,0.0,0.0,0.0,0.0,0.0,0.0
-1206.0,-798.0,0.0,0.0,0.0,0.0,0.0,0.0,0.0,0.0,0.0,0.0
-1204.0,-798.0,0.0,0.0,0.0,0.0,0.0,0.0,0.0,0.0,0.0,0.0
-1202.0,-798.0,0.0,0.0,0.0,0.0,0.0,0.0,0.0,0.0,0.0,0.0
-1600.0,-796.0,-110.38,9.34812e-07,88.2516,44.4213,91.7484,-135.579,-1600.0,-796.0,-1400.0,-600.0
-1598.0,-796.0,-110.336,9.3006e-07,88.2426,44.7092,91.7574,-135.291,-1598.0,-796.0,-1400.0,-600.0
-1596.0,-796.0,-110.291,9.25331e-07,88.2336,45.0,91.7664,-135.0,-1596.0,-796.0,-1400.0,-600.0
-1594.0,-796.0,-110.247,9.20627e-07,88.2246,45.2938,91.7754,-134.706,-1594.0,-796.0,-1400.0,-600.0
-1592.0,-796.0,-110.202,9.15947e-07,88.2155,45.5907,91.7845,-134.409,-1592.0,-796.0,-1400.0,-600.0
-1590.0,-796.0,-110.158,9.11292e-07,88.2064,45.8905,91.7936,-134.109,-1590.0,-796.0,-1400.0,-600.0
-1588.0,-796.0,-110.113,9.06662e-07,88.1972,46.1935,91.8028,-133.807,-1588.0,-796.0,-1400.0,-600.0
-1586.0,-796.0,-110.069,9.02057e-07,88.188,46.4995,91.812,-133.5,-1586.0,-796.0,-1400.0,-600.0
-1584.0,-796.0,-110.024,8.97474e-07,88.1879,46.8087,91.8121,-133.191,-1584.0,-796.0,-1400.0,-600.0
-1582.0,-796.0,-109.98,8.92913e-07,88.1967,47.1211,91.8033,-132.879,-1582.0,-796.0,-1400.0,-600.0
-1580.0,-796.0,-109.936,8.88379e-07,88.2056,47.4366,91.7944,-132.563,-1580.0,-796.0,-1400.0,-600.0
-1578.0,-796.0,-109.891,8.83873e-07,88.2148,47.7554,91.7852,-132.245,-1578.0,-796.0,-1400.0,-600.0
-1576.0,-796.0,-109.847,8.79393e-07,88.224,48.0775,91.776,-131.923,-1576.0,-796.0,-1400.0,-600.0
-1574.0,-796.0,-109.803,8.74942e-07,88.2334,48.4028,91.7666,-131.597,-1574.0,-796.0,-1400.0,-600.0
-1572.0,-796.0,-109.758,8.70519e-07,88.243,48.7314,91.757,-131.269,-1572.0,-796.0,-1400.0,-600.0
-1570.0,-796.0,-109.714,8.66126e-07,88.2527,49.0634,91.7473,-130.937,-1570.0,-796.0,-1400.0,-600.0
-1568.0,-796.0,-109.67,8.61761e-07,88.2626,49.3987,91.7374,-130.601,-1568.0,-796.0,-1400.0,-600.0
-1566.0,-796.0,-109.626,8.57427e-07,88.2727,49.7374,91.7273,-130.263,-1566.0,-796.0,-1400.0,-600.0
-1564.0,-796.0,-109.582,8.53122e-07,88.2829,50.0796,91.7171,-129.92,-1564.0,-796.0,-1400.0,-600.0
-1562.0,-796.0,-109.539,8.48849e-07,88.2932,50.4252,91.7068,-129.575,-1562.0,-796.0,-1400.0,-600.0
-1560.0,-796.0,-109.495,8.44606e-07,88.3038,50.7743,91.6962,-129.226,-1560.0,-796.0,-1400.0,-600.0
-1558.0,-796.0,-109.451,8.40396e-07,88.3145,51.1269,91.6855,-128.873,-1558.0,-796.0,-1400.0,-600.0
-1556.0,-796.0,-109.408,8.36217e-07,88.3254,51.4831,91.6746,-128.517,-1556.0,-796.0,-1400.0,-600.0
-1554.0,-796.0,-109.365,8.32071e-07,88.3364,51.8428,91.6636,-128.157,-1554.0,-796.0,-1400.0,-600.0
-1552.0,-796.0,-109.321,8.27958e-07,88.3477,52.2061,91.6523,-127.794,-1552.0,-796.0,-1400.0,-600.0
-1550.0,-796.0,-109.278,8.23879e-07,88.3591,52.5729,91.6409,-127.427,-1550.0,-796.0,-1400.0,-600.0
-1548.0,-796.0,-109.235,8.19834e-07,88.3707,52.9435,91.6293,-127.057,-1548.0,-796.0,-1400.0,-600.0
-1546.0,-796.0,-109.193,8.15824e-07,88.3825,53.3176,91.6175,-126.682,-1546.0,-796.0,-1400.0,-600.0
-1544.0,-796.0,-109.15,8.11849e-07,88.3944,53.6955,91.6056,-126.304,-1544.0,-796.0,-1400.0,-600.0
-1542.0,-796.0,-109.108,8.07909e-07,88.4066,54.0771,91.5934,-125.923,-1542.0,-796.0,-1400.0,-600.0
-1540.0,-796.0,-109.065,8.04006e-07,88.4189,54.4623,91.5811,-125.538,-1540.0,-796.0,-1400.0,-600.0
-1538.0,-796.0,-109.023,8.00139e-07,88.4315,54.8513,91.5685,-125.149,-1538.0,-796.0,-1400.0,-600.0
-1536.0,-796.0,-108.981,7.9631e-07,88.4415,55.2441,91.5585,-124.756,-1536.0,-796.0,-1400.0,-600.0
-1534.0,-796.0,-108.94,7.92519e-07,88.4544,55.6406,91.5456,-124.359,-1534.0,-796.0,-1400.0,-600.0
-1532.0,-796.0,-108.898,7.88765e-07,88.4675,56.0409,91.5325,-123.959,-1532.0,-796.0,-1400.0,-600.0
-1530.0,-796.0,-108.857,7.85051e-07,88.4808,56.4451,91.5192,-123.555,-1530.0,-796.0,-1400.0,-600.0
-1528.0,-796.0,-108.816,7.81376e-07,88.4943,56.853,91.5057,-123.147,-1528.0,-796.0,-1400.0,-600.0
-1526.0,-796.0,-108.776,7.77741e-07,88.5081,57.2648,91.4919,-122.735,-1526.0,-796.0,-1400.0,-600.0
-1524.0,-796.0,-108.735,7.74146e-07,88.522,57.6804,91.478,-122.32,-1524.0,-796.0,-1400.0,-600.0
-1522.0,-796.0,-108.695,7.70593e-07,88.5361,58.0998,91.4639,-121.9,-1522.0,-796.0,-1400.0,-600.0
-1520.0,-796.0,-108.655,7.67082e-07,88.5504,58.5232,91.4496,-121.477,-1520.0,-796.0,-1400.0,-600.0
-1518.0,-796.0,-108.616,7.63612e-07,88.565,58.9503,91.435,-121.05,-1518.0,-796.0,-1400.0,-600.0
-1516.0,-796.0,-108.577,7.60186e-07,88.5798,59.3814,91.4202,-120.619,-1516.0,-796.0,-1400.0,-600.0
-1514.0,-796.0,-108.538,7.56803e-07,88.5947,59.8163,91.4053,-120.184,-1514.0,-796.0,-1400.0,-600.0
-1512.0,-796.0,-108.499,7.5347e-07,88.5906,60.2551,91.4094,-119.745,-1512.0,-796.0,-1400.0,-600.0
-1510.0,-796.0,-108.461,7.50182e-07,88.5844,60.6978,91.4156,-119.302,-1510.0,-796.0,-1400.0,-600.0
-1508.0,-796.0,-108.424,7.4694e-07,88.5782,61.1443,91.4218,-118.856,-1508.0,-796.0,-1400.0,-600.0
-1506.0,-796.0,-108.386,7.43743e-07,88.5721,61.5948,91.4279,-118.405,-1506.0,-796.0,-1400.0,-600.0
-1504.0,-796.0,-108.349,7.40593e-07,88.566,62.049,91.434,-117.951,-1504.0,-796.0,-1400.0,-600.0
-1502.0,-796.0,-108.313,7.37489e-07,88.56,62.5072,91.44,-117.493,-1502.0,-796.0,-1400.0,-600.0
-1500.0,-796.0,-108.276,7.34434e-07,88.554,62.9691,91.446,-117.031,-1500.0,-796.0,-1400.0,-600.0
-1498.0,-796.0,-108.241,7.31426e-07,88.548,63.4349,91.452,-116.565,-1498.0,-796.0,-1400.0,-600.0
-1496.0,-796.0,-108.205,7.28467e-07,88.5421,63.9046,91.4579,-116.095,-1496.0,-796.0,-1400.0,-600.0
-1494.0,-796.0,-108.17,7.25557e-07,88.5363,64.378,91.4637,-115.622,-1494.0,-796.0,-1400.0,-600.0
-1492.0,-796.0,-108.136,7.22697e-07,88.5305,64.8552,91.4695,-115.145,-1492.0,-796.0,-1400.0,-600.0
-1490.0,-796.0,-108.102,7.19889e-07,88.5219,65.3362,91.4781,-114.664,-1490.0,-796.0,-1400.0,-600.0
-1488.0,-796.0,-108.069,7.17138e-07,88.4937,65.8209,91.5063,-114.179,-1488.0,-796.0,-1400.0,-600.0
-1486.0,-796.0,-108.036,7.14439e-07,88.4654,66.3093,91.5346,-113.691,-1486.0,-796.0,-1400.0,-600.0
-1484.0,-796.0,-108.003,7.11793e-07,88.437,66.8014,91.563,-113.199,-1484.0,-796.0,-1400.0,-600.0
-1482.0,-796.0,-107.972,7.09199e-07,88.4085,67.2972,91.5915,-112.703,-1482.0,-796.0,-1400.0,-600.0
-1480.0,-796.0,-107.94,7.06659e-07,88.3799,67.7965,91.6201,-112.203,-1480.0,-796.0,-1400.0,-600.0
-1478.0,-796.0,-107.91,7.04173e-07,88.3513,68.2995,91.6487,-111.701,-1478.0,-796.0,-1400.0,-600.0
-1476.0,-796.0,-107.88,7.01742e-07,88.3225,68.8059,91.6775,-111.194,-1476.0,-796.0,-1400.0,-600.0
-1474.0,-796.0,-107.85,6.99367e-07,88.2937,69.3159,91.7063,-110.684,-1474.0,-796.0,-1400.0,-600.0
-1472.0,-796.0,-107.821,6.97047e-07,88.2649,69.8293,91.7351,-110.171,-1472.0,-796.0,-1400.0,-600.0
-1470.0,-796.0,-107.793,6.94784e-07,88.236,70.3462,91.764,-109.654,-1470.0,-796.0,-1400.0,-600.0
-1468.0,-796.0,-107.765,6.92578e-07,88.207,70.8664,91.793,-109.134,-1468.0,-796.0,-1400.0,-600.0
-1466.0,-796.0,-107.738,6.90429e-07,88.1797,71.3898,91.8203,-108.61,-1466.0,-796.0,-1400.0,-600.0
-1464.0,-796.0,-107.711,6.88338e-07,88.1507,71.9166,91.8493,-108.083,-1464.0,-796.0,-1400.0,-600.0
-1462.0,-796.0,-107.686,6.86306e-07,88.1217,72.4465,91.8783,-107.554,-1462.0,-796.0,-1400.0,-600.0
-1460.0,-796.0,-107.661,6.84333e-07,88.0927,72.9795,91.9073,-107.021,-1460.0,-796.0,-1400.0,-600.0
-1458.0,-796.0,-107.636,6.8242e-07,88.0637,73.5155,91.9363,-106.484,-1458.0,-796.0,-1400.0,-600.0
-1456.0,-796.0,-107.613,6.80568e-07,88.0347,74.0546,91.9653,-105.945,-1456.0,-796.0,-1400.0,-600.0
-1454.0,-796.0,-107.59,6.78775e-07,88.0057,74.5966,91.9943,-105.403,-1454.0,-796.0,-1400.0,-600.0
-1452.0,-796.0,-107.567,6.77044e-07,87.9767,75.1414,92.0233,-104.859,-1452.0,-796.0,-1400.0,-600.0
-1450.0,-796.0,-107.546,6.75375e-07,87.9478,75.689,92.0522,-104.311,-1450.0,-796.0,-1400.0,-600.0
-1448.0,-796.0,-115.589,6.73768e-07,87.9189,76.2604,92.0811,-103.963,-1404.61,-618.561,-1404.61,-618.561
-1446.0,-796.0,-120.482,6.72229e-07,87.8901,76.8713,92.1099,-103.963,-1404.61,-618.561,-1404.61,-618.561
-1444.0,-796.0,-121.769,1.33187e-06,88.9231,82.7853,91.0769,86.1488,-1397.82,-567.602,-1406.52,-499.954
-1442.0,-796.0,-122.198,1.33106e-06,88.9068,83.0703,91.0932,86.4339,-1397.87,-565.856,-1406.02,-499.953
-1440.0,-796.0,-122.62,1.33028e-06,88.8819,83.3557,91.1181,86.7192,-1397.93,-563.911,-1405.51,-499.953
-1438.0,-796.0,-124.037,1.32796e-06,88.8556,84.5495,91.1444,95.5678,-1409.75,-499.957,-1409.75,-499.957
-1436.0,-796.0,-123.801,1.43147e-06,88.9158,86.8762,91.0842,99.3463,-1419.0,-484.544,-1419.0,-484.544
-1434.0,-796.0,-124.158,1.43113e-06,88.893,87.143,91.107,99.0795,-1418.46,-484.515,-1418.46,-484.515
-1432.0,-796.0,-124.481,1.43083e-06,88.8702,87.41,91.1298,98.8126,-1417.91,-484.485,-1417.91,-484.485
-1430.0,-796.0,-124.751,1.32574e-06,88.7563,85.6983,91.2437,94.419,-1407.73,-499.955,-1407.73,-499.955
-1428.0,-796.0,-124.796,1.32527e-06,88.7315,85.9861,91.2685,94.1312,-1407.23,-499.955,-1407.23,-499.955
-1426.0,-796.0,-124.799,1.32483e-06,88.7067,86.274,91.2933,93.8432,-1406.72,-499.954,-1406.72,-499.954
-1424.0,-796.0,-124.768,1.32443e-06,88.6819,86.5622,91.3181,93.5551,-1406.22,-499.953,-1406.22,-499.953
-1422.0,-796.0,-124.712,1.32406e-06,88.6572,86.8506,91.3428,93.2667,-1405.71,-499.953,-1405.71,-499.953
-1420.0,-796.0,-124.638,1.32372e-06,88.6324,87.1391,91.3676,92.9782,-1405.21,-499.952,-1405.21,-499.952
-1418.0,-796.0,-124.552,1.32341e-06,88.6213,87.4277,91.3787,92.6896,-1404.7,-499.952,-1404.7,-499.952
-1416.0,-796.0,-124.46,1.32313e-06,88.621,87.7165,91.379,92.4008,-1404.19,-499.951,-1404.19,-499.951
-1414.0,-796.0,-124.368,1.32288e-06,88.6208,88.0054,91.3792,92.1119,-1403.69,-499.951,-1403.69,-499.951
-1412.0,-796.0,-124.281,1.32266e-06,88.6205,88.2944,91.3795,91.8229,-1403.18,-499.95,-1403.18,-499.95
-1410.0,-796.0,-124.203,1.32248e-06,88.6203,88.5834,91.3797,91.5339,-1402.68,-499.95,-1402.68,-499.95
-1408.0,-796.0,-145.778,1.43301e-06,88.7268,94.661,91.2732,99.5595,-1419.44,-484.568,-1425.26,-584.337
-1406.0,-796.0,-142.1,1.43358e-06,88.7273,95.1984,91.2727,99.5595,-1419.44,-484.568,-1425.26,-584.337
-1404.0,-796.0,-135.297,1.43422e-06,88.7278,95.7349,91.2722,99.5595,-1419.44,-484.568,-1425.26,-584.337
-1402.0,-796.0,-134.911,1.43492e-06,88.7285,96.2704,91.2715,99.5595,-1419.44,-484.568,-1425.26,-584.337
-1400.0,-796.0,-130.005,1.43565e-06,88.7291,96.4269,91.2709,99.908,-1420.16,-484.607,-1425.63,-568.47
-1398.0,-796.0,-136.211,1.36035e-06,88.6587,38.5848,91.3413,-35.9954,-1376.1,-617.359,-1239.87,-669.833
-1396.0,-796.0,-138.864,1.35514e-06,88.6536,38.8003,91.3464,-35.9954,-1376.1,-617.359,-1239.87,-670.466
-1394.0,-796.0,-136.372,1.44239e-06,88.735,98.3773,91.265,82.1554,-1396.76,-576.497,-1425.27,-583.633
-1392.0,-796.0,-139.533,1.44338e-06,88.7359,98.7201,91.2641,82.1554,-1396.76,-576.497,-1425.4,-578.239
-1390.0,-796.0,-141.768,1.44441e-06,88.7368,99.0623,91.2632,82.1554,-1396.76,-576.497,-1425.52,-573.331
-1388.0,-796.0,-158.384,8.16903e-07,87.7661,99.983,92.2339,148.195,-1425.26,-584.337,-1425.26,-584.337
-1386.0,-796.0,-162.372,1.26128e-06,86.836,35.5659,64.0291,29.7401,-1382.08,-589.762,-1239.87,-691.514
-1384.0,-796.0,-162.29,1.25587e-06,86.8223,35.7433,63.9163,29.8927,-1382.2,-589.765,-1239.87,-692.268
-1382.0,-796.0,-162.17,1.25047e-06,86.8085,35.9222,63.8026,30.047,-1382.31,-589.769,-1239.87,-693.032
-1380.0,-796.0,-162.018,1.24508e-06,86.7946,36.1026,63.6881,30.2028,-1382.43,-589.772,-1239.87,-693.807
-1378.0,-796.0,-161.845,1.2397e-06,86.7806,36.2846,63.5728,30.3604,-1382.55,-589.776,-1239.87,-694.592
-1376.0,-796.0,-161.661,1.23434e-06,86.7666,36.4682,63.4566,30.5196,-1382.66,-589.779,-1239.87,-695.387
-1374.0,-796.0,-161.479,1.22899e-06,86.7524,36.6535,63.3396,30.6806,-1382.78,-589.783,-1239.87,-696.194
-1372.0,-796.0,-161.307,1.22365e-06,86.7382,36.8403,63.2218,30.8432,-1382.9,-589.787,-1239.87,-697.011
-1370.0,-796.0,-161.151,1.21831e-06,86.7366,37.0288,63.1037,31.007,-1383.01,-589.79,-1239.87,-697.839
-1368.0,-796.0,-161.021,1.21298e-06,86.7364,37.219,62.9847,31.1724,-1383.13,-589.794,-1239.87,-698.679
-1366.0,-796.0,-160.734,1.32435e-06,87.2966,43.5799,82.858,44.871,-1389.96,-590.003,-1239.87,-675.971
-1364.0,-796.0,-159.362,1.31951e-06,87.3009,43.78,82.8324,45.0703,-1390.03,-590.005,-1239.87,-677.046
-1362.0,-796.0,-158.262,1.3147e-06,87.3052,43.9815,82.8067,45.2711,-1390.1,-590.007,-1239.87,-678.136
-1360.0,-796.0,-157.398,1.30989e-06,87.3096,44.1845,82.7809,45.4734,-1390.17,-590.009,-1239.87,-679.241
-1358.0,-796.0,-156.731,1.30511e-06,87.314,44.389,82.7549,45.6772,-1390.24,-590.011,-1239.87,-680.363
-1356.0,-796.0,-156.226,1.30034e-06,87.3186,44.595,82.7289,45.8825,-1390.32,-590.014,-1239.87,-681.5
-1354.0,-796.0,-155.859,1.29559e-06,87.3232,44.8026,82.7028,46.0894,-1390.39,-590.016,-1239.87,-682.654
-1352.0,-796.0,-155.612,1.29085e-06,87.3278,45.0116,82.6766,46.2978,-1390.46,-590.018,-1239.87,-683.825
-1350.0,-796.0,-155.474,1.28614e-06,87.3326,45.2222,82.6503,46.5078,-1390.53,-590.02,-1239.87,-685.013
-1348.0,-796.0,-169.911,1.15276e-06,88.5839,45.4731,91.4161,-9.41385,-1309.77,-614.96,-1239.87,-686.07
-1346.0,-796.0,-170.074,1.14808e-06,88.5922,45.7967,91.4078,-9.41385,-1309.77,-614.96,-1239.87,-686.878
-1344.0,-796.0,-170.4,1.14344e-06,88.6006,46.1238,91.3994,-9.41385,-1309.77,-614.96,-1239.87,-687.704
-1342.0,-796.0,-170.999,1.13882e-06,88.6091,46.4545,91.3909,-9.41385,-1309.77,-614.96,-1239.87,-688.549
-1340.0,-796.0,-171.2,1.58033e-06,89.0079,-173.897,90.9921,-124.21,-1548.4,-818.284,-1548.4,-818.284
-1338.0,-796.0,-171.267,1.58696e-06,89.0223,-173.954,90.9777,-124.21,-1548.4,-818.284,-1548.4,-818.284
-1336.0,-796.0,-171.333,1.59359e-06,89.0365,-174.011,90.9635,-124.21,-1548.4,-818.284,-1548.4,-818.284
-1334.0,-796.0,-171.398,1.60022e-06,89.0505,-174.066,90.9495,-124.21,-1548.4,-818.284,-1548.4,-818.284
-1332.0,-796.0,-171.462,1.60685e-06,89.0645,-174.121,90.9355,-124.21,-1548.4,-818.284,-1548.4,-818.284
-1330.0,-796.0,-171.525,1.61349e-06,89.0784,-174.174,90.9216,-124.21,-1548.4,-818.284,-1548.4,-818.284
-1328.0,-796.0,-154.165,1.40964e-06,85.3961,39.1393,88.6311,-33.6364,-1374.04,-617.272,-1195.98,-688.563
-1326.0,-796.0,-154.069,1.40447e-06,85.3667,39.3132,88.6343,-33.8076,-1374.2,-617.279,-1195.95,-689.509
-1324.0,-796.0,-154.062,1.39932e-06,85.3201,39.4891,88.6374,-33.9797,-1374.35,-617.285,-1195.92,-690.464
-1322.0,-796.0,-154.229,1.39424e-06,85.201,39.6692,88.6405,-34.1511,-1374.51,-617.292,-1195.9,-691.42
-1320.0,-796.0,-154.472,1.38917e-06,85.0786,39.8509,88.6437,-34.3238,-1374.66,-617.298,-1195.87,-692.388
-1318.0,-796.0,-154.802,1.38413e-06,84.9528,40.0344,88.6469,-34.4976,-1374.82,-617.305,-1195.84,-693.367
-1316.0,-796.0,-155.235,1.37909e-06,84.8234,40.2196,88.6502,-34.6726,-1374.97,-617.311,-1195.8,-694.356
-1314.0,-796.0,-155.79,1.37408e-06,84.6904,40.4067,88.6535,-34.8487,-1375.13,-617.318,-1195.77,-695.358
-1312.0,-796.0,-156.492,1.36908e-06,84.5535,40.5956,88.6568,-35.026,-1375.28,-617.324,-1195.74,-696.371
-1310.0,-796.0,-157.364,1.3641e-06,84.4125,40.7865,88.6601,-35.2045,-1375.44,-617.331,-1195.71,-697.395
-1308.0,-796.0,-158.406,1.35913e-06,84.2673,40.9793,88.6635,-35.3842,-1375.59,-617.337,-1195.68,-698.432
-1306.0,-796.0,-159.551,1.35418e-06,84.1176,41.1741,88.6669,-35.565,-1375.74,-617.344,-1195.65,-699.481
-1304.0,-796.0,-160.578,1.34925e-06,83.9633,41.3711,88.6704,-35.7471,-1375.9,-617.35,-1195.61,-700.542
-1302.0,-796.0,-167.524,1.5924e-06,88.8678,63.9454,91.1322,-43.396,-1381.4,-617.583,-1239.87,-668.918
-1300.0,-796.0,-166.952,2.53195e-06,86.535,-29.9034,88.6166,-27.9648,-1367.95,-617.016,-1174.83,-867.986
-1298.0,-796.0,-167.238,2.52617e-06,86.5127,-29.9796,88.6179,-28.0399,-1368.04,-617.019,-1173.38,-867.89
-1296.0,-796.0,-167.497,2.52041e-06,86.4901,-30.0562,88.6191,-28.1153,-1368.14,-617.023,-1171.93,-867.795
-1294.0,-796.0,-171.745,1.58482e-06,88.8487,65.9104,91.1513,-43.3117,-1381.35,-617.58,-1239.87,-674.929
-1292.0,-796.0,-171.781,1.33985e-06,88.6382,95.9952,91.3618,15.8832,-1361.84,-589.142,-1309.31,-631.135
-1290.0,-796.0,-171.754,1.34059e-06,88.639,96.6817,91.361,15.8832,-1361.84,-589.142,-1309.31,-631.135
-1288.0,-796.0,-171.701,1.3414e-06,88.6398,97.3664,91.3602,15.8832,-1361.84,-589.142,-1309.31,-631.135
-1286.0,-796.0,-171.619,1.3423e-06,88.6407,98.0489,91.3593,15.8832,-1361.84,-589.142,-1309.31,-631.135
-1284.0,-796.0,-170.487,1.57156e-06,88.839,67.2614,91.161,-43.3117,-1381.35,-617.58,-1239.87,-690.706
-1282.0,-796.0,-169.143,1.56899e-06,88.8371,67.5349,91.1629,-43.3117,-1381.35,-617.58,-1239.87,-694.118
-1280.0,-796.0,-167.935,1.56646e-06,88.8353,67.8095,91.1647,-43.3117,-1381.35,-617.58,-1239.87,-697.624
-1278.0,-796.0,-166.915,1.56395e-06,88.8334,68.0852,91.1666,-43.3117,-1381.35,-617.58,-1239.87,-701.227
-1276.0,-796.0,-166.074,1.56148e-06,88.8344,68.3619,91.1656,-43.3117,-1381.35,-617.58,-1239.87,-704.932
-1274.0,-796.0,-170.833,1.34929e-06,88.663,102.09,91.337,15.8832,-1361.84,-589.142,-1309.31,-631.135
-1272.0,-796.0,-170.73,1.35072e-06,88.6764,102.753,91.3236,15.8832,-1361.84,-589.142,-1309.31,-631.135
-1270.0,-796.0,-170.648,1.35222e-06,88.6898,103.412,91.3102,15.8832,-1361.84,-589.142,-1309.31,-631.135
-1268.0,-796.0,-170.586,1.3538e-06,88.7032,104.068,91.2968,15.8832,-1361.84,-589.142,-1309.31,-631.135
-1266.0,-796.0,-170.544,1.35545e-06,88.7167,104.72,91.2833,15.8832,-1361.84,-589.142,-1309.31,-631.135
-1264.0,-796.0,-170.521,1.35718e-06,88.7302,105.368,91.2698,15.8832,-1361.84,-589.142,-1309.31,-631.135
-1262.0,-796.0,-170.514,1.35898e-06,88.7438,106.013,91.2562,15.8832,-1361.84,-589.142,-1309.31,-631.135
-1260.0,-796.0,-170.524,1.36085e-06,88.7574,106.653,91.2426,15.8832,-1361.84,-589.142,-1309.31,-631.135
-1258.0,-796.0,-170.55,1.36279e-06,88.771,107.289,91.229,15.8832,-1361.84,-589.142,-1309.31,-631.135
-1256.0,-796.0,-170.592,1.3648e-06,88.7846,107.92,91.2154,15.8832,-1361.84,-589.142,-1309.31,-631.135
-1254.0,-796.0,-170.652,1.36688e-06,88.7983,108.547,91.2017,15.8832,-1361.84,-589.142,-1309.31,-631.135
-1252.0,-796.0,-170.732,1.36904e-06,88.8059,109.17,91.1941,15.8832,-1361.84,-589.142,-1309.31,-631.135
-1250.0,-796.0,-169.384,1.53063e-06,88.932,73.5175,91.068,-43.396,-1381.4,-617.583,-1237.68,-754.363
-1248.0,-796.0,-163.161,1.53496e-06,88.935,75.0413,91.065,-43.3117,-1381.35,-617.58,-1237.59,-757.047
-1246.0,-796.0,-163.171,1.53326e-06,88.9338,75.3359,91.0662,-43.3117,-1381.35,-617.58,-1237.39,-763.113
-1244.0,-796.0,-163.209,1.53158e-06,88.9327,75.6313,91.0673,-43.3117,-1381.35,-617.58,-1237.19,-769.41
-1242.0,-796.0,-162.832,1.52007e-06,88.9246,106.136,91.0754,-43.3117,-1381.35,-617.58,-1325.83,-506.235
-1240.0,-796.0,-162.755,1.52194e-06,88.9259,106.431,91.0741,-43.3117,-1381.35,-617.58,-1325.46,-506.227
-1238.0,-796.0,-162.69,1.52385e-06,88.9272,106.726,91.0728,-43.3117,-1381.35,-617.58,-1325.08,-506.22
-1236.0,-796.0,-162.637,1.52578e-06,88.9286,107.02,91.0714,-43.3117,-1381.35,-617.58,-1324.71,-506.212
-1234.0,-796.0,-162.596,1.52775e-06,88.93,107.313,91.07,-43.3117,-1381.35,-617.58,-1324.33,-506.204
-1232.0,-796.0,-162.569,1.52975e-06,88.9314,107.605,91.0686,-43.3117,-1381.35,-617.58,-1323.96,-506.197
-1230.0,-796.0,-165.307,1.62738e-06,88.9955,-102.966,91.0045,-43.3117,-1381.35,-617.58,-1233.45,-810.984
-1228.0,-796.0,-165.225,1.6289e-06,88.989,-103.242,91.011,-43.3117,-1381.35,-617.58,-1231.51,-810.92
-1226.0,-796.0,-174.053,1.9593e-06,89.1513,-176.046,90.8487,-124.21,-1548.4,-818.284,-1548.4,-818.284
-1224.0,-796.0,-174.093,1.96596e-06,89.1459,-176.07,90.8541,-124.21,-1548.4,-818.284,-1548.4,-818.284
-1222.0,-796.0,-174.133,1.97262e-06,89.1406,-176.094,90.8594,-124.21,-1548.4,-818.284,-1548.4,-818.284
-1220.0,-796.0,-174.172,1.97928e-06,89.1354,-176.118,90.8646,-124.21,-1548.4,-818.284,-1548.4,-818.284
-1218.0,-796.0,-174.212,1.98594e-06,89.1301,-176.141,90.8699,-124.21,-1548.4,-818.284,-1548.4,-818.284
-1216.0,-796.0,-174.251,1.9926e-06,89.1249,-176.165,90.8751,-124.21,-1548.4,-818.284,-1548.4,-818.284
-1214.0,-796.0,0.0,0.0,0.0,0.0,0.0,0.0,0.0,0.0,0.0,0.0
-1212.0,-796.0,0.0,0.0,0.0,0.0,0.0,0.0,0.0,0.0,0.0,0.0
-1210.0,-796.0,0.0,0.0,0.0,0.0,0.0,0.0,0.0,0.0,0.0,0.0
-1208.0,-796.0,0.0,0.0,0.0,0.0,0.0,0.0,0.0,0.0,0.0,0.0
-1206.0,-796.0,0.0,0.0,0.0,0.0,0.0,0.0,0.0,0.0,0.0,0.0
-1204.0,-796.0,0.0,0.0,0.0,0.0,0.0,0.0,0.0,0.0,0.0,0.0
-1202.0,-796.0,0.0,0.0,0.0,0.0,0.0,0.0,0.0,0.0,0.0,0.0
-1600.0,-794.0,-110.336,9.30162e-07,88.2295,44.1275,91.7705,-135.872,-1600.0,-794.0,-1400.0,-600.0
-1598.0,-794.0,-110.292,9.25386e-07,88.2204,44.4154,91.7796,-135.585,-1598.0,-794.0,-1400.0,-600.0
-1596.0,-794.0,-110.247,9.20634e-07,88.2112,44.7062,91.7888,-135.294,-1596.0,-794.0,-1400.0,-600.0
-1594.0,-794.0,-110.202,9.15905e-07,88.2019,45.0,91.7981,-135.0,-1594.0,-794.0,-1400.0,-600.0
-1592.0,-794.0,-110.157,9.11201e-07,88.1927,45.2969,91.8073,-134.703,-1592.0,-794.0,-1400.0,-600.0
-1590.0,-794.0,-110.112,9.06521e-07,88.1833,45.5968,91.8167,-134.403,-1590.0,-794.0,-1400.0,-600.0
-1588.0,-794.0,-110.067,9.01867e-07,88.1739,45.8999,91.8261,-134.1,-1588.0,-794.0,-1400.0,-600.0
-1586.0,-794.0,-110.022,8.97238e-07,88.1645,46.206,91.8355,-133.794,-1586.0,-794.0,-1400.0,-600.0
-1584.0,-794.0,-109.977,8.92627e-07,88.171,46.5154,91.829,-133.485,-1584.0,-794.0,-1400.0,-600.0
-1582.0,-794.0,-109.932,8.88037e-07,88.1868,46.828,91.8132,-133.172,-1582.0,-794.0,-1400.0,-600.0
-1580.0,-794.0,-109.887,8.83478e-07,88.1957,47.1438,91.8043,-132.856,-1580.0,-794.0,-1400.0,-600.0
-1578.0,-794.0,-109.842,8.78946e-07,88.2047,47.4628,91.7953,-132.537,-1578.0,-794.0,-1400.0,-600.0
-1576.0,-794.0,-109.798,8.74442e-07,88.214,47.7852,91.786,-132.215,-1576.0,-794.0,-1400.0,-600.0
-1574.0,-794.0,-109.753,8.69965e-07,88.2233,48.1108,91.7767,-131.889,-1574.0,-794.0,-1400.0,-600.0
-1572.0,-794.0,-109.708,8.65517e-07,88.2329,48.4399,91.7671,-131.56,-1572.0,-794.0,-1400.0,-600.0
-1570.0,-794.0,-109.664,8.61098e-07,88.2425,48.7723,91.7575,-131.228,-1570.0,-794.0,-1400.0,-600.0
-1568.0,-794.0,-109.619,8.56708e-07,88.2524,49.1081,91.7476,-130.892,-1568.0,-794.0,-1400.0,-600.0
-1566.0,-794.0,-109.574,8.52347e-07,88.2624,49.4474,91.7376,-130.553,-1566.0,-794.0,-1400.0,-600.0
-1564.0,-794.0,-109.53,8.48017e-07,88.2725,49.7901,91.7275,-130.21,-1564.0,-794.0,-1400.0,-600.0
-1562.0,-794.0,-109.486,8.43718e-07,88.2829,50.1364,91.7171,-129.864,-1562.0,-794.0,-1400.0,-600.0
-1560.0,-794.0,-109.441,8.3945e-07,88.2934,50.4862,91.7066,-129.514,-1560.0,-794.0,-1400.0,-600.0
-1558.0,-794.0,-109.397,8.35213e-07,88.304,50.8395,91.696,-129.161,-1558.0,-794.0,-1400.0,-600.0
-1556.0,-794.0,-109.353,8.31008e-07,88.3149,51.1964,91.6851,-128.804,-1556.0,-794.0,-1400.0,-600.0
-1554.0,-794.0,-109.309,8.26836e-07,88.3259,51.5569,91.6741,-128.443,-1554.0,-794.0,-1400.0,-600.0
-1552.0,-794.0,-109.266,8.22697e-07,88.3371,51.9211,91.6629,-128.079,-1552.0,-794.0,-1400.0,-600.0
-1550.0,-794.0,-109.222,8.18592e-07,88.3485,52.289,91.6515,-127.711,-1550.0,-794.0,-1400.0,-600.0
-1548.0,-794.0,-109.179,8.14521e-07,88.36,52.6605,91.64,-127.34,-1548.0,-794.0,-1400.0,-600.0
-1546.0,-794.0,-109.135,8.10484e-07,88.3718,53.0357,91.6282,-126.964,-1546.0,-794.0,-1400.0,-600.0
-1544.0,-794.0,-109.092,8.06482e-07,88.3837,53.4147,91.6163,-126.585,-1544.0,-794.0,-1400.0,-600.0
-1542.0,-794.0,-109.049,8.02516e-07,88.3959,53.7974,91.6041,-126.203,-1542.0,-794.0,-1400.0,-600.0
-1540.0,-794.0,-109.006,7.98587e-07,88.4082,54.1839,91.5918,-125.816,-1540.0,-794.0,-1400.0,-600.0
-1538.0,-794.0,-108.964,7.94694e-07,88.4207,54.5742,91.5793,-125.426,-1538.0,-794.0,-1400.0,-600.0
-1536.0,-794.0,-108.921,7.90849e-07,88.4028,54.9684,91.5972,-125.032,-1536.0,-794.0,-1400.0,-600.0
-1534.0,-794.0,-108.879,7.87033e-07,88.4122,55.3663,91.5878,-124.634,-1534.0,-794.0,-1400.0,-600.0
-1532.0,-794.0,-108.837,7.83253e-07,88.4252,55.7681,91.5748,-124.232,-1532.0,-794.0,-1400.0,-600.0
-1530.0,-794.0,-108.796,7.79512e-07,88.4383,56.1738,91.5617,-123.826,-1530.0,-794.0,-1400.0,-600.0
-1528.0,-794.0,-108.754,7.75811e-07,88.4517,56.5834,91.5483,-123.417,-1528.0,-794.0,-1400.0,-600.0
-1526.0,-794.0,-108.713,7.72149e-07,88.4652,56.9969,91.5348,-123.003,-1526.0,-794.0,-1400.0,-600.0
-1524.0,-794.0,-108.672,7.68528e-07,88.479,57.4143,91.521,-122.586,-1524.0,-794.0,-1400.0,-600.0
-1522.0,-794.0,-108.631,7.64949e-07,88.493,57.8356,91.507,-122.164,-1522.0,-794.0,-1400.0,-600.0
-1520.0,-794.0,-108.591,7.61411e-07,88.5072,58.2609,91.4928,-121.739,-1520.0,-794.0,-1400.0,-600.0
-1518.0,-794.0,-108.551,7.57916e-07,88.5216,58.69,91.4784,-121.31,-1518.0,-794.0,-1400.0,-600.0
-1516.0,-794.0,-108.511,7.54463e-07,88.5362,59.1232,91.4638,-120.877,-1516.0,-794.0,-1400.0,-600.0
-1514.0,-794.0,-108.471,7.51054e-07,88.551,59.5603,91.449,-120.44,-1514.0,-794.0,-1400.0,-600.0
-1512.0,-794.0,-108.432,7.47696e-07,88.5466,60.0013,91.4534,-119.999,-1512.0,-794.0,-1400.0,-600.0
-1510.0,-794.0,-108.394,7.44383e-07,88.5401,60.4463,91.4599,-119.554,-1510.0,-794.0,-1400.0,-600.0
-1508.0,-794.0,-108.355,7.41115e-07,88.5337,60.8953,91.4663,-119.105,-1508.0,-794.0,-1400.0,-600.0
-1506.0,-794.0,-108.317,7.37893e-07,88.5273,61.3482,91.4727,-118.652,-1506.0,-794.0,-1400.0,-600.0
-1504.0,-794.0,-108.28,7.34717e-07,88.5209,61.805,91.4791,-118.195,-1504.0,-794.0,-1400.0,-600.0
-1502.0,-794.0,-108.243,7.31589e-07,88.5145,62.2658,91.4855,-117.734,-1502.0,-794.0,-1400.0,-600.0
-1500.0,-794.0,-108.206,7.28509e-07,88.5083,62.7305,91.4917,-117.269,-1500.0,-794.0,-1400.0,-600.0
-1498.0,-794.0,-108.169,7.25476e-07,88.502,63.1992,91.498,-116.801,-1498.0,-794.0,-1400.0,-600.0
-1496.0,-794.0,-108.134,7.22493e-07,88.4958,63.6717,91.5042,-116.328,-1496.0,-794.0,-1400.0,-600.0
-1494.0,-794.0,-108.098,7.19559e-07,88.4897,64.1481,91.5103,-115.852,-1494.0,-794.0,-1400.0,-600.0
-1492.0,-794.0,-108.063,7.16675e-07,88.4836,64.6284,91.5164,-115.372,-1492.0,-794.0,-1400.0,-600.0
-1490.0,-794.0,-108.029,7.13849e-07,88.4574,65.1126,91.5426,-114.887,-1490.0,-794.0,-1400.0,-600.0
-1488.0,-794.0,-107.995,7.11075e-07,88.4287,65.6006,91.5713,-114.399,-1488.0,-794.0,-1400.0,-600.0
-1486.0,-794.0,-107.961,7.08353e-07,88.3998,66.0923,91.6002,-113.908,-1486.0,-794.0,-1400.0,-600.0
-1484.0,-794.0,-107.928,7.05684e-07,88.3709,66.5879,91.6291,-113.412,-1484.0,-794.0,-1400.0,-600.0
-1482.0,-794.0,-107.896,7.03068e-07,88.3418,67.0872,91.6582,-112.913,-1482.0,-794.0,-1400.0,-600.0
-1480.0,-794.0,-107.864,7.00506e-07,88.3127,67.5902,91.6873,-112.41,-1480.0,-794.0,-1400.0,-600.0
-1478.0,-794.0,-107.833,6.97999e-07,88.2835,68.0968,91.7165,-111.903,-1478.0,-794.0,-1400.0,-600.0
-1476.0,-794.0,-107.802,6.95547e-07,88.2542,68.6071,91.7458,-111.393,-1476.0,-794.0,-1400.0,-600.0
-1474.0,-794.0,-107.772,6.9315e-07,88.2249,69.121,91.7751,-110.879,-1474.0,-794.0,-1400.0,-600.0
-1472.0,-794.0,-107.743,6.9081e-07,88.1955,69.6384,91.8045,-110.362,-1472.0,-794.0,-1400.0,-600.0
-1470.0,-794.0,-107.714,6.88526e-07,88.166,70.1593,91.834,-109.841,-1470.0,-794.0,-1400.0,-600.0
-1468.0,-794.0,-107.686,6.863e-07,88.1377,70.6836,91.8623,-109.316,-1468.0,-794.0,-1400.0,-600.0
-1466.0,-794.0,-107.658,6.84125e-07,88.1268,71.2114,91.8732,-108.789,-1466.0,-794.0,-1400.0,-600.0
-1464.0,-794.0,-107.631,6.82015e-07,88.0973,71.7424,91.9027,-108.258,-1464.0,-794.0,-1400.0,-600.0
-1462.0,-794.0,-107.605,6.79964e-07,88.0678,72.2768,91.9322,-107.723,-1462.0,-794.0,-1400.0,-600.0
-1460.0,-794.0,-107.579,6.77973e-07,88.0383,72.8143,91.9617,-107.186,-1460.0,-794.0,-1400.0,-600.0
-1458.0,-794.0,-107.554,6.76043e-07,88.0088,73.355,91.9912,-106.645,-1458.0,-794.0,-1400.0,-600.0
-1456.0,-794.0,-107.53,6.74172e-07,87.9793,73.8987,92.0207,-106.101,-1456.0,-794.0,-1400.0,-600.0
-1454.0,-794.0,-107.507,6.72363e-07,87.9498,74.4454,92.0502,-105.555,-1454.0,-794.0,-1400.0,-600.0
-1452.0,-794.0,-107.484,6.70616e-07,87.9204,74.9951,92.0796,-105.005,-1452.0,-794.0,-1400.0,-600.0
-1450.0,-794.0,-107.462,6.68931e-07,87.891,75.5476,92.109,-104.452,-1450.0,-794.0,-1400.0,-600.0
-1448.0,-794.0,-114.191,6.67308e-07,87.8617,76.1098,92.1383,-103.963,-1404.61,-618.561,-1404.61,-618.561
-1446.0,-794.0,-119.317,6.65753e-07,87.8324,76.7269,92.1676,-103.963,-1404.61,-618.561,-1404.61,-618.561
-1444.0,-794.0,-121.664,1.32526e-06,88.9016,82.7491,91.0984,86.1126,-1397.81,-567.812,-1406.59,-499.954
-1442.0,-794.0,-122.097,1.32444e-06,88.892,83.0355,91.108,86.399,-1397.87,-566.08,-1406.08,-499.953
-1440.0,-794.0,-122.522,1.32366e-06,88.867,83.3223,91.133,86.6858,-1397.92,-564.15,-1405.57,-499.953
-1438.0,-794.0,-123.961,1.32132e-06,88.8405,84.522,91.1595,95.5953,-1409.8,-499.957,-1409.8,-499.957
-1436.0,-794.0,-123.736,1.42481e-06,88.9021,86.8616,91.0979,99.361,-1419.03,-484.546,-1419.03,-484.546
-1434.0,-794.0,-124.097,1.42447e-06,88.8792,87.1297,91.1208,99.0929,-1418.48,-484.516,-1418.48,-484.516
-1432.0,-794.0,-124.423,1.42417e-06,88.8563,87.3979,91.1437,98.8247,-1417.93,-484.486,-1417.93,-484.486
-1430.0,-794.0,-124.7,1.31909e-06,88.7407,85.6765,91.2593,94.4407,-1407.77,-499.955,-1407.77,-499.955
-1428.0,-794.0,-124.75,1.31862e-06,88.7157,85.9658,91.2843,94.1515,-1407.26,-499.955,-1407.26,-499.955
-1426.0,-794.0,-124.756,1.31818e-06,88.6908,86.2552,91.3092,93.8621,-1406.75,-499.954,-1406.75,-499.954
-1424.0,-794.0,-124.728,1.31777e-06,88.6659,86.5448,91.3341,93.5725,-1406.25,-499.954,-1406.25,-499.954
-1422.0,-794.0,-124.673,1.3174e-06,88.641,86.8346,91.359,93.2827,-1405.74,-499.953,-1405.74,-499.953
-1420.0,-794.0,-124.6,1.31706e-06,88.6205,87.1246,91.3795,92.9927,-1405.23,-499.952,-1405.23,-499.952
-1418.0,-794.0,-124.513,1.31674e-06,88.6143,87.4147,91.3857,92.7026,-1404.72,-499.952,-1404.72,-499.952
-1416.0,-794.0,-124.421,1.31646e-06,88.614,87.7049,91.386,92.4124,-1404.21,-499.951,-1404.21,-499.951
-1414.0,-794.0,-124.329,1.31621e-06,88.6138,87.9953,91.3862,92.122,-1403.71,-499.951,-1403.71,-499.951
-1412.0,-794.0,-124.241,1.31599e-06,88.6135,88.2857,91.3865,91.8316,-1403.2,-499.95,-1403.2,-499.95
-1410.0,-794.0,-124.162,1.31581e-06,88.6133,88.5763,91.3867,91.541,-1402.69,-499.95,-1402.69,-499.95
-1408.0,-794.0,-145.48,1.42636e-06,88.7208,94.7053,91.2792,99.5595,-1419.44,-484.568,-1425.26,-584.337
-1406.0,-794.0,-141.579,1.42694e-06,88.7214,95.2477,91.2786,99.5595,-1419.44,-484.568,-1425.26,-584.337
-1404.0,-794.0,-134.266,1.42758e-06,88.7219,95.7892,91.2781,99.5595,-1419.44,-484.568,-1425.26,-584.337
-1402.0,-794.0,-136.006,1.42829e-06,88.7226,96.3297,91.2774,99.5595,-1419.44,-484.568,-1425.26,-584.337
-1400.0,-794.0,-143.712,1.42905e-06,88.7232,96.869,91.2768,99.5595,-1419.44,-484.568,-1425.26,-584.337
-1398.0,-794.0,-148.371,1.42988e-06,88.724,97.4071,91.276,99.5595,-1419.44,-484.568,-1425.26,-584.337
-1396.0,-794.0,-135.418,1.35097e-06,88.6494,38.53,91.3506,-35.9954,-1376.1,-617.359,-1239.87,-669.673
-1394.0,-794.0,-136.91,1.43579e-06,88.7292,98.4281,91.2708,82.1554,-1396.76,-576.497,-1425.29,-582.801
-1392.0,-794.0,-137.051,1.43676e-06,88.7301,98.6065,91.2699,82.4644,-1396.79,-575.704,-1425.54,-572.416
-1390.0,-794.0,-142.018,1.43782e-06,88.731,99.1172,91.269,82.1554,-1396.76,-576.497,-1425.53,-572.584
-1388.0,-794.0,-146.438,1.33022e-06,88.6284,39.4106,91.3716,-35.9954,-1376.1,-617.359,-1239.87,-672.277
-1386.0,-794.0,-162.345,1.25742e-06,86.8245,35.3181,64.1857,29.5292,-1381.92,-589.757,-1239.87,-690.466
-1384.0,-794.0,-162.319,1.25199e-06,86.8106,35.4949,64.073,29.681,-1382.03,-589.76,-1239.87,-691.214
-1382.0,-794.0,-162.252,1.24657e-06,86.7967,35.6733,63.9594,29.8344,-1382.15,-589.764,-1239.87,-691.971
-1380.0,-794.0,-162.145,1.24116e-06,86.7827,35.8532,63.845,29.9894,-1382.27,-589.767,-1239.87,-692.738
-1378.0,-794.0,-162.002,1.23577e-06,86.7686,36.0347,63.7297,30.1461,-1382.39,-589.771,-1239.87,-693.516
-1376.0,-794.0,-161.834,1.23039e-06,86.7544,36.2178,63.6136,30.3045,-1382.5,-589.775,-1239.87,-694.304
-1374.0,-794.0,-161.651,1.22502e-06,86.7401,36.4025,63.4967,30.4645,-1382.62,-589.778,-1239.87,-695.103
-1372.0,-794.0,-161.464,1.21965e-06,86.7351,36.5889,63.3794,30.6258,-1382.74,-589.782,-1239.87,-695.913
-1370.0,-794.0,-161.283,1.21429e-06,86.7348,36.777,63.2613,30.7886,-1382.86,-589.785,-1239.87,-696.734
-1368.0,-794.0,-161.118,1.20895e-06,86.7345,36.9667,63.1425,30.9531,-1382.97,-589.789,-1239.87,-697.566
-1366.0,-794.0,-160.977,1.20361e-06,86.7343,37.1581,63.0227,31.1195,-1383.09,-589.793,-1239.87,-698.409
-1364.0,-794.0,-160.741,1.3149e-06,87.2991,43.5697,82.8593,44.8607,-1389.95,-590.002,-1239.87,-675.917
-1362.0,-794.0,-159.345,1.31007e-06,87.3035,43.7712,82.8335,45.0614,-1390.03,-590.005,-1239.87,-676.999
-1360.0,-794.0,-158.227,1.30525e-06,87.3078,43.9741,82.8076,45.2636,-1390.1,-590.007,-1239.87,-678.096
-1358.0,-794.0,-157.349,1.30044e-06,87.3123,44.1786,82.7816,45.4674,-1390.17,-590.009,-1239.87,-679.209
-1356.0,-794.0,-156.672,1.29566e-06,87.3168,44.3846,82.7555,45.6726,-1390.24,-590.011,-1239.87,-680.338
-1354.0,-794.0,-156.161,1.29089e-06,87.3214,44.5921,82.7293,45.8795,-1390.32,-590.014,-1239.87,-681.483
-1352.0,-794.0,-155.789,1.28614e-06,87.326,44.8011,82.703,46.0879,-1390.39,-590.016,-1239.87,-682.646
-1350.0,-794.0,-155.54,1.2814e-06,87.3308,45.0117,82.6766,46.2978,-1390.46,-590.018,-1239.87,-683.825
-1348.0,-794.0,-155.402,1.27669e-06,87.3356,45.2239,82.6501,46.5094,-1390.53,-590.02,-1239.87,-685.022
-1346.0,-794.0,-169.829,1.14331e-06,88.5971,45.4785,91.4029,-9.41385,-1309.77,-614.96,-1239.87,-686.083
-1344.0,-794.0,-169.997,1.13864e-06,88.6056,45.8057,91.3944,-9.41385,-1309.77,-614.96,-1239.87,-686.9
-1342.0,-794.0,-170.333,1.134e-06,88.6141,46.1366,91.3859,-9.41385,-1309.77,-614.96,-1239.87,-687.736
-1340.0,-794.0,-170.954,1.12938e-06,88.6227,46.4712,91.3773,-9.41385,-1309.77,-614.96,-1239.87,-688.592
-1338.0,-794.0,-171.189,1.58769e-06,89.0305,-173.416,90.9695,-124.21,-1548.4,-818.284,-1548.4,-818.284
-1336.0,-794.0,-171.26,1.59431e-06,89.0447,-173.478,90.9553,-124.21,-1548.4,-818.284,-1548.4,-818.284
-1334.0,-794.0,-171.33,1.60094e-06,89.0587,-173.538,90.9413,-124.21,-1548.4,-818.284,-1548.4,-818.284
-1332.0,-794.0,-171.399,1.60756e-06,89.0726,-173.597,90.9274,-124.21,-1548.4,-818.284,-1548.4,-818.284
-1330.0,-794.0,-171.467,1.61419e-06,89.0864,-173.655,90.9136,-124.21,-1548.4,-818.284,-1548.4,-818.284
-1328.0,-794.0,-171.533,1.62082e-06,89.1001,-173.712,90.8999,-124.21,-1548.4,-818.284,-1548.4,-818.284
-1326.0,-794.0,-154.126,1.40024e-06,85.3734,39.1005,88.6304,-33.5964,-1374.0,-617.271,-1195.99,-688.342
-1324.0,-794.0,-154.105,1.39511e-06,85.2824,39.2778,88.6335,-33.7671,-1374.16,-617.277,-1195.96,-689.284
-1322.0,-794.0,-154.192,1.39002e-06,85.1625,39.4576,88.6366,-33.9383,-1374.32,-617.284,-1195.93,-690.234
-1320.0,-794.0,-154.351,1.38494e-06,85.0392,39.6392,88.6398,-34.1107,-1374.47,-617.29,-1195.9,-691.194
-1318.0,-794.0,-154.587,1.37988e-06,84.9126,39.8225,88.643,-34.2842,-1374.63,-617.297,-1195.87,-692.166
-1316.0,-794.0,-154.912,1.37483e-06,84.7823,40.0075,88.6462,-34.4589,-1374.78,-617.304,-1195.84,-693.148
-1314.0,-794.0,-155.342,1.3698e-06,84.6484,40.1944,88.6495,-34.6348,-1374.94,-617.31,-1195.81,-694.142
-1312.0,-794.0,-155.897,1.36478e-06,84.5105,40.3832,88.6528,-34.8119,-1375.1,-617.317,-1195.78,-695.148
-1310.0,-794.0,-156.602,1.35979e-06,84.3685,40.5739,88.6561,-34.9901,-1375.25,-617.323,-1195.75,-696.165
-1308.0,-794.0,-157.48,1.35481e-06,84.2223,40.7666,88.6595,-35.1696,-1375.41,-617.33,-1195.72,-697.194
-1306.0,-794.0,-158.531,1.34984e-06,84.0716,40.9613,88.6629,-35.3502,-1375.56,-617.336,-1195.68,-698.235
-1304.0,-794.0,-159.681,1.3449e-06,83.9161,41.1581,88.6663,-35.532,-1375.72,-617.343,-1195.65,-699.289
-1302.0,-794.0,-160.687,1.33997e-06,83.7603,41.3569,88.6698,-35.7151,-1375.87,-617.349,-1195.62,-700.355
-1300.0,-794.0,-167.447,2.53527e-06,86.5386,-30.0344,88.6187,-28.0956,-1368.11,-617.022,-1172.32,-867.82
-1298.0,-794.0,-167.667,2.52951e-06,86.5163,-30.1108,88.62,-28.1709,-1368.21,-617.026,-1170.87,-867.725
-1296.0,-794.0,-170.814,1.5777e-06,88.8436,64.5779,91.1564,-43.396,-1381.4,-617.583,-1239.87,-675.906
-1294.0,-794.0,-171.498,1.57873e-06,88.8443,65.7903,91.1557,-43.3117,-1381.35,-617.58,-1239.87,-673.607
-1292.0,-794.0,-171.703,1.33321e-06,88.6314,96.0682,91.3686,15.8832,-1361.84,-589.142,-1309.31,-631.135
-1290.0,-794.0,-171.673,1.33396e-06,88.6322,96.763,91.3678,15.8832,-1361.84,-589.142,-1309.31,-631.135
-1288.0,-794.0,-171.616,1.33479e-06,88.6331,97.4558,91.3669,15.8832,-1361.84,-589.142,-1309.31,-631.135
-1286.0,-794.0,-171.529,1.33569e-06,88.634,98.1465,91.366,15.8832,-1361.84,-589.142,-1309.31,-631.135
-1284.0,-794.0,-171.014,1.56541e-06,88.8345,67.1465,91.1655,-43.3117,-1381.35,-617.58,-1239.87,-689.295
-1282.0,-794.0,-169.648,1.56283e-06,88.8325,67.4211,91.1675,-43.3117,-1381.35,-617.58,-1239.87,-692.688
-1280.0,-794.0,-168.366,1.56028e-06,88.8306,67.6967,91.1694,-43.3117,-1381.35,-617.58,-1239.87,-696.174
-1278.0,-794.0,-167.262,1.55777e-06,88.8257,67.9735,91.1743,-43.3117,-1381.35,-617.58,-1239.87,-699.757
-1276.0,-794.0,-166.347,1.55528e-06,88.8181,68.2514,91.1819,-43.3117,-1381.35,-617.58,-1239.87,-703.442
-1274.0,-794.0,-170.731,1.34278e-06,88.6381,102.234,91.3619,15.8832,-1361.84,-589.142,-1309.31,-631.135
-1272.0,-794.0,-170.631,1.34422e-06,88.6516,102.904,91.3484,15.8832,-1361.84,-589.142,-1309.31,-631.135
-1270.0,-794.0,-170.553,1.34575e-06,88.6651,103.571,91.3349,15.8832,-1361.84,-589.142,-1309.31,-631.135
-1268.0,-794.0,-170.496,1.34734e-06,88.6786,104.234,91.3214,15.8832,-1361.84,-589.142,-1309.31,-631.135
-1266.0,-794.0,-170.458,1.34901e-06,88.6922,104.893,91.3078,15.8832,-1361.84,-589.142,-1309.31,-631.135
-1264.0,-794.0,-170.44,1.35076e-06,88.7059,105.548,91.2941,15.8832,-1361.84,-589.142,-1309.31,-631.135
-1262.0,-794.0,-170.438,1.35258e-06,88.7195,106.199,91.2805,15.8832,-1361.84,-589.142,-1309.31,-631.135
-1260.0,-794.0,-170.453,1.35447e-06,88.7332,106.846,91.2668,15.8832,-1361.84,-589.142,-1309.31,-631.135
-1258.0,-794.0,-170.484,1.35643e-06,88.747,107.488,91.253,15.8832,-1361.84,-589.142,-1309.31,-631.135
-1256.0,-794.0,-170.532,1.35847e-06,88.7607,108.126,91.2393,15.8832,-1361.84,-589.142,-1309.31,-631.135
-1254.0,-794.0,-170.599,1.36057e-06,88.7745,108.759,91.2255,15.8832,-1361.84,-589.142,-1309.31,-631.135
-1252.0,-794.0,-170.688,1.36274e-06,88.7883,109.387,91.2117,15.8832,-1361.84,-589.142,-1309.31,-631.135
-1250.0,-794.0,-170.804,1.36499e-06,88.7933,110.011,91.2067,15.8832,-1361.84,-589.142,-1309.31,-631.135
-1248.0,-794.0,-163.12,1.52852e-06,88.9224,74.9622,91.0776,-43.3117,-1381.35,-617.58,-1237.64,-755.455
-1246.0,-794.0,-163.122,1.52681e-06,88.9212,75.2583,91.0788,-43.3117,-1381.35,-617.58,-1237.45,-761.495
-1244.0,-794.0,-163.153,1.52513e-06,88.92,75.5552,91.08,-43.3117,-1381.35,-617.58,-1237.24,-767.765
-1242.0,-794.0,-162.764,1.51367e-06,88.9119,106.222,91.0881,-43.3117,-1381.35,-617.58,-1325.72,-506.232
-1240.0,-794.0,-162.69,1.51555e-06,88.9132,106.519,91.0868,-43.3117,-1381.35,-617.58,-1325.35,-506.225
-1238.0,-794.0,-162.629,1.51746e-06,88.9146,106.815,91.0854,-43.3117,-1381.35,-617.58,-1324.97,-506.217
-1236.0,-794.0,-162.579,1.51941e-06,88.916,107.11,91.084,-43.3117,-1381.35,-617.58,-1324.59,-506.21
-1234.0,-794.0,-162.542,1.52139e-06,88.9174,107.404,91.0826,-43.3117,-1381.35,-617.58,-1324.22,-506.202
-1232.0,-794.0,-162.518,1.5234e-06,88.9188,107.698,91.0812,-43.3117,-1381.35,-617.58,-1323.84,-506.195
-1230.0,-794.0,-165.369,1.63389e-06,88.9919,-102.903,91.0081,-43.3117,-1381.35,-617.58,-1233.89,-810.998
-1228.0,-794.0,-165.283,1.6354e-06,88.9855,-103.178,91.0145,-43.3117,-1381.35,-617.58,-1231.97,-810.935
-1226.0,-794.0,-174.077,1.95978e-06,89.1452,-175.692,90.8548,-124.21,-1548.4,-818.284,-1548.4,-818.284
-1224.0,-794.0,-174.118,1.96644e-06,89.1398,-175.719,90.8602,-124.21,-1548.4,-818.284,-1548.4,-818.284
-1222.0,-794.0,-174.158,1.9731e-06,89.1346,-175.745,90.8654,-124.21,-1548.4,-818.284,-1548.4,-818.284
-1220.0,-794.0,-174.197,1.97975e-06,89.1293,-175.771,90.8707,-124.21,-1548.4,-818.284,-1548.4,-818.284
-1218.0,-794.0,-174.237,1.98641e-06,89.1241,-175.796,90.8759,-124.21,-1548.4,-818.284,-1548.4,-818.284
-1216.0,-794.0,-174.277,1.99307e-06,89.1189,-175.822,90.8811,-124.21,-1548.4,-818.284,-1548.4,-818.284
-1214.0,-794.0,0.0,0.0,0.0,0.0,0.0,0.0,0.0,0.0,0.0,0.0
-1212.0,-794.0,0.0,0.0,0.0,0.0,0.0,0.0,0.0,0.0,0.0,0.0
-1210.0,-794.0,0.0,0.0,0.0,0.0,0.0,0.0,0.0,0.0,0.0,0.0
-1208.0,-794.0,0.0,0.0,0.0,0.0,0.0,0.0,0.0,0.0,0.0,0.0
-1206.0,-794.0,0.0,0.0,0.0,0.0,0.0,0.0,0.0,0.0,0.0,0.0
-1204.0,-794.0,0.0,0.0,0.0,0.0,0.0,0.0,0.0,0.0,0.0,0.0
-1202.0,-794.0,0.0,0.0,0.0,0.0,0.0,0.0,0.0,0.0,0.0,0.0
-1600.0,-792.0,-110.293,9.25537e-07,88.2073,43.8309,91.7927,-136.169,-1600.0,-792.0,-1400.0,-600.0
-1598.0,-792.0,-110.248,9.20737e-07,88.198,44.1186,91.802,-135.881,-1598.0,-792.0,-1400.0,-600.0
-1596.0,-792.0,-110.202,9.1596e-07,88.1886,44.4093,91.8114,-135.591,-1596.0,-792.0,-1400.0,-600.0
-1594.0,-792.0,-110.157,9.11207e-07,88.1791,44.7031,91.8209,-135.297,-1594.0,-792.0,-1400.0,-600.0
-1592.0,-792.0,-110.111,9.06479e-07,88.1696,45.0,91.8304,-135.0,-1592.0,-792.0,-1400.0,-600.0
-1590.0,-792.0,-110.066,9.01775e-07,88.16,45.3,91.84,-134.7,-1590.0,-792.0,-1400.0,-600.0
-1588.0,-792.0,-110.021,8.97096e-07,88.1504,45.6031,91.8496,-134.397,-1588.0,-792.0,-1400.0,-600.0
-1586.0,-792.0,-109.975,8.92442e-07,88.1408,45.9094,91.8592,-134.091,-1586.0,-792.0,-1400.0,-600.0
-1584.0,-792.0,-109.93,8.87806e-07,88.1471,46.2189,91.8529,-133.781,-1584.0,-792.0,-1400.0,-600.0
-1582.0,-792.0,-109.884,8.83186e-07,88.174,46.5316,91.826,-133.468,-1582.0,-792.0,-1400.0,-600.0
-1580.0,-792.0,-109.839,8.786e-07,88.1857,46.8476,91.8143,-133.152,-1580.0,-792.0,-1400.0,-600.0
-1578.0,-792.0,-109.794,8.74043e-07,88.1947,47.1669,91.8053,-132.833,-1578.0,-792.0,-1400.0,-600.0
-1576.0,-792.0,-109.748,8.69513e-07,88.2038,47.4896,91.7962,-132.51,-1576.0,-792.0,-1400.0,-600.0
-1574.0,-792.0,-109.703,8.65011e-07,88.2131,47.8156,91.7869,-132.184,-1574.0,-792.0,-1400.0,-600.0
-1572.0,-792.0,-109.658,8.60537e-07,88.2226,48.145,91.7774,-131.855,-1572.0,-792.0,-1400.0,-600.0
-1570.0,-792.0,-109.613,8.56092e-07,88.2322,48.4778,91.7678,-131.522,-1570.0,-792.0,-1400.0,-600.0
-1568.0,-792.0,-109.568,8.51677e-07,88.242,48.8141,91.758,-131.186,-1568.0,-792.0,-1400.0,-600.0
-1566.0,-792.0,-109.523,8.4729e-07,88.252,49.1539,91.748,-130.846,-1566.0,-792.0,-1400.0,-600.0
-1564.0,-792.0,-109.478,8.42934e-07,88.2621,49.4972,91.7379,-130.503,-1564.0,-792.0,-1400.0,-600.0
-1562.0,-792.0,-109.433,8.38609e-07,88.2724,49.844,91.7276,-130.156,-1562.0,-792.0,-1400.0,-600.0
-1560.0,-792.0,-109.388,8.34314e-07,88.2828,50.1944,91.7172,-129.806,-1560.0,-792.0,-1400.0,-600.0
-1558.0,-792.0,-109.343,8.30051e-07,88.2935,50.5485,91.7065,-129.452,-1558.0,-792.0,-1400.0,-600.0
-1556.0,-792.0,-109.299,8.25821e-07,88.3043,50.9061,91.6957,-129.094,-1556.0,-792.0,-1400.0,-600.0
-1554.0,-792.0,-109.254,8.21622e-07,88.3153,51.2675,91.6847,-128.733,-1554.0,-792.0,-1400.0,-600.0
-1552.0,-792.0,-109.21,8.17457e-07,88.3264,51.6325,91.6736,-128.367,-1552.0,-792.0,-1400.0,-600.0
-1550.0,-792.0,-109.166,8.13325e-07,88.3378,52.0013,91.6622,-127.999,-1550.0,-792.0,-1400.0,-600.0
-1548.0,-792.0,-109.122,8.09227e-07,88.3493,52.3738,91.6507,-127.626,-1548.0,-792.0,-1400.0,-600.0
-1546.0,-792.0,-109.078,8.05164e-07,88.361,52.75,91.639,-127.25,-1546.0,-792.0,-1400.0,-600.0
-1544.0,-792.0,-109.034,8.01136e-07,88.3729,53.1301,91.6271,-126.87,-1544.0,-792.0,-1400.0,-600.0
-1542.0,-792.0,-108.991,7.97143e-07,88.385,53.514,91.615,-126.486,-1542.0,-792.0,-1400.0,-600.0
-1540.0,-792.0,-108.947,7.93187e-07,88.3973,53.9017,91.6027,-126.098,-1540.0,-792.0,-1400.0,-600.0
-1538.0,-792.0,-108.904,7.89267e-07,88.4098,54.2933,91.5902,-125.707,-1538.0,-792.0,-1400.0,-600.0
-1536.0,-792.0,-108.861,7.85396e-07,88.3917,54.6888,91.6083,-125.311,-1536.0,-792.0,-1400.0,-600.0
-1534.0,-792.0,-108.819,7.81565e-07,88.3694,55.0882,91.6306,-124.912,-1534.0,-792.0,-1400.0,-600.0
-1532.0,-792.0,-108.776,7.77759e-07,88.3822,55.4915,91.6178,-124.509,-1532.0,-792.0,-1400.0,-600.0
-1530.0,-792.0,-108.734,7.73991e-07,88.3952,55.8987,91.6048,-124.101,-1530.0,-792.0,-1400.0,-600.0
-1528.0,-792.0,-108.692,7.70263e-07,88.4084,56.3099,91.5916,-123.69,-1528.0,-792.0,-1400.0,-600.0
-1526.0,-792.0,-108.65,7.66575e-07,88.4218,56.7251,91.5782,-123.275,-1526.0,-792.0,-1400.0,-600.0
-1524.0,-792.0,-108.608,7.62928e-07,88.4354,57.1443,91.5646,-122.856,-1524.0,-792.0,-1400.0,-600.0
-1522.0,-792.0,-108.567,7.59321e-07,88.4492,57.5674,91.5508,-122.433,-1522.0,-792.0,-1400.0,-600.0
-1520.0,-792.0,-108.526,7.55757e-07,88.4632,57.9946,91.5368,-122.005,-1520.0,-792.0,-1400.0,-600.0
-1518.0,-792.0,-108.485,7.52235e-07,88.4775,58.4258,91.5225,-121.574,-1518.0,-792.0,-1400.0,-600.0
-1516.0,-792.0,-108.445,7.48756e-07,88.492,58.861,91.508,-121.139,-1516.0,-792.0,-1400.0,-600.0
-1514.0,-792.0,-108.405,7.45321e-07,88.5067,59.3003,91.4933,-120.7,-1514.0,-792.0,-1400.0,-600.0
-1512.0,-792.0,-108.365,7.41937e-07,88.502,59.7436,91.498,-120.256,-1512.0,-792.0,-1400.0,-600.0
-1510.0,-792.0,-108.326,7.38598e-07,88.4952,60.1909,91.5048,-119.809,-1510.0,-792.0,-1400.0,-600.0
-1508.0,-792.0,-108.287,7.35304e-07,88.4884,60.6422,91.5116,-119.358,-1508.0,-792.0,-1400.0,-600.0
-1506.0,-792.0,-108.248,7.32057e-07,88.4817,61.0976,91.5183,-118.902,-1506.0,-792.0,-1400.0,-600.0
-1504.0,-792.0,-108.21,7.28856e-07,88.475,61.5571,91.525,-118.443,-1504.0,-792.0,-1400.0,-600.0
-1502.0,-792.0,-108.172,7.25702e-07,88.4684,62.0205,91.5316,-117.979,-1502.0,-792.0,-1400.0,-600.0
-1500.0,-792.0,-108.135,7.22597e-07,88.4618,62.488,91.5382,-117.512,-1500.0,-792.0,-1400.0,-600.0
-1498.0,-792.0,-108.098,7.19539e-07,88.4553,62.9595,91.5447,-117.041,-1498.0,-792.0,-1400.0,-600.0
-1496.0,-792.0,-108.061,7.16531e-07,88.4488,63.4349,91.5512,-116.565,-1496.0,-792.0,-1400.0,-600.0
-1494.0,-792.0,-108.025,7.13573e-07,88.4423,63.9144,91.5577,-116.086,-1494.0,-792.0,-1400.0,-600.0
-1492.0,-792.0,-107.99,7.1067e-07,88.421,64.3978,91.579,-115.602,-1492.0,-792.0,-1400.0,-600.0
-1490.0,-792.0,-107.955,7.07821e-07,88.3918,64.8852,91.6082,-115.115,-1490.0,-792.0,-1400.0,-600.0
-1488.0,-792.0,-107.92,7.05023e-07,88.3625,65.3764,91.6375,-114.624,-1488.0,-792.0,-1400.0,-600.0
-1486.0,-792.0,-107.886,7.02278e-07,88.3331,65.8716,91.6669,-114.128,-1486.0,-792.0,-1400.0,-600.0
-1484.0,-792.0,-107.853,6.99586e-07,88.3036,66.3706,91.6964,-113.629,-1484.0,-792.0,-1400.0,-600.0
-1482.0,-792.0,-107.82,6.96948e-07,88.274,66.8735,91.726,-113.127,-1482.0,-792.0,-1400.0,-600.0
-1480.0,-792.0,-107.787,6.94364e-07,88.2443,67.3801,91.7557,-112.62,-1480.0,-792.0,-1400.0,-600.0
-1478.0,-792.0,-107.756,6.91834e-07,88.2146,67.8906,91.7854,-112.109,-1478.0,-792.0,-1400.0,-600.0
-1476.0,-792.0,-107.724,6.8936e-07,88.1847,68.4047,91.8153,-111.595,-1476.0,-792.0,-1400.0,-600.0
-1474.0,-792.0,-107.694,6.86943e-07,88.1548,68.9225,91.8452,-111.077,-1474.0,-792.0,-1400.0,-600.0
-1472.0,-792.0,-107.664,6.84581e-07,88.1249,69.444,91.8751,-110.556,-1472.0,-792.0,-1400.0,-600.0
-1470.0,-792.0,-107.634,6.82277e-07,88.0948,69.969,91.9052,-110.031,-1470.0,-792.0,-1400.0,-600.0
-1468.0,-792.0,-107.606,6.80023e-07,88.0841,70.4976,91.9159,-109.502,-1468.0,-792.0,-1400.0,-600.0
-1466.0,-792.0,-107.577,6.77828e-07,88.0729,71.0296,91.9271,-108.97,-1466.0,-792.0,-1400.0,-600.0
-1464.0,-792.0,-107.55,6.75699e-07,88.0429,71.5651,91.9571,-108.435,-1464.0,-792.0,-1400.0,-600.0
-1462.0,-792.0,-107.523,6.73629e-07,88.0129,72.1039,91.9871,-107.896,-1462.0,-792.0,-1400.0,-600.0
-1460.0,-792.0,-107.497,6.7162e-07,87.9829,72.646,92.0171,-107.354,-1460.0,-792.0,-1400.0,-600.0
-1458.0,-792.0,-107.472,6.69671e-07,87.9529,73.1913,92.0471,-106.809,-1458.0,-792.0,-1400.0,-600.0
-1456.0,-792.0,-107.447,6.67783e-07,87.9229,73.7398,92.0771,-106.26,-1456.0,-792.0,-1400.0,-600.0
-1454.0,-792.0,-107.423,6.65957e-07,87.893,74.2914,92.107,-105.709,-1454.0,-792.0,-1400.0,-600.0
-1452.0,-792.0,-107.4,6.64192e-07,87.863,74.8459,92.137,-105.154,-1452.0,-792.0,-1400.0,-600.0
-1450.0,-792.0,-107.378,6.62491e-07,87.8332,75.4034,92.1668,-104.597,-1450.0,-792.0,-1400.0,-600.0
-1448.0,-792.0,-107.356,6.60853e-07,87.8033,75.9638,92.1967,-104.036,-1448.0,-792.0,-1400.0,-600.0
-1446.0,-792.0,-118.117,6.59281e-07,87.7736,76.5794,92.2264,-103.963,-1404.61,-618.561,-1404.61,-618.561
-1444.0,-792.0,-121.561,1.31865e-06,88.8867,82.7124,91.1133,86.076,-1397.81,-568.02,-1406.65,-499.954
-1442.0,-792.0,-121.995,1.31782e-06,88.8771,83.0003,91.1229,86.3638,-1397.86,-566.302,-1406.14,-499.953
-1440.0,-792.0,-122.424,1.31704e-06,88.8519,83.2885,91.1481,86.652,-1397.92,-564.388,-1405.63,-499.953
-1438.0,-792.0,-122.841,1.31628e-06,88.8267,83.5771,91.1733,86.9406,-1397.98,-562.242,-1405.12,-499.952
-1436.0,-792.0,-123.671,1.41815e-06,88.8882,86.8468,91.1118,99.3757,-1419.06,-484.548,-1419.06,-484.548
-1434.0,-792.0,-124.035,1.41781e-06,88.8652,87.1162,91.1348,99.1064,-1418.51,-484.518,-1418.51,-484.518
-1432.0,-792.0,-124.364,1.4175e-06,88.8422,87.3856,91.1578,98.8369,-1417.96,-484.488,-1417.96,-484.488
-1430.0,-792.0,-124.649,1.31244e-06,88.7249,85.6546,91.2751,94.4627,-1407.81,-499.955,-1407.81,-499.955
-1428.0,-792.0,-124.703,1.31197e-06,88.6998,85.9453,91.3002,94.172,-1407.3,-499.955,-1407.3,-499.955
-1426.0,-792.0,-124.713,1.31153e-06,88.6747,86.2361,91.3253,93.8811,-1406.79,-499.954,-1406.79,-499.954
-1424.0,-792.0,-124.687,1.31112e-06,88.6497,86.5272,91.3503,93.5901,-1406.28,-499.954,-1406.28,-499.954
-1422.0,-792.0,-124.634,1.31074e-06,88.6262,86.8185,91.3738,93.2988,-1405.77,-499.953,-1405.77,-499.953
-1420.0,-792.0,-124.56,1.3104e-06,88.6135,87.1099,91.3865,93.0074,-1405.26,-499.952,-1405.26,-499.952
-1418.0,-792.0,-124.474,1.31008e-06,88.6073,87.4015,91.3927,92.7158,-1404.75,-499.952,-1404.75,-499.952
-1416.0,-792.0,-124.381,1.30979e-06,88.607,87.6932,91.393,92.4241,-1404.24,-499.951,-1404.24,-499.951
-1414.0,-792.0,-124.289,1.30954e-06,88.6067,87.985,91.3933,92.1323,-1403.73,-499.951,-1403.73,-499.951
-1412.0,-792.0,-124.201,1.30933e-06,88.6065,88.277,91.3935,91.8403,-1403.21,-499.95,-1403.21,-499.95
-1410.0,-792.0,-124.121,1.30914e-06,88.6063,88.569,91.3937,91.5483,-1402.7,-499.95,-1402.7,-499.95
-1408.0,-792.0,-145.166,1.41971e-06,88.7148,94.7504,91.2852,99.5595,-1419.44,-484.568,-1425.26,-584.337
-1406.0,-792.0,-141.031,1.4203e-06,88.7154,95.298,91.2846,99.5595,-1419.44,-484.568,-1425.26,-584.337
-1404.0,-792.0,-133.204,1.42095e-06,88.716,95.8446,91.284,99.5595,-1419.44,-484.568,-1425.26,-584.337
-1402.0,-792.0,-137.057,1.42166e-06,88.7166,96.3901,91.2834,99.5595,-1419.44,-484.568,-1425.26,-584.337
-1400.0,-792.0,-144.332,1.42243e-06,88.7173,96.9345,91.2827,99.5595,-1419.44,-484.568,-1425.26,-584.337
-1398.0,-792.0,-148.795,1.42327e-06,88.7181,97.4777,91.2819,99.5595,-1419.44,-484.568,-1425.26,-584.337
-1396.0,-792.0,-151.975,1.42417e-06,88.7189,98.0194,91.2811,99.5595,-1419.44,-484.568,-1425.26,-584.337
-1394.0,-792.0,-137.39,1.42919e-06,88.7234,98.4796,91.2766,82.1554,-1396.76,-576.497,-1425.31,-581.97
-1392.0,-792.0,-137.269,1.43017e-06,88.7242,98.6489,91.2758,82.4644,-1396.79,-575.704,-1425.56,-571.356
-1390.0,-792.0,-140.085,1.33118e-06,88.6294,38.9137,91.3706,-35.9954,-1376.1,-617.359,-1239.87,-670.8
-1388.0,-792.0,-142.807,1.326e-06,88.624,39.1365,91.376,-35.9954,-1376.1,-617.359,-1239.87,-671.46
-1386.0,-792.0,-145.699,1.32083e-06,88.6186,39.3615,91.3814,-35.9954,-1376.1,-617.359,-1239.87,-672.13
-1384.0,-792.0,-162.271,1.24813e-06,86.7989,35.2449,64.2309,29.4685,-1381.87,-589.755,-1239.87,-690.159
-1382.0,-792.0,-162.259,1.2427e-06,86.7849,35.4228,64.1174,29.6211,-1381.99,-589.759,-1239.87,-690.909
-1380.0,-792.0,-162.208,1.23727e-06,86.7707,35.6022,64.0031,29.7752,-1382.11,-589.762,-1239.87,-691.67
-1378.0,-792.0,-162.115,1.23186e-06,86.7564,35.7832,63.888,29.931,-1382.22,-589.766,-1239.87,-692.44
-1376.0,-792.0,-161.983,1.22646e-06,86.7421,35.9657,63.772,30.0885,-1382.34,-589.77,-1239.87,-693.221
-1374.0,-792.0,-161.821,1.22107e-06,86.7338,36.15,63.6554,30.2474,-1382.46,-589.773,-1239.87,-694.013
-1372.0,-792.0,-161.637,1.21568e-06,86.7334,36.3359,63.5384,30.4075,-1382.58,-589.777,-1239.87,-694.815
-1370.0,-792.0,-161.447,1.2103e-06,86.733,36.5234,63.4204,30.5693,-1382.7,-589.781,-1239.87,-695.628
-1368.0,-792.0,-161.26,1.20494e-06,86.7327,36.7126,63.3016,30.733,-1382.82,-589.784,-1239.87,-696.453
-1366.0,-792.0,-161.087,1.19959e-06,86.7324,36.9036,63.1819,30.8985,-1382.94,-589.788,-1239.87,-697.289
-1364.0,-792.0,-160.937,1.19425e-06,86.7322,37.0962,63.0613,31.0658,-1383.05,-589.791,-1239.87,-698.136
-1362.0,-792.0,-160.749,1.30545e-06,87.3017,43.5594,82.8607,44.8503,-1389.95,-590.002,-1239.87,-675.861
-1360.0,-792.0,-159.33,1.30062e-06,87.3061,43.7623,82.8347,45.0524,-1390.02,-590.005,-1239.87,-676.95
-1358.0,-792.0,-158.192,1.2958e-06,87.3105,43.9667,82.8086,45.256,-1390.1,-590.007,-1239.87,-678.055
-1356.0,-792.0,-157.3,1.29099e-06,87.3151,44.1726,82.7824,45.4613,-1390.17,-590.009,-1239.87,-679.176
-1354.0,-792.0,-156.613,1.28621e-06,87.3196,44.3801,82.7561,45.668,-1390.24,-590.011,-1239.87,-680.313
-1352.0,-792.0,-156.095,1.28144e-06,87.3243,44.5891,82.7297,45.8764,-1390.31,-590.014,-1239.87,-681.467
-1350.0,-792.0,-155.72,1.27669e-06,87.329,44.7997,82.7032,46.0863,-1390.39,-590.016,-1239.87,-682.637
-1348.0,-792.0,-155.468,1.27195e-06,87.3338,45.0118,82.6766,46.2978,-1390.46,-590.018,-1239.87,-683.826
-1346.0,-792.0,-155.329,1.26724e-06,87.3386,45.2255,82.6499,46.5109,-1390.53,-590.02,-1239.87,-685.032
-1344.0,-792.0,-169.746,1.13386e-06,88.6106,45.4839,91.3894,-9.41385,-1309.77,-614.96,-1239.87,-686.097
-1342.0,-792.0,-169.918,1.12919e-06,88.6191,45.8149,91.3809,-9.41385,-1309.77,-614.96,-1239.87,-686.923
-1340.0,-792.0,-170.266,1.12455e-06,88.6278,46.1497,91.3722,-9.41385,-1309.77,-614.96,-1239.87,-687.77
-1338.0,-792.0,-170.91,1.11994e-06,88.6366,46.4883,91.3634,-9.41385,-1309.77,-614.96,-1239.87,-688.636
-1336.0,-792.0,-171.146,1.5951e-06,89.0529,-172.946,90.9471,-124.21,-1548.4,-818.284,-1548.4,-818.284
-1334.0,-792.0,-171.222,1.60172e-06,89.0669,-173.011,90.9331,-124.21,-1548.4,-818.284,-1548.4,-818.284
-1332.0,-792.0,-171.297,1.60834e-06,89.0807,-173.075,90.9193,-124.21,-1548.4,-818.284,-1548.4,-818.284
-1330.0,-792.0,-171.37,1.61496e-06,89.0945,-173.138,90.9055,-124.21,-1548.4,-818.284,-1548.4,-818.284
-1328.0,-792.0,-171.442,1.62158e-06,89.1082,-173.199,90.8918,-124.21,-1548.4,-818.284,-1548.4,-818.284
-1326.0,-792.0,-162.705,1.61763e-06,89.1011,60.7686,90.8989,-43.396,-1381.4,-617.583,-1239.86,-638.074
-1324.0,-792.0,-154.244,1.39093e-06,85.2446,39.0652,88.6296,-33.5532,-1373.96,-617.269,-1196.0,-688.104
-1322.0,-792.0,-154.249,1.38582e-06,85.1238,39.2448,88.6327,-33.7242,-1374.12,-617.276,-1195.97,-689.047
-1320.0,-792.0,-154.325,1.38073e-06,84.9997,39.4262,88.6359,-33.8963,-1374.28,-617.282,-1195.94,-690.0
-1318.0,-792.0,-154.476,1.37565e-06,84.8722,39.6092,88.6391,-34.0695,-1374.44,-617.289,-1195.91,-690.965
-1316.0,-792.0,-154.706,1.37059e-06,84.741,39.7941,88.6423,-34.244,-1374.59,-617.295,-1195.88,-691.94
-1314.0,-792.0,-155.026,1.36554e-06,84.6061,39.9808,88.6455,-34.4196,-1374.75,-617.302,-1195.85,-692.927
-1312.0,-792.0,-155.454,1.36051e-06,84.4673,40.1694,88.6488,-34.5964,-1374.91,-617.309,-1195.82,-693.925
-1310.0,-792.0,-156.009,1.3555e-06,84.3243,40.3599,88.6521,-34.7744,-1375.06,-617.315,-1195.79,-694.935
-1308.0,-792.0,-156.718,1.3505e-06,84.1771,40.5525,88.6554,-34.9536,-1375.22,-617.322,-1195.76,-695.956
-1306.0,-792.0,-157.605,1.34552e-06,84.0253,40.747,88.6588,-35.1339,-1375.38,-617.328,-1195.72,-696.989
-1304.0,-792.0,-158.667,1.34056e-06,83.8687,40.9437,88.6622,-35.3155,-1375.53,-617.335,-1195.69,-698.035
-1302.0,-792.0,-159.766,1.33559e-06,83.7376,41.1409,88.6657,-35.4992,-1375.69,-617.342,-1195.66,-699.098
-1300.0,-792.0,-160.703,1.33063e-06,83.6153,41.3393,88.6692,-35.6846,-1375.84,-617.348,-1195.62,-700.177
-1298.0,-792.0,-168.597,1.57457e-06,88.8413,64.2035,91.1587,-43.396,-1381.4,-617.583,-1239.87,-671.73
-1296.0,-792.0,-170.018,1.57168e-06,88.8391,64.457,91.1609,-43.396,-1381.4,-617.583,-1239.87,-674.545
-1294.0,-792.0,-171.3,1.57264e-06,88.8398,65.669,91.1602,-43.3117,-1381.35,-617.58,-1239.87,-672.284
-1292.0,-792.0,-171.625,1.32658e-06,88.6246,96.1431,91.3754,15.8832,-1361.84,-589.142,-1309.31,-631.135
-1290.0,-792.0,-171.591,1.32734e-06,88.6254,96.8463,91.3746,15.8832,-1361.84,-589.142,-1309.31,-631.135
-1288.0,-792.0,-171.529,1.32817e-06,88.6262,97.5475,91.3738,15.8832,-1361.84,-589.142,-1309.31,-631.135
-1286.0,-792.0,-171.437,1.32909e-06,88.6272,98.2464,91.3728,15.8832,-1361.84,-589.142,-1309.31,-631.135
-1284.0,-792.0,-171.318,1.33009e-06,88.6282,98.9428,91.3718,15.8832,-1361.84,-589.142,-1309.31,-631.135
-1282.0,-792.0,-170.176,1.55667e-06,88.8279,67.3061,91.1721,-43.3117,-1381.35,-617.58,-1239.87,-691.258
-1280.0,-792.0,-168.832,1.55411e-06,88.8254,67.5829,91.1746,-43.3117,-1381.35,-617.58,-1239.87,-694.725
-1278.0,-792.0,-167.646,1.55159e-06,88.8131,67.8608,91.1869,-43.3117,-1381.35,-617.58,-1239.87,-698.288
-1276.0,-792.0,-166.651,1.54909e-06,88.8054,68.1398,91.1946,-43.3117,-1381.35,-617.58,-1239.87,-701.951
-1274.0,-792.0,-165.835,1.54662e-06,88.8034,68.4198,91.1966,-43.3117,-1381.35,-617.58,-1239.87,-705.72
-1272.0,-792.0,-170.532,1.33773e-06,88.6265,103.059,91.3735,15.8832,-1361.84,-589.142,-1309.31,-631.135
-1270.0,-792.0,-170.458,1.33927e-06,88.6401,103.733,91.3599,15.8832,-1361.84,-589.142,-1309.31,-631.135
-1268.0,-792.0,-170.406,1.34089e-06,88.6538,104.404,91.3462,15.8832,-1361.84,-589.142,-1309.31,-631.135
-1266.0,-792.0,-170.373,1.34258e-06,88.6675,105.07,91.3325,15.8832,-1361.84,-589.142,-1309.31,-631.135
-1264.0,-792.0,-170.359,1.34434e-06,88.6813,105.732,91.3187,15.8832,-1361.84,-589.142,-1309.31,-631.135
-1262.0,-792.0,-170.362,1.34618e-06,88.6951,106.39,91.3049,15.8832,-1361.84,-589.142,-1309.31,-631.135
-1260.0,-792.0,-170.382,1.3481e-06,88.7089,107.043,91.2911,15.8832,-1361.84,-589.142,-1309.31,-631.135
-1258.0,-792.0,-170.419,1.35008e-06,88.7228,107.692,91.2772,15.8832,-1361.84,-589.142,-1309.31,-631.135
-1256.0,-792.0,-170.473,1.35214e-06,88.7366,108.336,91.2634,15.8832,-1361.84,-589.142,-1309.31,-631.135
-1254.0,-792.0,-170.548,1.35427e-06,88.7505,108.976,91.2495,15.8832,-1361.84,-589.142,-1309.31,-631.135
-1252.0,-792.0,-170.648,1.35646e-06,88.7645,109.61,91.2355,15.8832,-1361.84,-589.142,-1309.31,-631.135
-1250.0,-792.0,-170.777,1.35873e-06,88.7784,110.24,91.2216,15.8832,-1361.84,-589.142,-1309.31,-631.135
-1248.0,-792.0,-163.081,1.52208e-06,88.9098,74.8824,91.0902,-43.3117,-1381.35,-617.58,-1237.7,-753.862
-1246.0,-792.0,-163.075,1.52036e-06,88.9085,75.1799,91.0915,-43.3117,-1381.35,-617.58,-1237.5,-759.875
-1244.0,-792.0,-163.099,1.51867e-06,88.9073,75.4782,91.0927,-43.3117,-1381.35,-617.58,-1237.3,-766.118
-1242.0,-792.0,-162.696,1.50727e-06,88.899,106.309,91.101,-43.3117,-1381.35,-617.58,-1325.61,-506.23
-1240.0,-792.0,-162.626,1.50916e-06,88.9004,106.607,91.0996,-43.3117,-1381.35,-617.58,-1325.23,-506.223
-1238.0,-792.0,-162.568,1.51108e-06,88.9018,106.905,91.0982,-43.3117,-1381.35,-617.58,-1324.85,-506.215
-1236.0,-792.0,-162.522,1.51304e-06,88.9032,107.201,91.0968,-43.3117,-1381.35,-617.58,-1324.48,-506.207
-1234.0,-792.0,-162.488,1.51503e-06,88.9047,107.497,91.0953,-43.3117,-1381.35,-617.58,-1324.1,-506.2
-1232.0,-792.0,-171.067,1.38218e-06,88.7994,115.67,91.2006,15.8832,-1361.84,-589.142,-1309.31,-631.135
-1230.0,-792.0,-165.432,1.6404e-06,88.9884,-102.84,91.0116,-43.3117,-1381.35,-617.58,-1234.33,-811.013
-1228.0,-792.0,-165.342,1.6419e-06,88.9819,-103.114,91.0181,-43.3117,-1381.35,-617.58,-1232.41,-810.95
-1226.0,-792.0,-174.095,1.9603e-06,89.1391,-175.339,90.8609,-124.21,-1548.4,-818.284,-1548.4,-818.284
-1224.0,-792.0,-174.136,1.96696e-06,89.1338,-175.368,90.8662,-124.21,-1548.4,-818.284,-1548.4,-818.284
-1222.0,-792.0,-174.177,1.97361e-06,89.1285,-175.396,90.8715,-124.21,-1548.4,-818.284,-1548.4,-818.284
-1220.0,-792.0,-174.217,1.98027e-06,89.1233,-175.424,90.8767,-124.21,-1548.4,-818.284,-1548.4,-818.284
-1218.0,-792.0,-174.257,1.98693e-06,89.1181,-175.452,90.8819,-124.21,-1548.4,-818.284,-1548.4,-818.284
-1216.0,-792.0,-174.297,1.99358e-06,89.113,-175.479,90.887,-124.21,-1548.4,-818.284,-1548.4,-818.284
-1214.0,-792.0,0.0,0.0,0.0,0.0,0.0,0.0,0.0,0.0,0.0,0.0
-1212.0,-792.0,0.0,0.0,0.0,0.0,0.0,0.0,0.0,0.0,0.0,0.0
-1210.0,-792.0,0.0,0.0,0.0,0.0,0.0,0.0,0.0,0.0,0.0,0.0
-1208.0,-792.0,0.0,0.0,0.0,0.0,0.0,0.0,0.0,0.0,0.0,0.0
-1206.0,-792.0,0.0,0.0,0.0,0.0,0.0,0.0,0.0,0.0,0.0,0.0
-1204.0,-792.0,0.0,0.0,0.0,0.0,0.0,0.0,0.0,0.0,0.0,0.0
-1202.0,-792.0,0.0,0.0,0.0,0.0,0.0,0.0,0.0,0.0,0.0,0.0
-1600.0,-790.0,-110.25,9.20937e-07,88.1849,43.5312,91.8151,-136.469,-1600.0,-790.0,-1400.0,-600.0
-1598.0,-790.0,-110.204,9.16113e-07,88.1754,43.8188,91.8246,-136.181,-1598.0,-790.0,-1400.0,-600.0
-1596.0,-790.0,-110.158,9.11312e-07,88.1657,44.1095,91.8343,-135.891,-1596.0,-790.0,-1400.0,-600.0
-1594.0,-790.0,-110.112,9.06535e-07,88.1561,44.4032,91.8439,-135.597,-1594.0,-790.0,-1400.0,-600.0
-1592.0,-790.0,-110.066,9.01782e-07,88.1463,44.7,91.8537,-135.3,-1592.0,-790.0,-1400.0,-600.0
-1590.0,-790.0,-110.02,8.97053e-07,88.1366,45.0,91.8634,-135.0,-1590.0,-790.0,-1400.0,-600.0
-1588.0,-790.0,-109.974,8.92349e-07,88.1267,45.3031,91.8733,-134.697,-1588.0,-790.0,-1400.0,-600.0
-1586.0,-790.0,-109.929,8.87671e-07,88.1169,45.6095,91.8831,-134.39,-1586.0,-790.0,-1400.0,-600.0
-1584.0,-790.0,-109.883,8.83009e-07,88.1231,45.9191,91.8769,-134.081,-1584.0,-790.0,-1400.0,-600.0
-1582.0,-790.0,-109.837,8.78364e-07,88.1499,46.232,91.8501,-133.768,-1582.0,-790.0,-1400.0,-600.0
-1580.0,-790.0,-109.791,8.73746e-07,88.1756,46.5482,91.8244,-133.452,-1580.0,-790.0,-1400.0,-600.0
-1578.0,-790.0,-109.745,8.69163e-07,88.1845,46.8677,91.8155,-133.132,-1578.0,-790.0,-1400.0,-600.0
-1576.0,-790.0,-109.699,8.64608e-07,88.1936,47.1906,91.8064,-132.809,-1576.0,-790.0,-1400.0,-600.0
-1574.0,-790.0,-109.653,8.6008e-07,88.2029,47.5169,91.7971,-132.483,-1574.0,-790.0,-1400.0,-600.0
-1572.0,-790.0,-109.607,8.55581e-07,88.2123,47.8466,91.7877,-132.153,-1572.0,-790.0,-1400.0,-600.0
-1570.0,-790.0,-109.562,8.5111e-07,88.2219,48.1798,91.7781,-131.82,-1570.0,-790.0,-1400.0,-600.0
-1568.0,-790.0,-109.516,8.46668e-07,88.2316,48.5165,91.7684,-131.483,-1568.0,-790.0,-1400.0,-600.0
-1566.0,-790.0,-109.471,8.42256e-07,88.2415,48.8568,91.7585,-131.143,-1566.0,-790.0,-1400.0,-600.0
-1564.0,-790.0,-109.425,8.37874e-07,88.2516,49.2006,91.7484,-130.799,-1564.0,-790.0,-1400.0,-600.0
-1562.0,-790.0,-109.38,8.33522e-07,88.2618,49.548,91.7382,-130.452,-1562.0,-790.0,-1400.0,-600.0
-1560.0,-790.0,-109.334,8.29201e-07,88.2723,49.8991,91.7277,-130.101,-1560.0,-790.0,-1400.0,-600.0
-1558.0,-790.0,-109.289,8.24912e-07,88.2828,50.2538,91.7172,-129.746,-1558.0,-790.0,-1400.0,-600.0
-1556.0,-790.0,-109.244,8.20654e-07,88.2936,50.6122,91.7064,-129.388,-1556.0,-790.0,-1400.0,-600.0
-1554.0,-790.0,-109.199,8.16429e-07,88.3045,50.9743,91.6955,-129.026,-1554.0,-790.0,-1400.0,-600.0
-1552.0,-790.0,-109.154,8.12237e-07,88.3157,51.3402,91.6843,-128.66,-1552.0,-790.0,-1400.0,-600.0
-1550.0,-790.0,-109.109,8.08079e-07,88.327,51.7098,91.673,-128.29,-1550.0,-790.0,-1400.0,-600.0
-1548.0,-790.0,-109.065,8.03954e-07,88.3385,52.0833,91.6615,-127.917,-1548.0,-790.0,-1400.0,-600.0
-1546.0,-790.0,-109.02,7.99864e-07,88.3502,52.4606,91.6498,-127.539,-1546.0,-790.0,-1400.0,-600.0
-1544.0,-790.0,-108.976,7.95809e-07,88.362,52.8417,91.638,-127.158,-1544.0,-790.0,-1400.0,-600.0
-1542.0,-790.0,-108.932,7.9179e-07,88.3741,53.2267,91.6259,-126.773,-1542.0,-790.0,-1400.0,-600.0
-1540.0,-790.0,-108.888,7.87807e-07,88.3864,53.6156,91.6136,-126.384,-1540.0,-790.0,-1400.0,-600.0
-1538.0,-790.0,-108.844,7.8386e-07,88.3989,54.0085,91.6011,-125.991,-1538.0,-790.0,-1400.0,-600.0
-1536.0,-790.0,-108.801,7.79962e-07,88.3805,54.4053,91.6195,-125.595,-1536.0,-790.0,-1400.0,-600.0
-1534.0,-790.0,-108.757,7.76107e-07,88.3517,54.8061,91.6483,-125.194,-1534.0,-790.0,-1400.0,-600.0
-1532.0,-790.0,-108.714,7.72283e-07,88.3387,55.2109,91.6613,-124.789,-1532.0,-790.0,-1400.0,-600.0
-1530.0,-790.0,-108.671,7.68489e-07,88.3515,55.6197,91.6485,-124.38,-1530.0,-790.0,-1400.0,-600.0
-1528.0,-790.0,-108.629,7.64734e-07,88.3645,56.0325,91.6355,-123.968,-1528.0,-790.0,-1400.0,-600.0
-1526.0,-790.0,-108.586,7.61019e-07,88.3777,56.4493,91.6223,-123.551,-1526.0,-790.0,-1400.0,-600.0
-1524.0,-790.0,-108.544,7.57344e-07,88.3912,56.8703,91.6088,-123.13,-1524.0,-790.0,-1400.0,-600.0
-1522.0,-790.0,-108.502,7.53711e-07,88.4048,57.2953,91.5952,-122.705,-1522.0,-790.0,-1400.0,-600.0
-1520.0,-790.0,-108.461,7.5012e-07,88.4187,57.7244,91.5813,-122.276,-1520.0,-790.0,-1400.0,-600.0
-1518.0,-790.0,-108.419,7.46572e-07,88.4328,58.1575,91.5672,-121.842,-1518.0,-790.0,-1400.0,-600.0
-1516.0,-790.0,-108.378,7.43066e-07,88.4471,58.5948,91.5529,-121.405,-1516.0,-790.0,-1400.0,-600.0
-1514.0,-790.0,-108.338,7.39604e-07,88.4617,59.0362,91.5383,-120.964,-1514.0,-790.0,-1400.0,-600.0
-1512.0,-790.0,-108.297,7.36194e-07,88.4567,59.4818,91.5433,-120.518,-1512.0,-790.0,-1400.0,-600.0
-1510.0,-790.0,-108.257,7.32828e-07,88.4496,59.9314,91.5504,-120.069,-1510.0,-790.0,-1400.0,-600.0
-1508.0,-790.0,-108.218,7.29509e-07,88.4425,60.3852,91.5575,-119.615,-1508.0,-790.0,-1400.0,-600.0
-1506.0,-790.0,-108.179,7.26236e-07,88.4355,60.8431,91.5645,-119.157,-1506.0,-790.0,-1400.0,-600.0
-1504.0,-790.0,-108.14,7.23009e-07,88.4285,61.3051,91.5715,-118.695,-1504.0,-790.0,-1400.0,-600.0
-1502.0,-790.0,-108.101,7.1983e-07,88.4215,61.7712,91.5785,-118.229,-1502.0,-790.0,-1400.0,-600.0
-1500.0,-790.0,-108.063,7.16699e-07,88.4146,62.2415,91.5854,-117.759,-1500.0,-790.0,-1400.0,-600.0
-1498.0,-790.0,-108.026,7.13616e-07,88.4078,62.7158,91.5922,-117.284,-1498.0,-790.0,-1400.0,-600.0
-1496.0,-790.0,-107.989,7.10583e-07,88.401,63.1942,91.599,-116.806,-1496.0,-790.0,-1400.0,-600.0
-1494.0,-790.0,-107.952,7.07603e-07,88.3845,63.6767,91.6155,-116.323,-1494.0,-790.0,-1400.0,-600.0
-1492.0,-790.0,-107.916,7.04678e-07,88.3549,64.1632,91.6451,-115.837,-1492.0,-790.0,-1400.0,-600.0
-1490.0,-790.0,-107.88,7.01805e-07,88.3252,64.6538,91.6748,-115.346,-1490.0,-790.0,-1400.0,-600.0
-1488.0,-790.0,-107.845,6.98984e-07,88.2953,65.1484,91.7047,-114.852,-1488.0,-790.0,-1400.0,-600.0
-1486.0,-790.0,-107.811,6.96215e-07,88.2653,65.647,91.7347,-114.353,-1486.0,-790.0,-1400.0,-600.0
-1484.0,-790.0,-107.777,6.935e-07,88.2352,66.1495,91.7648,-113.85,-1484.0,-790.0,-1400.0,-600.0
-1482.0,-790.0,-107.743,6.90839e-07,88.205,66.656,91.795,-113.344,-1482.0,-790.0,-1400.0,-600.0
-1480.0,-790.0,-107.71,6.88232e-07,88.1748,67.1663,91.8252,-112.834,-1480.0,-790.0,-1400.0,-600.0
-1478.0,-790.0,-107.678,6.8568e-07,88.1444,67.6806,91.8556,-112.319,-1478.0,-790.0,-1400.0,-600.0
-1476.0,-790.0,-107.646,6.83184e-07,88.114,68.1986,91.886,-111.801,-1476.0,-790.0,-1400.0,-600.0
-1474.0,-790.0,-107.615,6.80744e-07,88.0835,68.7204,91.9165,-111.28,-1474.0,-790.0,-1400.0,-600.0
-1472.0,-790.0,-107.584,6.78362e-07,88.0529,69.2459,91.9471,-110.754,-1472.0,-790.0,-1400.0,-600.0
-1470.0,-790.0,-107.554,6.76031e-07,88.0362,69.7751,91.9638,-110.225,-1470.0,-790.0,-1400.0,-600.0
-1468.0,-790.0,-107.525,6.73755e-07,88.0295,70.308,91.9705,-109.692,-1468.0,-790.0,-1400.0,-600.0
-1466.0,-790.0,-107.496,6.71539e-07,88.018,70.8444,91.982,-109.156,-1466.0,-790.0,-1400.0,-600.0
-1464.0,-790.0,-107.468,6.6939e-07,87.9875,71.3843,92.0125,-108.616,-1464.0,-790.0,-1400.0,-600.0
-1462.0,-790.0,-107.441,6.67301e-07,87.957,71.9277,92.043,-108.072,-1462.0,-790.0,-1400.0,-600.0
-1460.0,-790.0,-107.414,6.65272e-07,87.9264,72.4744,92.0736,-107.526,-1460.0,-790.0,-1400.0,-600.0
-1458.0,-790.0,-107.389,6.63305e-07,87.8959,73.0245,92.1041,-106.975,-1458.0,-790.0,-1400.0,-600.0
-1456.0,-790.0,-107.364,6.61399e-07,87.8654,73.5778,92.1346,-106.422,-1456.0,-790.0,-1400.0,-600.0
-1454.0,-790.0,-107.339,6.59555e-07,87.835,74.1343,92.165,-105.866,-1454.0,-790.0,-1400.0,-600.0
-1452.0,-790.0,-107.316,6.57774e-07,87.8046,74.6939,92.1954,-105.306,-1452.0,-790.0,-1400.0,-600.0
-1450.0,-790.0,-107.293,6.56056e-07,87.7742,75.2564,92.2258,-104.744,-1450.0,-790.0,-1400.0,-600.0
-1448.0,-790.0,-107.271,6.54402e-07,87.7439,75.8219,92.2561,-104.178,-1448.0,-790.0,-1400.0,-600.0
-1446.0,-790.0,-116.75,6.52805e-07,87.7318,76.4286,92.2682,-103.963,-1404.61,-618.561,-1404.61,-618.561
-1444.0,-790.0,-121.457,1.31203e-06,88.8717,82.6755,91.1283,86.039,-1397.8,-568.228,-1406.72,-499.954
-1442.0,-790.0,-121.893,1.3112e-06,88.862,82.9648,91.138,86.3283,-1397.85,-566.524,-1406.21,-499.953
-1440.0,-790.0,-122.324,1.31041e-06,88.8366,83.2544,91.1634,86.6179,-1397.91,-564.626,-1405.69,-499.953
-1438.0,-790.0,-122.745,1.30966e-06,88.8113,83.5444,91.1887,86.9079,-1397.97,-562.498,-1405.18,-499.952
-1436.0,-790.0,-123.605,1.4115e-06,88.8742,86.8319,91.1258,99.3906,-1419.09,-484.549,-1419.09,-484.549
-1434.0,-790.0,-123.972,1.41115e-06,88.8511,87.1025,91.1489,99.12,-1418.54,-484.519,-1418.54,-484.519
-1432.0,-790.0,-124.305,1.41084e-06,88.8279,87.3732,91.1721,98.8493,-1417.98,-484.489,-1417.98,-484.489
-1430.0,-790.0,-124.596,1.3058e-06,88.7089,85.6324,91.2911,94.4849,-1407.85,-499.955,-1407.85,-499.955
-1428.0,-790.0,-124.655,1.30532e-06,88.6837,85.9245,91.3163,94.1928,-1407.33,-499.955,-1407.33,-499.955
-1426.0,-790.0,-124.669,1.30487e-06,88.6585,86.2169,91.3415,93.9004,-1406.82,-499.954,-1406.82,-499.954
-1424.0,-790.0,-124.646,1.30446e-06,88.6333,86.5095,91.3667,93.6078,-1406.31,-499.954,-1406.31,-499.954
-1422.0,-790.0,-124.593,1.30408e-06,88.6192,86.8022,91.3808,93.3151,-1405.8,-499.953,-1405.8,-499.953
-1420.0,-790.0,-124.521,1.30373e-06,88.6065,87.0951,91.3935,93.0222,-1405.28,-499.953,-1405.28,-499.953
-1418.0,-790.0,-124.435,1.30342e-06,88.6002,87.3882,91.3998,92.7291,-1404.77,-499.952,-1404.77,-499.952
-1416.0,-790.0,-124.342,1.30313e-06,88.5998,87.6814,91.4002,92.4359,-1404.26,-499.951,-1404.26,-499.951
-1414.0,-790.0,-124.249,1.30288e-06,88.5996,87.9747,91.4004,92.1426,-1403.74,-499.951,-1403.74,-499.951
-1412.0,-790.0,-124.16,1.30266e-06,88.5993,88.2681,91.4007,91.8492,-1403.23,-499.95,-1403.23,-499.95
-1410.0,-790.0,-124.08,1.30247e-06,88.5991,88.5617,91.4009,91.5556,-1402.72,-499.95,-1402.72,-499.95
-1408.0,-790.0,-144.837,1.41306e-06,88.7088,94.7964,91.2912,99.5595,-1419.44,-484.568,-1425.26,-584.337
-1406.0,-790.0,-140.434,1.41365e-06,88.7093,95.3492,91.2907,99.5595,-1419.44,-484.568,-1425.26,-584.337
-1404.0,-790.0,-132.001,1.41431e-06,88.7099,95.901,91.2901,99.5595,-1419.44,-484.568,-1425.26,-584.337
-1402.0,-790.0,-138.039,1.41503e-06,88.7106,96.4518,91.2894,99.5595,-1419.44,-484.568,-1425.26,-584.337
-1400.0,-790.0,-144.924,1.41581e-06,88.7113,97.0013,91.2887,99.5595,-1419.44,-484.568,-1425.26,-584.337
-1398.0,-790.0,-149.207,1.41665e-06,88.7121,97.5495,91.2879,99.5595,-1419.44,-484.568,-1425.26,-584.337
-1396.0,-790.0,-152.299,1.41756e-06,88.7129,98.0964,91.2871,99.5595,-1419.44,-484.568,-1425.26,-584.337
-1394.0,-790.0,-154.742,1.41853e-06,88.7138,98.6418,91.2862,99.5595,-1419.44,-484.568,-1425.26,-584.337
-1392.0,-790.0,-156.778,1.41957e-06,88.7147,99.1856,91.2853,99.5595,-1419.44,-484.568,-1425.26,-584.337
-1390.0,-790.0,-136.64,1.327e-06,88.625,38.6379,91.375,-35.9954,-1376.1,-617.359,-1239.87,-669.989
-1388.0,-790.0,-139.359,1.3218e-06,88.6196,38.8602,91.3804,-35.9954,-1376.1,-617.359,-1239.87,-670.642
-1386.0,-790.0,-142.091,1.31661e-06,88.6142,39.0848,91.3858,-35.9954,-1376.1,-617.359,-1239.87,-671.306
-1384.0,-790.0,-144.961,1.31144e-06,88.6087,39.3115,91.3913,-35.9954,-1376.1,-617.359,-1239.87,-671.981
-1382.0,-790.0,-148.101,1.30629e-06,88.6032,39.5405,91.3968,-35.9954,-1376.1,-617.359,-1239.87,-672.667
-1380.0,-790.0,-162.193,1.23341e-06,86.7586,35.3496,64.1626,29.5603,-1381.94,-589.757,-1239.87,-690.601
-1378.0,-790.0,-162.157,1.22798e-06,86.7442,35.53,64.0476,29.7152,-1382.06,-589.761,-1239.87,-691.365
-1376.0,-790.0,-162.079,1.22256e-06,86.7326,35.7121,63.9318,29.8716,-1382.18,-589.765,-1239.87,-692.138
-1374.0,-790.0,-161.957,1.21714e-06,86.7321,35.8958,63.8157,30.0291,-1382.3,-589.768,-1239.87,-692.922
-1372.0,-790.0,-161.801,1.21173e-06,86.7317,36.0812,63.6987,30.1883,-1382.42,-589.772,-1239.87,-693.717
-1370.0,-790.0,-161.622,1.20634e-06,86.7313,36.2682,63.5809,30.3493,-1382.54,-589.776,-1239.87,-694.523
-1368.0,-790.0,-161.43,1.20096e-06,86.7309,36.4569,63.4621,30.512,-1382.66,-589.779,-1239.87,-695.339
-1366.0,-790.0,-161.24,1.19559e-06,86.7306,36.6473,63.3425,30.6766,-1382.78,-589.783,-1239.87,-696.168
-1364.0,-790.0,-161.06,1.19023e-06,86.7303,36.8394,63.222,30.843,-1382.9,-589.787,-1239.87,-697.007
-1362.0,-790.0,-160.899,1.18489e-06,86.73,37.0333,63.1006,31.0112,-1383.02,-589.79,-1239.87,-697.859
-1360.0,-790.0,-160.759,1.296e-06,87.3044,43.5489,82.862,44.8397,-1389.95,-590.002,-1239.87,-675.805
-1358.0,-790.0,-159.314,1.29117e-06,87.3088,43.7532,82.8359,45.0432,-1390.02,-590.004,-1239.87,-676.902
-1356.0,-790.0,-158.157,1.28635e-06,87.3133,43.9591,82.8096,45.2484,-1390.09,-590.007,-1239.87,-678.014
-1354.0,-790.0,-157.251,1.28154e-06,87.3179,44.1665,82.7832,45.4551,-1390.17,-590.009,-1239.87,-679.143
-1352.0,-790.0,-156.554,1.27676e-06,87.3225,44.3755,82.7567,45.6633,-1390.24,-590.011,-1239.87,-680.288
-1350.0,-790.0,-156.029,1.27199e-06,87.3272,44.5861,82.7301,45.8732,-1390.31,-590.013,-1239.87,-681.45
-1348.0,-790.0,-155.649,1.26724e-06,87.332,44.7982,82.7034,46.0847,-1390.39,-590.016,-1239.87,-682.629
-1346.0,-790.0,-155.395,1.2625e-06,87.3368,45.0119,82.6766,46.2978,-1390.46,-590.018,-1239.87,-683.826
-1344.0,-790.0,-155.255,1.25779e-06,87.3418,45.2273,82.6497,46.5125,-1390.53,-590.02,-1239.87,-685.041
-1342.0,-790.0,-169.662,1.12442e-06,88.6243,45.4895,91.3757,-9.41385,-1309.77,-614.96,-1239.87,-686.111
-1340.0,-790.0,-169.839,1.11975e-06,88.633,45.8244,91.367,-9.41385,-1309.77,-614.96,-1239.87,-686.947
-1338.0,-790.0,-170.199,1.11511e-06,88.6417,46.1631,91.3583,-9.41385,-1309.77,-614.96,-1239.87,-687.804
-1336.0,-790.0,-170.866,1.11049e-06,88.6506,46.5057,91.3494,-9.41385,-1309.77,-614.96,-1239.87,-688.681
-1334.0,-790.0,-171.074,1.60256e-06,89.0751,-172.485,90.9249,-124.21,-1548.4,-818.284,-1548.4,-818.284
-1332.0,-790.0,-171.155,1.60917e-06,89.0889,-172.554,90.9111,-124.21,-1548.4,-818.284,-1548.4,-818.284
-1330.0,-790.0,-171.235,1.61578e-06,89.1026,-172.621,90.8974,-124.21,-1548.4,-818.284,-1548.4,-818.284
-1328.0,-790.0,-171.312,1.6224e-06,89.106,-172.687,90.894,-124.21,-1548.4,-818.284,-1548.4,-818.284
-1326.0,-790.0,-171.388,1.62902e-06,89.0997,-172.752,90.9003,-124.21,-1548.4,-818.284,-1548.4,-818.284
-1324.0,-790.0,-162.716,1.60856e-06,89.0769,60.8739,90.9231,-43.396,-1381.4,-617.583,-1239.86,-638.998
-1322.0,-790.0,-162.86,1.60533e-06,89.0549,61.1139,90.9451,-43.396,-1381.4,-617.583,-1239.86,-641.124
-1320.0,-790.0,-154.397,1.37653e-06,84.96,39.2118,88.6319,-33.6805,-1374.08,-617.274,-1195.98,-688.806
-1318.0,-790.0,-154.463,1.37144e-06,84.8316,39.3947,88.6351,-33.8535,-1374.24,-617.281,-1195.95,-689.763
-1316.0,-790.0,-154.604,1.36636e-06,84.6995,39.5793,88.6383,-34.0277,-1374.4,-617.287,-1195.92,-690.731
-1314.0,-790.0,-154.828,1.3613e-06,84.5637,39.7658,88.6415,-34.203,-1374.56,-617.294,-1195.89,-691.711
-1312.0,-790.0,-155.145,1.35626e-06,84.4239,39.9542,88.6448,-34.3795,-1374.71,-617.301,-1195.86,-692.701
-1310.0,-790.0,-155.571,1.35123e-06,84.2799,40.1446,88.648,-34.5573,-1374.87,-617.307,-1195.82,-693.704
-1308.0,-790.0,-156.128,1.34622e-06,84.1316,40.337,88.6514,-34.7362,-1375.03,-617.314,-1195.79,-694.717
-1306.0,-790.0,-156.843,1.34122e-06,83.9787,40.5314,88.6547,-34.9163,-1375.19,-617.32,-1195.76,-695.743
-1304.0,-790.0,-157.699,1.33623e-06,83.8433,40.7267,88.6581,-35.0983,-1375.34,-617.327,-1195.73,-696.785
-1302.0,-790.0,-158.707,1.33124e-06,83.7148,40.9235,88.6616,-35.2819,-1375.5,-617.334,-1195.7,-697.841
-1300.0,-790.0,-159.787,1.32626e-06,83.5918,41.1217,88.6651,-35.4671,-1375.66,-617.34,-1195.66,-698.912
-1298.0,-790.0,-160.687,1.32127e-06,83.4894,41.3205,88.6686,-35.6544,-1375.82,-617.347,-1195.63,-700.001
-1296.0,-790.0,-169.257,1.56566e-06,88.8347,64.335,91.1653,-43.396,-1381.4,-617.583,-1239.87,-673.185
-1294.0,-790.0,-170.804,1.56279e-06,88.8325,64.5905,91.1675,-43.396,-1381.4,-617.583,-1239.87,-676.049
-1292.0,-790.0,-171.446,1.56382e-06,88.8333,65.8176,91.1667,-43.3117,-1381.35,-617.58,-1239.87,-673.907
-1290.0,-790.0,-171.508,1.32071e-06,88.6185,96.9317,91.3815,15.8832,-1361.84,-589.142,-1309.31,-631.135
-1288.0,-790.0,-171.441,1.32156e-06,88.6194,97.6414,91.3806,15.8832,-1361.84,-589.142,-1309.31,-631.135
-1286.0,-790.0,-171.343,1.32249e-06,88.6203,98.3487,91.3797,15.8832,-1361.84,-589.142,-1309.31,-631.135
-1284.0,-790.0,-171.219,1.3235e-06,88.6214,99.0535,91.3786,15.8832,-1361.84,-589.142,-1309.31,-631.135
-1282.0,-790.0,-170.712,1.55052e-06,88.8233,67.19,91.1767,-43.3117,-1381.35,-617.58,-1239.87,-689.828
-1280.0,-790.0,-169.334,1.54795e-06,88.8127,67.4679,91.1873,-43.3117,-1381.35,-617.58,-1239.87,-693.275
-1278.0,-790.0,-168.067,1.54542e-06,88.8003,67.7469,91.1997,-43.3117,-1381.35,-617.58,-1239.87,-696.818
-1276.0,-790.0,-166.987,1.54291e-06,88.7925,68.0271,91.2075,-43.3117,-1381.35,-617.58,-1239.87,-700.461
-1274.0,-790.0,-166.096,1.54043e-06,88.7906,68.3083,91.2094,-43.3117,-1381.35,-617.58,-1239.87,-704.208
-1272.0,-790.0,-170.433,1.33125e-06,88.6012,103.218,91.3988,15.8832,-1361.84,-589.142,-1309.31,-631.135
-1270.0,-790.0,-170.364,1.33281e-06,88.615,103.9,91.385,15.8832,-1361.84,-589.142,-1309.31,-631.135
-1268.0,-790.0,-170.316,1.33444e-06,88.6288,104.577,91.3712,15.8832,-1361.84,-589.142,-1309.31,-631.135
-1266.0,-790.0,-170.288,1.33615e-06,88.6426,105.251,91.3574,15.8832,-1361.84,-589.142,-1309.31,-631.135
-1264.0,-790.0,-170.278,1.33794e-06,88.6565,105.92,91.3435,15.8832,-1361.84,-589.142,-1309.31,-631.135
-1262.0,-790.0,-170.287,1.3398e-06,88.6704,106.585,91.3296,15.8832,-1361.84,-589.142,-1309.31,-631.135
-1260.0,-790.0,-170.312,1.34173e-06,88.6843,107.245,91.3157,15.8832,-1361.84,-589.142,-1309.31,-631.135
-1258.0,-790.0,-170.355,1.34374e-06,88.6983,107.901,91.3017,15.8832,-1361.84,-589.142,-1309.31,-631.135
-1256.0,-790.0,-170.417,1.34582e-06,88.7123,108.551,91.2877,15.8832,-1361.84,-589.142,-1309.31,-631.135
-1254.0,-790.0,-170.5,1.34797e-06,88.7263,109.197,91.2737,15.8832,-1361.84,-589.142,-1309.31,-631.135
-1252.0,-790.0,-170.611,1.35019e-06,88.7404,109.838,91.2596,15.8832,-1361.84,-589.142,-1309.31,-631.135
-1250.0,-790.0,-170.755,1.35249e-06,88.7545,110.474,91.2455,15.8832,-1361.84,-589.142,-1309.31,-631.135
-1248.0,-790.0,-170.941,1.35485e-06,88.766,111.104,91.234,15.8832,-1361.84,-589.142,-1309.31,-631.135
-1246.0,-790.0,-163.03,1.51391e-06,88.8957,75.1007,91.1043,-43.3117,-1381.35,-617.58,-1237.55,-758.253
-1244.0,-790.0,-163.046,1.51222e-06,88.8945,75.4004,91.1055,-43.3117,-1381.35,-617.58,-1237.35,-764.469
-1242.0,-790.0,-162.63,1.50087e-06,88.8861,106.397,91.1139,-43.3117,-1381.35,-617.58,-1325.5,-506.228
-1240.0,-790.0,-162.562,1.50277e-06,88.8875,106.697,91.1125,-43.3117,-1381.35,-617.58,-1325.12,-506.22
-1238.0,-790.0,-162.507,1.5047e-06,88.8889,106.996,91.1111,-43.3117,-1381.35,-617.58,-1324.74,-506.213
-1236.0,-790.0,-162.465,1.50667e-06,88.8904,107.294,91.1096,-43.3117,-1381.35,-617.58,-1324.36,-506.205
-1234.0,-790.0,-162.436,1.50867e-06,88.8919,107.591,91.1081,-43.3117,-1381.35,-617.58,-1323.98,-506.197
-1232.0,-790.0,-170.884,1.37618e-06,88.7852,115.95,91.2148,15.8832,-1361.84,-589.142,-1309.31,-631.135
-1230.0,-790.0,-165.496,1.64691e-06,88.9849,-102.778,91.0151,-43.3117,-1381.35,-617.58,-1234.77,-811.027
-1228.0,-790.0,-165.401,1.6484e-06,88.9785,-103.05,91.0215,-43.3117,-1381.35,-617.58,-1232.86,-810.964
-1226.0,-790.0,-165.326,1.64993e-06,88.9696,-103.322,91.0304,-43.3117,-1381.35,-617.58,-1230.95,-810.901
-1224.0,-790.0,-165.27,1.65149e-06,88.9608,-103.593,91.0392,-43.3117,-1381.35,-617.58,-1229.04,-810.839
-1222.0,-790.0,-165.234,1.65308e-06,88.9521,-103.864,91.0479,-43.3117,-1381.35,-617.58,-1227.13,-810.776
-1220.0,-790.0,-174.229,1.98083e-06,89.1173,-175.077,90.8827,-124.21,-1548.4,-818.284,-1548.4,-818.284
-1218.0,-790.0,-174.269,1.98748e-06,89.1121,-175.107,90.8879,-124.21,-1548.4,-818.284,-1548.4,-818.284
-1216.0,-790.0,-174.31,1.99413e-06,89.107,-175.136,90.893,-124.21,-1548.4,-818.284,-1548.4,-818.284
-1214.0,-790.0,0.0,0.0,0.0,0.0,0.0,0.0,0.0,0.0,0.0,0.0
-1212.0,-790.0,0.0,0.0,0.0,0.0,0.0,0.0,0.0,0.0,0.0,0.0
-1210.0,-790.0,0.0,0.0,0.0,0.0,0.0,0.0,0.0,0.0,0.0,0.0
-1208.0,-790.0,0.0,0.0,0.0,0.0,0.0,0.0,0.0,0.0,0.0,0.0
-1206.0,-790.0,0.0,0.0,0.0,0.0,0.0,0.0,0.0,0.0,0.0,0.0
-1204.0,-790.0,0.0,0.0,0.0,0.0,0.0,0.0,0.0,0.0,0.0,0.0
-1202.0,-790.0,0.0,0.0,0.0,0.0,0.0,0.0,0.0,0.0,0.0,0.0
-1600.0,-788.0,-110.206,9.16363e-07,88.1624,43.2285,91.8376,-136.771,-1600.0,-788.0,-1400.0,-600.0
-1598.0,-788.0,-110.16,9.11514e-07,88.1526,43.516,91.8474,-136.484,-1598.0,-788.0,-1400.0,-600.0
-1596.0,-788.0,-110.114,9.06689e-07,88.1427,43.8065,91.8573,-136.193,-1596.0,-788.0,-1400.0,-600.0
-1594.0,-788.0,-110.067,9.01887e-07,88.1328,44.1001,91.8672,-135.9,-1594.0,-788.0,-1400.0,-600.0
-1592.0,-788.0,-110.021,8.9711e-07,88.1229,44.3969,91.8771,-135.603,-1592.0,-788.0,-1400.0,-600.0
-1590.0,-788.0,-109.975,8.92356e-07,88.1129,44.6969,91.8871,-135.303,-1590.0,-788.0,-1400.0,-600.0
-1588.0,-788.0,-109.928,8.87627e-07,88.1028,45.0,91.8972,-135.0,-1588.0,-788.0,-1400.0,-600.0
-1586.0,-788.0,-109.882,8.82924e-07,88.0927,45.3064,91.9073,-134.694,-1586.0,-788.0,-1400.0,-600.0
-1584.0,-788.0,-109.835,8.78237e-07,88.0988,45.6161,91.9012,-134.384,-1584.0,-788.0,-1400.0,-600.0
-1582.0,-788.0,-109.789,8.73567e-07,88.1256,45.929,91.8744,-134.071,-1582.0,-788.0,-1400.0,-600.0
-1580.0,-788.0,-109.742,8.68922e-07,88.1527,46.2454,91.8473,-133.755,-1580.0,-788.0,-1400.0,-600.0
-1578.0,-788.0,-109.696,8.64308e-07,88.1743,46.5651,91.8257,-133.435,-1578.0,-788.0,-1400.0,-600.0
-1576.0,-788.0,-109.65,8.59727e-07,88.1834,46.8882,91.8166,-133.112,-1576.0,-788.0,-1400.0,-600.0
-1574.0,-788.0,-109.603,8.55173e-07,88.1926,47.2148,91.8074,-132.785,-1574.0,-788.0,-1400.0,-600.0
-1572.0,-788.0,-109.557,8.50648e-07,88.2019,47.5448,91.7981,-132.455,-1572.0,-788.0,-1400.0,-600.0
-1570.0,-788.0,-109.511,8.46151e-07,88.2115,47.8784,91.7885,-132.122,-1570.0,-788.0,-1400.0,-600.0
-1568.0,-788.0,-109.465,8.41683e-07,88.2211,48.2155,91.7789,-131.785,-1568.0,-788.0,-1400.0,-600.0
-1566.0,-788.0,-109.419,8.37244e-07,88.231,48.5562,91.769,-131.444,-1566.0,-788.0,-1400.0,-600.0
-1564.0,-788.0,-109.373,8.32836e-07,88.241,48.9005,91.759,-131.1,-1564.0,-788.0,-1400.0,-600.0
-1562.0,-788.0,-109.327,8.28457e-07,88.2512,49.2485,91.7488,-130.752,-1562.0,-788.0,-1400.0,-600.0
-1560.0,-788.0,-109.281,8.2411e-07,88.2616,49.6001,91.7384,-130.4,-1560.0,-788.0,-1400.0,-600.0
-1558.0,-788.0,-109.235,8.19794e-07,88.2721,49.9554,91.7279,-130.045,-1558.0,-788.0,-1400.0,-600.0
-1556.0,-788.0,-109.189,8.1551e-07,88.2828,50.3145,91.7172,-129.685,-1556.0,-788.0,-1400.0,-600.0
-1554.0,-788.0,-109.144,8.11258e-07,88.2937,50.6774,91.7063,-129.323,-1554.0,-788.0,-1400.0,-600.0
-1552.0,-788.0,-109.098,8.07039e-07,88.3048,51.0441,91.6952,-128.956,-1552.0,-788.0,-1400.0,-600.0
-1550.0,-788.0,-109.053,8.02854e-07,88.3161,51.4146,91.6839,-128.585,-1550.0,-788.0,-1400.0,-600.0
-1548.0,-788.0,-109.008,7.98702e-07,88.3275,51.789,91.6725,-128.211,-1548.0,-788.0,-1400.0,-600.0
-1546.0,-788.0,-108.963,7.94585e-07,88.3392,52.1672,91.6608,-127.833,-1546.0,-788.0,-1400.0,-600.0
-1544.0,-788.0,-108.918,7.90503e-07,88.351,52.5494,91.649,-127.451,-1544.0,-788.0,-1400.0,-600.0
-1542.0,-788.0,-108.873,7.86457e-07,88.3631,52.9356,91.6369,-127.064,-1542.0,-788.0,-1400.0,-600.0
-1540.0,-788.0,-108.828,7.82446e-07,88.3753,53.3257,91.6247,-126.674,-1540.0,-788.0,-1400.0,-600.0
-1538.0,-788.0,-108.784,7.78472e-07,88.3878,53.7197,91.6122,-126.28,-1538.0,-788.0,-1400.0,-600.0
-1536.0,-788.0,-108.74,7.74548e-07,88.3692,54.1179,91.6308,-125.882,-1536.0,-788.0,-1400.0,-600.0
-1534.0,-788.0,-108.696,7.70665e-07,88.34,54.52,91.66,-125.48,-1534.0,-788.0,-1400.0,-600.0
-1532.0,-788.0,-108.653,7.66821e-07,88.3107,54.9262,91.6893,-125.074,-1532.0,-788.0,-1400.0,-600.0
-1530.0,-788.0,-108.609,7.63005e-07,88.3072,55.3366,91.6928,-124.663,-1530.0,-788.0,-1400.0,-600.0
-1528.0,-788.0,-108.566,7.59223e-07,88.32,55.751,91.68,-124.249,-1528.0,-788.0,-1400.0,-600.0
-1526.0,-788.0,-108.523,7.55481e-07,88.3331,56.1695,91.6669,-123.83,-1526.0,-788.0,-1400.0,-600.0
-1524.0,-788.0,-108.48,7.51779e-07,88.3463,56.5922,91.6537,-123.408,-1524.0,-788.0,-1400.0,-600.0
-1522.0,-788.0,-108.437,7.48119e-07,88.3598,57.019,91.6402,-122.981,-1522.0,-788.0,-1400.0,-600.0
-1520.0,-788.0,-108.395,7.44501e-07,88.3735,57.45,91.6265,-122.55,-1520.0,-788.0,-1400.0,-600.0
-1518.0,-788.0,-108.353,7.40925e-07,88.3875,57.8852,91.6125,-122.115,-1518.0,-788.0,-1400.0,-600.0
-1516.0,-788.0,-108.311,7.37392e-07,88.4016,58.3245,91.5984,-121.675,-1516.0,-788.0,-1400.0,-600.0
-1514.0,-788.0,-108.27,7.33904e-07,88.416,58.7681,91.584,-121.232,-1514.0,-788.0,-1400.0,-600.0
-1512.0,-788.0,-108.229,7.30466e-07,88.4107,59.2159,91.5893,-120.784,-1512.0,-788.0,-1400.0,-600.0
-1510.0,-788.0,-108.189,7.27075e-07,88.4033,59.6678,91.5967,-120.332,-1510.0,-788.0,-1400.0,-600.0
-1508.0,-788.0,-108.148,7.23729e-07,88.3959,60.124,91.6041,-119.876,-1508.0,-788.0,-1400.0,-600.0
-1506.0,-788.0,-108.109,7.20429e-07,88.3885,60.5844,91.6115,-119.416,-1506.0,-788.0,-1400.0,-600.0
-1504.0,-788.0,-108.069,7.17176e-07,88.3812,61.049,91.6188,-118.951,-1504.0,-788.0,-1400.0,-600.0
-1502.0,-788.0,-108.03,7.13971e-07,88.3739,61.5178,91.6261,-118.482,-1502.0,-788.0,-1400.0,-600.0
-1500.0,-788.0,-107.991,7.10814e-07,88.3667,61.9908,91.6333,-118.009,-1500.0,-788.0,-1400.0,-600.0
-1498.0,-788.0,-107.953,7.07706e-07,88.3595,62.468,91.6405,-117.532,-1498.0,-788.0,-1400.0,-600.0
-1496.0,-788.0,-107.916,7.04649e-07,88.348,62.9494,91.652,-117.051,-1496.0,-788.0,-1400.0,-600.0
-1494.0,-788.0,-107.878,7.01649e-07,88.3179,63.4349,91.6821,-116.565,-1494.0,-788.0,-1400.0,-600.0
-1492.0,-788.0,-107.842,6.987e-07,88.2877,63.9246,91.7123,-116.075,-1492.0,-788.0,-1400.0,-600.0
-1490.0,-788.0,-107.805,6.95802e-07,88.2574,64.4185,91.7426,-115.582,-1490.0,-788.0,-1400.0,-600.0
-1488.0,-788.0,-107.77,6.92956e-07,88.2269,64.9164,91.7731,-115.084,-1488.0,-788.0,-1400.0,-600.0
-1486.0,-788.0,-107.735,6.90164e-07,88.1963,65.4184,91.8037,-114.582,-1486.0,-788.0,-1400.0,-600.0
-1484.0,-788.0,-107.7,6.87425e-07,88.1656,65.9245,91.8344,-114.075,-1484.0,-788.0,-1400.0,-600.0
-1482.0,-788.0,-107.666,6.8474e-07,88.1349,66.4346,91.8651,-113.565,-1482.0,-788.0,-1400.0,-600.0
-1480.0,-788.0,-107.632,6.8211e-07,88.104,66.9487,91.896,-113.051,-1480.0,-788.0,-1400.0,-600.0
-1478.0,-788.0,-107.599,6.79536e-07,88.073,67.4667,91.927,-112.533,-1478.0,-788.0,-1400.0,-600.0
-1476.0,-788.0,-107.567,6.77018e-07,88.042,67.9887,91.958,-112.011,-1476.0,-788.0,-1400.0,-600.0
-1474.0,-788.0,-107.535,6.74556e-07,88.0109,68.5146,91.9891,-111.485,-1474.0,-788.0,-1400.0,-600.0
-1472.0,-788.0,-107.504,6.72148e-07,87.988,69.0442,92.012,-110.956,-1472.0,-788.0,-1400.0,-600.0
-1470.0,-788.0,-107.473,6.69792e-07,87.9809,69.5777,92.0191,-110.422,-1470.0,-788.0,-1400.0,-600.0
-1468.0,-788.0,-107.444,6.67494e-07,87.974,70.1148,92.026,-109.885,-1468.0,-788.0,-1400.0,-600.0
-1466.0,-788.0,-107.414,6.65258e-07,87.962,70.6557,92.038,-109.344,-1466.0,-788.0,-1400.0,-600.0
-1464.0,-788.0,-107.386,6.63088e-07,87.931,71.2001,92.069,-108.8,-1464.0,-788.0,-1400.0,-600.0
-1462.0,-788.0,-107.358,6.6098e-07,87.9,71.7481,92.1,-108.252,-1462.0,-788.0,-1400.0,-600.0
-1460.0,-788.0,-107.331,6.58932e-07,87.8689,72.2996,92.1311,-107.7,-1460.0,-788.0,-1400.0,-600.0
-1458.0,-788.0,-107.305,6.56946e-07,87.8379,72.8544,92.1621,-107.146,-1458.0,-788.0,-1400.0,-600.0
-1456.0,-788.0,-107.279,6.55021e-07,87.8069,73.4127,92.1931,-106.587,-1456.0,-788.0,-1400.0,-600.0
-1454.0,-788.0,-107.254,6.5316e-07,87.7759,73.9741,92.2241,-106.026,-1454.0,-788.0,-1400.0,-600.0
-1452.0,-788.0,-107.23,6.51362e-07,87.7449,74.5388,92.2551,-105.461,-1452.0,-788.0,-1400.0,-600.0
-1450.0,-788.0,-107.207,6.49627e-07,87.714,75.1065,92.286,-104.893,-1450.0,-788.0,-1400.0,-600.0
-1448.0,-788.0,-107.185,6.47951e-07,87.6957,75.6773,92.3043,-104.323,-1448.0,-788.0,-1400.0,-600.0
-1446.0,-788.0,-115.344,6.46334e-07,87.6899,76.2744,92.3101,-103.963,-1404.61,-618.561,-1404.61,-618.561
-1444.0,-788.0,-120.431,6.44788e-07,87.6844,76.9144,92.3156,-103.963,-1404.61,-618.561,-1404.61,-618.561
-1442.0,-788.0,-121.79,1.30459e-06,88.8467,82.9289,91.1533,86.2924,-1397.85,-566.746,-1406.27,-499.954
-1440.0,-788.0,-122.223,1.30379e-06,88.8213,83.22,91.1787,86.5835,-1397.9,-564.863,-1405.75,-499.953
-1438.0,-788.0,-122.648,1.30303e-06,88.7958,83.5114,91.2042,86.8749,-1397.97,-562.753,-1405.24,-499.952
-1436.0,-788.0,-123.538,1.40484e-06,88.8601,86.8169,91.1399,99.4057,-1419.12,-484.551,-1419.12,-484.551
-1434.0,-788.0,-123.909,1.40449e-06,88.8368,87.0888,91.1632,99.1338,-1418.57,-484.521,-1418.57,-484.521
-1432.0,-788.0,-124.246,1.40418e-06,88.8136,87.3608,91.1864,98.8618,-1418.01,-484.49,-1418.01,-484.49
-1430.0,-788.0,-124.541,1.4039e-06,88.7903,87.6329,91.2097,98.5897,-1417.45,-484.46,-1417.45,-484.46
-1428.0,-788.0,-124.607,1.29867e-06,88.6674,85.9036,91.3326,94.2137,-1407.37,-499.955,-1407.37,-499.955
-1426.0,-788.0,-124.625,1.29822e-06,88.6421,86.1975,91.3579,93.9198,-1406.86,-499.954,-1406.86,-499.954
-1424.0,-788.0,-124.604,1.2978e-06,88.625,86.4915,91.375,93.6258,-1406.34,-499.954,-1406.34,-499.954
-1422.0,-788.0,-124.553,1.29742e-06,88.6121,86.7858,91.3879,93.3315,-1405.82,-499.953,-1405.82,-499.953
-1420.0,-788.0,-124.481,1.29707e-06,88.5993,87.0802,91.4007,93.0371,-1405.31,-499.953,-1405.31,-499.953
-1418.0,-788.0,-124.395,1.29675e-06,88.593,87.3747,91.407,92.7425,-1404.79,-499.952,-1404.79,-499.952
-1416.0,-788.0,-124.302,1.29646e-06,88.5926,87.6695,91.4074,92.4478,-1404.28,-499.951,-1404.28,-499.951
-1414.0,-788.0,-124.209,1.29621e-06,88.5924,87.9643,91.4076,92.153,-1403.76,-499.951,-1403.76,-499.951
-1412.0,-788.0,-124.12,1.29599e-06,88.5921,88.2592,91.4079,91.8581,-1403.25,-499.95,-1403.25,-499.95
-1410.0,-788.0,-124.039,1.2958e-06,88.5919,88.5543,91.4081,91.563,-1402.73,-499.95,-1402.73,-499.95
-1408.0,-788.0,-144.489,1.40642e-06,88.7027,94.8433,91.2973,99.5595,-1419.44,-484.568,-1425.26,-584.337
-1406.0,-788.0,-139.803,1.40701e-06,88.7032,95.4014,91.2968,99.5595,-1419.44,-484.568,-1425.26,-584.337
-1404.0,-788.0,-130.789,1.40767e-06,88.7038,95.9586,91.2962,99.5595,-1419.44,-484.568,-1425.26,-584.337
-1402.0,-788.0,-138.962,1.4084e-06,88.7045,96.5146,91.2955,99.5595,-1419.44,-484.568,-1425.26,-584.337
-1400.0,-788.0,-145.49,1.40919e-06,88.7052,97.0694,91.2948,99.5595,-1419.44,-484.568,-1425.26,-584.337
-1398.0,-788.0,-149.608,1.41004e-06,88.706,97.6228,91.294,99.5595,-1419.44,-484.568,-1425.26,-584.337
-1396.0,-788.0,-152.617,1.41096e-06,88.7069,98.1748,91.2931,99.5595,-1419.44,-484.568,-1425.26,-584.337
-1394.0,-788.0,-155.012,1.41194e-06,88.7078,98.7253,91.2922,99.5595,-1419.44,-484.568,-1425.26,-584.337
-1392.0,-788.0,-157.017,1.41298e-06,88.7087,99.2742,91.2913,99.5595,-1419.44,-484.568,-1425.26,-584.337
-1390.0,-788.0,-142.712,1.41807e-06,88.7133,99.2858,91.2867,82.1554,-1396.76,-576.497,-1425.59,-570.353
-1388.0,-788.0,-135.867,1.31763e-06,88.6153,38.5818,91.3847,-35.9954,-1376.1,-617.359,-1239.87,-669.825
-1386.0,-788.0,-138.625,1.31242e-06,88.6098,38.8059,91.3902,-35.9954,-1376.1,-617.359,-1239.87,-670.482
-1384.0,-788.0,-141.369,1.30723e-06,88.6042,39.0322,91.3958,-35.9954,-1376.1,-617.359,-1239.87,-671.15
-1382.0,-788.0,-144.222,1.30206e-06,88.5987,39.2607,91.4013,-35.9954,-1376.1,-617.359,-1239.87,-671.829
-1380.0,-788.0,-147.326,1.2969e-06,88.5931,39.4914,91.4069,-35.9954,-1376.1,-617.359,-1239.87,-672.52
-1378.0,-788.0,-162.12,1.22412e-06,86.732,35.2752,64.2085,29.4986,-1381.89,-589.756,-1239.87,-690.289
-1376.0,-788.0,-162.096,1.21867e-06,86.731,35.4568,64.0933,29.6535,-1382.01,-589.76,-1239.87,-691.055
-1374.0,-788.0,-162.031,1.21323e-06,86.7305,35.64,63.9773,29.8101,-1382.13,-589.763,-1239.87,-691.832
-1372.0,-788.0,-161.924,1.20781e-06,86.73,35.8248,63.8604,29.9684,-1382.25,-589.767,-1239.87,-692.619
-1370.0,-788.0,-161.779,1.2024e-06,86.7296,36.0113,63.7427,30.1284,-1382.37,-589.771,-1239.87,-693.417
-1368.0,-788.0,-161.605,1.197e-06,86.7292,36.1995,63.624,30.2903,-1382.49,-589.774,-1239.87,-694.226
-1366.0,-788.0,-161.415,1.19161e-06,86.7288,36.3894,63.5045,30.4539,-1382.61,-589.778,-1239.87,-695.047
-1364.0,-788.0,-161.221,1.18624e-06,86.7284,36.581,63.3841,30.6193,-1382.74,-589.782,-1239.87,-695.879
-1362.0,-788.0,-161.034,1.18088e-06,86.7281,36.7743,63.2627,30.7867,-1382.86,-589.785,-1239.87,-696.722
-1360.0,-788.0,-160.865,1.17553e-06,86.7278,36.9694,63.1405,30.9559,-1382.98,-589.789,-1239.87,-697.578
-1358.0,-788.0,-160.721,1.1702e-06,86.7276,37.1663,63.0173,31.127,-1383.1,-589.793,-1239.87,-698.446
-1356.0,-788.0,-159.3,1.28172e-06,87.3115,43.7441,82.837,45.034,-1390.02,-590.004,-1239.87,-676.852
-1354.0,-788.0,-158.123,1.2769e-06,87.3161,43.9514,82.8106,45.2406,-1390.09,-590.007,-1239.87,-677.972
-1352.0,-788.0,-157.202,1.2721e-06,87.3207,44.1604,82.784,45.4488,-1390.16,-590.009,-1239.87,-679.109
-1350.0,-788.0,-156.494,1.26731e-06,87.3254,44.3709,82.7573,45.6586,-1390.24,-590.011,-1239.87,-680.262
-1348.0,-788.0,-155.962,1.26254e-06,87.3302,44.583,82.7305,45.87,-1390.31,-590.013,-1239.87,-681.432
-1346.0,-788.0,-155.578,1.25779e-06,87.335,44.7967,82.7036,46.083,-1390.39,-590.016,-1239.87,-682.621
-1344.0,-788.0,-155.322,1.25305e-06,87.34,45.012,82.6766,46.2977,-1390.46,-590.018,-1239.87,-683.826
-1342.0,-788.0,-155.181,1.24833e-06,87.345,45.229,82.6495,46.5141,-1390.53,-590.02,-1239.87,-685.051
-1340.0,-788.0,-155.153,1.24364e-06,87.35,45.4476,82.6223,46.7321,-1390.61,-590.022,-1239.87,-686.294
-1338.0,-788.0,-169.759,1.1103e-06,88.647,45.834,91.353,-9.41385,-1309.77,-614.96,-1239.87,-686.972
-1336.0,-788.0,-170.132,1.10566e-06,88.6559,46.1768,91.3441,-9.41385,-1309.77,-614.96,-1239.87,-687.839
-1334.0,-788.0,-170.825,1.10105e-06,88.665,46.5236,91.335,-9.41385,-1309.77,-614.96,-1239.87,-688.727
-1332.0,-788.0,-170.977,1.61006e-06,89.0971,-172.034,90.9029,-124.21,-1548.4,-818.284,-1548.4,-818.284
-1330.0,-788.0,-171.063,1.61666e-06,89.1052,-172.106,90.8948,-124.21,-1548.4,-818.284,-1548.4,-818.284
-1328.0,-788.0,-171.146,1.62328e-06,89.0989,-172.176,90.9011,-124.21,-1548.4,-818.284,-1548.4,-818.284
-1326.0,-788.0,-171.228,1.62989e-06,89.0926,-172.246,90.9074,-124.21,-1548.4,-818.284,-1548.4,-818.284
-1324.0,-788.0,-162.602,1.60274e-06,89.0658,60.7399,90.9342,-43.396,-1381.4,-617.583,-1239.86,-637.824
-1322.0,-788.0,-162.733,1.5995e-06,89.0438,60.9806,90.9562,-43.396,-1381.4,-617.583,-1239.86,-639.939
-1320.0,-788.0,-162.888,1.59628e-06,89.0216,61.2225,90.9784,-43.396,-1381.4,-617.583,-1239.86,-642.097
-1318.0,-788.0,-154.55,1.36725e-06,84.7908,39.1788,88.6311,-33.6361,-1374.04,-617.272,-1195.98,-688.561
-1316.0,-788.0,-154.604,1.36216e-06,84.6578,39.3632,88.6343,-33.81,-1374.2,-617.279,-1195.95,-689.522
-1314.0,-788.0,-154.737,1.35708e-06,84.5211,39.5495,88.6375,-33.9851,-1374.36,-617.286,-1195.92,-690.494
-1312.0,-788.0,-154.955,1.35202e-06,84.3803,39.7377,88.6407,-34.1613,-1374.52,-617.292,-1195.89,-691.477
-1310.0,-788.0,-155.268,1.34698e-06,84.2353,39.9279,88.644,-34.3388,-1374.68,-617.299,-1195.86,-692.472
-1308.0,-788.0,-155.693,1.34195e-06,84.086,40.1201,88.6473,-34.5174,-1374.84,-617.306,-1195.83,-693.478
-1306.0,-788.0,-156.23,1.33693e-06,83.9463,40.3136,88.6506,-34.6977,-1375.0,-617.312,-1195.8,-694.499
-1304.0,-788.0,-156.894,1.33191e-06,83.8211,40.5081,88.654,-34.8798,-1375.15,-617.319,-1195.77,-695.535
-1302.0,-788.0,-157.734,1.3269e-06,83.6919,40.7046,88.6575,-35.0632,-1375.31,-617.326,-1195.74,-696.583
-1300.0,-788.0,-158.73,1.3219e-06,83.5682,40.9027,88.6609,-35.2482,-1375.47,-617.333,-1195.7,-697.647
-1298.0,-788.0,-159.77,1.3169e-06,83.4652,41.1013,88.6645,-35.4352,-1375.63,-617.339,-1195.67,-698.727
-1296.0,-788.0,-160.676,1.31191e-06,83.3586,41.3019,88.668,-35.6237,-1375.79,-617.346,-1195.64,-699.822
-1294.0,-788.0,-169.997,1.55676e-06,88.828,64.4683,91.172,-43.396,-1381.4,-617.583,-1239.87,-674.673
-1292.0,-788.0,-171.235,1.55774e-06,88.8287,65.6951,91.1713,-43.3117,-1381.35,-617.58,-1239.87,-672.568
-1290.0,-788.0,-171.423,1.31409e-06,88.6115,97.0192,91.3885,15.8832,-1361.84,-589.142,-1309.31,-631.135
-1288.0,-788.0,-171.351,1.31495e-06,88.6124,97.7376,91.3876,15.8832,-1361.84,-589.142,-1309.31,-631.135
-1286.0,-788.0,-171.248,1.31589e-06,88.6134,98.4536,91.3866,15.8832,-1361.84,-589.142,-1309.31,-631.135
-1284.0,-788.0,-171.119,1.31691e-06,88.6145,99.167,91.3855,15.8832,-1361.84,-589.142,-1309.31,-631.135
-1282.0,-788.0,-170.971,1.31802e-06,88.6084,99.8775,91.3916,15.8832,-1361.84,-589.142,-1309.31,-631.135
-1280.0,-788.0,-169.864,1.5418e-06,88.8,67.3518,91.2,-43.3117,-1381.35,-617.58,-1239.87,-691.826
-1278.0,-788.0,-168.527,1.53925e-06,88.7875,67.632,91.2125,-43.3117,-1381.35,-617.58,-1239.87,-695.348
-1276.0,-788.0,-167.36,1.53673e-06,88.7796,67.9133,91.2204,-43.3117,-1381.35,-617.58,-1239.87,-698.97
-1274.0,-788.0,-166.388,1.53423e-06,88.7777,68.1957,91.2223,-43.3117,-1381.35,-617.58,-1239.87,-702.696
-1272.0,-788.0,-165.597,1.53177e-06,88.7757,68.4792,91.2243,-43.3117,-1381.35,-617.58,-1239.87,-706.53
-1270.0,-788.0,-170.269,1.32634e-06,88.5896,104.07,91.4104,15.8832,-1361.84,-589.142,-1309.31,-631.135
-1268.0,-788.0,-170.226,1.328e-06,88.6035,104.755,91.3965,15.8832,-1361.84,-589.142,-1309.31,-631.135
-1266.0,-788.0,-170.203,1.32973e-06,88.6174,105.436,91.3826,15.8832,-1361.84,-589.142,-1309.31,-631.135
-1264.0,-788.0,-170.199,1.33153e-06,88.6314,106.112,91.3686,15.8832,-1361.84,-589.142,-1309.31,-631.135
-1262.0,-788.0,-170.212,1.33342e-06,88.6455,106.784,91.3545,15.8832,-1361.84,-589.142,-1309.31,-631.135
-1260.0,-788.0,-170.243,1.33537e-06,88.6595,107.452,91.3405,15.8832,-1361.84,-589.142,-1309.31,-631.135
-1258.0,-788.0,-170.292,1.3374e-06,88.6737,108.114,91.3263,15.8832,-1361.84,-589.142,-1309.31,-631.135
-1256.0,-788.0,-170.362,1.33951e-06,88.6878,108.771,91.3122,15.8832,-1361.84,-589.142,-1309.31,-631.135
-1254.0,-788.0,-170.456,1.34168e-06,88.7019,109.424,91.2981,15.8832,-1361.84,-589.142,-1309.31,-631.135
-1252.0,-788.0,-170.579,1.34393e-06,88.7161,110.071,91.2839,15.8832,-1361.84,-589.142,-1309.31,-631.135
-1250.0,-788.0,-170.74,1.34625e-06,88.7303,110.713,91.2697,15.8832,-1361.84,-589.142,-1309.31,-631.135
-1248.0,-788.0,-170.946,1.34864e-06,88.7445,111.349,91.2555,15.8832,-1361.84,-589.142,-1309.31,-631.135
-1246.0,-788.0,-162.986,1.50747e-06,88.8828,75.0206,91.1172,-43.3117,-1381.35,-617.58,-1237.61,-756.629
-1244.0,-788.0,-162.995,1.50576e-06,88.8815,75.3218,91.1185,-43.3117,-1381.35,-617.58,-1237.4,-762.818
-1242.0,-788.0,-162.563,1.49447e-06,88.8731,106.486,91.1269,-43.3117,-1381.35,-617.58,-1325.39,-506.226
-1240.0,-788.0,-162.499,1.49638e-06,88.8745,106.787,91.1255,-43.3117,-1381.35,-617.58,-1325.0,-506.218
-1238.0,-788.0,-162.448,1.49833e-06,88.876,107.087,91.124,-43.3117,-1381.35,-617.58,-1324.62,-506.21
-1236.0,-788.0,-162.409,1.5003e-06,88.8774,107.387,91.1226,-43.3117,-1381.35,-617.58,-1324.24,-506.203
-1234.0,-788.0,-162.385,1.50231e-06,88.8789,107.685,91.1211,-43.3117,-1381.35,-617.58,-1323.85,-506.195
-1232.0,-788.0,-170.716,1.37019e-06,88.7708,116.237,91.2292,15.8832,-1361.84,-589.142,-1309.31,-631.135
-1230.0,-788.0,-165.559,1.65342e-06,88.9814,-102.716,91.0186,-43.3117,-1381.35,-617.58,-1235.2,-811.041
-1228.0,-788.0,-165.461,1.65491e-06,88.975,-102.988,91.025,-43.3117,-1381.35,-617.58,-1233.3,-810.979
-1226.0,-788.0,-165.382,1.65643e-06,88.9662,-103.258,91.0338,-43.3117,-1381.35,-617.58,-1231.4,-810.916
-1224.0,-788.0,-165.322,1.65798e-06,88.9574,-103.528,91.0426,-43.3117,-1381.35,-617.58,-1229.5,-810.854
-1222.0,-788.0,-165.281,1.65956e-06,88.9487,-103.798,91.0513,-43.3117,-1381.35,-617.58,-1227.6,-810.791
-1220.0,-788.0,-174.23,1.98142e-06,89.1113,-174.731,90.8887,-124.21,-1548.4,-818.284,-1548.4,-818.284
-1218.0,-788.0,-174.272,1.98807e-06,89.1062,-174.763,90.8938,-124.21,-1548.4,-818.284,-1548.4,-818.284
-1216.0,-788.0,-174.313,1.99472e-06,89.1011,-174.794,90.8989,-124.21,-1548.4,-818.284,-1548.4,-818.284
-1214.0,-788.0,0.0,0.0,0.0,0.0,0.0,0.0,0.0,0.0,0.0,0.0
-1212.0,-788.0,0.0,0.0,0.0,0.0,0.0,0.0,0.0,0.0,0.0,0.0
-1210.0,-788.0,0.0,0.0,0.0,0.0,0.0,0.0,0.0,0.0,0.0,0.0
-1208.0,-788.0,0.0,0.0,0.0,0.0,0.0,0.0,0.0,0.0,0.0,0.0
-1206.0,-788.0,0.0,0.0,0.0,0.0,0.0,0.0,0.0,0.0,0.0,0.0
-1204.0,-788.0,0.0,0.0,0.0,0.0,0.0,0.0,0.0,0.0,0.0,0.0
-1202.0,-788.0,0.0,0.0,0.0,0.0,0.0,0.0,0.0,0.0,0.0,0.0
-1600.0,-786.0,-110.163,9.11815e-07,88.1396,42.9228,91.8604,-137.077,-1600.0,-786.0,-1400.0,-600.0
-1598.0,-786.0,-110.116,9.06942e-07,88.1296,43.2101,91.8704,-136.79,-1598.0,-786.0,-1400.0,-600.0
-1596.0,-786.0,-110.069,9.02092e-07,88.1196,43.5005,91.8804,-136.5,-1596.0,-786.0,-1400.0,-600.0
-1594.0,-786.0,-110.022,8.97266e-07,88.1094,43.794,91.8906,-136.206,-1594.0,-786.0,-1400.0,-600.0
-1592.0,-786.0,-109.976,8.92463e-07,88.0993,44.0906,91.9007,-135.909,-1592.0,-786.0,-1400.0,-600.0
-1590.0,-786.0,-109.929,8.87685e-07,88.089,44.3905,91.911,-135.61,-1590.0,-786.0,-1400.0,-600.0
-1588.0,-786.0,-109.882,8.82931e-07,88.0787,44.6936,91.9213,-135.306,-1588.0,-786.0,-1400.0,-600.0
-1586.0,-786.0,-109.835,8.78202e-07,88.0684,45.0,91.9316,-135.0,-1586.0,-786.0,-1400.0,-600.0
-1584.0,-786.0,-109.788,8.73491e-07,88.0743,45.3097,91.9257,-134.69,-1584.0,-786.0,-1400.0,-600.0
-1582.0,-786.0,-109.741,8.68794e-07,88.101,45.6228,91.899,-134.377,-1582.0,-786.0,-1400.0,-600.0
-1580.0,-786.0,-109.694,8.64124e-07,88.1281,45.9392,91.8719,-134.061,-1580.0,-786.0,-1400.0,-600.0
-1578.0,-786.0,-109.647,8.59481e-07,88.1556,46.259,91.8444,-133.741,-1578.0,-786.0,-1400.0,-600.0
-1576.0,-786.0,-109.6,8.54869e-07,88.173,46.5824,91.827,-133.418,-1576.0,-786.0,-1400.0,-600.0
-1574.0,-786.0,-109.553,8.5029e-07,88.1822,46.9092,91.8178,-133.091,-1574.0,-786.0,-1400.0,-600.0
-1572.0,-786.0,-109.507,8.45738e-07,88.1915,47.2395,91.8085,-132.761,-1572.0,-786.0,-1400.0,-600.0
-1570.0,-786.0,-109.46,8.41215e-07,88.201,47.5734,91.799,-132.427,-1570.0,-786.0,-1400.0,-600.0
-1568.0,-786.0,-109.413,8.36721e-07,88.2106,47.9108,91.7894,-132.089,-1568.0,-786.0,-1400.0,-600.0
-1566.0,-786.0,-109.366,8.32256e-07,88.2204,48.2519,91.7796,-131.748,-1566.0,-786.0,-1400.0,-600.0
-1564.0,-786.0,-109.32,8.27821e-07,88.2304,48.5967,91.7696,-131.403,-1564.0,-786.0,-1400.0,-600.0
-1562.0,-786.0,-109.273,8.23416e-07,88.2405,48.9452,91.7595,-131.055,-1562.0,-786.0,-1400.0,-600.0
-1560.0,-786.0,-109.227,8.19042e-07,88.2508,49.2974,91.7492,-130.703,-1560.0,-786.0,-1400.0,-600.0
-1558.0,-786.0,-109.181,8.14699e-07,88.2613,49.6534,91.7387,-130.347,-1558.0,-786.0,-1400.0,-600.0
-1556.0,-786.0,-109.134,8.10388e-07,88.272,50.0131,91.728,-129.987,-1556.0,-786.0,-1400.0,-600.0
-1554.0,-786.0,-109.088,8.06109e-07,88.2828,50.3767,91.7172,-129.623,-1554.0,-786.0,-1400.0,-600.0
-1552.0,-786.0,-109.042,8.01863e-07,88.2939,50.7442,91.7061,-129.256,-1552.0,-786.0,-1400.0,-600.0
-1550.0,-786.0,-108.996,7.97651e-07,88.3051,51.1155,91.6949,-128.884,-1550.0,-786.0,-1400.0,-600.0
-1548.0,-786.0,-108.95,7.93472e-07,88.3165,51.4908,91.6835,-128.509,-1548.0,-786.0,-1400.0,-600.0
-1546.0,-786.0,-108.905,7.89327e-07,88.3281,51.87,91.6719,-128.13,-1546.0,-786.0,-1400.0,-600.0
-1544.0,-786.0,-108.859,7.85218e-07,88.3399,52.2532,91.6601,-127.747,-1544.0,-786.0,-1400.0,-600.0
-1542.0,-786.0,-108.814,7.81144e-07,88.3519,52.6404,91.6481,-127.36,-1542.0,-786.0,-1400.0,-600.0
-1540.0,-786.0,-108.769,7.77106e-07,88.3642,53.0317,91.6358,-126.968,-1540.0,-786.0,-1400.0,-600.0
-1538.0,-786.0,-108.724,7.73105e-07,88.3766,53.427,91.6234,-126.573,-1538.0,-786.0,-1400.0,-600.0
-1536.0,-786.0,-108.679,7.69153e-07,88.3578,53.8264,91.6422,-126.174,-1536.0,-786.0,-1400.0,-600.0
-1534.0,-786.0,-108.635,7.65243e-07,88.3283,54.2299,91.6717,-125.77,-1534.0,-786.0,-1400.0,-600.0
-1532.0,-786.0,-108.59,7.61371e-07,88.2986,54.6375,91.7014,-125.362,-1532.0,-786.0,-1400.0,-600.0
-1530.0,-786.0,-108.546,7.57539e-07,88.2686,55.0493,91.7314,-124.951,-1530.0,-786.0,-1400.0,-600.0
-1528.0,-786.0,-108.502,7.53731e-07,88.275,55.4653,91.725,-124.535,-1528.0,-786.0,-1400.0,-600.0
-1526.0,-786.0,-108.459,7.49962e-07,88.2878,55.8855,91.7122,-124.114,-1526.0,-786.0,-1400.0,-600.0
-1524.0,-786.0,-108.415,7.46232e-07,88.3009,56.3099,91.6991,-123.69,-1524.0,-786.0,-1400.0,-600.0
-1522.0,-786.0,-108.372,7.42545e-07,88.3142,56.7386,91.6858,-123.261,-1522.0,-786.0,-1400.0,-600.0
-1520.0,-786.0,-108.329,7.38899e-07,88.3277,57.1715,91.6723,-122.829,-1520.0,-786.0,-1400.0,-600.0
-1518.0,-786.0,-108.287,7.35296e-07,88.3415,57.6086,91.6585,-122.391,-1518.0,-786.0,-1400.0,-600.0
-1516.0,-786.0,-108.244,7.31736e-07,88.3555,58.05,91.6445,-121.95,-1516.0,-786.0,-1400.0,-600.0
-1514.0,-786.0,-108.202,7.2822e-07,88.3697,58.4957,91.6303,-121.504,-1514.0,-786.0,-1400.0,-600.0
-1512.0,-786.0,-108.161,7.24756e-07,88.364,58.9457,91.636,-121.054,-1512.0,-786.0,-1400.0,-600.0
-1510.0,-786.0,-108.12,7.21337e-07,88.3563,59.4,91.6437,-120.6,-1510.0,-786.0,-1400.0,-600.0
-1508.0,-786.0,-108.079,7.17965e-07,88.3485,59.8586,91.6515,-120.141,-1508.0,-786.0,-1400.0,-600.0
-1506.0,-786.0,-108.038,7.14638e-07,88.3408,60.3215,91.6592,-119.678,-1506.0,-786.0,-1400.0,-600.0
-1504.0,-786.0,-107.998,7.11359e-07,88.3332,60.7887,91.6668,-119.211,-1504.0,-786.0,-1400.0,-600.0
-1502.0,-786.0,-107.958,7.08128e-07,88.3256,61.2602,91.6744,-118.74,-1502.0,-786.0,-1400.0,-600.0
-1500.0,-786.0,-107.919,7.04944e-07,88.318,61.736,91.682,-118.264,-1500.0,-786.0,-1400.0,-600.0
-1498.0,-786.0,-107.88,7.0181e-07,88.3105,62.2161,91.6895,-117.784,-1498.0,-786.0,-1400.0,-600.0
-1496.0,-786.0,-107.842,6.98734e-07,88.2809,62.7004,91.7191,-117.3,-1496.0,-786.0,-1400.0,-600.0
-1494.0,-786.0,-107.804,6.95708e-07,88.2502,63.189,91.7498,-116.811,-1494.0,-786.0,-1400.0,-600.0
-1492.0,-786.0,-107.767,6.92734e-07,88.2194,63.6819,91.7806,-116.318,-1492.0,-786.0,-1400.0,-600.0
-1490.0,-786.0,-107.73,6.89812e-07,88.1884,64.179,91.8116,-115.821,-1490.0,-786.0,-1400.0,-600.0
-1488.0,-786.0,-107.694,6.86942e-07,88.1574,64.6803,91.8426,-115.32,-1488.0,-786.0,-1400.0,-600.0
-1486.0,-786.0,-107.658,6.84125e-07,88.1262,65.1858,91.8738,-114.814,-1486.0,-786.0,-1400.0,-600.0
-1484.0,-786.0,-107.623,6.81362e-07,88.0948,65.6955,91.9052,-114.305,-1484.0,-786.0,-1400.0,-600.0
-1482.0,-786.0,-107.588,6.78653e-07,88.0634,66.2092,91.9366,-113.791,-1482.0,-786.0,-1400.0,-600.0
-1480.0,-786.0,-107.554,6.76e-07,88.0319,66.7271,91.9681,-113.273,-1480.0,-786.0,-1400.0,-600.0
-1478.0,-786.0,-107.52,6.73403e-07,88.0003,67.249,91.9997,-112.751,-1478.0,-786.0,-1400.0,-600.0
-1476.0,-786.0,-107.487,6.70862e-07,87.9687,67.775,92.0313,-112.225,-1476.0,-786.0,-1400.0,-600.0
-1474.0,-786.0,-107.455,6.68376e-07,87.9397,68.3049,92.0603,-111.695,-1474.0,-786.0,-1400.0,-600.0
-1472.0,-786.0,-107.423,6.6594e-07,87.9321,68.8387,92.0679,-111.161,-1472.0,-786.0,-1400.0,-600.0
-1470.0,-786.0,-107.392,6.63562e-07,87.9247,69.3765,92.0753,-110.624,-1470.0,-786.0,-1400.0,-600.0
-1468.0,-786.0,-107.362,6.61242e-07,87.9174,69.918,92.0826,-110.082,-1468.0,-786.0,-1400.0,-600.0
-1466.0,-786.0,-107.332,6.58984e-07,87.9051,70.4633,92.0949,-109.537,-1466.0,-786.0,-1400.0,-600.0
-1464.0,-786.0,-107.303,6.56795e-07,87.8735,71.0124,92.1265,-108.988,-1464.0,-786.0,-1400.0,-600.0
-1462.0,-786.0,-107.274,6.54666e-07,87.8419,71.5651,92.1581,-108.435,-1462.0,-786.0,-1400.0,-600.0
-1460.0,-786.0,-107.247,6.52598e-07,87.8103,72.1213,92.1897,-107.879,-1460.0,-786.0,-1400.0,-600.0
-1458.0,-786.0,-107.22,6.50593e-07,87.7787,72.6811,92.2213,-107.319,-1458.0,-786.0,-1400.0,-600.0
-1456.0,-786.0,-107.194,6.4865e-07,87.7472,73.2443,92.2528,-106.756,-1456.0,-786.0,-1400.0,-600.0
-1454.0,-786.0,-107.169,6.4677e-07,87.7156,73.8108,92.2844,-106.189,-1454.0,-786.0,-1400.0,-600.0
-1452.0,-786.0,-107.144,6.44954e-07,87.6842,74.3806,92.3158,-105.619,-1452.0,-786.0,-1400.0,-600.0
-1450.0,-786.0,-107.121,6.432e-07,87.6594,74.9536,92.3406,-105.046,-1450.0,-786.0,-1400.0,-600.0
-1448.0,-786.0,-107.097,6.41501e-07,87.6532,75.5297,92.3468,-104.47,-1448.0,-786.0,-1400.0,-600.0
-1446.0,-786.0,-113.885,6.39868e-07,87.6472,76.1168,92.3528,-103.963,-1404.61,-618.561,-1404.61,-618.561
-1444.0,-786.0,-119.235,6.38304e-07,87.6415,76.7635,92.3585,-103.963,-1404.61,-618.561,-1404.61,-618.561
-1442.0,-786.0,-121.686,1.29797e-06,88.8313,82.8926,91.1687,86.2561,-1397.84,-566.966,-1406.33,-499.954
-1440.0,-786.0,-122.122,1.29717e-06,88.8057,83.1851,91.1943,86.5487,-1397.9,-565.099,-1405.82,-499.953
-1438.0,-786.0,-122.55,1.29641e-06,88.7801,83.4781,91.2199,86.8416,-1397.96,-563.007,-1405.3,-499.953
-1436.0,-786.0,-123.471,1.39818e-06,88.8458,86.8017,91.1542,99.4209,-1419.16,-484.553,-1419.16,-484.553
-1434.0,-786.0,-123.845,1.39784e-06,88.8224,87.0749,91.1776,99.1477,-1418.6,-484.522,-1418.6,-484.522
-1432.0,-786.0,-124.185,1.39752e-06,88.7991,87.3482,91.2009,98.8744,-1418.04,-484.492,-1418.04,-484.492
-1430.0,-786.0,-124.485,1.39724e-06,88.7757,87.6216,91.2243,98.601,-1417.48,-484.461,-1417.48,-484.461
-1428.0,-786.0,-124.558,1.29202e-06,88.651,85.8825,91.349,94.2348,-1407.41,-499.955,-1407.41,-499.955
-1426.0,-786.0,-124.58,1.29157e-06,88.6308,86.1778,91.3692,93.9395,-1406.89,-499.954,-1406.89,-499.954
-1424.0,-786.0,-124.561,1.29115e-06,88.6179,86.4734,91.3821,93.6439,-1406.37,-499.954,-1406.37,-499.954
-1422.0,-786.0,-124.512,1.29076e-06,88.605,86.7692,91.395,93.3481,-1405.85,-499.953,-1405.85,-499.953
-1420.0,-786.0,-124.441,1.29041e-06,88.5921,87.0651,91.4079,93.0522,-1405.33,-499.953,-1405.33,-499.953
-1418.0,-786.0,-124.356,1.29009e-06,88.5857,87.3612,91.4143,92.7561,-1404.82,-499.952,-1404.82,-499.952
-1416.0,-786.0,-124.262,1.2898e-06,88.5854,87.6574,91.4146,92.4599,-1404.3,-499.952,-1404.3,-499.952
-1414.0,-786.0,-124.168,1.28954e-06,88.5851,87.9537,91.4149,92.1635,-1403.78,-499.951,-1403.78,-499.951
-1412.0,-786.0,-124.079,1.28932e-06,88.5848,88.2502,91.4152,91.8671,-1403.26,-499.95,-1403.26,-499.95
-1410.0,-786.0,-123.997,1.28913e-06,88.5846,88.5468,91.4154,91.5705,-1402.74,-499.95,-1402.74,-499.95
-1408.0,-786.0,-123.927,1.28898e-06,88.5845,88.8434,91.4155,91.2739,-1402.22,-499.949,-1402.22,-499.949
-1406.0,-786.0,-139.131,1.40037e-06,88.6971,95.4547,91.3029,99.5595,-1419.44,-484.568,-1425.26,-584.337
-1404.0,-786.0,-129.54,1.40104e-06,88.6977,96.0172,91.3023,99.5595,-1419.44,-484.568,-1425.26,-584.337
-1402.0,-786.0,-139.891,1.40177e-06,88.6984,96.5786,91.3016,99.5595,-1419.44,-484.568,-1425.26,-584.337
-1400.0,-786.0,-146.032,1.40257e-06,88.6991,97.1388,91.3009,99.5595,-1419.44,-484.568,-1425.26,-584.337
-1398.0,-786.0,-149.998,1.40343e-06,88.6999,97.6975,91.3001,99.5595,-1419.44,-484.568,-1425.26,-584.337
-1396.0,-786.0,-152.93,1.40435e-06,88.7008,98.2548,91.2992,99.5595,-1419.44,-484.568,-1425.26,-584.337
-1394.0,-786.0,-155.279,1.40534e-06,88.7017,98.8105,91.2983,99.5595,-1419.44,-484.568,-1425.26,-584.337
-1392.0,-786.0,-157.253,1.4064e-06,88.7027,99.3646,91.2973,99.5595,-1419.44,-484.568,-1425.26,-584.337
-1390.0,-786.0,-142.926,1.41148e-06,88.7073,99.3433,91.2927,82.1554,-1396.76,-576.497,-1425.6,-569.612
-1388.0,-786.0,-161.874,1.24771e-06,86.7922,34.1382,64.936,28.5318,-1381.11,-589.732,-1239.87,-685.565
-1386.0,-786.0,-135.039,1.30825e-06,88.6053,38.5248,91.3947,-35.9954,-1376.1,-617.359,-1239.87,-669.658
-1384.0,-786.0,-137.876,1.30304e-06,88.5997,38.7506,91.4003,-35.9954,-1376.1,-617.359,-1239.87,-670.319
-1382.0,-786.0,-140.639,1.29785e-06,88.5941,38.9786,91.4059,-35.9954,-1376.1,-617.359,-1239.87,-670.992
-1380.0,-786.0,-143.482,1.29267e-06,88.5885,39.2089,91.4115,-35.9954,-1376.1,-617.359,-1239.87,-671.675
-1378.0,-786.0,-146.551,1.2875e-06,88.5921,39.4415,91.4079,-35.9954,-1376.1,-617.359,-1239.87,-672.37
-1376.0,-786.0,-162.034,1.21481e-06,86.7295,35.1999,64.2562,29.4346,-1381.84,-589.754,-1239.87,-689.972
-1374.0,-786.0,-162.026,1.20935e-06,86.7289,35.3825,64.1403,29.5903,-1381.96,-589.758,-1239.87,-690.741
-1372.0,-786.0,-161.977,1.20391e-06,86.7284,35.5668,64.0236,29.7476,-1382.09,-589.762,-1239.87,-691.521
-1370.0,-786.0,-161.885,1.19848e-06,86.7279,35.7527,63.9059,29.9067,-1382.21,-589.765,-1239.87,-692.312
-1368.0,-786.0,-161.752,1.19306e-06,86.7274,35.9403,63.7874,30.0676,-1382.33,-589.769,-1239.87,-693.113
-1366.0,-786.0,-161.586,1.18766e-06,86.727,36.1297,63.6679,30.2303,-1382.45,-589.773,-1239.87,-693.926
-1364.0,-786.0,-161.399,1.18227e-06,86.7266,36.3207,63.5476,30.3949,-1382.57,-589.777,-1239.87,-694.75
-1362.0,-786.0,-161.203,1.17689e-06,86.7262,36.5135,63.4263,30.5612,-1382.69,-589.78,-1239.87,-695.585
-1360.0,-786.0,-161.011,1.17153e-06,86.7259,36.7081,63.3041,30.7295,-1382.81,-589.784,-1239.87,-696.433
-1358.0,-786.0,-160.833,1.16618e-06,86.7256,36.9045,63.181,30.8997,-1382.94,-589.788,-1239.87,-697.293
-1356.0,-786.0,-160.679,1.16084e-06,86.7253,37.1027,63.057,31.0718,-1383.06,-589.792,-1239.87,-698.165
-1354.0,-786.0,-159.287,1.27227e-06,87.3143,43.7347,82.8383,45.0245,-1390.01,-590.004,-1239.87,-676.802
-1352.0,-786.0,-158.088,1.26745e-06,87.3189,43.9436,82.8116,45.2327,-1390.09,-590.007,-1239.87,-677.93
-1350.0,-786.0,-157.152,1.26265e-06,87.3236,44.1541,82.7848,45.4424,-1390.16,-590.009,-1239.87,-679.074
-1348.0,-786.0,-156.434,1.25786e-06,87.3284,44.3662,82.7579,45.6537,-1390.24,-590.011,-1239.87,-680.236
-1346.0,-786.0,-155.895,1.25309e-06,87.3332,44.5799,82.7309,45.8667,-1390.31,-590.013,-1239.87,-681.415
-1344.0,-786.0,-155.506,1.24834e-06,87.3381,44.7952,82.7038,46.0814,-1390.39,-590.016,-1239.87,-682.612
-1342.0,-786.0,-155.247,1.2436e-06,87.3431,45.0122,82.6766,46.2977,-1390.46,-590.018,-1239.87,-683.827
-1340.0,-786.0,-155.106,1.23888e-06,87.3482,45.2308,82.6493,46.5157,-1390.53,-590.02,-1239.87,-685.061
-1338.0,-786.0,-155.079,1.23419e-06,87.3533,45.451,82.6219,46.7354,-1390.61,-590.023,-1239.87,-686.313
-1336.0,-786.0,-169.679,1.10086e-06,88.6613,45.8439,91.3387,-9.41385,-1309.77,-614.96,-1239.87,-686.996
-1334.0,-786.0,-170.065,1.09622e-06,88.6703,46.1908,91.3297,-9.41385,-1309.77,-614.96,-1239.87,-687.874
-1332.0,-786.0,-170.77,1.61101e-06,89.1044,-171.515,90.8956,-124.21,-1548.4,-818.284,-1548.4,-818.284
-1330.0,-786.0,-170.861,1.61761e-06,89.0981,-171.591,90.9019,-124.21,-1548.4,-818.284,-1548.4,-818.284
-1328.0,-786.0,-170.949,1.62422e-06,89.0918,-171.667,90.9082,-124.21,-1548.4,-818.284,-1548.4,-818.284
-1326.0,-786.0,-171.036,1.63083e-06,89.0856,-171.741,90.9144,-124.21,-1548.4,-818.284,-1548.4,-818.284
-1324.0,-786.0,-171.122,1.63744e-06,89.0781,-171.813,90.9219,-124.21,-1548.4,-818.284,-1548.4,-818.284
-1322.0,-786.0,-162.612,1.59367e-06,89.0325,60.8462,90.9675,-43.396,-1381.4,-617.583,-1239.86,-638.754
-1320.0,-786.0,-162.755,1.59044e-06,89.0103,61.0888,90.9897,-43.396,-1381.4,-617.583,-1239.86,-640.9
-1318.0,-786.0,-162.922,1.58724e-06,88.9879,61.3325,91.0121,-43.396,-1381.4,-617.583,-1239.86,-643.089
-1316.0,-786.0,-154.707,1.35798e-06,84.616,39.1457,88.6303,-33.591,-1374.0,-617.27,-1195.99,-688.312
-1314.0,-786.0,-154.75,1.35288e-06,84.4782,39.3318,88.6335,-33.7658,-1374.16,-617.277,-1195.96,-689.277
-1312.0,-786.0,-154.874,1.34781e-06,84.3365,39.5198,88.6367,-33.9417,-1374.32,-617.284,-1195.93,-690.253
-1310.0,-786.0,-155.086,1.34275e-06,84.1905,39.7098,88.64,-34.1189,-1374.48,-617.291,-1195.9,-691.24
-1308.0,-786.0,-155.387,1.3377e-06,84.0466,39.9014,88.6432,-34.2974,-1374.64,-617.297,-1195.87,-692.24
-1306.0,-786.0,-155.762,1.33265e-06,83.9247,40.0937,88.6466,-34.478,-1374.8,-617.304,-1195.84,-693.256
-1304.0,-786.0,-156.269,1.32761e-06,83.7989,40.288,88.6499,-34.6599,-1374.96,-617.311,-1195.81,-694.284
-1302.0,-786.0,-156.933,1.32259e-06,83.6689,40.4843,88.6534,-34.843,-1375.12,-617.318,-1195.77,-695.325
-1300.0,-786.0,-157.76,1.31757e-06,83.5446,40.6821,88.6568,-35.0278,-1375.28,-617.325,-1195.74,-696.381
-1298.0,-786.0,-158.714,1.31255e-06,83.441,40.8806,88.6603,-35.2146,-1375.44,-617.331,-1195.71,-697.453
-1296.0,-786.0,-159.76,1.30755e-06,83.3337,41.081,88.6639,-35.4028,-1375.61,-617.338,-1195.68,-698.54
-1294.0,-786.0,-160.67,1.30256e-06,83.2225,41.2835,88.6674,-35.5924,-1375.77,-617.345,-1195.64,-699.64
-1292.0,-786.0,-170.796,1.54787e-06,88.8213,64.6034,91.1787,-43.396,-1381.4,-617.583,-1239.87,-676.196
-1290.0,-786.0,-171.337,1.30747e-06,88.6045,97.1089,91.3955,15.8832,-1361.84,-589.142,-1309.31,-631.135
-1288.0,-786.0,-171.26,1.30834e-06,88.6054,97.8363,91.3946,15.8832,-1361.84,-589.142,-1309.31,-631.135
-1286.0,-786.0,-171.151,1.30929e-06,88.6064,98.5612,91.3936,15.8832,-1361.84,-589.142,-1309.31,-631.135
-1284.0,-786.0,-171.016,1.31033e-06,88.6031,99.2833,91.3969,15.8832,-1361.84,-589.142,-1309.31,-631.135
-1282.0,-786.0,-170.863,1.31145e-06,88.592,100.003,91.408,15.8832,-1361.84,-589.142,-1309.31,-631.135
-1280.0,-786.0,-170.408,1.53565e-06,88.7871,67.2346,91.2129,-43.3117,-1381.35,-617.58,-1239.87,-690.376
-1278.0,-786.0,-169.023,1.53309e-06,88.7746,67.5159,91.2254,-43.3117,-1381.35,-617.58,-1239.87,-693.878
-1276.0,-786.0,-167.77,1.53055e-06,88.7666,67.7983,91.2334,-43.3117,-1381.35,-617.58,-1239.87,-697.48
-1274.0,-786.0,-166.713,1.52805e-06,88.7646,68.0819,91.2354,-43.3117,-1381.35,-617.58,-1239.87,-701.184
-1272.0,-786.0,-165.848,1.52557e-06,88.7626,68.3666,91.2374,-43.3117,-1381.35,-617.58,-1239.87,-704.996
-1270.0,-786.0,-170.175,1.31988e-06,88.5697,104.244,91.4303,15.8832,-1361.84,-589.142,-1309.31,-631.135
-1268.0,-786.0,-170.136,1.32156e-06,88.578,104.937,91.422,15.8832,-1361.84,-589.142,-1309.31,-631.135
-1266.0,-786.0,-170.119,1.32331e-06,88.592,105.626,91.408,15.8832,-1361.84,-589.142,-1309.31,-631.135
-1264.0,-786.0,-170.12,1.32514e-06,88.6062,106.31,91.3938,15.8832,-1361.84,-589.142,-1309.31,-631.135
-1262.0,-786.0,-170.139,1.32704e-06,88.6203,106.989,91.3797,15.8832,-1361.84,-589.142,-1309.31,-631.135
-1260.0,-786.0,-170.176,1.32902e-06,88.6345,107.663,91.3655,15.8832,-1361.84,-589.142,-1309.31,-631.135
-1258.0,-786.0,-170.232,1.33108e-06,88.6488,108.332,91.3512,15.8832,-1361.84,-589.142,-1309.31,-631.135
-1256.0,-786.0,-170.31,1.33321e-06,88.663,108.997,91.337,15.8832,-1361.84,-589.142,-1309.31,-631.135
-1254.0,-786.0,-170.415,1.33541e-06,88.6773,109.655,91.3227,15.8832,-1361.84,-589.142,-1309.31,-631.135
-1252.0,-786.0,-170.553,1.33768e-06,88.6916,110.309,91.3084,15.8832,-1361.84,-589.142,-1309.31,-631.135
-1250.0,-786.0,-170.732,1.34002e-06,88.706,110.957,91.294,15.8832,-1361.84,-589.142,-1309.31,-631.135
-1248.0,-786.0,-170.959,1.34244e-06,88.7203,111.599,91.2797,15.8832,-1361.84,-589.142,-1309.31,-631.135
-1246.0,-786.0,-162.946,1.50103e-06,88.8663,74.9397,91.1337,-43.3117,-1381.35,-617.58,-1237.66,-755.004
-1244.0,-786.0,-162.945,1.49932e-06,88.8685,75.2424,91.1315,-43.3117,-1381.35,-617.58,-1237.46,-761.165
-1242.0,-786.0,-162.498,1.48808e-06,88.8599,106.575,91.1401,-43.3117,-1381.35,-617.58,-1325.27,-506.223
-1240.0,-786.0,-162.437,1.49e-06,88.8614,106.878,91.1386,-43.3117,-1381.35,-617.58,-1324.89,-506.216
-1238.0,-786.0,-162.389,1.49196e-06,88.8629,107.18,91.1371,-43.3117,-1381.35,-617.58,-1324.5,-506.208
-1236.0,-786.0,-162.355,1.49394e-06,88.8644,107.481,91.1356,-43.3117,-1381.35,-617.58,-1324.12,-506.2
-1234.0,-786.0,-170.728,1.36127e-06,88.7537,115.935,91.2463,15.8832,-1361.84,-589.142,-1309.31,-631.135
-1232.0,-786.0,-173.954,1.9422e-06,89.1265,-174.174,90.8735,-124.21,-1548.4,-818.284,-1548.4,-818.284
-1230.0,-786.0,-165.624,1.65993e-06,88.9779,-102.655,91.0221,-43.3117,-1381.35,-617.58,-1235.63,-811.055
-1228.0,-786.0,-165.522,1.66142e-06,88.9716,-102.925,91.0284,-43.3117,-1381.35,-617.58,-1233.74,-810.993
-1226.0,-786.0,-165.438,1.66293e-06,88.9628,-103.195,91.0372,-43.3117,-1381.35,-617.58,-1231.85,-810.931
-1224.0,-786.0,-165.374,1.66447e-06,88.9541,-103.464,91.0459,-43.3117,-1381.35,-617.58,-1229.95,-810.869
-1222.0,-786.0,-165.329,1.66605e-06,88.9454,-103.732,91.0546,-43.3117,-1381.35,-617.58,-1228.06,-810.807
-1220.0,-786.0,-174.22,1.98206e-06,89.1054,-174.385,90.8946,-124.21,-1548.4,-818.284,-1548.4,-818.284
-1218.0,-786.0,-174.262,1.9887e-06,89.1003,-174.419,90.8997,-124.21,-1548.4,-818.284,-1548.4,-818.284
-1216.0,-786.0,-174.305,1.99535e-06,89.0952,-174.453,90.9048,-124.21,-1548.4,-818.284,-1548.4,-818.284
-1214.0,-786.0,0.0,0.0,0.0,0.0,0.0,0.0,0.0,0.0,0.0,0.0
-1212.0,-786.0,0.0,0.0,0.0,0.0,0.0,0.0,0.0,0.0,0.0,0.0
-1210.0,-786.0,0.0,0.0,0.0,0.0,0.0,0.0,0.0,0.0,0.0,0.0
-1208.0,-786.0,0.0,0.0,0.0,0.0,0.0,0.0,0.0,0.0,0.0,0.0
-1206.0,-786.0,0.0,0.0,0.0,0.0,0.0,0.0,0.0,0.0,0.0,0.0
-1204.0,-786.0,0.0,0.0,0.0,0.0,0.0,0.0,0.0,0.0,0.0,0.0
-1202.0,-786.0,0.0,0.0,0.0,0.0,0.0,0.0,0.0,0.0,0.0,0.0
-1600.0,-784.0,-110.119,9.07296e-07,88.1101,42.6141,91.8899,-137.386,-1600.0,-784.0,-1400.0,-600.0
-1598.0,-784.0,-110.072,9.02395e-07,88.1065,42.9011,91.8935,-137.099,-1598.0,-784.0,-1400.0,-600.0
-1596.0,-784.0,-110.025,8.97521e-07,88.0962,43.1913,91.9038,-136.809,-1596.0,-784.0,-1400.0,-600.0
-1594.0,-784.0,-109.978,8.9267e-07,88.0858,43.4846,91.9142,-136.515,-1594.0,-784.0,-1400.0,-600.0
-1592.0,-784.0,-109.93,8.87843e-07,88.0754,43.7811,91.9246,-136.219,-1592.0,-784.0,-1400.0,-600.0
-1590.0,-784.0,-109.883,8.83039e-07,88.0649,44.0809,91.9351,-135.919,-1590.0,-784.0,-1400.0,-600.0
-1588.0,-784.0,-109.836,8.7826e-07,88.0544,44.3839,91.9456,-135.616,-1588.0,-784.0,-1400.0,-600.0
-1586.0,-784.0,-109.788,8.73506e-07,88.0438,44.6903,91.9562,-135.31,-1586.0,-784.0,-1400.0,-600.0
-1584.0,-784.0,-109.741,8.68769e-07,88.0495,45.0,91.9505,-135.0,-1584.0,-784.0,-1400.0,-600.0
-1582.0,-784.0,-109.693,8.64047e-07,88.0762,45.3131,91.9238,-134.687,-1582.0,-784.0,-1400.0,-600.0
-1580.0,-784.0,-109.646,8.59351e-07,88.1033,45.6296,91.8967,-134.37,-1580.0,-784.0,-1400.0,-600.0
-1578.0,-784.0,-109.598,8.54681e-07,88.1307,45.9496,91.8693,-134.05,-1578.0,-784.0,-1400.0,-600.0
-1576.0,-784.0,-109.551,8.50039e-07,88.1585,46.273,91.8415,-133.727,-1576.0,-784.0,-1400.0,-600.0
-1574.0,-784.0,-109.503,8.45431e-07,88.1717,46.6,91.8283,-133.4,-1574.0,-784.0,-1400.0,-600.0
-1572.0,-784.0,-109.456,8.40853e-07,88.181,46.9306,91.819,-133.069,-1572.0,-784.0,-1400.0,-600.0
-1570.0,-784.0,-109.409,8.36304e-07,88.1904,47.2648,91.8096,-132.735,-1570.0,-784.0,-1400.0,-600.0
-1568.0,-784.0,-109.361,8.31783e-07,88.2,47.6026,91.8,-132.397,-1568.0,-784.0,-1400.0,-600.0
-1566.0,-784.0,-109.314,8.27291e-07,88.2097,47.944,91.7903,-132.056,-1566.0,-784.0,-1400.0,-600.0
-1564.0,-784.0,-109.267,8.22829e-07,88.2196,48.2892,91.7804,-131.711,-1564.0,-784.0,-1400.0,-600.0
-1562.0,-784.0,-109.22,8.18398e-07,88.2297,48.6382,91.7703,-131.362,-1562.0,-784.0,-1400.0,-600.0
-1560.0,-784.0,-109.173,8.13997e-07,88.24,48.9909,91.76,-131.009,-1560.0,-784.0,-1400.0,-600.0
-1558.0,-784.0,-109.126,8.09627e-07,88.2504,49.3475,91.7496,-130.653,-1558.0,-784.0,-1400.0,-600.0
-1556.0,-784.0,-109.079,8.05288e-07,88.261,49.7079,91.739,-130.292,-1556.0,-784.0,-1400.0,-600.0
-1554.0,-784.0,-109.032,8.00982e-07,88.2718,50.0721,91.7282,-129.928,-1554.0,-784.0,-1400.0,-600.0
-1552.0,-784.0,-108.986,7.96709e-07,88.2828,50.4403,91.7172,-129.56,-1552.0,-784.0,-1400.0,-600.0
-1550.0,-784.0,-108.939,7.92469e-07,88.294,50.8125,91.706,-129.188,-1550.0,-784.0,-1400.0,-600.0
-1548.0,-784.0,-108.893,7.88263e-07,88.3054,51.1886,91.6946,-128.811,-1548.0,-784.0,-1400.0,-600.0
-1546.0,-784.0,-108.847,7.84091e-07,88.317,51.5688,91.683,-128.431,-1546.0,-784.0,-1400.0,-600.0
-1544.0,-784.0,-108.801,7.79954e-07,88.3287,51.953,91.6713,-128.047,-1544.0,-784.0,-1400.0,-600.0
-1542.0,-784.0,-108.755,7.75853e-07,88.3407,52.3412,91.6593,-127.659,-1542.0,-784.0,-1400.0,-600.0
-1540.0,-784.0,-108.709,7.71787e-07,88.3529,52.7336,91.6471,-127.266,-1540.0,-784.0,-1400.0,-600.0
-1538.0,-784.0,-108.663,7.67758e-07,88.3653,53.1301,91.6347,-126.87,-1538.0,-784.0,-1400.0,-600.0
-1536.0,-784.0,-108.618,7.63778e-07,88.3462,53.5308,91.6538,-126.469,-1536.0,-784.0,-1400.0,-600.0
-1534.0,-784.0,-108.573,7.59841e-07,88.3164,53.9356,91.6836,-126.064,-1534.0,-784.0,-1400.0,-600.0
-1532.0,-784.0,-108.528,7.55941e-07,88.2864,54.3447,91.7136,-125.655,-1532.0,-784.0,-1400.0,-600.0
-1530.0,-784.0,-108.483,7.52081e-07,88.2561,54.758,91.7439,-125.242,-1530.0,-784.0,-1400.0,-600.0
-1528.0,-784.0,-108.439,7.48259e-07,88.2293,55.1755,91.7707,-124.824,-1528.0,-784.0,-1400.0,-600.0
-1526.0,-784.0,-108.395,7.44461e-07,88.2419,55.5973,91.7581,-124.403,-1526.0,-784.0,-1400.0,-600.0
-1524.0,-784.0,-108.35,7.40705e-07,88.2548,56.0235,91.7452,-123.977,-1524.0,-784.0,-1400.0,-600.0
-1522.0,-784.0,-108.307,7.36989e-07,88.2679,56.4539,91.7321,-123.546,-1522.0,-784.0,-1400.0,-600.0
-1520.0,-784.0,-108.263,7.33316e-07,88.2812,56.8887,91.7188,-123.111,-1520.0,-784.0,-1400.0,-600.0
-1518.0,-784.0,-108.22,7.29685e-07,88.2948,57.3278,91.7052,-122.672,-1518.0,-784.0,-1400.0,-600.0
-1516.0,-784.0,-108.177,7.26097e-07,88.3086,57.7712,91.6914,-122.229,-1516.0,-784.0,-1400.0,-600.0
-1514.0,-784.0,-108.134,7.22553e-07,88.3226,58.2191,91.6774,-121.781,-1514.0,-784.0,-1400.0,-600.0
-1512.0,-784.0,-108.092,7.19062e-07,88.3167,58.6713,91.6833,-121.329,-1512.0,-784.0,-1400.0,-600.0
-1510.0,-784.0,-108.05,7.15616e-07,88.3086,59.1279,91.6914,-120.872,-1510.0,-784.0,-1400.0,-600.0
-1508.0,-784.0,-108.009,7.12216e-07,88.3005,59.5889,91.6995,-120.411,-1508.0,-784.0,-1400.0,-600.0
-1506.0,-784.0,-107.968,7.08863e-07,88.2924,60.0543,91.7076,-119.946,-1506.0,-784.0,-1400.0,-600.0
-1504.0,-784.0,-107.927,7.05557e-07,88.2844,60.5241,91.7156,-119.476,-1504.0,-784.0,-1400.0,-600.0
-1502.0,-784.0,-107.886,7.02299e-07,88.2764,60.9983,91.7236,-119.002,-1502.0,-784.0,-1400.0,-600.0
-1500.0,-784.0,-107.847,6.99089e-07,88.2685,61.4769,91.7315,-118.523,-1500.0,-784.0,-1400.0,-600.0
-1498.0,-784.0,-107.807,6.95935e-07,88.2439,61.9598,91.7561,-118.04,-1498.0,-784.0,-1400.0,-600.0
-1496.0,-784.0,-107.768,6.92833e-07,88.2127,62.4472,91.7873,-117.553,-1496.0,-784.0,-1400.0,-600.0
-1494.0,-784.0,-107.73,6.89782e-07,88.1814,62.9389,91.8186,-117.061,-1494.0,-784.0,-1400.0,-600.0
-1492.0,-784.0,-107.692,6.86782e-07,88.1499,63.4349,91.8501,-116.565,-1492.0,-784.0,-1400.0,-600.0
-1490.0,-784.0,-107.654,6.83835e-07,88.1183,63.9353,91.8817,-116.065,-1490.0,-784.0,-1400.0,-600.0
-1488.0,-784.0,-107.617,6.8094e-07,88.0866,64.44,91.9134,-115.56,-1488.0,-784.0,-1400.0,-600.0
-1486.0,-784.0,-107.581,6.78098e-07,88.0548,64.949,91.9452,-115.051,-1486.0,-784.0,-1400.0,-600.0
-1484.0,-784.0,-107.545,6.75311e-07,88.0228,65.4623,91.9772,-114.538,-1484.0,-784.0,-1400.0,-600.0
-1482.0,-784.0,-107.51,6.72578e-07,87.9907,65.9798,92.0093,-114.02,-1482.0,-784.0,-1400.0,-600.0
-1480.0,-784.0,-107.475,6.69901e-07,87.9586,66.5014,92.0414,-113.499,-1480.0,-784.0,-1400.0,-600.0
-1478.0,-784.0,-107.441,6.6728e-07,87.9264,67.0273,92.0736,-112.973,-1478.0,-784.0,-1400.0,-600.0
-1476.0,-784.0,-107.407,6.64716e-07,87.8941,67.5572,92.1059,-112.443,-1476.0,-784.0,-1400.0,-600.0
-1474.0,-784.0,-107.374,6.622e-07,87.8831,68.0913,92.1169,-111.909,-1474.0,-784.0,-1400.0,-600.0
-1472.0,-784.0,-107.342,6.59741e-07,87.8752,68.6294,92.1248,-111.371,-1472.0,-784.0,-1400.0,-600.0
-1470.0,-784.0,-107.31,6.5734e-07,87.8674,69.1714,92.1326,-110.829,-1470.0,-784.0,-1400.0,-600.0
-1468.0,-784.0,-107.279,6.54999e-07,87.8598,69.7174,92.1402,-110.283,-1468.0,-784.0,-1400.0,-600.0
-1466.0,-784.0,-107.249,6.52719e-07,87.8471,70.2673,92.1529,-109.733,-1466.0,-784.0,-1400.0,-600.0
-1464.0,-784.0,-107.219,6.50509e-07,87.8149,70.821,92.1851,-109.179,-1464.0,-784.0,-1400.0,-600.0
-1462.0,-784.0,-107.19,6.48359e-07,87.7827,71.3784,92.2173,-108.622,-1462.0,-784.0,-1400.0,-600.0
-1460.0,-784.0,-107.162,6.46272e-07,87.7506,71.9395,92.2494,-108.06,-1460.0,-784.0,-1400.0,-600.0
-1458.0,-784.0,-107.135,6.44247e-07,87.7184,72.5042,92.2816,-107.496,-1458.0,-784.0,-1400.0,-600.0
-1456.0,-784.0,-107.108,6.42285e-07,87.6863,73.0725,92.3137,-106.928,-1456.0,-784.0,-1400.0,-600.0
-1454.0,-784.0,-107.082,6.40387e-07,87.6542,73.6442,92.3458,-106.356,-1454.0,-784.0,-1400.0,-600.0
-1452.0,-784.0,-107.057,6.38553e-07,87.623,74.2192,92.377,-105.781,-1452.0,-784.0,-1400.0,-600.0
-1450.0,-784.0,-107.033,6.36772e-07,87.6164,74.7976,92.3836,-105.202,-1450.0,-784.0,-1400.0,-600.0
-1448.0,-784.0,-107.01,6.35056e-07,87.6099,75.3791,92.3901,-104.621,-1448.0,-784.0,-1400.0,-600.0
-1446.0,-784.0,-106.987,6.33406e-07,87.6037,75.9638,92.3963,-104.036,-1446.0,-784.0,-1400.0,-600.0
-1444.0,-784.0,-117.917,6.31825e-07,87.5977,76.6092,92.4023,-103.963,-1404.61,-618.561,-1404.61,-618.561
-1442.0,-784.0,-121.581,1.29135e-06,88.8158,82.8559,91.1842,86.2195,-1397.83,-567.186,-1406.4,-499.954
-1440.0,-784.0,-122.019,1.29055e-06,88.79,83.15,91.21,86.5135,-1397.89,-565.335,-1405.88,-499.953
-1438.0,-784.0,-122.451,1.28979e-06,88.7643,83.4444,91.2357,86.8079,-1397.95,-563.26,-1405.36,-499.953
-1436.0,-784.0,-123.403,1.39152e-06,88.8314,86.7864,91.1686,99.4362,-1419.19,-484.554,-1419.19,-484.554
-1434.0,-784.0,-123.781,1.39118e-06,88.8079,87.0608,91.1921,99.1617,-1418.62,-484.524,-1418.62,-484.524
-1432.0,-784.0,-124.125,1.39086e-06,88.7844,87.3354,91.2156,98.8871,-1418.06,-484.493,-1418.06,-484.493
-1430.0,-784.0,-124.428,1.39058e-06,88.761,87.6102,91.239,98.6124,-1417.5,-484.463,-1417.5,-484.463
-1428.0,-784.0,-124.509,1.28537e-06,88.6368,85.8611,91.3632,94.2562,-1407.45,-499.955,-1407.45,-499.955
-1426.0,-784.0,-124.534,1.28491e-06,88.6237,86.158,91.3763,93.9593,-1406.92,-499.954,-1406.92,-499.954
-1424.0,-784.0,-124.518,1.28449e-06,88.6107,86.4551,91.3893,93.6622,-1406.4,-499.954,-1406.4,-499.954
-1422.0,-784.0,-124.471,1.2841e-06,88.5977,86.7524,91.4023,93.3649,-1405.88,-499.953,-1405.88,-499.953
-1420.0,-784.0,-123.038,1.13079e-06,88.3933,85.323,91.6067,88.0165,-1397.69,-533.214,-1398.66,-523.099
-1418.0,-784.0,-124.316,1.28342e-06,88.5783,87.3474,91.4217,92.7698,-1404.84,-499.952,-1404.84,-499.952
-1416.0,-784.0,-124.222,1.28313e-06,88.578,87.6452,91.422,92.4721,-1404.32,-499.952,-1404.32,-499.952
-1414.0,-784.0,-124.128,1.28287e-06,88.5777,87.9431,91.4223,92.1742,-1403.8,-499.951,-1403.8,-499.951
-1412.0,-784.0,-124.038,1.28265e-06,88.5775,88.2411,91.4225,91.8762,-1403.28,-499.95,-1403.28,-499.95
-1410.0,-784.0,-123.956,1.28246e-06,88.5773,88.5392,91.4227,91.5781,-1402.76,-499.95,-1402.76,-499.95
-1408.0,-784.0,-123.885,1.28231e-06,88.5771,88.8374,91.4229,91.2799,-1402.24,-499.949,-1402.24,-499.949
-1406.0,-784.0,-138.358,1.39373e-06,88.6909,95.509,91.3091,99.5595,-1419.44,-484.568,-1425.26,-584.337
-1404.0,-784.0,-130.533,1.3944e-06,88.6915,96.0771,91.3085,99.5595,-1419.44,-484.568,-1425.26,-584.337
-1402.0,-784.0,-140.726,1.39514e-06,88.6922,96.6439,91.3078,99.5595,-1419.44,-484.568,-1425.26,-584.337
-1400.0,-784.0,-146.553,1.39595e-06,88.693,97.2095,91.307,99.5595,-1419.44,-484.568,-1425.26,-584.337
-1398.0,-784.0,-150.379,1.39682e-06,88.6938,97.7737,91.3062,99.5595,-1419.44,-484.568,-1425.26,-584.337
-1396.0,-784.0,-153.237,1.39775e-06,88.6946,98.3363,91.3054,99.5595,-1419.44,-484.568,-1425.26,-584.337
-1394.0,-784.0,-155.542,1.39875e-06,88.6956,98.8974,91.3044,99.5595,-1419.44,-484.568,-1425.26,-584.337
-1392.0,-784.0,-157.488,1.39981e-06,88.6966,99.4567,91.3034,99.5595,-1419.44,-484.568,-1425.26,-584.337
-1390.0,-784.0,-143.132,1.4049e-06,88.7013,99.4016,91.2987,82.1554,-1396.76,-576.497,-1425.62,-568.873
-1388.0,-784.0,-161.895,1.24399e-06,86.7806,33.8832,65.0988,28.3183,-1380.93,-589.727,-1239.87,-684.524
-1386.0,-784.0,-161.817,1.23846e-06,86.7662,34.0556,64.9876,28.4641,-1381.06,-589.73,-1239.87,-685.228
-1384.0,-784.0,-161.786,1.23295e-06,86.7516,34.2296,64.8756,28.6114,-1381.18,-589.734,-1239.87,-685.941
-1382.0,-784.0,-137.094,1.29366e-06,88.5896,38.6943,91.4104,-35.9954,-1376.1,-617.359,-1239.87,-670.154
-1380.0,-784.0,-139.898,1.28846e-06,88.5902,38.9241,91.4098,-35.9954,-1376.1,-617.359,-1239.87,-670.831
-1378.0,-784.0,-142.739,1.28327e-06,88.597,39.1562,91.403,-35.9954,-1376.1,-617.359,-1239.87,-671.518
-1376.0,-784.0,-145.776,1.2781e-06,88.604,39.3906,91.396,-35.9954,-1376.1,-617.359,-1239.87,-672.218
-1374.0,-784.0,-161.941,1.20549e-06,86.7274,35.1234,64.3047,29.3696,-1381.79,-589.753,-1239.87,-689.651
-1372.0,-784.0,-161.947,1.20003e-06,86.7268,35.3071,64.1881,29.5261,-1381.91,-589.757,-1239.87,-690.423
-1370.0,-784.0,-161.916,1.19459e-06,86.7262,35.4924,64.0705,29.6842,-1382.04,-589.76,-1239.87,-691.206
-1368.0,-784.0,-161.84,1.18915e-06,86.7257,35.6795,63.9521,29.8442,-1382.16,-589.764,-1239.87,-692.0
-1366.0,-784.0,-161.722,1.18373e-06,86.7252,35.8683,63.8328,30.0059,-1382.28,-589.768,-1239.87,-692.805
-1364.0,-784.0,-161.565,1.17832e-06,86.7248,36.0588,63.7125,30.1695,-1382.4,-589.772,-1239.87,-693.621
-1362.0,-784.0,-161.383,1.17293e-06,86.7244,36.251,63.5914,30.3349,-1382.53,-589.775,-1239.87,-694.449
-1360.0,-784.0,-161.187,1.16754e-06,86.724,36.4451,63.4693,30.5022,-1382.65,-589.779,-1239.87,-695.288
-1358.0,-784.0,-160.99,1.16218e-06,86.7236,36.6409,63.3462,30.6715,-1382.77,-589.783,-1239.87,-696.14
-1356.0,-784.0,-160.805,1.15682e-06,86.7233,36.8385,63.2222,30.8426,-1382.9,-589.787,-1239.87,-697.004
-1354.0,-784.0,-160.64,1.15148e-06,86.723,37.038,63.0973,31.0158,-1383.02,-589.79,-1239.87,-697.88
-1352.0,-784.0,-159.274,1.26282e-06,87.3171,43.7253,82.8395,45.015,-1390.01,-590.004,-1239.87,-676.751
-1350.0,-784.0,-158.055,1.258e-06,87.3218,43.9357,82.8126,45.2246,-1390.08,-590.006,-1239.87,-677.887
-1348.0,-784.0,-157.103,1.2532e-06,87.3266,44.1477,82.7856,45.4359,-1390.16,-590.009,-1239.87,-679.039
-1346.0,-784.0,-156.374,1.24841e-06,87.3314,44.3614,82.7585,45.6488,-1390.23,-590.011,-1239.87,-680.209
-1344.0,-784.0,-155.828,1.24364e-06,87.3363,44.5767,82.7313,45.8634,-1390.31,-590.013,-1239.87,-681.397
-1342.0,-784.0,-155.434,1.23889e-06,87.3413,44.7937,82.704,46.0797,-1390.39,-590.016,-1239.87,-682.603
-1340.0,-784.0,-155.173,1.23415e-06,87.3464,45.0123,82.6766,46.2977,-1390.46,-590.018,-1239.87,-683.827
-1338.0,-784.0,-155.031,1.22943e-06,87.3515,45.2326,82.6491,46.5173,-1390.54,-590.02,-1239.87,-685.071
-1336.0,-784.0,-155.005,1.22474e-06,87.3567,45.4546,82.6215,46.7387,-1390.61,-590.023,-1239.87,-686.333
-1334.0,-784.0,-169.599,1.09141e-06,88.6758,45.8541,91.3242,-9.41385,-1309.77,-614.96,-1239.87,-687.022
-1332.0,-784.0,-169.999,1.08678e-06,88.6609,46.2052,91.3391,-9.41385,-1309.77,-614.96,-1239.87,-687.911
-1330.0,-784.0,-170.638,1.61862e-06,89.091,-171.079,90.909,-124.21,-1548.4,-818.284,-1548.4,-818.284
-1328.0,-784.0,-170.731,1.62522e-06,89.0848,-171.158,90.9152,-124.21,-1548.4,-818.284,-1548.4,-818.284
-1326.0,-784.0,-170.823,1.63182e-06,89.0786,-171.237,90.9214,-124.21,-1548.4,-818.284,-1548.4,-818.284
-1324.0,-784.0,-170.913,1.63842e-06,89.0711,-171.314,90.9289,-124.21,-1548.4,-818.284,-1548.4,-818.284
-1322.0,-784.0,-162.497,1.58785e-06,89.0212,60.7107,90.9788,-43.396,-1381.4,-617.583,-1239.86,-637.569
-1320.0,-784.0,-162.627,1.58461e-06,88.9988,60.9539,91.0012,-43.396,-1381.4,-617.583,-1239.86,-639.703
-1318.0,-784.0,-162.782,1.58139e-06,88.9764,61.1983,91.0236,-43.396,-1381.4,-617.583,-1239.86,-641.88
-1316.0,-784.0,-162.96,1.5782e-06,88.9538,61.4439,91.0462,-43.396,-1381.4,-617.583,-1239.86,-644.102
-1314.0,-784.0,-154.87,1.3487e-06,84.4352,39.1127,88.6295,-33.5451,-1373.95,-617.269,-1196.0,-688.06
-1312.0,-784.0,-154.901,1.34361e-06,84.2924,39.3005,88.6327,-33.7208,-1374.12,-617.275,-1195.97,-689.028
-1310.0,-784.0,-155.016,1.33854e-06,84.1454,39.4902,88.6359,-33.8976,-1374.28,-617.282,-1195.94,-690.008
-1308.0,-784.0,-155.179,1.33345e-06,84.0256,39.6804,88.6392,-34.0766,-1374.44,-617.289,-1195.91,-691.004
-1306.0,-784.0,-155.437,1.32838e-06,83.903,39.8724,88.6425,-34.2569,-1374.6,-617.296,-1195.88,-692.013
-1304.0,-784.0,-155.808,1.32333e-06,83.7766,40.0665,88.6458,-34.4385,-1374.77,-617.303,-1195.85,-693.034
-1302.0,-784.0,-156.313,1.31829e-06,83.6459,40.2626,88.6492,-34.6214,-1374.93,-617.31,-1195.81,-694.067
-1300.0,-784.0,-156.962,1.31326e-06,83.5209,40.4602,88.6527,-34.8059,-1375.09,-617.316,-1195.78,-695.114
-1298.0,-784.0,-157.748,1.30822e-06,83.4167,40.6583,88.6561,-34.9926,-1375.25,-617.323,-1195.75,-696.179
-1296.0,-784.0,-158.705,1.3032e-06,83.3088,40.8586,88.6597,-35.1805,-1375.42,-617.33,-1195.71,-697.257
-1294.0,-784.0,-159.757,1.2982e-06,83.1969,41.0609,88.6632,-35.3699,-1375.58,-617.337,-1195.68,-698.349
-1292.0,-784.0,-160.669,1.29321e-06,83.0809,41.2654,88.6668,-35.5606,-1375.74,-617.344,-1195.65,-699.455
-1290.0,-784.0,-161.052,1.28824e-06,82.9604,41.4721,88.6705,-35.7527,-1375.9,-617.351,-1195.61,-700.575
-1288.0,-784.0,-171.166,1.30173e-06,88.5983,97.9376,91.4017,15.8832,-1361.84,-589.142,-1309.31,-631.135
-1286.0,-784.0,-171.052,1.30269e-06,88.5979,98.6715,91.4021,15.8832,-1361.84,-589.142,-1309.31,-631.135
-1284.0,-784.0,-170.91,1.30375e-06,88.5866,99.4026,91.4134,15.8832,-1361.84,-589.142,-1309.31,-631.135
-1282.0,-784.0,-170.755,1.30489e-06,88.5755,100.131,91.4245,15.8832,-1361.84,-589.142,-1309.31,-631.135
-1280.0,-784.0,-170.598,1.30611e-06,88.5644,100.855,91.4356,15.8832,-1361.84,-589.142,-1309.31,-631.135
-1278.0,-784.0,-169.55,1.52693e-06,88.7615,67.3987,91.2385,-43.3117,-1381.35,-617.58,-1239.87,-692.409
-1276.0,-784.0,-168.22,1.52438e-06,88.7535,67.6822,91.2465,-43.3117,-1381.35,-617.58,-1239.87,-695.989
-1274.0,-784.0,-167.074,1.52186e-06,88.7515,67.967,91.2485,-43.3117,-1381.35,-617.58,-1239.87,-699.672
-1272.0,-784.0,-166.128,1.51938e-06,88.7494,68.2529,91.2506,-43.3117,-1381.35,-617.58,-1239.87,-703.462
-1270.0,-784.0,-170.082,1.31342e-06,88.5533,104.423,91.4467,15.8832,-1361.84,-589.142,-1309.31,-631.135
-1268.0,-784.0,-170.048,1.31512e-06,88.5551,105.124,91.4449,15.8832,-1361.84,-589.142,-1309.31,-631.135
-1266.0,-784.0,-170.035,1.3169e-06,88.5664,105.82,91.4336,15.8832,-1361.84,-589.142,-1309.31,-631.135
-1264.0,-784.0,-170.041,1.31875e-06,88.5807,106.511,91.4193,15.8832,-1361.84,-589.142,-1309.31,-631.135
-1262.0,-784.0,-170.066,1.32068e-06,88.5949,107.198,91.4051,15.8832,-1361.84,-589.142,-1309.31,-631.135
-1260.0,-784.0,-170.109,1.32268e-06,88.6093,107.88,91.3907,15.8832,-1361.84,-589.142,-1309.31,-631.135
-1258.0,-784.0,-170.173,1.32476e-06,88.6236,108.556,91.3764,15.8832,-1361.84,-589.142,-1309.31,-631.135
-1256.0,-784.0,-170.261,1.32691e-06,88.638,109.227,91.362,15.8832,-1361.84,-589.142,-1309.31,-631.135
-1254.0,-784.0,-170.379,1.32914e-06,88.6525,109.893,91.3475,15.8832,-1361.84,-589.142,-1309.31,-631.135
-1252.0,-784.0,-170.533,1.33144e-06,88.6669,110.553,91.3331,15.8832,-1361.84,-589.142,-1309.31,-631.135
-1250.0,-784.0,-170.733,1.33381e-06,88.6814,111.207,91.3186,15.8832,-1361.84,-589.142,-1309.31,-631.135
-1248.0,-784.0,-170.981,1.33625e-06,88.6959,111.856,91.3041,15.8832,-1361.84,-589.142,-1309.31,-631.135
-1246.0,-784.0,-162.907,1.4946e-06,88.8449,74.8579,91.1551,-43.3117,-1381.35,-617.58,-1237.71,-753.376
-1244.0,-784.0,-162.898,1.49287e-06,88.8543,75.1621,91.1457,-43.3117,-1381.35,-617.58,-1237.51,-759.51
-1242.0,-784.0,-162.433,1.48169e-06,88.8466,106.666,91.1534,-43.3117,-1381.35,-617.58,-1325.16,-506.221
-1240.0,-784.0,-162.376,1.48362e-06,88.8481,106.97,91.1519,-43.3117,-1381.35,-617.58,-1324.77,-506.213
-1238.0,-784.0,-162.332,1.48559e-06,88.8497,107.274,91.1503,-43.3117,-1381.35,-617.58,-1324.38,-506.205
-1236.0,-784.0,-162.301,1.48759e-06,88.8512,107.576,91.1488,-43.3117,-1381.35,-617.58,-1324.0,-506.198
-1234.0,-784.0,-170.555,1.35528e-06,88.739,116.229,91.261,15.8832,-1361.84,-589.142,-1309.31,-631.135
-1232.0,-784.0,-173.918,1.9429e-06,89.1204,-173.816,90.8796,-124.21,-1548.4,-818.284,-1548.4,-818.284
-1230.0,-784.0,-173.966,1.94954e-06,89.1234,-173.854,90.8766,-124.21,-1548.4,-818.284,-1548.4,-818.284
-1228.0,-784.0,-165.583,1.66792e-06,88.9682,-102.864,91.0318,-43.3117,-1381.35,-617.58,-1234.17,-811.007
-1226.0,-784.0,-165.496,1.66943e-06,88.9594,-103.132,91.0406,-43.3117,-1381.35,-617.58,-1232.29,-810.945
-1224.0,-784.0,-165.427,1.67097e-06,88.9507,-103.4,91.0493,-43.3117,-1381.35,-617.58,-1230.4,-810.884
-1222.0,-784.0,-165.378,1.67253e-06,88.9421,-103.667,91.0579,-43.3117,-1381.35,-617.58,-1228.52,-810.822
-1220.0,-784.0,-165.349,1.67413e-06,88.9334,-103.933,91.0666,-43.3117,-1381.35,-617.58,-1226.64,-810.76
-1218.0,-784.0,-174.239,1.98938e-06,89.0943,-174.076,90.9057,-124.21,-1548.4,-818.284,-1548.4,-818.284
-1216.0,-784.0,-174.283,1.99602e-06,89.0893,-174.111,90.9107,-124.21,-1548.4,-818.284,-1548.4,-818.284
-1214.0,-784.0,0.0,0.0,0.0,0.0,0.0,0.0,0.0,0.0,0.0,0.0
-1212.0,-784.0,0.0,0.0,0.0,0.0,0.0,0.0,0.0,0.0,0.0,0.0
-1210.0,-784.0,0.0,0.0,0.0,0.0,0.0,0.0,0.0,0.0,0.0,0.0
-1208.0,-784.0,0.0,0.0,0.0,0.0,0.0,0.0,0.0,0.0,0.0,0.0
-1206.0,-784.0,0.0,0.0,0.0,0.0,0.0,0.0,0.0,0.0,0.0,0.0
-1204.0,-784.0,0.0,0.0,0.0,0.0,0.0,0.0,0.0,0.0,0.0,0.0
-1202.0,-784.0,0.0,0.0,0.0,0.0,0.0,0.0,0.0,0.0,0.0,0.0
-1600.0,-782.0,-110.076,9.02808e-07,88.0733,42.3022,91.9267,-137.698,-1600.0,-782.0,-1400.0,-600.0
-1598.0,-782.0,-110.028,8.97877e-07,88.0807,42.589,91.9193,-137.411,-1598.0,-782.0,-1400.0,-600.0
-1596.0,-782.0,-109.981,8.92976e-07,88.0726,42.8789,91.9274,-137.121,-1596.0,-782.0,-1400.0,-600.0
-1594.0,-782.0,-109.933,8.88101e-07,88.0621,43.172,91.9379,-136.828,-1594.0,-782.0,-1400.0,-600.0
-1592.0,-782.0,-109.885,8.83248e-07,88.0514,43.4684,91.9486,-136.532,-1592.0,-782.0,-1400.0,-600.0
-1590.0,-782.0,-109.837,8.7842e-07,88.0407,43.768,91.9593,-136.232,-1590.0,-782.0,-1400.0,-600.0
-1588.0,-782.0,-109.789,8.73616e-07,88.0299,44.071,91.9701,-135.929,-1588.0,-782.0,-1400.0,-600.0
-1586.0,-782.0,-109.742,8.68836e-07,88.0191,44.3772,91.9809,-135.623,-1586.0,-782.0,-1400.0,-600.0
-1584.0,-782.0,-109.694,8.64073e-07,88.0246,44.6869,91.9754,-135.313,-1584.0,-782.0,-1400.0,-600.0
-1582.0,-782.0,-109.646,8.59325e-07,88.0513,45.0,91.9487,-135.0,-1582.0,-782.0,-1400.0,-600.0
-1580.0,-782.0,-109.598,8.54603e-07,88.0783,45.3165,91.9217,-134.683,-1580.0,-782.0,-1400.0,-600.0
-1578.0,-782.0,-109.549,8.49907e-07,88.1057,45.6366,91.8943,-134.363,-1578.0,-782.0,-1400.0,-600.0
-1576.0,-782.0,-109.501,8.45239e-07,88.1334,45.9602,91.8666,-134.04,-1576.0,-782.0,-1400.0,-600.0
-1574.0,-782.0,-109.453,8.40597e-07,88.1612,46.2873,91.8388,-133.713,-1574.0,-782.0,-1400.0,-600.0
-1572.0,-782.0,-109.406,8.35993e-07,88.1704,46.6181,91.8296,-133.382,-1572.0,-782.0,-1400.0,-600.0
-1570.0,-782.0,-109.358,8.31417e-07,88.1797,46.9525,91.8203,-133.047,-1570.0,-782.0,-1400.0,-600.0
-1568.0,-782.0,-109.31,8.26869e-07,88.1893,47.2906,91.8107,-132.709,-1568.0,-782.0,-1400.0,-600.0
-1566.0,-782.0,-109.262,8.22351e-07,88.1989,47.6324,91.8011,-132.368,-1566.0,-782.0,-1400.0,-600.0
-1564.0,-782.0,-109.214,8.17862e-07,88.2088,47.978,91.7912,-132.022,-1564.0,-782.0,-1400.0,-600.0
-1562.0,-782.0,-109.167,8.13403e-07,88.2188,48.3274,91.7812,-131.673,-1562.0,-782.0,-1400.0,-600.0
-1560.0,-782.0,-109.119,8.08975e-07,88.229,48.6806,91.771,-131.319,-1560.0,-782.0,-1400.0,-600.0
-1558.0,-782.0,-109.072,8.04578e-07,88.2394,49.0377,91.7606,-130.962,-1558.0,-782.0,-1400.0,-600.0
-1556.0,-782.0,-109.024,8.00212e-07,88.25,49.3987,91.75,-130.601,-1556.0,-782.0,-1400.0,-600.0
-1554.0,-782.0,-108.977,7.95879e-07,88.2607,49.7636,91.7393,-130.236,-1554.0,-782.0,-1400.0,-600.0
-1552.0,-782.0,-108.93,7.91578e-07,88.2717,50.1326,91.7283,-129.867,-1552.0,-782.0,-1400.0,-600.0
-1550.0,-782.0,-108.882,7.8731e-07,88.2828,50.5055,91.7172,-129.495,-1550.0,-782.0,-1400.0,-600.0
-1548.0,-782.0,-108.835,7.83076e-07,88.2942,50.8824,91.7058,-129.118,-1548.0,-782.0,-1400.0,-600.0
-1546.0,-782.0,-108.789,7.78877e-07,88.3057,51.2635,91.6943,-128.737,-1546.0,-782.0,-1400.0,-600.0
-1544.0,-782.0,-108.742,7.74712e-07,88.3174,51.6486,91.6826,-128.351,-1544.0,-782.0,-1400.0,-600.0
-1542.0,-782.0,-108.695,7.70582e-07,88.3293,52.0379,91.6707,-127.962,-1542.0,-782.0,-1400.0,-600.0
-1540.0,-782.0,-108.649,7.66489e-07,88.3415,52.4314,91.6585,-127.569,-1540.0,-782.0,-1400.0,-600.0
-1538.0,-782.0,-108.602,7.62432e-07,88.3538,52.8291,91.6462,-127.171,-1538.0,-782.0,-1400.0,-600.0
-1536.0,-782.0,-108.557,7.58424e-07,88.3345,53.231,91.6655,-126.769,-1536.0,-782.0,-1400.0,-600.0
-1534.0,-782.0,-108.511,7.54459e-07,88.3044,53.6371,91.6956,-126.363,-1534.0,-782.0,-1400.0,-600.0
-1532.0,-782.0,-108.465,7.50531e-07,88.274,54.0476,91.726,-125.952,-1532.0,-782.0,-1400.0,-600.0
-1530.0,-782.0,-108.42,7.46643e-07,88.2434,54.4623,91.7566,-125.538,-1530.0,-782.0,-1400.0,-600.0
-1528.0,-782.0,-108.375,7.42795e-07,88.2125,54.8814,91.7875,-125.119,-1528.0,-782.0,-1400.0,-600.0
-1526.0,-782.0,-108.33,7.38981e-07,88.1954,55.3048,91.8046,-124.695,-1526.0,-782.0,-1400.0,-600.0
-1524.0,-782.0,-108.285,7.35196e-07,88.2081,55.7327,91.7919,-124.267,-1524.0,-782.0,-1400.0,-600.0
-1522.0,-782.0,-108.241,7.31452e-07,88.221,56.1649,91.779,-123.835,-1522.0,-782.0,-1400.0,-600.0
-1520.0,-782.0,-108.197,7.27751e-07,88.2341,56.6015,91.7659,-123.398,-1520.0,-782.0,-1400.0,-600.0
-1518.0,-782.0,-108.153,7.24092e-07,88.2474,57.0426,91.7526,-122.957,-1518.0,-782.0,-1400.0,-600.0
-1516.0,-782.0,-108.109,7.20476e-07,88.2611,57.4881,91.7389,-122.512,-1516.0,-782.0,-1400.0,-600.0
-1514.0,-782.0,-108.066,7.16904e-07,88.2749,57.9381,91.7251,-122.062,-1514.0,-782.0,-1400.0,-600.0
-1512.0,-782.0,-108.023,7.13385e-07,88.2686,58.3925,91.7314,-121.608,-1512.0,-782.0,-1400.0,-600.0
-1510.0,-782.0,-107.98,7.09912e-07,88.2601,58.8514,91.7399,-121.149,-1510.0,-782.0,-1400.0,-600.0
-1508.0,-782.0,-107.938,7.06485e-07,88.2517,59.3148,91.7483,-120.685,-1508.0,-782.0,-1400.0,-600.0
-1506.0,-782.0,-107.896,7.03104e-07,88.2432,59.7827,91.7568,-120.217,-1506.0,-782.0,-1400.0,-600.0
-1504.0,-782.0,-107.855,6.99771e-07,88.2349,60.2551,91.7651,-119.745,-1504.0,-782.0,-1400.0,-600.0
-1502.0,-782.0,-107.814,6.96486e-07,88.2265,60.732,91.7735,-119.268,-1502.0,-782.0,-1400.0,-600.0
-1500.0,-782.0,-107.773,6.93253e-07,88.2069,61.2134,91.7931,-118.787,-1500.0,-782.0,-1400.0,-600.0
-1498.0,-782.0,-107.733,6.90075e-07,88.1752,61.6992,91.8248,-118.301,-1498.0,-782.0,-1400.0,-600.0
-1496.0,-782.0,-107.694,6.86947e-07,88.1434,62.1896,91.8566,-117.81,-1496.0,-782.0,-1400.0,-600.0
-1494.0,-782.0,-107.655,6.8387e-07,88.1114,62.6844,91.8886,-117.316,-1494.0,-782.0,-1400.0,-600.0
-1492.0,-782.0,-107.616,6.80844e-07,88.0793,63.1837,91.9207,-116.816,-1492.0,-782.0,-1400.0,-600.0
-1490.0,-782.0,-107.578,6.77871e-07,88.047,63.6874,91.953,-116.313,-1490.0,-782.0,-1400.0,-600.0
-1488.0,-782.0,-107.54,6.74951e-07,88.0146,64.1955,91.9854,-115.805,-1488.0,-782.0,-1400.0,-600.0
-1486.0,-782.0,-107.503,6.72085e-07,87.9821,64.708,92.0179,-115.292,-1486.0,-782.0,-1400.0,-600.0
-1484.0,-782.0,-107.467,6.69272e-07,87.9495,65.2249,92.0505,-114.775,-1484.0,-782.0,-1400.0,-600.0
-1482.0,-782.0,-107.431,6.66515e-07,87.9168,65.7461,92.0832,-114.254,-1482.0,-782.0,-1400.0,-600.0
-1480.0,-782.0,-107.395,6.63814e-07,87.884,66.2716,92.116,-113.728,-1480.0,-782.0,-1400.0,-600.0
-1478.0,-782.0,-107.361,6.61169e-07,87.8511,66.8014,92.1489,-113.199,-1478.0,-782.0,-1400.0,-600.0
-1476.0,-782.0,-107.326,6.58575e-07,87.8338,67.3354,92.1662,-112.665,-1476.0,-782.0,-1400.0,-600.0
-1474.0,-782.0,-107.293,6.56034e-07,87.8254,67.8737,92.1746,-112.126,-1474.0,-782.0,-1400.0,-600.0
-1472.0,-782.0,-107.26,6.53551e-07,87.8172,68.416,92.1828,-111.584,-1472.0,-782.0,-1400.0,-600.0
-1470.0,-782.0,-107.227,6.51128e-07,87.809,68.9625,92.191,-111.038,-1470.0,-782.0,-1400.0,-600.0
-1468.0,-782.0,-107.196,6.48764e-07,87.801,69.513,92.199,-110.487,-1468.0,-782.0,-1400.0,-600.0
-1466.0,-782.0,-107.165,6.46462e-07,87.7879,70.0675,92.2121,-109.933,-1466.0,-782.0,-1400.0,-600.0
-1464.0,-782.0,-107.134,6.44231e-07,87.7552,70.6259,92.2448,-109.374,-1464.0,-782.0,-1400.0,-600.0
-1462.0,-782.0,-107.105,6.42061e-07,87.7224,71.1881,92.2776,-108.812,-1462.0,-782.0,-1400.0,-600.0
-1460.0,-782.0,-107.076,6.39953e-07,87.6897,71.7541,92.3103,-108.246,-1460.0,-782.0,-1400.0,-600.0
-1458.0,-782.0,-107.049,6.37908e-07,87.657,72.3239,92.343,-107.676,-1458.0,-782.0,-1400.0,-600.0
-1456.0,-782.0,-107.021,6.35927e-07,87.6242,72.8973,92.3758,-107.103,-1456.0,-782.0,-1400.0,-600.0
-1454.0,-782.0,-106.995,6.3401e-07,87.5916,73.4742,92.4084,-106.526,-1454.0,-782.0,-1400.0,-600.0
-1452.0,-782.0,-106.97,6.32148e-07,87.5793,74.0546,92.4207,-105.945,-1452.0,-782.0,-1400.0,-600.0
-1450.0,-782.0,-106.945,6.30349e-07,87.5724,74.6384,92.4276,-105.362,-1450.0,-782.0,-1400.0,-600.0
-1448.0,-782.0,-106.921,6.28616e-07,87.5657,75.2254,92.4343,-104.775,-1448.0,-782.0,-1400.0,-600.0
-1446.0,-782.0,-106.898,6.26949e-07,87.5592,75.8157,92.4408,-104.184,-1446.0,-782.0,-1400.0,-600.0
-1444.0,-782.0,-116.559,6.2535e-07,87.553,76.4514,92.447,-103.963,-1404.61,-618.561,-1404.61,-618.561
-1442.0,-782.0,-121.475,1.28474e-06,88.8,82.8189,91.2,86.1825,-1397.83,-567.406,-1406.46,-499.954
-1440.0,-782.0,-121.916,1.28393e-06,88.7741,83.1145,91.2259,86.478,-1397.88,-565.569,-1405.94,-499.953
-1438.0,-782.0,-122.351,1.28316e-06,88.7482,83.4104,91.2518,86.7739,-1397.94,-563.512,-1405.42,-499.953
-1436.0,-782.0,-123.335,1.38487e-06,88.8169,86.7709,91.1831,99.4517,-1419.22,-484.556,-1419.22,-484.556
-1434.0,-782.0,-123.716,1.38452e-06,88.7932,87.0467,91.2068,99.1759,-1418.65,-484.525,-1418.65,-484.525
-1432.0,-782.0,-124.063,1.3842e-06,88.7696,87.3226,91.2304,98.9,-1418.09,-484.495,-1418.09,-484.495
-1430.0,-782.0,-124.37,1.38392e-06,88.7461,87.5987,91.2539,98.6239,-1417.52,-484.464,-1417.52,-484.464
-1428.0,-782.0,-124.459,1.27871e-06,88.6297,85.8395,91.3703,94.2778,-1407.48,-499.955,-1407.48,-499.955
-1426.0,-782.0,-124.488,1.27825e-06,88.6166,86.1379,91.3834,93.9794,-1406.96,-499.954,-1406.96,-499.954
-1424.0,-782.0,-124.475,1.27783e-06,88.6035,86.4366,91.3965,93.6807,-1406.44,-499.954,-1406.44,-499.954
-1422.0,-782.0,-124.429,1.27744e-06,88.5904,86.7354,91.4096,93.3819,-1405.91,-499.953,-1405.91,-499.953
-1420.0,-782.0,-122.963,1.12414e-06,88.3838,85.2953,91.6162,87.9888,-1397.67,-533.708,-1398.69,-523.099
-1418.0,-782.0,-124.275,1.27676e-06,88.5709,87.3336,91.4291,92.7837,-1404.86,-499.952,-1404.86,-499.952
-1416.0,-782.0,-124.182,1.27647e-06,88.5706,87.6329,91.4294,92.4844,-1404.34,-499.952,-1404.34,-499.952
-1414.0,-782.0,-124.087,1.27621e-06,88.5703,87.9323,91.4297,92.1849,-1403.82,-499.951,-1403.82,-499.951
-1412.0,-782.0,-123.997,1.27598e-06,88.5701,88.2319,91.4299,91.8854,-1403.29,-499.95,-1403.29,-499.95
-1410.0,-782.0,-123.914,1.2758e-06,88.5698,88.5316,91.4302,91.5857,-1402.77,-499.95,-1402.77,-499.95
-1408.0,-782.0,-123.842,1.27564e-06,88.5697,88.8313,91.4303,91.286,-1402.25,-499.949,-1402.25,-499.949
-1406.0,-782.0,-137.551,1.38709e-06,88.6846,95.5644,91.3154,99.5595,-1419.44,-484.568,-1425.26,-584.337
-1404.0,-782.0,-131.797,1.38777e-06,88.6853,96.1381,91.3147,99.5595,-1419.44,-484.568,-1425.26,-584.337
-1402.0,-782.0,-141.497,1.38852e-06,88.686,96.7106,91.314,99.5595,-1419.44,-484.568,-1425.26,-584.337
-1400.0,-782.0,-147.055,1.38933e-06,88.6867,97.2817,91.3133,99.5595,-1419.44,-484.568,-1425.26,-584.337
-1398.0,-782.0,-150.75,1.39021e-06,88.6876,97.8514,91.3124,99.5595,-1419.44,-484.568,-1425.26,-584.337
-1396.0,-782.0,-153.54,1.39115e-06,88.6885,98.4195,91.3115,99.5595,-1419.44,-484.568,-1425.26,-584.337
-1394.0,-782.0,-155.804,1.39216e-06,88.6894,98.9859,91.3106,99.5595,-1419.44,-484.568,-1425.26,-584.337
-1392.0,-782.0,-157.721,1.39323e-06,88.6904,99.5506,91.3096,99.5595,-1419.44,-484.568,-1425.26,-584.337
-1390.0,-782.0,-155.54,1.4251e-06,88.7197,100.058,91.2803,113.553,-1429.64,-532.017,-1425.29,-583.048
-1388.0,-782.0,-162.037,1.24028e-06,86.769,33.6267,65.2628,28.104,-1380.75,-589.721,-1239.87,-683.483
-1386.0,-782.0,-161.874,1.23474e-06,86.7544,33.7985,65.1518,28.2489,-1380.88,-589.725,-1239.87,-684.18
-1384.0,-782.0,-161.77,1.22921e-06,86.7397,33.9718,65.04,28.3954,-1381.0,-589.729,-1239.87,-684.886
-1382.0,-782.0,-161.717,1.22369e-06,86.7286,34.1467,64.9274,28.5432,-1381.12,-589.732,-1239.87,-685.602
-1380.0,-782.0,-136.316,1.28428e-06,88.5952,38.637,91.4048,-35.9954,-1376.1,-617.359,-1239.87,-669.986
-1378.0,-782.0,-139.143,1.27907e-06,88.6021,38.8686,91.3979,-35.9954,-1376.1,-617.359,-1239.87,-670.667
-1376.0,-782.0,-141.991,1.27387e-06,88.6091,39.1025,91.3909,-35.9954,-1376.1,-617.359,-1239.87,-671.359
-1374.0,-782.0,-145.001,1.2687e-06,88.6161,39.3388,91.3839,-35.9954,-1376.1,-617.359,-1239.87,-672.063
-1372.0,-782.0,-148.314,1.26354e-06,88.6233,39.5776,91.3767,-35.9954,-1376.1,-617.359,-1239.87,-672.778
-1370.0,-782.0,-161.862,1.19072e-06,86.7246,35.2304,64.2366,29.4609,-1381.86,-589.755,-1239.87,-690.101
-1368.0,-782.0,-161.847,1.18527e-06,86.7241,35.4169,64.1183,29.6199,-1381.99,-589.759,-1239.87,-690.887
-1366.0,-782.0,-161.789,1.17983e-06,86.7235,35.6051,63.9991,29.7807,-1382.11,-589.763,-1239.87,-691.684
-1364.0,-782.0,-161.686,1.1744e-06,86.723,35.795,63.8789,29.9433,-1382.23,-589.766,-1239.87,-692.492
-1362.0,-782.0,-161.541,1.16899e-06,86.7225,35.9867,63.7579,30.1078,-1382.36,-589.77,-1239.87,-693.312
-1360.0,-782.0,-161.365,1.16359e-06,86.7221,36.1802,63.6359,30.2741,-1382.48,-589.774,-1239.87,-694.143
-1358.0,-782.0,-161.171,1.1582e-06,86.7217,36.3755,63.5129,30.4423,-1382.61,-589.778,-1239.87,-694.987
-1356.0,-782.0,-160.971,1.15283e-06,86.7213,36.5725,63.389,30.6125,-1382.73,-589.781,-1239.87,-695.842
-1354.0,-782.0,-160.779,1.14747e-06,86.721,36.7715,63.2642,30.7847,-1382.85,-589.785,-1239.87,-696.71
-1352.0,-782.0,-160.605,1.14212e-06,86.7207,36.9723,63.1383,30.9588,-1382.98,-589.789,-1239.87,-697.591
-1350.0,-782.0,-159.263,1.25337e-06,87.32,43.7157,82.8407,45.0053,-1390.01,-590.004,-1239.87,-676.699
-1348.0,-782.0,-158.021,1.24855e-06,87.3248,43.9277,82.8137,45.2165,-1390.08,-590.006,-1239.87,-677.843
-1346.0,-782.0,-157.053,1.24375e-06,87.3296,44.1413,82.7865,45.4293,-1390.16,-590.009,-1239.87,-679.004
-1344.0,-782.0,-156.313,1.23896e-06,87.3345,44.3566,82.7592,45.6438,-1390.23,-590.011,-1239.87,-680.183
-1342.0,-782.0,-155.759,1.23419e-06,87.3395,44.5735,82.7318,45.8601,-1390.31,-590.013,-1239.87,-681.379
-1340.0,-782.0,-155.361,1.22943e-06,87.3445,44.7921,82.7043,46.078,-1390.38,-590.016,-1239.87,-682.594
-1338.0,-782.0,-155.097,1.2247e-06,87.3496,45.0124,82.6766,46.2976,-1390.46,-590.018,-1239.87,-683.828
-1336.0,-782.0,-154.955,1.21998e-06,87.3549,45.2344,82.6489,46.519,-1390.54,-590.02,-1239.87,-685.081
-1334.0,-782.0,-169.318,1.08664e-06,88.6642,45.5131,91.3358,-9.41385,-1309.77,-614.96,-1239.87,-686.169
-1332.0,-782.0,-169.518,1.08198e-06,88.6436,45.8644,91.3564,-9.41385,-1309.77,-614.96,-1239.87,-687.048
-1330.0,-782.0,-169.935,1.07736e-06,88.6228,46.22,91.3772,-9.41385,-1309.77,-614.96,-1239.87,-687.949
-1328.0,-782.0,-170.502,1.62628e-06,89.0777,-170.651,90.9223,-124.21,-1548.4,-818.284,-1548.4,-818.284
-1326.0,-782.0,-170.597,1.63287e-06,89.0716,-170.734,90.9284,-124.21,-1548.4,-818.284,-1548.4,-818.284
-1324.0,-782.0,-170.691,1.63946e-06,89.0642,-170.815,90.9358,-124.21,-1548.4,-818.284,-1548.4,-818.284
-1322.0,-782.0,-170.783,1.64606e-06,89.0483,-170.895,90.9517,-124.21,-1548.4,-818.284,-1548.4,-818.284
-1320.0,-782.0,-162.506,1.57878e-06,88.9873,60.8179,91.0127,-43.396,-1381.4,-617.583,-1239.86,-638.506
-1318.0,-782.0,-162.648,1.57555e-06,88.9647,61.0631,91.0353,-43.396,-1381.4,-617.583,-1239.86,-640.671
-1316.0,-782.0,-162.814,1.57235e-06,88.9421,61.3094,91.0579,-43.396,-1381.4,-617.583,-1239.86,-642.88
-1314.0,-782.0,-163.005,1.56917e-06,88.9194,61.5568,91.0806,-43.396,-1381.4,-617.583,-1239.86,-645.135
-1312.0,-782.0,-163.221,1.56601e-06,88.8966,61.8055,91.1034,-43.396,-1381.4,-617.583,-1239.86,-647.437
-1310.0,-782.0,-155.026,1.33433e-06,84.1239,39.2681,88.6319,-33.6756,-1374.08,-617.274,-1195.98,-688.779
-1308.0,-782.0,-155.088,1.32923e-06,84.0045,39.458,88.6351,-33.8544,-1374.24,-617.281,-1195.95,-689.768
-1306.0,-782.0,-155.24,1.32414e-06,83.8813,39.6497,88.6384,-34.0344,-1374.4,-617.287,-1195.92,-690.769
-1304.0,-782.0,-155.492,1.31907e-06,83.7542,39.8435,88.6417,-34.2158,-1374.57,-617.294,-1195.88,-691.782
-1302.0,-782.0,-155.859,1.31401e-06,83.6229,40.0393,88.6451,-34.3984,-1374.73,-617.301,-1195.85,-692.807
-1300.0,-782.0,-156.348,1.30897e-06,83.4972,40.2367,88.6485,-34.5826,-1374.89,-617.308,-1195.82,-693.847
-1298.0,-782.0,-156.956,1.30391e-06,83.3924,40.4346,88.652,-34.769,-1375.06,-617.315,-1195.79,-694.904
-1296.0,-782.0,-157.742,1.29887e-06,83.2838,40.6346,88.6555,-34.9567,-1375.22,-617.322,-1195.75,-695.974
-1294.0,-782.0,-158.704,1.29385e-06,83.1712,40.8367,88.659,-35.1459,-1375.39,-617.329,-1195.72,-697.058
-1292.0,-782.0,-159.763,1.28885e-06,83.0545,41.041,88.6626,-35.3364,-1375.55,-617.336,-1195.69,-698.155
-1290.0,-782.0,-160.674,1.28386e-06,82.9333,41.2475,88.6662,-35.5283,-1375.71,-617.343,-1195.65,-699.267
-1288.0,-782.0,-161.037,1.27889e-06,82.8074,41.4564,88.6699,-35.7216,-1375.87,-617.349,-1195.62,-700.393
-1286.0,-782.0,-170.949,1.2961e-06,88.5812,98.7847,91.4188,15.8832,-1361.84,-589.142,-1309.31,-631.135
-1284.0,-782.0,-170.803,1.29717e-06,88.5699,99.525,91.4301,15.8832,-1361.84,-589.142,-1309.31,-631.135
-1282.0,-782.0,-158.365,1.94202e-06,88.1423,63.0919,83.678,117.614,-1429.35,-543.892,-1239.87,-698.992
-1280.0,-782.0,-158.986,1.93902e-06,88.1283,63.268,83.7161,117.442,-1429.36,-543.461,-1239.87,-702.328
-1278.0,-782.0,-159.717,1.93604e-06,88.1143,63.4446,83.7544,117.27,-1429.37,-543.023,-1239.87,-705.715
-1276.0,-782.0,-168.708,1.51822e-06,88.7403,67.565,91.2597,-43.3117,-1381.35,-617.58,-1239.87,-694.499
-1274.0,-782.0,-167.473,1.51569e-06,88.7382,67.8509,91.2618,-43.3117,-1381.35,-617.58,-1239.87,-698.16
-1272.0,-782.0,-166.441,1.51319e-06,88.7361,68.138,91.2639,-43.3117,-1381.35,-617.58,-1239.87,-701.928
-1270.0,-782.0,-165.601,1.51072e-06,88.7341,68.4263,91.2659,-43.3117,-1381.35,-617.58,-1239.87,-705.808
-1268.0,-782.0,-169.96,1.30869e-06,88.5386,105.315,91.4614,15.8832,-1361.84,-589.142,-1309.31,-631.135
-1266.0,-782.0,-169.952,1.31049e-06,88.5406,106.019,91.4594,15.8832,-1361.84,-589.142,-1309.31,-631.135
-1264.0,-782.0,-169.964,1.31237e-06,88.5549,106.718,91.4451,15.8832,-1361.84,-589.142,-1309.31,-631.135
-1262.0,-782.0,-169.994,1.31432e-06,88.5693,107.412,91.4307,15.8832,-1361.84,-589.142,-1309.31,-631.135
-1260.0,-782.0,-170.045,1.31634e-06,88.5838,108.101,91.4162,15.8832,-1361.84,-589.142,-1309.31,-631.135
-1258.0,-782.0,-170.117,1.31845e-06,88.5983,108.785,91.4017,15.8832,-1361.84,-589.142,-1309.31,-631.135
-1256.0,-782.0,-170.216,1.32063e-06,88.6128,109.463,91.3872,15.8832,-1361.84,-589.142,-1309.31,-631.135
-1254.0,-782.0,-170.347,1.32288e-06,88.6274,110.135,91.3726,15.8832,-1361.84,-589.142,-1309.31,-631.135
-1252.0,-782.0,-170.52,1.32521e-06,88.642,110.802,91.358,15.8832,-1361.84,-589.142,-1309.31,-631.135
-1250.0,-782.0,-170.742,1.3276e-06,88.6566,111.463,91.3434,15.8832,-1361.84,-589.142,-1309.31,-631.135
-1248.0,-782.0,-171.01,1.33008e-06,88.6712,112.118,91.3288,15.8832,-1361.84,-589.142,-1309.31,-631.135
-1246.0,-782.0,-171.281,1.33262e-06,88.6859,112.766,91.3141,15.8832,-1361.84,-589.142,-1309.31,-631.135
-1244.0,-782.0,-162.853,1.48643e-06,88.8327,75.081,91.1673,-43.3117,-1381.35,-617.58,-1237.57,-757.853
-1242.0,-782.0,-162.368,1.47531e-06,88.8333,106.758,91.1667,-43.3117,-1381.35,-617.58,-1325.04,-506.219
-1240.0,-782.0,-162.315,1.47725e-06,88.8348,107.064,91.1652,-43.3117,-1381.35,-617.58,-1324.65,-506.211
-1238.0,-782.0,-162.275,1.47922e-06,88.8364,107.368,91.1636,-43.3117,-1381.35,-617.58,-1324.26,-506.203
-1236.0,-782.0,-162.249,1.48123e-06,88.8379,107.672,91.1621,-43.3117,-1381.35,-617.58,-1323.87,-506.195
-1234.0,-782.0,-173.814,1.93702e-06,89.1114,-173.417,90.8886,-124.21,-1548.4,-818.284,-1548.4,-818.284
-1232.0,-782.0,-173.865,1.94364e-06,89.1144,-173.458,90.8856,-124.21,-1548.4,-818.284,-1548.4,-818.284
-1230.0,-782.0,-173.914,1.95027e-06,89.1174,-173.499,90.8826,-124.21,-1548.4,-818.284,-1548.4,-818.284
-1228.0,-782.0,-165.645,1.67443e-06,88.9648,-102.803,91.0352,-43.3117,-1381.35,-617.58,-1234.59,-811.021
-1226.0,-782.0,-165.554,1.67593e-06,88.9561,-103.07,91.0439,-43.3117,-1381.35,-617.58,-1232.72,-810.96
-1224.0,-782.0,-165.481,1.67746e-06,88.9474,-103.336,91.0526,-43.3117,-1381.35,-617.58,-1230.85,-810.898
-1222.0,-782.0,-165.428,1.67902e-06,88.9388,-103.602,91.0612,-43.3117,-1381.35,-617.58,-1228.98,-810.837
-1220.0,-782.0,-165.394,1.68061e-06,88.9302,-103.867,91.0698,-43.3117,-1381.35,-617.58,-1227.1,-810.775
-1218.0,-782.0,-174.2,1.99009e-06,89.0885,-173.733,90.9115,-124.21,-1548.4,-818.284,-1548.4,-818.284
-1216.0,-782.0,-174.247,1.99672e-06,89.0891,-173.77,90.9109,-124.21,-1548.4,-818.284,-1548.4,-818.284
-1214.0,-782.0,0.0,0.0,0.0,0.0,0.0,0.0,0.0,0.0,0.0,0.0
-1212.0,-782.0,0.0,0.0,0.0,0.0,0.0,0.0,0.0,0.0,0.0,0.0
-1210.0,-782.0,0.0,0.0,0.0,0.0,0.0,0.0,0.0,0.0,0.0,0.0
-1208.0,-782.0,0.0,0.0,0.0,0.0,0.0,0.0,0.0,0.0,0.0,0.0
-1206.0,-782.0,0.0,0.0,0.0,0.0,0.0,0.0,0.0,0.0,0.0,0.0
-1204.0,-782.0,0.0,0.0,0.0,0.0,0.0,0.0,0.0,0.0,0.0,0.0
-1202.0,-782.0,0.0,0.0,0.0,0.0,0.0,0.0,0.0,0.0,0.0,0.0
-1600.0,-780.0,-110.033,8.98347e-07,88.0362,41.9872,91.9638,-138.013,-1600.0,-780.0,-1400.0,-600.0
-1598.0,-780.0,-109.985,8.93391e-07,88.0434,42.2737,91.9566,-137.726,-1598.0,-780.0,-1400.0,-600.0
-1596.0,-780.0,-109.936,8.88459e-07,88.0489,42.5634,91.9511,-137.437,-1596.0,-780.0,-1400.0,-600.0
-1594.0,-780.0,-109.888,8.83558e-07,88.0381,42.8562,91.9619,-137.144,-1594.0,-780.0,-1400.0,-600.0
-1592.0,-780.0,-109.84,8.78681e-07,88.0272,43.1524,91.9728,-136.848,-1592.0,-780.0,-1400.0,-600.0
-1590.0,-780.0,-109.792,8.73827e-07,88.0162,43.4518,91.9838,-136.548,-1590.0,-780.0,-1400.0,-600.0
-1588.0,-780.0,-109.743,8.68997e-07,88.0052,43.7546,91.9948,-136.245,-1588.0,-780.0,-1400.0,-600.0
-1586.0,-780.0,-109.695,8.64192e-07,87.9941,44.0608,92.0059,-135.939,-1586.0,-780.0,-1400.0,-600.0
-1584.0,-780.0,-109.646,8.59404e-07,87.9995,44.3704,92.0005,-135.63,-1584.0,-780.0,-1400.0,-600.0
-1582.0,-780.0,-109.598,8.54629e-07,88.0261,44.6835,91.9739,-135.317,-1582.0,-780.0,-1400.0,-600.0
-1580.0,-780.0,-109.549,8.49881e-07,88.053,45.0,91.947,-135.0,-1580.0,-780.0,-1400.0,-600.0
-1578.0,-780.0,-109.501,8.45159e-07,88.0804,45.3201,91.9196,-134.68,-1578.0,-780.0,-1400.0,-600.0
-1576.0,-780.0,-109.452,8.40464e-07,88.1081,45.6437,91.8919,-134.356,-1576.0,-780.0,-1400.0,-600.0
-1574.0,-780.0,-109.403,8.35796e-07,88.1361,45.971,91.8639,-134.029,-1574.0,-780.0,-1400.0,-600.0
-1572.0,-780.0,-109.355,8.31158e-07,88.1597,46.302,91.8403,-133.698,-1572.0,-780.0,-1400.0,-600.0
-1570.0,-780.0,-109.307,8.26555e-07,88.169,46.6366,91.831,-133.363,-1570.0,-780.0,-1400.0,-600.0
-1568.0,-780.0,-109.258,8.21981e-07,88.1785,46.9749,91.8215,-133.025,-1568.0,-780.0,-1400.0,-600.0
-1566.0,-780.0,-109.21,8.17435e-07,88.1881,47.3171,91.8119,-132.683,-1566.0,-780.0,-1400.0,-600.0
-1564.0,-780.0,-109.161,8.12919e-07,88.1979,47.663,91.8021,-132.337,-1564.0,-780.0,-1400.0,-600.0
-1562.0,-780.0,-109.113,8.08433e-07,88.2079,48.0128,91.7921,-131.987,-1562.0,-780.0,-1400.0,-600.0
-1560.0,-780.0,-109.065,8.03977e-07,88.218,48.3665,91.782,-131.634,-1560.0,-780.0,-1400.0,-600.0
-1558.0,-780.0,-109.017,7.99553e-07,88.2283,48.7241,91.7717,-131.276,-1558.0,-780.0,-1400.0,-600.0
-1556.0,-780.0,-108.969,7.9516e-07,88.2389,49.0856,91.7611,-130.914,-1556.0,-780.0,-1400.0,-600.0
-1554.0,-780.0,-108.921,7.90798e-07,88.2496,49.4512,91.7504,-130.549,-1554.0,-780.0,-1400.0,-600.0
-1552.0,-780.0,-108.873,7.8647e-07,88.2604,49.8208,91.7396,-130.179,-1552.0,-780.0,-1400.0,-600.0
-1550.0,-780.0,-108.825,7.82174e-07,88.2715,50.1944,91.7285,-129.806,-1550.0,-780.0,-1400.0,-600.0
-1548.0,-780.0,-108.778,7.77913e-07,88.2828,50.5722,91.7172,-129.428,-1548.0,-780.0,-1400.0,-600.0
-1546.0,-780.0,-108.73,7.73685e-07,88.2943,50.9541,91.7057,-129.046,-1546.0,-780.0,-1400.0,-600.0
-1544.0,-780.0,-108.683,7.69492e-07,88.306,51.3402,91.694,-128.66,-1544.0,-780.0,-1400.0,-600.0
-1542.0,-780.0,-108.636,7.65334e-07,88.3179,51.7305,91.6821,-128.27,-1542.0,-780.0,-1400.0,-600.0
-1540.0,-780.0,-108.589,7.61213e-07,88.33,52.125,91.67,-127.875,-1540.0,-780.0,-1400.0,-600.0
-1538.0,-780.0,-108.542,7.57127e-07,88.3423,52.5238,91.6577,-127.476,-1538.0,-780.0,-1400.0,-600.0
-1536.0,-780.0,-108.495,7.53091e-07,88.3228,52.9269,91.6772,-127.073,-1536.0,-780.0,-1400.0,-600.0
-1534.0,-780.0,-108.449,7.49097e-07,88.2923,53.3344,91.7077,-126.666,-1534.0,-780.0,-1400.0,-600.0
-1532.0,-780.0,-108.403,7.45142e-07,88.2615,53.7462,91.7385,-126.254,-1532.0,-780.0,-1400.0,-600.0
-1530.0,-780.0,-108.357,7.41226e-07,88.2305,54.1623,91.7695,-125.838,-1530.0,-780.0,-1400.0,-600.0
-1528.0,-780.0,-108.311,7.37349e-07,88.1993,54.5829,91.8007,-125.417,-1528.0,-780.0,-1400.0,-600.0
-1526.0,-780.0,-108.265,7.33512e-07,88.1679,55.008,91.8321,-124.992,-1526.0,-780.0,-1400.0,-600.0
-1524.0,-780.0,-108.22,7.29707e-07,88.1607,55.4375,91.8393,-124.563,-1524.0,-780.0,-1400.0,-600.0
-1522.0,-780.0,-108.175,7.25935e-07,88.1733,55.8715,91.8267,-124.129,-1522.0,-780.0,-1400.0,-600.0
-1520.0,-780.0,-108.13,7.22205e-07,88.1863,56.3099,91.8137,-123.69,-1520.0,-780.0,-1400.0,-600.0
-1518.0,-780.0,-108.085,7.18517e-07,88.1994,56.7529,91.8006,-123.247,-1518.0,-780.0,-1400.0,-600.0
-1516.0,-780.0,-108.041,7.14873e-07,88.2128,57.2005,91.7872,-122.8,-1516.0,-780.0,-1400.0,-600.0
-1514.0,-780.0,-107.997,7.11274e-07,88.2265,57.6526,91.7735,-122.347,-1514.0,-780.0,-1400.0,-600.0
-1512.0,-780.0,-107.954,7.07726e-07,88.2198,58.1092,91.7802,-121.891,-1512.0,-780.0,-1400.0,-600.0
-1510.0,-780.0,-107.91,7.04225e-07,88.2109,58.5704,91.7891,-121.43,-1510.0,-780.0,-1400.0,-600.0
-1508.0,-780.0,-107.867,7.0077e-07,88.2021,59.0362,91.7979,-120.964,-1508.0,-780.0,-1400.0,-600.0
-1506.0,-780.0,-107.825,6.97362e-07,88.1933,59.5066,91.8067,-120.493,-1506.0,-780.0,-1400.0,-600.0
-1504.0,-780.0,-107.783,6.94001e-07,88.1845,59.9816,91.8155,-120.018,-1504.0,-780.0,-1400.0,-600.0
-1502.0,-780.0,-107.741,6.90691e-07,88.1699,60.4612,91.8301,-119.539,-1502.0,-780.0,-1400.0,-600.0
-1500.0,-780.0,-107.7,6.87436e-07,88.1377,60.9454,91.8623,-119.055,-1500.0,-780.0,-1400.0,-600.0
-1498.0,-780.0,-107.659,6.84231e-07,88.1054,61.4342,91.8946,-118.566,-1498.0,-780.0,-1400.0,-600.0
-1496.0,-780.0,-107.619,6.81076e-07,88.0729,61.9275,91.9271,-118.072,-1496.0,-780.0,-1400.0,-600.0
-1494.0,-780.0,-107.579,6.77973e-07,88.0402,62.4254,91.9598,-117.575,-1494.0,-780.0,-1400.0,-600.0
-1492.0,-780.0,-107.54,6.74921e-07,88.0074,62.9279,91.9926,-117.072,-1492.0,-780.0,-1400.0,-600.0
-1490.0,-780.0,-107.501,6.71922e-07,87.9745,63.4349,92.0255,-116.565,-1490.0,-780.0,-1400.0,-600.0
-1488.0,-780.0,-107.463,6.68976e-07,87.9414,63.9465,92.0586,-116.053,-1488.0,-780.0,-1400.0,-600.0
-1486.0,-780.0,-107.425,6.66084e-07,87.9082,64.4626,92.0918,-115.537,-1486.0,-780.0,-1400.0,-600.0
-1484.0,-780.0,-107.388,6.63247e-07,87.8749,64.9831,92.1251,-115.017,-1484.0,-780.0,-1400.0,-600.0
-1482.0,-780.0,-107.351,6.60465e-07,87.8415,65.5081,92.1585,-114.492,-1482.0,-780.0,-1400.0,-600.0
-1480.0,-780.0,-107.315,6.57739e-07,87.808,66.0375,92.192,-113.962,-1480.0,-780.0,-1400.0,-600.0
-1478.0,-780.0,-107.28,6.55065e-07,87.7844,66.5713,92.2156,-113.429,-1478.0,-780.0,-1400.0,-600.0
-1476.0,-780.0,-107.245,6.52443e-07,87.7755,67.1094,92.2245,-112.891,-1476.0,-780.0,-1400.0,-600.0
-1474.0,-780.0,-107.211,6.49878e-07,87.7667,67.6519,92.2333,-112.348,-1474.0,-780.0,-1400.0,-600.0
-1472.0,-780.0,-107.177,6.47372e-07,87.7581,68.1986,92.2419,-111.801,-1472.0,-780.0,-1400.0,-600.0
-1470.0,-780.0,-107.144,6.44925e-07,87.7496,68.7495,92.2504,-111.251,-1470.0,-780.0,-1400.0,-600.0
-1468.0,-780.0,-107.112,6.42538e-07,87.7412,69.3045,92.2588,-110.695,-1468.0,-780.0,-1400.0,-600.0
-1466.0,-780.0,-107.08,6.40215e-07,87.7277,69.8637,92.2723,-110.136,-1466.0,-780.0,-1400.0,-600.0
-1464.0,-780.0,-107.049,6.37961e-07,87.6943,70.4269,92.3057,-109.573,-1464.0,-780.0,-1400.0,-600.0
-1462.0,-780.0,-107.019,6.3577e-07,87.661,70.994,92.339,-109.006,-1462.0,-780.0,-1400.0,-600.0
-1460.0,-780.0,-106.99,6.33641e-07,87.6276,71.5651,92.3724,-108.435,-1460.0,-780.0,-1400.0,-600.0
-1458.0,-780.0,-106.962,6.31576e-07,87.5943,72.1399,92.4057,-107.86,-1458.0,-780.0,-1400.0,-600.0
-1456.0,-780.0,-106.934,6.29575e-07,87.5609,72.7185,92.4391,-107.281,-1456.0,-780.0,-1400.0,-600.0
-1454.0,-780.0,-106.907,6.27632e-07,87.5422,73.3008,92.4578,-106.699,-1454.0,-780.0,-1400.0,-600.0
-1452.0,-780.0,-106.881,6.25749e-07,87.5348,73.8866,92.4652,-106.113,-1452.0,-780.0,-1400.0,-600.0
-1450.0,-780.0,-106.856,6.23932e-07,87.5276,74.4759,92.4724,-105.524,-1450.0,-780.0,-1400.0,-600.0
-1448.0,-780.0,-106.831,6.2218e-07,87.5206,75.0686,92.4794,-104.931,-1448.0,-780.0,-1400.0,-600.0
-1446.0,-780.0,-106.807,6.20496e-07,87.5139,75.6646,92.4861,-104.335,-1446.0,-780.0,-1400.0,-600.0
-1444.0,-780.0,-115.094,6.1888e-07,87.5074,76.2898,92.4926,-103.963,-1404.61,-618.561,-1404.61,-618.561
-1442.0,-780.0,-120.364,6.17346e-07,87.4822,76.9617,92.5178,-103.963,-1404.61,-618.561,-1404.61,-618.561
-1440.0,-780.0,-121.811,1.27731e-06,88.7581,83.0786,91.2419,86.4421,-1397.87,-565.803,-1406.0,-499.953
-1438.0,-780.0,-122.25,1.27654e-06,88.7321,83.376,91.2679,86.7395,-1397.94,-563.764,-1405.48,-499.953
-1436.0,-780.0,-123.266,1.37821e-06,88.8022,86.7552,91.1978,99.4673,-1419.25,-484.558,-1419.25,-484.558
-1434.0,-780.0,-123.65,1.37786e-06,88.7784,87.0324,91.2216,99.1902,-1418.68,-484.527,-1418.68,-484.527
-1432.0,-780.0,-124.002,1.37754e-06,88.7547,87.3096,91.2453,98.9129,-1418.11,-484.496,-1418.11,-484.496
-1430.0,-780.0,-124.314,1.37725e-06,88.7395,87.587,91.2605,98.6355,-1417.55,-484.465,-1417.55,-484.465
-1428.0,-780.0,-124.409,1.27206e-06,88.6225,85.8177,91.3775,94.2996,-1407.52,-499.955,-1407.52,-499.955
-1426.0,-780.0,-124.442,1.2716e-06,88.6093,86.1177,91.3907,93.9996,-1407.0,-499.954,-1407.0,-499.954
-1424.0,-780.0,-124.432,1.27117e-06,88.5962,86.4179,91.4038,93.6994,-1406.47,-499.954,-1406.47,-499.954
-1422.0,-780.0,-124.388,1.27078e-06,88.583,86.7183,91.417,93.399,-1405.94,-499.953,-1405.94,-499.953
-1420.0,-780.0,-122.886,1.1175e-06,88.3742,85.2672,91.6258,87.9607,-1397.66,-534.201,-1398.73,-523.099
-1418.0,-780.0,-124.235,1.27009e-06,88.5634,87.3196,91.4366,92.7977,-1404.89,-499.952,-1404.89,-499.952
-1416.0,-780.0,-124.142,1.2698e-06,88.5631,87.6205,91.4369,92.4968,-1404.36,-499.952,-1404.36,-499.952
-1414.0,-780.0,-124.047,1.26954e-06,88.5628,87.9215,91.4372,92.1958,-1403.84,-499.951,-1403.84,-499.951
-1412.0,-780.0,-123.955,1.26932e-06,88.5625,88.2226,91.4375,91.8947,-1403.31,-499.951,-1403.31,-499.951
-1410.0,-780.0,-123.872,1.26913e-06,88.5623,88.5238,91.4377,91.5935,-1402.78,-499.95,-1402.78,-499.95
-1408.0,-780.0,-123.8,1.26897e-06,88.5621,88.8251,91.4379,91.2921,-1402.26,-499.949,-1402.26,-499.949
-1406.0,-780.0,-136.641,1.38045e-06,88.6783,95.6209,91.3217,99.5595,-1419.44,-484.568,-1425.26,-584.337
-1404.0,-780.0,-133.055,1.38114e-06,88.6789,96.2003,91.3211,99.5595,-1419.44,-484.568,-1425.26,-584.337
-1402.0,-780.0,-142.252,1.38189e-06,88.6797,96.7785,91.3203,99.5595,-1419.44,-484.568,-1425.26,-584.337
-1400.0,-780.0,-147.54,1.38271e-06,88.6804,97.3553,91.3196,99.5595,-1419.44,-484.568,-1425.26,-584.337
-1398.0,-780.0,-151.114,1.3836e-06,88.6813,97.9306,91.3187,99.5595,-1419.44,-484.568,-1425.26,-584.337
-1396.0,-780.0,-153.839,1.38455e-06,88.6822,98.5043,91.3178,99.5595,-1419.44,-484.568,-1425.26,-584.337
-1394.0,-780.0,-156.063,1.38557e-06,88.6832,99.0763,91.3168,99.5595,-1419.44,-484.568,-1425.26,-584.337
-1392.0,-780.0,-157.865,7.62066e-07,87.6053,99.6464,92.3947,148.195,-1425.26,-584.337,-1425.26,-584.337
-1390.0,-780.0,-155.392,1.41853e-06,88.7138,100.124,91.2862,113.553,-1429.64,-532.017,-1425.31,-582.279
-1388.0,-780.0,-162.337,1.23661e-06,86.7572,33.3687,65.4281,27.8891,-1380.57,-589.715,-1239.87,-682.442
-1386.0,-780.0,-162.065,1.23105e-06,86.7425,33.5398,65.3173,28.0331,-1380.69,-589.719,-1239.87,-683.133
-1384.0,-780.0,-161.867,1.2255e-06,86.7281,33.7125,65.2057,28.1786,-1380.82,-589.723,-1239.87,-683.832
-1382.0,-780.0,-161.731,1.21995e-06,86.7273,33.8868,65.0938,28.3248,-1380.94,-589.727,-1239.87,-684.54
-1380.0,-780.0,-161.65,1.21441e-06,86.7266,34.0627,64.9811,28.4726,-1381.06,-589.731,-1239.87,-685.258
-1378.0,-780.0,-135.508,1.27489e-06,88.6072,38.5786,91.3928,-35.9954,-1376.1,-617.359,-1239.87,-669.815
-1376.0,-780.0,-138.379,1.26967e-06,88.6142,38.812,91.3858,-35.9954,-1376.1,-617.359,-1239.87,-670.5
-1374.0,-780.0,-141.238,1.26448e-06,88.6213,39.0478,91.3787,-35.9954,-1376.1,-617.359,-1239.87,-671.197
-1372.0,-780.0,-144.227,1.2593e-06,88.6284,39.2861,91.3716,-35.9954,-1376.1,-617.359,-1239.87,-671.905
-1370.0,-780.0,-147.501,1.25414e-06,88.6357,39.5268,91.3643,-35.9954,-1376.1,-617.359,-1239.87,-672.626
-1368.0,-780.0,-161.77,1.18141e-06,86.7224,35.1526,64.2859,29.3948,-1381.81,-589.753,-1239.87,-689.774
-1366.0,-780.0,-161.77,1.17595e-06,86.7218,35.3402,64.1668,29.5546,-1381.94,-589.757,-1239.87,-690.563
-1364.0,-780.0,-161.73,1.1705e-06,86.7213,35.5295,64.0468,29.7163,-1382.06,-589.761,-1239.87,-691.363
-1362.0,-780.0,-161.643,1.16507e-06,86.7207,35.7206,63.9259,29.8797,-1382.19,-589.765,-1239.87,-692.175
-1360.0,-780.0,-161.513,1.15965e-06,86.7202,35.9135,63.804,30.0451,-1382.31,-589.769,-1239.87,-692.999
-1358.0,-780.0,-161.345,1.15425e-06,86.7198,36.1082,63.6811,30.2123,-1382.44,-589.772,-1239.87,-693.834
-1356.0,-780.0,-161.154,1.14886e-06,86.7194,36.3047,63.5573,30.3815,-1382.56,-589.776,-1239.87,-694.681
-1354.0,-780.0,-160.953,1.14348e-06,86.719,36.5031,63.4325,30.5527,-1382.69,-589.78,-1239.87,-695.54
-1352.0,-780.0,-160.755,1.13811e-06,86.7186,36.7033,63.3068,30.7258,-1382.81,-589.784,-1239.87,-696.412
-1350.0,-780.0,-160.572,1.13276e-06,86.7183,36.9055,63.1801,30.901,-1382.94,-589.788,-1239.87,-697.297
-1348.0,-780.0,-159.252,1.24393e-06,87.323,43.706,82.842,44.9954,-1390.0,-590.004,-1239.87,-676.646
-1346.0,-780.0,-157.988,1.2391e-06,87.3278,43.9195,82.8147,45.2082,-1390.08,-590.006,-1239.87,-677.798
-1344.0,-780.0,-157.004,1.2343e-06,87.3327,44.1347,82.7873,45.4226,-1390.15,-590.009,-1239.87,-678.968
-1342.0,-780.0,-156.252,1.22951e-06,87.3376,44.3516,82.7598,45.6388,-1390.23,-590.011,-1239.87,-680.155
-1340.0,-780.0,-155.691,1.22474e-06,87.3427,44.5702,82.7322,45.8567,-1390.31,-590.013,-1239.87,-681.361
-1338.0,-780.0,-155.288,1.21998e-06,87.3478,44.7905,82.7045,46.0763,-1390.38,-590.016,-1239.87,-682.585
-1336.0,-780.0,-155.029,1.21526e-06,87.3423,45.0124,82.6766,46.298,-1390.46,-590.018,-1239.87,-683.829
-1334.0,-780.0,-154.91,1.21057e-06,87.3163,45.236,82.6485,46.5223,-1390.54,-590.02,-1239.87,-685.092
-1332.0,-780.0,-169.231,1.07722e-06,88.6261,45.5194,91.3739,-9.41385,-1309.77,-614.96,-1239.87,-686.185
-1330.0,-780.0,-169.438,1.07256e-06,88.6051,45.8751,91.3949,-9.41385,-1309.77,-614.96,-1239.87,-687.075
-1328.0,-780.0,-169.871,1.06794e-06,88.5839,46.2351,91.4161,-9.41385,-1309.77,-614.96,-1239.87,-687.987
-1326.0,-780.0,-170.369,1.63397e-06,89.0646,-170.233,90.9354,-124.21,-1548.4,-818.284,-1548.4,-818.284
-1324.0,-780.0,-170.464,1.64056e-06,89.0572,-170.318,90.9428,-124.21,-1548.4,-818.284,-1548.4,-818.284
-1322.0,-780.0,-170.558,1.64714e-06,89.0414,-170.402,90.9586,-124.21,-1548.4,-818.284,-1548.4,-818.284
-1320.0,-780.0,-170.651,1.65373e-06,89.0257,-170.485,90.9743,-124.21,-1548.4,-818.284,-1548.4,-818.284
-1318.0,-780.0,-162.521,1.56972e-06,88.953,60.9266,91.047,-43.396,-1381.4,-617.583,-1239.86,-639.462
-1316.0,-780.0,-162.674,1.5665e-06,88.9302,61.1737,91.0698,-43.396,-1381.4,-617.583,-1239.86,-641.659
-1314.0,-780.0,-162.852,1.56331e-06,88.9074,61.4219,91.0926,-43.396,-1381.4,-617.583,-1239.86,-643.901
-1312.0,-780.0,-163.056,1.56014e-06,88.8896,61.6713,91.1104,-43.396,-1381.4,-617.583,-1239.86,-646.19
-1310.0,-780.0,-163.286,1.55699e-06,88.877,61.9218,91.123,-43.396,-1381.4,-617.583,-1239.86,-648.527
-1308.0,-780.0,-155.112,1.32502e-06,83.9834,39.2341,88.631,-33.6307,-1374.03,-617.272,-1195.98,-688.531
-1306.0,-780.0,-155.163,1.31992e-06,83.8596,39.4256,88.6343,-33.8105,-1374.2,-617.279,-1195.95,-689.525
-1304.0,-780.0,-155.306,1.31483e-06,83.7318,39.6191,88.6376,-33.9915,-1374.36,-617.286,-1195.92,-690.53
-1302.0,-780.0,-155.552,1.30976e-06,83.5998,39.8146,88.641,-34.1739,-1374.53,-617.293,-1195.89,-691.548
-1300.0,-780.0,-155.901,1.30469e-06,83.4734,40.0117,88.6444,-34.3579,-1374.69,-617.3,-1195.86,-692.579
-1298.0,-780.0,-156.35,1.29962e-06,83.3679,40.2094,88.6478,-34.544,-1374.86,-617.307,-1195.83,-693.628
-1296.0,-780.0,-156.956,1.29457e-06,83.2587,40.4092,88.6513,-34.7315,-1375.03,-617.314,-1195.79,-694.691
-1294.0,-780.0,-157.744,1.28953e-06,83.1455,40.6111,88.6548,-34.9203,-1375.19,-617.321,-1195.76,-695.766
-1292.0,-780.0,-158.711,1.28451e-06,83.0281,40.8151,88.6584,-35.1106,-1375.36,-617.328,-1195.73,-696.855
-1290.0,-780.0,-159.777,1.2795e-06,82.9062,41.0214,88.662,-35.3023,-1375.52,-617.334,-1195.69,-697.959
-1288.0,-780.0,-160.721,1.27454e-06,82.7543,41.2318,88.6656,-35.4945,-1375.68,-617.341,-1195.66,-699.071
-1286.0,-780.0,-161.063,1.26961e-06,82.583,41.4458,88.6693,-35.6876,-1375.85,-617.348,-1195.62,-700.195
-1284.0,-780.0,-170.693,1.2906e-06,88.553,99.6506,91.447,15.8832,-1361.84,-589.142,-1309.31,-631.135
-1282.0,-780.0,-170.532,1.29177e-06,88.5419,100.397,91.4581,15.8832,-1361.84,-589.142,-1309.31,-631.135
-1280.0,-780.0,-158.64,1.93307e-06,88.1154,63.179,83.6966,117.53,-1429.35,-543.683,-1239.87,-700.634
-1278.0,-780.0,-159.317,1.93008e-06,88.1013,63.3561,83.7349,117.358,-1429.37,-543.246,-1239.87,-704.009
-1276.0,-780.0,-169.231,1.51206e-06,88.727,67.4466,91.273,-43.3117,-1381.35,-617.58,-1239.87,-693.008
-1274.0,-780.0,-167.912,1.50952e-06,88.7249,67.7337,91.2751,-43.3117,-1381.35,-617.58,-1239.87,-696.648
-1272.0,-780.0,-166.79,1.507e-06,88.7227,68.022,91.2773,-43.3117,-1381.35,-617.58,-1239.87,-700.395
-1270.0,-780.0,-165.87,1.50452e-06,88.7206,68.3115,91.2794,-43.3117,-1381.35,-617.58,-1239.87,-704.251
-1268.0,-780.0,-169.873,1.30227e-06,88.5219,105.511,91.4781,15.8832,-1361.84,-589.142,-1309.31,-631.135
-1266.0,-780.0,-169.87,1.30409e-06,88.5239,106.223,91.4761,15.8832,-1361.84,-589.142,-1309.31,-631.135
-1264.0,-780.0,-169.887,1.30599e-06,88.5289,106.93,91.4711,15.8832,-1361.84,-589.142,-1309.31,-631.135
-1262.0,-780.0,-169.924,1.30797e-06,88.5435,107.632,91.4565,15.8832,-1361.84,-589.142,-1309.31,-631.135
-1260.0,-780.0,-169.982,1.31002e-06,88.5581,108.328,91.4419,15.8832,-1361.84,-589.142,-1309.31,-631.135
-1258.0,-780.0,-170.064,1.31215e-06,88.5727,109.019,91.4273,15.8832,-1361.84,-589.142,-1309.31,-631.135
-1256.0,-780.0,-170.175,1.31435e-06,88.5874,109.704,91.4126,15.8832,-1361.84,-589.142,-1309.31,-631.135
-1254.0,-780.0,-170.322,1.31663e-06,88.6021,110.384,91.3979,15.8832,-1361.84,-589.142,-1309.31,-631.135
-1252.0,-780.0,-170.515,1.31899e-06,88.6168,111.057,91.3832,15.8832,-1361.84,-589.142,-1309.31,-631.135
-1250.0,-780.0,-170.76,1.32141e-06,88.6316,111.724,91.3684,15.8832,-1361.84,-589.142,-1309.31,-631.135
-1248.0,-780.0,-171.042,1.32391e-06,88.6463,112.386,91.3537,15.8832,-1361.84,-589.142,-1309.31,-631.135
-1246.0,-780.0,-171.289,1.32648e-06,88.6611,113.041,91.3389,15.8832,-1361.84,-589.142,-1309.31,-631.135
-1244.0,-780.0,-162.81,1.47999e-06,88.8109,74.999,91.1891,-43.3117,-1381.35,-617.58,-1237.62,-756.194
-1242.0,-780.0,-162.305,1.46893e-06,88.813,106.851,91.187,-43.3117,-1381.35,-617.58,-1324.92,-506.216
-1240.0,-780.0,-162.255,1.47087e-06,88.8213,107.158,91.1787,-43.3117,-1381.35,-617.58,-1324.53,-506.208
-1238.0,-780.0,-162.219,1.47286e-06,88.8229,107.464,91.1771,-43.3117,-1381.35,-617.58,-1324.14,-506.201
-1236.0,-780.0,-170.391,1.34037e-06,88.7066,116.22,91.2934,15.8832,-1361.84,-589.142,-1309.31,-631.135
-1234.0,-780.0,-173.739,1.93781e-06,89.1054,-173.057,90.8946,-124.21,-1548.4,-818.284,-1548.4,-818.284
-1232.0,-780.0,-173.792,1.94443e-06,89.1084,-173.101,90.8916,-124.21,-1548.4,-818.284,-1548.4,-818.284
-1230.0,-780.0,-173.844,1.95105e-06,89.1114,-173.144,90.8886,-124.21,-1548.4,-818.284,-1548.4,-818.284
-1228.0,-780.0,-173.896,1.95768e-06,89.1083,-173.186,90.8917,-124.21,-1548.4,-818.284,-1548.4,-818.284
-1226.0,-780.0,-173.947,1.96431e-06,89.1031,-173.228,90.8969,-124.21,-1548.4,-818.284,-1548.4,-818.284
-1224.0,-780.0,-165.536,1.68396e-06,88.9441,-103.273,91.0559,-43.3117,-1381.35,-617.58,-1231.29,-810.913
-1222.0,-780.0,-165.478,1.68551e-06,88.9355,-103.538,91.0645,-43.3117,-1381.35,-617.58,-1229.43,-810.851
-1220.0,-780.0,-165.439,1.68709e-06,88.927,-103.802,91.073,-43.3117,-1381.35,-617.58,-1227.56,-810.79
-1218.0,-780.0,-174.145,1.99084e-06,89.0845,-173.391,90.9155,-124.21,-1548.4,-818.284,-1548.4,-818.284
-1216.0,-780.0,-174.194,1.99746e-06,89.0957,-173.43,90.9043,-124.21,-1548.4,-818.284,-1548.4,-818.284
-1214.0,-780.0,0.0,0.0,0.0,0.0,0.0,0.0,0.0,0.0,0.0,0.0
-1212.0,-780.0,0.0,0.0,0.0,0.0,0.0,0.0,0.0,0.0,0.0,0.0
-1210.0,-780.0,0.0,0.0,0.0,0.0,0.0,0.0,0.0,0.0,0.0,0.0
-1208.0,-780.0,0.0,0.0,0.0,0.0,0.0,0.0,0.0,0.0,0.0,0.0
-1206.0,-780.0,0.0,0.0,0.0,0.0,0.0,0.0,0.0,0.0,0.0,0.0
-1204.0,-780.0,0.0,0.0,0.0,0.0,0.0,0.0,0.0,0.0,0.0,0.0
-1202.0,-780.0,0.0,0.0,0.0,0.0,0.0,0.0,0.0,0.0,0.0,0.0
-1600.0,-778.0,-109.99,8.93914e-07,87.9988,41.6691,92.0012,-138.331,-1600.0,-778.0,-1400.0,-600.0
-1598.0,-778.0,-109.941,8.88933e-07,88.0057,41.9552,91.9943,-138.045,-1598.0,-778.0,-1400.0,-600.0
-1596.0,-778.0,-109.892,8.83975e-07,88.0128,42.2446,91.9872,-137.755,-1596.0,-778.0,-1400.0,-600.0
-1594.0,-778.0,-109.843,8.79043e-07,88.0139,42.5372,91.9861,-137.463,-1594.0,-778.0,-1400.0,-600.0
-1592.0,-778.0,-109.795,8.7414e-07,88.0028,42.8331,91.9972,-137.167,-1592.0,-778.0,-1400.0,-600.0
-1590.0,-778.0,-109.746,8.69261e-07,87.9916,43.1323,92.0084,-136.868,-1590.0,-778.0,-1400.0,-600.0
-1588.0,-778.0,-109.697,8.64406e-07,87.9803,43.4349,92.0197,-136.565,-1588.0,-778.0,-1400.0,-600.0
-1586.0,-778.0,-109.648,8.59575e-07,87.9689,43.741,92.0311,-136.259,-1586.0,-778.0,-1400.0,-600.0
-1584.0,-778.0,-109.599,8.54761e-07,87.9741,44.0504,92.0259,-135.95,-1584.0,-778.0,-1400.0,-600.0
-1582.0,-778.0,-109.55,8.4996e-07,88.0007,44.3634,91.9993,-135.637,-1582.0,-778.0,-1400.0,-600.0
-1580.0,-778.0,-109.501,8.45185e-07,88.0276,44.6799,91.9724,-135.32,-1580.0,-778.0,-1400.0,-600.0
-1578.0,-778.0,-109.452,8.40437e-07,88.0548,45.0,91.9452,-135.0,-1578.0,-778.0,-1400.0,-600.0
-1576.0,-778.0,-109.403,8.35715e-07,88.0825,45.3237,91.9175,-134.676,-1576.0,-778.0,-1400.0,-600.0
-1574.0,-778.0,-109.353,8.3102e-07,88.1105,45.6511,91.8895,-134.349,-1574.0,-778.0,-1400.0,-600.0
-1572.0,-778.0,-109.304,8.26353e-07,88.1389,45.9821,91.8611,-134.018,-1572.0,-778.0,-1400.0,-600.0
-1570.0,-778.0,-109.255,8.21719e-07,88.1582,46.3169,91.8418,-133.683,-1570.0,-778.0,-1400.0,-600.0
-1568.0,-778.0,-109.206,8.17117e-07,88.1676,46.6555,91.8324,-133.345,-1568.0,-778.0,-1400.0,-600.0
-1566.0,-778.0,-109.157,8.12544e-07,88.1772,46.9979,91.8228,-133.002,-1566.0,-778.0,-1400.0,-600.0
-1564.0,-778.0,-109.109,8.08001e-07,88.1869,47.3441,91.8131,-132.656,-1564.0,-778.0,-1400.0,-600.0
-1562.0,-778.0,-109.06,8.03488e-07,88.1968,47.6943,91.8032,-132.306,-1562.0,-778.0,-1400.0,-600.0
-1560.0,-778.0,-109.011,7.99004e-07,88.2069,48.0484,91.7931,-131.952,-1560.0,-778.0,-1400.0,-600.0
-1558.0,-778.0,-108.962,7.94552e-07,88.2172,48.4064,91.7828,-131.594,-1558.0,-778.0,-1400.0,-600.0
-1556.0,-778.0,-108.914,7.90131e-07,88.2276,48.7685,91.7724,-131.231,-1556.0,-778.0,-1400.0,-600.0
-1554.0,-778.0,-108.865,7.85742e-07,88.2383,49.1347,91.7617,-130.865,-1554.0,-778.0,-1400.0,-600.0
-1552.0,-778.0,-108.817,7.81385e-07,88.2491,49.5049,91.7509,-130.495,-1552.0,-778.0,-1400.0,-600.0
-1550.0,-778.0,-108.768,7.77062e-07,88.2602,49.8793,91.7398,-130.121,-1550.0,-778.0,-1400.0,-600.0
-1548.0,-778.0,-108.72,7.72772e-07,88.2714,50.2578,91.7286,-129.742,-1548.0,-778.0,-1400.0,-600.0
-1546.0,-778.0,-108.672,7.68516e-07,88.2828,50.6405,91.7172,-129.359,-1546.0,-778.0,-1400.0,-600.0
-1544.0,-778.0,-108.624,7.64294e-07,88.2945,51.0275,91.7055,-128.972,-1544.0,-778.0,-1400.0,-600.0
-1542.0,-778.0,-108.576,7.60108e-07,88.3063,51.4188,91.6937,-128.581,-1542.0,-778.0,-1400.0,-600.0
-1540.0,-778.0,-108.528,7.55958e-07,88.3184,51.8144,91.6816,-128.186,-1540.0,-778.0,-1400.0,-600.0
-1538.0,-778.0,-108.481,7.51844e-07,88.3306,52.2143,91.6694,-127.786,-1538.0,-778.0,-1400.0,-600.0
-1536.0,-778.0,-108.433,7.4778e-07,88.3108,52.6185,91.6892,-127.381,-1536.0,-778.0,-1400.0,-600.0
-1534.0,-778.0,-108.386,7.43758e-07,88.28,53.0272,91.72,-126.973,-1534.0,-778.0,-1400.0,-600.0
-1532.0,-778.0,-108.34,7.39773e-07,88.2489,53.4404,91.7511,-126.56,-1532.0,-778.0,-1400.0,-600.0
-1530.0,-778.0,-108.293,7.35828e-07,88.2176,53.858,91.7824,-126.142,-1530.0,-778.0,-1400.0,-600.0
-1528.0,-778.0,-108.247,7.31923e-07,88.186,54.28,91.814,-125.72,-1528.0,-778.0,-1400.0,-600.0
-1526.0,-778.0,-108.2,7.28058e-07,88.1542,54.7067,91.8458,-125.293,-1526.0,-778.0,-1400.0,-600.0
-1524.0,-778.0,-108.154,7.24234e-07,88.1221,55.1378,91.8779,-124.862,-1524.0,-778.0,-1400.0,-600.0
-1522.0,-778.0,-108.109,7.20437e-07,88.125,55.5735,91.875,-124.426,-1522.0,-778.0,-1400.0,-600.0
-1520.0,-778.0,-108.063,7.16678e-07,88.1377,56.0138,91.8623,-123.986,-1520.0,-778.0,-1400.0,-600.0
-1518.0,-778.0,-108.018,7.12962e-07,88.1507,56.4588,91.8493,-123.541,-1518.0,-778.0,-1400.0,-600.0
-1516.0,-778.0,-107.973,7.0929e-07,88.1638,56.9083,91.8362,-123.092,-1516.0,-778.0,-1400.0,-600.0
-1514.0,-778.0,-107.928,7.05661e-07,88.1773,57.3625,91.8227,-122.638,-1514.0,-778.0,-1400.0,-600.0
-1512.0,-778.0,-107.884,7.02085e-07,88.1702,57.8213,91.8298,-122.179,-1512.0,-778.0,-1400.0,-600.0
-1510.0,-778.0,-107.84,6.98556e-07,88.161,58.2849,91.839,-121.715,-1510.0,-778.0,-1400.0,-600.0
-1508.0,-778.0,-107.796,6.95073e-07,88.1517,58.7531,91.8483,-121.247,-1508.0,-778.0,-1400.0,-600.0
-1506.0,-778.0,-107.753,6.91636e-07,88.1426,59.226,91.8574,-120.774,-1506.0,-778.0,-1400.0,-600.0
-1504.0,-778.0,-107.71,6.88248e-07,88.1329,59.7036,91.8671,-120.296,-1504.0,-778.0,-1400.0,-600.0
-1502.0,-778.0,-107.668,6.84917e-07,88.1003,60.1858,91.8997,-119.814,-1502.0,-778.0,-1400.0,-600.0
-1500.0,-778.0,-107.626,6.81634e-07,88.0674,60.6728,91.9326,-119.327,-1500.0,-778.0,-1400.0,-600.0
-1498.0,-778.0,-107.585,6.78402e-07,88.0344,61.1645,91.9656,-118.836,-1498.0,-778.0,-1400.0,-600.0
-1496.0,-778.0,-107.544,6.75221e-07,88.0012,61.6609,91.9988,-118.339,-1496.0,-778.0,-1400.0,-600.0
-1494.0,-778.0,-107.503,6.7209e-07,87.9678,62.1619,92.0322,-117.838,-1494.0,-778.0,-1400.0,-600.0
-1492.0,-778.0,-107.463,6.69012e-07,87.9343,62.6676,92.0657,-117.332,-1492.0,-778.0,-1400.0,-600.0
-1490.0,-778.0,-107.424,6.65987e-07,87.9007,63.178,92.0993,-116.822,-1490.0,-778.0,-1400.0,-600.0
-1488.0,-778.0,-107.385,6.63015e-07,87.8669,63.693,92.1331,-116.307,-1488.0,-778.0,-1400.0,-600.0
-1486.0,-778.0,-107.346,6.60097e-07,87.833,64.2127,92.167,-115.787,-1486.0,-778.0,-1400.0,-600.0
-1484.0,-778.0,-107.309,6.57234e-07,87.799,64.7369,92.201,-115.263,-1484.0,-778.0,-1400.0,-600.0
-1482.0,-778.0,-107.271,6.54427e-07,87.7648,65.2657,92.2352,-114.734,-1482.0,-778.0,-1400.0,-600.0
-1480.0,-778.0,-107.235,6.51674e-07,87.7349,65.799,92.2651,-114.201,-1480.0,-778.0,-1400.0,-600.0
-1478.0,-778.0,-107.198,6.48969e-07,87.7255,66.3369,92.2745,-113.663,-1478.0,-778.0,-1400.0,-600.0
-1476.0,-778.0,-107.163,6.46322e-07,87.7162,66.8792,92.2838,-113.121,-1476.0,-778.0,-1400.0,-600.0
-1474.0,-778.0,-107.128,6.43733e-07,87.707,67.4259,92.293,-112.574,-1474.0,-778.0,-1400.0,-600.0
-1472.0,-778.0,-107.093,6.41203e-07,87.6979,67.9769,92.3021,-112.023,-1472.0,-778.0,-1400.0,-600.0
-1470.0,-778.0,-107.06,6.38732e-07,87.689,68.5323,92.311,-111.468,-1470.0,-778.0,-1400.0,-600.0
-1468.0,-778.0,-107.027,6.36322e-07,87.6802,69.092,92.3198,-110.908,-1468.0,-778.0,-1400.0,-600.0
-1466.0,-778.0,-106.995,6.33976e-07,87.6663,69.6559,92.3337,-110.344,-1466.0,-778.0,-1400.0,-600.0
-1464.0,-778.0,-106.963,6.317e-07,87.6323,70.2239,92.3677,-109.776,-1464.0,-778.0,-1400.0,-600.0
-1462.0,-778.0,-106.933,6.29487e-07,87.5983,70.796,92.4017,-109.204,-1462.0,-778.0,-1400.0,-600.0
-1460.0,-778.0,-106.903,6.27337e-07,87.5643,71.3721,92.4357,-108.628,-1460.0,-778.0,-1400.0,-600.0
-1458.0,-778.0,-106.874,6.25252e-07,87.5303,71.9522,92.4697,-108.048,-1458.0,-778.0,-1400.0,-600.0
-1456.0,-778.0,-106.846,6.23227e-07,87.505,72.5361,92.495,-107.464,-1456.0,-778.0,-1400.0,-600.0
-1454.0,-778.0,-106.818,6.21259e-07,87.497,73.1237,92.503,-106.876,-1454.0,-778.0,-1400.0,-600.0
-1452.0,-778.0,-106.791,6.19356e-07,87.4893,73.7151,92.5107,-106.285,-1452.0,-778.0,-1400.0,-600.0
-1450.0,-778.0,-106.766,6.1752e-07,87.4819,74.31,92.5181,-105.69,-1450.0,-778.0,-1400.0,-600.0
-1448.0,-778.0,-106.741,6.1575e-07,87.4746,74.9084,92.5254,-105.092,-1448.0,-778.0,-1400.0,-600.0
-1446.0,-778.0,-106.716,6.14048e-07,87.4676,75.5102,92.5324,-104.49,-1446.0,-778.0,-1400.0,-600.0
-1444.0,-778.0,-113.569,6.12414e-07,87.4609,76.1245,92.5391,-103.963,-1404.61,-618.561,-1404.61,-618.561
-1442.0,-778.0,-119.132,6.10863e-07,87.4352,76.8038,92.5648,-103.963,-1404.61,-618.561,-1404.61,-618.561
-1440.0,-778.0,-121.706,1.2707e-06,88.7419,83.0423,91.2581,86.4058,-1397.87,-566.036,-1406.07,-499.953
-1438.0,-778.0,-122.147,1.26992e-06,88.7157,83.3412,91.2843,86.7048,-1397.93,-564.014,-1405.54,-499.953
-1436.0,-778.0,-123.196,1.37155e-06,88.7874,86.7395,91.2126,99.4831,-1419.28,-484.56,-1419.28,-484.56
-1434.0,-778.0,-123.584,1.3712e-06,88.7635,87.0179,91.2365,99.2046,-1418.71,-484.528,-1418.71,-484.528
-1432.0,-778.0,-123.941,1.37088e-06,88.7454,87.2965,91.2546,98.926,-1418.14,-484.497,-1418.14,-484.497
-1430.0,-778.0,-124.258,1.37059e-06,88.7333,87.5753,91.2667,98.6473,-1417.57,-484.466,-1417.57,-484.466
-1428.0,-778.0,-124.358,1.26541e-06,88.6153,85.7957,91.3847,94.3216,-1407.56,-499.955,-1407.56,-499.955
-1426.0,-778.0,-124.395,1.26494e-06,88.602,86.0972,91.398,94.0201,-1407.03,-499.954,-1407.03,-499.954
-1424.0,-778.0,-124.388,1.26451e-06,88.5888,86.399,91.4112,93.7183,-1406.5,-499.954,-1406.5,-499.954
-1422.0,-778.0,-124.345,1.26412e-06,88.5756,86.7009,91.4244,93.4163,-1405.97,-499.953,-1405.97,-499.953
-1420.0,-778.0,-122.808,1.11085e-06,88.3644,85.2388,91.6356,87.9323,-1397.64,-534.692,-1398.77,-523.1
-1418.0,-778.0,-124.194,1.26343e-06,88.5558,87.3054,91.4442,92.8119,-1404.91,-499.952,-1404.91,-499.952
-1416.0,-778.0,-124.101,1.26313e-06,88.5555,87.6079,91.4445,92.5094,-1404.38,-499.952,-1404.38,-499.952
-1414.0,-778.0,-124.006,1.26287e-06,88.5552,87.9105,91.4448,92.2068,-1403.86,-499.951,-1403.86,-499.951
-1412.0,-778.0,-123.914,1.26265e-06,88.5549,88.2132,91.4451,91.9041,-1403.33,-499.951,-1403.33,-499.951
-1410.0,-778.0,-123.83,1.26246e-06,88.5547,88.516,91.4453,91.6013,-1402.8,-499.95,-1402.8,-499.95
-1408.0,-778.0,-123.757,1.2623e-06,88.5545,88.8189,91.4455,91.2984,-1402.27,-499.949,-1402.27,-499.949
-1406.0,-778.0,-135.711,1.37381e-06,88.6719,95.6786,91.3281,99.5595,-1419.44,-484.568,-1425.26,-584.337
-1404.0,-778.0,-134.26,1.3745e-06,88.6726,96.2639,91.3274,99.5595,-1419.44,-484.568,-1425.26,-584.337
-1402.0,-778.0,-142.962,1.37527e-06,88.6733,96.8479,91.3267,99.5595,-1419.44,-484.568,-1425.26,-584.337
-1400.0,-778.0,-148.008,1.37609e-06,88.6741,97.4304,91.3259,99.5595,-1419.44,-484.568,-1425.26,-584.337
-1398.0,-778.0,-151.47,1.37699e-06,88.675,98.0114,91.325,99.5595,-1419.44,-484.568,-1425.26,-584.337
-1396.0,-778.0,-154.134,1.37795e-06,88.6759,98.5908,91.3241,99.5595,-1419.44,-484.568,-1425.26,-584.337
-1394.0,-778.0,-156.319,1.37898e-06,88.6769,99.1684,91.3231,99.5595,-1419.44,-484.568,-1425.26,-584.337
-1392.0,-778.0,-157.733,7.55494e-07,87.5844,99.7441,92.4156,148.195,-1425.26,-584.337,-1425.26,-584.337
-1390.0,-778.0,-163.351,1.23854e-06,86.7603,32.9402,65.7043,27.532,-1380.25,-589.706,-1239.87,-680.727
-1388.0,-778.0,-162.839,1.23295e-06,86.7455,33.1091,65.5946,27.6735,-1380.38,-589.71,-1239.87,-681.402
-1386.0,-778.0,-162.429,1.22738e-06,86.7306,33.2796,65.4841,27.8165,-1380.5,-589.713,-1239.87,-682.085
-1384.0,-778.0,-162.11,1.2218e-06,86.7269,33.4516,65.3732,27.9604,-1380.63,-589.717,-1239.87,-682.777
-1382.0,-778.0,-161.871,1.21623e-06,86.7261,33.6253,65.2615,28.1057,-1380.75,-589.721,-1239.87,-683.479
-1380.0,-778.0,-161.702,1.21067e-06,86.7252,33.8005,65.149,28.2525,-1380.88,-589.725,-1239.87,-684.19
-1378.0,-778.0,-161.594,1.20513e-06,86.7244,33.9774,65.0356,28.4011,-1381.0,-589.729,-1239.87,-684.91
-1376.0,-778.0,-134.639,1.2655e-06,88.6194,38.5191,91.3806,-35.9954,-1376.1,-617.359,-1239.87,-669.641
-1374.0,-778.0,-137.599,1.26028e-06,88.6265,38.7544,91.3735,-35.9954,-1376.1,-617.359,-1239.87,-670.331
-1372.0,-778.0,-140.477,1.25508e-06,88.6337,38.9921,91.3663,-35.9954,-1376.1,-617.359,-1239.87,-671.032
-1370.0,-778.0,-143.451,1.2499e-06,88.6409,39.2323,91.3591,-35.9954,-1376.1,-617.359,-1239.87,-671.745
-1368.0,-778.0,-146.687,1.24473e-06,88.6483,39.475,91.3517,-35.9954,-1376.1,-617.359,-1239.87,-672.47
-1366.0,-778.0,-161.672,1.17209e-06,86.7202,35.0735,64.336,29.3277,-1381.76,-589.752,-1239.87,-689.442
-1364.0,-778.0,-161.686,1.16663e-06,86.7196,35.2622,64.2162,29.4883,-1381.88,-589.756,-1239.87,-690.235
-1362.0,-778.0,-161.663,1.16118e-06,86.719,35.4527,64.0953,29.6508,-1382.01,-589.759,-1239.87,-691.038
-1360.0,-778.0,-161.594,1.15575e-06,86.7184,35.645,63.9736,29.8152,-1382.14,-589.763,-1239.87,-691.854
-1358.0,-778.0,-161.479,1.15032e-06,86.7179,35.8391,63.8508,29.9814,-1382.26,-589.767,-1239.87,-692.681
-1356.0,-778.0,-161.323,1.14491e-06,86.7174,36.035,63.7271,30.1496,-1382.39,-589.771,-1239.87,-693.519
-1354.0,-778.0,-161.137,1.13951e-06,86.717,36.2328,63.6025,30.3197,-1382.52,-589.775,-1239.87,-694.37
-1352.0,-778.0,-160.936,1.13413e-06,86.7166,36.4325,63.4768,30.4919,-1382.64,-589.779,-1239.87,-695.234
-1350.0,-778.0,-160.733,1.12876e-06,86.7162,36.6341,63.3502,30.666,-1382.77,-589.783,-1239.87,-696.11
-1348.0,-778.0,-160.542,1.12341e-06,86.7159,36.8376,63.2225,30.8422,-1382.9,-589.787,-1239.87,-697.0
-1346.0,-778.0,-159.243,1.23448e-06,87.3259,43.6961,82.8433,44.9854,-1390.0,-590.004,-1239.87,-676.593
-1344.0,-778.0,-157.956,1.22965e-06,87.3308,43.9112,82.8158,45.1998,-1390.08,-590.006,-1239.87,-677.753
-1342.0,-778.0,-156.954,1.22485e-06,87.3358,44.1281,82.7882,45.4159,-1390.15,-590.009,-1239.87,-678.932
-1340.0,-778.0,-156.191,1.22006e-06,87.3408,44.3466,82.7605,45.6336,-1390.23,-590.011,-1239.87,-680.128
-1338.0,-778.0,-155.624,1.21529e-06,87.3425,44.5669,82.7326,45.8533,-1390.31,-590.013,-1239.87,-681.342
-1336.0,-778.0,-155.239,1.21056e-06,87.3165,44.7887,82.7045,46.0758,-1390.38,-590.016,-1239.87,-682.577
-1334.0,-778.0,-154.994,1.20585e-06,87.2902,45.0122,82.6763,46.3001,-1390.46,-590.018,-1239.87,-683.83
-1332.0,-778.0,-154.876,1.20116e-06,87.2638,45.2375,82.648,46.5262,-1390.54,-590.02,-1239.87,-685.104
-1330.0,-778.0,-169.143,1.06779e-06,88.5873,45.5259,91.4127,-9.41385,-1309.77,-614.96,-1239.87,-686.201
-1328.0,-778.0,-169.356,1.06314e-06,88.5659,45.886,91.4341,-9.41385,-1309.77,-614.96,-1239.87,-687.102
-1326.0,-778.0,-169.807,1.05852e-06,88.5444,46.2505,91.4556,-9.41385,-1309.77,-614.96,-1239.87,-688.027
-1324.0,-778.0,-170.244,1.64171e-06,89.0504,-169.823,90.9496,-124.21,-1548.4,-818.284,-1548.4,-818.284
-1322.0,-778.0,-170.338,1.64829e-06,89.0346,-169.911,90.9654,-124.21,-1548.4,-818.284,-1548.4,-818.284
-1320.0,-778.0,-170.432,1.65487e-06,89.0189,-169.997,90.9811,-124.21,-1548.4,-818.284,-1548.4,-818.284
-1318.0,-778.0,-162.4,1.5639e-06,88.9412,60.789,91.0588,-43.396,-1381.4,-617.583,-1239.86,-638.253
-1316.0,-778.0,-162.54,1.56066e-06,88.9183,61.0368,91.0817,-43.396,-1381.4,-617.583,-1239.86,-640.437
-1314.0,-778.0,-162.706,1.55745e-06,88.8981,61.2858,91.1019,-43.396,-1381.4,-617.583,-1239.86,-642.667
-1312.0,-778.0,-162.896,1.55427e-06,88.8854,61.5359,91.1146,-43.396,-1381.4,-617.583,-1239.86,-644.943
-1310.0,-778.0,-163.113,1.5511e-06,88.8728,61.7873,91.1272,-43.396,-1381.4,-617.583,-1239.86,-647.267
-1308.0,-778.0,-163.358,1.54797e-06,88.8601,62.0398,91.1399,-43.396,-1381.4,-617.583,-1239.86,-649.641
-1306.0,-778.0,-155.205,1.31571e-06,83.8377,39.2,88.6302,-33.5851,-1373.99,-617.27,-1195.99,-688.28
-1304.0,-778.0,-155.244,1.31061e-06,83.7093,39.3932,88.6335,-33.7659,-1374.16,-617.277,-1195.96,-689.278
-1302.0,-778.0,-155.378,1.30552e-06,83.5766,39.5884,88.6368,-33.9479,-1374.32,-617.284,-1195.93,-690.288
-1300.0,-778.0,-155.604,1.30044e-06,83.4495,39.7853,88.6402,-34.1316,-1374.49,-617.291,-1195.9,-691.311
-1298.0,-778.0,-155.913,1.29535e-06,83.3435,39.9827,88.6436,-34.3175,-1374.66,-617.298,-1195.87,-692.352
-1296.0,-778.0,-156.357,1.29028e-06,83.2336,40.1822,88.6471,-34.5047,-1374.83,-617.305,-1195.83,-693.406
-1294.0,-778.0,-156.963,1.28523e-06,83.1197,40.3838,88.6506,-34.6933,-1374.99,-617.312,-1195.8,-694.474
-1292.0,-778.0,-157.753,1.28019e-06,83.0016,40.5877,88.6541,-34.8833,-1375.16,-617.319,-1195.77,-695.555
-1290.0,-778.0,-158.758,1.27518e-06,82.863,40.7948,88.6577,-35.0742,-1375.32,-617.326,-1195.73,-696.647
-1288.0,-778.0,-159.901,1.27021e-06,82.6966,41.006,88.6613,-35.2657,-1375.49,-617.333,-1195.7,-697.748
-1286.0,-778.0,-160.834,1.26526e-06,82.5239,41.2199,88.6649,-35.4586,-1375.65,-617.34,-1195.67,-698.863
-1284.0,-778.0,-161.078,1.26033e-06,82.3443,41.4366,88.6686,-35.6528,-1375.82,-617.347,-1195.63,-699.991
-1282.0,-778.0,-170.418,1.28521e-06,88.5248,100.535,91.4752,15.8832,-1361.84,-589.142,-1309.31,-631.135
-1280.0,-778.0,-158.319,1.92713e-06,88.1024,63.0895,83.6769,117.619,-1429.35,-543.904,-1239.87,-698.941
-1278.0,-778.0,-158.943,1.92413e-06,88.0882,63.267,83.7153,117.446,-1429.36,-543.47,-1239.87,-702.302
-1276.0,-778.0,-159.675,1.92115e-06,88.078,63.445,83.754,117.272,-1429.37,-543.028,-1239.87,-705.716
-1274.0,-778.0,-168.391,1.50335e-06,88.7114,67.6153,91.2886,-43.3117,-1381.35,-617.58,-1239.87,-695.137
-1272.0,-778.0,-167.177,1.50082e-06,88.7092,67.9049,91.2908,-43.3117,-1381.35,-617.58,-1239.87,-698.861
-1270.0,-778.0,-166.171,1.49833e-06,88.7071,68.1956,91.2929,-43.3117,-1381.35,-617.58,-1239.87,-702.695
-1268.0,-778.0,-165.357,1.49587e-06,88.705,68.4875,91.295,-43.3117,-1381.35,-617.58,-1239.87,-706.644
-1266.0,-778.0,-169.789,1.29769e-06,88.5071,106.432,91.4929,15.8832,-1361.84,-589.142,-1309.31,-631.135
-1264.0,-778.0,-169.812,1.29962e-06,88.5094,107.147,91.4906,15.8832,-1361.84,-589.142,-1309.31,-631.135
-1262.0,-778.0,-169.855,1.30162e-06,88.5173,107.857,91.4827,15.8832,-1361.84,-589.142,-1309.31,-631.135
-1260.0,-778.0,-169.922,1.3037e-06,88.5321,108.561,91.4679,15.8832,-1361.84,-589.142,-1309.31,-631.135
-1258.0,-778.0,-170.014,1.30586e-06,88.5469,109.259,91.4531,15.8832,-1361.84,-589.142,-1309.31,-631.135
-1256.0,-778.0,-170.139,1.30809e-06,88.5617,109.952,91.4383,15.8832,-1361.84,-589.142,-1309.31,-631.135
-1254.0,-778.0,-170.304,1.31039e-06,88.5765,110.638,91.4235,15.8832,-1361.84,-589.142,-1309.31,-631.135
-1252.0,-778.0,-170.52,1.31278e-06,88.5914,111.318,91.4086,15.8832,-1361.84,-589.142,-1309.31,-631.135
-1250.0,-778.0,-170.787,1.31523e-06,88.6063,111.992,91.3937,15.8832,-1361.84,-589.142,-1309.31,-631.135
-1248.0,-778.0,-171.071,1.31776e-06,88.6212,112.66,91.3788,15.8832,-1361.84,-589.142,-1309.31,-631.135
-1246.0,-778.0,-171.266,1.32036e-06,88.6362,113.321,91.3638,15.8832,-1361.84,-589.142,-1309.31,-631.135
-1244.0,-778.0,-162.769,1.47356e-06,88.7889,74.9161,91.2111,-43.3117,-1381.35,-617.58,-1237.67,-754.532
-1242.0,-778.0,-162.242,1.46255e-06,88.7909,106.944,91.2091,-43.3117,-1381.35,-617.58,-1324.8,-506.214
-1240.0,-778.0,-162.196,1.46451e-06,88.8035,107.253,91.1965,-43.3117,-1381.35,-617.58,-1324.41,-506.206
-1238.0,-778.0,-162.165,1.4665e-06,88.8094,107.561,91.1906,-43.3117,-1381.35,-617.58,-1324.01,-506.198
-1236.0,-778.0,-173.588,1.93202e-06,89.0963,-172.652,90.9037,-124.21,-1548.4,-818.284,-1548.4,-818.284
-1234.0,-778.0,-173.644,1.93864e-06,89.0994,-172.698,90.9006,-124.21,-1548.4,-818.284,-1548.4,-818.284
-1232.0,-778.0,-173.7,1.94525e-06,89.1024,-172.744,90.8976,-124.21,-1548.4,-818.284,-1548.4,-818.284
-1230.0,-778.0,-173.756,1.95187e-06,89.1055,-172.789,90.8945,-124.21,-1548.4,-818.284,-1548.4,-818.284
-1228.0,-778.0,-173.81,1.9585e-06,89.1023,-172.834,90.8977,-124.21,-1548.4,-818.284,-1548.4,-818.284
-1226.0,-778.0,-173.864,1.96512e-06,89.0972,-172.878,90.9028,-124.21,-1548.4,-818.284,-1548.4,-818.284
-1224.0,-778.0,-165.592,1.69046e-06,88.9409,-103.211,91.0591,-43.3117,-1381.35,-617.58,-1231.73,-810.927
-1222.0,-778.0,-165.53,1.692e-06,88.9323,-103.475,91.0677,-43.3117,-1381.35,-617.58,-1229.88,-810.866
-1220.0,-778.0,-165.486,1.69358e-06,88.9238,-103.738,91.0762,-43.3117,-1381.35,-617.58,-1228.02,-810.805
-1218.0,-778.0,-174.073,1.99162e-06,89.0911,-173.049,90.9089,-124.21,-1548.4,-818.284,-1548.4,-818.284
-1216.0,-778.0,-174.124,1.99824e-06,89.1022,-173.09,90.8978,-124.21,-1548.4,-818.284,-1548.4,-818.284
-1214.0,-778.0,0.0,0.0,0.0,0.0,0.0,0.0,0.0,0.0,0.0,0.0
-1212.0,-778.0,0.0,0.0,0.0,0.0,0.0,0.0,0.0,0.0,0.0,0.0
-1210.0,-778.0,0.0,0.0,0.0,0.0,0.0,0.0,0.0,0.0,0.0,0.0
-1208.0,-778.0,0.0,0.0,0.0,0.0,0.0,0.0,0.0,0.0,0.0,0.0
-1206.0,-778.0,0.0,0.0,0.0,0.0,0.0,0.0,0.0,0.0,0.0,0.0
-1204.0,-778.0,0.0,0.0,0.0,0.0,0.0,0.0,0.0,0.0,0.0,0.0
-1202.0,-778.0,0.0,0.0,0.0,0.0,0.0,0.0,0.0,0.0,0.0,0.0
-1600.0,-776.0,-109.947,8.89509e-07,87.961,41.3478,92.039,-138.652,-1600.0,-776.0,-1400.0,-600.0
-1598.0,-776.0,-109.897,8.84504e-07,87.9677,41.6335,92.0323,-138.366,-1598.0,-776.0,-1400.0,-600.0
-1596.0,-776.0,-109.848,8.7952e-07,87.9746,41.9225,92.0254,-138.077,-1596.0,-776.0,-1400.0,-600.0
-1594.0,-776.0,-109.799,8.7456e-07,87.9815,42.2148,92.0185,-137.785,-1594.0,-776.0,-1400.0,-600.0
-1592.0,-776.0,-109.749,8.69627e-07,87.9782,42.5104,92.0218,-137.49,-1592.0,-776.0,-1400.0,-600.0
-1590.0,-776.0,-109.7,8.64723e-07,87.9667,42.8094,92.0333,-137.191,-1590.0,-776.0,-1400.0,-600.0
-1588.0,-776.0,-109.651,8.59842e-07,87.9552,43.1118,92.0448,-136.888,-1588.0,-776.0,-1400.0,-600.0
-1586.0,-776.0,-109.601,8.54986e-07,87.9435,43.4176,92.0565,-136.582,-1586.0,-776.0,-1400.0,-600.0
-1584.0,-776.0,-109.552,8.50145e-07,87.9485,43.727,92.0515,-136.273,-1584.0,-776.0,-1400.0,-600.0
-1582.0,-776.0,-109.502,8.45318e-07,87.975,44.0398,92.025,-135.96,-1582.0,-776.0,-1400.0,-600.0
-1580.0,-776.0,-109.453,8.40517e-07,88.0019,44.3563,91.9981,-135.644,-1580.0,-776.0,-1400.0,-600.0
-1578.0,-776.0,-109.403,8.35741e-07,88.0291,44.6763,91.9709,-135.324,-1578.0,-776.0,-1400.0,-600.0
-1576.0,-776.0,-109.353,8.30993e-07,88.0567,45.0,91.9433,-135.0,-1576.0,-776.0,-1400.0,-600.0
-1574.0,-776.0,-109.304,8.26271e-07,88.0847,45.3274,91.9153,-134.673,-1574.0,-776.0,-1400.0,-600.0
-1572.0,-776.0,-109.254,8.21577e-07,88.113,45.6585,91.887,-134.341,-1572.0,-776.0,-1400.0,-600.0
-1570.0,-776.0,-109.204,8.16911e-07,88.1418,45.9935,91.8582,-134.007,-1570.0,-776.0,-1400.0,-600.0
-1568.0,-776.0,-109.155,8.12279e-07,88.1567,46.3322,91.8433,-133.668,-1568.0,-776.0,-1400.0,-600.0
-1566.0,-776.0,-109.105,8.07679e-07,88.1662,46.6748,91.8338,-133.325,-1566.0,-776.0,-1400.0,-600.0
-1564.0,-776.0,-109.056,8.03108e-07,88.1759,47.0214,91.8241,-132.979,-1564.0,-776.0,-1400.0,-600.0
-1562.0,-776.0,-109.006,7.98567e-07,88.1857,47.3718,91.8143,-132.628,-1562.0,-776.0,-1400.0,-600.0
-1560.0,-776.0,-108.957,7.94056e-07,88.1957,47.7263,91.8043,-132.274,-1560.0,-776.0,-1400.0,-600.0
-1558.0,-776.0,-108.907,7.89576e-07,88.2059,48.0848,91.7941,-131.915,-1558.0,-776.0,-1400.0,-600.0
-1556.0,-776.0,-108.858,7.85127e-07,88.2163,48.4474,91.7837,-131.553,-1556.0,-776.0,-1400.0,-600.0
-1554.0,-776.0,-108.809,7.8071e-07,88.2269,48.8141,91.7731,-131.186,-1554.0,-776.0,-1400.0,-600.0
-1552.0,-776.0,-108.76,7.76325e-07,88.2377,49.1849,91.7623,-130.815,-1552.0,-776.0,-1400.0,-600.0
-1550.0,-776.0,-108.711,7.71973e-07,88.2487,49.56,91.7513,-130.44,-1550.0,-776.0,-1400.0,-600.0
-1548.0,-776.0,-108.662,7.67655e-07,88.2599,49.9392,91.7401,-130.061,-1548.0,-776.0,-1400.0,-600.0
-1546.0,-776.0,-108.613,7.6337e-07,88.2712,50.3228,91.7288,-129.677,-1546.0,-776.0,-1400.0,-600.0
-1544.0,-776.0,-108.565,7.5912e-07,88.2828,50.7106,91.7172,-129.289,-1544.0,-776.0,-1400.0,-600.0
-1542.0,-776.0,-108.516,7.54905e-07,88.2946,51.1028,91.7054,-128.897,-1542.0,-776.0,-1400.0,-600.0
-1540.0,-776.0,-108.468,7.50726e-07,88.3066,51.4993,91.6934,-128.501,-1540.0,-776.0,-1400.0,-600.0
-1538.0,-776.0,-108.419,7.46584e-07,88.3189,51.9003,91.6811,-128.1,-1538.0,-776.0,-1400.0,-600.0
-1536.0,-776.0,-108.371,7.42491e-07,88.2988,52.3058,91.7012,-127.694,-1536.0,-776.0,-1400.0,-600.0
-1534.0,-776.0,-108.324,7.38439e-07,88.2676,52.7157,91.7324,-127.284,-1534.0,-776.0,-1400.0,-600.0
-1532.0,-776.0,-108.276,7.34426e-07,88.2362,53.1301,91.7638,-126.87,-1532.0,-776.0,-1400.0,-600.0
-1530.0,-776.0,-108.229,7.30453e-07,88.2044,53.5491,91.7956,-126.451,-1530.0,-776.0,-1400.0,-600.0
-1528.0,-776.0,-108.182,7.26518e-07,88.1725,53.9726,91.8275,-126.027,-1528.0,-776.0,-1400.0,-600.0
-1526.0,-776.0,-108.135,7.22624e-07,88.1403,54.4008,91.8597,-125.599,-1526.0,-776.0,-1400.0,-600.0
-1524.0,-776.0,-108.088,7.18772e-07,88.1079,54.8336,91.8921,-125.166,-1524.0,-776.0,-1400.0,-600.0
-1522.0,-776.0,-108.042,7.1496e-07,88.0761,55.271,91.9239,-124.729,-1522.0,-776.0,-1400.0,-600.0
-1520.0,-776.0,-107.996,7.11172e-07,88.0885,55.7131,91.9115,-124.287,-1520.0,-776.0,-1400.0,-600.0
-1518.0,-776.0,-107.95,7.07427e-07,88.1012,56.1599,91.8988,-123.84,-1518.0,-776.0,-1400.0,-600.0
-1516.0,-776.0,-107.904,7.03725e-07,88.1142,56.6115,91.8858,-123.389,-1516.0,-776.0,-1400.0,-600.0
-1514.0,-776.0,-107.859,7.00067e-07,88.1274,57.0678,91.8726,-122.932,-1514.0,-776.0,-1400.0,-600.0
-1512.0,-776.0,-107.814,6.96463e-07,88.1199,57.5288,91.8801,-122.471,-1512.0,-776.0,-1400.0,-600.0
-1510.0,-776.0,-107.769,6.92905e-07,88.1103,57.9946,91.8897,-122.005,-1510.0,-776.0,-1400.0,-600.0
-1508.0,-776.0,-107.725,6.89393e-07,88.1006,58.4652,91.8994,-121.535,-1508.0,-776.0,-1400.0,-600.0
-1506.0,-776.0,-107.681,6.85928e-07,88.091,58.9406,91.909,-121.059,-1506.0,-776.0,-1400.0,-600.0
-1504.0,-776.0,-107.637,6.82519e-07,88.0629,59.4208,91.9371,-120.579,-1504.0,-776.0,-1400.0,-600.0
-1502.0,-776.0,-107.595,6.7916e-07,88.0295,59.9058,91.9705,-120.094,-1502.0,-776.0,-1400.0,-600.0
-1500.0,-776.0,-107.552,6.7585e-07,87.996,60.3955,92.004,-119.604,-1500.0,-776.0,-1400.0,-600.0
-1498.0,-776.0,-107.51,6.7259e-07,87.9622,60.8901,92.0378,-119.11,-1498.0,-776.0,-1400.0,-600.0
-1496.0,-776.0,-107.468,6.69381e-07,87.9283,61.3895,92.0717,-118.61,-1496.0,-776.0,-1400.0,-600.0
-1494.0,-776.0,-107.427,6.66224e-07,87.8942,61.8937,92.1058,-118.106,-1494.0,-776.0,-1400.0,-600.0
-1492.0,-776.0,-107.386,6.63119e-07,87.86,62.4027,92.14,-117.597,-1492.0,-776.0,-1400.0,-600.0
-1490.0,-776.0,-107.346,6.60066e-07,87.8256,62.9164,92.1744,-117.084,-1490.0,-776.0,-1400.0,-600.0
-1488.0,-776.0,-107.306,6.57068e-07,87.7911,63.4349,92.2089,-116.565,-1488.0,-776.0,-1400.0,-600.0
-1486.0,-776.0,-107.267,6.54124e-07,87.7565,63.9582,92.2435,-116.042,-1486.0,-776.0,-1400.0,-600.0
-1484.0,-776.0,-107.229,6.51235e-07,87.7217,64.4861,92.2783,-115.514,-1484.0,-776.0,-1400.0,-600.0
-1482.0,-776.0,-107.191,6.48402e-07,87.6868,65.0188,92.3132,-114.981,-1482.0,-776.0,-1400.0,-600.0
-1480.0,-776.0,-107.153,6.45615e-07,87.6753,65.556,92.3247,-114.444,-1480.0,-776.0,-1400.0,-600.0
-1478.0,-776.0,-107.116,6.42885e-07,87.6655,66.0979,92.3345,-113.902,-1478.0,-776.0,-1400.0,-600.0
-1476.0,-776.0,-107.08,6.40212e-07,87.6557,66.6444,92.3443,-113.356,-1476.0,-776.0,-1400.0,-600.0
-1474.0,-776.0,-107.044,6.37598e-07,87.6461,67.1955,92.3539,-112.805,-1474.0,-776.0,-1400.0,-600.0
-1472.0,-776.0,-107.009,6.35044e-07,87.6366,67.751,92.3634,-112.249,-1472.0,-776.0,-1400.0,-600.0
-1470.0,-776.0,-106.975,6.32549e-07,87.6273,68.3109,92.3727,-111.689,-1470.0,-776.0,-1400.0,-600.0
-1468.0,-776.0,-106.941,6.30116e-07,87.6181,68.8753,92.3819,-111.125,-1468.0,-776.0,-1400.0,-600.0
-1466.0,-776.0,-106.909,6.27746e-07,87.6037,69.444,92.3963,-110.556,-1466.0,-776.0,-1400.0,-600.0
-1464.0,-776.0,-106.877,6.25448e-07,87.569,70.0169,92.431,-109.983,-1464.0,-776.0,-1400.0,-600.0
-1462.0,-776.0,-106.846,6.23213e-07,87.5344,70.594,92.4656,-109.406,-1462.0,-776.0,-1400.0,-600.0
-1460.0,-776.0,-106.815,6.21042e-07,87.4997,71.1753,92.5003,-108.825,-1460.0,-776.0,-1400.0,-600.0
-1458.0,-776.0,-106.785,6.18934e-07,87.4676,71.7606,92.5324,-108.239,-1458.0,-776.0,-1400.0,-600.0
-1456.0,-776.0,-106.757,6.1688e-07,87.4592,72.3499,92.5408,-107.65,-1456.0,-776.0,-1400.0,-600.0
-1454.0,-776.0,-106.728,6.14891e-07,87.451,72.943,92.549,-107.057,-1454.0,-776.0,-1400.0,-600.0
-1452.0,-776.0,-106.701,6.12969e-07,87.443,73.54,92.557,-106.46,-1452.0,-776.0,-1400.0,-600.0
-1450.0,-776.0,-106.675,6.11113e-07,87.4352,74.1406,92.5648,-105.859,-1450.0,-776.0,-1400.0,-600.0
-1448.0,-776.0,-106.649,6.09325e-07,87.4277,74.7449,92.5723,-105.255,-1448.0,-776.0,-1400.0,-600.0
-1446.0,-776.0,-106.625,6.07605e-07,87.4204,75.3526,92.5796,-104.647,-1446.0,-776.0,-1400.0,-600.0
-1444.0,-776.0,-106.601,6.05954e-07,87.4133,75.9638,92.5867,-104.036,-1444.0,-776.0,-1400.0,-600.0
-1442.0,-776.0,-117.808,6.04384e-07,87.3872,76.6421,92.6128,-103.963,-1404.61,-618.561,-1404.61,-618.561
-1440.0,-776.0,-121.6,1.26408e-06,88.7255,83.0056,91.2745,86.3692,-1397.86,-566.269,-1406.13,-499.953
-1438.0,-776.0,-122.044,1.2633e-06,88.6992,83.3061,91.3008,86.6697,-1397.92,-564.264,-1405.6,-499.953
-1436.0,-776.0,-123.126,1.3649e-06,88.7724,86.7235,91.2276,99.499,-1419.32,-484.561,-1419.32,-484.561
-1434.0,-776.0,-123.518,1.36454e-06,88.7514,87.0033,91.2486,99.2192,-1418.74,-484.53,-1418.74,-484.53
-1432.0,-776.0,-123.88,1.36422e-06,88.7393,87.2833,91.2607,98.9393,-1418.17,-484.499,-1418.17,-484.499
-1430.0,-776.0,-124.201,1.36392e-06,88.7272,87.5634,91.2728,98.6592,-1417.59,-484.468,-1417.59,-484.468
-1428.0,-776.0,-124.306,1.25875e-06,88.608,85.7734,91.392,94.3439,-1407.6,-499.955,-1407.6,-499.955
-1426.0,-776.0,-124.347,1.25829e-06,88.5946,86.0765,91.4054,94.0408,-1407.07,-499.954,-1407.07,-499.954
-1424.0,-776.0,-124.343,1.25785e-06,88.5813,86.3799,91.4187,93.7374,-1406.54,-499.954,-1406.54,-499.954
-1422.0,-776.0,-124.303,1.25746e-06,88.568,86.6834,91.432,93.4339,-1406.0,-499.953,-1406.0,-499.953
-1420.0,-776.0,-122.729,1.1042e-06,88.3546,85.21,91.6454,87.9036,-1397.63,-535.182,-1398.81,-523.1
-1418.0,-776.0,-124.154,1.25677e-06,88.5482,87.2911,91.4518,92.8262,-1404.94,-499.952,-1404.94,-499.952
-1416.0,-776.0,-124.06,1.25647e-06,88.5478,87.5952,91.4522,92.5221,-1404.41,-499.952,-1404.41,-499.952
-1414.0,-776.0,-123.964,1.25621e-06,88.5475,87.8994,91.4525,92.2179,-1403.87,-499.951,-1403.87,-499.951
-1412.0,-776.0,-123.872,1.25598e-06,88.5473,88.2037,91.4527,91.9136,-1403.34,-499.951,-1403.34,-499.951
-1410.0,-776.0,-123.787,1.25579e-06,88.547,88.5081,91.453,91.6092,-1402.81,-499.95,-1402.81,-499.95
-1408.0,-776.0,-123.714,1.25563e-06,88.5469,88.8127,91.4531,91.3046,-1402.28,-499.949,-1402.28,-499.949
-1406.0,-776.0,-134.672,1.36717e-06,88.6654,95.7374,91.3346,99.5595,-1419.44,-484.568,-1425.26,-584.337
-1404.0,-776.0,-135.471,1.36787e-06,88.6661,96.3287,91.3339,99.5595,-1419.44,-484.568,-1425.26,-584.337
-1402.0,-776.0,-143.644,1.36864e-06,88.6669,96.9186,91.3331,99.5595,-1419.44,-484.568,-1425.26,-584.337
-1400.0,-776.0,-148.461,1.36948e-06,88.6677,97.5071,91.3323,99.5595,-1419.44,-484.568,-1425.26,-584.337
-1398.0,-776.0,-151.819,1.37038e-06,88.6686,98.0939,91.3314,99.5595,-1419.44,-484.568,-1425.26,-584.337
-1396.0,-776.0,-154.425,1.37136e-06,88.6695,98.6791,91.3305,99.5595,-1419.44,-484.568,-1425.26,-584.337
-1394.0,-776.0,-156.574,1.3724e-06,88.6705,99.2624,91.3295,99.5595,-1419.44,-484.568,-1425.26,-584.337
-1392.0,-776.0,-157.599,7.48923e-07,87.5632,99.8438,92.4368,148.195,-1425.26,-584.337,-1425.26,-584.337
-1390.0,-776.0,-184.714,9.58447e-07,88.0962,114.434,91.9038,169.301,-1476.53,-585.541,-1476.53,-585.541
-1388.0,-776.0,-163.591,1.22933e-06,86.7337,32.848,65.7625,27.4572,-1380.18,-589.704,-1239.87,-680.361
-1386.0,-776.0,-163.014,1.22373e-06,86.7266,33.0178,65.6525,27.5988,-1380.31,-589.707,-1239.87,-681.037
-1384.0,-776.0,-162.545,1.21813e-06,86.7257,33.1892,65.542,27.7415,-1380.44,-589.711,-1239.87,-681.723
-1382.0,-776.0,-162.176,1.21254e-06,86.7248,33.3621,65.4306,27.8858,-1380.56,-589.715,-1239.87,-682.417
-1380.0,-776.0,-161.894,1.20697e-06,86.724,33.5367,65.3183,28.0317,-1380.69,-589.719,-1239.87,-683.121
-1378.0,-776.0,-161.689,1.2014e-06,86.7231,33.7129,65.2051,28.1793,-1380.82,-589.723,-1239.87,-683.834
-1376.0,-776.0,-161.551,1.19585e-06,86.7223,33.8907,65.091,28.3284,-1380.94,-589.727,-1239.87,-684.557
-1374.0,-776.0,-161.47,1.19031e-06,86.7215,34.0702,64.976,28.4793,-1381.07,-589.731,-1239.87,-685.289
-1372.0,-776.0,-136.784,1.25089e-06,88.639,38.6957,91.361,-35.9954,-1376.1,-617.359,-1239.87,-670.158
-1370.0,-776.0,-139.705,1.24569e-06,88.6463,38.9354,91.3537,-35.9954,-1376.1,-617.359,-1239.87,-670.864
-1368.0,-776.0,-142.674,1.2405e-06,88.6536,39.1776,91.3464,-35.9954,-1376.1,-617.359,-1239.87,-671.582
-1366.0,-776.0,-145.873,1.23533e-06,88.6611,39.4223,91.3389,-35.9954,-1376.1,-617.359,-1239.87,-672.312
-1364.0,-776.0,-161.568,1.16279e-06,86.7179,34.9932,64.387,29.2596,-1381.7,-589.75,-1239.87,-689.106
-1362.0,-776.0,-161.594,1.15732e-06,86.7172,35.183,64.2663,29.4211,-1381.83,-589.754,-1239.87,-689.902
-1360.0,-776.0,-161.588,1.15186e-06,86.7166,35.3747,64.1447,29.5844,-1381.96,-589.758,-1239.87,-690.709
-1358.0,-776.0,-161.538,1.14642e-06,86.7161,35.5682,64.0221,29.7496,-1382.09,-589.762,-1239.87,-691.528
-1356.0,-776.0,-161.44,1.14099e-06,86.7155,35.7635,63.8985,29.9168,-1382.21,-589.766,-1239.87,-692.358
-1354.0,-776.0,-161.297,1.13558e-06,86.715,35.9607,63.774,30.0859,-1382.34,-589.77,-1239.87,-693.201
-1352.0,-776.0,-161.119,1.13017e-06,86.7146,36.1597,63.6484,30.257,-1382.47,-589.774,-1239.87,-694.056
-1350.0,-776.0,-160.919,1.12479e-06,86.7141,36.3607,63.5218,30.4301,-1382.6,-589.777,-1239.87,-694.923
-1348.0,-776.0,-160.714,1.11941e-06,86.7137,36.5636,63.3943,30.6053,-1382.72,-589.781,-1239.87,-695.804
-1346.0,-776.0,-160.515,1.11405e-06,86.7134,36.7685,63.2657,30.7826,-1382.85,-589.785,-1239.87,-696.697
-1344.0,-776.0,-159.235,1.22503e-06,87.329,43.686,82.8446,44.9753,-1390.0,-590.004,-1239.87,-676.539
-1342.0,-776.0,-157.923,1.22021e-06,87.3339,43.9028,82.8169,45.1912,-1390.07,-590.006,-1239.87,-677.708
-1340.0,-776.0,-156.905,1.2154e-06,87.3389,44.1213,82.7891,45.409,-1390.15,-590.008,-1239.87,-678.894
-1338.0,-776.0,-156.148,1.21063e-06,87.3167,44.3414,82.761,45.6295,-1390.23,-590.011,-1239.87,-680.1
-1336.0,-776.0,-155.594,1.20589e-06,87.2903,44.5631,82.7328,45.852,-1390.31,-590.013,-1239.87,-681.325
-1334.0,-776.0,-155.206,1.20116e-06,87.2638,44.7866,82.7045,46.0763,-1390.38,-590.016,-1239.87,-682.569
-1332.0,-776.0,-154.959,1.19645e-06,87.2371,45.0119,82.676,46.3023,-1390.46,-590.018,-1239.87,-683.832
-1330.0,-776.0,-154.841,1.19176e-06,87.2103,45.239,82.6475,46.5302,-1390.54,-590.02,-1239.87,-685.116
-1328.0,-776.0,-169.054,1.05837e-06,88.5477,45.5324,91.4523,-9.41385,-1309.77,-614.96,-1239.87,-686.217
-1326.0,-776.0,-169.275,1.05372e-06,88.526,45.8972,91.474,-9.41385,-1309.77,-614.96,-1239.87,-687.13
-1324.0,-776.0,-169.744,1.0491e-06,88.5021,46.2664,91.4979,-9.41385,-1309.77,-614.96,-1239.87,-688.067
-1322.0,-776.0,-170.129,1.64949e-06,89.0278,-169.421,90.9722,-124.21,-1548.4,-818.284,-1548.4,-818.284
-1320.0,-776.0,-170.222,1.65606e-06,89.0122,-169.512,90.9878,-124.21,-1548.4,-818.284,-1548.4,-818.284
-1318.0,-776.0,-170.314,1.66263e-06,88.9966,-169.601,91.0034,-124.21,-1548.4,-818.284,-1548.4,-818.284
-1316.0,-776.0,-162.413,1.55483e-06,88.9066,60.8987,91.0934,-43.396,-1381.4,-617.583,-1239.86,-639.216
-1314.0,-776.0,-162.566,1.55161e-06,88.8939,61.1485,91.1061,-43.396,-1381.4,-617.583,-1239.86,-641.433
-1312.0,-776.0,-162.743,1.5484e-06,88.8812,61.3994,91.1188,-43.396,-1381.4,-617.583,-1239.86,-643.696
-1310.0,-776.0,-162.947,1.54523e-06,88.8685,61.6515,91.1315,-43.396,-1381.4,-617.583,-1239.86,-646.007
-1308.0,-776.0,-163.177,1.54208e-06,88.8557,61.9049,91.1443,-43.396,-1381.4,-617.583,-1239.86,-648.368
-1306.0,-776.0,-163.438,1.53896e-06,88.8429,62.1594,91.1571,-43.396,-1381.4,-617.583,-1239.86,-650.779
-1304.0,-776.0,-155.304,1.30641e-06,83.6868,39.1658,88.6294,-33.5388,-1373.95,-617.268,-1196.0,-688.025
-1302.0,-776.0,-155.33,1.3013e-06,83.5534,39.3608,88.6327,-33.7205,-1374.12,-617.275,-1195.97,-689.027
-1300.0,-776.0,-155.443,1.29621e-06,83.4256,39.5573,88.636,-33.9039,-1374.28,-617.282,-1195.94,-690.043
-1298.0,-776.0,-155.627,1.2911e-06,83.3189,39.7545,88.6394,-34.0894,-1374.45,-617.29,-1195.91,-691.076
-1296.0,-776.0,-155.93,1.28602e-06,83.2084,39.9537,88.6429,-34.2764,-1374.62,-617.297,-1195.87,-692.122
-1294.0,-776.0,-156.371,1.28095e-06,83.0938,40.1551,88.6463,-34.4647,-1374.79,-617.304,-1195.84,-693.181
-1292.0,-776.0,-156.988,1.2759e-06,82.968,40.3591,88.6498,-34.6542,-1374.96,-617.311,-1195.81,-694.252
-1290.0,-776.0,-157.853,1.27089e-06,82.8064,40.5675,88.6534,-34.8441,-1375.12,-617.318,-1195.77,-695.332
-1288.0,-776.0,-158.917,1.26591e-06,82.6386,40.7786,88.657,-35.0354,-1375.29,-617.325,-1195.74,-696.424
-1286.0,-776.0,-160.064,1.26094e-06,82.4644,40.9924,88.6606,-35.228,-1375.46,-617.332,-1195.71,-697.53
-1284.0,-776.0,-160.947,1.256e-06,82.2833,41.2091,88.6642,-35.4219,-1375.62,-617.339,-1195.67,-698.65
-1282.0,-776.0,-161.076,1.25107e-06,82.0949,41.4287,88.6679,-35.6171,-1375.79,-617.346,-1195.64,-699.784
-1280.0,-776.0,-170.144,1.27995e-06,88.4965,101.44,91.5035,15.8832,-1361.84,-589.142,-1309.31,-631.135
-1278.0,-776.0,-158.595,1.91818e-06,88.075,63.1773,83.6956,117.534,-1429.35,-543.693,-1239.87,-700.596
-1276.0,-776.0,-159.273,1.91519e-06,88.0648,63.3557,83.7343,117.36,-1429.37,-543.253,-1239.87,-703.996
-1274.0,-776.0,-168.907,1.49719e-06,88.6978,67.4957,91.3022,-43.3117,-1381.35,-617.58,-1239.87,-693.625
-1272.0,-776.0,-167.604,1.49465e-06,88.6956,67.7865,91.3044,-43.3117,-1381.35,-617.58,-1239.87,-697.327
-1270.0,-776.0,-166.508,1.49214e-06,88.6934,68.0784,91.3066,-43.3117,-1381.35,-617.58,-1239.87,-701.138
-1268.0,-776.0,-165.615,1.48967e-06,88.6913,68.3716,91.3087,-43.3117,-1381.35,-617.58,-1239.87,-705.064
-1266.0,-776.0,-169.709,1.2913e-06,88.4902,106.646,91.5098,15.8832,-1361.84,-589.142,-1309.31,-631.135
-1264.0,-776.0,-169.738,1.29325e-06,88.4924,107.37,91.5076,15.8832,-1361.84,-589.142,-1309.31,-631.135
-1262.0,-776.0,-169.789,1.29529e-06,88.4948,108.087,91.5052,15.8832,-1361.84,-589.142,-1309.31,-631.135
-1260.0,-776.0,-169.864,1.29739e-06,88.5059,108.799,91.4941,15.8832,-1361.84,-589.142,-1309.31,-631.135
-1258.0,-776.0,-169.968,1.29957e-06,88.5208,109.505,91.4792,15.8832,-1361.84,-589.142,-1309.31,-631.135
-1256.0,-776.0,-170.108,1.30183e-06,88.5358,110.205,91.4642,15.8832,-1361.84,-589.142,-1309.31,-631.135
-1254.0,-776.0,-170.294,1.30417e-06,88.5508,110.898,91.4492,15.8832,-1361.84,-589.142,-1309.31,-631.135
-1252.0,-776.0,-170.534,1.30658e-06,88.5658,111.586,91.4342,15.8832,-1361.84,-589.142,-1309.31,-631.135
-1250.0,-776.0,-170.819,1.30906e-06,88.5808,112.266,91.4192,15.8832,-1361.84,-589.142,-1309.31,-631.135
-1248.0,-776.0,-171.003,1.3423e-06,88.628,63.7098,91.372,15.8832,-1361.84,-589.142,-1237.66,-755.065
-1246.0,-776.0,-171.17,1.33937e-06,88.6371,64.3301,91.3629,15.8832,-1361.84,-589.142,-1237.55,-758.414
-1244.0,-776.0,-162.236,1.45425e-06,88.7559,106.728,91.2441,-43.3117,-1381.35,-617.58,-1325.08,-506.219
-1242.0,-776.0,-162.181,1.45618e-06,88.7686,107.039,91.2314,-43.3117,-1381.35,-617.58,-1324.68,-506.211
-1240.0,-776.0,-162.139,1.45815e-06,88.7813,107.349,91.2187,-43.3117,-1381.35,-617.58,-1324.29,-506.204
-1238.0,-776.0,-162.112,1.46015e-06,88.794,107.658,91.206,-43.3117,-1381.35,-617.58,-1323.89,-506.196
-1236.0,-776.0,0.0,0.0,0.0,0.0,0.0,0.0,0.0,0.0,0.0,0.0
-1234.0,-776.0,0.0,0.0,0.0,0.0,0.0,0.0,0.0,0.0,0.0,0.0
-1232.0,-776.0,0.0,0.0,0.0,0.0,0.0,0.0,0.0,0.0,0.0,0.0
-1230.0,-776.0,0.0,0.0,0.0,0.0,0.0,0.0,0.0,0.0,0.0,0.0
-1228.0,-776.0,0.0,0.0,0.0,0.0,0.0,0.0,0.0,0.0,0.0,0.0
-1226.0,-776.0,0.0,0.0,0.0,0.0,0.0,0.0,0.0,0.0,0.0,0.0
-1224.0,-776.0,0.0,0.0,0.0,0.0,0.0,0.0,0.0,0.0,0.0,0.0
-1222.0,-776.0,0.0,0.0,0.0,0.0,0.0,0.0,0.0,0.0,0.0,0.0
-1220.0,-776.0,0.0,0.0,0.0,0.0,0.0,0.0,0.0,0.0,0.0,0.0
-1218.0,-776.0,0.0,0.0,0.0,0.0,0.0,0.0,0.0,0.0,0.0,0.0
-1216.0,-776.0,0.0,0.0,0.0,0.0,0.0,0.0,0.0,0.0,0.0,0.0
-1214.0,-776.0,0.0,0.0,0.0,0.0,0.0,0.0,0.0,0.0,0.0,0.0
-1212.0,-776.0,0.0,0.0,0.0,0.0,0.0,0.0,0.0,0.0,0.0,0.0
-1210.0,-776.0,0.0,0.0,0.0,0.0,0.0,0.0,0.0,0.0,0.0,0.0
-1208.0,-776.0,0.0,0.0,0.0,0.0,0.0,0.0,0.0,0.0,0.0,0.0
-1206.0,-776.0,0.0,0.0,0.0,0.0,0.0,0.0,0.0,0.0,0.0,0.0
-1204.0,-776.0,0.0,0.0,0.0,0.0,0.0,0.0,0.0,0.0,0.0,0.0
-1202.0,-776.0,0.0,0.0,0.0,0.0,0.0,0.0,0.0,0.0,0.0,0.0
-1600.0,-774.0,-109.904,8.85133e-07,87.923,41.0233,92.077,-138.977,-1600.0,-774.0,-1400.0,-600.0
-1598.0,-774.0,-109.854,8.80103e-07,87.9294,41.3086,92.0706,-138.691,-1598.0,-774.0,-1400.0,-600.0
-1596.0,-774.0,-109.804,8.75094e-07,87.936,41.5972,92.064,-138.403,-1596.0,-774.0,-1400.0,-600.0
-1594.0,-774.0,-109.754,8.70108e-07,87.9428,41.8892,92.0572,-138.111,-1594.0,-774.0,-1400.0,-600.0
-1592.0,-774.0,-109.704,8.65144e-07,87.9496,42.1844,92.0504,-137.816,-1592.0,-774.0,-1400.0,-600.0
-1590.0,-774.0,-109.655,8.60212e-07,87.9417,42.4831,92.0583,-137.517,-1590.0,-774.0,-1400.0,-600.0
-1588.0,-774.0,-109.605,8.55306e-07,87.9298,42.7852,92.0702,-137.215,-1588.0,-774.0,-1400.0,-600.0
-1586.0,-774.0,-109.555,8.50423e-07,87.9179,43.0908,92.0821,-136.909,-1586.0,-774.0,-1400.0,-600.0
-1584.0,-774.0,-109.505,8.45557e-07,87.9228,43.4,92.0772,-136.6,-1584.0,-774.0,-1400.0,-600.0
-1582.0,-774.0,-109.455,8.40703e-07,87.9492,43.7127,92.0508,-136.287,-1582.0,-774.0,-1400.0,-600.0
-1580.0,-774.0,-109.404,8.35875e-07,87.976,44.029,92.024,-135.971,-1580.0,-774.0,-1400.0,-600.0
-1578.0,-774.0,-109.354,8.31073e-07,88.0031,44.3489,91.9969,-135.651,-1578.0,-774.0,-1400.0,-600.0
-1576.0,-774.0,-109.304,8.26298e-07,88.0307,44.6726,91.9693,-135.327,-1576.0,-774.0,-1400.0,-600.0
-1574.0,-774.0,-109.254,8.21549e-07,88.0586,45.0,91.9414,-135.0,-1574.0,-774.0,-1400.0,-600.0
-1572.0,-774.0,-109.203,8.16827e-07,88.0869,45.3312,91.9131,-134.669,-1572.0,-774.0,-1400.0,-600.0
-1570.0,-774.0,-109.153,8.12134e-07,88.1156,45.6662,91.8844,-134.334,-1570.0,-774.0,-1400.0,-600.0
-1568.0,-774.0,-109.103,8.07468e-07,88.1447,46.0051,91.8553,-133.995,-1568.0,-774.0,-1400.0,-600.0
-1566.0,-774.0,-109.053,8.0284e-07,88.1551,46.3479,91.8449,-133.652,-1566.0,-774.0,-1400.0,-600.0
-1564.0,-774.0,-109.003,7.98241e-07,88.1647,46.6946,91.8353,-133.305,-1564.0,-774.0,-1400.0,-600.0
-1562.0,-774.0,-108.953,7.93672e-07,88.1745,47.0454,91.8255,-132.955,-1562.0,-774.0,-1400.0,-600.0
-1560.0,-774.0,-108.903,7.89134e-07,88.1845,47.4002,91.8155,-132.6,-1560.0,-774.0,-1400.0,-600.0
-1558.0,-774.0,-108.853,7.84625e-07,88.1946,47.7591,91.8054,-132.241,-1558.0,-774.0,-1400.0,-600.0
-1556.0,-774.0,-108.803,7.80148e-07,88.2049,48.1221,91.7951,-131.878,-1556.0,-774.0,-1400.0,-600.0
-1554.0,-774.0,-108.753,7.75702e-07,88.2155,48.4893,91.7845,-131.511,-1554.0,-774.0,-1400.0,-600.0
-1552.0,-774.0,-108.703,7.71289e-07,88.2262,48.8607,91.7738,-131.139,-1552.0,-774.0,-1400.0,-600.0
-1550.0,-774.0,-108.654,7.66909e-07,88.2371,49.2364,91.7629,-130.764,-1550.0,-774.0,-1400.0,-600.0
-1548.0,-774.0,-108.604,7.62561e-07,88.2482,49.6164,91.7518,-130.384,-1548.0,-774.0,-1400.0,-600.0
-1546.0,-774.0,-108.555,7.58248e-07,88.2596,50.0006,91.7404,-129.999,-1546.0,-774.0,-1400.0,-600.0
-1544.0,-774.0,-108.505,7.53969e-07,88.2711,50.3893,91.7289,-129.611,-1544.0,-774.0,-1400.0,-600.0
-1542.0,-774.0,-108.456,7.49726e-07,88.2828,50.7824,91.7172,-129.218,-1542.0,-774.0,-1400.0,-600.0
-1540.0,-774.0,-108.407,7.45518e-07,88.2948,51.1799,91.7052,-128.82,-1540.0,-774.0,-1400.0,-600.0
-1538.0,-774.0,-108.358,7.41346e-07,88.307,51.5819,91.693,-128.418,-1538.0,-774.0,-1400.0,-600.0
-1536.0,-774.0,-108.309,7.37224e-07,88.2867,51.9885,91.7133,-128.012,-1536.0,-774.0,-1400.0,-600.0
-1534.0,-774.0,-108.261,7.33143e-07,88.2551,52.3996,91.7449,-127.6,-1534.0,-774.0,-1400.0,-600.0
-1532.0,-774.0,-108.213,7.29101e-07,88.2233,52.8153,91.7767,-127.185,-1532.0,-774.0,-1400.0,-600.0
-1530.0,-774.0,-108.165,7.25098e-07,88.1912,53.2356,91.8088,-126.764,-1530.0,-774.0,-1400.0,-600.0
-1528.0,-774.0,-108.117,7.21135e-07,88.1589,53.6606,91.8411,-126.339,-1528.0,-774.0,-1400.0,-600.0
-1526.0,-774.0,-108.07,7.17212e-07,88.1263,54.0903,91.8737,-125.91,-1526.0,-774.0,-1400.0,-600.0
-1524.0,-774.0,-108.022,7.13329e-07,88.0934,54.5247,91.9066,-125.475,-1524.0,-774.0,-1400.0,-600.0
-1522.0,-774.0,-107.975,7.09489e-07,88.0603,54.9638,91.9397,-125.036,-1522.0,-774.0,-1400.0,-600.0
-1520.0,-774.0,-107.928,7.05686e-07,88.0386,55.4077,91.9614,-124.592,-1520.0,-774.0,-1400.0,-600.0
-1518.0,-774.0,-107.882,7.01911e-07,88.051,55.8564,91.949,-124.144,-1518.0,-774.0,-1400.0,-600.0
-1516.0,-774.0,-107.835,6.9818e-07,88.0637,56.3099,91.9363,-123.69,-1516.0,-774.0,-1400.0,-600.0
-1514.0,-774.0,-107.789,6.94493e-07,88.0767,56.7683,91.9233,-123.232,-1514.0,-774.0,-1400.0,-600.0
-1512.0,-774.0,-107.743,6.9086e-07,88.0689,57.2315,91.9311,-122.768,-1512.0,-774.0,-1400.0,-600.0
-1510.0,-774.0,-107.698,6.87273e-07,88.0588,57.6996,91.9412,-122.3,-1510.0,-774.0,-1400.0,-600.0
-1508.0,-774.0,-107.653,6.83732e-07,88.0487,58.1726,91.9513,-121.827,-1508.0,-774.0,-1400.0,-600.0
-1506.0,-774.0,-107.608,6.80244e-07,88.0256,58.6504,91.9744,-121.35,-1506.0,-774.0,-1400.0,-600.0
-1504.0,-774.0,-107.564,6.76808e-07,87.9917,59.1332,92.0083,-120.867,-1504.0,-774.0,-1400.0,-600.0
-1502.0,-774.0,-107.521,6.7342e-07,87.9576,59.6209,92.0424,-120.379,-1502.0,-774.0,-1400.0,-600.0
-1500.0,-774.0,-107.477,6.70082e-07,87.9233,60.1135,92.0767,-119.887,-1500.0,-774.0,-1400.0,-600.0
-1498.0,-774.0,-107.434,6.66795e-07,87.8888,60.611,92.1112,-119.389,-1498.0,-774.0,-1400.0,-600.0
-1496.0,-774.0,-107.392,6.63558e-07,87.8542,61.1134,92.1458,-118.887,-1496.0,-774.0,-1400.0,-600.0
-1494.0,-774.0,-107.35,6.60373e-07,87.8194,61.6208,92.1806,-118.379,-1494.0,-774.0,-1400.0,-600.0
-1492.0,-774.0,-107.309,6.57241e-07,87.7844,62.133,92.2156,-117.867,-1492.0,-774.0,-1400.0,-600.0
-1490.0,-774.0,-107.268,6.54161e-07,87.7492,62.6501,92.2508,-117.35,-1490.0,-774.0,-1400.0,-600.0
-1488.0,-774.0,-107.227,6.51136e-07,87.714,63.1721,92.286,-116.828,-1488.0,-774.0,-1400.0,-600.0
-1486.0,-774.0,-107.188,6.48165e-07,87.6785,63.699,92.3215,-116.301,-1486.0,-774.0,-1400.0,-600.0
-1484.0,-774.0,-107.148,6.4525e-07,87.643,64.2307,92.357,-115.769,-1484.0,-774.0,-1400.0,-600.0
-1482.0,-774.0,-107.109,6.42383e-07,87.6251,64.7672,92.3749,-115.233,-1482.0,-774.0,-1400.0,-600.0
-1480.0,-774.0,-107.071,6.39569e-07,87.6146,65.3084,92.3854,-114.692,-1480.0,-774.0,-1400.0,-600.0
-1478.0,-774.0,-107.034,6.36812e-07,87.6043,65.8545,92.3957,-114.146,-1478.0,-774.0,-1400.0,-600.0
-1476.0,-774.0,-106.997,6.34114e-07,87.5941,66.4052,92.4059,-113.595,-1476.0,-774.0,-1400.0,-600.0
-1474.0,-774.0,-106.96,6.31475e-07,87.584,66.9606,92.416,-113.039,-1474.0,-774.0,-1400.0,-600.0
-1472.0,-774.0,-106.925,6.28896e-07,87.5741,67.5206,92.4259,-112.479,-1472.0,-774.0,-1400.0,-600.0
-1470.0,-774.0,-106.89,6.26377e-07,87.5643,68.0851,92.4357,-111.915,-1470.0,-774.0,-1400.0,-600.0
-1468.0,-774.0,-106.855,6.23919e-07,87.5547,68.6542,92.4453,-111.346,-1468.0,-774.0,-1400.0,-600.0
-1466.0,-774.0,-106.822,6.21526e-07,87.5399,69.2277,92.4601,-110.772,-1466.0,-774.0,-1400.0,-600.0
-1464.0,-774.0,-106.789,6.19205e-07,87.5045,69.8057,92.4955,-110.194,-1464.0,-774.0,-1400.0,-600.0
-1462.0,-774.0,-106.757,6.16947e-07,87.4692,70.3879,92.5308,-109.612,-1462.0,-774.0,-1400.0,-600.0
-1460.0,-774.0,-106.726,6.14754e-07,87.4339,70.9744,92.5661,-109.026,-1460.0,-774.0,-1400.0,-600.0
-1458.0,-774.0,-106.696,6.12615e-07,87.4213,71.5651,92.5787,-108.435,-1458.0,-774.0,-1400.0,-600.0
-1456.0,-774.0,-106.667,6.1054e-07,87.4125,72.1598,92.5875,-107.84,-1456.0,-774.0,-1400.0,-600.0
-1454.0,-774.0,-106.638,6.08531e-07,87.404,72.7585,92.596,-107.241,-1454.0,-774.0,-1400.0,-600.0
-1452.0,-774.0,-106.61,6.06588e-07,87.3957,73.3612,92.6043,-106.639,-1452.0,-774.0,-1400.0,-600.0
-1450.0,-774.0,-106.583,6.04713e-07,87.3876,73.9677,92.6124,-106.032,-1450.0,-774.0,-1400.0,-600.0
-1448.0,-774.0,-106.557,6.02906e-07,87.3797,74.5778,92.6203,-105.422,-1448.0,-774.0,-1400.0,-600.0
-1446.0,-774.0,-106.532,6.01168e-07,87.3721,75.1916,92.6279,-104.808,-1446.0,-774.0,-1400.0,-600.0
-1444.0,-774.0,-106.508,5.99499e-07,87.3648,75.8089,92.6352,-104.191,-1444.0,-774.0,-1400.0,-600.0
-1442.0,-774.0,-116.369,5.9791e-07,87.3382,76.4765,92.6618,-103.963,-1404.61,-618.561,-1404.61,-618.561
-1440.0,-774.0,-121.462,5.96418e-07,87.2773,77.1754,92.7227,-103.963,-1404.61,-618.561,-1404.61,-618.561
-1438.0,-774.0,-121.94,1.25667e-06,88.6825,83.2707,91.3175,86.6342,-1397.91,-564.513,-1405.66,-499.953
-1436.0,-774.0,-123.055,1.35824e-06,88.7575,86.7074,91.2425,99.5151,-1419.35,-484.563,-1419.35,-484.563
-1434.0,-774.0,-123.453,1.35788e-06,88.7453,86.9886,91.2547,99.2339,-1418.77,-484.532,-1418.77,-484.532
-1432.0,-774.0,-123.819,1.35755e-06,88.7331,87.27,91.2669,98.9526,-1418.2,-484.5,-1418.2,-484.5
-1430.0,-774.0,-124.144,1.35726e-06,88.7209,87.5514,91.2791,98.6711,-1417.62,-484.469,-1417.62,-484.469
-1428.0,-774.0,-124.254,1.2521e-06,88.6006,85.7509,91.3994,94.3664,-1407.64,-499.955,-1407.64,-499.955
-1426.0,-774.0,-124.299,1.25163e-06,88.5871,86.0556,91.4129,94.0617,-1407.1,-499.954,-1407.1,-499.954
-1424.0,-774.0,-124.298,1.2512e-06,88.5737,86.3606,91.4263,93.7567,-1406.57,-499.954,-1406.57,-499.954
-1422.0,-774.0,-124.26,1.2508e-06,88.5604,86.6657,91.4396,93.4515,-1406.03,-499.953,-1406.03,-499.953
-1420.0,-774.0,-122.648,1.09755e-06,88.3446,85.1809,91.6554,87.8744,-1397.61,-535.67,-1398.85,-523.1
-1418.0,-774.0,-124.113,1.2501e-06,88.5404,87.2766,91.4596,92.8406,-1404.96,-499.952,-1404.96,-499.952
-1416.0,-774.0,-124.019,1.2498e-06,88.5401,87.5823,91.4599,92.535,-1404.43,-499.952,-1404.43,-499.952
-1414.0,-774.0,-123.923,1.24954e-06,88.5398,87.8882,91.4602,92.2291,-1403.89,-499.951,-1403.89,-499.951
-1412.0,-774.0,-123.83,1.24931e-06,88.5395,88.1941,91.4605,91.9232,-1403.36,-499.951,-1403.36,-499.951
-1410.0,-774.0,-123.745,1.24912e-06,88.5393,88.5002,91.4607,91.6171,-1402.82,-499.95,-1402.82,-499.95
-1408.0,-774.0,-123.671,1.24896e-06,88.5391,88.8063,91.4609,91.311,-1402.29,-499.949,-1402.29,-499.949
-1406.0,-774.0,-133.545,1.36053e-06,88.6589,95.7975,91.3411,99.5595,-1419.44,-484.568,-1425.26,-584.337
-1404.0,-774.0,-136.601,1.36124e-06,88.6596,96.3949,91.3404,99.5595,-1419.44,-484.568,-1425.26,-584.337
-1402.0,-774.0,-144.292,1.36202e-06,88.6604,96.9909,91.3396,99.5595,-1419.44,-484.568,-1425.26,-584.337
-1400.0,-774.0,-148.9,1.36287e-06,88.6612,97.5853,91.3388,99.5595,-1419.44,-484.568,-1425.26,-584.337
-1398.0,-774.0,-152.161,1.36378e-06,88.6621,98.1781,91.3379,99.5595,-1419.44,-484.568,-1425.26,-584.337
-1396.0,-774.0,-154.712,1.36476e-06,88.6631,98.7692,91.3369,99.5595,-1419.44,-484.568,-1425.26,-584.337
-1394.0,-774.0,-156.826,1.36581e-06,88.6641,99.3584,91.3359,99.5595,-1419.44,-484.568,-1425.26,-584.337
-1392.0,-774.0,-157.464,7.42355e-07,87.5417,99.9456,92.4583,148.195,-1425.26,-584.337,-1425.26,-584.337
-1390.0,-774.0,-184.651,9.5238e-07,88.084,114.663,91.916,169.301,-1476.53,-585.541,-1476.53,-585.541
-1388.0,-774.0,-184.687,9.55187e-07,88.0952,115.163,91.9048,169.301,-1476.53,-585.541,-1476.53,-585.541
-1386.0,-774.0,-163.871,1.2201e-06,86.7255,32.7545,65.8224,27.3801,-1380.12,-589.701,-1239.87,-679.99
-1384.0,-774.0,-163.223,1.21448e-06,86.7246,32.9251,65.7122,27.5219,-1380.24,-589.705,-1239.87,-680.668
-1382.0,-774.0,-162.692,1.20888e-06,86.7236,33.0974,65.601,27.6652,-1380.37,-589.709,-1239.87,-681.356
-1380.0,-774.0,-162.267,1.20329e-06,86.7227,33.2713,65.489,27.8102,-1380.5,-589.713,-1239.87,-682.052
-1378.0,-774.0,-161.938,1.19771e-06,86.7218,33.4468,65.376,27.9567,-1380.63,-589.717,-1239.87,-682.758
-1376.0,-774.0,-161.692,1.19214e-06,86.7209,33.6239,65.2621,28.1049,-1380.75,-589.721,-1239.87,-683.474
-1374.0,-774.0,-161.521,1.18658e-06,86.7201,33.8027,65.1473,28.2548,-1380.88,-589.725,-1239.87,-684.199
-1372.0,-774.0,-161.412,1.18103e-06,86.7193,33.9832,65.0316,28.4063,-1381.01,-589.729,-1239.87,-684.934
-1370.0,-774.0,-135.975,1.2415e-06,88.6517,38.636,91.3483,-35.9954,-1376.1,-617.359,-1239.87,-669.983
-1368.0,-774.0,-138.92,1.23629e-06,88.659,38.8776,91.341,-35.9954,-1376.1,-617.359,-1239.87,-670.693
-1366.0,-774.0,-141.894,1.2311e-06,88.6665,39.1218,91.3335,-35.9954,-1376.1,-617.359,-1239.87,-671.416
-1364.0,-774.0,-145.061,1.22593e-06,88.674,39.3685,91.326,-35.9954,-1376.1,-617.359,-1239.87,-672.151
-1362.0,-774.0,-161.46,1.15348e-06,86.7155,34.9116,64.4388,29.1904,-1381.65,-589.748,-1239.87,-688.765
-1360.0,-774.0,-161.496,1.14801e-06,86.7149,35.1026,64.3173,29.3527,-1381.78,-589.752,-1239.87,-689.564
-1358.0,-774.0,-161.505,1.14255e-06,86.7143,35.2954,64.1949,29.5169,-1381.91,-589.756,-1239.87,-690.374
-1356.0,-774.0,-161.473,1.1371e-06,86.7137,35.4901,64.0714,29.683,-1382.04,-589.76,-1239.87,-691.197
-1354.0,-774.0,-161.393,1.13166e-06,86.7131,35.6866,63.947,29.8511,-1382.16,-589.764,-1239.87,-692.031
-1352.0,-774.0,-161.265,1.12624e-06,86.7126,35.8851,63.8216,30.0212,-1382.29,-589.768,-1239.87,-692.877
-1350.0,-774.0,-161.097,1.12084e-06,86.7121,36.0854,63.6951,30.1932,-1382.42,-589.772,-1239.87,-693.736
-1348.0,-774.0,-160.902,1.11544e-06,86.7117,36.2877,63.5676,30.3674,-1382.55,-589.776,-1239.87,-694.608
-1346.0,-774.0,-160.695,1.11006e-06,86.7112,36.492,63.4392,30.5436,-1382.68,-589.78,-1239.87,-695.492
-1344.0,-774.0,-160.491,1.1047e-06,86.7109,36.6983,63.3096,30.7219,-1382.81,-589.784,-1239.87,-696.391
-1342.0,-774.0,-159.227,1.21558e-06,87.3321,43.6759,82.8459,44.965,-1389.99,-590.004,-1239.87,-676.484
-1340.0,-774.0,-157.904,1.21077e-06,87.317,43.8941,82.8179,45.1834,-1390.07,-590.006,-1239.87,-677.662
-1338.0,-774.0,-156.889,1.20599e-06,87.2906,44.1141,82.7897,45.404,-1390.15,-590.008,-1239.87,-678.858
-1336.0,-774.0,-156.125,1.20123e-06,87.2639,44.3358,82.7614,45.6265,-1390.23,-590.011,-1239.87,-680.073
-1334.0,-774.0,-155.565,1.19648e-06,87.2371,44.5593,82.733,45.8507,-1390.31,-590.013,-1239.87,-681.307
-1332.0,-774.0,-155.172,1.19176e-06,87.2102,44.7845,82.7044,46.0767,-1390.38,-590.016,-1239.87,-682.56
-1330.0,-774.0,-154.924,1.18705e-06,87.1831,45.0116,82.6757,46.3046,-1390.46,-590.018,-1239.87,-683.834
-1328.0,-774.0,-154.806,1.18236e-06,87.1558,45.2405,82.647,46.5343,-1390.54,-590.02,-1239.87,-685.128
-1326.0,-774.0,-168.964,1.04895e-06,88.5075,45.5392,91.4925,-9.41385,-1309.77,-614.96,-1239.87,-686.234
-1324.0,-774.0,-169.193,1.0443e-06,88.4834,45.9086,91.5166,-9.41385,-1309.77,-614.96,-1239.87,-687.159
-1322.0,-774.0,-169.683,1.03969e-06,88.4456,46.2827,91.5544,-9.41385,-1309.77,-614.96,-1239.87,-688.109
-1320.0,-774.0,-170.028,1.6573e-06,89.0054,-169.027,90.9946,-124.21,-1548.4,-818.284,-1548.4,-818.284
-1318.0,-774.0,-170.119,1.66387e-06,88.99,-169.12,91.01,-124.21,-1548.4,-818.284,-1548.4,-818.284
-1316.0,-774.0,-162.293,1.54901e-06,88.9025,60.7595,91.0975,-43.396,-1381.4,-617.583,-1239.86,-637.995
-1314.0,-774.0,-162.432,1.54577e-06,88.8898,61.0099,91.1102,-43.396,-1381.4,-617.583,-1239.86,-640.199
-1312.0,-774.0,-162.596,1.54255e-06,88.877,61.2616,91.123,-43.396,-1381.4,-617.583,-1239.86,-642.449
-1310.0,-774.0,-162.787,1.53936e-06,88.8642,61.5146,91.1358,-43.396,-1381.4,-617.583,-1239.86,-644.747
-1308.0,-774.0,-163.003,1.5362e-06,88.8513,61.7687,91.1487,-43.396,-1381.4,-617.583,-1239.86,-647.094
-1306.0,-774.0,-163.249,1.53306e-06,88.8384,62.024,91.1616,-43.396,-1381.4,-617.583,-1239.86,-649.492
-1304.0,-774.0,-163.528,1.52995e-06,88.8255,62.2806,91.1745,-43.396,-1381.4,-617.583,-1239.87,-651.942
-1302.0,-774.0,-163.846,1.52686e-06,88.8126,62.5384,91.1874,-43.396,-1381.4,-617.583,-1239.87,-654.445
-1300.0,-774.0,-155.41,1.292e-06,83.4016,39.3278,88.6318,-33.6747,-1374.07,-617.274,-1195.98,-688.774
-1298.0,-774.0,-155.479,1.28688e-06,83.2943,39.5247,88.6352,-33.8599,-1374.24,-617.281,-1195.95,-689.799
-1296.0,-774.0,-155.655,1.28177e-06,83.1832,39.7236,88.6386,-34.0466,-1374.41,-617.288,-1195.91,-690.837
-1294.0,-774.0,-155.952,1.27668e-06,83.0679,39.9247,88.6421,-34.2346,-1374.58,-617.295,-1195.88,-691.888
-1292.0,-774.0,-156.445,1.27164e-06,82.9125,40.1304,88.6456,-34.4229,-1374.75,-617.302,-1195.85,-692.945
-1290.0,-774.0,-157.122,1.26662e-06,82.7495,40.3387,88.6491,-34.6125,-1374.92,-617.309,-1195.82,-694.016
-1288.0,-774.0,-158.008,1.26162e-06,82.5803,40.5496,88.6526,-34.8035,-1375.09,-617.316,-1195.78,-695.1
-1286.0,-774.0,-159.093,1.25664e-06,82.4046,40.7633,88.6562,-34.9957,-1375.26,-617.323,-1195.75,-696.197
-1284.0,-774.0,-160.24,1.25168e-06,82.222,40.9799,88.6598,-35.1894,-1375.42,-617.33,-1195.71,-697.308
-1282.0,-774.0,-161.056,1.24673e-06,82.032,41.1994,88.6635,-35.3844,-1375.59,-617.337,-1195.68,-698.433
-1280.0,-774.0,-161.05,1.24181e-06,81.8342,41.4222,88.6672,-35.5807,-1375.76,-617.344,-1195.64,-699.572
-1278.0,-774.0,-158.273,1.91224e-06,88.0617,63.0871,83.6758,117.624,-1429.35,-543.917,-1239.87,-698.889
-1276.0,-774.0,-158.896,1.90924e-06,88.0515,63.2659,83.7145,117.449,-1429.36,-543.478,-1239.87,-702.276
-1274.0,-774.0,-159.628,1.90625e-06,88.0465,63.4453,83.7536,117.274,-1429.37,-543.032,-1239.87,-705.717
-1272.0,-774.0,-168.073,1.48848e-06,88.6819,67.6669,91.3181,-43.3117,-1381.35,-617.58,-1239.87,-695.793
-1270.0,-774.0,-166.882,1.48596e-06,88.6797,67.9601,91.3203,-43.3117,-1381.35,-617.58,-1239.87,-699.582
-1268.0,-774.0,-165.904,1.48347e-06,88.6775,68.2545,91.3225,-43.3117,-1381.35,-617.58,-1239.87,-703.484
-1266.0,-774.0,-169.63,1.28492e-06,88.473,106.866,91.527,15.8832,-1361.84,-589.142,-1309.31,-631.135
-1264.0,-774.0,-169.666,1.2869e-06,88.4754,107.598,91.5246,15.8832,-1361.84,-589.142,-1309.31,-631.135
-1262.0,-774.0,-169.725,1.28895e-06,88.4778,108.324,91.5222,15.8832,-1361.84,-589.142,-1309.31,-631.135
-1260.0,-774.0,-169.809,1.29109e-06,88.4803,109.044,91.5197,15.8832,-1361.84,-589.142,-1309.31,-631.135
-1258.0,-774.0,-169.927,1.2933e-06,88.4945,109.757,91.5055,15.8832,-1361.84,-589.142,-1309.31,-631.135
-1256.0,-774.0,-170.085,1.29559e-06,88.5096,110.464,91.4904,15.8832,-1361.84,-589.142,-1309.31,-631.135
-1254.0,-774.0,-170.294,1.29795e-06,88.5248,111.165,91.4752,15.8832,-1361.84,-589.142,-1309.31,-631.135
-1252.0,-774.0,-170.558,1.30039e-06,88.5399,111.859,91.4601,15.8832,-1361.84,-589.142,-1309.31,-631.135
-1250.0,-774.0,-170.852,1.3029e-06,88.5552,112.547,91.4448,15.8832,-1361.84,-589.142,-1309.31,-631.135
-1248.0,-774.0,-170.897,1.33634e-06,88.6034,63.4017,91.3966,15.8832,-1361.84,-589.142,-1237.71,-753.45
-1246.0,-774.0,-170.981,1.33338e-06,88.6124,64.0271,91.3876,15.8832,-1361.84,-589.142,-1237.6,-756.761
-1244.0,-774.0,-162.171,1.44787e-06,88.7333,106.822,91.2667,-43.3117,-1381.35,-617.58,-1324.96,-506.217
-1242.0,-774.0,-162.12,1.44981e-06,88.7461,107.135,91.2539,-43.3117,-1381.35,-617.58,-1324.56,-506.209
-1240.0,-774.0,-162.082,1.45179e-06,88.7589,107.446,91.2411,-43.3117,-1381.35,-617.58,-1324.16,-506.201
-1238.0,-774.0,-162.06,1.4538e-06,88.7718,107.757,91.2282,-43.3117,-1381.35,-617.58,-1323.76,-506.193
-1236.0,-774.0,0.0,0.0,0.0,0.0,0.0,0.0,0.0,0.0,0.0,0.0
-1234.0,-774.0,0.0,0.0,0.0,0.0,0.0,0.0,0.0,0.0,0.0,0.0
-1232.0,-774.0,0.0,0.0,0.0,0.0,0.0,0.0,0.0,0.0,0.0,0.0
-1230.0,-774.0,0.0,0.0,0.0,0.0,0.0,0.0,0.0,0.0,0.0,0.0
-1228.0,-774.0,0.0,0.0,0.0,0.0,0.0,0.0,0.0,0.0,0.0,0.0
-1226.0,-774.0,0.0,0.0,0.0,0.0,0.0,0.0,0.0,0.0,0.0,0.0
-1224.0,-774.0,0.0,0.0,0.0,0.0,0.0,0.0,0.0,0.0,0.0,0.0
-1222.0,-774.0,0.0,0.0,0.0,0.0,0.0,0.0,0.0,0.0,0.0,0.0
-1220.0,-774.0,0.0,0.0,0.0,0.0,0.0,0.0,0.0,0.0,0.0,0.0
-1218.0,-774.0,0.0,0.0,0.0,0.0,0.0,0.0,0.0,0.0,0.0,0.0
-1216.0,-774.0,0.0,0.0,0.0,0.0,0.0,0.0,0.0,0.0,0.0,0.0
-1214.0,-774.0,0.0,0.0,0.0,0.0,0.0,0.0,0.0,0.0,0.0,0.0
-1212.0,-774.0,0.0,0.0,0.0,0.0,0.0,0.0,0.0,0.0,0.0,0.0
-1210.0,-774.0,0.0,0.0,0.0,0.0,0.0,0.0,0.0,0.0,0.0,0.0
-1208.0,-774.0,0.0,0.0,0.0,0.0,0.0,0.0,0.0,0.0,0.0,0.0
-1206.0,-774.0,0.0,0.0,0.0,0.0,0.0,0.0,0.0,0.0,0.0,0.0
-1204.0,-774.0,0.0,0.0,0.0,0.0,0.0,0.0,0.0,0.0,0.0,0.0
-1202.0,-774.0,0.0,0.0,0.0,0.0,0.0,0.0,0.0,0.0,0.0,0.0
-1600.0,-772.0,-109.861,8.80786e-07,87.8846,40.6955,92.1154,-139.304,-1600.0,-772.0,-1400.0,-600.0
-1598.0,-772.0,-109.81,8.7573e-07,87.8908,40.9804,92.1092,-139.02,-1598.0,-772.0,-1400.0,-600.0
-1596.0,-772.0,-109.76,8.70696e-07,87.8972,41.2686,92.1028,-138.731,-1596.0,-772.0,-1400.0,-600.0
-1594.0,-772.0,-109.71,8.65685e-07,87.9036,41.5601,92.0964,-138.44,-1594.0,-772.0,-1400.0,-600.0
-1592.0,-772.0,-109.659,8.60696e-07,87.9102,41.855,92.0898,-138.145,-1592.0,-772.0,-1400.0,-600.0
-1590.0,-772.0,-109.609,8.5573e-07,87.9164,42.1534,92.0836,-137.847,-1590.0,-772.0,-1400.0,-600.0
-1588.0,-772.0,-109.559,8.50798e-07,87.9043,42.4552,92.0957,-137.545,-1588.0,-772.0,-1400.0,-600.0
-1586.0,-772.0,-109.508,8.45889e-07,87.8922,42.7605,92.1078,-137.239,-1586.0,-772.0,-1400.0,-600.0
-1584.0,-772.0,-109.458,8.40996e-07,87.8968,43.0694,92.1032,-136.931,-1584.0,-772.0,-1400.0,-600.0
-1582.0,-772.0,-109.407,8.36116e-07,87.9231,43.3819,92.0769,-136.618,-1582.0,-772.0,-1400.0,-600.0
-1580.0,-772.0,-109.356,8.31261e-07,87.9498,43.698,92.0502,-136.302,-1580.0,-772.0,-1400.0,-600.0
-1578.0,-772.0,-109.305,8.26433e-07,87.9769,44.0179,92.0231,-135.982,-1578.0,-772.0,-1400.0,-600.0
-1576.0,-772.0,-109.254,8.2163e-07,88.0044,44.3415,91.9956,-135.659,-1576.0,-772.0,-1400.0,-600.0
-1574.0,-772.0,-109.204,8.16854e-07,88.0323,44.6688,91.9677,-135.331,-1574.0,-772.0,-1400.0,-600.0
-1572.0,-772.0,-109.153,8.12105e-07,88.0605,45.0,91.9395,-135.0,-1572.0,-772.0,-1400.0,-600.0
-1570.0,-772.0,-109.102,8.07383e-07,88.0892,45.3351,91.9108,-134.665,-1570.0,-772.0,-1400.0,-600.0
-1568.0,-772.0,-109.051,8.0269e-07,88.1182,45.674,91.8818,-134.326,-1568.0,-772.0,-1400.0,-600.0
-1566.0,-772.0,-109.0,7.98027e-07,88.144,46.017,91.856,-133.983,-1566.0,-772.0,-1400.0,-600.0
-1564.0,-772.0,-108.95,7.93401e-07,88.1535,46.3639,91.8465,-133.636,-1564.0,-772.0,-1400.0,-600.0
-1562.0,-772.0,-108.899,7.88804e-07,88.1632,46.7149,91.8368,-133.285,-1562.0,-772.0,-1400.0,-600.0
-1560.0,-772.0,-108.848,7.84237e-07,88.1731,47.07,91.8269,-132.93,-1560.0,-772.0,-1400.0,-600.0
-1558.0,-772.0,-108.798,7.797e-07,88.1832,47.4293,91.8168,-132.571,-1558.0,-772.0,-1400.0,-600.0
-1556.0,-772.0,-108.747,7.75194e-07,88.1935,47.7927,91.8065,-132.207,-1556.0,-772.0,-1400.0,-600.0
-1554.0,-772.0,-108.697,7.7072e-07,88.2039,48.1604,91.7961,-131.84,-1554.0,-772.0,-1400.0,-600.0
-1552.0,-772.0,-108.646,7.66278e-07,88.2146,48.5323,91.7854,-131.468,-1552.0,-772.0,-1400.0,-600.0
-1550.0,-772.0,-108.596,7.61869e-07,88.2254,48.9085,91.7746,-131.091,-1550.0,-772.0,-1400.0,-600.0
-1548.0,-772.0,-108.546,7.57493e-07,88.2365,49.2892,91.7635,-130.711,-1548.0,-772.0,-1400.0,-600.0
-1546.0,-772.0,-108.496,7.53151e-07,88.2478,49.6742,91.7522,-130.326,-1546.0,-772.0,-1400.0,-600.0
-1544.0,-772.0,-108.446,7.48843e-07,88.2592,50.0636,91.7408,-129.936,-1544.0,-772.0,-1400.0,-600.0
-1542.0,-772.0,-108.396,7.4457e-07,88.2709,50.4576,91.7291,-129.542,-1542.0,-772.0,-1400.0,-600.0
-1540.0,-772.0,-108.346,7.40332e-07,88.2828,50.856,91.7172,-129.144,-1540.0,-772.0,-1400.0,-600.0
-1538.0,-772.0,-108.296,7.36131e-07,88.295,51.259,91.705,-128.741,-1538.0,-772.0,-1400.0,-600.0
-1536.0,-772.0,-108.247,7.3198e-07,88.2744,51.6667,91.7256,-128.333,-1536.0,-772.0,-1400.0,-600.0
-1534.0,-772.0,-108.198,7.2787e-07,88.2424,52.0789,91.7576,-127.921,-1534.0,-772.0,-1400.0,-600.0
-1532.0,-772.0,-108.149,7.23798e-07,88.2103,52.4959,91.7897,-127.504,-1532.0,-772.0,-1400.0,-600.0
-1530.0,-772.0,-108.101,7.19766e-07,88.1778,52.9175,91.8222,-127.082,-1530.0,-772.0,-1400.0,-600.0
-1528.0,-772.0,-108.052,7.15773e-07,88.1451,53.3439,91.8549,-126.656,-1528.0,-772.0,-1400.0,-600.0
-1526.0,-772.0,-108.004,7.1182e-07,88.1121,53.7751,91.8879,-126.225,-1526.0,-772.0,-1400.0,-600.0
-1524.0,-772.0,-107.956,7.07908e-07,88.0788,54.211,91.9212,-125.789,-1524.0,-772.0,-1400.0,-600.0
-1522.0,-772.0,-107.908,7.04038e-07,88.0453,54.6518,91.9547,-125.348,-1522.0,-772.0,-1400.0,-600.0
-1520.0,-772.0,-107.86,7.00211e-07,88.0116,55.0975,91.9884,-124.902,-1520.0,-772.0,-1400.0,-600.0
-1518.0,-772.0,-107.813,6.96416e-07,88.0001,55.5481,91.9999,-124.452,-1518.0,-772.0,-1400.0,-600.0
-1516.0,-772.0,-107.766,6.92655e-07,88.0125,56.0035,91.9875,-123.996,-1516.0,-772.0,-1400.0,-600.0
-1514.0,-772.0,-107.719,6.88939e-07,88.0253,56.464,91.9747,-123.536,-1514.0,-772.0,-1400.0,-600.0
-1512.0,-772.0,-107.673,6.85276e-07,88.017,56.9293,91.983,-123.071,-1512.0,-772.0,-1400.0,-600.0
-1510.0,-772.0,-107.627,6.81659e-07,88.0065,57.3997,91.9935,-122.6,-1510.0,-772.0,-1400.0,-600.0
-1508.0,-772.0,-107.581,6.78092e-07,87.9884,57.875,92.0116,-122.125,-1508.0,-772.0,-1400.0,-600.0
-1506.0,-772.0,-107.536,6.7458e-07,87.954,58.3553,92.046,-121.645,-1506.0,-772.0,-1400.0,-600.0
-1504.0,-772.0,-107.491,6.71115e-07,87.9193,58.8407,92.0807,-121.159,-1504.0,-772.0,-1400.0,-600.0
-1502.0,-772.0,-107.446,6.67699e-07,87.8845,59.3311,92.1155,-120.669,-1502.0,-772.0,-1400.0,-600.0
-1500.0,-772.0,-107.402,6.64333e-07,87.8494,59.8265,92.1506,-120.174,-1500.0,-772.0,-1400.0,-600.0
-1498.0,-772.0,-107.359,6.61017e-07,87.8142,60.3269,92.1858,-119.673,-1498.0,-772.0,-1400.0,-600.0
-1496.0,-772.0,-107.315,6.57752e-07,87.7788,60.8324,92.2212,-119.168,-1496.0,-772.0,-1400.0,-600.0
-1494.0,-772.0,-107.273,6.54539e-07,87.7432,61.3429,92.2568,-118.657,-1494.0,-772.0,-1400.0,-600.0
-1492.0,-772.0,-107.231,6.51379e-07,87.7074,61.8584,92.2926,-118.142,-1492.0,-772.0,-1400.0,-600.0
-1490.0,-772.0,-107.189,6.48272e-07,87.6715,62.3789,92.3285,-117.621,-1490.0,-772.0,-1400.0,-600.0
-1488.0,-772.0,-107.148,6.45219e-07,87.6354,62.9044,92.3646,-117.096,-1488.0,-772.0,-1400.0,-600.0
-1486.0,-772.0,-107.107,6.42221e-07,87.5992,63.4349,92.4008,-116.565,-1486.0,-772.0,-1400.0,-600.0
-1484.0,-772.0,-107.067,6.39273e-07,87.5748,63.9704,92.4252,-116.03,-1484.0,-772.0,-1400.0,-600.0
-1482.0,-772.0,-107.028,6.36376e-07,87.5638,64.5108,92.4362,-115.489,-1482.0,-772.0,-1400.0,-600.0
-1480.0,-772.0,-106.989,6.33535e-07,87.5528,65.0561,92.4472,-114.944,-1480.0,-772.0,-1400.0,-600.0
-1478.0,-772.0,-106.95,6.30752e-07,87.542,65.6063,92.458,-114.394,-1478.0,-772.0,-1400.0,-600.0
-1476.0,-772.0,-106.913,6.28028e-07,87.5314,66.1613,92.4686,-113.839,-1476.0,-772.0,-1400.0,-600.0
-1474.0,-772.0,-106.876,6.25363e-07,87.5208,66.7211,92.4792,-113.279,-1474.0,-772.0,-1400.0,-600.0
-1472.0,-772.0,-106.839,6.22759e-07,87.5104,67.2856,92.4896,-112.714,-1472.0,-772.0,-1400.0,-600.0
-1470.0,-772.0,-106.804,6.20215e-07,87.5002,67.8548,92.4998,-112.145,-1470.0,-772.0,-1400.0,-600.0
-1468.0,-772.0,-106.769,6.17732e-07,87.4902,68.4287,92.5098,-111.571,-1468.0,-772.0,-1400.0,-600.0
-1466.0,-772.0,-106.734,6.15315e-07,87.4748,69.0071,92.5252,-110.993,-1466.0,-772.0,-1400.0,-600.0
-1464.0,-772.0,-106.701,6.12971e-07,87.4388,69.5901,92.5612,-110.41,-1464.0,-772.0,-1400.0,-600.0
-1462.0,-772.0,-106.669,6.10691e-07,87.4027,70.1775,92.5973,-109.822,-1462.0,-772.0,-1400.0,-600.0
-1460.0,-772.0,-106.637,6.08467e-07,87.3834,70.7693,92.6166,-109.231,-1460.0,-772.0,-1400.0,-600.0
-1458.0,-772.0,-106.606,6.06304e-07,87.374,71.3654,92.626,-108.635,-1458.0,-772.0,-1400.0,-600.0
-1456.0,-772.0,-106.576,6.04207e-07,87.3649,71.9657,92.6351,-108.034,-1456.0,-772.0,-1400.0,-600.0
-1454.0,-772.0,-106.546,6.02177e-07,87.356,72.5701,92.644,-107.43,-1454.0,-772.0,-1400.0,-600.0
-1452.0,-772.0,-106.518,6.00214e-07,87.3474,73.1786,92.6526,-106.821,-1452.0,-772.0,-1400.0,-600.0
-1450.0,-772.0,-106.49,5.98319e-07,87.3389,73.791,92.6611,-106.209,-1450.0,-772.0,-1400.0,-600.0
-1448.0,-772.0,-106.464,5.96492e-07,87.3308,74.4072,92.6692,-105.593,-1448.0,-772.0,-1400.0,-600.0
-1446.0,-772.0,-106.438,5.94735e-07,87.3229,75.0271,92.6771,-104.973,-1446.0,-772.0,-1400.0,-600.0
-1444.0,-772.0,-106.413,5.93048e-07,87.3153,75.6507,92.6847,-104.349,-1444.0,-772.0,-1400.0,-600.0
-1442.0,-772.0,-114.839,5.91442e-07,87.2881,76.3069,92.7119,-103.963,-1404.61,-618.561,-1404.61,-618.561
-1440.0,-772.0,-120.28,5.8993e-07,87.2264,77.0139,92.7736,-103.963,-1404.61,-618.561,-1404.61,-618.561
-1438.0,-772.0,-121.834,1.25005e-06,88.6656,83.2348,91.3344,86.5983,-1397.91,-564.761,-1405.73,-499.953
-1436.0,-772.0,-122.278,1.24929e-06,88.6491,83.5388,91.3509,86.9024,-1397.97,-562.541,-1405.19,-499.952
-1434.0,-772.0,-123.388,1.35122e-06,88.7391,86.9738,91.2609,99.2488,-1418.8,-484.533,-1418.8,-484.533
-1432.0,-772.0,-123.757,1.35089e-06,88.7268,87.2565,91.2732,98.9661,-1418.22,-484.502,-1418.22,-484.502
-1430.0,-772.0,-124.086,1.35059e-06,88.7146,87.5393,91.2854,98.6832,-1417.64,-484.47,-1417.64,-484.47
-1428.0,-772.0,-124.201,1.24545e-06,88.5931,85.7281,91.4069,94.3892,-1407.68,-499.955,-1407.68,-499.955
-1426.0,-772.0,-124.251,1.24497e-06,88.5796,86.0345,91.4204,94.0828,-1407.14,-499.954,-1407.14,-499.954
-1424.0,-772.0,-124.253,1.24454e-06,88.5661,86.3411,91.4339,93.7762,-1406.6,-499.954,-1406.6,-499.954
-1422.0,-772.0,-124.217,1.24414e-06,88.5527,86.6479,91.4473,93.4694,-1406.07,-499.953,-1406.07,-499.953
-1420.0,-772.0,-122.566,1.09091e-06,88.3345,85.1515,91.6655,87.845,-1397.6,-536.157,-1398.89,-523.1
-1418.0,-772.0,-124.071,1.24344e-06,88.5326,87.262,91.4674,92.8553,-1404.99,-499.952,-1404.99,-499.952
-1416.0,-772.0,-123.978,1.24314e-06,88.5323,87.5694,91.4677,92.5479,-1404.45,-499.952,-1404.45,-499.952
-1414.0,-772.0,-123.881,1.24287e-06,88.5319,87.8768,91.4681,92.2405,-1403.91,-499.951,-1403.91,-499.951
-1412.0,-772.0,-123.788,1.24264e-06,88.5317,88.1844,91.4683,91.9329,-1403.38,-499.951,-1403.38,-499.951
-1410.0,-772.0,-123.702,1.24245e-06,88.5314,88.4921,91.4686,91.6252,-1402.84,-499.95,-1402.84,-499.95
-1408.0,-772.0,-123.628,1.24229e-06,88.5313,88.7999,91.4687,91.3174,-1402.3,-499.949,-1402.3,-499.949
-1406.0,-772.0,-132.351,1.3539e-06,88.6524,95.8589,91.3476,99.5595,-1419.44,-484.568,-1425.26,-584.337
-1404.0,-772.0,-137.658,1.35461e-06,88.6531,96.4625,91.3469,99.5595,-1419.44,-484.568,-1425.26,-584.337
-1402.0,-772.0,-144.909,1.3554e-06,88.6538,97.0646,91.3462,99.5595,-1419.44,-484.568,-1425.26,-584.337
-1400.0,-772.0,-149.327,1.35625e-06,88.6547,97.6652,91.3453,99.5595,-1419.44,-484.568,-1425.26,-584.337
-1398.0,-772.0,-152.497,1.35718e-06,88.6556,98.2641,91.3444,99.5595,-1419.44,-484.568,-1425.26,-584.337
-1396.0,-772.0,-154.996,1.35817e-06,88.6566,98.8612,91.3434,99.5595,-1419.44,-484.568,-1425.26,-584.337
-1394.0,-772.0,-157.077,1.35923e-06,88.6576,99.4563,91.3424,99.5595,-1419.44,-484.568,-1425.26,-584.337
-1392.0,-772.0,-155.347,1.39109e-06,88.6884,100.014,91.3116,113.553,-1429.64,-532.017,-1425.28,-583.559
-1390.0,-772.0,-184.587,9.46324e-07,88.0734,114.896,91.9266,169.301,-1476.53,-585.541,-1476.53,-585.541
-1388.0,-772.0,-182.046,2.38072e-06,89.2411,112.395,90.7589,-124.21,-1548.4,-818.284,-1464.95,-585.269
-1386.0,-772.0,-176.71,2.4032e-06,89.2549,113.992,90.7451,-124.304,-1548.93,-818.293,-1469.06,-585.365
-1384.0,-772.0,-175.515,2.40592e-06,89.2625,114.228,90.7375,-124.304,-1548.93,-818.293,-1468.0,-585.34
-1382.0,-772.0,-163.472,1.20524e-06,86.7224,32.8311,65.7728,27.4439,-1380.17,-589.703,-1239.87,-680.294
-1380.0,-772.0,-162.873,1.19963e-06,86.7215,33.0042,65.661,27.5879,-1380.3,-589.707,-1239.87,-680.984
-1378.0,-772.0,-162.387,1.19404e-06,86.7205,33.179,65.5483,27.7334,-1380.43,-589.711,-1239.87,-681.682
-1376.0,-772.0,-162.006,1.18845e-06,86.7196,33.3555,65.4346,27.8806,-1380.56,-589.715,-1239.87,-682.391
-1374.0,-772.0,-161.716,1.18287e-06,86.7187,33.5336,65.3201,28.0294,-1380.69,-589.719,-1239.87,-683.108
-1372.0,-772.0,-161.506,1.17731e-06,86.7178,33.7133,65.2046,28.18,-1380.82,-589.723,-1239.87,-683.836
-1370.0,-772.0,-161.366,1.17176e-06,86.717,33.8948,65.0881,28.3322,-1380.95,-589.727,-1239.87,-684.574
-1368.0,-772.0,-135.13,1.23212e-06,88.6645,38.5751,91.3355,-35.9954,-1376.1,-617.359,-1239.87,-669.805
-1366.0,-772.0,-138.123,1.2269e-06,88.672,38.8187,91.328,-35.9954,-1376.1,-617.359,-1239.87,-670.52
-1364.0,-772.0,-141.108,1.22171e-06,88.6796,39.0649,91.3204,-35.9954,-1376.1,-617.359,-1239.87,-671.247
-1362.0,-772.0,-144.249,1.21653e-06,88.6872,39.3137,91.3128,-35.9954,-1376.1,-617.359,-1239.87,-671.988
-1360.0,-772.0,-147.714,1.21137e-06,88.695,39.5652,91.305,-35.9954,-1376.1,-617.359,-1239.87,-672.741
-1358.0,-772.0,-161.392,1.1387e-06,86.7125,35.0208,64.3692,29.2834,-1381.72,-589.751,-1239.87,-689.221
-1356.0,-772.0,-161.414,1.13323e-06,86.7118,35.2148,64.2459,29.4484,-1381.85,-589.755,-1239.87,-690.035
-1354.0,-772.0,-161.4,1.12778e-06,86.7112,35.4107,64.1216,29.6154,-1381.98,-589.759,-1239.87,-690.861
-1352.0,-772.0,-161.339,1.12234e-06,86.7107,35.6085,63.9963,29.7844,-1382.11,-589.763,-1239.87,-691.699
-1350.0,-772.0,-161.229,1.11691e-06,86.7101,35.8082,63.87,29.9554,-1382.24,-589.767,-1239.87,-692.549
-1348.0,-772.0,-161.073,1.1115e-06,86.7096,36.0099,63.7426,30.1285,-1382.37,-589.771,-1239.87,-693.412
-1346.0,-772.0,-160.884,1.1061e-06,86.7091,36.2135,63.6143,30.3036,-1382.5,-589.775,-1239.87,-694.288
-1344.0,-772.0,-160.678,1.10072e-06,86.7087,36.4192,63.4848,30.4809,-1382.63,-589.779,-1239.87,-695.177
-1342.0,-772.0,-160.472,1.09536e-06,86.6955,36.6268,63.3538,30.661,-1382.77,-589.783,-1239.87,-696.079
-1340.0,-772.0,-159.246,1.20617e-06,87.2909,43.6652,82.847,44.9563,-1389.99,-590.004,-1239.87,-676.429
-1338.0,-772.0,-157.907,1.20137e-06,87.2642,43.8851,82.8187,45.1769,-1390.07,-590.006,-1239.87,-677.616
-1336.0,-772.0,-156.877,1.19659e-06,87.2373,44.1067,82.7903,45.3992,-1390.15,-590.008,-1239.87,-678.821
-1334.0,-772.0,-156.102,1.19183e-06,87.2102,44.3301,82.7618,45.6234,-1390.23,-590.011,-1239.87,-680.045
-1332.0,-772.0,-155.535,1.18708e-06,87.183,44.5554,82.7331,45.8494,-1390.31,-590.013,-1239.87,-681.289
-1330.0,-772.0,-155.139,1.18235e-06,87.1556,44.7824,82.7043,46.0773,-1390.38,-590.016,-1239.87,-682.552
-1328.0,-772.0,-154.889,1.17765e-06,87.128,45.0113,82.6755,46.307,-1390.46,-590.018,-1239.87,-683.836
-1326.0,-772.0,-154.771,1.17296e-06,87.1002,45.242,82.6464,46.5386,-1390.54,-590.02,-1239.87,-685.14
-1324.0,-772.0,-168.873,1.03953e-06,88.4645,45.5461,91.5355,-9.41385,-1309.77,-614.96,-1239.87,-686.251
-1322.0,-772.0,-169.111,1.03489e-06,88.4264,45.9204,91.5736,-9.41385,-1309.77,-614.96,-1239.87,-687.189
-1320.0,-772.0,-169.622,1.03028e-06,88.388,46.2994,91.612,-9.41385,-1309.77,-614.96,-1239.87,-688.152
-1318.0,-772.0,-169.942,1.66515e-06,88.9888,-168.641,91.0112,-124.21,-1548.4,-818.284,-1548.4,-818.284
-1316.0,-772.0,-170.031,1.6717e-06,88.9831,-168.737,91.0169,-124.21,-1548.4,-818.284,-1548.4,-818.284
-1314.0,-772.0,-162.304,1.53993e-06,88.8856,60.8702,91.1144,-43.396,-1381.4,-617.583,-1239.86,-638.965
-1312.0,-772.0,-162.456,1.5367e-06,88.8727,61.1227,91.1273,-43.396,-1381.4,-617.583,-1239.86,-641.203
-1310.0,-772.0,-162.633,1.5335e-06,88.8598,61.3764,91.1402,-43.396,-1381.4,-617.583,-1239.86,-643.487
-1308.0,-772.0,-162.836,1.53032e-06,88.8469,61.6313,91.1531,-43.396,-1381.4,-617.583,-1239.86,-645.821
-1306.0,-772.0,-163.067,1.52717e-06,88.834,61.8875,91.166,-43.396,-1381.4,-617.583,-1239.86,-648.204
-1304.0,-772.0,-163.329,1.52405e-06,88.821,62.1449,91.179,-43.396,-1381.4,-617.583,-1239.86,-650.64
-1302.0,-772.0,-163.627,1.52095e-06,88.808,62.4035,91.192,-43.396,-1381.4,-617.583,-1239.87,-653.13
-1300.0,-772.0,-163.97,1.51787e-06,88.798,62.6633,91.202,-43.396,-1381.4,-617.583,-1239.87,-655.675
-1298.0,-772.0,-155.465,1.28267e-06,83.2697,39.2934,88.631,-33.6289,-1374.03,-617.272,-1195.98,-688.521
-1296.0,-772.0,-155.522,1.27755e-06,83.1578,39.492,88.6344,-33.8152,-1374.2,-617.279,-1195.95,-689.551
-1294.0,-772.0,-155.725,1.27247e-06,83.0152,39.6945,88.6378,-34.0021,-1374.37,-617.286,-1195.92,-690.589
-1292.0,-772.0,-156.073,1.26741e-06,82.8567,39.9001,88.6413,-34.19,-1374.54,-617.293,-1195.89,-691.638
-1290.0,-772.0,-156.577,1.26238e-06,82.6923,40.1082,88.6448,-34.3793,-1374.71,-617.301,-1195.86,-692.7
-1288.0,-772.0,-157.27,1.25736e-06,82.5217,40.319,88.6483,-34.57,-1374.88,-617.308,-1195.82,-693.775
-1286.0,-772.0,-158.18,1.25236e-06,82.3445,40.5326,88.6518,-34.7619,-1375.05,-617.315,-1195.79,-694.864
-1284.0,-772.0,-159.288,1.24738e-06,82.1603,40.749,88.6555,-34.9553,-1375.22,-617.322,-1195.75,-695.966
-1282.0,-772.0,-160.429,1.24242e-06,81.9687,40.9685,88.6591,-35.15,-1375.39,-617.329,-1195.72,-697.082
-1280.0,-772.0,-161.155,1.23748e-06,81.7691,41.1912,88.6628,-35.346,-1375.56,-617.336,-1195.69,-698.211
-1278.0,-772.0,-160.995,1.23256e-06,81.5612,41.4172,88.6665,-35.5434,-1375.72,-617.343,-1195.65,-699.355
-1276.0,-772.0,-158.547,1.90329e-06,88.0381,63.1756,83.6947,117.539,-1429.35,-543.704,-1239.87,-700.556
-1274.0,-772.0,-159.223,1.90029e-06,88.033,63.3554,83.7338,117.363,-1429.36,-543.26,-1239.87,-703.983
-1272.0,-772.0,-168.582,1.48232e-06,88.6681,67.5461,91.3319,-43.3117,-1381.35,-617.58,-1239.87,-694.259
-1270.0,-772.0,-167.298,1.47978e-06,88.6658,67.8405,91.3342,-43.3117,-1381.35,-617.58,-1239.87,-698.025
-1268.0,-772.0,-166.228,1.47728e-06,88.6635,68.1362,91.3365,-43.3117,-1381.35,-617.58,-1239.87,-701.904
-1266.0,-772.0,-165.362,1.47482e-06,88.6613,68.4331,91.3387,-43.3117,-1381.35,-617.58,-1239.87,-705.901
-1264.0,-772.0,-169.596,1.28055e-06,88.4582,107.832,91.5418,15.8832,-1361.84,-589.142,-1309.31,-631.135
-1262.0,-772.0,-169.663,1.28263e-06,88.4607,108.566,91.5393,15.8832,-1361.84,-589.142,-1309.31,-631.135
-1260.0,-772.0,-169.759,1.2848e-06,88.4633,109.294,91.5367,15.8832,-1361.84,-589.142,-1309.31,-631.135
-1258.0,-772.0,-169.891,1.28704e-06,88.468,110.015,91.532,15.8832,-1361.84,-589.142,-1309.31,-631.135
-1256.0,-772.0,-170.069,1.28935e-06,88.4832,110.73,91.5168,15.8832,-1361.84,-589.142,-1309.31,-631.135
-1254.0,-772.0,-170.303,1.29175e-06,88.4985,111.439,91.5015,15.8832,-1361.84,-589.142,-1309.31,-631.135
-1252.0,-772.0,-170.59,1.29422e-06,88.5139,112.14,91.4861,15.8832,-1361.84,-589.142,-1309.31,-631.135
-1250.0,-772.0,-170.875,1.29676e-06,88.5292,112.834,91.4708,15.8832,-1361.84,-589.142,-1309.31,-631.135
-1248.0,-772.0,-171.022,1.29938e-06,88.5446,113.522,91.4554,15.8832,-1361.84,-589.142,-1309.31,-631.135
-1246.0,-772.0,-170.834,1.3274e-06,88.5875,63.7174,91.4125,15.8832,-1361.84,-589.142,-1237.66,-755.105
-1244.0,-772.0,-162.107,1.4415e-06,88.7105,106.917,91.2895,-43.3117,-1381.35,-617.58,-1324.84,-506.215
-1242.0,-772.0,-162.06,1.44345e-06,88.7234,107.231,91.2766,-43.3117,-1381.35,-617.58,-1324.44,-506.207
-1240.0,-772.0,-162.027,1.44544e-06,88.7364,107.545,91.2636,-43.3117,-1381.35,-617.58,-1324.04,-506.198
-1238.0,-772.0,-162.009,1.44746e-06,88.7493,107.857,91.2507,-43.3117,-1381.35,-617.58,-1323.63,-506.19
-1236.0,-772.0,0.0,0.0,0.0,0.0,0.0,0.0,0.0,0.0,0.0,0.0
-1234.0,-772.0,0.0,0.0,0.0,0.0,0.0,0.0,0.0,0.0,0.0,0.0
-1232.0,-772.0,0.0,0.0,0.0,0.0,0.0,0.0,0.0,0.0,0.0,0.0
-1230.0,-772.0,0.0,0.0,0.0,0.0,0.0,0.0,0.0,0.0,0.0,0.0
-1228.0,-772.0,0.0,0.0,0.0,0.0,0.0,0.0,0.0,0.0,0.0,0.0
-1226.0,-772.0,0.0,0.0,0.0,0.0,0.0,0.0,0.0,0.0,0.0,0.0
-1224.0,-772.0,0.0,0.0,0.0,0.0,0.0,0.0,0.0,0.0,0.0,0.0
-1222.0,-772.0,0.0,0.0,0.0,0.0,0.0,0.0,0.0,0.0,0.0,0.0
-1220.0,-772.0,0.0,0.0,0.0,0.0,0.0,0.0,0.0,0.0,0.0,0.0
-1218.0,-772.0,0.0,0.0,0.0,0.0,0.0,0.0,0.0,0.0,0.0,0.0
-1216.0,-772.0,0.0,0.0,0.0,0.0,0.0,0.0,0.0,0.0,0.0,0.0
-1214.0,-772.0,0.0,0.0,0.0,0.0,0.0,0.0,0.0,0.0,0.0,0.0
-1212.0,-772.0,0.0,0.0,0.0,0.0,0.0,0.0,0.0,0.0,0.0,0.0
-1210.0,-772.0,0.0,0.0,0.0,0.0,0.0,0.0,0.0,0.0,0.0,0.0
-1208.0,-772.0,0.0,0.0,0.0,0.0,0.0,0.0,0.0,0.0,0.0,0.0
-1206.0,-772.0,0.0,0.0,0.0,0.0,0.0,0.0,0.0,0.0,0.0,0.0
-1204.0,-772.0,0.0,0.0,0.0,0.0,0.0,0.0,0.0,0.0,0.0,0.0
-1202.0,-772.0,0.0,0.0,0.0,0.0,0.0,0.0,0.0,0.0,0.0,0.0
-1600.0,-770.0,-109.818,8.76469e-07,87.846,40.3645,92.154,-139.635,-1600.0,-770.0,-1400.0,-600.0
-1598.0,-770.0,-109.767,8.71388e-07,87.8519,40.6489,92.1481,-139.351,-1598.0,-770.0,-1400.0,-600.0
-1596.0,-770.0,-109.716,8.66328e-07,87.858,40.9366,92.142,-139.063,-1596.0,-770.0,-1400.0,-600.0
-1594.0,-770.0,-109.665,8.61291e-07,87.8642,41.2277,92.1358,-138.772,-1594.0,-770.0,-1400.0,-600.0
-1592.0,-770.0,-109.615,8.56276e-07,87.8706,41.5222,92.1294,-138.478,-1592.0,-770.0,-1400.0,-600.0
-1590.0,-770.0,-109.564,8.51284e-07,87.877,41.8202,92.123,-138.18,-1590.0,-770.0,-1400.0,-600.0
-1588.0,-770.0,-109.513,8.46318e-07,87.8786,42.1216,92.1214,-137.878,-1588.0,-770.0,-1400.0,-600.0
-1586.0,-770.0,-109.462,8.41384e-07,87.8662,42.4266,92.1338,-137.573,-1586.0,-770.0,-1400.0,-600.0
-1584.0,-770.0,-109.41,8.36464e-07,87.8706,42.7352,92.1294,-137.265,-1584.0,-770.0,-1400.0,-600.0
-1582.0,-770.0,-109.359,8.31558e-07,87.8968,43.0475,92.1032,-136.953,-1582.0,-770.0,-1400.0,-600.0
-1580.0,-770.0,-109.308,8.26676e-07,87.9235,43.3634,92.0765,-136.637,-1580.0,-770.0,-1400.0,-600.0
-1578.0,-770.0,-109.256,8.2182e-07,87.9505,43.6831,92.0495,-136.317,-1578.0,-770.0,-1400.0,-600.0
-1576.0,-770.0,-109.205,8.1699e-07,87.9779,44.0065,92.0221,-135.993,-1576.0,-770.0,-1400.0,-600.0
-1574.0,-770.0,-109.154,8.12186e-07,88.0057,44.3338,91.9943,-135.666,-1574.0,-770.0,-1400.0,-600.0
-1572.0,-770.0,-109.102,8.0741e-07,88.0339,44.6649,91.9661,-135.335,-1572.0,-770.0,-1400.0,-600.0
-1570.0,-770.0,-109.051,8.02661e-07,88.0625,45.0,91.9375,-135.0,-1570.0,-770.0,-1400.0,-600.0
-1568.0,-770.0,-108.999,7.9794e-07,88.0915,45.339,91.9085,-134.661,-1568.0,-770.0,-1400.0,-600.0
-1566.0,-770.0,-108.948,7.93247e-07,88.1209,45.6821,91.8791,-134.318,-1566.0,-770.0,-1400.0,-600.0
-1564.0,-770.0,-108.897,7.88587e-07,88.1423,46.0292,91.8577,-133.971,-1564.0,-770.0,-1400.0,-600.0
-1562.0,-770.0,-108.845,7.83962e-07,88.1519,46.3804,91.8481,-133.62,-1562.0,-770.0,-1400.0,-600.0
-1560.0,-770.0,-108.794,7.79366e-07,88.1617,46.7357,91.8383,-133.264,-1560.0,-770.0,-1400.0,-600.0
-1558.0,-770.0,-108.743,7.74801e-07,88.1717,47.0953,91.8283,-132.905,-1558.0,-770.0,-1400.0,-600.0
-1556.0,-770.0,-108.692,7.70267e-07,88.1819,47.459,91.8181,-132.541,-1556.0,-770.0,-1400.0,-600.0
-1554.0,-770.0,-108.64,7.65764e-07,88.1923,47.8271,91.8077,-132.173,-1554.0,-770.0,-1400.0,-600.0
-1552.0,-770.0,-108.589,7.61293e-07,88.2029,48.1995,91.7971,-131.8,-1552.0,-770.0,-1400.0,-600.0
-1550.0,-770.0,-108.538,7.56855e-07,88.2137,48.5763,91.7863,-131.424,-1550.0,-770.0,-1400.0,-600.0
-1548.0,-770.0,-108.488,7.52449e-07,88.2247,48.9576,91.7753,-131.042,-1548.0,-770.0,-1400.0,-600.0
-1546.0,-770.0,-108.437,7.48078e-07,88.2359,49.3432,91.7641,-130.657,-1546.0,-770.0,-1400.0,-600.0
-1544.0,-770.0,-108.386,7.4374e-07,88.2473,49.7334,91.7527,-130.267,-1544.0,-770.0,-1400.0,-600.0
-1542.0,-770.0,-108.336,7.39438e-07,88.2589,50.1282,91.7411,-129.872,-1542.0,-770.0,-1400.0,-600.0
-1540.0,-770.0,-108.285,7.35171e-07,88.2708,50.5275,91.7292,-129.472,-1540.0,-770.0,-1400.0,-600.0
-1538.0,-770.0,-108.235,7.3094e-07,88.2829,50.9315,91.7171,-129.068,-1538.0,-770.0,-1400.0,-600.0
-1536.0,-770.0,-108.185,7.26759e-07,88.262,51.3402,91.738,-128.66,-1536.0,-770.0,-1400.0,-600.0
-1534.0,-770.0,-108.135,7.2262e-07,88.2297,51.7536,91.7703,-128.246,-1534.0,-770.0,-1400.0,-600.0
-1532.0,-770.0,-108.085,7.18518e-07,88.1971,52.1717,91.8029,-127.828,-1532.0,-770.0,-1400.0,-600.0
-1530.0,-770.0,-108.036,7.14456e-07,88.1642,52.5946,91.8358,-127.405,-1530.0,-770.0,-1400.0,-600.0
-1528.0,-770.0,-107.987,7.10433e-07,88.1311,53.0224,91.8689,-126.978,-1528.0,-770.0,-1400.0,-600.0
-1526.0,-770.0,-107.938,7.06451e-07,88.0977,53.455,91.9023,-126.545,-1526.0,-770.0,-1400.0,-600.0
-1524.0,-770.0,-107.889,7.02509e-07,88.0641,53.8925,91.9359,-126.107,-1524.0,-770.0,-1400.0,-600.0
-1522.0,-770.0,-107.841,6.98609e-07,88.0301,54.335,91.9699,-125.665,-1522.0,-770.0,-1400.0,-600.0
-1520.0,-770.0,-107.792,6.94751e-07,87.9959,54.7824,92.0041,-125.218,-1520.0,-770.0,-1400.0,-600.0
-1518.0,-770.0,-107.744,6.90937e-07,87.9615,55.2348,92.0385,-124.765,-1518.0,-770.0,-1400.0,-600.0
-1516.0,-770.0,-107.696,6.87151e-07,87.9606,55.6922,92.0394,-124.308,-1516.0,-770.0,-1400.0,-600.0
-1514.0,-770.0,-107.649,6.83405e-07,87.973,56.1547,92.027,-123.845,-1514.0,-770.0,-1400.0,-600.0
-1512.0,-770.0,-107.602,6.79712e-07,87.9644,56.6222,92.0356,-123.378,-1512.0,-770.0,-1400.0,-600.0
-1510.0,-770.0,-107.555,6.76066e-07,87.9514,57.0948,92.0486,-122.905,-1510.0,-770.0,-1400.0,-600.0
-1508.0,-770.0,-107.508,6.72477e-07,87.9164,57.5724,92.0836,-122.428,-1508.0,-770.0,-1400.0,-600.0
-1506.0,-770.0,-107.462,6.68935e-07,87.8812,58.0552,92.1188,-121.945,-1506.0,-770.0,-1400.0,-600.0
-1504.0,-770.0,-107.417,6.65441e-07,87.8458,58.5432,92.1542,-121.457,-1504.0,-770.0,-1400.0,-600.0
-1502.0,-770.0,-107.371,6.61996e-07,87.8102,59.0362,92.1898,-120.964,-1502.0,-770.0,-1400.0,-600.0
-1500.0,-770.0,-107.327,6.58601e-07,87.7744,59.5345,92.2256,-120.466,-1500.0,-770.0,-1400.0,-600.0
-1498.0,-770.0,-107.282,6.55256e-07,87.7383,60.0378,92.2617,-119.962,-1498.0,-770.0,-1400.0,-600.0
-1496.0,-770.0,-107.238,6.51963e-07,87.7021,60.5463,92.2979,-119.454,-1496.0,-770.0,-1400.0,-600.0
-1494.0,-770.0,-107.195,6.48721e-07,87.6657,61.06,92.3343,-118.94,-1494.0,-770.0,-1400.0,-600.0
-1492.0,-770.0,-107.152,6.45533e-07,87.6292,61.5788,92.3708,-118.421,-1492.0,-770.0,-1400.0,-600.0
-1490.0,-770.0,-107.11,6.42398e-07,87.5924,62.1027,92.4076,-117.897,-1490.0,-770.0,-1400.0,-600.0
-1488.0,-770.0,-107.068,6.39317e-07,87.5555,62.6318,92.4445,-117.368,-1488.0,-770.0,-1400.0,-600.0
-1486.0,-770.0,-107.026,6.36289e-07,87.5246,63.166,92.4754,-116.834,-1486.0,-770.0,-1400.0,-600.0
-1484.0,-770.0,-106.985,6.33308e-07,87.5129,63.7052,92.4871,-116.295,-1484.0,-770.0,-1400.0,-600.0
-1482.0,-770.0,-106.945,6.30383e-07,87.5013,64.2495,92.4987,-115.75,-1482.0,-770.0,-1400.0,-600.0
-1480.0,-770.0,-106.905,6.27515e-07,87.4899,64.7989,92.5101,-115.201,-1480.0,-770.0,-1400.0,-600.0
-1478.0,-770.0,-106.866,6.24705e-07,87.4786,65.3532,92.5214,-114.647,-1478.0,-770.0,-1400.0,-600.0
-1476.0,-770.0,-106.828,6.21955e-07,87.4674,65.9125,92.5326,-114.087,-1476.0,-770.0,-1400.0,-600.0
-1474.0,-770.0,-106.79,6.19264e-07,87.4564,66.4768,92.5436,-113.523,-1474.0,-770.0,-1400.0,-600.0
-1472.0,-770.0,-106.753,6.16633e-07,87.4455,67.0459,92.5545,-112.954,-1472.0,-770.0,-1400.0,-600.0
-1470.0,-770.0,-106.717,6.14064e-07,87.4348,67.6199,92.5652,-112.38,-1470.0,-770.0,-1400.0,-600.0
-1468.0,-770.0,-106.681,6.11557e-07,87.4243,68.1986,92.5757,-111.801,-1468.0,-770.0,-1400.0,-600.0
-1466.0,-770.0,-106.646,6.09115e-07,87.4084,68.782,92.5916,-111.218,-1466.0,-770.0,-1400.0,-600.0
-1464.0,-770.0,-106.612,6.06747e-07,87.3717,69.3701,92.6283,-110.63,-1464.0,-770.0,-1400.0,-600.0
-1462.0,-770.0,-106.579,6.04438e-07,87.3454,69.9628,92.6546,-110.037,-1462.0,-770.0,-1400.0,-600.0
-1460.0,-770.0,-106.547,6.02187e-07,87.3355,70.56,92.6645,-109.44,-1460.0,-770.0,-1400.0,-600.0
-1458.0,-770.0,-106.515,6.00001e-07,87.3258,71.1616,92.6742,-108.838,-1458.0,-770.0,-1400.0,-600.0
-1456.0,-770.0,-106.484,5.97882e-07,87.3163,71.7675,92.6837,-108.232,-1456.0,-770.0,-1400.0,-600.0
-1454.0,-770.0,-106.454,5.9583e-07,87.307,72.3777,92.693,-107.622,-1454.0,-770.0,-1400.0,-600.0
-1452.0,-770.0,-106.425,5.93846e-07,87.298,72.9921,92.702,-107.008,-1452.0,-770.0,-1400.0,-600.0
-1450.0,-770.0,-106.397,5.91931e-07,87.2893,73.6105,92.7107,-106.39,-1450.0,-770.0,-1400.0,-600.0
-1448.0,-770.0,-106.37,5.90084e-07,87.2808,74.2328,92.7192,-105.767,-1448.0,-770.0,-1400.0,-600.0
-1446.0,-770.0,-106.343,5.88308e-07,87.2726,74.859,92.7274,-105.141,-1446.0,-770.0,-1400.0,-600.0
-1444.0,-770.0,-106.318,5.86602e-07,87.2646,75.4889,92.7354,-104.511,-1444.0,-770.0,-1400.0,-600.0
-1442.0,-770.0,-113.242,5.84978e-07,87.237,76.133,92.763,-103.963,-1404.61,-618.561,-1404.61,-618.561
-1440.0,-770.0,-119.008,5.83448e-07,87.1743,76.8483,92.8257,-103.963,-1404.61,-618.561,-1404.61,-618.561
-1438.0,-770.0,-121.73,1.24343e-06,88.6557,83.1986,91.3443,86.5621,-1397.9,-565.008,-1405.79,-499.953
-1436.0,-770.0,-122.178,1.24267e-06,88.6419,83.5042,91.3581,86.8677,-1397.96,-562.808,-1405.25,-499.952
-1434.0,-770.0,-122.607,1.24193e-06,88.6281,83.8102,91.3719,87.1737,-1398.04,-560.311,-1404.71,-499.952
-1432.0,-770.0,-123.005,1.24124e-06,88.6143,84.1165,91.3857,87.48,-1398.13,-557.452,-1404.17,-499.951
-1430.0,-770.0,-124.027,1.34392e-06,88.7082,87.5271,91.2918,98.6955,-1417.67,-484.472,-1417.67,-484.472
-1428.0,-770.0,-124.147,1.23879e-06,88.5855,85.7051,91.4145,94.4122,-1407.72,-499.955,-1407.72,-499.955
-1426.0,-770.0,-124.202,1.23832e-06,88.572,86.0131,91.428,94.1042,-1407.18,-499.954,-1407.18,-499.954
-1424.0,-770.0,-124.207,1.23788e-06,88.5584,86.3213,91.4416,93.7959,-1406.64,-499.954,-1406.64,-499.954
-1422.0,-770.0,-124.174,1.23748e-06,88.5449,86.6298,91.4551,93.4875,-1406.1,-499.953,-1406.1,-499.953
-1420.0,-770.0,-122.483,1.08426e-06,88.3243,85.1216,91.6757,87.8152,-1397.58,-536.642,-1398.93,-523.101
-1418.0,-770.0,-124.03,1.23678e-06,88.5247,87.2473,91.4753,92.87,-1405.02,-499.952,-1405.02,-499.952
-1416.0,-770.0,-123.936,1.23647e-06,88.5243,87.5562,91.4757,92.5611,-1404.48,-499.952,-1404.48,-499.952
-1414.0,-770.0,-123.839,1.23621e-06,88.524,87.8654,91.476,92.2519,-1403.93,-499.951,-1403.93,-499.951
-1412.0,-770.0,-123.746,1.23598e-06,88.5238,88.1746,91.4762,91.9427,-1403.39,-499.951,-1403.39,-499.951
-1410.0,-770.0,-123.659,1.23578e-06,88.5235,88.484,91.4765,91.6333,-1402.85,-499.95,-1402.85,-499.95
-1408.0,-770.0,-123.584,1.23562e-06,88.5233,88.7934,91.4767,91.3239,-1402.31,-499.949,-1402.31,-499.949
-1406.0,-770.0,-131.082,1.34726e-06,88.6457,95.9215,91.3543,99.5595,-1419.44,-484.568,-1425.26,-584.337
-1404.0,-770.0,-138.64,1.34798e-06,88.6464,96.5315,91.3536,99.5595,-1419.44,-484.568,-1425.26,-584.337
-1402.0,-770.0,-145.499,1.34878e-06,88.6472,97.1399,91.3528,99.5595,-1419.44,-484.568,-1425.26,-584.337
-1400.0,-770.0,-149.743,1.34964e-06,88.6481,97.7468,91.3519,99.5595,-1419.44,-484.568,-1425.26,-584.337
-1398.0,-770.0,-121.234,1.35463e-06,88.6531,98.2087,91.3469,81.747,-1396.73,-577.471,-1425.35,-580.414
-1396.0,-770.0,-136.159,1.35561e-06,88.6541,98.5519,91.3459,82.4644,-1396.79,-575.704,-1425.5,-573.796
-1394.0,-770.0,-157.326,1.35265e-06,88.6511,99.5563,91.3489,99.5595,-1419.44,-484.568,-1425.26,-584.337
-1392.0,-770.0,-157.19,7.29225e-07,87.4974,100.155,92.5026,148.195,-1425.26,-584.337,-1425.26,-584.337
-1390.0,-770.0,-184.524,9.40272e-07,88.0741,115.132,91.9259,169.301,-1476.53,-585.541,-1476.53,-585.541
-1388.0,-770.0,-182.521,2.37455e-06,89.2443,112.492,90.7557,-124.21,-1548.4,-818.284,-1464.49,-585.258
-1386.0,-770.0,-176.155,2.3971e-06,89.2582,114.098,90.7418,-124.304,-1548.93,-818.293,-1468.59,-585.354
-1384.0,-770.0,-174.923,2.39984e-06,89.2657,114.334,90.7343,-124.304,-1548.93,-818.293,-1467.51,-585.329
-1382.0,-770.0,-173.737,2.4026e-06,89.2733,114.569,90.7267,-124.304,-1548.93,-818.293,-1466.44,-585.304
-1380.0,-770.0,-163.765,1.19601e-06,86.7203,32.7356,65.8344,27.3648,-1380.1,-589.701,-1239.87,-679.915
-1378.0,-770.0,-163.092,1.19039e-06,86.7193,32.9096,65.7219,27.5094,-1380.23,-589.705,-1239.87,-680.607
-1376.0,-770.0,-162.54,1.18479e-06,86.7183,33.0853,65.6085,27.6555,-1380.36,-589.709,-1239.87,-681.308
-1374.0,-770.0,-162.101,1.17919e-06,86.7174,33.2627,65.4942,27.8034,-1380.49,-589.713,-1239.87,-682.018
-1372.0,-770.0,-161.762,1.17361e-06,86.7165,33.4418,65.379,27.9529,-1380.62,-589.717,-1239.87,-682.738
-1370.0,-770.0,-161.51,1.16804e-06,86.7156,33.6225,65.2628,28.1041,-1380.75,-589.721,-1239.87,-683.468
-1368.0,-770.0,-161.335,1.16248e-06,86.7147,33.805,65.1456,28.257,-1380.88,-589.725,-1239.87,-684.208
-1366.0,-770.0,-134.218,1.22273e-06,88.6776,38.513,91.3224,-35.9954,-1376.1,-617.359,-1239.87,-669.623
-1364.0,-770.0,-137.311,1.21751e-06,88.6852,38.7586,91.3148,-35.9954,-1376.1,-617.359,-1239.87,-670.343
-1362.0,-770.0,-140.315,1.21231e-06,88.6929,39.0069,91.3071,-35.9954,-1376.1,-617.359,-1239.87,-671.075
-1360.0,-770.0,-143.436,1.20713e-06,88.7006,39.2578,91.2994,-35.9954,-1376.1,-617.359,-1239.87,-671.821
-1358.0,-770.0,-146.858,1.20197e-06,88.7085,39.5115,91.2915,-35.9954,-1376.1,-617.359,-1239.87,-672.58
-1356.0,-770.0,-161.282,1.12939e-06,86.71,34.9376,64.4219,29.2129,-1381.67,-589.749,-1239.87,-688.874
-1354.0,-770.0,-161.316,1.12392e-06,86.7094,35.1328,64.2978,29.3788,-1381.8,-589.753,-1239.87,-689.691
-1352.0,-770.0,-161.319,1.11846e-06,86.7087,35.33,64.1727,29.5468,-1381.93,-589.757,-1239.87,-690.52
-1350.0,-770.0,-161.277,1.11302e-06,86.7081,35.529,64.0465,29.7167,-1382.06,-589.761,-1239.87,-691.362
-1348.0,-770.0,-161.185,1.10758e-06,86.7076,35.73,63.9193,29.8886,-1382.19,-589.765,-1239.87,-692.216
-1346.0,-770.0,-161.044,1.10217e-06,86.707,35.933,63.791,30.0627,-1382.32,-589.769,-1239.87,-693.083
-1344.0,-770.0,-160.866,1.09677e-06,86.7011,36.138,63.6615,30.2392,-1382.46,-589.773,-1239.87,-693.963
-1342.0,-770.0,-160.669,1.09141e-06,86.6689,36.3449,63.5297,30.4193,-1382.59,-589.777,-1239.87,-694.856
-1340.0,-770.0,-160.98,1.20159e-06,87.2645,43.4344,82.8765,44.7275,-1389.91,-590.001,-1239.87,-675.197
-1338.0,-770.0,-159.272,1.19677e-06,87.2375,43.6542,82.8481,44.948,-1389.99,-590.003,-1239.87,-676.374
-1336.0,-770.0,-157.911,1.19197e-06,87.2104,43.8758,82.8196,45.1703,-1390.07,-590.006,-1239.87,-677.569
-1334.0,-770.0,-156.864,1.18719e-06,87.183,44.0992,82.7909,45.3944,-1390.14,-590.008,-1239.87,-678.784
-1332.0,-770.0,-156.079,1.18243e-06,87.1555,44.3244,82.7622,45.6204,-1390.22,-590.011,-1239.87,-680.017
-1330.0,-770.0,-155.505,1.17768e-06,87.1278,44.5514,82.7333,45.8482,-1390.3,-590.013,-1239.87,-681.27
-1328.0,-770.0,-155.105,1.17295e-06,87.0999,44.7802,82.7043,46.0779,-1390.38,-590.016,-1239.87,-682.544
-1326.0,-770.0,-154.853,1.16825e-06,87.0718,45.011,82.6751,46.3094,-1390.46,-590.018,-1239.87,-683.837
-1324.0,-770.0,-154.737,1.16356e-06,87.0414,45.2435,82.6459,46.543,-1390.54,-590.021,-1239.87,-685.152
-1322.0,-770.0,-168.781,1.03012e-06,88.4071,45.5533,91.5929,-9.41385,-1309.77,-614.96,-1239.87,-686.269
-1320.0,-770.0,-169.028,1.02548e-06,88.3736,45.9324,91.6264,-9.41385,-1309.77,-614.96,-1239.87,-687.219
-1318.0,-770.0,-169.561,1.02086e-06,88.3504,46.3165,91.6496,-9.41385,-1309.77,-614.96,-1239.87,-688.195
-1316.0,-770.0,-169.872,1.67303e-06,88.9839,-168.263,91.0161,-124.21,-1548.4,-818.284,-1548.4,-818.284
-1314.0,-770.0,-162.184,1.53411e-06,88.8813,60.7292,91.1187,-43.396,-1381.4,-617.583,-1239.86,-637.731
-1312.0,-770.0,-162.322,1.53087e-06,88.8684,60.9825,91.1316,-43.396,-1381.4,-617.583,-1239.86,-639.956
-1310.0,-770.0,-162.486,1.52765e-06,88.8555,61.237,91.1445,-43.396,-1381.4,-617.583,-1239.86,-642.227
-1308.0,-770.0,-162.676,1.52446e-06,88.8425,61.4927,91.1575,-43.396,-1381.4,-617.583,-1239.86,-644.547
-1306.0,-770.0,-162.893,1.52129e-06,88.8295,61.7497,91.1705,-43.396,-1381.4,-617.583,-1239.86,-646.917
-1304.0,-770.0,-163.139,1.51815e-06,88.8164,62.0079,91.1836,-43.396,-1381.4,-617.583,-1239.86,-649.339
-1302.0,-770.0,-163.419,1.51504e-06,88.8033,62.2674,91.1967,-43.396,-1381.4,-617.583,-1239.87,-651.814
-1300.0,-770.0,-163.739,1.51195e-06,88.7933,62.5281,91.2067,-43.396,-1381.4,-617.583,-1239.87,-654.344
-1298.0,-770.0,-164.109,1.50889e-06,88.7908,62.79,91.2092,-43.396,-1381.4,-617.583,-1239.87,-656.932
-1296.0,-770.0,-155.548,1.27336e-06,83.1147,39.26,88.6302,-33.5818,-1373.99,-617.27,-1195.99,-688.262
-1294.0,-770.0,-155.642,1.26827e-06,82.9605,39.4629,88.6335,-33.768,-1374.16,-617.277,-1195.96,-689.29
-1292.0,-770.0,-155.856,1.2632e-06,82.8007,39.6682,88.637,-33.9556,-1374.33,-617.284,-1195.93,-690.33
-1290.0,-770.0,-156.207,1.25815e-06,82.6349,39.8762,88.6404,-34.1446,-1374.5,-617.292,-1195.9,-691.384
-1288.0,-770.0,-156.722,1.25312e-06,82.4628,40.0868,88.6439,-34.3349,-1374.67,-617.299,-1195.86,-692.45
-1286.0,-770.0,-157.434,1.2481e-06,82.2841,40.3002,88.6475,-34.5265,-1374.84,-617.306,-1195.83,-693.53
-1284.0,-770.0,-158.371,1.24311e-06,82.0983,40.5165,88.6511,-34.7196,-1375.01,-617.313,-1195.8,-694.623
-1282.0,-770.0,-159.504,1.23813e-06,81.9051,40.7359,88.6547,-34.9139,-1375.18,-617.32,-1195.76,-695.73
-1280.0,-770.0,-160.627,1.23317e-06,81.7038,40.9585,88.6583,-35.1097,-1375.35,-617.328,-1195.73,-696.85
-1278.0,-770.0,-161.237,1.22824e-06,81.494,41.1845,88.6621,-35.3068,-1375.52,-617.335,-1195.69,-697.985
-1276.0,-770.0,-158.223,1.89735e-06,88.0246,63.0846,83.6747,117.629,-1429.35,-543.929,-1239.87,-698.837
-1274.0,-770.0,-158.845,1.89434e-06,88.0195,63.2648,83.7138,117.452,-1429.36,-543.487,-1239.87,-702.25
-1272.0,-770.0,-159.581,1.89135e-06,88.0144,63.4456,83.7531,117.276,-1429.37,-543.037,-1239.87,-705.718
-1270.0,-770.0,-167.755,1.47361e-06,88.6518,67.7197,91.3482,-43.3117,-1381.35,-617.58,-1239.87,-696.469
-1268.0,-770.0,-166.59,1.4711e-06,88.6495,68.0167,91.3505,-43.3117,-1381.35,-617.58,-1239.87,-700.325
-1266.0,-770.0,-165.639,1.46862e-06,88.6472,68.3149,91.3528,-43.3117,-1381.35,-617.58,-1239.87,-704.297
-1264.0,-770.0,-169.527,1.27421e-06,88.4408,108.072,91.5592,15.8832,-1361.84,-589.142,-1309.31,-631.135
-1262.0,-770.0,-169.605,1.27632e-06,88.4434,108.815,91.5566,15.8832,-1361.84,-589.142,-1309.31,-631.135
-1260.0,-770.0,-169.714,1.27851e-06,88.446,109.551,91.554,15.8832,-1361.84,-589.142,-1309.31,-631.135
-1258.0,-770.0,-169.862,1.28078e-06,88.4488,110.28,91.5512,15.8832,-1361.84,-589.142,-1309.31,-631.135
-1256.0,-770.0,-170.063,1.28313e-06,88.4566,111.003,91.5434,15.8832,-1361.84,-589.142,-1309.31,-631.135
-1254.0,-770.0,-170.323,1.28555e-06,88.472,111.719,91.528,15.8832,-1361.84,-589.142,-1309.31,-631.135
-1252.0,-770.0,-170.625,1.28805e-06,88.4875,112.427,91.5125,15.8832,-1361.84,-589.142,-1309.31,-631.135
-1250.0,-770.0,-170.875,1.29063e-06,88.5031,113.129,91.4969,15.8832,-1361.84,-589.142,-1309.31,-631.135
-1248.0,-770.0,-162.173,1.4313e-06,88.6615,106.378,91.3385,-43.3117,-1381.35,-617.58,-1325.52,-506.228
-1246.0,-770.0,-162.102,1.4332e-06,88.6745,106.696,91.3255,-43.3117,-1381.35,-617.58,-1325.12,-506.22
-1244.0,-770.0,-162.044,1.43512e-06,88.6876,107.013,91.3124,-43.3117,-1381.35,-617.58,-1324.72,-506.212
-1242.0,-770.0,-162.001,1.43709e-06,88.7006,107.329,91.2994,-43.3117,-1381.35,-617.58,-1324.31,-506.204
-1240.0,-770.0,-161.973,1.43909e-06,88.7136,107.644,91.2864,-43.3117,-1381.35,-617.58,-1323.91,-506.196
-1238.0,-770.0,-161.961,1.44112e-06,88.7266,107.958,91.2734,-43.3117,-1381.35,-617.58,-1323.5,-506.188
-1236.0,-770.0,0.0,0.0,0.0,0.0,0.0,0.0,0.0,0.0,0.0,0.0
-1234.0,-770.0,0.0,0.0,0.0,0.0,0.0,0.0,0.0,0.0,0.0,0.0
-1232.0,-770.0,0.0,0.0,0.0,0.0,0.0,0.0,0.0,0.0,0.0,0.0
-1230.0,-770.0,0.0,0.0,0.0,0.0,0.0,0.0,0.0,0.0,0.0,0.0
-1228.0,-770.0,0.0,0.0,0.0,0.0,0.0,0.0,0.0,0.0,0.0,0.0
-1226.0,-770.0,0.0,0.0,0.0,0.0,0.0,0.0,0.0,0.0,0.0,0.0
-1224.0,-770.0,0.0,0.0,0.0,0.0,0.0,0.0,0.0,0.0,0.0,0.0
-1222.0,-770.0,0.0,0.0,0.0,0.0,0.0,0.0,0.0,0.0,0.0,0.0
-1220.0,-770.0,0.0,0.0,0.0,0.0,0.0,0.0,0.0,0.0,0.0,0.0
-1218.0,-770.0,0.0,0.0,0.0,0.0,0.0,0.0,0.0,0.0,0.0,0.0
-1216.0,-770.0,0.0,0.0,0.0,0.0,0.0,0.0,0.0,0.0,0.0,0.0
-1214.0,-770.0,0.0,0.0,0.0,0.0,0.0,0.0,0.0,0.0,0.0,0.0
-1212.0,-770.0,0.0,0.0,0.0,0.0,0.0,0.0,0.0,0.0,0.0,0.0
-1210.0,-770.0,0.0,0.0,0.0,0.0,0.0,0.0,0.0,0.0,0.0,0.0
-1208.0,-770.0,0.0,0.0,0.0,0.0,0.0,0.0,0.0,0.0,0.0,0.0
-1206.0,-770.0,0.0,0.0,0.0,0.0,0.0,0.0,0.0,0.0,0.0,0.0
-1204.0,-770.0,0.0,0.0,0.0,0.0,0.0,0.0,0.0,0.0,0.0,0.0
-1202.0,-770.0,0.0,0.0,0.0,0.0,0.0,0.0,0.0,0.0,0.0,0.0
-1600.0,-768.0,-109.775,8.72181e-07,87.807,40.0303,92.193,-139.97,-1600.0,-768.0,-1400.0,-600.0
-1598.0,-768.0,-109.724,8.67075e-07,87.8127,40.3141,92.1873,-139.686,-1598.0,-768.0,-1400.0,-600.0
-1596.0,-768.0,-109.673,8.6199e-07,87.8185,40.6013,92.1815,-139.399,-1596.0,-768.0,-1400.0,-600.0
-1594.0,-768.0,-109.621,8.56927e-07,87.8244,40.8919,92.1756,-139.108,-1594.0,-768.0,-1400.0,-600.0
-1592.0,-768.0,-109.57,8.51886e-07,87.8305,41.1859,92.1695,-138.814,-1592.0,-768.0,-1400.0,-600.0
-1590.0,-768.0,-109.518,8.46868e-07,87.8367,41.4835,92.1633,-138.517,-1590.0,-768.0,-1400.0,-600.0
-1588.0,-768.0,-109.467,8.41874e-07,87.8431,41.7845,92.1569,-138.215,-1588.0,-768.0,-1400.0,-600.0
-1586.0,-768.0,-109.415,8.36907e-07,87.84,42.0892,92.16,-137.911,-1586.0,-768.0,-1400.0,-600.0
-1584.0,-768.0,-109.363,8.31961e-07,87.8442,42.3974,92.1558,-137.603,-1584.0,-768.0,-1400.0,-600.0
-1582.0,-768.0,-109.311,8.27028e-07,87.8703,42.7094,92.1297,-137.291,-1582.0,-768.0,-1400.0,-600.0
-1580.0,-768.0,-109.26,8.22119e-07,87.8969,43.0251,92.1031,-136.975,-1580.0,-768.0,-1400.0,-600.0
-1578.0,-768.0,-109.208,8.17236e-07,87.9239,43.3445,92.0761,-136.655,-1578.0,-768.0,-1400.0,-600.0
-1576.0,-768.0,-109.156,8.12378e-07,87.9512,43.6678,92.0488,-136.332,-1576.0,-768.0,-1400.0,-600.0
-1574.0,-768.0,-109.104,8.07547e-07,87.9789,43.9949,92.0211,-136.005,-1574.0,-768.0,-1400.0,-600.0
-1572.0,-768.0,-109.052,8.02743e-07,88.007,44.326,91.993,-135.674,-1572.0,-768.0,-1400.0,-600.0
-1570.0,-768.0,-109.0,7.97966e-07,88.0356,44.661,91.9644,-135.339,-1570.0,-768.0,-1400.0,-600.0
-1568.0,-768.0,-108.948,7.93217e-07,88.0645,45.0,91.9355,-135.0,-1568.0,-768.0,-1400.0,-600.0
-1566.0,-768.0,-108.896,7.88496e-07,88.0939,45.3431,91.9061,-134.657,-1566.0,-768.0,-1400.0,-600.0
-1564.0,-768.0,-108.843,7.83804e-07,88.1237,45.6903,91.8763,-134.31,-1564.0,-768.0,-1400.0,-600.0
-1562.0,-768.0,-108.792,7.79147e-07,88.1405,46.0416,91.8595,-133.958,-1562.0,-768.0,-1400.0,-600.0
-1560.0,-768.0,-108.74,7.74523e-07,88.1502,46.3972,91.8498,-133.603,-1560.0,-768.0,-1400.0,-600.0
-1558.0,-768.0,-108.688,7.69929e-07,88.1601,46.757,91.8399,-133.243,-1558.0,-768.0,-1400.0,-600.0
-1556.0,-768.0,-108.636,7.65366e-07,88.1702,47.1211,91.8298,-132.879,-1556.0,-768.0,-1400.0,-600.0
-1554.0,-768.0,-108.584,7.60834e-07,88.1806,47.4896,91.8194,-132.51,-1554.0,-768.0,-1400.0,-600.0
-1552.0,-768.0,-108.532,7.56334e-07,88.1911,47.8624,91.8089,-132.138,-1552.0,-768.0,-1400.0,-600.0
-1550.0,-768.0,-108.481,7.51866e-07,88.2018,48.2397,91.7982,-131.76,-1550.0,-768.0,-1400.0,-600.0
-1548.0,-768.0,-108.429,7.47431e-07,88.2127,48.6215,91.7873,-131.379,-1548.0,-768.0,-1400.0,-600.0
-1546.0,-768.0,-108.378,7.4303e-07,88.2239,49.0078,91.7761,-130.992,-1546.0,-768.0,-1400.0,-600.0
-1544.0,-768.0,-108.326,7.38663e-07,88.2352,49.3987,91.7648,-130.601,-1544.0,-768.0,-1400.0,-600.0
-1542.0,-768.0,-108.275,7.34331e-07,88.2468,49.7942,91.7532,-130.206,-1542.0,-768.0,-1400.0,-600.0
-1540.0,-768.0,-108.224,7.30034e-07,88.2586,50.1944,91.7414,-129.806,-1540.0,-768.0,-1400.0,-600.0
-1538.0,-768.0,-108.173,7.25774e-07,88.2706,50.5993,91.7294,-129.401,-1538.0,-768.0,-1400.0,-600.0
-1536.0,-768.0,-108.122,7.21562e-07,88.2495,51.009,91.7505,-128.991,-1536.0,-768.0,-1400.0,-600.0
-1534.0,-768.0,-108.072,7.17393e-07,88.2168,51.4235,91.7832,-128.577,-1534.0,-768.0,-1400.0,-600.0
-1532.0,-768.0,-108.021,7.13262e-07,88.1838,51.8428,91.8162,-128.157,-1532.0,-768.0,-1400.0,-600.0
-1530.0,-768.0,-107.971,7.09169e-07,88.1506,52.267,91.8494,-127.733,-1530.0,-768.0,-1400.0,-600.0
-1528.0,-768.0,-107.921,7.05116e-07,88.117,52.6961,91.883,-127.304,-1528.0,-768.0,-1400.0,-600.0
-1526.0,-768.0,-107.872,7.01104e-07,88.0832,53.1301,91.9168,-126.87,-1526.0,-768.0,-1400.0,-600.0
-1524.0,-768.0,-107.822,6.97132e-07,88.0491,53.5691,91.9509,-126.431,-1524.0,-768.0,-1400.0,-600.0
-1522.0,-768.0,-107.773,6.93201e-07,88.0148,54.0132,91.9852,-125.987,-1522.0,-768.0,-1400.0,-600.0
-1520.0,-768.0,-107.724,6.89314e-07,87.9801,54.4623,92.0199,-125.538,-1520.0,-768.0,-1400.0,-600.0
-1518.0,-768.0,-107.675,6.85469e-07,87.9452,54.9165,92.0548,-125.083,-1518.0,-768.0,-1400.0,-600.0
-1516.0,-768.0,-107.627,6.81668e-07,87.9101,55.3758,92.0899,-124.624,-1516.0,-768.0,-1400.0,-600.0
-1514.0,-768.0,-107.578,6.77891e-07,87.92,55.8403,92.08,-124.16,-1514.0,-768.0,-1400.0,-600.0
-1512.0,-768.0,-107.53,6.74168e-07,87.9109,56.3099,92.0891,-123.69,-1512.0,-768.0,-1400.0,-600.0
-1510.0,-768.0,-107.483,6.70501e-07,87.879,56.7847,92.121,-123.215,-1510.0,-768.0,-1400.0,-600.0
-1508.0,-768.0,-107.436,6.66881e-07,87.8433,57.2648,92.1567,-122.735,-1508.0,-768.0,-1400.0,-600.0
-1506.0,-768.0,-107.389,6.6331e-07,87.8073,57.75,92.1927,-122.25,-1506.0,-768.0,-1400.0,-600.0
-1504.0,-768.0,-107.342,6.59786e-07,87.7711,58.2405,92.2289,-121.759,-1504.0,-768.0,-1400.0,-600.0
-1502.0,-768.0,-107.296,6.56312e-07,87.7347,58.7363,92.2653,-121.264,-1502.0,-768.0,-1400.0,-600.0
-1500.0,-768.0,-107.251,6.52888e-07,87.698,59.2373,92.302,-120.763,-1500.0,-768.0,-1400.0,-600.0
-1498.0,-768.0,-107.206,6.49514e-07,87.6612,59.7436,92.3388,-120.256,-1498.0,-768.0,-1400.0,-600.0
-1496.0,-768.0,-107.161,6.46191e-07,87.6241,60.2551,92.3759,-119.745,-1496.0,-768.0,-1400.0,-600.0
-1494.0,-768.0,-107.117,6.42921e-07,87.5869,60.7719,92.4131,-119.228,-1494.0,-768.0,-1400.0,-600.0
-1492.0,-768.0,-107.073,6.39704e-07,87.5495,61.294,92.4505,-118.706,-1492.0,-768.0,-1400.0,-600.0
-1490.0,-768.0,-107.03,6.36541e-07,87.5119,61.8214,92.4881,-118.179,-1490.0,-768.0,-1400.0,-600.0
-1488.0,-768.0,-106.987,6.33432e-07,87.4743,62.354,92.5257,-117.646,-1488.0,-768.0,-1400.0,-600.0
-1486.0,-768.0,-106.945,6.30366e-07,87.462,62.8919,92.538,-117.108,-1486.0,-768.0,-1400.0,-600.0
-1484.0,-768.0,-106.903,6.27356e-07,87.4498,63.4349,92.5502,-116.565,-1484.0,-768.0,-1400.0,-600.0
-1482.0,-768.0,-106.862,6.24404e-07,87.4378,63.9832,92.5622,-116.017,-1482.0,-768.0,-1400.0,-600.0
-1480.0,-768.0,-106.822,6.21508e-07,87.4258,64.5367,92.5742,-115.463,-1480.0,-768.0,-1400.0,-600.0
-1478.0,-768.0,-106.782,6.18671e-07,87.414,65.0952,92.586,-114.905,-1478.0,-768.0,-1400.0,-600.0
-1476.0,-768.0,-106.743,6.15894e-07,87.4023,65.6589,92.5977,-114.341,-1476.0,-768.0,-1400.0,-600.0
-1474.0,-768.0,-106.704,6.13176e-07,87.3908,66.2277,92.6092,-113.772,-1474.0,-768.0,-1400.0,-600.0
-1472.0,-768.0,-106.666,6.10519e-07,87.3794,66.8014,92.6206,-113.199,-1472.0,-768.0,-1400.0,-600.0
-1470.0,-768.0,-106.629,6.07924e-07,87.3682,67.3801,92.6318,-112.62,-1470.0,-768.0,-1400.0,-600.0
-1468.0,-768.0,-106.593,6.05392e-07,87.3572,67.9638,92.6428,-112.036,-1468.0,-768.0,-1400.0,-600.0
-1466.0,-768.0,-106.557,6.02925e-07,87.3408,68.5523,92.6592,-111.448,-1466.0,-768.0,-1400.0,-600.0
-1464.0,-768.0,-106.523,6.00531e-07,87.3075,69.1455,92.6925,-110.854,-1464.0,-768.0,-1400.0,-600.0
-1462.0,-768.0,-106.489,5.9819e-07,87.297,69.7435,92.703,-110.256,-1462.0,-768.0,-1400.0,-600.0
-1460.0,-768.0,-106.455,5.95915e-07,87.2867,70.3462,92.7133,-109.654,-1460.0,-768.0,-1400.0,-600.0
-1458.0,-768.0,-106.423,5.93706e-07,87.2766,70.9534,92.7234,-109.047,-1458.0,-768.0,-1400.0,-600.0
-1456.0,-768.0,-106.392,5.91565e-07,87.2667,71.5651,92.7333,-108.435,-1456.0,-768.0,-1400.0,-600.0
-1454.0,-768.0,-106.361,5.89491e-07,87.2571,72.1811,92.7429,-107.819,-1454.0,-768.0,-1400.0,-600.0
-1452.0,-768.0,-106.331,5.87485e-07,87.2477,72.8015,92.7523,-107.199,-1452.0,-768.0,-1400.0,-600.0
-1450.0,-768.0,-106.303,5.85549e-07,87.2386,73.426,92.7614,-106.574,-1450.0,-768.0,-1400.0,-600.0
-1448.0,-768.0,-106.275,5.83683e-07,87.2297,74.0546,92.7703,-105.945,-1448.0,-768.0,-1400.0,-600.0
-1446.0,-768.0,-106.248,5.81887e-07,87.2212,74.6872,92.7788,-105.313,-1446.0,-768.0,-1400.0,-600.0
-1444.0,-768.0,-106.222,5.80162e-07,87.2129,75.3236,92.7871,-104.676,-1444.0,-768.0,-1400.0,-600.0
-1442.0,-768.0,-106.197,5.78519e-07,87.1847,75.9638,92.8153,-104.036,-1442.0,-768.0,-1400.0,-600.0
-1440.0,-768.0,-117.673,5.76966e-07,87.13,76.6786,92.87,-103.963,-1404.61,-618.561,-1404.61,-618.561
-1438.0,-768.0,-121.625,1.23681e-06,88.6485,83.162,91.3515,86.5255,-1397.89,-565.255,-1405.86,-499.953
-1436.0,-768.0,-122.077,1.23604e-06,88.6346,83.4692,91.3654,86.8327,-1397.96,-563.074,-1405.31,-499.953
-1434.0,-768.0,-122.512,1.2353e-06,88.6207,83.7768,91.3793,87.1403,-1398.03,-560.6,-1404.77,-499.952
-1432.0,-768.0,-122.916,1.2346e-06,88.6069,84.0848,91.3931,87.4483,-1398.12,-557.768,-1404.23,-499.951
-1430.0,-768.0,-123.278,1.23394e-06,88.5931,84.3931,91.4069,87.7566,-1398.22,-554.495,-1403.68,-499.951
-1428.0,-768.0,-124.093,1.23214e-06,88.5779,85.6819,91.4221,94.4354,-1407.76,-499.955,-1407.76,-499.955
-1426.0,-768.0,-124.152,1.23166e-06,88.5642,85.9915,91.4358,94.1258,-1407.22,-499.955,-1407.22,-499.955
-1424.0,-768.0,-124.161,1.23122e-06,88.5506,86.3014,91.4494,93.8159,-1406.67,-499.954,-1406.67,-499.954
-1422.0,-768.0,-124.13,1.23082e-06,88.537,86.6115,91.463,93.5058,-1406.13,-499.953,-1406.13,-499.953
-1420.0,-768.0,-122.398,1.07761e-06,88.314,85.0914,91.686,87.785,-1397.57,-537.126,-1398.97,-523.101
-1418.0,-768.0,-123.988,1.23011e-06,88.5167,87.2323,91.4833,92.885,-1405.04,-499.952,-1405.04,-499.952
-1416.0,-768.0,-123.895,1.22981e-06,88.5163,87.543,91.4837,92.5743,-1404.5,-499.952,-1404.5,-499.952
-1414.0,-768.0,-123.797,1.22954e-06,88.516,87.8538,91.484,92.2635,-1403.95,-499.951,-1403.95,-499.951
-1412.0,-768.0,-123.703,1.22931e-06,88.5157,88.1647,91.4843,91.9526,-1403.41,-499.951,-1403.41,-499.951
-1410.0,-768.0,-123.616,1.22911e-06,88.5155,88.4757,91.4845,91.6416,-1402.87,-499.95,-1402.87,-499.95
-1408.0,-768.0,-123.54,1.22895e-06,88.5153,88.7869,91.4847,91.3304,-1402.32,-499.949,-1402.32,-499.949
-1406.0,-768.0,-129.762,1.34062e-06,88.639,95.9856,91.361,99.5595,-1419.44,-484.568,-1425.26,-584.337
-1404.0,-768.0,-139.638,1.34136e-06,88.6398,96.602,91.3602,99.5595,-1419.44,-484.568,-1425.26,-584.337
-1402.0,-768.0,-146.064,1.34216e-06,88.6406,97.2169,91.3594,99.5595,-1419.44,-484.568,-1425.26,-584.337
-1400.0,-768.0,-150.148,1.34303e-06,88.6415,97.8301,91.3585,99.5595,-1419.44,-484.568,-1425.26,-584.337
-1398.0,-768.0,-121.171,1.34802e-06,88.6465,98.2492,91.3535,81.7065,-1396.73,-577.563,-1425.38,-579.153
-1396.0,-768.0,-136.409,1.34901e-06,88.6475,98.5968,91.3525,82.4644,-1396.79,-575.704,-1425.53,-572.659
-1394.0,-768.0,-157.318,7.21511e-07,87.4706,99.6584,92.5294,148.195,-1425.26,-584.337,-1425.26,-584.337
-1392.0,-768.0,-157.053,7.22656e-07,87.4886,100.264,92.5114,148.195,-1425.26,-584.337,-1425.26,-584.337
-1390.0,-768.0,-184.46,9.34233e-07,88.0749,115.373,91.9251,169.301,-1476.53,-585.541,-1476.53,-585.541
-1388.0,-768.0,-176.762,2.38829e-06,89.2538,113.966,90.7462,-124.304,-1548.93,-818.293,-1469.18,-585.368
-1386.0,-768.0,-175.569,2.39101e-06,89.2614,114.204,90.7386,-124.304,-1548.93,-818.293,-1468.1,-585.343
-1384.0,-768.0,-174.337,2.39376e-06,89.269,114.441,90.731,-124.304,-1548.93,-818.293,-1467.03,-585.318
-1382.0,-768.0,-173.194,2.39653e-06,89.2766,114.677,90.7234,-124.304,-1548.93,-818.293,-1465.95,-585.292
-1380.0,-768.0,-167.335,1.46748e-06,88.8296,-163.375,91.1704,-124.21,-1548.4,-818.284,-1548.4,-818.284
-1378.0,-768.0,-167.394,1.47387e-06,88.8456,-163.559,91.1544,-124.21,-1548.4,-818.284,-1548.4,-818.284
-1376.0,-768.0,-163.353,1.18115e-06,86.7171,32.8135,65.7838,27.4297,-1380.16,-589.703,-1239.87,-680.225
-1374.0,-768.0,-162.73,1.17554e-06,86.7161,32.9901,65.6698,27.5765,-1380.29,-589.707,-1239.87,-680.928
-1372.0,-768.0,-162.227,1.16994e-06,86.7151,33.1685,65.5548,27.725,-1380.42,-589.711,-1239.87,-681.64
-1370.0,-768.0,-161.833,1.16435e-06,86.7142,33.3485,65.4388,27.8752,-1380.55,-589.715,-1239.87,-682.363
-1368.0,-768.0,-161.535,1.15878e-06,86.7132,33.5303,65.3219,28.0271,-1380.69,-589.719,-1239.87,-683.095
-1366.0,-768.0,-161.32,1.15321e-06,86.7124,33.7138,65.204,28.1807,-1380.82,-589.723,-1239.87,-683.838
-1364.0,-768.0,-161.178,1.14766e-06,86.7115,33.8991,65.0851,28.3362,-1380.95,-589.727,-1239.87,-684.591
-1362.0,-768.0,-136.462,1.20812e-06,88.6986,38.6973,91.3014,-35.9954,-1376.1,-617.359,-1239.87,-670.163
-1360.0,-768.0,-139.511,1.20292e-06,88.7063,38.9477,91.2937,-35.9954,-1376.1,-617.359,-1239.87,-670.9
-1358.0,-768.0,-142.623,1.19773e-06,88.7142,39.2009,91.2858,-35.9954,-1376.1,-617.359,-1239.87,-671.651
-1356.0,-768.0,-146.003,1.19256e-06,88.7222,39.4568,91.2778,-35.9954,-1376.1,-617.359,-1239.87,-672.416
-1354.0,-768.0,-161.169,1.12009e-06,86.7076,34.8531,64.4756,29.1413,-1381.61,-589.747,-1239.87,-688.521
-1352.0,-768.0,-161.211,1.11461e-06,86.7069,35.0495,64.3506,29.3082,-1381.74,-589.751,-1239.87,-689.342
-1350.0,-768.0,-161.229,1.10915e-06,86.7062,35.2479,64.2246,29.477,-1381.88,-589.755,-1239.87,-690.175
-1348.0,-768.0,-161.207,1.1037e-06,86.7056,35.4482,64.0976,29.6478,-1382.01,-589.759,-1239.87,-691.02
-1346.0,-768.0,-161.134,1.09826e-06,86.705,35.6506,63.9694,29.8208,-1382.14,-589.763,-1239.87,-691.878
-1344.0,-768.0,-161.017,1.09287e-06,86.6747,35.8547,63.8389,29.9976,-1382.28,-589.768,-1239.87,-692.749
-1342.0,-768.0,-160.855,1.08749e-06,86.6422,36.061,63.7073,30.1767,-1382.41,-589.772,-1239.87,-693.633
-1340.0,-768.0,-163.043,1.19703e-06,87.2379,43.2019,82.9063,44.497,-1389.82,-589.998,-1239.87,-673.964
-1338.0,-768.0,-161.035,1.19219e-06,87.2106,43.4216,82.8778,44.7174,-1389.9,-590.001,-1239.87,-675.132
-1336.0,-768.0,-159.299,1.18737e-06,87.1832,43.6431,82.8492,44.9396,-1389.98,-590.003,-1239.87,-676.318
-1334.0,-768.0,-157.915,1.18257e-06,87.1555,43.8664,82.8204,45.1636,-1390.06,-590.006,-1239.87,-677.522
-1332.0,-768.0,-156.852,1.17779e-06,87.1277,44.0915,82.7915,45.3895,-1390.14,-590.008,-1239.87,-678.746
-1330.0,-768.0,-156.056,1.17302e-06,87.0997,44.3185,82.7625,45.6173,-1390.22,-590.011,-1239.87,-679.989
-1328.0,-768.0,-155.475,1.16828e-06,87.0715,44.5473,82.7334,45.8469,-1390.3,-590.013,-1239.87,-681.252
-1326.0,-768.0,-155.071,1.16355e-06,87.0432,44.778,82.7042,46.0785,-1390.38,-590.016,-1239.87,-682.535
-1324.0,-768.0,-154.819,1.15885e-06,87.0125,45.0106,82.6748,46.3121,-1390.47,-590.018,-1239.87,-683.839
-1322.0,-768.0,-154.713,1.15418e-06,86.9688,45.245,82.6453,46.5481,-1390.55,-590.021,-1239.87,-685.165
-1320.0,-768.0,-168.689,1.0207e-06,88.366,45.5606,91.634,-9.41385,-1309.77,-614.96,-1239.87,-686.287
-1318.0,-768.0,-168.945,1.01605e-06,88.3426,45.9448,91.6574,-9.41385,-1309.77,-614.96,-1239.87,-687.251
-1316.0,-768.0,-169.501,1.01144e-06,88.3191,46.3341,91.6809,-9.41385,-1309.77,-614.96,-1239.87,-688.24
-1314.0,-768.0,-169.817,1.68094e-06,88.9791,-167.892,91.0209,-124.21,-1548.4,-818.284,-1548.4,-818.284
-1312.0,-768.0,-162.195,1.52503e-06,88.8641,60.841,91.1359,-43.396,-1381.4,-617.583,-1239.86,-638.709
-1310.0,-768.0,-162.345,1.5218e-06,88.8511,61.0963,91.1489,-43.396,-1381.4,-617.583,-1239.86,-640.967
-1308.0,-768.0,-162.521,1.5186e-06,88.838,61.3528,91.162,-43.396,-1381.4,-617.583,-1239.86,-643.274
-1306.0,-768.0,-162.725,1.51542e-06,88.8249,61.6106,91.1751,-43.396,-1381.4,-617.583,-1239.86,-645.63
-1304.0,-768.0,-162.956,1.51226e-06,88.8118,61.8697,91.1882,-43.396,-1381.4,-617.583,-1239.86,-648.038
-1302.0,-768.0,-163.219,1.50914e-06,88.7986,62.13,91.2014,-43.396,-1381.4,-617.583,-1239.86,-650.498
-1300.0,-768.0,-163.519,1.50604e-06,88.7885,62.3916,91.2115,-43.396,-1381.4,-617.583,-1239.87,-653.014
-1298.0,-768.0,-163.863,1.50296e-06,88.7834,62.6544,91.2166,-43.396,-1381.4,-617.583,-1239.87,-655.587
-1296.0,-768.0,-164.265,1.49991e-06,88.7701,62.9185,91.2299,-43.396,-1381.4,-617.583,-1239.87,-658.218
-1294.0,-768.0,-155.698,1.2641e-06,82.9055,39.2296,88.6293,-33.5324,-1373.94,-617.268,-1196.0,-687.99
-1292.0,-768.0,-155.783,1.25901e-06,82.7443,39.4348,88.6327,-33.7196,-1374.12,-617.275,-1195.97,-689.022
-1290.0,-768.0,-155.995,1.25395e-06,82.5771,39.6425,88.6361,-33.9082,-1374.29,-617.283,-1195.94,-690.067
-1288.0,-768.0,-156.351,1.2489e-06,82.4036,39.853,88.6396,-34.0982,-1374.46,-617.29,-1195.9,-691.125
-1286.0,-768.0,-156.879,1.24386e-06,82.2234,40.0662,88.6431,-34.2895,-1374.63,-617.297,-1195.87,-692.195
-1284.0,-768.0,-157.615,1.23885e-06,82.036,40.2824,88.6467,-34.4822,-1374.81,-617.304,-1195.84,-693.28
-1282.0,-768.0,-158.584,1.23386e-06,81.8411,40.5017,88.6503,-34.6763,-1374.98,-617.312,-1195.8,-694.377
-1280.0,-768.0,-159.742,1.22889e-06,81.6381,40.7242,88.6539,-34.8717,-1375.15,-617.319,-1195.77,-695.489
-1278.0,-768.0,-160.831,1.22393e-06,81.4265,40.9501,88.6576,-35.0685,-1375.32,-617.326,-1195.73,-696.614
-1276.0,-768.0,-161.279,1.21898e-06,81.2251,41.1779,88.6613,-35.2673,-1375.49,-617.333,-1195.7,-697.757
-1274.0,-768.0,-158.493,1.88839e-06,88.0059,63.1738,83.6938,117.543,-1429.35,-543.714,-1239.87,-700.517
-1272.0,-768.0,-159.173,1.88539e-06,88.0007,63.355,83.7332,117.365,-1429.36,-543.266,-1239.87,-703.971
-1270.0,-768.0,-168.254,1.46745e-06,88.6377,67.5977,91.3623,-43.3117,-1381.35,-617.58,-1239.87,-694.912
-1268.0,-768.0,-166.992,1.46492e-06,88.6354,67.8959,91.3646,-43.3117,-1381.35,-617.58,-1239.87,-698.745
-1266.0,-768.0,-165.95,1.46243e-06,88.633,68.1955,91.367,-43.3117,-1381.35,-617.58,-1239.87,-702.694
-1264.0,-768.0,-165.111,1.45996e-06,88.6307,68.4963,91.3693,-43.3117,-1381.35,-617.58,-1239.87,-706.764
-1262.0,-768.0,-169.549,1.27002e-06,88.4259,109.07,91.5741,15.8832,-1361.84,-589.142,-1309.31,-631.135
-1260.0,-768.0,-169.673,1.27224e-06,88.4286,109.815,91.5714,15.8832,-1361.84,-589.142,-1309.31,-631.135
-1258.0,-768.0,-169.842,1.27454e-06,88.4315,110.552,91.5685,15.8832,-1361.84,-589.142,-1309.31,-631.135
-1256.0,-768.0,-170.068,1.27692e-06,88.4344,111.283,91.5656,15.8832,-1361.84,-589.142,-1309.31,-631.135
-1254.0,-768.0,-170.353,1.27937e-06,88.4453,112.006,91.5547,15.8832,-1361.84,-589.142,-1309.31,-631.135
-1252.0,-768.0,-170.654,1.28191e-06,88.461,112.722,91.539,15.8832,-1361.84,-589.142,-1309.31,-631.135
-1250.0,-768.0,-162.184,1.42305e-06,88.625,106.152,91.375,-43.3117,-1381.35,-617.58,-1325.81,-506.234
-1248.0,-768.0,-162.103,1.42491e-06,88.6381,106.473,91.3619,-43.3117,-1381.35,-617.58,-1325.4,-506.226
-1246.0,-768.0,-162.036,1.42682e-06,88.6513,106.792,91.3487,-43.3117,-1381.35,-617.58,-1325.0,-506.218
-1244.0,-768.0,-161.982,1.42876e-06,88.6644,107.111,91.3356,-43.3117,-1381.35,-617.58,-1324.59,-506.21
-1242.0,-768.0,-161.943,1.43073e-06,88.6775,107.428,91.3225,-43.3117,-1381.35,-617.58,-1324.18,-506.201
-1240.0,-768.0,-161.92,1.43274e-06,88.6906,107.745,91.3094,-43.3117,-1381.35,-617.58,-1323.78,-506.193
-1238.0,-768.0,-161.914,1.43478e-06,88.7037,108.06,91.2963,-43.3117,-1381.35,-617.58,-1323.37,-506.185
-1236.0,-768.0,0.0,0.0,0.0,0.0,0.0,0.0,0.0,0.0,0.0,0.0
-1234.0,-768.0,0.0,0.0,0.0,0.0,0.0,0.0,0.0,0.0,0.0,0.0
-1232.0,-768.0,0.0,0.0,0.0,0.0,0.0,0.0,0.0,0.0,0.0,0.0
-1230.0,-768.0,0.0,0.0,0.0,0.0,0.0,0.0,0.0,0.0,0.0,0.0
-1228.0,-768.0,0.0,0.0,0.0,0.0,0.0,0.0,0.0,0.0,0.0,0.0
-1226.0,-768.0,0.0,0.0,0.0,0.0,0.0,0.0,0.0,0.0,0.0,0.0
-1224.0,-768.0,0.0,0.0,0.0,0.0,0.0,0.0,0.0,0.0,0.0,0.0
-1222.0,-768.0,0.0,0.0,0.0,0.0,0.0,0.0,0.0,0.0,0.0,0.0
-1220.0,-768.0,0.0,0.0,0.0,0.0,0.0,0.0,0.0,0.0,0.0,0.0
-1218.0,-768.0,0.0,0.0,0.0,0.0,0.0,0.0,0.0,0.0,0.0,0.0
-1216.0,-768.0,0.0,0.0,0.0,0.0,0.0,0.0,0.0,0.0,0.0,0.0
-1214.0,-768.0,0.0,0.0,0.0,0.0,0.0,0.0,0.0,0.0,0.0,0.0
-1212.0,-768.0,0.0,0.0,0.0,0.0,0.0,0.0,0.0,0.0,0.0,0.0
-1210.0,-768.0,0.0,0.0,0.0,0.0,0.0,0.0,0.0,0.0,0.0,0.0
-1208.0,-768.0,0.0,0.0,0.0,0.0,0.0,0.0,0.0,0.0,0.0,0.0
-1206.0,-768.0,0.0,0.0,0.0,0.0,0.0,0.0,0.0,0.0,0.0,0.0
-1204.0,-768.0,0.0,0.0,0.0,0.0,0.0,0.0,0.0,0.0,0.0,0.0
-1202.0,-768.0,0.0,0.0,0.0,0.0,0.0,0.0,0.0,0.0,0.0,0.0
-1600.0,-766.0,-109.732,8.67923e-07,87.7677,39.6927,92.2323,-140.307,-1600.0,-766.0,-1400.0,-600.0
-1598.0,-766.0,-109.681,8.62792e-07,87.7731,39.9759,92.2269,-140.024,-1598.0,-766.0,-1400.0,-600.0
-1596.0,-766.0,-109.629,8.57682e-07,87.7787,40.2626,92.2213,-139.737,-1596.0,-766.0,-1400.0,-600.0
-1594.0,-766.0,-109.577,8.52593e-07,87.7843,40.5526,92.2157,-139.447,-1594.0,-766.0,-1400.0,-600.0
-1592.0,-766.0,-109.525,8.47526e-07,87.7901,40.8461,92.2099,-139.154,-1592.0,-766.0,-1400.0,-600.0
-1590.0,-766.0,-109.473,8.42482e-07,87.7961,41.1432,92.2039,-138.857,-1590.0,-766.0,-1400.0,-600.0
-1588.0,-766.0,-109.421,8.37461e-07,87.8021,41.4438,92.1979,-138.556,-1588.0,-766.0,-1400.0,-600.0
-1586.0,-766.0,-109.369,8.32463e-07,87.8083,41.7481,92.1917,-138.252,-1586.0,-766.0,-1400.0,-600.0
-1584.0,-766.0,-109.316,8.27488e-07,87.8175,42.056,92.1825,-137.944,-1584.0,-766.0,-1400.0,-600.0
-1582.0,-766.0,-109.264,8.22527e-07,87.8436,42.3676,92.1564,-137.632,-1582.0,-766.0,-1400.0,-600.0
-1580.0,-766.0,-109.211,8.17591e-07,87.8701,42.6829,92.1299,-137.317,-1580.0,-766.0,-1400.0,-600.0
-1578.0,-766.0,-109.159,8.12681e-07,87.897,43.0021,92.103,-136.998,-1578.0,-766.0,-1400.0,-600.0
-1576.0,-766.0,-109.106,8.07796e-07,87.9242,43.3252,92.0758,-136.675,-1576.0,-766.0,-1400.0,-600.0
-1574.0,-766.0,-109.054,8.02937e-07,87.9519,43.6521,92.0481,-136.348,-1574.0,-766.0,-1400.0,-600.0
-1572.0,-766.0,-109.001,7.98105e-07,87.9799,43.983,92.0201,-136.017,-1572.0,-766.0,-1400.0,-600.0
-1570.0,-766.0,-108.948,7.933e-07,88.0084,44.3179,91.9916,-135.682,-1570.0,-766.0,-1400.0,-600.0
-1568.0,-766.0,-108.896,7.88522e-07,88.0373,44.6569,91.9627,-135.343,-1568.0,-766.0,-1400.0,-600.0
-1566.0,-766.0,-108.843,7.83773e-07,88.0666,45.0,91.9334,-135.0,-1566.0,-766.0,-1400.0,-600.0
-1564.0,-766.0,-108.79,7.79052e-07,88.0963,45.3472,91.9037,-134.653,-1564.0,-766.0,-1400.0,-600.0
-1562.0,-766.0,-108.738,7.7436e-07,88.1265,45.6987,91.8735,-134.301,-1562.0,-766.0,-1400.0,-600.0
-1560.0,-766.0,-108.685,7.69706e-07,88.1386,46.0544,91.8614,-133.946,-1560.0,-766.0,-1400.0,-600.0
-1558.0,-766.0,-108.633,7.65084e-07,88.1485,46.4144,91.8515,-133.586,-1558.0,-766.0,-1400.0,-600.0
-1556.0,-766.0,-108.58,7.60491e-07,88.1585,46.7788,91.8415,-133.221,-1556.0,-766.0,-1400.0,-600.0
-1554.0,-766.0,-108.528,7.5593e-07,88.1688,47.1476,91.8312,-132.852,-1554.0,-766.0,-1400.0,-600.0
-1552.0,-766.0,-108.475,7.51401e-07,88.1792,47.5208,91.8208,-132.479,-1552.0,-766.0,-1400.0,-600.0
-1550.0,-766.0,-108.423,7.46904e-07,88.1899,47.8986,91.8101,-132.101,-1550.0,-766.0,-1400.0,-600.0
-1548.0,-766.0,-108.371,7.42439e-07,88.2007,48.2809,91.7993,-131.719,-1548.0,-766.0,-1400.0,-600.0
-1546.0,-766.0,-108.319,7.38009e-07,88.2118,48.6678,91.7882,-131.332,-1546.0,-766.0,-1400.0,-600.0
-1544.0,-766.0,-108.267,7.33612e-07,88.2231,49.0593,91.7769,-130.941,-1544.0,-766.0,-1400.0,-600.0
-1542.0,-766.0,-108.215,7.2925e-07,88.2346,49.4556,91.7654,-130.544,-1542.0,-766.0,-1400.0,-600.0
-1540.0,-766.0,-108.163,7.24923e-07,88.2463,49.8566,91.7537,-130.143,-1540.0,-766.0,-1400.0,-600.0
-1538.0,-766.0,-108.111,7.20632e-07,88.2583,50.2624,91.7417,-129.738,-1538.0,-766.0,-1400.0,-600.0
-1536.0,-766.0,-108.06,7.1639e-07,88.2368,50.673,91.7632,-129.327,-1536.0,-766.0,-1400.0,-600.0
-1534.0,-766.0,-108.008,7.12191e-07,88.2038,51.0885,91.7962,-128.911,-1534.0,-766.0,-1400.0,-600.0
-1532.0,-766.0,-107.957,7.08029e-07,88.1704,51.509,91.8296,-128.491,-1532.0,-766.0,-1400.0,-600.0
-1530.0,-766.0,-107.906,7.03906e-07,88.1367,51.9343,91.8633,-128.066,-1530.0,-766.0,-1400.0,-600.0
-1528.0,-766.0,-107.856,6.99823e-07,88.1028,52.3647,91.8972,-127.635,-1528.0,-766.0,-1400.0,-600.0
-1526.0,-766.0,-107.805,6.95779e-07,88.0685,52.8002,91.9315,-127.2,-1526.0,-766.0,-1400.0,-600.0
-1524.0,-766.0,-107.755,6.91777e-07,88.034,53.2407,91.966,-126.759,-1524.0,-766.0,-1400.0,-600.0
-1522.0,-766.0,-107.705,6.87816e-07,87.9992,53.6864,92.0008,-126.314,-1522.0,-766.0,-1400.0,-600.0
-1520.0,-766.0,-107.655,6.83898e-07,87.9641,54.1372,92.0359,-125.863,-1520.0,-766.0,-1400.0,-600.0
-1518.0,-766.0,-107.606,6.80022e-07,87.9288,54.5931,92.0712,-125.407,-1518.0,-766.0,-1400.0,-600.0
-1516.0,-766.0,-107.556,6.7619e-07,87.8932,55.0543,92.1068,-124.946,-1516.0,-766.0,-1400.0,-600.0
-1514.0,-766.0,-107.507,6.72399e-07,87.8662,55.5208,92.1338,-124.479,-1514.0,-766.0,-1400.0,-600.0
-1512.0,-766.0,-107.459,6.68652e-07,87.8418,55.9925,92.1582,-124.007,-1512.0,-766.0,-1400.0,-600.0
-1510.0,-766.0,-107.41,6.64956e-07,87.8055,56.4695,92.1945,-123.53,-1510.0,-766.0,-1400.0,-600.0
-1508.0,-766.0,-107.362,6.61307e-07,87.7689,56.9519,92.2311,-123.048,-1508.0,-766.0,-1400.0,-600.0
-1506.0,-766.0,-107.315,6.57705e-07,87.7321,57.4396,92.2679,-122.56,-1506.0,-766.0,-1400.0,-600.0
-1504.0,-766.0,-107.268,6.54152e-07,87.6951,57.9326,92.3049,-122.067,-1504.0,-766.0,-1400.0,-600.0
-1502.0,-766.0,-107.221,6.50648e-07,87.6579,58.431,92.3421,-121.569,-1502.0,-766.0,-1400.0,-600.0
-1500.0,-766.0,-107.174,6.47193e-07,87.6204,58.9348,92.3796,-121.065,-1500.0,-766.0,-1400.0,-600.0
-1498.0,-766.0,-107.129,6.4379e-07,87.5827,59.444,92.4173,-120.556,-1498.0,-766.0,-1400.0,-600.0
-1496.0,-766.0,-107.083,6.40438e-07,87.5448,59.9586,92.4552,-120.041,-1496.0,-766.0,-1400.0,-600.0
-1494.0,-766.0,-107.038,6.37139e-07,87.5067,60.4786,92.4933,-119.521,-1494.0,-766.0,-1400.0,-600.0
-1492.0,-766.0,-106.994,6.33893e-07,87.4685,61.004,92.5315,-118.996,-1492.0,-766.0,-1400.0,-600.0
-1490.0,-766.0,-106.95,6.307e-07,87.43,61.5348,92.57,-118.465,-1490.0,-766.0,-1400.0,-600.0
-1488.0,-766.0,-106.906,6.27553e-07,87.4112,62.071,92.5888,-117.929,-1488.0,-766.0,-1400.0,-600.0
-1486.0,-766.0,-106.863,6.24459e-07,87.3984,62.6126,92.6016,-117.387,-1486.0,-766.0,-1400.0,-600.0
-1484.0,-766.0,-106.82,6.2142e-07,87.3856,63.1595,92.6144,-116.841,-1484.0,-766.0,-1400.0,-600.0
-1482.0,-766.0,-106.779,6.18439e-07,87.373,63.7117,92.627,-116.288,-1482.0,-766.0,-1400.0,-600.0
-1480.0,-766.0,-106.737,6.15516e-07,87.3605,64.2693,92.6395,-115.731,-1480.0,-766.0,-1400.0,-600.0
-1478.0,-766.0,-106.697,6.12651e-07,87.3481,64.8321,92.6519,-115.168,-1478.0,-766.0,-1400.0,-600.0
-1476.0,-766.0,-106.657,6.09846e-07,87.3359,65.4002,92.6641,-114.6,-1476.0,-766.0,-1400.0,-600.0
-1474.0,-766.0,-106.617,6.07101e-07,87.3239,65.9735,92.6761,-114.027,-1474.0,-766.0,-1400.0,-600.0
-1472.0,-766.0,-106.579,6.04418e-07,87.312,66.5519,92.688,-113.448,-1472.0,-766.0,-1400.0,-600.0
-1470.0,-766.0,-106.541,6.01796e-07,87.3002,67.1355,92.6998,-112.865,-1470.0,-766.0,-1400.0,-600.0
-1468.0,-766.0,-106.504,5.99238e-07,87.2887,67.7241,92.7113,-112.276,-1468.0,-766.0,-1400.0,-600.0
-1466.0,-766.0,-106.467,5.96746e-07,87.2717,68.3177,92.7283,-111.682,-1466.0,-766.0,-1400.0,-600.0
-1464.0,-766.0,-106.432,5.94316e-07,87.2585,68.9162,92.7415,-111.084,-1464.0,-766.0,-1400.0,-600.0
-1462.0,-766.0,-106.397,5.91951e-07,87.2476,69.5196,92.7524,-110.48,-1462.0,-766.0,-1400.0,-600.0
-1460.0,-766.0,-106.363,5.89652e-07,87.2368,70.1278,92.7632,-109.872,-1460.0,-766.0,-1400.0,-600.0
-1458.0,-766.0,-106.33,5.8742e-07,87.2263,70.7407,92.7737,-109.259,-1458.0,-766.0,-1400.0,-600.0
-1456.0,-766.0,-106.298,5.85255e-07,87.2161,71.3582,92.7839,-108.642,-1456.0,-766.0,-1400.0,-600.0
-1454.0,-766.0,-106.267,5.83159e-07,87.206,71.9802,92.794,-108.02,-1454.0,-766.0,-1400.0,-600.0
-1452.0,-766.0,-106.237,5.81131e-07,87.1963,72.6067,92.8037,-107.393,-1452.0,-766.0,-1400.0,-600.0
-1450.0,-766.0,-106.207,5.79174e-07,87.1868,73.2374,92.8132,-106.763,-1450.0,-766.0,-1400.0,-600.0
-1448.0,-766.0,-106.179,5.77287e-07,87.1776,73.8724,92.8224,-106.128,-1448.0,-766.0,-1400.0,-600.0
-1446.0,-766.0,-106.151,5.75471e-07,87.1687,74.5115,92.8313,-105.489,-1446.0,-766.0,-1400.0,-600.0
-1444.0,-766.0,-106.125,5.73727e-07,87.16,75.1545,92.84,-104.845,-1444.0,-766.0,-1400.0,-600.0
-1442.0,-766.0,-106.1,5.72065e-07,87.1336,75.8014,92.8664,-104.199,-1442.0,-766.0,-1400.0,-600.0
-1440.0,-766.0,-116.229,5.70483e-07,87.0973,76.5044,92.9027,-103.963,-1404.61,-618.561,-1404.61,-618.561
-1438.0,-766.0,-121.419,5.68984e-07,87.0613,77.2415,92.9387,-103.963,-1404.61,-618.561,-1404.61,-618.561
-1436.0,-766.0,-121.976,1.22941e-06,88.6273,83.4338,91.3727,86.7973,-1397.95,-563.339,-1405.38,-499.953
-1434.0,-766.0,-122.415,1.22867e-06,88.6133,83.743,91.3867,87.1066,-1398.02,-560.887,-1404.83,-499.952
-1432.0,-766.0,-122.825,1.22797e-06,88.5994,84.0527,91.4006,87.4162,-1398.11,-558.082,-1404.28,-499.952
-1430.0,-766.0,-123.194,1.2273e-06,88.5854,84.3626,91.4146,87.7262,-1398.21,-554.84,-1403.74,-499.951
-1428.0,-766.0,-124.037,1.22549e-06,88.5702,85.6584,91.4298,94.4589,-1407.8,-499.955,-1407.8,-499.955
-1426.0,-766.0,-124.102,1.22501e-06,88.5564,85.9697,91.4436,94.1476,-1407.25,-499.955,-1407.25,-499.955
-1424.0,-766.0,-124.114,1.22457e-06,88.5427,86.2813,91.4573,93.836,-1406.71,-499.954,-1406.71,-499.954
-1422.0,-766.0,-124.086,1.22416e-06,88.5291,86.5931,91.4709,93.5242,-1406.16,-499.953,-1406.16,-499.953
-1420.0,-766.0,-124.026,1.22379e-06,88.5154,86.9051,91.4846,93.2122,-1405.61,-499.953,-1405.61,-499.953
-1418.0,-766.0,-123.946,1.22345e-06,88.5086,87.2172,91.4914,92.9001,-1405.07,-499.952,-1405.07,-499.952
-1416.0,-766.0,-123.853,1.22314e-06,88.5083,87.5296,91.4917,92.5877,-1404.52,-499.952,-1404.52,-499.952
-1414.0,-766.0,-123.755,1.22287e-06,88.5079,87.8421,91.4921,92.2752,-1403.98,-499.951,-1403.98,-499.951
-1412.0,-766.0,-123.66,1.22264e-06,88.5076,88.1547,91.4924,91.9626,-1403.43,-499.951,-1403.43,-499.951
-1410.0,-766.0,-123.573,1.22244e-06,88.5074,88.4674,91.4926,91.6499,-1402.88,-499.95,-1402.88,-499.95
-1408.0,-766.0,-123.496,1.22228e-06,88.5072,88.7802,91.4928,91.3371,-1402.34,-499.95,-1402.34,-499.95
-1406.0,-766.0,-129.554,1.33399e-06,88.6322,96.051,91.3678,99.5595,-1419.44,-484.568,-1425.26,-584.337
-1404.0,-766.0,-140.513,1.33473e-06,88.633,96.674,91.367,99.5595,-1419.44,-484.568,-1425.26,-584.337
-1402.0,-766.0,-146.607,1.33554e-06,88.6338,97.2955,91.3662,99.5595,-1419.44,-484.568,-1425.26,-584.337
-1400.0,-766.0,-150.543,1.33642e-06,88.6347,97.9152,91.3653,99.5595,-1419.44,-484.568,-1425.26,-584.337
-1398.0,-766.0,-121.109,1.34142e-06,88.6398,98.2901,91.3602,81.6656,-1396.73,-577.656,-1425.41,-577.895
-1396.0,-766.0,-155.83,1.3384e-06,88.6368,99.149,91.3632,99.5595,-1419.44,-484.568,-1425.26,-584.337
-1394.0,-766.0,-157.179,7.14934e-07,87.4562,99.7627,92.5438,148.195,-1425.26,-584.337,-1425.26,-584.337
-1392.0,-766.0,-184.357,9.25358e-07,88.0524,115.1,91.9476,169.301,-1476.53,-585.541,-1476.53,-585.541
-1390.0,-766.0,-182.234,2.35966e-06,89.2432,112.451,90.7568,-124.21,-1548.4,-818.284,-1464.68,-585.263
-1388.0,-766.0,-176.212,2.38219e-06,89.2571,114.072,90.7429,-124.304,-1548.93,-818.293,-1468.7,-585.357
-1386.0,-766.0,-174.971,2.38493e-06,89.2647,114.311,90.7353,-124.304,-1548.93,-818.293,-1467.62,-585.331
-1384.0,-766.0,-173.765,2.38768e-06,89.2723,114.549,90.7277,-124.304,-1548.93,-818.293,-1466.53,-585.306
-1382.0,-766.0,-167.88,1.46729e-06,88.8269,-166.277,91.1731,-126.816,-1556.08,-808.509,-1556.08,-808.509
-1380.0,-766.0,-167.396,1.46942e-06,88.8396,-162.752,91.1604,-124.21,-1548.4,-818.284,-1548.4,-818.284
-1378.0,-766.0,-167.446,1.47579e-06,88.8555,-162.943,91.1445,-124.21,-1548.4,-818.284,-1548.4,-818.284
-1376.0,-766.0,-167.499,1.48217e-06,88.8713,-163.129,91.1287,-124.21,-1548.4,-818.284,-1548.4,-818.284
-1374.0,-766.0,-163.66,1.17191e-06,86.7148,32.7159,65.8468,27.3489,-1380.09,-589.701,-1239.87,-679.837
-1372.0,-766.0,-162.96,1.1663e-06,86.7138,32.8935,65.732,27.4963,-1380.22,-589.705,-1239.87,-680.543
-1370.0,-766.0,-162.387,1.16069e-06,86.7128,33.0727,65.6164,27.6454,-1380.35,-589.709,-1239.87,-681.257
-1368.0,-766.0,-161.932,1.1551e-06,86.7118,33.2537,65.4997,27.7963,-1380.49,-589.713,-1239.87,-681.982
-1366.0,-766.0,-161.582,1.14952e-06,86.7109,33.4365,65.382,27.9489,-1380.62,-589.717,-1239.87,-682.717
-1364.0,-766.0,-161.324,1.14395e-06,86.71,33.6211,65.2634,28.1032,-1380.75,-589.721,-1239.87,-683.463
-1362.0,-766.0,-161.145,1.13839e-06,86.7091,33.8074,65.1438,28.2594,-1380.88,-589.725,-1239.87,-684.218
-1360.0,-766.0,-135.62,1.19873e-06,88.7121,38.6349,91.2879,-35.9954,-1376.1,-617.359,-1239.87,-669.98
-1358.0,-766.0,-138.693,1.19352e-06,88.7201,38.8874,91.2799,-35.9954,-1376.1,-617.359,-1239.87,-670.722
-1356.0,-766.0,-141.807,1.18833e-06,88.728,39.1428,91.272,-35.9954,-1376.1,-617.359,-1239.87,-671.478
-1354.0,-766.0,-145.148,1.18316e-06,88.7361,39.4009,91.2639,-35.9954,-1376.1,-617.359,-1239.87,-672.248
-1352.0,-766.0,-161.053,1.11078e-06,86.705,34.7671,64.5302,29.0686,-1381.55,-589.745,-1239.87,-688.164
-1350.0,-766.0,-161.101,1.1053e-06,86.7043,34.9648,64.4044,29.2364,-1381.69,-589.75,-1239.87,-688.988
-1348.0,-766.0,-161.132,1.09983e-06,86.7036,35.1644,64.2775,29.4061,-1381.82,-589.754,-1239.87,-689.824
-1346.0,-766.0,-161.133,1.0944e-06,86.6807,35.3659,64.1485,29.5793,-1381.96,-589.758,-1239.87,-690.673
-1344.0,-766.0,-161.088,1.08899e-06,86.6481,35.5694,64.018,29.7551,-1382.09,-589.762,-1239.87,-691.535
-1342.0,-766.0,-160.989,1.08359e-06,86.6153,35.7749,63.8865,29.9331,-1382.23,-589.766,-1239.87,-692.411
-1340.0,-766.0,-165.055,1.19248e-06,87.211,42.9676,82.9364,44.2649,-1389.74,-589.996,-1239.87,-672.732
-1338.0,-766.0,-163.125,1.18763e-06,87.1834,43.1872,82.9078,44.4851,-1389.82,-589.998,-1239.87,-673.89
-1336.0,-766.0,-161.093,1.18279e-06,87.1557,43.4086,82.8791,44.7072,-1389.9,-590.001,-1239.87,-675.066
-1334.0,-766.0,-159.328,1.17797e-06,87.1278,43.6318,82.8503,44.9311,-1389.98,-590.003,-1239.87,-676.261
-1332.0,-766.0,-157.92,1.17317e-06,87.0996,43.8568,82.8213,45.1569,-1390.06,-590.006,-1239.87,-677.474
-1330.0,-766.0,-156.84,1.16839e-06,87.0714,44.0837,82.7922,45.3846,-1390.14,-590.008,-1239.87,-678.707
-1328.0,-766.0,-156.032,1.16363e-06,87.0429,44.3125,82.7629,45.6142,-1390.22,-590.011,-1239.87,-679.96
-1326.0,-766.0,-155.444,1.15888e-06,87.0142,44.5432,82.7336,45.8457,-1390.3,-590.013,-1239.87,-681.232
-1324.0,-766.0,-155.038,1.15416e-06,86.9832,44.7757,82.7041,46.0793,-1390.38,-590.016,-1239.87,-682.526
-1322.0,-766.0,-154.785,1.14945e-06,86.9518,45.0102,82.6745,46.3148,-1390.47,-590.018,-1239.87,-683.841
-1320.0,-766.0,-154.668,1.14477e-06,86.9226,45.2466,82.6448,46.5521,-1390.55,-590.021,-1239.87,-685.178
-1318.0,-766.0,-168.595,1.01127e-06,88.3348,45.5681,91.6652,-9.41385,-1309.77,-614.96,-1239.87,-686.306
-1316.0,-766.0,-168.861,1.00663e-06,88.311,45.9575,91.689,-9.41385,-1309.77,-614.96,-1239.87,-687.283
-1314.0,-766.0,-169.441,1.00201e-06,88.2871,46.3522,91.7129,-9.41385,-1309.77,-614.96,-1239.87,-688.287
-1312.0,-766.0,-162.075,1.51921e-06,88.8597,60.6983,91.1403,-43.396,-1381.4,-617.583,-1239.86,-637.462
-1310.0,-766.0,-162.211,1.51597e-06,88.8466,60.9544,91.1534,-43.396,-1381.4,-617.583,-1239.86,-639.707
-1308.0,-766.0,-162.374,1.51274e-06,88.8335,61.2117,91.1665,-43.396,-1381.4,-617.583,-1239.86,-642.0
-1306.0,-766.0,-162.563,1.50955e-06,88.8204,61.4703,91.1796,-43.396,-1381.4,-617.583,-1239.86,-644.343
-1304.0,-766.0,-162.781,1.50638e-06,88.8072,61.7302,91.1928,-43.396,-1381.4,-617.583,-1239.86,-646.736
-1302.0,-766.0,-163.028,1.50324e-06,88.7939,61.9914,91.2061,-43.396,-1381.4,-617.583,-1239.86,-649.183
-1300.0,-766.0,-163.309,1.50013e-06,88.7836,62.2538,91.2164,-43.396,-1381.4,-617.583,-1239.87,-651.684
-1298.0,-766.0,-163.63,1.49704e-06,88.7703,62.5175,91.2297,-43.396,-1381.4,-617.583,-1239.87,-654.241
-1296.0,-766.0,-164.002,1.49398e-06,88.757,62.7825,91.243,-43.396,-1381.4,-617.583,-1239.87,-656.857
-1294.0,-766.0,-164.441,1.49095e-06,88.7436,63.0487,91.2564,-43.396,-1381.4,-617.583,-1239.87,-659.533
-1292.0,-766.0,-164.973,1.48795e-06,88.7302,63.3163,91.2698,-43.396,-1381.4,-617.583,-1239.87,-662.271
-1290.0,-766.0,-155.934,1.24976e-06,82.5191,39.4073,88.6318,-33.6703,-1374.07,-617.273,-1195.98,-688.749
-1288.0,-766.0,-156.145,1.2447e-06,82.3441,39.6175,88.6352,-33.8599,-1374.24,-617.281,-1195.95,-689.798
-1286.0,-766.0,-156.507,1.23965e-06,82.1624,39.8306,88.6387,-34.0509,-1374.42,-617.288,-1195.91,-690.861
-1284.0,-766.0,-157.053,1.23462e-06,81.9734,40.0466,88.6422,-34.2432,-1374.59,-617.295,-1195.88,-691.936
-1282.0,-766.0,-157.817,1.22961e-06,81.7768,40.2657,88.6458,-34.4369,-1374.76,-617.303,-1195.85,-693.024
-1280.0,-766.0,-158.822,1.22462e-06,81.572,40.4881,88.6494,-34.632,-1374.94,-617.31,-1195.81,-694.127
-1278.0,-766.0,-160.001,1.21965e-06,81.3586,40.7139,88.6531,-34.8285,-1375.11,-617.317,-1195.78,-695.242
-1276.0,-766.0,-161.005,1.21468e-06,81.1553,40.9417,88.6568,-35.027,-1375.28,-617.325,-1195.74,-696.376
-1274.0,-766.0,-158.168,1.88245e-06,87.9922,63.0821,83.6737,117.633,-1429.35,-543.941,-1239.87,-698.783
-1272.0,-766.0,-158.793,1.87944e-06,87.9869,63.2637,83.7131,117.456,-1429.36,-543.495,-1239.87,-702.224
-1270.0,-766.0,-159.534,1.87645e-06,87.9817,63.446,83.7527,117.278,-1429.37,-543.042,-1239.87,-705.719
-1268.0,-766.0,-167.437,1.45875e-06,88.6211,67.7739,91.3789,-43.3117,-1381.35,-617.58,-1239.87,-697.165
-1266.0,-766.0,-166.299,1.45624e-06,88.6187,68.0748,91.3813,-43.3117,-1381.35,-617.58,-1239.87,-701.09
-1264.0,-766.0,-165.376,1.45377e-06,88.6164,68.3769,91.3836,-43.3117,-1381.35,-617.58,-1239.87,-705.136
-1262.0,-766.0,-169.498,1.26372e-06,88.4083,109.332,91.5917,15.8832,-1361.84,-589.142,-1309.31,-631.135
-1260.0,-766.0,-169.639,1.26597e-06,88.4111,110.085,91.5889,15.8832,-1361.84,-589.142,-1309.31,-631.135
-1258.0,-766.0,-169.83,1.2683e-06,88.414,110.831,91.586,15.8832,-1361.84,-589.142,-1309.31,-631.135
-1256.0,-766.0,-170.084,1.27072e-06,88.417,111.569,91.583,15.8832,-1361.84,-589.142,-1309.31,-631.135
-1254.0,-766.0,-170.389,1.27321e-06,88.4201,112.301,91.5799,15.8832,-1361.84,-589.142,-1309.31,-631.135
-1252.0,-766.0,-170.665,1.27577e-06,88.4342,113.024,91.5658,15.8832,-1361.84,-589.142,-1309.31,-631.135
-1250.0,-766.0,-162.112,1.41665e-06,88.6013,106.245,91.3987,-43.3117,-1381.35,-617.58,-1325.69,-506.232
-1248.0,-766.0,-162.034,1.41853e-06,88.6146,106.568,91.3854,-43.3117,-1381.35,-617.58,-1325.28,-506.224
-1246.0,-766.0,-161.971,1.42044e-06,88.6278,106.889,91.3722,-43.3117,-1381.35,-617.58,-1324.87,-506.215
-1244.0,-766.0,-161.921,1.42239e-06,88.641,107.209,91.359,-43.3117,-1381.35,-617.58,-1324.47,-506.207
-1242.0,-766.0,-161.887,1.42438e-06,88.6542,107.528,91.3458,-43.3117,-1381.35,-617.58,-1324.06,-506.199
-1240.0,-766.0,-134.825,1.23363e-06,88.4592,146.642,91.5408,-35.9954,-1376.1,-617.359,-1306.45,-722.254
-1238.0,-766.0,-131.802,1.2392e-06,88.4791,146.854,91.5209,-35.9954,-1376.1,-617.359,-1306.49,-721.271
-1236.0,-766.0,0.0,0.0,0.0,0.0,0.0,0.0,0.0,0.0,0.0,0.0
-1234.0,-766.0,0.0,0.0,0.0,0.0,0.0,0.0,0.0,0.0,0.0,0.0
-1232.0,-766.0,0.0,0.0,0.0,0.0,0.0,0.0,0.0,0.0,0.0,0.0
-1230.0,-766.0,0.0,0.0,0.0,0.0,0.0,0.0,0.0,0.0,0.0,0.0
-1228.0,-766.0,0.0,0.0,0.0,0.0,0.0,0.0,0.0,0.0,0.0,0.0
-1226.0,-766.0,0.0,0.0,0.0,0.0,0.0,0.0,0.0,0.0,0.0,0.0
-1224.0,-766.0,0.0,0.0,0.0,0.0,0.0,0.0,0.0,0.0,0.0,0.0
-1222.0,-766.0,0.0,0.0,0.0,0.0,0.0,0.0,0.0,0.0,0.0,0.0
-1220.0,-766.0,0.0,0.0,0.0,0.0,0.0,0.0,0.0,0.0,0.0,0.0
-1218.0,-766.0,0.0,0.0,0.0,0.0,0.0,0.0,0.0,0.0,0.0,0.0
-1216.0,-766.0,0.0,0.0,0.0,0.0,0.0,0.0,0.0,0.0,0.0,0.0
-1214.0,-766.0,0.0,0.0,0.0,0.0,0.0,0.0,0.0,0.0,0.0,0.0
-1212.0,-766.0,0.0,0.0,0.0,0.0,0.0,0.0,0.0,0.0,0.0,0.0
-1210.0,-766.0,0.0,0.0,0.0,0.0,0.0,0.0,0.0,0.0,0.0,0.0
-1208.0,-766.0,0.0,0.0,0.0,0.0,0.0,0.0,0.0,0.0,0.0,0.0
-1206.0,-766.0,0.0,0.0,0.0,0.0,0.0,0.0,0.0,0.0,0.0,0.0
-1204.0,-766.0,0.0,0.0,0.0,0.0,0.0,0.0,0.0,0.0,0.0,0.0
-1202.0,-766.0,0.0,0.0,0.0,0.0,0.0,0.0,0.0,0.0,0.0,0.0
-1600.0,-764.0,-109.69,8.63681e-07,87.7546,39.3518,92.2454,-140.648,-1600.0,-764.0,-1400.0,-600.0
-1598.0,-764.0,-109.637,8.58524e-07,87.76,39.6344,92.24,-140.366,-1598.0,-764.0,-1400.0,-600.0
-1596.0,-764.0,-109.585,8.53388e-07,87.7654,39.9204,92.2346,-140.08,-1596.0,-764.0,-1400.0,-600.0
-1594.0,-764.0,-109.533,8.48274e-07,87.771,40.2099,92.229,-139.79,-1594.0,-764.0,-1400.0,-600.0
-1592.0,-764.0,-109.48,8.43181e-07,87.7766,40.5028,92.2234,-139.497,-1592.0,-764.0,-1400.0,-600.0
-1590.0,-764.0,-109.428,8.38111e-07,87.7825,40.7994,92.2175,-139.201,-1590.0,-764.0,-1400.0,-600.0
-1588.0,-764.0,-109.375,8.33064e-07,87.7884,41.0995,92.2116,-138.9,-1588.0,-764.0,-1400.0,-600.0
-1586.0,-764.0,-109.322,8.28039e-07,87.7945,41.4033,92.2055,-138.597,-1586.0,-764.0,-1400.0,-600.0
-1584.0,-764.0,-109.269,8.23044e-07,87.7914,41.7108,92.2086,-138.289,-1584.0,-764.0,-1400.0,-600.0
-1582.0,-764.0,-109.216,8.18056e-07,87.8167,42.022,92.1833,-137.978,-1582.0,-764.0,-1400.0,-600.0
-1580.0,-764.0,-109.163,8.13093e-07,87.8431,42.337,92.1569,-137.663,-1580.0,-764.0,-1400.0,-600.0
-1578.0,-764.0,-109.11,8.08155e-07,87.8699,42.6559,92.1301,-137.344,-1578.0,-764.0,-1400.0,-600.0
-1576.0,-764.0,-109.057,8.03242e-07,87.897,42.9786,92.103,-137.021,-1576.0,-764.0,-1400.0,-600.0
-1574.0,-764.0,-109.004,7.98356e-07,87.9246,43.3054,92.0754,-136.695,-1574.0,-764.0,-1400.0,-600.0
-1572.0,-764.0,-108.951,7.93495e-07,87.9526,43.6361,92.0474,-136.364,-1572.0,-764.0,-1400.0,-600.0
-1570.0,-764.0,-108.897,7.88662e-07,87.981,43.9708,92.019,-136.029,-1570.0,-764.0,-1400.0,-600.0
-1568.0,-764.0,-108.844,7.83856e-07,88.0098,44.3097,91.9902,-135.69,-1568.0,-764.0,-1400.0,-600.0
-1566.0,-764.0,-108.791,7.79078e-07,88.0391,44.6528,91.9609,-135.347,-1566.0,-764.0,-1400.0,-600.0
-1564.0,-764.0,-108.737,7.74329e-07,88.0687,45.0,91.9313,-135.0,-1564.0,-764.0,-1400.0,-600.0
-1562.0,-764.0,-108.684,7.69608e-07,88.0988,45.3515,91.9012,-134.648,-1562.0,-764.0,-1400.0,-600.0
-1560.0,-764.0,-108.631,7.64927e-07,88.1068,45.7073,91.8932,-134.293,-1560.0,-764.0,-1400.0,-600.0
-1558.0,-764.0,-108.578,7.60275e-07,88.1165,46.0675,91.8835,-133.933,-1558.0,-764.0,-1400.0,-600.0
-1556.0,-764.0,-108.525,7.55653e-07,88.1263,46.4321,91.8737,-133.568,-1556.0,-764.0,-1400.0,-600.0
-1554.0,-764.0,-108.472,7.51063e-07,88.1364,46.8012,91.8636,-133.199,-1554.0,-764.0,-1400.0,-600.0
-1552.0,-764.0,-108.418,7.46504e-07,88.1466,47.1747,91.8534,-132.825,-1552.0,-764.0,-1400.0,-600.0
-1550.0,-764.0,-108.365,7.41977e-07,88.157,47.5529,91.843,-132.447,-1550.0,-764.0,-1400.0,-600.0
-1548.0,-764.0,-108.312,7.37483e-07,88.1677,47.9357,91.8323,-132.064,-1548.0,-764.0,-1400.0,-600.0
-1546.0,-764.0,-108.26,7.33022e-07,88.1786,48.3231,91.8214,-131.677,-1546.0,-764.0,-1400.0,-600.0
-1544.0,-764.0,-108.207,7.28595e-07,88.1896,48.7153,91.8104,-131.285,-1544.0,-764.0,-1400.0,-600.0
-1542.0,-764.0,-108.154,7.24202e-07,88.201,49.1122,91.799,-130.888,-1542.0,-764.0,-1400.0,-600.0
-1540.0,-764.0,-108.102,7.19845e-07,88.2125,49.514,91.7875,-130.486,-1540.0,-764.0,-1400.0,-600.0
-1538.0,-764.0,-108.049,7.15523e-07,88.2242,49.9206,91.7758,-130.079,-1538.0,-764.0,-1400.0,-600.0
-1536.0,-764.0,-107.997,7.11252e-07,88.2024,50.3322,91.7976,-129.668,-1536.0,-764.0,-1400.0,-600.0
-1534.0,-764.0,-107.945,7.07021e-07,88.1688,50.7487,91.8312,-129.251,-1534.0,-764.0,-1400.0,-600.0
-1532.0,-764.0,-107.893,7.02829e-07,88.1348,51.1702,91.8652,-128.83,-1532.0,-764.0,-1400.0,-600.0
-1530.0,-764.0,-107.841,6.98676e-07,88.1006,51.5967,91.8994,-128.403,-1530.0,-764.0,-1400.0,-600.0
-1528.0,-764.0,-107.79,6.94562e-07,88.0661,52.0284,91.9339,-127.972,-1528.0,-764.0,-1400.0,-600.0
-1526.0,-764.0,-107.739,6.90488e-07,88.0313,52.4652,91.9687,-127.535,-1526.0,-764.0,-1400.0,-600.0
-1524.0,-764.0,-107.688,6.86455e-07,87.9962,52.9072,92.0038,-127.093,-1524.0,-764.0,-1400.0,-600.0
-1522.0,-764.0,-107.637,6.82463e-07,87.9608,53.3544,92.0392,-126.646,-1522.0,-764.0,-1400.0,-600.0
-1520.0,-764.0,-107.586,6.78514e-07,87.9251,53.8068,92.0749,-126.193,-1520.0,-764.0,-1400.0,-600.0
-1518.0,-764.0,-107.536,6.74607e-07,87.8892,54.2645,92.1108,-125.735,-1518.0,-764.0,-1400.0,-600.0
-1516.0,-764.0,-107.486,6.70745e-07,87.8529,54.7276,92.1471,-125.272,-1516.0,-764.0,-1400.0,-600.0
-1514.0,-764.0,-107.436,6.66923e-07,87.8256,55.196,92.1744,-124.804,-1514.0,-764.0,-1400.0,-600.0
-1512.0,-764.0,-107.387,6.63149e-07,87.7913,55.6698,92.2087,-124.33,-1512.0,-764.0,-1400.0,-600.0
-1510.0,-764.0,-107.338,6.59422e-07,87.7543,56.149,92.2457,-123.851,-1510.0,-764.0,-1400.0,-600.0
-1508.0,-764.0,-107.289,6.55742e-07,87.7171,56.6336,92.2829,-123.366,-1508.0,-764.0,-1400.0,-600.0
-1506.0,-764.0,-107.24,6.5211e-07,87.6796,57.1237,92.3204,-122.876,-1506.0,-764.0,-1400.0,-600.0
-1504.0,-764.0,-107.192,6.48526e-07,87.6418,57.6193,92.3582,-122.381,-1504.0,-764.0,-1400.0,-600.0
-1502.0,-764.0,-107.145,6.44992e-07,87.6039,58.1204,92.3961,-121.88,-1502.0,-764.0,-1400.0,-600.0
-1500.0,-764.0,-107.098,6.41507e-07,87.5657,58.627,92.4343,-121.373,-1500.0,-764.0,-1400.0,-600.0
-1498.0,-764.0,-107.051,6.38074e-07,87.5272,59.1391,92.4728,-120.861,-1498.0,-764.0,-1400.0,-600.0
-1496.0,-764.0,-107.005,6.34692e-07,87.4886,59.6568,92.5114,-120.343,-1496.0,-764.0,-1400.0,-600.0
-1494.0,-764.0,-106.959,6.31362e-07,87.4498,60.1799,92.5502,-119.82,-1494.0,-764.0,-1400.0,-600.0
-1492.0,-764.0,-106.913,6.28087e-07,87.4107,60.7086,92.5893,-119.291,-1492.0,-764.0,-1400.0,-600.0
-1490.0,-764.0,-106.868,6.24858e-07,87.3853,61.2429,92.6147,-118.757,-1490.0,-764.0,-1400.0,-600.0
-1488.0,-764.0,-106.824,6.21678e-07,87.372,61.7826,92.628,-118.217,-1488.0,-764.0,-1400.0,-600.0
-1486.0,-764.0,-106.78,6.18554e-07,87.3587,62.3279,92.6413,-117.672,-1486.0,-764.0,-1400.0,-600.0
-1484.0,-764.0,-106.737,6.15487e-07,87.3455,62.8787,92.6545,-117.121,-1484.0,-764.0,-1400.0,-600.0
-1482.0,-764.0,-106.694,6.12477e-07,87.3324,63.4349,92.6676,-116.565,-1482.0,-764.0,-1400.0,-600.0
-1480.0,-764.0,-106.652,6.09525e-07,87.3195,63.9967,92.6805,-116.003,-1480.0,-764.0,-1400.0,-600.0
-1478.0,-764.0,-106.611,6.06632e-07,87.3067,64.5638,92.6933,-115.436,-1478.0,-764.0,-1400.0,-600.0
-1476.0,-764.0,-106.57,6.03799e-07,87.2941,65.1363,92.7059,-114.864,-1476.0,-764.0,-1400.0,-600.0
-1474.0,-764.0,-106.53,6.01026e-07,87.2816,65.7142,92.7184,-114.286,-1474.0,-764.0,-1400.0,-600.0
-1472.0,-764.0,-106.49,5.98316e-07,87.2693,66.2974,92.7307,-113.703,-1472.0,-764.0,-1400.0,-600.0
-1470.0,-764.0,-106.452,5.95667e-07,87.2571,66.8858,92.7429,-113.114,-1470.0,-764.0,-1400.0,-600.0
-1468.0,-764.0,-106.414,5.93082e-07,87.2452,67.4794,92.7548,-112.521,-1468.0,-764.0,-1400.0,-600.0
-1466.0,-764.0,-106.377,5.90562e-07,87.2334,68.0782,92.7666,-111.922,-1466.0,-764.0,-1400.0,-600.0
-1464.0,-764.0,-106.34,5.88106e-07,87.2218,68.6821,92.7782,-111.318,-1464.0,-764.0,-1400.0,-600.0
-1462.0,-764.0,-106.305,5.85715e-07,87.2105,69.291,92.7895,-110.709,-1462.0,-764.0,-1400.0,-600.0
-1460.0,-764.0,-106.27,5.83392e-07,87.1994,69.9048,92.8006,-110.095,-1460.0,-764.0,-1400.0,-600.0
-1458.0,-764.0,-106.237,5.81135e-07,87.1885,70.5234,92.8115,-109.477,-1458.0,-764.0,-1400.0,-600.0
-1456.0,-764.0,-106.204,5.78947e-07,87.1778,71.1468,92.8222,-108.853,-1456.0,-764.0,-1400.0,-600.0
-1454.0,-764.0,-106.172,5.76828e-07,87.1675,71.7749,92.8325,-108.225,-1454.0,-764.0,-1400.0,-600.0
-1452.0,-764.0,-106.141,5.74778e-07,87.1574,72.4076,92.8426,-107.592,-1452.0,-764.0,-1400.0,-600.0
-1450.0,-764.0,-106.111,5.72799e-07,87.1475,73.0447,92.8525,-106.955,-1450.0,-764.0,-1400.0,-600.0
-1448.0,-764.0,-106.082,5.70891e-07,87.138,73.6861,92.862,-106.314,-1448.0,-764.0,-1400.0,-600.0
-1446.0,-764.0,-106.054,5.69055e-07,87.1287,74.3318,92.8713,-105.668,-1446.0,-764.0,-1400.0,-600.0
-1444.0,-764.0,-106.027,5.67291e-07,87.1198,74.9816,92.8802,-105.018,-1444.0,-764.0,-1400.0,-600.0
-1442.0,-764.0,-106.001,5.65613e-07,87.087,75.6354,92.913,-104.365,-1442.0,-764.0,-1400.0,-600.0
-1440.0,-764.0,-114.58,5.64012e-07,87.0501,76.3258,92.9499,-103.963,-1404.61,-618.561,-1404.61,-618.561
-1438.0,-764.0,-120.245,5.62493e-07,87.0134,77.0719,92.9866,-103.963,-1404.61,-618.561,-1404.61,-618.561
-1436.0,-764.0,-121.871,1.22278e-06,88.6134,83.398,91.3866,86.7616,-1397.94,-563.603,-1405.44,-499.953
-1434.0,-764.0,-122.315,1.22204e-06,88.5994,83.7089,91.4006,87.0725,-1398.01,-561.173,-1404.89,-499.952
-1432.0,-764.0,-122.731,1.22134e-06,88.5853,84.0202,91.4147,87.3837,-1398.1,-558.394,-1404.34,-499.952
-1430.0,-764.0,-123.108,1.22067e-06,88.5713,84.3318,91.4287,87.6954,-1398.2,-555.184,-1403.79,-499.951
-1428.0,-764.0,-123.981,1.21884e-06,88.5559,85.6346,91.4441,94.4827,-1407.84,-499.955,-1407.84,-499.955
-1426.0,-764.0,-124.05,1.21836e-06,88.5421,85.9476,91.4579,94.1697,-1407.29,-499.955,-1407.29,-499.955
-1424.0,-764.0,-124.067,1.21791e-06,88.5283,86.2609,91.4717,93.8564,-1406.74,-499.954,-1406.74,-499.954
-1422.0,-764.0,-124.042,1.2175e-06,88.5146,86.5744,91.4854,93.5429,-1406.19,-499.953,-1406.19,-499.953
-1420.0,-764.0,-123.984,1.21713e-06,88.5009,86.8881,91.4991,93.2292,-1405.64,-499.953,-1405.64,-499.953
-1418.0,-764.0,-123.904,1.21679e-06,88.5005,87.202,91.4995,92.9153,-1405.1,-499.952,-1405.1,-499.952
-1416.0,-764.0,-123.811,1.21648e-06,88.5001,87.516,91.4999,92.6013,-1404.55,-499.952,-1404.55,-499.952
-1414.0,-764.0,-123.713,1.21621e-06,88.4998,87.8302,91.5002,92.2871,-1404.0,-499.951,-1404.0,-499.951
-1412.0,-764.0,-123.617,1.21597e-06,88.4995,88.1446,91.5005,91.9727,-1403.45,-499.951,-1403.45,-499.951
-1410.0,-764.0,-123.529,1.21577e-06,88.4992,88.459,91.5008,91.6583,-1402.9,-499.95,-1402.9,-499.95
-1408.0,-764.0,-123.452,1.21561e-06,88.499,88.7735,91.501,91.3438,-1402.35,-499.95,-1402.35,-499.95
-1406.0,-764.0,-130.914,1.32736e-06,88.6254,96.1178,91.3746,99.5595,-1419.44,-484.568,-1425.26,-584.337
-1404.0,-764.0,-141.344,1.3281e-06,88.6262,96.7476,91.3738,99.5595,-1419.44,-484.568,-1425.26,-584.337
-1402.0,-764.0,-147.129,1.32892e-06,88.627,97.3758,91.373,99.5595,-1419.44,-484.568,-1425.26,-584.337
-1400.0,-764.0,-150.929,1.32982e-06,88.6279,98.0022,91.3721,99.5595,-1419.44,-484.568,-1425.26,-584.337
-1398.0,-764.0,-121.048,1.33482e-06,88.6331,98.3314,91.3669,81.6243,-1396.72,-577.748,-1425.44,-576.64
-1396.0,-764.0,-156.103,1.33182e-06,88.63,99.2491,91.37,99.5595,-1419.44,-484.568,-1425.26,-584.337
-1394.0,-764.0,-157.038,7.08362e-07,87.4389,99.8693,92.5611,148.195,-1425.26,-584.337,-1425.26,-584.337
-1392.0,-764.0,-184.292,9.19322e-07,88.0444,115.346,91.9556,169.301,-1476.53,-585.541,-1476.53,-585.541
-1390.0,-764.0,-182.733,2.3535e-06,89.2431,112.551,90.7569,-124.21,-1548.4,-818.284,-1464.22,-585.252
-1388.0,-764.0,-175.624,2.3761e-06,89.2571,114.18,90.7429,-124.304,-1548.93,-818.293,-1468.21,-585.345
-1386.0,-764.0,-174.376,2.37885e-06,89.2647,114.419,90.7353,-124.304,-1548.93,-818.293,-1467.12,-585.32
-1384.0,-764.0,-167.671,1.46245e-06,88.815,-165.498,91.185,-126.816,-1556.08,-808.509,-1556.08,-808.509
-1382.0,-764.0,-167.766,1.4689e-06,88.8312,-165.658,91.1688,-126.816,-1556.08,-808.509,-1556.08,-808.509
-1380.0,-764.0,-167.487,1.47143e-06,88.8442,-162.133,91.1558,-124.21,-1548.4,-818.284,-1548.4,-818.284
-1378.0,-764.0,-167.527,1.47778e-06,88.8601,-162.33,91.1399,-124.21,-1548.4,-818.284,-1548.4,-818.284
-1376.0,-764.0,-167.569,1.48413e-06,88.8758,-162.522,91.1242,-124.21,-1548.4,-818.284,-1548.4,-818.284
-1374.0,-764.0,-167.615,1.4905e-06,88.8914,-162.711,91.1086,-124.21,-1548.4,-818.284,-1548.4,-818.284
-1372.0,-764.0,-167.663,1.49686e-06,88.9069,-162.895,91.0931,-124.21,-1548.4,-818.284,-1548.4,-818.284
-1370.0,-764.0,-163.234,1.15707e-06,86.6968,32.7951,65.7946,27.4159,-1380.15,-589.702,-1239.87,-680.152
-1368.0,-764.0,-162.587,1.15146e-06,86.6957,32.9754,65.6782,27.5656,-1380.28,-589.707,-1239.87,-680.87
-1366.0,-764.0,-162.066,1.14586e-06,86.6946,33.1574,65.5608,27.7171,-1380.42,-589.711,-1239.87,-681.597
-1364.0,-764.0,-161.659,1.14028e-06,86.6935,33.3412,65.4425,27.8704,-1380.55,-589.715,-1239.87,-682.334
-1362.0,-764.0,-161.353,1.1347e-06,86.6925,33.5268,65.3231,28.0255,-1380.68,-589.719,-1239.87,-683.082
-1360.0,-764.0,-161.134,1.12914e-06,86.6915,33.7142,65.2027,28.1825,-1380.82,-589.723,-1239.87,-683.84
-1358.0,-764.0,-134.735,1.18935e-06,88.7126,38.5712,91.2874,-35.9954,-1376.1,-617.359,-1239.87,-669.794
-1356.0,-764.0,-137.862,1.18414e-06,88.7206,38.8259,91.2794,-35.9954,-1376.1,-617.359,-1239.87,-670.541
-1354.0,-764.0,-140.986,1.17894e-06,88.7286,39.0835,91.2714,-35.9954,-1376.1,-617.359,-1239.87,-671.302
-1352.0,-764.0,-144.295,1.17377e-06,88.7368,39.3439,91.2632,-35.9954,-1376.1,-617.359,-1239.87,-672.078
-1350.0,-764.0,-151.37,1.16984e-06,91.4512,39.6575,93.8131,-35.9954,-1376.1,-617.359,-1239.87,-672.705
-1348.0,-764.0,-160.99,1.09601e-06,86.6861,34.8785,64.4583,29.1644,-1381.63,-589.748,-1239.87,-688.628
-1346.0,-764.0,-161.04,1.09057e-06,86.6542,35.0793,64.3291,29.3369,-1381.77,-589.752,-1239.87,-689.469
-1344.0,-764.0,-161.06,1.08514e-06,86.6214,35.282,64.1988,29.5117,-1381.9,-589.756,-1239.87,-690.322
-1342.0,-764.0,-161.035,1.07973e-06,86.5882,35.4869,64.0674,29.6885,-1382.04,-589.76,-1239.87,-691.188
-1340.0,-764.0,-166.335,1.18796e-06,87.1838,42.7315,82.9669,44.031,-1389.65,-589.993,-1239.87,-671.499
-1338.0,-764.0,-165.129,1.18309e-06,87.1559,42.9509,82.9382,44.2511,-1389.73,-589.996,-1239.87,-672.648
-1336.0,-764.0,-163.207,1.17823e-06,87.1279,43.1722,82.9094,44.473,-1389.81,-589.998,-1239.87,-673.814
-1334.0,-764.0,-161.152,1.17339e-06,87.0997,43.3953,82.8804,44.6969,-1389.89,-590.001,-1239.87,-674.999
-1332.0,-764.0,-159.357,1.16857e-06,87.0713,43.6202,82.8514,44.9226,-1389.98,-590.003,-1239.87,-676.203
-1330.0,-764.0,-157.925,1.16377e-06,87.0427,43.8471,82.8221,45.1502,-1390.06,-590.006,-1239.87,-677.425
-1328.0,-764.0,-156.829,1.15899e-06,87.0139,44.0758,82.7928,45.3797,-1390.14,-590.008,-1239.87,-678.668
-1326.0,-764.0,-156.009,1.15423e-06,86.9849,44.3064,82.7633,45.6112,-1390.22,-590.011,-1239.87,-679.93
-1324.0,-764.0,-155.414,1.14948e-06,86.9558,44.5389,82.7337,45.8446,-1390.3,-590.013,-1239.87,-681.213
-1322.0,-764.0,-155.002,1.14476e-06,86.9264,44.7734,82.704,46.0799,-1390.39,-590.016,-1239.87,-682.517
-1320.0,-764.0,-154.746,1.14005e-06,86.8969,45.0098,82.6742,46.3173,-1390.47,-590.018,-1239.87,-683.843
-1318.0,-764.0,-154.629,1.13537e-06,86.8671,45.2482,82.6442,46.5567,-1390.55,-590.021,-1239.87,-685.191
-1316.0,-764.0,-168.5,1.00185e-06,88.295,45.5758,91.705,-9.41385,-1309.77,-614.96,-1239.87,-686.325
-1314.0,-764.0,-168.777,9.97208e-07,88.2709,45.9706,91.7291,-9.41385,-1309.77,-614.96,-1239.87,-687.316
-1312.0,-764.0,-169.384,9.92597e-07,88.2466,46.3708,91.7534,-9.41385,-1309.77,-614.96,-1239.87,-688.334
-1310.0,-764.0,-162.084,1.51014e-06,88.8369,60.8112,91.1631,-43.396,-1381.4,-617.583,-1239.86,-638.447
-1308.0,-764.0,-162.233,1.5069e-06,88.8237,61.0693,91.1763,-43.396,-1381.4,-617.583,-1239.86,-640.727
-1306.0,-764.0,-162.409,1.5037e-06,88.8105,61.3288,91.1895,-43.396,-1381.4,-617.583,-1239.86,-643.056
-1304.0,-764.0,-162.612,1.50051e-06,88.7972,61.5895,91.2028,-43.396,-1381.4,-617.583,-1239.86,-645.435
-1302.0,-764.0,-162.844,1.49736e-06,88.7839,61.8515,91.2161,-43.396,-1381.4,-617.583,-1239.86,-647.867
-1300.0,-764.0,-163.108,1.49423e-06,88.7705,62.1148,91.2295,-43.396,-1381.4,-617.583,-1239.86,-650.354
-1298.0,-764.0,-163.409,1.49113e-06,88.7571,62.3794,91.2429,-43.396,-1381.4,-617.583,-1239.87,-652.896
-1296.0,-764.0,-163.755,1.48806e-06,88.7437,62.6453,91.2563,-43.396,-1381.4,-617.583,-1239.87,-655.496
-1294.0,-764.0,-164.159,1.48501e-06,88.7303,62.9124,91.2697,-43.396,-1381.4,-617.583,-1239.87,-658.157
-1292.0,-764.0,-164.643,1.48199e-06,88.7168,63.1809,91.2832,-43.396,-1381.4,-617.583,-1239.87,-660.879
-1290.0,-764.0,-165.237,1.479e-06,88.7033,63.4506,91.2967,-43.396,-1381.4,-617.583,-1239.87,-663.666
-1288.0,-764.0,-156.096,1.24052e-06,82.2843,39.3804,88.6308,-33.62,-1374.02,-617.271,-1195.99,-688.472
-1286.0,-764.0,-156.306,1.23545e-06,82.101,39.5933,88.6343,-33.8106,-1374.2,-617.279,-1195.95,-689.525
-1284.0,-764.0,-156.678,1.23041e-06,81.9104,39.8091,88.6378,-34.0026,-1374.37,-617.286,-1195.92,-690.591
-1282.0,-764.0,-157.244,1.22538e-06,81.7121,40.0281,88.6414,-34.1959,-1374.55,-617.294,-1195.89,-691.671
-1280.0,-764.0,-158.041,1.22038e-06,81.5056,40.2504,88.645,-34.3907,-1374.72,-617.301,-1195.85,-692.764
-1278.0,-764.0,-159.087,1.21539e-06,81.2904,40.4761,88.6486,-34.5868,-1374.9,-617.308,-1195.82,-693.871
-1276.0,-764.0,-160.287,1.21043e-06,81.0633,40.7057,88.6523,-34.7842,-1375.07,-617.316,-1195.78,-694.99
-1274.0,-764.0,-161.168,1.20544e-06,80.8737,40.9348,88.656,-34.9847,-1375.25,-617.323,-1195.75,-696.134
-1272.0,-764.0,-158.443,1.8735e-06,87.9683,63.172,83.6929,117.547,-1429.35,-543.724,-1239.87,-700.476
-1270.0,-764.0,-159.127,1.8705e-06,87.9629,63.3546,83.7325,117.368,-1429.36,-543.273,-1239.87,-703.958
-1268.0,-764.0,-159.312,1.1906e-06,80.2493,41.6448,88.6675,-35.5951,-1375.77,-617.345,-1195.64,-699.655
-1266.0,-764.0,-166.689,1.45006e-06,88.5988,67.9528,91.4012,-43.3117,-1381.35,-617.58,-1239.87,-699.486
-1264.0,-764.0,-165.676,1.44757e-06,88.5964,68.2562,91.4036,-43.3117,-1381.35,-617.58,-1239.87,-703.507
-1262.0,-764.0,-169.451,1.25744e-06,88.3841,109.601,91.6159,15.8832,-1361.84,-589.142,-1309.31,-631.135
-1260.0,-764.0,-169.611,1.25972e-06,88.387,110.363,91.613,15.8832,-1361.84,-589.142,-1309.31,-631.135
-1258.0,-764.0,-169.829,1.26208e-06,88.39,111.117,91.61,15.8832,-1361.84,-589.142,-1309.31,-631.135
-1256.0,-764.0,-170.111,1.26453e-06,88.3931,111.864,91.6069,15.8832,-1361.84,-589.142,-1309.31,-631.135
-1254.0,-764.0,-170.423,1.26705e-06,88.3963,112.603,91.6037,15.8832,-1361.84,-589.142,-1309.31,-631.135
-1252.0,-764.0,-170.639,1.26965e-06,88.4072,113.334,91.5928,15.8832,-1361.84,-589.142,-1309.31,-631.135
-1250.0,-764.0,-162.04,1.41026e-06,88.5774,106.34,91.4226,-43.3117,-1381.35,-617.58,-1325.57,-506.229
-1248.0,-764.0,-161.966,1.41215e-06,88.5908,106.664,91.4092,-43.3117,-1381.35,-617.58,-1325.16,-506.221
-1246.0,-764.0,-161.906,1.41407e-06,88.6041,106.987,91.3959,-43.3117,-1381.35,-617.58,-1324.75,-506.213
-1244.0,-764.0,-161.861,1.41603e-06,88.6174,107.309,91.3826,-43.3117,-1381.35,-617.58,-1324.34,-506.205
-1242.0,-764.0,-133.174,1.22441e-06,88.4142,146.753,91.5858,-35.9954,-1376.1,-617.359,-1306.47,-721.735
-1240.0,-764.0,-129.966,1.22998e-06,88.4345,146.967,91.5655,-35.9954,-1376.1,-617.359,-1306.52,-720.749
-1238.0,-764.0,-126.497,1.23558e-06,88.4547,147.178,91.5453,-35.9954,-1376.1,-617.359,-1306.56,-719.779
-1236.0,-764.0,0.0,0.0,0.0,0.0,0.0,0.0,0.0,0.0,0.0,0.0
-1234.0,-764.0,0.0,0.0,0.0,0.0,0.0,0.0,0.0,0.0,0.0,0.0
-1232.0,-764.0,0.0,0.0,0.0,0.0,0.0,0.0,0.0,0.0,0.0,0.0
-1230.0,-764.0,0.0,0.0,0.0,0.0,0.0,0.0,0.0,0.0,0.0,0.0
-1228.0,-764.0,0.0,0.0,0.0,0.0,0.0,0.0,0.0,0.0,0.0,0.0
-1226.0,-764.0,0.0,0.0,0.0,0.0,0.0,0.0,0.0,0.0,0.0,0.0
-1224.0,-764.0,0.0,0.0,0.0,0.0,0.0,0.0,0.0,0.0,0.0,0.0
-1222.0,-764.0,0.0,0.0,0.0,0.0,0.0,0.0,0.0,0.0,0.0,0.0
-1220.0,-764.0,0.0,0.0,0.0,0.0,0.0,0.0,0.0,0.0,0.0,0.0
-1218.0,-764.0,0.0,0.0,0.0,0.0,0.0,0.0,0.0,0.0,0.0,0.0
-1216.0,-764.0,0.0,0.0,0.0,0.0,0.0,0.0,0.0,0.0,0.0,0.0
-1214.0,-764.0,0.0,0.0,0.0,0.0,0.0,0.0,0.0,0.0,0.0,0.0
-1212.0,-764.0,0.0,0.0,0.0,0.0,0.0,0.0,0.0,0.0,0.0,0.0
-1210.0,-764.0,0.0,0.0,0.0,0.0,0.0,0.0,0.0,0.0,0.0,0.0
-1208.0,-764.0,0.0,0.0,0.0,0.0,0.0,0.0,0.0,0.0,0.0,0.0
-1206.0,-764.0,0.0,0.0,0.0,0.0,0.0,0.0,0.0,0.0,0.0,0.0
-1204.0,-764.0,0.0,0.0,0.0,0.0,0.0,0.0,0.0,0.0,0.0,0.0
-1202.0,-764.0,0.0,0.0,0.0,0.0,0.0,0.0,0.0,0.0,0.0,0.0
-1600.0,-762.0,-109.647,8.5946e-07,87.758,39.0075,92.242,-140.993,-1600.0,-762.0,-1400.0,-600.0
-1598.0,-762.0,-109.594,8.54277e-07,87.7633,39.2894,92.2367,-140.711,-1598.0,-762.0,-1400.0,-600.0
-1596.0,-762.0,-109.541,8.49116e-07,87.7687,39.5748,92.2313,-140.425,-1596.0,-762.0,-1400.0,-600.0
-1594.0,-762.0,-109.488,8.43976e-07,87.7743,39.8636,92.2257,-140.136,-1594.0,-762.0,-1400.0,-600.0
-1592.0,-762.0,-109.435,8.38857e-07,87.7799,40.156,92.2201,-139.844,-1592.0,-762.0,-1400.0,-600.0
-1590.0,-762.0,-109.382,8.33761e-07,87.7857,40.452,92.2143,-139.548,-1590.0,-762.0,-1400.0,-600.0
-1588.0,-762.0,-109.329,8.28687e-07,87.7917,40.7515,92.2083,-139.248,-1588.0,-762.0,-1400.0,-600.0
-1586.0,-762.0,-109.276,8.23643e-07,87.7844,41.0548,92.2156,-138.945,-1586.0,-762.0,-1400.0,-600.0
-1584.0,-762.0,-109.222,8.18622e-07,87.7795,41.3618,92.2205,-138.638,-1584.0,-762.0,-1400.0,-600.0
-1582.0,-762.0,-109.169,8.13616e-07,87.7896,41.6726,92.2104,-138.327,-1582.0,-762.0,-1400.0,-600.0
-1580.0,-762.0,-109.115,8.08625e-07,87.8159,41.9872,92.1841,-138.013,-1580.0,-762.0,-1400.0,-600.0
-1578.0,-762.0,-109.062,8.03659e-07,87.8425,42.3057,92.1575,-137.694,-1578.0,-762.0,-1400.0,-600.0
-1576.0,-762.0,-109.008,7.98719e-07,87.8696,42.6282,92.1304,-137.372,-1576.0,-762.0,-1400.0,-600.0
-1574.0,-762.0,-108.954,7.93804e-07,87.8971,42.9546,92.1029,-137.045,-1574.0,-762.0,-1400.0,-600.0
-1572.0,-762.0,-108.9,7.88916e-07,87.925,43.2851,92.075,-136.715,-1572.0,-762.0,-1400.0,-600.0
-1570.0,-762.0,-108.846,7.84054e-07,87.9533,43.6196,92.0467,-136.38,-1570.0,-762.0,-1400.0,-600.0
-1568.0,-762.0,-108.792,7.7922e-07,87.9821,43.9584,92.0179,-136.042,-1568.0,-762.0,-1400.0,-600.0
-1566.0,-762.0,-108.738,7.74413e-07,88.0113,44.3013,91.9887,-135.699,-1566.0,-762.0,-1400.0,-600.0
-1564.0,-762.0,-108.684,7.69634e-07,88.0409,44.6485,91.9591,-135.352,-1564.0,-762.0,-1400.0,-600.0
-1562.0,-762.0,-108.63,7.64885e-07,88.0709,45.0,91.9291,-135.0,-1562.0,-762.0,-1400.0,-600.0
-1560.0,-762.0,-108.577,7.60175e-07,88.0763,45.3559,91.9237,-134.644,-1560.0,-762.0,-1400.0,-600.0
-1558.0,-762.0,-108.523,7.555e-07,88.0718,45.7162,91.9282,-134.284,-1558.0,-762.0,-1400.0,-600.0
-1556.0,-762.0,-108.469,7.50849e-07,88.0814,46.0809,91.9186,-133.919,-1556.0,-762.0,-1400.0,-600.0
-1554.0,-762.0,-108.415,7.46229e-07,88.0911,46.4502,91.9089,-133.55,-1554.0,-762.0,-1400.0,-600.0
-1552.0,-762.0,-108.361,7.4164e-07,88.1011,46.8241,91.8989,-133.176,-1552.0,-762.0,-1400.0,-600.0
-1550.0,-762.0,-108.308,7.37083e-07,88.1112,47.2026,91.8888,-132.797,-1550.0,-762.0,-1400.0,-600.0
-1548.0,-762.0,-108.254,7.32559e-07,88.1216,47.5858,91.8784,-132.414,-1548.0,-762.0,-1400.0,-600.0
-1546.0,-762.0,-108.2,7.28067e-07,88.1322,47.9737,91.8678,-132.026,-1546.0,-762.0,-1400.0,-600.0
-1544.0,-762.0,-108.147,7.2361e-07,88.143,48.3665,91.857,-131.634,-1544.0,-762.0,-1400.0,-600.0
-1542.0,-762.0,-108.094,7.19187e-07,88.154,48.764,91.846,-131.236,-1542.0,-762.0,-1400.0,-600.0
-1540.0,-762.0,-108.04,7.14799e-07,88.1652,49.1665,91.8348,-130.833,-1540.0,-762.0,-1400.0,-600.0
-1538.0,-762.0,-107.987,7.10446e-07,88.1767,49.5739,91.8233,-130.426,-1538.0,-762.0,-1400.0,-600.0
-1536.0,-762.0,-107.934,7.06144e-07,88.1543,49.9863,91.8457,-130.014,-1536.0,-762.0,-1400.0,-600.0
-1534.0,-762.0,-107.881,7.01883e-07,88.1201,50.4038,91.8799,-129.596,-1534.0,-762.0,-1400.0,-600.0
-1532.0,-762.0,-107.829,6.9766e-07,88.0856,50.8263,91.9144,-129.174,-1532.0,-762.0,-1400.0,-600.0
-1530.0,-762.0,-107.776,6.93476e-07,88.0507,51.254,91.9493,-128.746,-1530.0,-762.0,-1400.0,-600.0
-1528.0,-762.0,-107.724,6.89331e-07,88.0156,51.6869,91.9844,-128.313,-1528.0,-762.0,-1400.0,-600.0
-1526.0,-762.0,-107.672,6.85226e-07,87.9801,52.125,92.0199,-127.875,-1526.0,-762.0,-1400.0,-600.0
-1524.0,-762.0,-107.62,6.81162e-07,87.9443,52.5684,92.0557,-127.432,-1524.0,-762.0,-1400.0,-600.0
-1522.0,-762.0,-107.569,6.77139e-07,87.9082,53.0171,92.0918,-126.983,-1522.0,-762.0,-1400.0,-600.0
-1520.0,-762.0,-107.517,6.73159e-07,87.8719,53.4711,92.1281,-126.529,-1520.0,-762.0,-1400.0,-600.0
-1518.0,-762.0,-107.466,6.69222e-07,87.8352,53.9306,92.1648,-126.069,-1518.0,-762.0,-1400.0,-600.0
-1516.0,-762.0,-107.415,6.65326e-07,87.8018,54.3955,92.1982,-125.605,-1516.0,-762.0,-1400.0,-600.0
-1514.0,-762.0,-107.364,6.61466e-07,87.789,54.8658,92.211,-125.134,-1514.0,-762.0,-1400.0,-600.0
-1512.0,-762.0,-107.314,6.57661e-07,87.754,55.3416,92.246,-124.658,-1512.0,-762.0,-1400.0,-600.0
-1510.0,-762.0,-107.264,6.53903e-07,87.7164,55.823,92.2836,-124.177,-1510.0,-762.0,-1400.0,-600.0
-1508.0,-762.0,-107.215,6.50192e-07,87.6785,56.3099,92.3215,-123.69,-1508.0,-762.0,-1400.0,-600.0
-1506.0,-762.0,-107.165,6.46529e-07,87.6404,56.8024,92.3596,-123.198,-1506.0,-762.0,-1400.0,-600.0
-1504.0,-762.0,-107.117,6.42914e-07,87.602,57.3005,92.398,-122.699,-1504.0,-762.0,-1400.0,-600.0
-1502.0,-762.0,-107.068,6.39349e-07,87.5633,57.8043,92.4367,-122.196,-1502.0,-762.0,-1400.0,-600.0
-1500.0,-762.0,-107.02,6.35833e-07,87.5245,58.3136,92.4755,-121.686,-1500.0,-762.0,-1400.0,-600.0
-1498.0,-762.0,-106.973,6.32369e-07,87.4853,58.8287,92.5147,-121.171,-1498.0,-762.0,-1400.0,-600.0
-1496.0,-762.0,-106.925,6.28957e-07,87.446,59.3493,92.554,-120.651,-1496.0,-762.0,-1400.0,-600.0
-1494.0,-762.0,-106.879,6.25597e-07,87.4065,59.8757,92.5935,-120.124,-1494.0,-762.0,-1400.0,-600.0
-1492.0,-762.0,-106.833,6.22287e-07,87.3745,60.4077,92.6255,-119.592,-1492.0,-762.0,-1400.0,-600.0
-1490.0,-762.0,-106.787,6.19022e-07,87.3607,60.9454,92.6393,-119.055,-1490.0,-762.0,-1400.0,-600.0
-1488.0,-762.0,-106.741,6.15812e-07,87.3469,61.4888,92.6531,-118.511,-1488.0,-762.0,-1400.0,-600.0
-1486.0,-762.0,-106.697,6.12658e-07,87.3332,62.0378,92.6668,-117.962,-1486.0,-762.0,-1400.0,-600.0
-1484.0,-762.0,-106.653,6.09561e-07,87.3197,62.5924,92.6803,-117.408,-1484.0,-762.0,-1400.0,-600.0
-1482.0,-762.0,-106.609,6.06522e-07,87.3062,63.1527,92.6938,-116.847,-1482.0,-762.0,-1400.0,-600.0
-1480.0,-762.0,-106.566,6.0354e-07,87.2929,63.7186,92.7071,-116.281,-1480.0,-762.0,-1400.0,-600.0
-1478.0,-762.0,-106.524,6.00619e-07,87.2797,64.29,92.7203,-115.71,-1478.0,-762.0,-1400.0,-600.0
-1476.0,-762.0,-106.482,5.97757e-07,87.2667,64.867,92.7333,-115.133,-1476.0,-762.0,-1400.0,-600.0
-1474.0,-762.0,-106.441,5.94957e-07,87.2538,65.4495,92.7462,-114.55,-1474.0,-762.0,-1400.0,-600.0
-1472.0,-762.0,-106.401,5.92218e-07,87.2411,66.0375,92.7589,-113.962,-1472.0,-762.0,-1400.0,-600.0
-1470.0,-762.0,-106.362,5.89543e-07,87.2286,66.6309,92.7714,-113.369,-1470.0,-762.0,-1400.0,-600.0
-1468.0,-762.0,-106.323,5.86931e-07,87.2163,67.2296,92.7837,-112.77,-1468.0,-762.0,-1400.0,-600.0
-1466.0,-762.0,-106.285,5.84383e-07,87.2041,67.8337,92.7959,-112.166,-1466.0,-762.0,-1400.0,-600.0
-1464.0,-762.0,-106.248,5.81901e-07,87.1922,68.4429,92.8078,-111.557,-1464.0,-762.0,-1400.0,-600.0
-1462.0,-762.0,-106.212,5.79485e-07,87.1805,69.0573,92.8195,-110.943,-1462.0,-762.0,-1400.0,-600.0
-1460.0,-762.0,-106.176,5.77137e-07,87.169,69.6769,92.831,-110.323,-1460.0,-762.0,-1400.0,-600.0
-1458.0,-762.0,-106.142,5.74856e-07,87.1577,70.3014,92.8423,-109.699,-1458.0,-762.0,-1400.0,-600.0
-1456.0,-762.0,-106.108,5.72644e-07,87.1467,70.9308,92.8533,-109.069,-1456.0,-762.0,-1400.0,-600.0
-1454.0,-762.0,-106.076,5.70501e-07,87.136,71.5651,92.864,-108.435,-1454.0,-762.0,-1400.0,-600.0
-1452.0,-762.0,-106.044,5.68428e-07,87.1256,72.204,92.8744,-107.796,-1452.0,-762.0,-1400.0,-600.0
-1450.0,-762.0,-106.013,5.66427e-07,87.1154,72.8476,92.8846,-107.152,-1450.0,-762.0,-1400.0,-600.0
-1448.0,-762.0,-105.984,5.64497e-07,87.1055,73.4956,92.8945,-106.504,-1448.0,-762.0,-1400.0,-600.0
-1446.0,-762.0,-105.955,5.6264e-07,87.096,74.1481,92.904,-105.852,-1446.0,-762.0,-1400.0,-600.0
-1444.0,-762.0,-105.927,5.60866e-07,87.0691,74.8048,92.9309,-105.195,-1444.0,-762.0,-1400.0,-600.0
-1442.0,-762.0,-105.901,5.5917e-07,87.0313,75.4655,92.9687,-104.534,-1442.0,-762.0,-1400.0,-600.0
-1440.0,-762.0,-112.903,5.5755e-07,86.9937,76.1424,93.0063,-103.963,-1404.61,-618.561,-1404.61,-618.561
-1438.0,-762.0,-118.961,5.56011e-07,86.9563,76.8979,93.0437,-103.963,-1404.61,-618.561,-1404.61,-618.561
-1436.0,-762.0,-121.764,1.21616e-06,88.5957,83.3619,91.4043,86.7254,-1397.93,-563.866,-1405.5,-499.953
-1434.0,-762.0,-122.213,1.21542e-06,88.5815,83.6745,91.4185,87.038,-1398.01,-561.459,-1404.95,-499.952
-1432.0,-762.0,-122.635,1.21471e-06,88.5674,83.9874,91.4326,87.3509,-1398.09,-558.706,-1404.4,-499.952
-1430.0,-762.0,-123.018,1.21403e-06,88.5533,84.3007,91.4467,87.6643,-1398.19,-555.527,-1403.85,-499.951
-1428.0,-762.0,-123.923,1.21219e-06,88.5378,85.6106,91.4622,94.5067,-1407.89,-499.955,-1407.89,-499.955
-1426.0,-762.0,-123.998,1.21171e-06,88.5239,85.9253,91.4761,94.192,-1407.33,-499.955,-1407.33,-499.955
-1424.0,-762.0,-124.02,1.21126e-06,88.51,86.2403,91.49,93.877,-1406.78,-499.954,-1406.78,-499.954
-1422.0,-762.0,-123.997,1.21085e-06,88.4962,86.5555,91.5038,93.5618,-1406.23,-499.953,-1406.23,-499.953
-1420.0,-762.0,-123.941,1.21047e-06,88.4926,86.8709,91.5074,93.2464,-1405.67,-499.953,-1405.67,-499.953
-1418.0,-762.0,-123.861,1.21012e-06,88.4922,87.1865,91.5078,92.9308,-1405.12,-499.952,-1405.12,-499.952
-1416.0,-762.0,-123.768,1.20981e-06,88.4918,87.5023,91.5082,92.615,-1404.57,-499.952,-1404.57,-499.952
-1414.0,-762.0,-123.67,1.20954e-06,88.4915,87.8183,91.5085,92.299,-1404.02,-499.951,-1404.02,-499.951
-1412.0,-762.0,-123.574,1.2093e-06,88.4912,88.1343,91.5088,91.983,-1403.46,-499.951,-1403.46,-499.951
-1410.0,-762.0,-123.485,1.20911e-06,88.4909,88.4505,91.5091,91.6668,-1402.91,-499.95,-1402.91,-499.95
-1408.0,-762.0,-123.408,1.20894e-06,88.4907,88.7668,91.5093,91.3505,-1402.36,-499.95,-1402.36,-499.95
-1406.0,-762.0,-132.273,1.32072e-06,88.6185,96.1862,91.3815,99.5595,-1419.44,-484.568,-1425.26,-584.337
-1404.0,-762.0,-142.129,1.32148e-06,88.6193,96.8229,91.3807,99.5595,-1419.44,-484.568,-1425.26,-584.337
-1402.0,-762.0,-147.633,1.32231e-06,88.6202,97.4579,91.3798,99.5595,-1419.44,-484.568,-1425.26,-584.337
-1400.0,-762.0,-121.115,1.32726e-06,88.6253,98.0881,91.3747,81.8677,-1396.74,-577.192,-1425.26,-584.256
-1398.0,-762.0,-120.988,1.32822e-06,88.6263,98.3731,91.3737,81.5826,-1396.72,-577.841,-1425.47,-575.387
-1396.0,-762.0,-156.374,1.32523e-06,88.6232,99.3514,91.3768,99.5595,-1419.44,-484.568,-1425.26,-584.337
-1394.0,-762.0,-156.894,7.01795e-07,87.4149,99.9782,92.5851,148.195,-1425.26,-584.337,-1425.26,-584.337
-1392.0,-762.0,-184.227,9.13301e-07,88.0315,115.597,91.9685,169.301,-1476.53,-585.541,-1476.53,-585.541
-1390.0,-762.0,-183.262,2.34734e-06,89.2411,112.651,90.7589,-124.21,-1548.4,-818.284,-1463.76,-585.241
-1388.0,-762.0,-175.021,2.37002e-06,89.2552,114.288,90.7448,-124.304,-1548.93,-818.293,-1467.72,-585.334
-1386.0,-762.0,-167.511,1.45772e-06,88.8001,-164.706,91.1999,-126.816,-1556.08,-808.509,-1556.08,-808.509
-1384.0,-762.0,-167.598,1.46415e-06,88.8164,-164.876,91.1836,-126.816,-1556.08,-808.509,-1556.08,-808.509
-1382.0,-762.0,-167.685,1.47059e-06,88.8325,-165.041,91.1675,-126.816,-1556.08,-808.509,-1556.08,-808.509
-1380.0,-762.0,-167.614,1.47351e-06,88.8458,-161.519,91.1542,-124.21,-1548.4,-818.284,-1548.4,-818.284
-1378.0,-762.0,-167.64,1.47984e-06,88.8616,-161.722,91.1384,-124.21,-1548.4,-818.284,-1548.4,-818.284
-1376.0,-762.0,-167.67,1.48617e-06,88.8773,-161.92,91.1227,-124.21,-1548.4,-818.284,-1548.4,-818.284
-1374.0,-762.0,-167.705,1.49251e-06,88.8929,-162.114,91.1071,-124.21,-1548.4,-818.284,-1548.4,-818.284
-1372.0,-762.0,-167.743,1.49886e-06,88.9084,-162.304,91.0916,-124.21,-1548.4,-818.284,-1548.4,-818.284
-1370.0,-762.0,-167.784,1.50522e-06,88.9149,-162.49,91.0851,-124.21,-1548.4,-818.284,-1548.4,-818.284
-1368.0,-762.0,-167.548,1.14815e-06,91.6068,32.4448,65.8279,27.3731,-1380.11,-589.701,-1349.78,-750.416
-1366.0,-762.0,-162.829,1.14225e-06,86.6699,32.8764,65.7407,27.4852,-1380.21,-589.704,-1239.87,-680.476
-1364.0,-762.0,-162.236,1.13664e-06,86.6686,33.0594,65.6226,27.6374,-1380.35,-589.709,-1239.87,-681.206
-1362.0,-762.0,-161.767,1.13105e-06,86.6674,33.2442,65.5035,27.7913,-1380.48,-589.713,-1239.87,-681.946
-1360.0,-762.0,-161.407,1.12546e-06,86.6663,33.4308,65.3834,27.9472,-1380.62,-589.717,-1239.87,-682.696
-1358.0,-762.0,-161.143,1.11989e-06,86.6651,33.6193,65.2622,28.1048,-1380.75,-589.721,-1239.87,-683.457
-1356.0,-762.0,-133.775,1.17997e-06,88.7056,38.5062,91.2944,-35.9954,-1376.1,-617.359,-1239.87,-669.604
-1354.0,-762.0,-137.017,1.17476e-06,88.7136,38.7631,91.2864,-35.9954,-1376.1,-617.359,-1239.87,-670.356
-1352.0,-762.0,-140.159,1.16956e-06,88.7216,39.023,91.2784,-35.9954,-1376.1,-617.359,-1239.87,-671.123
-1350.0,-762.0,-143.444,1.16438e-06,88.7298,39.2857,91.2702,-35.9954,-1376.1,-617.359,-1239.87,-671.904
-1348.0,-762.0,-147.075,1.15922e-06,88.7381,39.5515,91.2619,-35.9954,-1376.1,-617.359,-1239.87,-672.7
-1346.0,-762.0,-160.889,1.08677e-06,86.6276,34.7906,64.5114,29.0937,-1381.57,-589.746,-1239.87,-688.264
-1344.0,-762.0,-160.946,1.08132e-06,86.5944,34.9926,64.3812,29.2673,-1381.71,-589.75,-1239.87,-689.108
-1342.0,-762.0,-160.98,1.07589e-06,86.5609,35.1967,64.2499,29.443,-1381.85,-589.755,-1239.87,-689.965
-1340.0,-762.0,-166.69,1.18346e-06,87.1563,42.4935,82.9978,43.7953,-1389.56,-589.99,-1239.87,-670.267
-1338.0,-762.0,-166.356,1.17857e-06,87.1282,42.7128,82.969,44.0153,-1389.64,-589.993,-1239.87,-671.406
-1336.0,-762.0,-165.201,1.17369e-06,87.0999,42.934,82.94,44.2371,-1389.73,-589.995,-1239.87,-672.563
-1334.0,-762.0,-163.291,1.16884e-06,87.0714,43.1569,82.911,44.4608,-1389.81,-589.998,-1239.87,-673.738
-1332.0,-762.0,-161.212,1.164e-06,87.0426,43.3818,82.8818,44.6864,-1389.89,-590.001,-1239.87,-674.931
-1330.0,-762.0,-159.388,1.15918e-06,87.0137,43.6085,82.8525,44.9139,-1389.97,-590.003,-1239.87,-676.144
-1328.0,-762.0,-157.932,1.15438e-06,86.9846,43.8371,82.823,45.1434,-1390.06,-590.006,-1239.87,-677.376
-1326.0,-762.0,-156.817,1.14959e-06,86.9554,44.0677,82.7934,45.3747,-1390.14,-590.008,-1239.87,-678.628
-1324.0,-762.0,-155.986,1.14483e-06,86.9259,44.3002,82.7637,45.6081,-1390.22,-590.011,-1239.87,-679.9
-1322.0,-762.0,-155.384,1.14009e-06,86.8962,44.5346,82.7339,45.8434,-1390.3,-590.013,-1239.87,-681.193
-1320.0,-762.0,-154.967,1.13536e-06,86.8663,44.771,82.7039,46.0808,-1390.39,-590.016,-1239.87,-682.508
-1318.0,-762.0,-154.709,1.13066e-06,86.8362,45.0094,82.6738,46.3201,-1390.47,-590.018,-1239.87,-683.845
-1316.0,-762.0,-154.593,1.12597e-06,86.806,45.2498,82.6436,46.5615,-1390.55,-590.021,-1239.87,-685.204
-1314.0,-762.0,-168.405,9.92434e-07,88.2501,45.5837,91.7499,-9.41385,-1309.77,-614.96,-1239.87,-686.345
-1312.0,-762.0,-168.693,9.87791e-07,88.2255,45.984,91.7745,-9.41385,-1309.77,-614.96,-1239.87,-687.35
-1310.0,-762.0,-169.328,9.83182e-07,88.2008,46.3899,91.7992,-9.41385,-1309.77,-614.96,-1239.87,-688.383
-1308.0,-762.0,-162.099,1.50107e-06,88.8109,60.9256,91.1891,-43.396,-1381.4,-617.583,-1239.86,-639.453
-1306.0,-762.0,-162.261,1.49785e-06,88.7976,61.1859,91.2024,-43.396,-1381.4,-617.583,-1239.86,-641.768
-1304.0,-762.0,-162.45,1.49465e-06,88.7842,61.4474,91.2158,-43.396,-1381.4,-617.583,-1239.86,-644.134
-1302.0,-762.0,-162.668,1.49148e-06,88.7708,61.7103,91.2292,-43.396,-1381.4,-617.583,-1239.86,-646.552
-1300.0,-762.0,-162.915,1.48834e-06,88.7573,61.9745,91.2427,-43.396,-1381.4,-617.583,-1239.86,-649.023
-1298.0,-762.0,-163.197,1.48523e-06,88.7439,62.24,91.2561,-43.396,-1381.4,-617.583,-1239.87,-651.551
-1296.0,-762.0,-163.52,1.48214e-06,88.7303,62.5067,91.2697,-43.396,-1381.4,-617.583,-1239.87,-654.136
-1294.0,-762.0,-163.895,1.47908e-06,88.7168,62.7748,91.2832,-43.396,-1381.4,-617.583,-1239.87,-656.78
-1292.0,-762.0,-164.337,1.47605e-06,88.7032,63.0442,91.2968,-43.396,-1381.4,-617.583,-1239.87,-659.487
-1290.0,-762.0,-164.873,1.47304e-06,88.6896,63.3148,91.3104,-43.396,-1381.4,-617.583,-1239.87,-662.257
-1288.0,-762.0,-165.545,1.47007e-06,88.676,63.5868,91.324,-43.396,-1381.4,-617.583,-1239.87,-665.093
-1286.0,-762.0,-156.269,1.23128e-06,82.0394,39.3543,88.6299,-33.5687,-1373.98,-617.269,-1196.0,-688.189
-1284.0,-762.0,-156.48,1.22622e-06,81.8472,39.57,88.6334,-33.7603,-1374.15,-617.277,-1195.96,-689.247
-1282.0,-762.0,-156.864,1.22118e-06,81.6472,39.7888,88.6369,-33.9533,-1374.33,-617.284,-1195.93,-690.317
-1280.0,-762.0,-157.455,1.21616e-06,81.4389,40.0109,88.6405,-34.1477,-1374.51,-617.292,-1195.9,-691.401
-1278.0,-762.0,-158.348,1.21118e-06,81.1912,40.2391,88.6441,-34.3423,-1374.68,-617.299,-1195.86,-692.492
-1276.0,-762.0,-159.455,1.20621e-06,80.9588,40.469,88.6477,-34.5392,-1374.86,-617.307,-1195.83,-693.601
-1274.0,-762.0,-160.565,1.2012e-06,80.7667,40.6982,88.6514,-34.7394,-1375.03,-617.314,-1195.79,-694.735
-1272.0,-762.0,-158.123,1.86757e-06,87.9469,63.0796,83.6724,117.639,-1429.35,-543.954,-1239.87,-698.729
-1270.0,-762.0,-158.751,1.86456e-06,87.9415,63.2627,83.7122,117.46,-1429.36,-543.505,-1239.87,-702.196
-1268.0,-762.0,-159.496,1.86156e-06,87.936,63.4465,83.7521,117.28,-1429.37,-543.049,-1239.87,-705.719
-1266.0,-762.0,-159.036,1.1814e-06,79.9017,41.6541,88.6667,-35.5546,-1375.73,-617.344,-1195.65,-699.42
-1264.0,-762.0,-158.05,1.1765e-06,79.6576,41.9041,88.6707,-35.762,-1375.91,-617.351,-1195.61,-700.629
-1262.0,-762.0,-165.119,1.43892e-06,88.5707,68.4404,91.4293,-43.3117,-1381.35,-617.58,-1239.87,-706.0
-1260.0,-762.0,-169.593,1.25349e-06,88.3592,110.648,91.6408,15.8832,-1361.84,-589.142,-1309.31,-631.135
-1258.0,-762.0,-169.839,1.25588e-06,88.3624,111.411,91.6376,15.8832,-1361.84,-589.142,-1309.31,-631.135
-1256.0,-762.0,-170.146,1.25836e-06,88.3656,112.166,91.6344,15.8832,-1361.84,-589.142,-1309.31,-631.135
-1254.0,-762.0,-170.444,1.26091e-06,88.3689,112.913,91.6311,15.8832,-1361.84,-589.142,-1309.31,-631.135
-1252.0,-762.0,-162.052,1.40201e-06,88.5399,106.109,91.4601,-43.3117,-1381.35,-617.58,-1325.87,-506.235
-1250.0,-762.0,-161.968,1.40387e-06,88.5533,106.436,91.4467,-43.3117,-1381.35,-617.58,-1325.45,-506.227
-1248.0,-762.0,-161.898,1.40577e-06,88.5668,106.761,91.4332,-43.3117,-1381.35,-617.58,-1325.04,-506.219
-1246.0,-762.0,-134.532,1.20962e-06,88.3477,146.65,91.6523,-35.9954,-1376.1,-617.359,-1306.45,-722.215
-1244.0,-762.0,-131.423,1.21519e-06,88.3685,146.867,91.6315,-35.9954,-1376.1,-617.359,-1306.5,-721.209
-1242.0,-762.0,-128.001,1.22078e-06,88.3892,147.082,91.6108,-35.9954,-1376.1,-617.359,-1306.54,-720.219
-1240.0,-762.0,-125.364,1.22638e-06,88.4097,147.295,91.5903,-35.9954,-1376.1,-617.359,-1306.58,-719.246
-1238.0,-762.0,-128.547,1.23199e-06,88.4301,147.505,91.5699,-35.9954,-1376.1,-617.359,-1306.63,-718.289
-1236.0,-762.0,0.0,0.0,0.0,0.0,0.0,0.0,0.0,0.0,0.0,0.0
-1234.0,-762.0,0.0,0.0,0.0,0.0,0.0,0.0,0.0,0.0,0.0,0.0
-1232.0,-762.0,0.0,0.0,0.0,0.0,0.0,0.0,0.0,0.0,0.0,0.0
-1230.0,-762.0,0.0,0.0,0.0,0.0,0.0,0.0,0.0,0.0,0.0,0.0
-1228.0,-762.0,0.0,0.0,0.0,0.0,0.0,0.0,0.0,0.0,0.0,0.0
-1226.0,-762.0,0.0,0.0,0.0,0.0,0.0,0.0,0.0,0.0,0.0,0.0
-1224.0,-762.0,0.0,0.0,0.0,0.0,0.0,0.0,0.0,0.0,0.0,0.0
-1222.0,-762.0,0.0,0.0,0.0,0.0,0.0,0.0,0.0,0.0,0.0,0.0
-1220.0,-762.0,0.0,0.0,0.0,0.0,0.0,0.0,0.0,0.0,0.0,0.0
-1218.0,-762.0,0.0,0.0,0.0,0.0,0.0,0.0,0.0,0.0,0.0,0.0
-1216.0,-762.0,0.0,0.0,0.0,0.0,0.0,0.0,0.0,0.0,0.0,0.0
-1214.0,-762.0,0.0,0.0,0.0,0.0,0.0,0.0,0.0,0.0,0.0,0.0
-1212.0,-762.0,0.0,0.0,0.0,0.0,0.0,0.0,0.0,0.0,0.0,0.0
-1210.0,-762.0,0.0,0.0,0.0,0.0,0.0,0.0,0.0,0.0,0.0,0.0
-1208.0,-762.0,0.0,0.0,0.0,0.0,0.0,0.0,0.0,0.0,0.0,0.0
-1206.0,-762.0,0.0,0.0,0.0,0.0,0.0,0.0,0.0,0.0,0.0,0.0
-1204.0,-762.0,0.0,0.0,0.0,0.0,0.0,0.0,0.0,0.0,0.0,0.0
-1202.0,-762.0,0.0,0.0,0.0,0.0,0.0,0.0,0.0,0.0,0.0,0.0
-1600.0,-760.0,-109.604,8.5527e-07,87.7615,38.6598,92.2385,-141.34,-1600.0,-760.0,-1400.0,-600.0
-1598.0,-760.0,-109.551,8.50062e-07,87.7668,38.941,92.2332,-141.059,-1598.0,-760.0,-1400.0,-600.0
-1596.0,-760.0,-109.498,8.44875e-07,87.7722,39.2257,92.2278,-140.774,-1596.0,-760.0,-1400.0,-600.0
-1594.0,-760.0,-109.444,8.39709e-07,87.7777,39.5138,92.2223,-140.486,-1594.0,-760.0,-1400.0,-600.0
-1592.0,-760.0,-109.391,8.34564e-07,87.7833,39.8056,92.2167,-140.194,-1592.0,-760.0,-1400.0,-600.0
-1590.0,-760.0,-109.337,8.29442e-07,87.7891,40.1009,92.2109,-139.899,-1590.0,-760.0,-1400.0,-600.0
-1588.0,-760.0,-109.283,8.24346e-07,87.7863,40.3999,92.2137,-139.6,-1588.0,-760.0,-1400.0,-600.0
-1586.0,-760.0,-109.229,8.19279e-07,87.7726,40.7026,92.2274,-139.297,-1586.0,-760.0,-1400.0,-600.0
-1584.0,-760.0,-109.176,8.14231e-07,87.7675,41.0091,92.2325,-138.991,-1584.0,-760.0,-1400.0,-600.0
-1582.0,-760.0,-109.121,8.09199e-07,87.7736,41.3194,92.2264,-138.681,-1582.0,-760.0,-1400.0,-600.0
-1580.0,-760.0,-109.067,8.04188e-07,87.7884,41.6335,92.2116,-138.366,-1580.0,-760.0,-1400.0,-600.0
-1578.0,-760.0,-109.013,7.99194e-07,87.815,41.9516,92.185,-138.048,-1578.0,-760.0,-1400.0,-600.0
-1576.0,-760.0,-108.959,7.94226e-07,87.842,42.2737,92.158,-137.726,-1576.0,-760.0,-1400.0,-600.0
-1574.0,-760.0,-108.904,7.89283e-07,87.8694,42.5998,92.1306,-137.4,-1574.0,-760.0,-1400.0,-600.0
-1572.0,-760.0,-108.85,7.84366e-07,87.8972,42.93,92.1028,-137.07,-1572.0,-760.0,-1400.0,-600.0
-1570.0,-760.0,-108.795,7.79476e-07,87.9254,43.2643,92.0746,-136.736,-1570.0,-760.0,-1400.0,-600.0
-1568.0,-760.0,-108.741,7.74613e-07,87.9541,43.6028,92.0459,-136.397,-1568.0,-760.0,-1400.0,-600.0
-1566.0,-760.0,-108.686,7.69777e-07,87.9832,43.9456,92.0168,-136.054,-1566.0,-760.0,-1400.0,-600.0
-1564.0,-760.0,-108.631,7.6497e-07,88.0127,44.2927,91.9873,-135.707,-1564.0,-760.0,-1400.0,-600.0
-1562.0,-760.0,-108.577,7.60191e-07,88.0427,44.6441,91.9573,-135.356,-1562.0,-760.0,-1400.0,-600.0
-1560.0,-760.0,-108.522,7.55452e-07,88.0479,45.0,91.9521,-135.0,-1560.0,-760.0,-1400.0,-600.0
-1558.0,-760.0,-108.468,7.50751e-07,88.0356,45.3603,91.9644,-134.64,-1558.0,-760.0,-1400.0,-600.0
-1556.0,-760.0,-108.413,7.46074e-07,88.0359,45.7252,91.9641,-134.275,-1556.0,-760.0,-1400.0,-600.0
-1554.0,-760.0,-108.359,7.41424e-07,88.0454,46.0947,91.9546,-133.905,-1554.0,-760.0,-1400.0,-600.0
-1552.0,-760.0,-108.304,7.36805e-07,88.055,46.4688,91.945,-133.531,-1552.0,-760.0,-1400.0,-600.0
-1550.0,-760.0,-108.25,7.32217e-07,88.0649,46.8476,91.9351,-133.152,-1550.0,-760.0,-1400.0,-600.0
-1548.0,-760.0,-108.196,7.27663e-07,88.0749,47.2312,91.9251,-132.769,-1548.0,-760.0,-1400.0,-600.0
-1546.0,-760.0,-108.141,7.23141e-07,88.0852,47.6195,91.9148,-132.38,-1546.0,-760.0,-1400.0,-600.0
-1544.0,-760.0,-108.087,7.18653e-07,88.0957,48.0128,91.9043,-131.987,-1544.0,-760.0,-1400.0,-600.0
-1542.0,-760.0,-108.033,7.14199e-07,88.1064,48.4109,91.8936,-131.589,-1542.0,-760.0,-1400.0,-600.0
-1540.0,-760.0,-107.979,7.0978e-07,88.1174,48.8141,91.8826,-131.186,-1540.0,-760.0,-1400.0,-600.0
-1538.0,-760.0,-107.925,7.05396e-07,88.1286,49.2222,91.8714,-130.778,-1538.0,-760.0,-1400.0,-600.0
-1536.0,-760.0,-107.871,7.01063e-07,88.1056,49.6355,91.8944,-130.365,-1536.0,-760.0,-1400.0,-600.0
-1534.0,-760.0,-107.818,6.96771e-07,88.0708,50.0538,91.9292,-129.946,-1534.0,-760.0,-1400.0,-600.0
-1532.0,-760.0,-107.764,6.92517e-07,88.0356,50.4774,91.9644,-129.523,-1532.0,-760.0,-1400.0,-600.0
-1530.0,-760.0,-107.711,6.88302e-07,88.0001,50.9061,91.9999,-129.094,-1530.0,-760.0,-1400.0,-600.0
-1528.0,-760.0,-107.658,6.84126e-07,87.9643,51.3402,92.0357,-128.66,-1528.0,-760.0,-1400.0,-600.0
-1526.0,-760.0,-107.605,6.7999e-07,87.9281,51.7796,92.0719,-128.22,-1526.0,-760.0,-1400.0,-600.0
-1524.0,-760.0,-107.553,6.75894e-07,87.8917,52.2243,92.1083,-127.776,-1524.0,-760.0,-1400.0,-600.0
-1522.0,-760.0,-107.5,6.7184e-07,87.8549,52.6745,92.1451,-127.326,-1522.0,-760.0,-1400.0,-600.0
-1520.0,-760.0,-107.448,6.67828e-07,87.8178,53.1301,92.1822,-126.87,-1520.0,-760.0,-1400.0,-600.0
-1518.0,-760.0,-107.396,6.63859e-07,87.7804,53.5912,92.2196,-126.409,-1518.0,-760.0,-1400.0,-600.0
-1516.0,-760.0,-107.344,6.59924e-07,87.7651,54.0579,92.2349,-125.942,-1516.0,-760.0,-1400.0,-600.0
-1514.0,-760.0,-107.293,6.56032e-07,87.7518,54.5301,92.2482,-125.47,-1514.0,-760.0,-1400.0,-600.0
-1512.0,-760.0,-107.242,6.52196e-07,87.7162,55.008,92.2838,-124.992,-1512.0,-760.0,-1400.0,-600.0
-1510.0,-760.0,-107.191,6.48406e-07,87.678,55.4915,92.322,-124.509,-1510.0,-760.0,-1400.0,-600.0
-1508.0,-760.0,-107.14,6.44664e-07,87.6394,55.9807,92.3606,-124.019,-1508.0,-760.0,-1400.0,-600.0
-1506.0,-760.0,-107.09,6.40969e-07,87.6006,56.4755,92.3994,-123.524,-1506.0,-760.0,-1400.0,-600.0
-1504.0,-760.0,-107.041,6.37323e-07,87.5615,56.9761,92.4385,-123.024,-1504.0,-760.0,-1400.0,-600.0
-1502.0,-760.0,-106.991,6.33726e-07,87.5222,57.4825,92.4778,-122.518,-1502.0,-760.0,-1400.0,-600.0
-1500.0,-760.0,-106.942,6.30179e-07,87.4826,57.9946,92.5174,-122.005,-1500.0,-760.0,-1400.0,-600.0
-1498.0,-760.0,-106.894,6.26684e-07,87.4428,58.5125,92.5572,-121.487,-1498.0,-760.0,-1400.0,-600.0
-1496.0,-760.0,-106.846,6.2324e-07,87.4027,59.0362,92.5973,-120.964,-1496.0,-760.0,-1400.0,-600.0
-1494.0,-760.0,-106.798,6.19849e-07,87.3642,59.5658,92.6358,-120.434,-1494.0,-760.0,-1400.0,-600.0
-1492.0,-760.0,-106.751,6.16499e-07,87.3499,60.1011,92.6501,-119.899,-1492.0,-760.0,-1400.0,-600.0
-1490.0,-760.0,-106.704,6.13203e-07,87.3356,60.6422,92.6644,-119.358,-1490.0,-760.0,-1400.0,-600.0
-1488.0,-760.0,-106.658,6.09963e-07,87.3214,61.1892,92.6786,-118.811,-1488.0,-760.0,-1400.0,-600.0
-1486.0,-760.0,-106.613,6.06778e-07,87.3074,61.742,92.6926,-118.258,-1486.0,-760.0,-1400.0,-600.0
-1484.0,-760.0,-106.568,6.03651e-07,87.2934,62.3005,92.7066,-117.699,-1484.0,-760.0,-1400.0,-600.0
-1482.0,-760.0,-106.523,6.00582e-07,87.2796,62.8649,92.7204,-117.135,-1482.0,-760.0,-1400.0,-600.0
-1480.0,-760.0,-106.48,5.97571e-07,87.2659,63.4349,92.7341,-116.565,-1480.0,-760.0,-1400.0,-600.0
-1478.0,-760.0,-106.436,5.9462e-07,87.2523,64.0108,92.7477,-115.989,-1478.0,-760.0,-1400.0,-600.0
-1476.0,-760.0,-106.394,5.91729e-07,87.2388,64.5923,92.7612,-115.408,-1476.0,-760.0,-1400.0,-600.0
-1474.0,-760.0,-106.352,5.889e-07,87.2256,65.1795,92.7744,-114.821,-1474.0,-760.0,-1400.0,-600.0
-1472.0,-760.0,-106.311,5.86133e-07,87.2125,65.7723,92.7875,-114.228,-1472.0,-760.0,-1400.0,-600.0
-1470.0,-760.0,-106.271,5.8343e-07,87.1995,66.3706,92.8005,-113.629,-1470.0,-760.0,-1400.0,-600.0
-1468.0,-760.0,-106.231,5.8079e-07,87.1868,66.9745,92.8132,-113.025,-1468.0,-760.0,-1400.0,-600.0
-1466.0,-760.0,-106.193,5.78216e-07,87.1743,67.5839,92.8257,-112.416,-1466.0,-760.0,-1400.0,-600.0
-1464.0,-760.0,-106.155,5.75707e-07,87.1619,68.1986,92.8381,-111.801,-1464.0,-760.0,-1400.0,-600.0
-1462.0,-760.0,-106.118,5.73265e-07,87.1498,68.8187,92.8502,-111.181,-1462.0,-760.0,-1400.0,-600.0
-1460.0,-760.0,-106.082,5.70891e-07,87.138,69.444,92.862,-110.556,-1460.0,-760.0,-1400.0,-600.0
-1458.0,-760.0,-106.046,5.68585e-07,87.1264,70.0744,92.8736,-109.926,-1458.0,-760.0,-1400.0,-600.0
-1456.0,-760.0,-106.012,5.66348e-07,87.115,70.71,92.885,-109.29,-1456.0,-760.0,-1400.0,-600.0
-1454.0,-760.0,-105.979,5.64182e-07,87.1039,71.3505,92.8961,-108.65,-1454.0,-760.0,-1400.0,-600.0
-1452.0,-760.0,-105.946,5.62086e-07,87.0931,71.9958,92.9069,-108.004,-1452.0,-760.0,-1400.0,-600.0
-1450.0,-760.0,-105.915,5.60062e-07,87.0826,72.646,92.9174,-107.354,-1450.0,-760.0,-1400.0,-600.0
-1448.0,-760.0,-105.885,5.5811e-07,87.0724,73.3008,92.9276,-106.699,-1448.0,-760.0,-1400.0,-600.0
-1446.0,-760.0,-105.855,5.56238e-07,87.0515,73.9601,92.9485,-106.04,-1446.0,-760.0,-1400.0,-600.0
-1444.0,-760.0,-105.827,5.54448e-07,87.0128,74.6237,92.9872,-105.376,-1444.0,-760.0,-1400.0,-600.0
-1442.0,-760.0,-105.8,5.52733e-07,86.9743,75.2917,93.0257,-104.708,-1442.0,-760.0,-1400.0,-600.0
-1440.0,-760.0,-105.774,5.51094e-07,86.9359,75.9638,93.0641,-104.036,-1440.0,-760.0,-1400.0,-600.0
-1438.0,-760.0,-117.511,5.49535e-07,86.8978,76.7191,93.1022,-103.963,-1404.61,-618.561,-1404.61,-618.561
-1436.0,-760.0,-121.655,1.20954e-06,88.5778,83.3253,91.4222,86.6888,-1397.92,-564.128,-1405.57,-499.953
-1434.0,-760.0,-122.109,1.20879e-06,88.5635,83.6396,91.4365,87.0031,-1398.0,-561.743,-1405.01,-499.952
-1432.0,-760.0,-122.537,1.20808e-06,88.5493,83.9542,91.4507,87.3178,-1398.08,-559.016,-1404.46,-499.952
-1430.0,-760.0,-122.928,1.2074e-06,88.5351,84.2693,91.4649,87.6328,-1398.18,-555.868,-1403.9,-499.951
-1428.0,-760.0,-123.864,1.20555e-06,88.5195,85.5863,91.4805,94.531,-1407.93,-499.955,-1407.93,-499.955
-1426.0,-760.0,-123.945,1.20506e-06,88.5055,85.9028,91.4945,94.2145,-1407.37,-499.955,-1407.37,-499.955
-1424.0,-760.0,-123.971,1.20461e-06,88.4915,86.2195,91.5085,93.8978,-1406.82,-499.954,-1406.82,-499.954
-1422.0,-760.0,-123.952,1.20419e-06,88.4848,86.5364,91.5152,93.5809,-1406.26,-499.954,-1406.26,-499.954
-1420.0,-760.0,-123.897,1.20381e-06,88.4843,86.8536,91.5157,93.2637,-1405.71,-499.953,-1405.71,-499.953
-1418.0,-760.0,-123.818,1.20346e-06,88.4839,87.1709,91.5161,92.9464,-1405.15,-499.952,-1405.15,-499.952
-1416.0,-760.0,-123.726,1.20315e-06,88.4835,87.4885,91.5165,92.6288,-1404.59,-499.952,-1404.59,-499.952
-1414.0,-760.0,-123.627,1.20287e-06,88.4831,87.8061,91.5169,92.3111,-1404.04,-499.951,-1404.04,-499.951
-1412.0,-760.0,-123.531,1.20264e-06,88.4828,88.124,91.5172,91.9933,-1403.48,-499.951,-1403.48,-499.951
-1410.0,-760.0,-123.441,1.20244e-06,88.4826,88.4419,91.5174,91.6754,-1402.93,-499.95,-1402.93,-499.95
-1408.0,-760.0,-123.363,1.20227e-06,88.4824,88.7599,91.5176,91.3574,-1402.37,-499.95,-1402.37,-499.95
-1406.0,-760.0,-133.649,1.31409e-06,88.6115,96.256,91.3885,99.5595,-1419.44,-484.568,-1425.26,-584.337
-1404.0,-760.0,-142.887,1.31485e-06,88.6123,96.8998,91.3877,99.5595,-1419.44,-484.568,-1425.26,-584.337
-1402.0,-760.0,-148.119,1.31569e-06,88.6132,97.5418,91.3868,99.5595,-1419.44,-484.568,-1425.26,-584.337
-1400.0,-760.0,-121.047,1.32066e-06,88.6184,98.1288,91.3816,81.8269,-1396.74,-577.287,-1425.29,-582.943
-1398.0,-760.0,-120.929,1.32162e-06,88.6194,98.4153,91.3806,81.5404,-1396.72,-577.934,-1425.5,-574.136
-1396.0,-760.0,-140.576,1.32267e-06,88.6205,99.0127,91.3795,82.1554,-1396.76,-576.497,-1425.5,-574.015
-1394.0,-760.0,-156.749,6.9523e-07,87.3905,100.089,92.6095,148.195,-1425.26,-584.337,-1425.26,-584.337
-1392.0,-760.0,-184.161,9.07292e-07,88.0185,115.852,91.9815,169.301,-1476.53,-585.541,-1476.53,-585.541
-1390.0,-760.0,-183.816,2.34118e-06,89.2391,112.751,90.7609,-124.21,-1548.4,-818.284,-1463.29,-585.23
-1388.0,-760.0,-167.398,1.45311e-06,88.7852,-163.901,91.2148,-126.816,-1556.08,-808.509,-1556.08,-808.509
-1386.0,-760.0,-167.475,1.45952e-06,88.8015,-164.081,91.1985,-126.816,-1556.08,-808.509,-1556.08,-808.509
-1384.0,-760.0,-167.554,1.46593e-06,88.8178,-164.257,91.1822,-126.816,-1556.08,-808.509,-1556.08,-808.509
-1382.0,-760.0,-167.634,1.47235e-06,88.8339,-164.429,91.1661,-126.816,-1556.08,-808.509,-1556.08,-808.509
-1380.0,-760.0,-167.716,1.47877e-06,88.8499,-164.597,91.1501,-126.816,-1556.08,-808.509,-1556.08,-808.509
-1378.0,-760.0,-167.793,1.48196e-06,88.8633,-161.117,91.1367,-124.21,-1548.4,-818.284,-1548.4,-818.284
-1376.0,-760.0,-167.808,1.48828e-06,88.8789,-161.321,91.1211,-124.21,-1548.4,-818.284,-1548.4,-818.284
-1374.0,-760.0,-167.828,1.49459e-06,88.8945,-161.521,91.1055,-124.21,-1548.4,-818.284,-1548.4,-818.284
-1372.0,-760.0,-167.853,1.50092e-06,88.9099,-161.716,91.0901,-124.21,-1548.4,-818.284,-1548.4,-818.284
-1370.0,-760.0,-167.883,1.50726e-06,88.9164,-161.908,91.0836,-124.21,-1548.4,-818.284,-1548.4,-818.284
-1368.0,-760.0,-166.36,2.788e-06,87.337,-29.7038,88.6139,-27.7939,-1367.74,-617.006,-1178.31,-868.215
-1366.0,-760.0,-166.578,2.7822e-06,87.3329,-29.772,88.615,-27.862,-1367.82,-617.01,-1176.98,-868.128
-1364.0,-760.0,-163.116,1.13303e-06,86.6436,32.7758,65.8042,27.4035,-1380.14,-589.702,-1239.87,-680.078
-1362.0,-760.0,-162.446,1.12742e-06,86.6422,32.9598,65.6854,27.5564,-1380.27,-589.706,-1239.87,-680.81
-1360.0,-760.0,-161.907,1.12182e-06,86.6409,33.1456,65.5655,27.7111,-1380.41,-589.711,-1239.87,-681.552
-1358.0,-760.0,-161.488,1.11623e-06,86.6396,33.3333,65.4446,27.8676,-1380.55,-589.715,-1239.87,-682.305
-1356.0,-760.0,-161.174,1.11065e-06,86.6383,33.5229,65.3227,28.026,-1380.69,-589.719,-1239.87,-683.069
-1354.0,-760.0,-160.951,1.10509e-06,86.637,33.7144,65.1997,28.1864,-1380.82,-589.723,-1239.87,-683.844
-1352.0,-760.0,-136.131,1.16538e-06,88.7064,38.6991,91.2936,-35.9954,-1376.1,-617.359,-1239.87,-670.168
-1350.0,-760.0,-139.32,1.16017e-06,88.7146,38.9612,91.2854,-35.9954,-1376.1,-617.359,-1239.87,-670.94
-1348.0,-760.0,-142.591,1.15499e-06,88.7228,39.2264,91.2772,-35.9954,-1376.1,-617.359,-1239.87,-671.727
-1346.0,-760.0,-146.177,1.14983e-06,88.7036,39.4945,91.2964,-35.9954,-1376.1,-617.359,-1239.87,-672.529
-1344.0,-760.0,-160.787,1.07753e-06,86.5673,34.7011,64.5653,29.022,-1381.51,-589.744,-1239.87,-687.895
-1342.0,-760.0,-160.847,1.07207e-06,86.5335,34.9044,64.4342,29.1966,-1381.65,-589.749,-1239.87,-688.742
-1340.0,-760.0,-166.47,1.17898e-06,87.1286,42.2538,83.0289,43.558,-1389.47,-589.988,-1239.87,-669.034
-1338.0,-760.0,-166.662,1.17407e-06,87.1002,42.4729,83.0001,43.7778,-1389.55,-589.99,-1239.87,-670.164
-1336.0,-760.0,-166.374,1.16917e-06,87.0715,42.6939,82.971,43.9994,-1389.64,-589.993,-1239.87,-671.311
-1334.0,-760.0,-165.271,1.1643e-06,87.0427,42.9167,82.9419,44.223,-1389.72,-589.995,-1239.87,-672.476
-1332.0,-760.0,-163.376,1.15944e-06,87.0137,43.1414,82.9126,44.4485,-1389.8,-589.998,-1239.87,-673.66
-1330.0,-760.0,-161.275,1.1546e-06,86.9845,43.368,82.8832,44.6758,-1389.89,-590.0,-1239.87,-674.862
-1328.0,-760.0,-159.42,1.14978e-06,86.9551,43.5966,82.8536,44.9052,-1389.97,-590.003,-1239.87,-676.084
-1326.0,-760.0,-157.938,1.14498e-06,86.9255,43.827,82.8239,45.1365,-1390.05,-590.006,-1239.87,-677.326
-1324.0,-760.0,-156.806,1.1402e-06,86.8956,44.0594,82.7941,45.3698,-1390.14,-590.008,-1239.87,-678.587
-1322.0,-760.0,-155.963,1.13543e-06,86.8656,44.2938,82.7641,45.605,-1390.22,-590.011,-1239.87,-679.87
-1320.0,-760.0,-155.353,1.13069e-06,86.8354,44.5302,82.734,45.8423,-1390.3,-590.013,-1239.87,-681.173
-1318.0,-760.0,-154.933,1.12596e-06,86.805,44.7686,82.7038,46.0816,-1390.39,-590.016,-1239.87,-682.499
-1316.0,-760.0,-154.673,1.12126e-06,86.7744,45.0089,82.6734,46.323,-1390.47,-590.018,-1239.87,-683.847
-1314.0,-760.0,-154.557,1.11658e-06,86.7436,45.2514,82.643,46.5665,-1390.55,-590.021,-1239.87,-685.217
-1312.0,-760.0,-168.309,9.83017e-07,88.2043,45.5918,91.7957,-9.41385,-1309.77,-614.96,-1239.87,-686.365
-1310.0,-760.0,-168.608,9.78375e-07,88.1793,45.9978,91.8207,-9.41385,-1309.77,-614.96,-1239.87,-687.385
-1308.0,-760.0,-161.972,1.49525e-06,88.798,60.7806,91.202,-43.396,-1381.4,-617.583,-1239.86,-638.18
-1306.0,-760.0,-162.12,1.49201e-06,88.7846,61.0417,91.2154,-43.396,-1381.4,-617.583,-1239.86,-640.481
-1304.0,-760.0,-162.295,1.4888e-06,88.7711,61.3041,91.2289,-43.396,-1381.4,-617.583,-1239.86,-642.833
-1302.0,-760.0,-162.498,1.48562e-06,88.7576,61.5678,91.2424,-43.396,-1381.4,-617.583,-1239.86,-645.236
-1300.0,-760.0,-162.73,1.48246e-06,88.7441,61.8329,91.2559,-43.396,-1381.4,-617.583,-1239.86,-647.693
-1298.0,-760.0,-162.995,1.47933e-06,88.7305,62.0992,91.2695,-43.396,-1381.4,-617.583,-1239.86,-650.205
-1296.0,-760.0,-163.297,1.47623e-06,88.7169,62.3669,91.2831,-43.396,-1381.4,-617.583,-1239.87,-652.775
-1294.0,-760.0,-163.645,1.47316e-06,88.7032,62.6359,91.2968,-43.396,-1381.4,-617.583,-1239.87,-655.404
-1292.0,-760.0,-164.052,1.47011e-06,88.6896,62.9062,91.3104,-43.396,-1381.4,-617.583,-1239.87,-658.094
-1290.0,-760.0,-164.54,1.46709e-06,88.6759,63.1778,91.3241,-43.396,-1381.4,-617.583,-1239.87,-660.848
-1288.0,-760.0,-165.141,1.4641e-06,88.6621,63.4508,91.3379,-43.396,-1381.4,-617.583,-1239.87,-663.668
-1286.0,-760.0,-165.908,1.46114e-06,88.6484,63.725,91.3516,-43.396,-1381.4,-617.583,-1239.87,-666.555
-1284.0,-760.0,-156.455,1.22205e-06,81.7836,39.3291,88.629,-33.5163,-1373.93,-617.267,-1196.0,-687.901
-1282.0,-760.0,-156.669,1.217e-06,81.5819,39.5477,88.6325,-33.7089,-1374.11,-617.275,-1195.97,-688.963
-1280.0,-760.0,-157.098,1.21198e-06,81.3517,39.7713,88.636,-33.9022,-1374.28,-617.282,-1195.94,-690.034
-1278.0,-760.0,-157.797,1.207e-06,81.0888,40.0006,88.6395,-34.096,-1374.46,-617.29,-1195.9,-691.112
-1276.0,-760.0,-158.707,1.20201e-06,80.8537,40.2306,88.6431,-34.2925,-1374.64,-617.297,-1195.87,-692.212
-1274.0,-760.0,-159.764,1.19699e-06,80.659,40.4599,88.6468,-34.4922,-1374.81,-617.305,-1195.84,-693.336
-1272.0,-760.0,-160.855,1.19199e-06,80.4552,40.6929,88.6506,-34.6935,-1374.99,-617.312,-1195.8,-694.475
-1270.0,-760.0,-158.402,1.85862e-06,87.9199,63.1703,83.6917,117.552,-1429.35,-543.737,-1239.87,-700.435
-1268.0,-760.0,-159.089,1.85562e-06,87.9143,63.3544,83.7317,117.372,-1429.36,-543.283,-1239.87,-703.944
-1266.0,-760.0,-159.922,1.17712e-06,79.7825,41.4165,88.662,-35.3059,-1375.52,-617.335,-1195.69,-697.98
-1264.0,-760.0,-158.745,1.1722e-06,79.5351,41.6669,88.6659,-35.513,-1375.7,-617.342,-1195.66,-699.178
-1262.0,-760.0,-157.813,1.16731e-06,79.2747,41.9224,88.6699,-35.7215,-1375.87,-617.349,-1195.62,-700.392
-1260.0,-760.0,-169.585,1.24726e-06,88.3312,110.941,91.6688,15.8832,-1361.84,-589.142,-1309.31,-631.135
-1258.0,-760.0,-169.861,1.24969e-06,88.3345,111.712,91.6655,15.8832,-1361.84,-589.142,-1309.31,-631.135
-1256.0,-760.0,-170.183,1.2522e-06,88.3378,112.476,91.6622,15.8832,-1361.84,-589.142,-1309.31,-631.135
-1254.0,-760.0,-170.432,1.25479e-06,88.3412,113.231,91.6588,15.8832,-1361.84,-589.142,-1309.31,-631.135
-1252.0,-760.0,-161.978,1.39561e-06,88.5155,106.204,91.4845,-43.3117,-1381.35,-617.58,-1325.75,-506.233
-1250.0,-760.0,-161.898,1.39748e-06,88.529,106.533,91.471,-43.3117,-1381.35,-617.58,-1325.33,-506.224
-1248.0,-760.0,-132.838,1.2004e-06,88.3009,146.765,91.6991,-35.9954,-1376.1,-617.359,-1306.47,-721.683
-1246.0,-760.0,-129.576,1.20598e-06,88.3222,146.983,91.6778,-35.9954,-1376.1,-617.359,-1306.52,-720.673
-1244.0,-760.0,-125.958,1.21158e-06,88.3432,147.2,91.6568,-35.9954,-1376.1,-617.359,-1306.56,-719.68
-1242.0,-760.0,-127.084,1.21718e-06,88.3641,147.414,91.6359,-35.9954,-1376.1,-617.359,-1306.61,-718.703
-1240.0,-760.0,-130.166,1.2228e-06,88.3848,147.625,91.6152,-35.9954,-1376.1,-617.359,-1306.65,-717.743
-1238.0,-760.0,-132.896,1.22843e-06,88.4054,147.834,91.5946,-35.9954,-1376.1,-617.359,-1306.69,-716.799
-1236.0,-760.0,0.0,0.0,0.0,0.0,0.0,0.0,0.0,0.0,0.0,0.0
-1234.0,-760.0,0.0,0.0,0.0,0.0,0.0,0.0,0.0,0.0,0.0,0.0
-1232.0,-760.0,0.0,0.0,0.0,0.0,0.0,0.0,0.0,0.0,0.0,0.0
-1230.0,-760.0,0.0,0.0,0.0,0.0,0.0,0.0,0.0,0.0,0.0,0.0
-1228.0,-760.0,0.0,0.0,0.0,0.0,0.0,0.0,0.0,0.0,0.0,0.0
-1226.0,-760.0,0.0,0.0,0.0,0.0,0.0,0.0,0.0,0.0,0.0,0.0
-1224.0,-760.0,0.0,0.0,0.0,0.0,0.0,0.0,0.0,0.0,0.0,0.0
-1222.0,-760.0,0.0,0.0,0.0,0.0,0.0,0.0,0.0,0.0,0.0,0.0
-1220.0,-760.0,0.0,0.0,0.0,0.0,0.0,0.0,0.0,0.0,0.0,0.0
-1218.0,-760.0,0.0,0.0,0.0,0.0,0.0,0.0,0.0,0.0,0.0,0.0
-1216.0,-760.0,0.0,0.0,0.0,0.0,0.0,0.0,0.0,0.0,0.0,0.0
-1214.0,-760.0,0.0,0.0,0.0,0.0,0.0,0.0,0.0,0.0,0.0,0.0
-1212.0,-760.0,0.0,0.0,0.0,0.0,0.0,0.0,0.0,0.0,0.0,0.0
-1210.0,-760.0,0.0,0.0,0.0,0.0,0.0,0.0,0.0,0.0,0.0,0.0
-1208.0,-760.0,0.0,0.0,0.0,0.0,0.0,0.0,0.0,0.0,0.0,0.0
-1206.0,-760.0,0.0,0.0,0.0,0.0,0.0,0.0,0.0,0.0,0.0,0.0
-1204.0,-760.0,0.0,0.0,0.0,0.0,0.0,0.0,0.0,0.0,0.0,0.0
-1202.0,-760.0,0.0,0.0,0.0,0.0,0.0,0.0,0.0,0.0,0.0,0.0
-1600.0,-758.0,-109.562,8.51112e-07,87.7651,38.3087,92.2349,-141.691,-1600.0,-758.0,-1400.0,-600.0
-1598.0,-758.0,-109.508,8.45878e-07,87.7703,38.5892,92.2297,-141.411,-1598.0,-758.0,-1400.0,-600.0
-1596.0,-758.0,-109.454,8.40666e-07,87.7757,38.8731,92.2243,-141.127,-1596.0,-758.0,-1400.0,-600.0
-1594.0,-758.0,-109.4,8.35473e-07,87.7812,39.1605,92.2188,-140.839,-1594.0,-758.0,-1400.0,-600.0
-1592.0,-758.0,-109.346,8.30303e-07,87.7868,39.4515,92.2132,-140.548,-1592.0,-758.0,-1400.0,-600.0
-1590.0,-758.0,-109.292,8.25156e-07,87.7885,39.7462,92.2115,-140.254,-1590.0,-758.0,-1400.0,-600.0
-1588.0,-758.0,-109.238,8.2004e-07,87.7747,40.0446,92.2253,-139.955,-1588.0,-758.0,-1400.0,-600.0
-1586.0,-758.0,-109.183,8.14946e-07,87.7608,40.3466,92.2392,-139.653,-1586.0,-758.0,-1400.0,-600.0
-1584.0,-758.0,-109.129,8.09871e-07,87.7555,40.6525,92.2445,-139.347,-1584.0,-758.0,-1400.0,-600.0
-1582.0,-758.0,-109.074,8.04812e-07,87.7614,40.9623,92.2386,-139.038,-1582.0,-758.0,-1400.0,-600.0
-1580.0,-758.0,-109.019,7.99778e-07,87.7675,41.2759,92.2325,-138.724,-1580.0,-758.0,-1400.0,-600.0
-1578.0,-758.0,-108.965,7.9476e-07,87.7872,41.5936,92.2128,-138.406,-1578.0,-758.0,-1400.0,-600.0
-1576.0,-758.0,-108.91,7.89764e-07,87.8141,41.9152,92.1859,-138.085,-1576.0,-758.0,-1400.0,-600.0
-1574.0,-758.0,-108.854,7.84793e-07,87.8414,42.2409,92.1586,-137.759,-1574.0,-758.0,-1400.0,-600.0
-1572.0,-758.0,-108.799,7.79847e-07,87.8691,42.5707,92.1309,-137.429,-1572.0,-758.0,-1400.0,-600.0
-1570.0,-758.0,-108.744,7.74928e-07,87.8973,42.9047,92.1027,-137.095,-1570.0,-758.0,-1400.0,-600.0
-1568.0,-758.0,-108.689,7.70036e-07,87.9259,43.243,92.0741,-136.757,-1568.0,-758.0,-1400.0,-600.0
-1566.0,-758.0,-108.634,7.65172e-07,87.9549,43.5856,92.0451,-136.414,-1566.0,-758.0,-1400.0,-600.0
-1564.0,-758.0,-108.578,7.60335e-07,87.9843,43.9325,92.0157,-136.067,-1564.0,-758.0,-1400.0,-600.0
-1562.0,-758.0,-108.523,7.55526e-07,88.0142,44.2838,91.9858,-135.716,-1562.0,-758.0,-1400.0,-600.0
-1560.0,-758.0,-108.468,7.50758e-07,88.0192,44.6397,91.9808,-135.36,-1560.0,-758.0,-1400.0,-600.0
-1558.0,-758.0,-108.413,7.46027e-07,88.0066,45.0,91.9934,-135.0,-1558.0,-758.0,-1400.0,-600.0
-1556.0,-758.0,-108.358,7.41326e-07,87.9939,45.3649,92.0061,-134.635,-1556.0,-758.0,-1400.0,-600.0
-1554.0,-758.0,-108.303,7.36648e-07,87.9991,45.7345,92.0009,-134.265,-1554.0,-758.0,-1400.0,-600.0
-1552.0,-758.0,-108.247,7.31999e-07,88.0084,46.1088,91.9916,-133.891,-1552.0,-758.0,-1400.0,-600.0
-1550.0,-758.0,-108.192,7.27381e-07,88.018,46.4879,91.982,-133.512,-1550.0,-758.0,-1400.0,-600.0
-1548.0,-758.0,-108.137,7.22795e-07,88.0277,46.8717,91.9723,-133.128,-1548.0,-758.0,-1400.0,-600.0
-1546.0,-758.0,-108.082,7.18243e-07,88.0377,47.2605,91.9623,-132.739,-1546.0,-758.0,-1400.0,-600.0
-1544.0,-758.0,-108.027,7.13723e-07,88.0479,47.6542,91.9521,-132.346,-1544.0,-758.0,-1400.0,-600.0
-1542.0,-758.0,-107.972,7.09238e-07,88.0583,48.0529,91.9417,-131.947,-1542.0,-758.0,-1400.0,-600.0
-1540.0,-758.0,-107.917,7.04788e-07,88.0689,48.4566,91.9311,-131.543,-1540.0,-758.0,-1400.0,-600.0
-1538.0,-758.0,-107.863,7.00373e-07,88.0798,48.8655,91.9202,-131.135,-1538.0,-758.0,-1400.0,-600.0
-1536.0,-758.0,-107.808,6.96009e-07,88.0563,49.2795,91.9437,-130.721,-1536.0,-758.0,-1400.0,-600.0
-1534.0,-758.0,-107.754,6.91686e-07,88.0208,49.6987,91.9792,-130.301,-1534.0,-758.0,-1400.0,-600.0
-1532.0,-758.0,-107.7,6.87401e-07,87.985,50.1232,92.015,-129.877,-1532.0,-758.0,-1400.0,-600.0
-1530.0,-758.0,-107.646,6.83154e-07,87.9488,50.553,92.0512,-129.447,-1530.0,-758.0,-1400.0,-600.0
-1528.0,-758.0,-107.592,6.78946e-07,87.9123,50.9881,92.0877,-129.012,-1528.0,-758.0,-1400.0,-600.0
-1526.0,-758.0,-107.538,6.74779e-07,87.8755,51.4287,92.1245,-128.571,-1526.0,-758.0,-1400.0,-600.0
-1524.0,-758.0,-107.485,6.70651e-07,87.8383,51.8748,92.1617,-128.125,-1524.0,-758.0,-1400.0,-600.0
-1522.0,-758.0,-107.431,6.66566e-07,87.8008,52.3264,92.1992,-127.674,-1522.0,-758.0,-1400.0,-600.0
-1520.0,-758.0,-107.378,6.62522e-07,87.763,52.7836,92.237,-127.216,-1520.0,-758.0,-1400.0,-600.0
-1518.0,-758.0,-107.326,6.58514e-07,87.7415,53.2463,92.2585,-126.754,-1518.0,-758.0,-1400.0,-600.0
-1516.0,-758.0,-107.273,6.54546e-07,87.7278,53.7147,92.2722,-126.285,-1516.0,-758.0,-1400.0,-600.0
-1514.0,-758.0,-107.22,6.50622e-07,87.7141,54.1888,92.2859,-125.811,-1514.0,-758.0,-1400.0,-600.0
-1512.0,-758.0,-107.169,6.46753e-07,87.6779,54.6687,92.3221,-125.331,-1512.0,-758.0,-1400.0,-600.0
-1510.0,-758.0,-107.117,6.42932e-07,87.639,55.1543,92.361,-124.846,-1510.0,-758.0,-1400.0,-600.0
-1508.0,-758.0,-107.066,6.39157e-07,87.5997,55.6457,92.4003,-124.354,-1508.0,-758.0,-1400.0,-600.0
-1506.0,-758.0,-107.015,6.3543e-07,87.5602,56.1429,92.4398,-123.857,-1506.0,-758.0,-1400.0,-600.0
-1504.0,-758.0,-106.964,6.31752e-07,87.5204,56.646,92.4796,-123.354,-1504.0,-758.0,-1400.0,-600.0
-1502.0,-758.0,-106.914,6.28124e-07,87.4804,57.1549,92.5196,-122.845,-1502.0,-758.0,-1400.0,-600.0
-1500.0,-758.0,-106.864,6.24545e-07,87.4401,57.6698,92.5599,-122.33,-1500.0,-758.0,-1400.0,-600.0
-1498.0,-758.0,-106.815,6.21018e-07,87.3995,58.1906,92.6005,-121.809,-1498.0,-758.0,-1400.0,-600.0
-1496.0,-758.0,-106.766,6.17543e-07,87.3587,58.7173,92.6413,-121.283,-1496.0,-758.0,-1400.0,-600.0
-1494.0,-758.0,-106.717,6.1411e-07,87.3396,59.25,92.6604,-120.75,-1494.0,-758.0,-1400.0,-600.0
-1492.0,-758.0,-106.669,6.10729e-07,87.3248,59.7887,92.6752,-120.211,-1492.0,-758.0,-1400.0,-600.0
-1490.0,-758.0,-106.622,6.07402e-07,87.3101,60.3333,92.6899,-119.667,-1490.0,-758.0,-1400.0,-600.0
-1488.0,-758.0,-106.575,6.0413e-07,87.2956,60.8839,92.7044,-119.116,-1488.0,-758.0,-1400.0,-600.0
-1486.0,-758.0,-106.528,6.00915e-07,87.2811,61.4404,92.7189,-118.56,-1486.0,-758.0,-1400.0,-600.0
-1484.0,-758.0,-106.482,5.97757e-07,87.2667,62.0029,92.7333,-117.997,-1484.0,-758.0,-1400.0,-600.0
-1482.0,-758.0,-106.437,5.94657e-07,87.2525,62.5713,92.7475,-117.429,-1482.0,-758.0,-1400.0,-600.0
-1480.0,-758.0,-106.392,5.91616e-07,87.2383,63.1456,92.7617,-116.854,-1480.0,-758.0,-1400.0,-600.0
-1478.0,-758.0,-106.348,5.88635e-07,87.2243,63.7258,92.7757,-116.274,-1478.0,-758.0,-1400.0,-600.0
-1476.0,-758.0,-106.305,5.85715e-07,87.2105,64.3119,92.7895,-115.688,-1476.0,-758.0,-1400.0,-600.0
-1474.0,-758.0,-106.262,5.82857e-07,87.1968,64.9037,92.8032,-115.096,-1474.0,-758.0,-1400.0,-600.0
-1472.0,-758.0,-106.221,5.80062e-07,87.1833,65.5014,92.8167,-114.499,-1472.0,-758.0,-1400.0,-600.0
-1470.0,-758.0,-106.179,5.7733e-07,87.1699,66.1048,92.8301,-113.895,-1470.0,-758.0,-1400.0,-600.0
-1468.0,-758.0,-106.139,5.74662e-07,87.1568,66.7139,92.8432,-113.286,-1468.0,-758.0,-1400.0,-600.0
-1466.0,-758.0,-106.1,5.7206e-07,87.1438,67.3287,92.8562,-112.671,-1466.0,-758.0,-1400.0,-600.0
-1464.0,-758.0,-106.061,5.69524e-07,87.1311,67.9489,92.8689,-112.051,-1464.0,-758.0,-1400.0,-600.0
-1462.0,-758.0,-106.023,5.67056e-07,87.1186,68.5747,92.8814,-111.425,-1462.0,-758.0,-1400.0,-600.0
-1460.0,-758.0,-105.986,5.64655e-07,87.1063,69.2059,92.8937,-110.794,-1460.0,-758.0,-1400.0,-600.0
-1458.0,-758.0,-105.95,5.62324e-07,87.0943,69.8424,92.9057,-110.158,-1458.0,-758.0,-1400.0,-600.0
-1456.0,-758.0,-105.915,5.60062e-07,87.0826,70.4841,92.9174,-109.516,-1456.0,-758.0,-1400.0,-600.0
-1454.0,-758.0,-105.881,5.57871e-07,87.0711,71.131,92.9289,-108.869,-1454.0,-758.0,-1400.0,-600.0
-1452.0,-758.0,-105.848,5.55752e-07,87.0599,71.7829,92.9401,-108.217,-1452.0,-758.0,-1400.0,-600.0
-1450.0,-758.0,-105.816,5.53704e-07,87.0491,72.4397,92.9509,-107.56,-1450.0,-758.0,-1400.0,-600.0
-1448.0,-758.0,-105.784,5.51732e-07,87.0342,73.1014,92.9658,-106.899,-1448.0,-758.0,-1400.0,-600.0
-1446.0,-758.0,-105.755,5.49847e-07,86.9947,73.7676,93.0053,-106.232,-1446.0,-758.0,-1400.0,-600.0
-1444.0,-758.0,-105.726,5.48036e-07,86.9552,74.4385,93.0448,-105.562,-1444.0,-758.0,-1400.0,-600.0
-1442.0,-758.0,-105.698,5.46302e-07,86.916,75.1137,93.084,-104.886,-1442.0,-758.0,-1400.0,-600.0
-1440.0,-758.0,-105.672,5.44643e-07,86.8769,75.7932,93.1231,-104.207,-1440.0,-758.0,-1400.0,-600.0
-1438.0,-758.0,-116.067,5.43064e-07,86.838,76.5355,93.162,-103.963,-1404.61,-618.561,-1404.61,-618.561
-1436.0,-758.0,-121.414,5.41572e-07,86.7995,77.3152,93.2005,-103.963,-1404.61,-618.561,-1404.61,-618.561
-1434.0,-758.0,-122.004,1.20217e-06,88.5453,83.6043,91.4547,86.9679,-1397.99,-562.026,-1405.08,-499.952
-1432.0,-758.0,-122.438,1.20145e-06,88.531,83.9207,91.469,87.2842,-1398.07,-559.325,-1404.52,-499.952
-1430.0,-758.0,-122.836,1.20077e-06,88.5167,84.2375,91.4833,87.601,-1398.17,-556.207,-1403.96,-499.951
-1428.0,-758.0,-123.804,1.1989e-06,88.501,85.5618,91.499,94.5555,-1407.97,-499.955,-1407.97,-499.955
-1426.0,-758.0,-123.892,1.19841e-06,88.4869,85.88,91.5131,94.2373,-1407.41,-499.955,-1407.41,-499.955
-1424.0,-758.0,-123.923,1.19796e-06,88.4769,86.1984,91.5231,93.9189,-1406.85,-499.954,-1406.85,-499.954
-1422.0,-758.0,-123.906,1.19753e-06,88.4764,86.5171,91.5236,93.6002,-1406.29,-499.954,-1406.29,-499.954
-1420.0,-758.0,-123.853,1.19715e-06,88.4759,86.8361,91.5241,93.2812,-1405.74,-499.953,-1405.74,-499.953
-1418.0,-758.0,-123.775,1.1968e-06,88.4754,87.1552,91.5246,92.9621,-1405.18,-499.952,-1405.18,-499.952
-1416.0,-758.0,-123.683,1.19648e-06,88.475,87.4745,91.525,92.6428,-1404.62,-499.952,-1404.62,-499.952
-1414.0,-758.0,-123.584,1.19621e-06,88.4747,87.7939,91.5253,92.3234,-1404.06,-499.951,-1404.06,-499.951
-1412.0,-758.0,-123.487,1.19597e-06,88.4744,88.1135,91.5256,92.0038,-1403.5,-499.951,-1403.5,-499.951
-1410.0,-758.0,-123.397,1.19577e-06,88.4741,88.4332,91.5259,91.6841,-1402.94,-499.95,-1402.94,-499.95
-1408.0,-758.0,-123.318,1.19561e-06,88.4739,88.753,91.5261,91.3643,-1402.38,-499.95,-1402.38,-499.95
-1406.0,-758.0,-134.889,1.30746e-06,88.6045,96.3275,91.3955,99.5595,-1419.44,-484.568,-1425.26,-584.337
-1404.0,-758.0,-143.603,1.30823e-06,88.6053,96.9785,91.3947,99.5595,-1419.44,-484.568,-1425.26,-584.337
-1402.0,-758.0,-148.591,1.30908e-06,88.6062,97.6277,91.3938,99.5595,-1419.44,-484.568,-1425.26,-584.337
-1400.0,-758.0,-120.979,1.31405e-06,88.6115,98.17,91.3885,81.7858,-1396.73,-577.382,-1425.32,-581.633
-1398.0,-758.0,-120.872,1.31502e-06,88.6125,98.4579,91.3875,81.4979,-1396.72,-578.027,-1425.53,-572.888
-1396.0,-758.0,-140.87,1.31608e-06,88.6136,99.0741,91.3864,82.1554,-1396.76,-576.497,-1425.52,-573.169
-1394.0,-758.0,-156.602,6.88668e-07,87.3656,100.203,92.6344,148.195,-1425.26,-584.337,-1425.26,-584.337
-1392.0,-758.0,-184.095,9.01297e-07,88.0053,116.113,91.9947,169.301,-1476.53,-585.541,-1476.53,-585.541
-1390.0,-758.0,-184.137,9.0425e-07,88.0297,116.646,91.9703,169.301,-1476.53,-585.541,-1476.53,-585.541
-1388.0,-758.0,-167.397,1.45499e-06,88.7867,-163.274,91.2133,-126.816,-1556.08,-808.509,-1556.08,-808.509
-1386.0,-758.0,-167.467,1.46138e-06,88.8031,-163.46,91.1969,-126.816,-1556.08,-808.509,-1556.08,-808.509
-1384.0,-758.0,-167.538,1.46777e-06,88.8193,-163.642,91.1807,-126.816,-1556.08,-808.509,-1556.08,-808.509
-1382.0,-758.0,-167.611,1.47417e-06,88.8354,-163.82,91.1646,-126.816,-1556.08,-808.509,-1556.08,-808.509
-1380.0,-758.0,-167.685,1.48058e-06,88.8513,-163.994,91.1487,-126.816,-1556.08,-808.509,-1556.08,-808.509
-1378.0,-758.0,-167.761,1.48699e-06,88.8671,-164.165,91.1329,-126.816,-1556.08,-808.509,-1556.08,-808.509
-1376.0,-758.0,-167.837,1.4934e-06,88.8828,-164.332,91.1172,-126.816,-1556.08,-808.509,-1556.08,-808.509
-1374.0,-758.0,-166.145,2.80869e-06,87.3659,-29.6191,88.6126,-27.7102,-1367.63,-617.002,-1179.95,-868.323
-1372.0,-758.0,-166.328,2.80288e-06,87.3644,-29.6866,88.6137,-27.7776,-1367.72,-617.006,-1178.63,-868.236
-1370.0,-758.0,-166.552,2.79709e-06,87.3531,-29.7546,88.6147,-27.8452,-1367.8,-617.009,-1177.31,-868.15
-1368.0,-758.0,-166.797,2.79131e-06,87.3397,-29.8229,88.6158,-27.913,-1367.89,-617.013,-1176.0,-868.063
-1366.0,-758.0,-167.048,2.78553e-06,87.3265,-29.8915,88.6169,-27.9811,-1367.97,-617.016,-1174.68,-867.976
-1364.0,-758.0,-167.27,2.77974e-06,87.3247,-29.9602,88.618,-28.0496,-1368.06,-617.02,-1173.36,-867.889
-1362.0,-758.0,-167.466,2.77395e-06,87.3229,-30.0291,88.6191,-28.1184,-1368.14,-617.024,-1172.04,-867.802
-1360.0,-758.0,-162.698,1.1182e-06,86.6153,32.8585,65.7492,27.4742,-1380.2,-589.704,-1239.87,-680.408
-1358.0,-758.0,-162.084,1.1126e-06,86.6138,33.0454,65.6286,27.6296,-1380.34,-589.708,-1239.87,-681.152
-1356.0,-758.0,-161.6,1.107e-06,86.6123,33.2341,65.507,27.7868,-1380.48,-589.713,-1239.87,-681.908
-1354.0,-758.0,-161.23,1.10142e-06,86.6109,33.4248,65.3843,27.946,-1380.62,-589.717,-1239.87,-682.674
-1352.0,-758.0,-160.96,1.09585e-06,86.6095,33.6174,65.2604,28.1071,-1380.76,-589.721,-1239.87,-683.452
-1350.0,-758.0,-135.254,1.156e-06,88.6992,38.6337,91.3008,-35.9954,-1376.1,-617.359,-1239.87,-669.977
-1348.0,-758.0,-138.467,1.15079e-06,88.7073,38.8982,91.2927,-35.9954,-1376.1,-617.359,-1239.87,-670.754
-1346.0,-758.0,-141.738,1.14561e-06,88.688,39.1657,91.312,-35.9954,-1376.1,-617.359,-1239.87,-671.547
-1344.0,-758.0,-145.28,1.14045e-06,88.668,39.4364,91.332,-35.9954,-1376.1,-617.359,-1239.87,-672.355
-1342.0,-758.0,-160.686,1.06829e-06,86.5058,34.61,64.6201,28.9492,-1381.46,-589.743,-1239.87,-687.52
-1340.0,-758.0,-165.829,1.17452e-06,87.1005,42.0121,83.0605,43.3189,-1389.38,-589.985,-1239.87,-667.802
-1338.0,-758.0,-166.406,1.16959e-06,87.0718,42.2311,83.0315,43.5385,-1389.46,-589.987,-1239.87,-668.922
-1336.0,-758.0,-166.631,1.16468e-06,87.0429,42.4519,83.0024,43.76,-1389.55,-589.99,-1239.87,-670.06
-1334.0,-758.0,-166.388,1.15978e-06,87.0138,42.6746,82.9731,43.9834,-1389.63,-589.993,-1239.87,-671.215
-1332.0,-758.0,-165.34,1.15491e-06,86.9844,42.8991,82.9437,44.2087,-1389.71,-589.995,-1239.87,-672.389
-1330.0,-758.0,-163.461,1.15005e-06,86.9549,43.1256,82.9142,44.4359,-1389.8,-589.998,-1239.87,-673.581
-1328.0,-758.0,-161.339,1.14521e-06,86.9252,43.354,82.8845,44.6652,-1389.88,-590.0,-1239.87,-674.792
-1326.0,-758.0,-159.454,1.14039e-06,86.8952,43.5844,82.8547,44.8964,-1389.97,-590.003,-1239.87,-676.023
-1324.0,-758.0,-157.946,1.13559e-06,86.8651,43.8167,82.8248,45.1295,-1390.05,-590.005,-1239.87,-677.274
-1322.0,-758.0,-156.795,1.1308e-06,86.8348,44.051,82.7947,45.3647,-1390.13,-590.008,-1239.87,-678.546
-1320.0,-758.0,-155.94,1.12604e-06,86.8042,44.2873,82.7645,45.602,-1390.22,-590.011,-1239.87,-679.839
-1318.0,-758.0,-155.322,1.12129e-06,86.7735,44.5257,82.7341,45.8413,-1390.3,-590.013,-1239.87,-681.153
-1316.0,-758.0,-154.898,1.11657e-06,86.7425,44.766,82.7037,46.0826,-1390.39,-590.016,-1239.87,-682.489
-1314.0,-758.0,-154.636,1.11187e-06,86.7113,45.0084,82.6731,46.326,-1390.47,-590.018,-1239.87,-683.848
-1312.0,-758.0,-154.521,1.10718e-06,86.68,45.2529,82.6423,46.5716,-1390.55,-590.021,-1239.87,-685.231
-1310.0,-758.0,-168.211,9.736e-07,88.1577,45.6002,91.8423,-9.41385,-1309.77,-614.96,-1239.87,-686.386
-1308.0,-758.0,-168.524,9.6896e-07,88.1322,46.012,91.8678,-9.41385,-1309.77,-614.96,-1239.87,-687.421
-1306.0,-758.0,-161.986,1.48618e-06,88.7715,60.8962,91.2285,-43.396,-1381.4,-617.583,-1239.86,-639.194
-1304.0,-758.0,-162.147,1.48296e-06,88.7579,61.1594,91.2421,-43.396,-1381.4,-617.583,-1239.86,-641.531
-1302.0,-758.0,-162.336,1.47976e-06,88.7443,61.424,91.2557,-43.396,-1381.4,-617.583,-1239.86,-643.92
-1300.0,-758.0,-162.553,1.47659e-06,88.7307,61.6899,91.2693,-43.396,-1381.4,-617.583,-1239.86,-646.363
-1298.0,-758.0,-162.801,1.47344e-06,88.717,61.9572,91.283,-43.396,-1381.4,-617.583,-1239.86,-648.86
-1296.0,-758.0,-163.084,1.47033e-06,88.7033,62.2258,91.2967,-43.396,-1381.4,-617.583,-1239.87,-651.414
-1294.0,-758.0,-163.409,1.46724e-06,88.6896,62.4957,91.3104,-43.396,-1381.4,-617.583,-1239.87,-654.028
-1292.0,-758.0,-163.786,1.46418e-06,88.6758,62.7669,91.3242,-43.396,-1381.4,-617.583,-1239.87,-656.702
-1290.0,-758.0,-164.231,1.46115e-06,88.662,63.0395,91.338,-43.396,-1381.4,-617.583,-1239.87,-659.439
-1288.0,-758.0,-164.773,1.45814e-06,88.6482,63.3134,91.3518,-43.396,-1381.4,-617.583,-1239.87,-662.242
-1286.0,-758.0,-165.453,1.45517e-06,88.6343,63.5886,91.3657,-43.396,-1381.4,-617.583,-1239.87,-665.112
-1284.0,-758.0,-166.336,1.45222e-06,88.6204,63.8652,91.3796,-43.396,-1381.4,-617.583,-1239.87,-668.053
-1282.0,-758.0,-167.503,1.4493e-06,88.6039,64.143,91.3961,-43.396,-1381.4,-617.583,-1239.87,-671.067
-1280.0,-758.0,-156.947,1.20783e-06,81.2513,39.5311,88.6315,-33.6546,-1374.06,-617.273,-1195.98,-688.663
-1278.0,-758.0,-157.442,1.20284e-06,80.9857,39.7604,88.635,-33.8479,-1374.23,-617.28,-1195.95,-689.732
-1276.0,-758.0,-158.134,1.19784e-06,80.748,39.9905,88.6386,-34.044,-1374.41,-617.288,-1195.91,-690.822
-1274.0,-758.0,-159.01,1.1928e-06,80.5507,40.2198,88.6422,-34.2433,-1374.59,-617.295,-1195.88,-691.937
-1272.0,-758.0,-160.105,1.18778e-06,80.3442,40.4529,88.6459,-34.4442,-1374.77,-617.303,-1195.84,-693.065
-1270.0,-758.0,-158.08,1.85268e-06,87.8981,63.0772,83.6712,117.645,-1429.35,-543.969,-1239.87,-698.674
-1268.0,-758.0,-158.71,1.84967e-06,87.8925,63.2618,83.7112,117.464,-1429.36,-543.516,-1239.87,-702.169
-1266.0,-758.0,-159.46,1.84668e-06,87.8869,63.447,83.7514,117.283,-1429.37,-543.057,-1239.87,-705.72
-1264.0,-758.0,-159.595,1.16793e-06,79.4119,41.4279,88.6612,-35.2621,-1375.49,-617.333,-1195.7,-697.727
-1262.0,-758.0,-158.444,1.16302e-06,79.148,41.6838,88.6651,-35.4702,-1375.66,-617.341,-1195.66,-698.93
-1260.0,-758.0,-157.579,1.15814e-06,78.8697,41.9453,88.6691,-35.6797,-1375.84,-617.348,-1195.63,-700.148
-1258.0,-758.0,-169.894,1.24351e-06,88.3063,112.022,91.6937,15.8832,-1361.84,-589.142,-1309.31,-631.135
-1256.0,-758.0,-170.212,1.24605e-06,88.3097,112.794,91.6903,15.8832,-1361.84,-589.142,-1309.31,-631.135
-1254.0,-758.0,-170.367,1.24868e-06,88.3133,113.557,91.6867,15.8832,-1361.84,-589.142,-1309.31,-631.135
-1252.0,-758.0,-161.904,1.38922e-06,88.4908,106.3,91.5092,-43.3117,-1381.35,-617.58,-1325.62,-506.23
-1250.0,-758.0,-131.016,1.19119e-06,88.2534,146.882,91.7466,-35.9954,-1376.1,-617.359,-1306.5,-721.143
-1248.0,-758.0,-127.495,1.19678e-06,88.2751,147.102,91.7249,-35.9954,-1376.1,-617.359,-1306.54,-720.129
-1246.0,-758.0,-125.564,1.20238e-06,88.2965,147.32,91.7035,-35.9954,-1376.1,-617.359,-1306.59,-719.132
-1244.0,-758.0,-128.875,1.20799e-06,88.3178,147.535,91.6822,-35.9954,-1376.1,-617.359,-1306.63,-718.153
-1242.0,-758.0,-131.731,1.21362e-06,88.3389,147.747,91.6611,-35.9954,-1376.1,-617.359,-1306.67,-717.189
-1240.0,-758.0,-134.228,1.21926e-06,88.3599,147.957,91.6401,-35.9954,-1376.1,-617.359,-1306.72,-716.242
-1238.0,-758.0,-136.379,1.22491e-06,88.3806,148.165,91.6194,-35.9954,-1376.1,-617.359,-1306.76,-715.311
-1236.0,-758.0,0.0,0.0,0.0,0.0,0.0,0.0,0.0,0.0,0.0,0.0
-1234.0,-758.0,0.0,0.0,0.0,0.0,0.0,0.0,0.0,0.0,0.0,0.0
-1232.0,-758.0,0.0,0.0,0.0,0.0,0.0,0.0,0.0,0.0,0.0,0.0
-1230.0,-758.0,0.0,0.0,0.0,0.0,0.0,0.0,0.0,0.0,0.0,0.0
-1228.0,-758.0,0.0,0.0,0.0,0.0,0.0,0.0,0.0,0.0,0.0,0.0
-1226.0,-758.0,0.0,0.0,0.0,0.0,0.0,0.0,0.0,0.0,0.0,0.0
-1224.0,-758.0,0.0,0.0,0.0,0.0,0.0,0.0,0.0,0.0,0.0,0.0
-1222.0,-758.0,0.0,0.0,0.0,0.0,0.0,0.0,0.0,0.0,0.0,0.0
-1220.0,-758.0,0.0,0.0,0.0,0.0,0.0,0.0,0.0,0.0,0.0,0.0
-1218.0,-758.0,0.0,0.0,0.0,0.0,0.0,0.0,0.0,0.0,0.0,0.0
-1216.0,-758.0,0.0,0.0,0.0,0.0,0.0,0.0,0.0,0.0,0.0,0.0
-1214.0,-758.0,0.0,0.0,0.0,0.0,0.0,0.0,0.0,0.0,0.0,0.0
-1212.0,-758.0,0.0,0.0,0.0,0.0,0.0,0.0,0.0,0.0,0.0,0.0
-1210.0,-758.0,0.0,0.0,0.0,0.0,0.0,0.0,0.0,0.0,0.0,0.0
-1208.0,-758.0,0.0,0.0,0.0,0.0,0.0,0.0,0.0,0.0,0.0,0.0
-1206.0,-758.0,0.0,0.0,0.0,0.0,0.0,0.0,0.0,0.0,0.0,0.0
-1204.0,-758.0,0.0,0.0,0.0,0.0,0.0,0.0,0.0,0.0,0.0,0.0
-1202.0,-758.0,0.0,0.0,0.0,0.0,0.0,0.0,0.0,0.0,0.0,0.0
-1600.0,-756.0,-109.519,8.46986e-07,87.7688,37.9542,92.2312,-142.046,-1600.0,-756.0,-1400.0,-600.0
-1598.0,-756.0,-109.465,8.41727e-07,87.774,38.2338,92.226,-141.766,-1598.0,-756.0,-1400.0,-600.0
-1596.0,-756.0,-109.411,8.36488e-07,87.7794,38.5169,92.2206,-141.483,-1596.0,-756.0,-1400.0,-600.0
-1594.0,-756.0,-109.356,8.3127e-07,87.7849,38.8036,92.2151,-141.196,-1594.0,-756.0,-1400.0,-600.0
-1592.0,-756.0,-109.301,8.26073e-07,87.7905,39.0939,92.2095,-140.906,-1592.0,-756.0,-1400.0,-600.0
-1590.0,-756.0,-109.247,8.20908e-07,87.777,39.3878,92.223,-140.612,-1590.0,-756.0,-1400.0,-600.0
-1588.0,-756.0,-109.192,8.15765e-07,87.763,39.6855,92.237,-140.315,-1588.0,-756.0,-1400.0,-600.0
-1586.0,-756.0,-109.137,8.10645e-07,87.7489,39.9869,92.2511,-140.013,-1586.0,-756.0,-1400.0,-600.0
-1584.0,-756.0,-109.082,8.05542e-07,87.7434,40.2921,92.2566,-139.708,-1584.0,-756.0,-1400.0,-600.0
-1582.0,-756.0,-109.027,8.00457e-07,87.7492,40.6013,92.2508,-139.399,-1582.0,-756.0,-1400.0,-600.0
-1580.0,-756.0,-108.971,7.95394e-07,87.7552,40.9144,92.2448,-139.086,-1580.0,-756.0,-1400.0,-600.0
-1578.0,-756.0,-108.916,7.90356e-07,87.7613,41.2315,92.2387,-138.769,-1578.0,-756.0,-1400.0,-600.0
-1576.0,-756.0,-108.86,7.85333e-07,87.786,41.5526,92.214,-138.447,-1576.0,-756.0,-1400.0,-600.0
-1574.0,-756.0,-108.805,7.80333e-07,87.8132,41.8779,92.1868,-138.122,-1574.0,-756.0,-1400.0,-600.0
-1572.0,-756.0,-108.749,7.7536e-07,87.8408,42.2073,92.1592,-137.793,-1572.0,-756.0,-1400.0,-600.0
-1570.0,-756.0,-108.693,7.70412e-07,87.8689,42.541,92.1311,-137.459,-1570.0,-756.0,-1400.0,-600.0
-1568.0,-756.0,-108.637,7.65491e-07,87.8974,42.8789,92.1026,-137.121,-1568.0,-756.0,-1400.0,-600.0
-1566.0,-756.0,-108.581,7.60597e-07,87.9263,43.2212,92.0737,-136.779,-1566.0,-756.0,-1400.0,-600.0
-1564.0,-756.0,-108.526,7.5573e-07,87.9557,43.5679,92.0443,-136.432,-1564.0,-756.0,-1400.0,-600.0
-1562.0,-756.0,-108.47,7.50892e-07,87.9855,43.9191,92.0145,-136.081,-1562.0,-756.0,-1400.0,-600.0
-1560.0,-756.0,-108.414,7.46095e-07,87.9902,44.2748,92.0098,-135.725,-1560.0,-756.0,-1400.0,-600.0
-1558.0,-756.0,-108.358,7.41334e-07,87.9773,44.6351,92.0227,-135.365,-1558.0,-756.0,-1400.0,-600.0
-1556.0,-756.0,-108.302,7.36603e-07,87.9643,45.0,92.0357,-135.0,-1556.0,-756.0,-1400.0,-600.0
-1554.0,-756.0,-108.246,7.31902e-07,87.9523,45.3696,92.0477,-134.63,-1554.0,-756.0,-1400.0,-600.0
-1552.0,-756.0,-108.19,7.27222e-07,87.9613,45.7441,92.0387,-134.256,-1552.0,-756.0,-1400.0,-600.0
-1550.0,-756.0,-108.134,7.22574e-07,87.9705,46.1233,92.0295,-133.877,-1550.0,-756.0,-1400.0,-600.0
-1548.0,-756.0,-108.079,7.17957e-07,87.98,46.5074,92.02,-133.493,-1548.0,-756.0,-1400.0,-600.0
-1546.0,-756.0,-108.023,7.13374e-07,87.9896,46.8965,92.0104,-133.103,-1546.0,-756.0,-1400.0,-600.0
-1544.0,-756.0,-107.967,7.08823e-07,87.9995,47.2906,92.0005,-132.709,-1544.0,-756.0,-1400.0,-600.0
-1542.0,-756.0,-107.911,7.04307e-07,88.0096,47.6898,91.9904,-132.31,-1542.0,-756.0,-1400.0,-600.0
-1540.0,-756.0,-107.856,6.99825e-07,88.0199,48.0941,91.9801,-131.906,-1540.0,-756.0,-1400.0,-600.0
-1538.0,-756.0,-107.8,6.95378e-07,88.0304,48.5035,91.9696,-131.496,-1538.0,-756.0,-1400.0,-600.0
-1536.0,-756.0,-107.745,6.90982e-07,88.0064,48.9182,91.9936,-131.082,-1536.0,-756.0,-1400.0,-600.0
-1534.0,-756.0,-107.69,6.86628e-07,87.9702,49.3383,92.0298,-130.662,-1534.0,-756.0,-1400.0,-600.0
-1532.0,-756.0,-107.635,6.82311e-07,87.9337,49.7636,92.0663,-130.236,-1532.0,-756.0,-1400.0,-600.0
-1530.0,-756.0,-107.58,6.78033e-07,87.8968,50.1944,92.1032,-129.806,-1530.0,-756.0,-1400.0,-600.0
-1528.0,-756.0,-107.525,6.73793e-07,87.8596,50.6307,92.1404,-129.369,-1528.0,-756.0,-1400.0,-600.0
-1526.0,-756.0,-107.471,6.69594e-07,87.822,51.0725,92.178,-128.928,-1526.0,-756.0,-1400.0,-600.0
-1524.0,-756.0,-107.417,6.65435e-07,87.7841,51.5198,92.2159,-128.48,-1524.0,-756.0,-1400.0,-600.0
-1522.0,-756.0,-107.363,6.61317e-07,87.7459,51.9728,92.2541,-128.027,-1522.0,-756.0,-1400.0,-600.0
-1520.0,-756.0,-107.309,6.57236e-07,87.7183,52.4314,92.2817,-127.569,-1520.0,-756.0,-1400.0,-600.0
-1518.0,-756.0,-107.255,6.53192e-07,87.7041,52.8958,92.2959,-127.104,-1518.0,-756.0,-1400.0,-600.0
-1516.0,-756.0,-107.201,6.49191e-07,87.69,53.3659,92.31,-126.634,-1516.0,-756.0,-1400.0,-600.0
-1514.0,-756.0,-107.148,6.45235e-07,87.6758,53.8418,92.3242,-126.158,-1514.0,-756.0,-1400.0,-600.0
-1512.0,-756.0,-107.095,6.41334e-07,87.639,54.3236,92.361,-125.676,-1512.0,-756.0,-1400.0,-600.0
-1510.0,-756.0,-107.043,6.3748e-07,87.5993,54.8113,92.4007,-125.189,-1510.0,-756.0,-1400.0,-600.0
-1508.0,-756.0,-106.991,6.33673e-07,87.5594,55.3048,92.4406,-124.695,-1508.0,-756.0,-1400.0,-600.0
-1506.0,-756.0,-106.939,6.29914e-07,87.5192,55.8044,92.4808,-124.196,-1506.0,-756.0,-1400.0,-600.0
-1504.0,-756.0,-106.887,6.26203e-07,87.4787,56.3099,92.5213,-123.69,-1504.0,-756.0,-1400.0,-600.0
-1502.0,-756.0,-106.836,6.22543e-07,87.4379,56.8215,92.5621,-123.179,-1502.0,-756.0,-1400.0,-600.0
-1500.0,-756.0,-106.785,6.18932e-07,87.3968,57.3391,92.6032,-122.661,-1500.0,-756.0,-1400.0,-600.0
-1498.0,-756.0,-106.735,6.15373e-07,87.3555,57.8628,92.6445,-122.137,-1498.0,-756.0,-1400.0,-600.0
-1496.0,-756.0,-106.685,6.11858e-07,87.3298,58.3925,92.6702,-121.608,-1496.0,-756.0,-1400.0,-600.0
-1494.0,-756.0,-106.636,6.08391e-07,87.3145,58.9283,92.6855,-121.072,-1494.0,-756.0,-1400.0,-600.0
-1492.0,-756.0,-106.587,6.04978e-07,87.2994,59.4703,92.7006,-120.53,-1492.0,-756.0,-1400.0,-600.0
-1490.0,-756.0,-106.538,6.01619e-07,87.2843,60.0184,92.7157,-119.982,-1490.0,-756.0,-1400.0,-600.0
-1488.0,-756.0,-106.49,5.98316e-07,87.2693,60.5725,92.7307,-119.427,-1488.0,-756.0,-1400.0,-600.0
-1486.0,-756.0,-106.443,5.95069e-07,87.2544,61.1328,92.7456,-118.867,-1486.0,-756.0,-1400.0,-600.0
-1484.0,-756.0,-106.396,5.9188e-07,87.2396,61.6992,92.7604,-118.301,-1484.0,-756.0,-1400.0,-600.0
-1482.0,-756.0,-106.35,5.88749e-07,87.2249,62.2717,92.7751,-117.728,-1482.0,-756.0,-1400.0,-600.0
-1480.0,-756.0,-106.304,5.85677e-07,87.2103,62.8503,92.7897,-117.15,-1480.0,-756.0,-1400.0,-600.0
-1478.0,-756.0,-106.26,5.82666e-07,87.1959,63.4349,92.8041,-116.565,-1478.0,-756.0,-1400.0,-600.0
-1476.0,-756.0,-106.215,5.79716e-07,87.1816,64.0256,92.8184,-115.974,-1476.0,-756.0,-1400.0,-600.0
-1474.0,-756.0,-106.172,5.76828e-07,87.1675,64.6223,92.8325,-115.378,-1474.0,-756.0,-1400.0,-600.0
-1472.0,-756.0,-106.129,5.74003e-07,87.1535,65.2249,92.8465,-114.775,-1472.0,-756.0,-1400.0,-600.0
-1470.0,-756.0,-106.087,5.71242e-07,87.1397,65.8334,92.8603,-114.167,-1470.0,-756.0,-1400.0,-600.0
-1468.0,-756.0,-106.046,5.68546e-07,87.1262,66.4477,92.8738,-113.552,-1468.0,-756.0,-1400.0,-600.0
-1466.0,-756.0,-106.005,5.65916e-07,87.1128,67.0679,92.8872,-112.932,-1466.0,-756.0,-1400.0,-600.0
-1464.0,-756.0,-105.966,5.63352e-07,87.0996,67.6938,92.9004,-112.306,-1464.0,-756.0,-1400.0,-600.0
-1462.0,-756.0,-105.927,5.60857e-07,87.0867,68.3254,92.9133,-111.675,-1462.0,-756.0,-1400.0,-600.0
-1460.0,-756.0,-105.89,5.5843e-07,87.0741,68.9625,92.9259,-111.038,-1460.0,-756.0,-1400.0,-600.0
-1458.0,-756.0,-105.853,5.56072e-07,87.0616,69.6051,92.9384,-110.395,-1458.0,-756.0,-1400.0,-600.0
-1456.0,-756.0,-105.817,5.53785e-07,87.0495,70.2532,92.9505,-109.747,-1456.0,-756.0,-1400.0,-600.0
-1454.0,-756.0,-105.782,5.51569e-07,87.0376,70.9065,92.9624,-109.093,-1454.0,-756.0,-1400.0,-600.0
-1452.0,-756.0,-105.748,5.49425e-07,87.0261,71.5651,92.9739,-108.435,-1452.0,-756.0,-1400.0,-600.0
-1450.0,-756.0,-105.715,5.47354e-07,87.0148,72.2287,92.9852,-107.771,-1450.0,-756.0,-1400.0,-600.0
-1448.0,-756.0,-105.683,5.45371e-07,86.9769,72.8973,93.0231,-107.103,-1448.0,-756.0,-1400.0,-600.0
-1446.0,-756.0,-105.653,5.43463e-07,86.9366,73.5707,93.0634,-106.429,-1446.0,-756.0,-1400.0,-600.0
-1444.0,-756.0,-105.624,5.41631e-07,86.8963,74.2488,93.1037,-105.751,-1444.0,-756.0,-1400.0,-600.0
-1442.0,-756.0,-105.595,5.39876e-07,86.8563,74.9315,93.1437,-105.068,-1442.0,-756.0,-1400.0,-600.0
-1440.0,-756.0,-105.568,5.38198e-07,86.8164,75.6186,93.1836,-104.381,-1440.0,-756.0,-1400.0,-600.0
-1438.0,-756.0,-114.317,5.36598e-07,86.7768,76.3469,93.2232,-103.963,-1404.61,-618.561,-1404.61,-618.561
-1436.0,-756.0,-120.225,5.35086e-07,86.7375,77.1368,93.2625,-103.963,-1404.61,-618.561,-1404.61,-618.561
-1434.0,-756.0,-121.898,1.19554e-06,88.5269,83.5687,91.4731,86.9322,-1397.98,-562.308,-1405.14,-499.952
-1432.0,-756.0,-122.338,1.19482e-06,88.5125,83.8868,91.4875,87.2503,-1398.06,-559.632,-1404.58,-499.952
-1430.0,-756.0,-122.742,1.19414e-06,88.4982,84.2053,91.5018,87.5688,-1398.16,-556.546,-1404.02,-499.951
-1428.0,-756.0,-123.743,1.19226e-06,88.4822,85.5369,91.5178,94.5804,-1408.01,-499.955,-1408.01,-499.955
-1426.0,-756.0,-123.837,1.19176e-06,88.469,85.8569,91.531,94.2604,-1407.45,-499.955,-1407.45,-499.955
-1424.0,-756.0,-123.873,1.1913e-06,88.4684,86.1771,91.5316,93.9401,-1406.89,-499.954,-1406.89,-499.954
-1422.0,-756.0,-123.86,1.19087e-06,88.4678,86.4976,91.5322,93.6197,-1406.33,-499.954,-1406.33,-499.954
-1420.0,-756.0,-123.809,1.19048e-06,88.4673,86.8183,91.5327,93.299,-1405.77,-499.953,-1405.77,-499.953
-1418.0,-756.0,-123.732,1.19013e-06,88.4669,87.1392,91.5331,92.9781,-1405.2,-499.952,-1405.2,-499.952
-1416.0,-756.0,-123.64,1.18982e-06,88.4665,87.4603,91.5335,92.657,-1404.64,-499.952,-1404.64,-499.952
-1414.0,-756.0,-123.541,1.18954e-06,88.4661,87.7815,91.5339,92.3358,-1404.08,-499.951,-1404.08,-499.951
-1412.0,-756.0,-123.444,1.1893e-06,88.4658,88.1029,91.5342,92.0144,-1403.52,-499.951,-1403.52,-499.951
-1410.0,-756.0,-123.353,1.1891e-06,88.4655,88.4244,91.5345,91.6929,-1402.96,-499.95,-1402.96,-499.95
-1408.0,-756.0,-123.273,1.18894e-06,88.4653,88.746,91.5347,91.3713,-1402.4,-499.95,-1402.4,-499.95
-1406.0,-756.0,-136.121,1.30083e-06,88.5974,96.4006,91.4026,99.5595,-1419.44,-484.568,-1425.26,-584.337
-1404.0,-756.0,-144.282,1.30161e-06,88.5982,97.059,91.4018,99.5595,-1419.44,-484.568,-1425.26,-584.337
-1402.0,-756.0,-149.048,1.30247e-06,88.5991,97.7155,91.4009,99.5595,-1419.44,-484.568,-1425.26,-584.337
-1400.0,-756.0,-120.913,1.30745e-06,88.6045,98.2115,91.3955,81.7442,-1396.73,-577.477,-1425.35,-580.325
-1398.0,-756.0,-135.94,1.30843e-06,88.6055,98.5682,91.3945,82.4644,-1396.79,-575.704,-1425.51,-573.383
-1396.0,-756.0,-141.15,1.30949e-06,88.6066,99.1363,91.3934,82.1554,-1396.76,-576.497,-1425.54,-572.326
-1394.0,-756.0,-183.987,8.9239e-07,87.9673,115.836,92.0327,169.301,-1476.53,-585.541,-1476.53,-585.541
-1392.0,-756.0,-184.029,8.95315e-07,87.992,116.378,92.008,169.301,-1476.53,-585.541,-1476.53,-585.541
-1390.0,-756.0,-167.367,1.45059e-06,88.7719,-162.455,91.2281,-126.816,-1556.08,-808.509,-1556.08,-808.509
-1388.0,-756.0,-167.425,1.45695e-06,88.7883,-162.651,91.2117,-126.816,-1556.08,-808.509,-1556.08,-808.509
-1386.0,-756.0,-167.486,1.46331e-06,88.8047,-162.843,91.1953,-126.816,-1556.08,-808.509,-1556.08,-808.509
-1384.0,-756.0,-167.549,1.46969e-06,88.8208,-163.031,91.1792,-126.816,-1556.08,-808.509,-1556.08,-808.509
-1382.0,-756.0,-167.613,1.47607e-06,88.8369,-163.215,91.1631,-126.816,-1556.08,-808.509,-1556.08,-808.509
-1380.0,-756.0,-167.68,1.48245e-06,88.8527,-163.395,91.1473,-126.816,-1556.08,-808.509,-1556.08,-808.509
-1378.0,-756.0,-166.16,2.8236e-06,87.3714,-29.6028,88.6123,-27.6942,-1367.61,-617.001,-1180.26,-868.344
-1376.0,-756.0,-166.335,2.8178e-06,87.3699,-29.67,88.6134,-27.7612,-1367.69,-617.005,-1178.95,-868.257
-1374.0,-756.0,-166.536,2.81199e-06,87.3684,-29.7374,88.6145,-27.8285,-1367.78,-617.008,-1177.64,-868.171
-1372.0,-756.0,-166.755,2.80619e-06,87.367,-29.8051,88.6155,-27.8961,-1367.86,-617.012,-1176.33,-868.085
-1370.0,-756.0,-167.001,2.80041e-06,87.3557,-29.8733,88.6166,-27.9638,-1367.95,-617.015,-1175.02,-867.998
-1368.0,-756.0,-167.246,2.79463e-06,87.3423,-29.9417,88.6177,-28.0317,-1368.03,-617.019,-1173.71,-867.912
-1366.0,-756.0,-167.472,2.78885e-06,87.3287,-30.0105,88.6188,-28.1,-1368.12,-617.023,-1172.39,-867.826
-1364.0,-756.0,-167.653,2.78308e-06,87.3182,-30.0795,88.6199,-28.1685,-1368.2,-617.026,-1171.08,-867.739
-1362.0,-756.0,-168.239,1.53678e-06,88.9505,-161.524,91.0495,-124.21,-1548.4,-818.284,-1548.4,-818.284
-1360.0,-756.0,-168.263,1.54311e-06,88.9653,-161.707,91.0347,-124.21,-1548.4,-818.284,-1548.4,-818.284
-1358.0,-756.0,-162.998,1.10899e-06,86.5879,32.7555,65.8142,27.3907,-1380.12,-589.702,-1239.87,-680.0
-1356.0,-756.0,-162.302,1.10338e-06,86.5863,32.9434,65.6928,27.5468,-1380.26,-589.706,-1239.87,-680.747
-1354.0,-756.0,-161.745,1.09778e-06,86.5846,33.1333,65.5704,27.7048,-1380.41,-589.71,-1239.87,-681.505
-1352.0,-756.0,-161.314,1.09219e-06,86.583,33.3251,65.4469,27.8647,-1380.55,-589.715,-1239.87,-682.274
-1350.0,-756.0,-160.992,1.08661e-06,86.5814,33.5188,65.3222,28.0266,-1380.69,-589.719,-1239.87,-683.055
-1348.0,-756.0,-134.323,1.14662e-06,88.6919,38.567,91.3081,-35.9954,-1376.1,-617.359,-1239.87,-669.781
-1346.0,-756.0,-137.6,1.14142e-06,88.6724,38.8339,91.3276,-35.9954,-1376.1,-617.359,-1239.87,-670.564
-1344.0,-756.0,-140.88,1.13624e-06,88.6521,39.1039,91.3479,-35.9954,-1376.1,-617.359,-1239.87,-671.363
-1342.0,-756.0,-144.384,1.13108e-06,88.6317,39.377,91.3683,-35.9954,-1376.1,-617.359,-1239.87,-672.177
-1340.0,-756.0,-151.669,1.12709e-06,91.4195,39.7064,93.7839,-35.9954,-1376.1,-617.359,-1239.87,-672.85
-1338.0,-756.0,-165.735,1.16513e-06,87.0432,41.9874,83.0633,43.2974,-1389.37,-589.985,-1239.87,-667.68
-1336.0,-756.0,-166.339,1.1602e-06,87.0139,42.208,83.0341,43.5187,-1389.46,-589.987,-1239.87,-668.808
-1334.0,-756.0,-166.598,1.15529e-06,86.9845,42.4305,83.0048,43.7419,-1389.54,-589.99,-1239.87,-669.954
-1332.0,-756.0,-166.398,1.15039e-06,86.9549,42.6549,82.9753,43.9671,-1389.62,-589.992,-1239.87,-671.117
-1330.0,-756.0,-165.406,1.14551e-06,86.925,42.8813,82.9456,44.1942,-1389.71,-589.995,-1239.87,-672.299
-1328.0,-756.0,-163.548,1.14066e-06,86.895,43.1095,82.9159,44.4233,-1389.79,-589.998,-1239.87,-673.501
-1326.0,-756.0,-161.405,1.13582e-06,86.8647,43.3398,82.8859,44.6544,-1389.88,-590.0,-1239.87,-674.721
-1324.0,-756.0,-159.488,1.13099e-06,86.8342,43.572,82.8559,44.8874,-1389.96,-590.003,-1239.87,-675.961
-1322.0,-756.0,-157.954,1.12619e-06,86.8035,43.8062,82.8257,45.1225,-1390.05,-590.005,-1239.87,-677.222
-1320.0,-756.0,-156.784,1.12141e-06,86.7726,44.0425,82.7954,45.3597,-1390.13,-590.008,-1239.87,-678.504
-1318.0,-756.0,-155.917,1.11664e-06,86.7415,44.2807,82.7649,45.5989,-1390.22,-590.011,-1239.87,-679.807
-1316.0,-756.0,-155.292,1.1119e-06,86.7102,44.5211,82.7343,45.8402,-1390.3,-590.013,-1239.87,-681.132
-1314.0,-756.0,-154.863,1.10718e-06,86.6787,44.7635,82.7035,46.0836,-1390.39,-590.016,-1239.87,-682.48
-1312.0,-756.0,-154.6,1.10247e-06,86.647,45.0079,82.6727,46.3292,-1390.47,-590.018,-1239.87,-683.85
-1310.0,-756.0,-154.485,1.09779e-06,86.6151,45.2545,82.6417,46.5768,-1390.56,-590.021,-1239.87,-685.245
-1308.0,-756.0,-168.113,9.64184e-07,88.1101,45.6088,91.8899,-9.41385,-1309.77,-614.96,-1239.87,-686.407
-1306.0,-756.0,-161.86,1.48036e-06,88.7583,60.7494,91.2417,-43.396,-1381.4,-617.583,-1239.86,-637.907
-1304.0,-756.0,-162.005,1.47712e-06,88.7446,61.0135,91.2554,-43.396,-1381.4,-617.583,-1239.86,-640.23
-1302.0,-756.0,-162.18,1.47391e-06,88.7309,61.2789,91.2691,-43.396,-1381.4,-617.583,-1239.86,-642.605
-1300.0,-756.0,-162.383,1.47072e-06,88.7172,61.5457,91.2828,-43.396,-1381.4,-617.583,-1239.86,-645.033
-1298.0,-756.0,-162.616,1.46756e-06,88.7035,61.8138,91.2965,-43.396,-1381.4,-617.583,-1239.86,-647.515
-1296.0,-756.0,-162.881,1.46443e-06,88.6897,62.0833,91.3103,-43.396,-1381.4,-617.583,-1239.86,-650.054
-1294.0,-756.0,-163.184,1.46133e-06,88.6758,62.3541,91.3242,-43.396,-1381.4,-617.583,-1239.87,-652.651
-1292.0,-756.0,-163.534,1.45825e-06,88.662,62.6263,91.338,-43.396,-1381.4,-617.583,-1239.87,-655.31
-1290.0,-756.0,-163.944,1.45521e-06,88.6481,62.8999,91.3519,-43.396,-1381.4,-617.583,-1239.87,-658.03
-1288.0,-756.0,-164.436,1.45219e-06,88.6341,63.1747,91.3659,-43.396,-1381.4,-617.583,-1239.87,-660.816
-1286.0,-756.0,-165.043,1.4492e-06,88.6202,63.451,91.3798,-43.396,-1381.4,-617.583,-1239.87,-663.67
-1284.0,-756.0,-165.821,1.44624e-06,88.6062,63.7285,91.3938,-43.396,-1381.4,-617.583,-1239.87,-666.593
-1282.0,-756.0,-166.843,1.44332e-06,88.581,64.0074,91.419,-43.396,-1381.4,-617.583,-1239.87,-669.588
-1280.0,-756.0,-168.192,1.44042e-06,88.5557,64.2876,91.4443,-43.396,-1381.4,-617.583,-1239.87,-672.659
-1278.0,-756.0,-157.283,1.19871e-06,80.882,39.5185,88.6305,-33.5982,-1374.0,-617.271,-1195.99,-688.352
-1276.0,-756.0,-157.762,1.19368e-06,80.6416,39.7486,88.634,-33.7938,-1374.18,-617.278,-1195.96,-689.432
-1274.0,-756.0,-158.421,1.18863e-06,80.4417,39.978,88.6376,-33.9927,-1374.37,-617.286,-1195.92,-690.536
-1272.0,-756.0,-159.351,1.1836e-06,80.2325,40.2112,88.6413,-34.1931,-1374.55,-617.293,-1195.89,-691.655
-1270.0,-756.0,-160.476,1.17859e-06,80.0133,40.4484,88.645,-34.3949,-1374.73,-617.301,-1195.85,-692.788
-1268.0,-756.0,-158.359,1.84374e-06,87.8706,63.1685,83.6906,117.557,-1429.35,-543.75,-1239.87,-700.394
-1266.0,-756.0,-159.05,1.84074e-06,87.8648,63.3542,83.7309,117.376,-1429.36,-543.292,-1239.87,-703.931
-1264.0,-756.0,-160.519,1.16368e-06,79.2878,41.187,88.6565,-35.0093,-1375.27,-617.324,-1195.75,-696.275
-1262.0,-756.0,-159.239,1.15876e-06,79.0204,41.4433,88.6604,-35.217,-1375.45,-617.331,-1195.71,-697.467
-1260.0,-756.0,-158.141,1.15386e-06,78.7385,41.7052,88.6643,-35.4261,-1375.63,-617.339,-1195.67,-698.675
-1258.0,-756.0,-157.354,1.14898e-06,78.4409,41.9734,88.6683,-35.6366,-1375.8,-617.346,-1195.63,-699.897
-1256.0,-756.0,-170.214,1.23992e-06,88.2814,113.121,91.7186,15.8832,-1361.84,-589.142,-1309.31,-631.135
-1254.0,-756.0,-161.918,1.38097e-06,88.457,106.064,91.543,-43.3117,-1381.35,-617.58,-1325.92,-506.236
-1252.0,-756.0,-129.128,1.18199e-06,88.2052,147.001,91.7948,-35.9954,-1376.1,-617.359,-1306.52,-720.593
-1250.0,-756.0,-125.398,1.18758e-06,88.2273,147.223,91.7727,-35.9954,-1376.1,-617.359,-1306.57,-719.576
-1248.0,-756.0,-127.323,1.19319e-06,88.2492,147.442,91.7508,-35.9954,-1376.1,-617.359,-1306.61,-718.576
-1246.0,-756.0,-130.449,1.19881e-06,88.2708,147.658,91.7292,-35.9954,-1376.1,-617.359,-1306.66,-717.593
-1244.0,-756.0,-133.162,1.20444e-06,88.2923,147.872,91.7077,-35.9954,-1376.1,-617.359,-1306.7,-716.626
-1242.0,-756.0,-135.486,1.21009e-06,88.3136,148.084,91.6864,-35.9954,-1376.1,-617.359,-1306.74,-715.676
-1240.0,-756.0,-153.905,1.21763e-06,86.6884,148.06,85.3954,-35.0908,-1375.34,-617.327,-1306.8,-714.356
-1238.0,-756.0,-154.023,1.22327e-06,86.7212,148.225,85.4123,-34.9241,-1375.19,-617.321,-1306.84,-713.357
-1236.0,-756.0,0.0,0.0,0.0,0.0,0.0,0.0,0.0,0.0,0.0,0.0
-1234.0,-756.0,0.0,0.0,0.0,0.0,0.0,0.0,0.0,0.0,0.0,0.0
-1232.0,-756.0,0.0,0.0,0.0,0.0,0.0,0.0,0.0,0.0,0.0,0.0
-1230.0,-756.0,0.0,0.0,0.0,0.0,0.0,0.0,0.0,0.0,0.0,0.0
-1228.0,-756.0,0.0,0.0,0.0,0.0,0.0,0.0,0.0,0.0,0.0,0.0
-1226.0,-756.0,0.0,0.0,0.0,0.0,0.0,0.0,0.0,0.0,0.0,0.0
-1224.0,-756.0,0.0,0.0,0.0,0.0,0.0,0.0,0.0,0.0,0.0,0.0
-1222.0,-756.0,0.0,0.0,0.0,0.0,0.0,0.0,0.0,0.0,0.0,0.0
-1220.0,-756.0,0.0,0.0,0.0,0.0,0.0,0.0,0.0,0.0,0.0,0.0
-1218.0,-756.0,0.0,0.0,0.0,0.0,0.0,0.0,0.0,0.0,0.0,0.0
-1216.0,-756.0,0.0,0.0,0.0,0.0,0.0,0.0,0.0,0.0,0.0,0.0
-1214.0,-756.0,0.0,0.0,0.0,0.0,0.0,0.0,0.0,0.0,0.0,0.0
-1212.0,-756.0,0.0,0.0,0.0,0.0,0.0,0.0,0.0,0.0,0.0,0.0
-1210.0,-756.0,0.0,0.0,0.0,0.0,0.0,0.0,0.0,0.0,0.0,0.0
-1208.0,-756.0,0.0,0.0,0.0,0.0,0.0,0.0,0.0,0.0,0.0,0.0
-1206.0,-756.0,0.0,0.0,0.0,0.0,0.0,0.0,0.0,0.0,0.0,0.0
-1204.0,-756.0,0.0,0.0,0.0,0.0,0.0,0.0,0.0,0.0,0.0,0.0
-1202.0,-756.0,0.0,0.0,0.0,0.0,0.0,0.0,0.0,0.0,0.0,0.0
-1600.0,-754.0,-109.477,8.42893e-07,87.7726,37.5963,92.2274,-142.404,-1600.0,-754.0,-1400.0,-600.0
-1598.0,-754.0,-109.422,8.37608e-07,87.7778,37.875,92.2222,-142.125,-1598.0,-754.0,-1400.0,-600.0
-1596.0,-754.0,-109.367,8.32343e-07,87.7832,38.1572,92.2168,-141.843,-1596.0,-754.0,-1400.0,-600.0
-1594.0,-754.0,-109.312,8.27099e-07,87.7887,38.4431,92.2113,-141.557,-1594.0,-754.0,-1400.0,-600.0
-1592.0,-754.0,-109.257,8.21884e-07,87.7797,38.7325,92.2203,-141.267,-1592.0,-754.0,-1400.0,-600.0
-1590.0,-754.0,-109.202,8.16693e-07,87.7655,39.0257,92.2345,-140.974,-1590.0,-754.0,-1400.0,-600.0
-1588.0,-754.0,-109.146,8.11523e-07,87.7513,39.3226,92.2487,-140.677,-1588.0,-754.0,-1400.0,-600.0
-1586.0,-754.0,-109.091,8.06376e-07,87.7369,39.6233,92.2631,-140.377,-1586.0,-754.0,-1400.0,-600.0
-1584.0,-754.0,-109.035,8.01246e-07,87.7313,39.9279,92.2687,-140.072,-1584.0,-754.0,-1400.0,-600.0
-1582.0,-754.0,-108.98,7.96133e-07,87.737,40.2364,92.263,-139.764,-1582.0,-754.0,-1400.0,-600.0
-1580.0,-754.0,-108.924,7.91043e-07,87.7428,40.5488,92.2572,-139.451,-1580.0,-754.0,-1400.0,-600.0
-1578.0,-754.0,-108.868,7.85977e-07,87.7488,40.8653,92.2512,-139.135,-1578.0,-754.0,-1400.0,-600.0
-1576.0,-754.0,-108.812,7.80934e-07,87.7577,41.1859,92.2423,-138.814,-1576.0,-754.0,-1400.0,-600.0
-1574.0,-754.0,-108.755,7.75906e-07,87.7848,41.5107,92.2152,-138.489,-1574.0,-754.0,-1400.0,-600.0
-1572.0,-754.0,-108.699,7.70904e-07,87.8123,41.8396,92.1877,-138.16,-1572.0,-754.0,-1400.0,-600.0
-1570.0,-754.0,-108.642,7.65927e-07,87.8402,42.1729,92.1598,-137.827,-1570.0,-754.0,-1400.0,-600.0
-1568.0,-754.0,-108.586,7.60977e-07,87.8686,42.5104,92.1314,-137.49,-1568.0,-754.0,-1400.0,-600.0
-1566.0,-754.0,-108.529,7.56053e-07,87.8975,42.8524,92.1025,-137.148,-1566.0,-754.0,-1400.0,-600.0
-1564.0,-754.0,-108.473,7.51157e-07,87.9267,43.1988,92.0733,-136.801,-1564.0,-754.0,-1400.0,-600.0
-1562.0,-754.0,-108.416,7.46289e-07,87.9565,43.5498,92.0435,-136.45,-1562.0,-754.0,-1400.0,-600.0
-1560.0,-754.0,-108.359,7.41462e-07,87.9609,43.9053,92.0391,-136.095,-1560.0,-754.0,-1400.0,-600.0
-1558.0,-754.0,-108.303,7.36671e-07,87.9477,44.2655,92.0523,-135.735,-1558.0,-754.0,-1400.0,-600.0
-1556.0,-754.0,-108.246,7.3191e-07,87.9343,44.6304,92.0657,-135.37,-1556.0,-754.0,-1400.0,-600.0
-1554.0,-754.0,-108.19,7.27179e-07,87.9209,45.0,92.0791,-135.0,-1554.0,-754.0,-1400.0,-600.0
-1552.0,-754.0,-108.133,7.22476e-07,87.9137,45.3745,92.0863,-134.626,-1552.0,-754.0,-1400.0,-600.0
-1550.0,-754.0,-108.077,7.17797e-07,87.9225,45.7538,92.0775,-134.246,-1550.0,-754.0,-1400.0,-600.0
-1548.0,-754.0,-108.02,7.13149e-07,87.9316,46.1382,92.0684,-133.862,-1548.0,-754.0,-1400.0,-600.0
-1546.0,-754.0,-107.963,7.08534e-07,87.9409,46.5275,92.0591,-133.472,-1546.0,-754.0,-1400.0,-600.0
-1544.0,-754.0,-107.907,7.03952e-07,87.9505,46.922,92.0495,-133.078,-1544.0,-754.0,-1400.0,-600.0
-1542.0,-754.0,-107.85,6.99404e-07,87.9602,47.3215,92.0398,-132.678,-1542.0,-754.0,-1400.0,-600.0
-1540.0,-754.0,-107.794,6.94891e-07,87.9702,47.7263,92.0298,-132.274,-1540.0,-754.0,-1400.0,-600.0
-1538.0,-754.0,-107.738,6.90412e-07,87.9804,48.1364,92.0196,-131.864,-1538.0,-754.0,-1400.0,-600.0
-1536.0,-754.0,-107.682,6.85984e-07,87.9558,48.5517,92.0442,-131.448,-1536.0,-754.0,-1400.0,-600.0
-1534.0,-754.0,-107.626,6.81598e-07,87.9189,48.9725,92.0811,-131.028,-1534.0,-754.0,-1400.0,-600.0
-1532.0,-754.0,-107.57,6.7725e-07,87.8817,49.3987,92.1183,-130.601,-1532.0,-754.0,-1400.0,-600.0
-1530.0,-754.0,-107.514,6.72939e-07,87.8441,49.8304,92.1559,-130.17,-1530.0,-754.0,-1400.0,-600.0
-1528.0,-754.0,-107.459,6.68668e-07,87.8062,50.2677,92.1938,-129.732,-1528.0,-754.0,-1400.0,-600.0
-1526.0,-754.0,-107.404,6.64436e-07,87.7679,50.7106,92.2321,-129.289,-1526.0,-754.0,-1400.0,-600.0
-1524.0,-754.0,-107.348,6.60245e-07,87.7292,51.1592,92.2708,-128.841,-1524.0,-754.0,-1400.0,-600.0
-1522.0,-754.0,-107.293,6.56092e-07,87.6954,51.6135,92.3046,-128.387,-1522.0,-754.0,-1400.0,-600.0
-1520.0,-754.0,-107.239,6.51973e-07,87.6808,52.0735,92.3192,-127.926,-1520.0,-754.0,-1400.0,-600.0
-1518.0,-754.0,-107.184,6.47895e-07,87.6662,52.5394,92.3338,-127.461,-1518.0,-754.0,-1400.0,-600.0
-1516.0,-754.0,-107.129,6.43862e-07,87.6516,53.0112,92.3484,-126.989,-1516.0,-754.0,-1400.0,-600.0
-1514.0,-754.0,-107.075,6.39872e-07,87.637,53.4889,92.363,-126.511,-1514.0,-754.0,-1400.0,-600.0
-1512.0,-754.0,-107.022,6.35938e-07,87.5995,53.9726,92.4005,-126.027,-1512.0,-754.0,-1400.0,-600.0
-1510.0,-754.0,-106.968,6.32052e-07,87.5591,54.4623,92.4409,-125.538,-1510.0,-754.0,-1400.0,-600.0
-1508.0,-754.0,-106.915,6.28212e-07,87.5185,54.9581,92.4815,-125.042,-1508.0,-754.0,-1400.0,-600.0
-1506.0,-754.0,-106.862,6.2442e-07,87.4775,55.4599,92.5225,-124.54,-1506.0,-754.0,-1400.0,-600.0
-1504.0,-754.0,-106.81,6.20677e-07,87.4363,55.9679,92.5637,-124.032,-1504.0,-754.0,-1400.0,-600.0
-1502.0,-754.0,-106.758,6.16983e-07,87.3947,56.482,92.6053,-123.518,-1502.0,-754.0,-1400.0,-600.0
-1500.0,-754.0,-106.706,6.1334e-07,87.3529,57.0023,92.6471,-122.998,-1500.0,-754.0,-1400.0,-600.0
-1498.0,-754.0,-106.655,6.09744e-07,87.3205,57.5288,92.6795,-122.471,-1498.0,-754.0,-1400.0,-600.0
-1496.0,-754.0,-106.604,6.06191e-07,87.3048,58.0616,92.6952,-121.938,-1496.0,-754.0,-1400.0,-600.0
-1494.0,-754.0,-106.554,6.02691e-07,87.2891,58.6005,92.7109,-121.399,-1494.0,-754.0,-1400.0,-600.0
-1492.0,-754.0,-106.504,5.99245e-07,87.2735,59.1458,92.7265,-120.854,-1492.0,-754.0,-1400.0,-600.0
-1490.0,-754.0,-106.454,5.95854e-07,87.258,59.6973,92.742,-120.303,-1490.0,-754.0,-1400.0,-600.0
-1488.0,-754.0,-106.406,5.92519e-07,87.2425,60.2551,92.7575,-119.745,-1488.0,-754.0,-1400.0,-600.0
-1486.0,-754.0,-106.357,5.8924e-07,87.2272,60.8192,92.7728,-119.181,-1486.0,-754.0,-1400.0,-600.0
-1484.0,-754.0,-106.31,5.86019e-07,87.2119,61.3895,92.7881,-118.61,-1484.0,-754.0,-1400.0,-600.0
-1482.0,-754.0,-106.262,5.82857e-07,87.1968,61.9661,92.8032,-118.034,-1482.0,-754.0,-1400.0,-600.0
-1480.0,-754.0,-106.216,5.79754e-07,87.1818,62.549,92.8182,-117.451,-1480.0,-754.0,-1400.0,-600.0
-1478.0,-754.0,-106.17,5.76712e-07,87.1669,63.1381,92.8331,-116.862,-1478.0,-754.0,-1400.0,-600.0
-1476.0,-754.0,-106.125,5.73731e-07,87.1522,63.7334,92.8478,-116.267,-1476.0,-754.0,-1400.0,-600.0
-1474.0,-754.0,-106.081,5.70813e-07,87.1376,64.3348,92.8624,-115.665,-1474.0,-754.0,-1400.0,-600.0
-1472.0,-754.0,-106.037,5.67958e-07,87.1232,64.9424,92.8768,-115.058,-1472.0,-754.0,-1400.0,-600.0
-1470.0,-754.0,-105.994,5.65168e-07,87.109,65.556,92.891,-114.444,-1470.0,-754.0,-1400.0,-600.0
-1468.0,-754.0,-105.952,5.62443e-07,87.095,66.1757,92.905,-113.824,-1468.0,-754.0,-1400.0,-600.0
-1466.0,-754.0,-105.911,5.59784e-07,87.0811,66.8014,92.9189,-113.199,-1466.0,-754.0,-1400.0,-600.0
-1464.0,-754.0,-105.87,5.57192e-07,87.0676,67.433,92.9324,-112.567,-1464.0,-754.0,-1400.0,-600.0
-1462.0,-754.0,-105.831,5.54669e-07,87.0542,68.0704,92.9458,-111.93,-1462.0,-754.0,-1400.0,-600.0
-1460.0,-754.0,-105.792,5.52214e-07,87.0411,68.7136,92.9589,-111.286,-1460.0,-754.0,-1400.0,-600.0
-1458.0,-754.0,-105.754,5.4983e-07,87.0283,69.3625,92.9717,-110.638,-1458.0,-754.0,-1400.0,-600.0
-1456.0,-754.0,-105.718,5.47517e-07,87.0157,70.0169,92.9843,-109.983,-1456.0,-754.0,-1400.0,-600.0
-1454.0,-754.0,-105.682,5.45275e-07,87.0034,70.6768,92.9966,-109.323,-1454.0,-754.0,-1400.0,-600.0
-1452.0,-754.0,-105.647,5.43107e-07,86.9914,71.3421,93.0086,-108.658,-1452.0,-754.0,-1400.0,-600.0
-1450.0,-754.0,-105.614,5.41022e-07,86.9596,72.0127,93.0404,-107.987,-1450.0,-754.0,-1400.0,-600.0
-1448.0,-754.0,-105.581,5.39016e-07,86.9183,72.6884,93.0817,-107.312,-1448.0,-754.0,-1400.0,-600.0
-1446.0,-754.0,-105.55,5.37086e-07,86.8771,73.369,93.1229,-106.631,-1446.0,-754.0,-1400.0,-600.0
-1444.0,-754.0,-105.52,5.35233e-07,86.8361,74.0546,93.1639,-105.945,-1444.0,-754.0,-1400.0,-600.0
-1442.0,-754.0,-105.491,5.33457e-07,86.7952,74.7449,93.2048,-105.255,-1442.0,-754.0,-1400.0,-600.0
-1440.0,-754.0,-105.463,5.31758e-07,86.7546,75.4397,93.2454,-104.56,-1440.0,-754.0,-1400.0,-600.0
-1438.0,-754.0,-112.552,5.30139e-07,86.7142,76.153,93.2858,-103.963,-1404.61,-618.561,-1404.61,-618.561
-1436.0,-754.0,-118.896,5.28606e-07,86.674,76.9533,93.326,-103.963,-1404.61,-618.561,-1404.61,-618.561
-1434.0,-754.0,-121.79,1.18892e-06,88.5083,83.5327,91.4917,86.8962,-1397.97,-562.589,-1405.2,-499.952
-1432.0,-754.0,-122.236,1.18819e-06,88.4938,83.8525,91.5062,87.2161,-1398.05,-559.939,-1404.64,-499.952
-1430.0,-754.0,-122.647,1.18751e-06,88.4794,84.1728,91.5206,87.5363,-1398.14,-556.882,-1404.07,-499.951
-1428.0,-754.0,-123.681,1.18561e-06,88.4633,85.5118,91.5367,94.6055,-1408.06,-499.955,-1408.06,-499.955
-1426.0,-754.0,-123.783,1.18511e-06,88.4604,85.8336,91.5396,94.2837,-1407.49,-499.955,-1407.49,-499.955
-1424.0,-754.0,-123.823,1.18464e-06,88.4598,86.1556,91.5402,93.9617,-1406.93,-499.954,-1406.93,-499.954
-1422.0,-754.0,-123.813,1.18422e-06,88.4592,86.4779,91.5408,93.6394,-1406.36,-499.954,-1406.36,-499.954
-1420.0,-754.0,-123.764,1.18382e-06,88.4587,86.8004,91.5413,93.3169,-1405.8,-499.953,-1405.8,-499.953
-1418.0,-754.0,-123.688,1.18347e-06,88.4582,87.1231,91.5418,92.9942,-1405.23,-499.952,-1405.23,-499.952
-1416.0,-754.0,-123.596,1.18315e-06,88.4578,87.446,91.5422,92.6713,-1404.67,-499.952,-1404.67,-499.952
-1414.0,-754.0,-123.498,1.18288e-06,88.4575,87.769,91.5425,92.3483,-1404.1,-499.951,-1404.1,-499.951
-1412.0,-754.0,-123.4,1.18264e-06,88.4572,88.0922,91.5428,92.0251,-1403.54,-499.951,-1403.54,-499.951
-1410.0,-754.0,-123.308,1.18243e-06,88.4569,88.4155,91.5431,91.7018,-1402.97,-499.95,-1402.97,-499.95
-1408.0,-754.0,-123.228,1.18227e-06,88.4567,88.7389,91.5433,91.3784,-1402.41,-499.95,-1402.41,-499.95
-1406.0,-754.0,-137.265,1.2942e-06,88.5902,96.4754,91.4098,99.5595,-1419.44,-484.568,-1425.26,-584.337
-1404.0,-754.0,-144.928,1.29499e-06,88.591,97.1413,91.409,99.5595,-1419.44,-484.568,-1425.26,-584.337
-1402.0,-754.0,-149.492,1.29586e-06,88.592,97.8053,91.408,99.5595,-1419.44,-484.568,-1425.26,-584.337
-1400.0,-754.0,-120.847,1.30085e-06,88.5974,98.2535,91.4026,81.7022,-1396.73,-577.573,-1425.38,-579.02
-1398.0,-754.0,-136.193,1.30184e-06,88.5985,98.6149,91.4015,82.4644,-1396.79,-575.704,-1425.54,-572.206
-1396.0,-754.0,-156.583,6.7439e-07,87.2937,99.784,92.7063,148.195,-1425.26,-584.337,-1425.26,-584.337
-1394.0,-754.0,-183.92,8.86394e-07,87.9535,116.102,92.0465,169.301,-1476.53,-585.541,-1476.53,-585.541
-1392.0,-754.0,-167.39,1.44631e-06,88.7571,-161.623,91.2429,-126.816,-1556.08,-808.509,-1556.08,-808.509
-1390.0,-754.0,-167.434,1.45264e-06,88.7736,-161.829,91.2264,-126.816,-1556.08,-808.509,-1556.08,-808.509
-1388.0,-754.0,-167.481,1.45897e-06,88.79,-162.032,91.21,-126.816,-1556.08,-808.509,-1556.08,-808.509
-1386.0,-754.0,-167.532,1.46532e-06,88.8063,-162.23,91.1937,-126.816,-1556.08,-808.509,-1556.08,-808.509
-1384.0,-754.0,-167.586,1.47167e-06,88.8224,-162.423,91.1776,-126.816,-1556.08,-808.509,-1556.08,-808.509
-1382.0,-754.0,-166.177,2.83851e-06,87.3768,-29.5868,88.6121,-27.6783,-1367.59,-617.0,-1180.57,-868.364
-1380.0,-754.0,-166.345,2.83271e-06,87.3754,-29.6535,88.6131,-27.7449,-1367.67,-617.004,-1179.27,-868.278
-1378.0,-754.0,-166.539,2.8269e-06,87.3739,-29.7206,88.6142,-27.8118,-1367.76,-617.007,-1177.97,-868.192
-1376.0,-754.0,-166.753,2.8211e-06,87.3725,-29.7879,88.6153,-27.879,-1367.84,-617.011,-1176.66,-868.107
-1374.0,-754.0,-166.979,2.8153e-06,87.371,-29.8555,88.6164,-27.9465,-1367.93,-617.015,-1175.36,-868.021
-1372.0,-754.0,-167.204,2.80951e-06,87.3696,-29.9234,88.6174,-28.0142,-1368.01,-617.018,-1174.05,-867.935
-1370.0,-754.0,-167.431,2.80373e-06,87.3584,-29.9917,88.6185,-28.0821,-1368.1,-617.022,-1172.74,-867.849
-1368.0,-754.0,-167.629,2.79796e-06,87.3449,-30.0603,88.6196,-28.1502,-1368.18,-617.025,-1171.44,-867.762
-1366.0,-754.0,-168.159,1.52913e-06,88.9319,-163.999,91.0681,-126.816,-1556.08,-808.509,-1556.08,-808.509
-1364.0,-754.0,-168.23,1.53555e-06,88.9363,-164.157,91.0637,-126.816,-1556.08,-808.509,-1556.08,-808.509
-1362.0,-754.0,-168.302,1.54196e-06,88.946,-164.312,91.054,-126.816,-1556.08,-808.509,-1556.08,-808.509
-1360.0,-754.0,-168.375,1.54839e-06,88.9608,-164.464,91.0392,-126.816,-1556.08,-808.509,-1556.08,-808.509
-1358.0,-754.0,-168.416,1.55155e-06,88.9733,-161.344,91.0267,-124.21,-1548.4,-818.284,-1548.4,-818.284
-1356.0,-754.0,-168.436,1.55787e-06,88.9878,-161.525,91.0122,-124.21,-1548.4,-818.284,-1548.4,-818.284
-1354.0,-754.0,-162.566,1.09416e-06,86.5582,32.8398,65.7581,27.4627,-1380.19,-589.704,-1239.87,-680.336
-1352.0,-754.0,-161.929,1.08856e-06,86.5564,33.0307,65.6349,27.6215,-1380.33,-589.708,-1239.87,-681.096
-1350.0,-754.0,-161.429,1.08296e-06,86.5546,33.2236,65.5106,27.7822,-1380.47,-589.712,-1239.87,-681.868
-1348.0,-754.0,-161.049,1.07738e-06,86.5528,33.4185,65.3851,27.9448,-1380.62,-589.717,-1239.87,-682.651
-1346.0,-754.0,-133.311,1.13725e-06,88.6567,38.4988,91.3433,-35.9954,-1376.1,-617.359,-1239.87,-669.582
-1344.0,-754.0,-136.718,1.13205e-06,88.6362,38.7681,91.3638,-35.9954,-1376.1,-617.359,-1239.87,-670.371
-1342.0,-754.0,-140.015,1.12686e-06,88.6156,39.0406,91.3844,-35.9954,-1376.1,-617.359,-1239.87,-671.175
-1340.0,-754.0,-143.488,1.1217e-06,88.5948,39.3164,91.4052,-35.9954,-1376.1,-617.359,-1239.87,-671.995
-1338.0,-754.0,-150.745,1.11769e-06,91.4066,39.6492,93.7681,-35.9954,-1376.1,-617.359,-1239.87,-672.676
-1336.0,-754.0,-165.639,1.15574e-06,86.9847,41.9622,83.0662,43.2756,-1389.36,-589.984,-1239.87,-667.557
-1334.0,-754.0,-166.27,1.15081e-06,86.9549,42.1845,83.0367,43.4987,-1389.45,-589.987,-1239.87,-668.692
-1332.0,-754.0,-166.563,1.1459e-06,86.925,42.4088,83.0072,43.7236,-1389.53,-589.99,-1239.87,-669.846
-1330.0,-754.0,-166.405,1.141e-06,86.8948,42.6349,82.9774,43.9506,-1389.62,-589.992,-1239.87,-671.018
-1328.0,-754.0,-165.469,1.13612e-06,86.8644,42.8631,82.9475,44.1795,-1389.7,-589.995,-1239.87,-672.209
-1326.0,-754.0,-163.636,1.13127e-06,86.8338,43.0932,82.9175,44.4105,-1389.79,-589.997,-1239.87,-673.419
-1324.0,-754.0,-161.473,1.12642e-06,86.803,43.3253,82.8874,44.6434,-1389.87,-590.0,-1239.87,-674.649
-1322.0,-754.0,-159.524,1.1216e-06,86.772,43.5594,82.857,44.8784,-1389.96,-590.003,-1239.87,-675.899
-1320.0,-754.0,-157.963,1.1168e-06,86.7407,43.7955,82.8266,45.1155,-1390.05,-590.005,-1239.87,-677.169
-1318.0,-754.0,-156.774,1.11202e-06,86.7093,44.0337,82.796,45.3546,-1390.13,-590.008,-1239.87,-678.461
-1316.0,-754.0,-155.894,1.10725e-06,86.6776,44.274,82.7653,45.5959,-1390.22,-590.011,-1239.87,-679.775
-1314.0,-754.0,-155.261,1.10251e-06,86.6457,44.5163,82.7344,45.8393,-1390.3,-590.013,-1239.87,-681.111
-1312.0,-754.0,-154.827,1.09778e-06,86.6136,44.7608,82.7034,46.0848,-1390.39,-590.016,-1239.87,-682.47
-1310.0,-754.0,-154.563,1.09308e-06,86.5813,45.0074,82.6723,46.3324,-1390.47,-590.018,-1239.87,-683.852
-1308.0,-754.0,-154.449,1.0884e-06,86.5488,45.2561,82.641,46.5822,-1390.56,-590.021,-1239.87,-685.259
-1306.0,-754.0,-168.014,9.54769e-07,88.0616,45.6176,91.9384,-9.41385,-1309.77,-614.96,-1239.87,-686.429
-1304.0,-754.0,-161.872,1.4713e-06,88.7313,60.8661,91.2687,-43.396,-1381.4,-617.583,-1239.86,-638.929
-1302.0,-754.0,-162.031,1.46807e-06,88.7175,61.1324,91.2825,-43.396,-1381.4,-617.583,-1239.86,-641.289
-1300.0,-754.0,-162.22,1.46487e-06,88.7036,61.4,91.2964,-43.396,-1381.4,-617.583,-1239.86,-643.702
-1298.0,-754.0,-162.437,1.46169e-06,88.6898,61.6691,91.3102,-43.396,-1381.4,-617.583,-1239.86,-646.17
-1296.0,-754.0,-162.686,1.45855e-06,88.6759,61.9395,91.3241,-43.396,-1381.4,-617.583,-1239.86,-648.693
-1294.0,-754.0,-162.97,1.45543e-06,88.662,62.2112,91.338,-43.396,-1381.4,-617.583,-1239.87,-651.275
-1292.0,-754.0,-163.296,1.45234e-06,88.648,62.4844,91.352,-43.396,-1381.4,-617.583,-1239.87,-653.917
-1290.0,-754.0,-163.676,1.44928e-06,88.634,62.7589,91.366,-43.396,-1381.4,-617.583,-1239.87,-656.622
-1288.0,-754.0,-164.125,1.44625e-06,88.62,63.0347,91.38,-43.396,-1381.4,-617.583,-1239.87,-659.391
-1286.0,-754.0,-164.671,1.44324e-06,88.6059,63.3119,91.3941,-43.396,-1381.4,-617.583,-1239.87,-662.227
-1284.0,-754.0,-165.359,1.44027e-06,88.5832,63.5905,91.4168,-43.396,-1381.4,-617.583,-1239.87,-665.132
-1282.0,-754.0,-166.256,1.43733e-06,88.5579,63.8704,91.4421,-43.396,-1381.4,-617.583,-1239.87,-668.11
-1280.0,-754.0,-167.444,1.43442e-06,88.5324,64.1517,91.4676,-43.396,-1381.4,-617.583,-1239.87,-671.162
-1278.0,-754.0,-168.747,1.20998e-06,88.2334,104.298,91.7666,15.8832,-1361.84,-589.142,-1309.31,-631.135
-1276.0,-754.0,-157.597,1.18955e-06,80.5347,39.5049,88.6294,-33.5418,-1373.95,-617.268,-1196.0,-688.041
-1274.0,-754.0,-158.037,1.18449e-06,80.3321,39.7343,88.633,-33.7402,-1374.13,-617.276,-1195.97,-689.136
-1272.0,-754.0,-158.746,1.17944e-06,80.1202,39.9676,88.6367,-33.9402,-1374.32,-617.284,-1195.93,-690.244
-1270.0,-754.0,-159.736,1.17441e-06,79.898,40.2049,88.6404,-34.1416,-1374.5,-617.292,-1195.9,-691.367
-1268.0,-754.0,-158.037,1.83781e-06,87.8485,63.0747,83.6698,117.651,-1429.35,-543.984,-1239.87,-698.619
-1266.0,-754.0,-158.669,1.8348e-06,87.8427,63.2608,83.7102,117.469,-1429.36,-543.528,-1239.87,-702.141
-1264.0,-754.0,-159.424,1.8318e-06,87.8368,63.4475,83.7507,117.287,-1429.37,-543.065,-1239.87,-705.721
-1262.0,-754.0,-160.157,1.15452e-06,78.8921,41.2009,88.6556,-34.962,-1375.23,-617.322,-1195.75,-696.004
-1260.0,-754.0,-158.867,1.1496e-06,78.6065,41.4633,88.6595,-35.1706,-1375.41,-617.33,-1195.72,-697.2
-1258.0,-754.0,-133.907,1.16161e-06,88.1442,146.668,91.8558,-35.9954,-1376.1,-617.359,-1306.46,-722.132
-1256.0,-754.0,-130.575,1.16719e-06,88.1531,146.897,91.8469,-35.9954,-1376.1,-617.359,-1306.5,-721.074
-1254.0,-754.0,-126.969,1.17278e-06,88.1619,147.122,91.8381,-35.9954,-1376.1,-617.359,-1306.55,-720.034
-1252.0,-754.0,-125.779,1.17838e-06,88.1788,147.346,91.8212,-35.9954,-1376.1,-617.359,-1306.59,-719.013
-1250.0,-754.0,-129.083,1.184e-06,88.201,147.566,91.799,-35.9954,-1376.1,-617.359,-1306.64,-718.01
-1248.0,-754.0,-131.977,1.18963e-06,88.2231,147.784,91.7769,-35.9954,-1376.1,-617.359,-1306.68,-717.023
-1246.0,-754.0,-134.503,1.19527e-06,88.245,147.999,91.755,-35.9954,-1376.1,-617.359,-1306.72,-716.054
-1244.0,-754.0,-136.628,1.20092e-06,88.2667,148.212,91.7333,-35.9954,-1376.1,-617.359,-1306.77,-715.101
-1242.0,-754.0,-138.523,1.20659e-06,88.2882,148.422,91.7118,-35.9954,-1376.1,-617.359,-1306.81,-714.164
-1240.0,-754.0,-154.111,1.21414e-06,86.6454,148.329,85.4221,-34.827,-1375.11,-617.317,-1306.87,-712.746
-1238.0,-754.0,-151.829,1.21811e-06,89.0104,149.333,94.4683,-37.9325,-1377.64,-617.424,-1306.85,-713.171
-1236.0,-754.0,0.0,0.0,0.0,0.0,0.0,0.0,0.0,0.0,0.0,0.0
-1234.0,-754.0,0.0,0.0,0.0,0.0,0.0,0.0,0.0,0.0,0.0,0.0
-1232.0,-754.0,0.0,0.0,0.0,0.0,0.0,0.0,0.0,0.0,0.0,0.0
-1230.0,-754.0,0.0,0.0,0.0,0.0,0.0,0.0,0.0,0.0,0.0,0.0
-1228.0,-754.0,0.0,0.0,0.0,0.0,0.0,0.0,0.0,0.0,0.0,0.0
-1226.0,-754.0,0.0,0.0,0.0,0.0,0.0,0.0,0.0,0.0,0.0,0.0
-1224.0,-754.0,0.0,0.0,0.0,0.0,0.0,0.0,0.0,0.0,0.0,0.0
-1222.0,-754.0,0.0,0.0,0.0,0.0,0.0,0.0,0.0,0.0,0.0,0.0
-1220.0,-754.0,0.0,0.0,0.0,0.0,0.0,0.0,0.0,0.0,0.0,0.0
-1218.0,-754.0,0.0,0.0,0.0,0.0,0.0,0.0,0.0,0.0,0.0,0.0
-1216.0,-754.0,0.0,0.0,0.0,0.0,0.0,0.0,0.0,0.0,0.0,0.0
-1214.0,-754.0,0.0,0.0,0.0,0.0,0.0,0.0,0.0,0.0,0.0,0.0
-1212.0,-754.0,0.0,0.0,0.0,0.0,0.0,0.0,0.0,0.0,0.0,0.0
-1210.0,-754.0,0.0,0.0,0.0,0.0,0.0,0.0,0.0,0.0,0.0,0.0
-1208.0,-754.0,0.0,0.0,0.0,0.0,0.0,0.0,0.0,0.0,0.0,0.0
-1206.0,-754.0,0.0,0.0,0.0,0.0,0.0,0.0,0.0,0.0,0.0,0.0
-1204.0,-754.0,0.0,0.0,0.0,0.0,0.0,0.0,0.0,0.0,0.0,0.0
-1202.0,-754.0,0.0,0.0,0.0,0.0,0.0,0.0,0.0,0.0,0.0,0.0
-1600.0,-752.0,-109.435,8.38833e-07,87.7766,37.2348,92.2234,-142.765,-1600.0,-752.0,-1400.0,-600.0
-1598.0,-752.0,-109.38,8.33522e-07,87.7818,37.5126,92.2182,-142.487,-1598.0,-752.0,-1400.0,-600.0
-1596.0,-752.0,-109.324,8.28232e-07,87.7871,37.7939,92.2129,-142.206,-1596.0,-752.0,-1400.0,-600.0
-1594.0,-752.0,-109.269,8.22967e-07,87.7826,38.0789,92.2174,-141.921,-1594.0,-752.0,-1400.0,-600.0
-1592.0,-752.0,-109.213,8.17728e-07,87.7684,38.3675,92.2316,-141.633,-1592.0,-752.0,-1400.0,-600.0
-1590.0,-752.0,-109.157,8.12511e-07,87.754,38.6598,92.246,-141.34,-1590.0,-752.0,-1400.0,-600.0
-1588.0,-752.0,-109.101,8.07314e-07,87.7396,38.9559,92.2604,-141.044,-1588.0,-752.0,-1400.0,-600.0
-1586.0,-752.0,-109.045,8.0214e-07,87.725,39.2558,92.275,-140.744,-1586.0,-752.0,-1400.0,-600.0
-1584.0,-752.0,-108.989,7.96983e-07,87.7191,39.5597,92.2809,-140.44,-1584.0,-752.0,-1400.0,-600.0
-1582.0,-752.0,-108.932,7.91842e-07,87.7247,39.8674,92.2753,-140.133,-1582.0,-752.0,-1400.0,-600.0
-1580.0,-752.0,-108.876,7.86725e-07,87.7304,40.1792,92.2696,-139.821,-1580.0,-752.0,-1400.0,-600.0
-1578.0,-752.0,-108.819,7.81631e-07,87.7363,40.4951,92.2637,-139.505,-1578.0,-752.0,-1400.0,-600.0
-1576.0,-752.0,-108.763,7.76561e-07,87.7423,40.8151,92.2577,-139.185,-1576.0,-752.0,-1400.0,-600.0
-1574.0,-752.0,-108.706,7.71511e-07,87.7561,41.1393,92.2439,-138.861,-1574.0,-752.0,-1400.0,-600.0
-1572.0,-752.0,-108.649,7.6648e-07,87.7835,41.4677,92.2165,-138.532,-1572.0,-752.0,-1400.0,-600.0
-1570.0,-752.0,-108.592,7.61474e-07,87.8113,41.8005,92.1887,-138.2,-1570.0,-752.0,-1400.0,-600.0
-1568.0,-752.0,-108.534,7.56494e-07,87.8396,42.1376,92.1604,-137.862,-1568.0,-752.0,-1400.0,-600.0
-1566.0,-752.0,-108.477,7.51542e-07,87.8684,42.4792,92.1316,-137.521,-1566.0,-752.0,-1400.0,-600.0
-1564.0,-752.0,-108.42,7.46616e-07,87.8975,42.8253,92.1025,-137.175,-1564.0,-752.0,-1400.0,-600.0
-1562.0,-752.0,-108.362,7.41718e-07,87.9272,43.1759,92.0728,-136.824,-1562.0,-752.0,-1400.0,-600.0
-1560.0,-752.0,-108.305,7.3686e-07,87.9314,43.5312,92.0686,-136.469,-1560.0,-752.0,-1400.0,-600.0
-1558.0,-752.0,-108.248,7.3204e-07,87.9178,43.8912,92.0822,-136.109,-1558.0,-752.0,-1400.0,-600.0
-1556.0,-752.0,-108.191,7.27248e-07,87.9041,44.2559,92.0959,-135.744,-1556.0,-752.0,-1400.0,-600.0
-1554.0,-752.0,-108.133,7.22487e-07,87.8902,44.6255,92.1098,-135.374,-1554.0,-752.0,-1400.0,-600.0
-1552.0,-752.0,-108.076,7.17756e-07,87.8763,45.0,92.1237,-135.0,-1552.0,-752.0,-1400.0,-600.0
-1550.0,-752.0,-108.019,7.1305e-07,87.874,45.3794,92.126,-134.621,-1550.0,-752.0,-1400.0,-600.0
-1548.0,-752.0,-107.961,7.08372e-07,87.8827,45.7639,92.1173,-134.236,-1548.0,-752.0,-1400.0,-600.0
-1546.0,-752.0,-107.904,7.03725e-07,87.8917,46.1535,92.1083,-133.847,-1546.0,-752.0,-1400.0,-600.0
-1544.0,-752.0,-107.847,6.99112e-07,87.9009,46.5482,92.0991,-133.452,-1544.0,-752.0,-1400.0,-600.0
-1542.0,-752.0,-107.79,6.94532e-07,87.9103,46.9481,92.0897,-133.052,-1542.0,-752.0,-1400.0,-600.0
-1540.0,-752.0,-107.732,6.89986e-07,87.9199,47.3533,92.0801,-132.647,-1540.0,-752.0,-1400.0,-600.0
-1538.0,-752.0,-107.675,6.85475e-07,87.9298,47.7639,92.0702,-132.236,-1538.0,-752.0,-1400.0,-600.0
-1536.0,-752.0,-107.618,6.81015e-07,87.9045,48.1798,92.0955,-131.82,-1536.0,-752.0,-1400.0,-600.0
-1534.0,-752.0,-107.562,6.76597e-07,87.867,48.6013,92.133,-131.399,-1534.0,-752.0,-1400.0,-600.0
-1532.0,-752.0,-107.505,6.72217e-07,87.829,49.0283,92.171,-130.972,-1532.0,-752.0,-1400.0,-600.0
-1530.0,-752.0,-107.448,6.67874e-07,87.7907,49.4608,92.2093,-130.539,-1530.0,-752.0,-1400.0,-600.0
-1528.0,-752.0,-107.392,6.6357e-07,87.752,49.8991,92.248,-130.101,-1528.0,-752.0,-1400.0,-600.0
-1526.0,-752.0,-107.336,6.59306e-07,87.713,50.3431,92.287,-129.657,-1526.0,-752.0,-1400.0,-600.0
-1524.0,-752.0,-107.28,6.55082e-07,87.6736,50.7928,92.3264,-129.207,-1524.0,-752.0,-1400.0,-600.0
-1522.0,-752.0,-107.224,6.50887e-07,87.658,51.2484,92.342,-128.752,-1522.0,-752.0,-1400.0,-600.0
-1520.0,-752.0,-107.168,6.46735e-07,87.6429,51.7098,92.3571,-128.29,-1520.0,-752.0,-1400.0,-600.0
-1518.0,-752.0,-107.113,6.42624e-07,87.6278,52.1772,92.3722,-127.823,-1518.0,-752.0,-1400.0,-600.0
-1516.0,-752.0,-107.057,6.38557e-07,87.6127,52.6507,92.3873,-127.349,-1516.0,-752.0,-1400.0,-600.0
-1514.0,-752.0,-107.002,6.34535e-07,87.5976,53.1301,92.4024,-126.87,-1514.0,-752.0,-1400.0,-600.0
-1512.0,-752.0,-106.948,6.30567e-07,87.5594,53.6156,92.4406,-126.384,-1512.0,-752.0,-1400.0,-600.0
-1510.0,-752.0,-106.893,6.26647e-07,87.5183,54.1073,92.4817,-125.893,-1510.0,-752.0,-1400.0,-600.0
-1508.0,-752.0,-106.839,6.22775e-07,87.4769,54.6052,92.5231,-125.395,-1508.0,-752.0,-1400.0,-600.0
-1506.0,-752.0,-106.786,6.18949e-07,87.4352,55.1093,92.5648,-124.891,-1506.0,-752.0,-1400.0,-600.0
-1504.0,-752.0,-106.732,6.15173e-07,87.3932,55.6197,92.6068,-124.38,-1504.0,-752.0,-1400.0,-600.0
-1502.0,-752.0,-106.679,6.11446e-07,87.3509,56.1363,92.6491,-123.864,-1502.0,-752.0,-1400.0,-600.0
-1500.0,-752.0,-106.627,6.07769e-07,87.3118,56.6593,92.6882,-123.341,-1500.0,-752.0,-1400.0,-600.0
-1498.0,-752.0,-106.575,6.0413e-07,87.2956,57.1886,92.7044,-122.811,-1498.0,-752.0,-1400.0,-600.0
-1496.0,-752.0,-106.523,6.00545e-07,87.2794,57.7244,92.7206,-122.276,-1496.0,-752.0,-1400.0,-600.0
-1494.0,-752.0,-106.471,5.97012e-07,87.2633,58.2665,92.7367,-121.734,-1494.0,-752.0,-1400.0,-600.0
-1492.0,-752.0,-106.42,5.93533e-07,87.2472,58.815,92.7528,-121.185,-1492.0,-752.0,-1400.0,-600.0
-1490.0,-752.0,-106.37,5.90109e-07,87.2313,59.37,92.7687,-120.63,-1490.0,-752.0,-1400.0,-600.0
-1488.0,-752.0,-106.32,5.86741e-07,87.2154,59.9314,92.7846,-120.069,-1488.0,-752.0,-1400.0,-600.0
-1486.0,-752.0,-106.271,5.8343e-07,87.1995,60.4993,92.8005,-119.501,-1486.0,-752.0,-1400.0,-600.0
-1484.0,-752.0,-106.222,5.80177e-07,87.1838,61.0736,92.8162,-118.926,-1484.0,-752.0,-1400.0,-600.0
-1482.0,-752.0,-106.174,5.76982e-07,87.1682,61.6543,92.8318,-118.346,-1482.0,-752.0,-1400.0,-600.0
-1480.0,-752.0,-106.127,5.73848e-07,87.1527,62.2415,92.8473,-117.759,-1480.0,-752.0,-1400.0,-600.0
-1478.0,-752.0,-106.08,5.70774e-07,87.1374,62.835,92.8626,-117.165,-1478.0,-752.0,-1400.0,-600.0
-1476.0,-752.0,-106.034,5.67762e-07,87.1222,63.4349,92.8778,-116.565,-1476.0,-752.0,-1400.0,-600.0
-1474.0,-752.0,-105.988,5.64813e-07,87.1072,64.0412,92.8928,-115.959,-1474.0,-752.0,-1400.0,-600.0
-1472.0,-752.0,-105.944,5.61928e-07,87.0923,64.6538,92.9077,-115.346,-1472.0,-752.0,-1400.0,-600.0
-1470.0,-752.0,-105.9,5.59107e-07,87.0776,65.2727,92.9224,-114.727,-1470.0,-752.0,-1400.0,-600.0
-1468.0,-752.0,-105.857,5.56352e-07,87.0631,65.8978,92.9369,-114.102,-1468.0,-752.0,-1400.0,-600.0
-1466.0,-752.0,-105.815,5.53664e-07,87.0489,66.529,92.9511,-113.471,-1466.0,-752.0,-1400.0,-600.0
-1464.0,-752.0,-105.774,5.51044e-07,87.0348,67.1663,92.9652,-112.834,-1464.0,-752.0,-1400.0,-600.0
-1462.0,-752.0,-105.733,5.48492e-07,87.021,67.8097,92.979,-112.19,-1462.0,-752.0,-1400.0,-600.0
-1460.0,-752.0,-105.694,5.4601e-07,87.0074,68.459,92.9926,-111.541,-1460.0,-752.0,-1400.0,-600.0
-1458.0,-752.0,-105.655,5.43599e-07,86.9942,69.1142,93.0058,-110.886,-1458.0,-752.0,-1400.0,-600.0
-1456.0,-752.0,-105.618,5.41259e-07,86.9812,69.7751,93.0188,-110.225,-1456.0,-752.0,-1400.0,-600.0
-1454.0,-752.0,-105.581,5.38991e-07,86.9684,70.4417,93.0316,-109.558,-1454.0,-752.0,-1400.0,-600.0
-1452.0,-752.0,-105.546,5.36804e-07,86.9427,71.1139,93.0573,-108.886,-1452.0,-752.0,-1400.0,-600.0
-1450.0,-752.0,-105.511,5.34699e-07,86.9005,71.7915,93.0995,-108.208,-1450.0,-752.0,-1400.0,-600.0
-1448.0,-752.0,-105.478,5.3267e-07,86.8583,72.4744,93.1417,-107.526,-1448.0,-752.0,-1400.0,-600.0
-1446.0,-752.0,-105.446,5.30717e-07,86.8163,73.1625,93.1837,-106.837,-1446.0,-752.0,-1400.0,-600.0
-1444.0,-752.0,-105.415,5.28842e-07,86.7744,73.8557,93.2256,-106.144,-1444.0,-752.0,-1400.0,-600.0
-1442.0,-752.0,-105.386,5.27044e-07,86.7327,74.5537,93.2673,-105.446,-1442.0,-752.0,-1400.0,-600.0
-1440.0,-752.0,-105.357,5.25325e-07,86.6912,75.2564,93.3088,-104.744,-1440.0,-752.0,-1400.0,-600.0
-1438.0,-752.0,-105.33,5.23686e-07,86.65,75.9638,93.35,-104.036,-1438.0,-752.0,-1400.0,-600.0
-1436.0,-752.0,-117.422,5.22131e-07,86.609,76.7646,93.391,-103.963,-1404.61,-618.561,-1404.61,-618.561
-1434.0,-752.0,-121.682,1.1823e-06,88.4895,83.4962,91.5105,86.8598,-1397.96,-562.869,-1405.27,-499.953
-1432.0,-752.0,-122.133,1.18157e-06,88.4749,83.8179,91.5251,87.1814,-1398.04,-560.244,-1404.7,-499.952
-1430.0,-752.0,-122.551,1.18087e-06,88.4603,84.1399,91.5397,87.5034,-1398.13,-557.217,-1404.13,-499.951
-1428.0,-752.0,-123.619,1.17896e-06,88.4523,85.4864,91.5477,94.6309,-1408.1,-499.955,-1408.1,-499.955
-1426.0,-752.0,-123.727,1.17846e-06,88.4517,85.81,91.5483,94.3073,-1407.54,-499.955,-1407.54,-499.955
-1424.0,-752.0,-123.773,1.17799e-06,88.4511,86.1338,91.5489,93.9834,-1406.97,-499.954,-1406.97,-499.954
-1422.0,-752.0,-123.766,1.17756e-06,88.4505,86.4579,91.5495,93.6594,-1406.4,-499.954,-1406.4,-499.954
-1420.0,-752.0,-123.719,1.17716e-06,88.45,86.7823,91.55,93.335,-1405.83,-499.953,-1405.83,-499.953
-1418.0,-752.0,-123.644,1.17681e-06,88.4495,87.1068,91.5505,93.0105,-1405.26,-499.953,-1405.26,-499.953
-1416.0,-752.0,-123.553,1.17649e-06,88.4491,87.4315,91.5509,92.6858,-1404.69,-499.952,-1404.69,-499.952
-1414.0,-752.0,-123.454,1.17621e-06,88.4487,87.7564,91.5513,92.3609,-1404.12,-499.951,-1404.12,-499.951
-1412.0,-752.0,-123.355,1.17597e-06,88.4484,88.0814,91.5516,92.0359,-1403.56,-499.951,-1403.56,-499.951
-1410.0,-752.0,-123.264,1.17576e-06,88.4481,88.4065,91.5519,91.7108,-1402.99,-499.95,-1402.99,-499.95
-1408.0,-752.0,-123.183,1.1756e-06,88.4479,88.7318,91.5521,91.3855,-1402.42,-499.95,-1402.42,-499.95
-1406.0,-752.0,-138.32,1.28757e-06,88.5829,96.552,91.4171,99.5595,-1419.44,-484.568,-1425.26,-584.337
-1404.0,-752.0,-145.544,1.28837e-06,88.5838,97.2256,91.4162,99.5595,-1419.44,-484.568,-1425.26,-584.337
-1402.0,-752.0,-149.925,1.28925e-06,88.5848,97.8973,91.4152,99.5595,-1419.44,-484.568,-1425.26,-584.337
-1400.0,-752.0,-120.783,1.29425e-06,88.5902,98.2959,91.4098,81.6598,-1396.73,-577.669,-1425.41,-577.717
-1398.0,-752.0,-139.465,1.29527e-06,88.5913,98.8682,91.4087,82.1554,-1396.76,-576.497,-1425.45,-576.06
-1396.0,-752.0,-156.431,6.67822e-07,87.2671,99.8984,92.7329,148.195,-1425.26,-584.337,-1425.26,-584.337
-1394.0,-752.0,-183.852,8.80412e-07,87.9396,116.373,92.0604,169.301,-1476.53,-585.541,-1476.53,-585.541
-1392.0,-752.0,-167.507,1.44844e-06,88.7589,-160.996,91.2411,-126.816,-1556.08,-808.509,-1556.08,-808.509
-1390.0,-752.0,-167.536,1.45475e-06,88.7754,-161.209,91.2246,-126.816,-1556.08,-808.509,-1556.08,-808.509
-1388.0,-752.0,-167.57,1.46106e-06,88.7918,-161.417,91.2082,-126.816,-1556.08,-808.509,-1556.08,-808.509
-1386.0,-752.0,-167.609,1.46739e-06,88.808,-161.621,91.192,-126.816,-1556.08,-808.509,-1556.08,-808.509
-1384.0,-752.0,-166.355,2.84762e-06,87.3807,-29.6372,88.6129,-27.7288,-1367.65,-617.003,-1179.59,-868.299
-1382.0,-752.0,-166.542,2.84181e-06,87.3793,-29.7039,88.6139,-27.7953,-1367.74,-617.007,-1178.29,-868.214
-1380.0,-752.0,-166.751,2.83601e-06,87.3779,-29.7708,88.615,-27.8621,-1367.82,-617.01,-1176.99,-868.128
-1378.0,-752.0,-166.974,2.83021e-06,87.3765,-29.838,88.6161,-27.9292,-1367.91,-617.014,-1175.69,-868.043
-1376.0,-752.0,-167.2,2.82442e-06,87.3751,-29.9055,88.6172,-27.9966,-1367.99,-617.017,-1174.39,-867.957
-1374.0,-752.0,-167.414,2.81863e-06,87.3736,-29.9733,88.6182,-28.0642,-1368.07,-617.021,-1173.09,-867.871
-1372.0,-752.0,-167.599,2.81284e-06,87.3722,-30.0413,88.6193,-28.1321,-1368.16,-617.024,-1171.79,-867.786
-1370.0,-752.0,-168.028,1.51822e-06,88.9242,-163.107,91.0758,-126.816,-1556.08,-808.509,-1556.08,-808.509
-1368.0,-752.0,-168.09,1.52461e-06,88.9287,-163.277,91.0713,-126.816,-1556.08,-808.509,-1556.08,-808.509
-1366.0,-752.0,-168.154,1.531e-06,88.9332,-163.443,91.0668,-126.816,-1556.08,-808.509,-1556.08,-808.509
-1364.0,-752.0,-168.219,1.5374e-06,88.9376,-163.606,91.0624,-126.816,-1556.08,-808.509,-1556.08,-808.509
-1362.0,-752.0,-168.285,1.5438e-06,88.942,-163.766,91.058,-126.816,-1556.08,-808.509,-1556.08,-808.509
-1360.0,-752.0,-168.352,1.55021e-06,88.954,-163.923,91.046,-126.816,-1556.08,-808.509,-1556.08,-808.509
-1358.0,-752.0,-168.42,1.55662e-06,88.9687,-164.077,91.0313,-126.816,-1556.08,-808.509,-1556.08,-808.509
-1356.0,-752.0,-168.489,1.56303e-06,88.9833,-164.228,91.0167,-126.816,-1556.08,-808.509,-1556.08,-808.509
-1354.0,-752.0,-168.56,1.56945e-06,88.9977,-164.377,91.0023,-126.816,-1556.08,-808.509,-1556.08,-808.509
-1352.0,-752.0,-162.879,1.08495e-06,86.5296,32.7344,65.8246,27.3774,-1380.11,-589.701,-1239.87,-679.919
-1350.0,-752.0,-162.157,1.07934e-06,86.5276,32.9264,65.7006,27.5369,-1380.26,-589.706,-1239.87,-680.682
-1348.0,-752.0,-161.58,1.07374e-06,86.5256,33.1204,65.5754,27.6983,-1380.4,-589.71,-1239.87,-681.456
-1346.0,-752.0,-161.141,1.06818e-06,86.4918,33.3162,65.4475,27.8639,-1380.54,-589.715,-1239.87,-682.243
-1344.0,-752.0,-160.82,1.06264e-06,86.457,33.5141,65.3184,28.0316,-1380.69,-589.719,-1239.87,-683.041
-1342.0,-752.0,-135.792,1.12268e-06,88.5994,38.701,91.4006,-35.9954,-1376.1,-617.359,-1239.87,-670.174
-1340.0,-752.0,-139.139,1.11749e-06,88.5785,38.976,91.4215,-35.9954,-1376.1,-617.359,-1239.87,-670.984
-1338.0,-752.0,-142.593,1.11232e-06,88.5574,39.2544,91.4426,-35.9954,-1376.1,-617.359,-1239.87,-671.811
-1336.0,-752.0,-146.412,1.10718e-06,88.5361,39.5361,91.4639,-35.9954,-1376.1,-617.359,-1239.87,-672.654
-1334.0,-752.0,-165.544,1.14636e-06,86.9251,41.9366,83.0691,43.2536,-1389.35,-589.984,-1239.87,-667.431
-1332.0,-752.0,-166.198,1.14143e-06,86.8948,42.1606,83.0394,43.4784,-1389.44,-589.987,-1239.87,-668.575
-1330.0,-752.0,-166.525,1.13651e-06,86.8643,42.3866,83.0096,43.7051,-1389.53,-589.989,-1239.87,-669.737
-1328.0,-752.0,-166.409,1.13161e-06,86.8335,42.6146,82.9796,43.9339,-1389.61,-589.992,-1239.87,-670.917
-1326.0,-752.0,-165.53,1.12674e-06,86.8026,42.8445,82.9495,44.1647,-1389.7,-589.995,-1239.87,-672.117
-1324.0,-752.0,-163.724,1.12188e-06,86.7714,43.0765,82.9192,44.3975,-1389.78,-589.997,-1239.87,-673.336
-1322.0,-752.0,-161.543,1.11703e-06,86.7401,43.3105,82.8888,44.6324,-1389.87,-590.0,-1239.87,-674.575
-1320.0,-752.0,-159.562,1.11221e-06,86.7085,43.5465,82.8582,44.8693,-1389.96,-590.003,-1239.87,-675.835
-1318.0,-752.0,-157.973,1.10741e-06,86.6766,43.7846,82.8275,45.1084,-1390.04,-590.005,-1239.87,-677.115
-1316.0,-752.0,-156.764,1.10262e-06,86.6446,44.0248,82.7966,45.3495,-1390.13,-590.008,-1239.87,-678.418
-1314.0,-752.0,-155.871,1.09786e-06,86.6124,44.2671,82.7657,45.5929,-1390.22,-590.01,-1239.87,-679.742
-1312.0,-752.0,-155.23,1.09312e-06,86.5799,44.5115,82.7345,45.8383,-1390.3,-590.013,-1239.87,-681.089
-1310.0,-752.0,-154.792,1.08839e-06,86.5472,44.7581,82.7032,46.0859,-1390.39,-590.016,-1239.87,-682.46
-1308.0,-752.0,-154.526,1.08369e-06,86.5143,45.0068,82.6718,46.3358,-1390.47,-590.018,-1239.87,-683.854
-1306.0,-752.0,-154.413,1.07901e-06,86.4812,45.2577,82.6403,46.5878,-1390.56,-590.021,-1239.87,-685.273
-1304.0,-752.0,-161.746,1.46548e-06,88.7178,60.7174,91.2822,-43.396,-1381.4,-617.583,-1239.86,-637.628
-1302.0,-752.0,-161.89,1.46223e-06,88.7039,60.9845,91.2961,-43.396,-1381.4,-617.583,-1239.86,-639.974
-1300.0,-752.0,-162.064,1.45902e-06,88.69,61.253,91.31,-43.396,-1381.4,-617.583,-1239.86,-642.372
-1298.0,-752.0,-162.266,1.45583e-06,88.676,61.523,91.324,-43.396,-1381.4,-617.583,-1239.86,-644.824
-1296.0,-752.0,-162.499,1.45267e-06,88.662,61.7943,91.338,-43.396,-1381.4,-617.583,-1239.86,-647.333
-1294.0,-752.0,-162.766,1.44954e-06,88.648,62.067,91.352,-43.396,-1381.4,-617.583,-1239.86,-649.899
-1292.0,-752.0,-163.07,1.44643e-06,88.6339,62.3411,91.3661,-43.396,-1381.4,-617.583,-1239.87,-652.525
-1290.0,-752.0,-163.422,1.44336e-06,88.6198,62.6165,91.3802,-43.396,-1381.4,-617.583,-1239.87,-655.213
-1288.0,-752.0,-163.835,1.44031e-06,88.6057,62.8933,91.3943,-43.396,-1381.4,-617.583,-1239.87,-657.965
-1286.0,-752.0,-164.331,1.43729e-06,88.5856,63.1716,91.4144,-43.396,-1381.4,-617.583,-1239.87,-660.784
-1284.0,-752.0,-164.944,1.43431e-06,88.5601,63.4511,91.4399,-43.396,-1381.4,-617.583,-1239.87,-663.672
-1282.0,-752.0,-165.732,1.43136e-06,88.5346,63.7321,91.4654,-43.396,-1381.4,-617.583,-1239.87,-666.631
-1280.0,-752.0,-166.773,1.42843e-06,88.509,64.0144,91.491,-43.396,-1381.4,-617.583,-1239.87,-669.665
-1278.0,-752.0,-168.148,1.42554e-06,88.4833,64.2981,91.5167,-43.396,-1381.4,-617.583,-1239.87,-672.775
-1276.0,-752.0,-168.596,1.20527e-06,88.191,105.41,91.809,15.8832,-1361.84,-589.142,-1309.31,-631.135
-1274.0,-752.0,-157.869,1.18036e-06,80.2219,39.4889,88.6284,-33.486,-1373.9,-617.266,-1196.01,-687.735
-1272.0,-752.0,-158.347,1.1753e-06,80.0072,39.7222,88.632,-33.6855,-1374.08,-617.274,-1195.98,-688.833
-1270.0,-752.0,-159.116,1.17026e-06,79.7821,39.9596,88.6357,-33.8864,-1374.27,-617.282,-1195.94,-689.946
-1268.0,-752.0,-160.167,1.16523e-06,79.5461,40.2015,88.6394,-34.0889,-1374.45,-617.29,-1195.91,-691.073
-1266.0,-752.0,-158.317,1.82886e-06,87.8204,63.1668,83.6894,117.562,-1429.35,-543.764,-1239.87,-700.352
-1264.0,-752.0,-159.012,1.82586e-06,87.8144,63.354,83.73,117.38,-1429.36,-543.302,-1239.87,-703.917
-1262.0,-752.0,-161.069,1.1503e-06,78.763,40.9566,88.6508,-34.705,-1375.0,-617.313,-1195.8,-694.54
-1260.0,-752.0,-132.108,1.15238e-06,88.1079,146.789,91.8921,-35.9954,-1376.1,-617.359,-1306.48,-721.571
-1258.0,-752.0,-128.607,1.15797e-06,88.117,147.019,91.883,-35.9954,-1376.1,-617.359,-1306.53,-720.509
-1256.0,-752.0,-124.816,1.16357e-06,88.1261,147.247,91.8739,-35.9954,-1376.1,-617.359,-1306.57,-719.466
-1254.0,-752.0,-127.576,1.16919e-06,88.1351,147.471,91.8649,-35.9954,-1376.1,-617.359,-1306.62,-718.441
-1252.0,-752.0,-130.702,1.17482e-06,88.1522,147.693,91.8478,-35.9954,-1376.1,-617.359,-1306.66,-717.434
-1250.0,-752.0,-133.404,1.18045e-06,88.1747,147.912,91.8253,-35.9954,-1376.1,-617.359,-1306.71,-716.445
-1248.0,-752.0,-135.712,1.1861e-06,88.197,148.129,91.803,-35.9954,-1376.1,-617.359,-1306.75,-715.472
-1246.0,-752.0,-137.719,1.19176e-06,88.2191,148.343,91.7809,-35.9954,-1376.1,-617.359,-1306.79,-714.517
-1244.0,-752.0,-139.532,1.19744e-06,88.241,148.555,91.759,-35.9954,-1376.1,-617.359,-1306.83,-713.577
-1242.0,-752.0,-141.215,1.20313e-06,88.2627,148.763,91.7373,-35.9954,-1376.1,-617.359,-1306.88,-712.653
-1240.0,-752.0,-151.807,1.20898e-06,88.9584,149.444,94.4578,-37.8228,-1377.56,-617.42,-1306.88,-712.515
-1238.0,-752.0,-144.44,1.21454e-06,88.3057,149.174,91.6943,-35.9954,-1376.1,-617.359,-1306.96,-710.852
-1236.0,-752.0,-146.083,1.22027e-06,88.3268,149.376,91.6732,-35.9954,-1376.1,-617.359,-1306.99,-709.973
-1234.0,-752.0,-147.801,1.22601e-06,88.3478,149.575,91.6522,-35.9954,-1376.1,-617.359,-1307.03,-709.109
-1232.0,-752.0,-149.624,1.23175e-06,88.3687,149.772,91.6313,-35.9954,-1376.1,-617.359,-1307.07,-708.258
-1230.0,-752.0,-160.366,1.05802e-06,88.1159,119.986,91.8841,-43.396,-1381.4,-617.583,-1324.83,-587.649
-1228.0,-752.0,-160.728,1.06135e-06,88.1484,120.376,91.8516,-43.396,-1381.4,-617.583,-1324.34,-587.637
-1226.0,-752.0,-161.207,1.07899e-06,88.2086,118.182,91.7914,-35.9954,-1376.1,-617.359,-1314.21,-587.372
-1224.0,-752.0,-160.981,1.08215e-06,88.2437,118.586,91.7563,-35.9954,-1376.1,-617.359,-1313.71,-587.359
-1222.0,-752.0,-160.886,1.08534e-06,88.2786,118.987,91.7214,-35.9954,-1376.1,-617.359,-1313.22,-587.346
-1220.0,-752.0,-160.859,9.26565e-07,84.7934,130.969,80.528,-47.2568,-1383.66,-617.678,-1361.43,-589.13
-1218.0,-752.0,-158.644,9.30902e-07,84.8482,131.28,80.5704,-46.9427,-1383.49,-617.67,-1360.99,-589.117
-1216.0,-752.0,-156.86,9.35276e-07,84.8949,131.588,80.6127,-46.6319,-1383.32,-617.663,-1360.56,-589.103
-1214.0,-752.0,-155.532,9.39676e-07,84.9413,131.893,80.6548,-46.3242,-1383.14,-617.656,-1360.13,-589.09
-1212.0,-752.0,-154.568,9.44103e-07,84.9874,132.195,80.6968,-46.0194,-1382.97,-617.648,-1359.7,-589.077
-1210.0,-752.0,-153.873,9.48557e-07,85.0332,132.495,80.7386,-45.7175,-1382.8,-617.641,-1359.28,-589.064
-1208.0,-752.0,-153.372,9.53037e-07,85.0787,132.791,80.7803,-45.4186,-1382.62,-617.634,-1358.85,-589.051
-1206.0,-752.0,-153.013,9.57542e-07,85.124,133.085,80.8219,-45.1225,-1382.45,-617.627,-1358.42,-589.038
-1204.0,-752.0,-152.761,9.62073e-07,85.1689,133.376,80.8633,-44.8293,-1382.28,-617.619,-1357.99,-589.025
-1202.0,-752.0,-152.591,9.66628e-07,85.2135,133.664,80.9046,-44.5389,-1382.1,-617.612,-1357.56,-589.011
-1600.0,-750.0,-109.393,8.34806e-07,87.7807,36.8699,92.2193,-143.13,-1600.0,-750.0,-1400.0,-600.0
-1598.0,-750.0,-109.337,8.2947e-07,87.7859,37.1467,92.2141,-142.853,-1598.0,-750.0,-1400.0,-600.0
-1596.0,-750.0,-109.281,8.24157e-07,87.7858,37.4271,92.2142,-142.573,-1596.0,-750.0,-1400.0,-600.0
-1594.0,-750.0,-109.225,8.18871e-07,87.7715,37.711,92.2285,-142.289,-1594.0,-750.0,-1400.0,-600.0
-1592.0,-750.0,-109.169,8.13606e-07,87.7571,37.9987,92.2429,-142.001,-1592.0,-750.0,-1400.0,-600.0
-1590.0,-750.0,-109.112,8.08362e-07,87.7425,38.2902,92.2575,-141.71,-1590.0,-750.0,-1400.0,-600.0
-1588.0,-750.0,-109.056,8.03139e-07,87.7278,38.5854,92.2722,-141.415,-1588.0,-750.0,-1400.0,-600.0
-1586.0,-750.0,-108.999,7.97937e-07,87.713,38.8845,92.287,-141.116,-1586.0,-750.0,-1400.0,-600.0
-1584.0,-750.0,-108.942,7.92753e-07,87.7069,39.1875,92.2931,-140.812,-1584.0,-750.0,-1400.0,-600.0
-1582.0,-750.0,-108.885,7.87584e-07,87.7124,39.4945,92.2876,-140.505,-1582.0,-750.0,-1400.0,-600.0
-1580.0,-750.0,-108.828,7.82439e-07,87.718,39.8056,92.282,-140.194,-1580.0,-750.0,-1400.0,-600.0
-1578.0,-750.0,-108.771,7.77317e-07,87.7237,40.1207,92.2763,-139.879,-1578.0,-750.0,-1400.0,-600.0
-1576.0,-750.0,-108.714,7.72219e-07,87.7296,40.44,92.2704,-139.56,-1576.0,-750.0,-1400.0,-600.0
-1574.0,-750.0,-108.656,7.67145e-07,87.7356,40.7636,92.2644,-139.236,-1574.0,-750.0,-1400.0,-600.0
-1572.0,-750.0,-108.599,7.62089e-07,87.7545,41.0915,92.2455,-138.909,-1572.0,-750.0,-1400.0,-600.0
-1570.0,-750.0,-108.541,7.57054e-07,87.7822,41.4237,92.2178,-138.576,-1570.0,-750.0,-1400.0,-600.0
-1568.0,-750.0,-108.483,7.52045e-07,87.8104,41.7603,92.1896,-138.24,-1568.0,-750.0,-1400.0,-600.0
-1566.0,-750.0,-108.425,7.47062e-07,87.839,42.1014,92.161,-137.899,-1566.0,-750.0,-1400.0,-600.0
-1564.0,-750.0,-108.367,7.42107e-07,87.8681,42.4471,92.1319,-137.553,-1564.0,-750.0,-1400.0,-600.0
-1562.0,-750.0,-108.309,7.37179e-07,87.8976,42.7974,92.1024,-137.203,-1562.0,-750.0,-1400.0,-600.0
-1560.0,-750.0,-108.251,7.32291e-07,87.9016,43.1524,92.0984,-136.848,-1560.0,-750.0,-1400.0,-600.0
-1558.0,-750.0,-108.193,7.2744e-07,87.8876,43.5121,92.1124,-136.488,-1558.0,-750.0,-1400.0,-600.0
-1556.0,-750.0,-108.135,7.22618e-07,87.8735,43.8767,92.1265,-136.123,-1556.0,-750.0,-1400.0,-600.0
-1554.0,-750.0,-108.077,7.17826e-07,87.8593,44.2462,92.1407,-135.754,-1554.0,-750.0,-1400.0,-600.0
-1552.0,-750.0,-108.019,7.13064e-07,87.845,44.6206,92.155,-135.379,-1552.0,-750.0,-1400.0,-600.0
-1550.0,-750.0,-107.961,7.08333e-07,87.8306,45.0,92.1694,-135.0,-1550.0,-750.0,-1400.0,-600.0
-1548.0,-750.0,-107.903,7.03625e-07,87.8333,45.3845,92.1667,-134.615,-1548.0,-750.0,-1400.0,-600.0
-1546.0,-750.0,-107.845,6.98947e-07,87.8419,45.7742,92.1581,-134.226,-1546.0,-750.0,-1400.0,-600.0
-1544.0,-750.0,-107.787,6.94302e-07,87.8507,46.1691,92.1493,-133.831,-1544.0,-750.0,-1400.0,-600.0
-1542.0,-750.0,-107.729,6.8969e-07,87.8597,46.5694,92.1403,-133.431,-1542.0,-750.0,-1400.0,-600.0
-1540.0,-750.0,-107.671,6.85112e-07,87.869,46.9749,92.131,-133.025,-1540.0,-750.0,-1400.0,-600.0
-1538.0,-750.0,-107.613,6.80568e-07,87.8785,47.3859,92.1215,-132.614,-1538.0,-750.0,-1400.0,-600.0
-1536.0,-750.0,-107.555,6.76076e-07,87.8526,47.8025,92.1474,-132.198,-1536.0,-750.0,-1400.0,-600.0
-1534.0,-750.0,-107.497,6.71626e-07,87.8143,48.2245,92.1857,-131.775,-1534.0,-750.0,-1400.0,-600.0
-1532.0,-750.0,-107.44,6.67212e-07,87.7756,48.6522,92.2244,-131.348,-1532.0,-750.0,-1400.0,-600.0
-1530.0,-750.0,-107.383,6.62837e-07,87.7366,49.0856,92.2634,-130.914,-1530.0,-750.0,-1400.0,-600.0
-1528.0,-750.0,-107.325,6.58501e-07,87.6971,49.5248,92.3029,-130.475,-1528.0,-750.0,-1400.0,-600.0
-1526.0,-750.0,-107.268,6.54203e-07,87.6573,49.9697,92.3427,-130.03,-1526.0,-750.0,-1400.0,-600.0
-1524.0,-750.0,-107.211,6.49938e-07,87.6355,50.4206,92.3645,-129.579,-1524.0,-750.0,-1400.0,-600.0
-1522.0,-750.0,-107.154,6.4571e-07,87.62,50.8774,92.38,-129.123,-1522.0,-750.0,-1400.0,-600.0
-1520.0,-750.0,-107.098,6.41524e-07,87.6045,51.3402,92.3955,-128.66,-1520.0,-750.0,-1400.0,-600.0
-1518.0,-750.0,-107.041,6.3738e-07,87.5889,51.8091,92.4111,-128.191,-1518.0,-750.0,-1400.0,-600.0
-1516.0,-750.0,-106.985,6.33279e-07,87.5733,52.284,92.4267,-127.716,-1516.0,-750.0,-1400.0,-600.0
-1514.0,-750.0,-106.929,6.29222e-07,87.5576,52.7652,92.4424,-127.235,-1514.0,-750.0,-1400.0,-600.0
-1512.0,-750.0,-106.874,6.25222e-07,87.5187,53.2525,92.4813,-126.747,-1512.0,-750.0,-1400.0,-600.0
-1510.0,-750.0,-106.818,6.21268e-07,87.4769,53.7462,92.5231,-126.254,-1510.0,-750.0,-1400.0,-600.0
-1508.0,-750.0,-106.763,6.17362e-07,87.4348,54.2461,92.5652,-125.754,-1508.0,-750.0,-1400.0,-600.0
-1506.0,-750.0,-106.709,6.13503e-07,87.3923,54.7524,92.6077,-125.248,-1506.0,-750.0,-1400.0,-600.0
-1504.0,-750.0,-106.654,6.09693e-07,87.3495,55.2651,92.6505,-124.735,-1504.0,-750.0,-1400.0,-600.0
-1502.0,-750.0,-106.601,6.05932e-07,87.3063,55.7843,92.6937,-124.216,-1502.0,-750.0,-1400.0,-600.0
-1500.0,-750.0,-106.547,6.02211e-07,87.2869,56.3099,92.7131,-123.69,-1500.0,-750.0,-1400.0,-600.0
-1498.0,-750.0,-106.494,5.98539e-07,87.2703,56.8421,92.7297,-123.158,-1498.0,-750.0,-1400.0,-600.0
-1496.0,-750.0,-106.441,5.94919e-07,87.2537,57.3808,92.7463,-122.619,-1496.0,-750.0,-1400.0,-600.0
-1494.0,-750.0,-106.388,5.91353e-07,87.2371,57.926,92.7629,-122.074,-1494.0,-750.0,-1400.0,-600.0
-1492.0,-750.0,-106.337,5.8784e-07,87.2206,58.4778,92.7794,-121.522,-1492.0,-750.0,-1400.0,-600.0
-1490.0,-750.0,-106.285,5.84383e-07,87.2041,59.0362,92.7959,-120.964,-1490.0,-750.0,-1400.0,-600.0
-1488.0,-750.0,-106.234,5.80982e-07,87.1877,59.6013,92.8123,-120.399,-1488.0,-750.0,-1400.0,-600.0
-1486.0,-750.0,-106.184,5.77638e-07,87.1714,60.1729,92.8286,-119.827,-1486.0,-750.0,-1400.0,-600.0
-1484.0,-750.0,-106.134,5.74352e-07,87.1552,60.7512,92.8448,-119.249,-1484.0,-750.0,-1400.0,-600.0
-1482.0,-750.0,-106.085,5.71125e-07,87.1392,61.336,92.8608,-118.664,-1482.0,-750.0,-1400.0,-600.0
-1480.0,-750.0,-106.037,5.67958e-07,87.1232,61.9275,92.8768,-118.072,-1480.0,-750.0,-1400.0,-600.0
-1478.0,-750.0,-105.989,5.64852e-07,87.1074,62.5256,92.8926,-117.474,-1478.0,-750.0,-1400.0,-600.0
-1476.0,-750.0,-105.942,5.61809e-07,87.0917,63.1302,92.9083,-116.87,-1476.0,-750.0,-1400.0,-600.0
-1474.0,-750.0,-105.896,5.58828e-07,87.0761,63.7413,92.9239,-116.259,-1474.0,-750.0,-1400.0,-600.0
-1472.0,-750.0,-105.85,5.55912e-07,87.0608,64.359,92.9392,-115.641,-1472.0,-750.0,-1400.0,-600.0
-1470.0,-750.0,-105.805,5.53061e-07,87.0456,64.9831,92.9544,-115.017,-1470.0,-750.0,-1400.0,-600.0
-1468.0,-750.0,-105.761,5.50275e-07,87.0307,65.6136,92.9693,-114.386,-1468.0,-750.0,-1400.0,-600.0
-1466.0,-750.0,-105.718,5.47557e-07,87.0159,66.2505,92.9841,-113.749,-1466.0,-750.0,-1400.0,-600.0
-1464.0,-750.0,-105.676,5.44908e-07,87.0014,66.8937,92.9986,-113.106,-1464.0,-750.0,-1400.0,-600.0
-1462.0,-750.0,-105.635,5.42327e-07,86.9871,67.5431,93.0129,-112.457,-1462.0,-750.0,-1400.0,-600.0
-1460.0,-750.0,-105.594,5.39817e-07,86.9731,68.1986,93.0269,-111.801,-1460.0,-750.0,-1400.0,-600.0
-1458.0,-750.0,-105.555,5.37377e-07,86.9593,68.8602,93.0407,-111.14,-1458.0,-750.0,-1400.0,-600.0
-1456.0,-750.0,-105.516,5.3501e-07,86.9459,69.5277,93.0541,-110.472,-1456.0,-750.0,-1400.0,-600.0
-1454.0,-750.0,-105.479,5.32719e-07,86.9264,70.2011,93.0736,-109.799,-1454.0,-750.0,-1400.0,-600.0
-1452.0,-750.0,-105.443,5.30515e-07,86.8831,70.8803,93.1169,-109.12,-1452.0,-750.0,-1400.0,-600.0
-1450.0,-750.0,-105.408,5.28385e-07,86.8399,71.5651,93.1601,-108.435,-1450.0,-750.0,-1400.0,-600.0
-1448.0,-750.0,-105.374,5.26332e-07,86.7969,72.2553,93.2031,-107.745,-1448.0,-750.0,-1400.0,-600.0
-1446.0,-750.0,-105.341,5.24356e-07,86.754,72.951,93.246,-107.049,-1446.0,-750.0,-1400.0,-600.0
-1444.0,-750.0,-105.31,5.22457e-07,86.7112,73.6518,93.2888,-106.348,-1444.0,-750.0,-1400.0,-600.0
-1442.0,-750.0,-105.279,5.20638e-07,86.6687,74.3578,93.3313,-105.642,-1442.0,-750.0,-1400.0,-600.0
-1440.0,-750.0,-105.25,5.18898e-07,86.6263,75.0686,93.3737,-104.931,-1440.0,-750.0,-1400.0,-600.0
-1438.0,-750.0,-105.222,5.17238e-07,86.5842,75.7841,93.4158,-104.216,-1438.0,-750.0,-1400.0,-600.0
-1436.0,-750.0,-115.866,5.15662e-07,86.5424,76.5704,93.4576,-103.963,-1404.61,-618.561,-1404.61,-618.561
-1434.0,-750.0,-121.439,5.14179e-07,86.501,77.398,93.499,-103.963,-1404.61,-618.561,-1404.61,-618.561
-1432.0,-750.0,-122.028,1.17494e-06,88.4558,83.7828,91.5442,87.1463,-1398.03,-560.548,-1404.76,-499.952
-1430.0,-750.0,-122.455,1.17424e-06,88.4461,84.1066,91.5539,87.4702,-1398.12,-557.551,-1404.19,-499.951
-1428.0,-750.0,-123.557,1.17231e-06,88.4436,85.4608,91.5564,94.6565,-1408.15,-499.955,-1408.15,-499.955
-1426.0,-750.0,-123.671,1.1718e-06,88.4429,85.7862,91.5571,94.3311,-1407.58,-499.955,-1407.58,-499.955
-1424.0,-750.0,-123.721,1.17133e-06,88.4423,86.1118,91.5577,94.0055,-1407.01,-499.954,-1407.01,-499.954
-1422.0,-750.0,-123.718,1.1709e-06,88.4417,86.4378,91.5583,93.6795,-1406.43,-499.954,-1406.43,-499.954
-1420.0,-750.0,-123.674,1.1705e-06,88.4412,86.7639,91.5588,93.3534,-1405.86,-499.953,-1405.86,-499.953
-1418.0,-750.0,-123.6,1.17015e-06,88.4407,87.0903,91.5593,93.027,-1405.29,-499.953,-1405.29,-499.953
-1416.0,-750.0,-123.509,1.16983e-06,88.4403,87.4168,91.5597,92.7005,-1404.72,-499.952,-1404.72,-499.952
-1414.0,-750.0,-123.41,1.16954e-06,88.4399,87.7435,91.5601,92.3737,-1404.15,-499.951,-1404.15,-499.951
-1412.0,-750.0,-123.311,1.1693e-06,88.4396,88.0704,91.5604,92.0469,-1403.58,-499.951,-1403.58,-499.951
-1410.0,-750.0,-123.219,1.1691e-06,88.4393,88.3974,91.5607,91.7199,-1403.0,-499.95,-1403.0,-499.95
-1408.0,-750.0,-123.137,1.16893e-06,88.4391,88.7245,91.5609,91.3928,-1402.43,-499.95,-1402.43,-499.95
-1406.0,-750.0,-139.391,1.28094e-06,88.5756,96.6304,91.4244,99.5595,-1419.44,-484.568,-1425.26,-584.337
-1404.0,-750.0,-146.135,1.28175e-06,88.5765,97.3119,91.4235,99.5595,-1419.44,-484.568,-1425.26,-584.337
-1402.0,-750.0,-150.346,1.28264e-06,88.5775,97.9914,91.4225,99.5595,-1419.44,-484.568,-1425.26,-584.337
-1400.0,-750.0,-120.72,1.28765e-06,88.583,98.3388,91.417,81.6169,-1396.72,-577.765,-1425.44,-576.417
-1398.0,-750.0,-136.659,1.28865e-06,88.5841,98.7098,91.4159,82.4644,-1396.79,-575.704,-1425.6,-569.858
-1396.0,-750.0,-156.277,6.61257e-07,87.2399,100.015,92.7601,148.195,-1425.26,-584.337,-1425.26,-584.337
-1394.0,-750.0,-167.673,1.44438e-06,88.7443,-160.151,91.2557,-126.816,-1556.08,-808.509,-1556.08,-808.509
-1392.0,-750.0,-167.673,1.45065e-06,88.7608,-160.374,91.2392,-126.816,-1556.08,-808.509,-1556.08,-808.509
-1390.0,-750.0,-167.682,1.45693e-06,88.7773,-160.593,91.2227,-126.816,-1556.08,-808.509,-1556.08,-808.509
-1388.0,-750.0,-166.368,2.86253e-06,87.3859,-29.6211,88.6126,-27.7129,-1367.63,-617.002,-1179.9,-868.32
-1386.0,-750.0,-166.548,2.85672e-06,87.3846,-29.6874,88.6137,-27.779,-1367.72,-617.006,-1178.61,-868.235
-1384.0,-750.0,-166.751,2.85092e-06,87.3832,-29.754,88.6147,-27.8455,-1367.8,-617.009,-1177.31,-868.15
-1382.0,-750.0,-166.97,2.84512e-06,87.3819,-29.8208,88.6158,-27.9121,-1367.88,-617.013,-1176.02,-868.064
-1380.0,-750.0,-167.195,2.83933e-06,87.3805,-29.8879,88.6169,-27.9791,-1367.97,-617.016,-1174.73,-867.979
-1378.0,-750.0,-167.413,2.83354e-06,87.3791,-29.9552,88.618,-28.0463,-1368.05,-617.02,-1173.43,-867.894
-1376.0,-750.0,-167.607,2.82775e-06,87.3777,-30.0229,88.619,-28.1138,-1368.14,-617.023,-1172.14,-867.809
-1374.0,-750.0,-167.759,2.82197e-06,87.3762,-30.0908,88.6201,-28.1816,-1368.22,-617.027,-1170.84,-867.723
-1372.0,-750.0,-168.006,1.51383e-06,88.9192,-162.367,91.0808,-126.816,-1556.08,-808.509,-1556.08,-808.509
-1370.0,-750.0,-168.059,1.52019e-06,88.9256,-162.545,91.0744,-126.816,-1556.08,-808.509,-1556.08,-808.509
-1368.0,-750.0,-168.113,1.52656e-06,88.9301,-162.72,91.0699,-126.816,-1556.08,-808.509,-1556.08,-808.509
-1366.0,-750.0,-168.17,1.53293e-06,88.9345,-162.891,91.0655,-126.816,-1556.08,-808.509,-1556.08,-808.509
-1364.0,-750.0,-168.228,1.53931e-06,88.9389,-163.059,91.0611,-126.816,-1556.08,-808.509,-1556.08,-808.509
-1362.0,-750.0,-168.288,1.5457e-06,88.9433,-163.223,91.0567,-126.816,-1556.08,-808.509,-1556.08,-808.509
-1360.0,-750.0,-168.349,1.55209e-06,88.9477,-163.385,91.0523,-126.816,-1556.08,-808.509,-1556.08,-808.509
-1358.0,-750.0,-168.411,1.55848e-06,88.962,-163.544,91.038,-126.816,-1556.08,-808.509,-1556.08,-808.509
-1356.0,-750.0,-168.475,1.56488e-06,88.9766,-163.699,91.0234,-126.816,-1556.08,-808.509,-1556.08,-808.509
-1354.0,-750.0,-168.54,1.57128e-06,88.991,-163.852,91.009,-126.816,-1556.08,-808.509,-1556.08,-808.509
-1352.0,-750.0,-168.606,1.57768e-06,89.0053,-164.002,90.9947,-126.816,-1556.08,-808.509,-1556.08,-808.509
-1350.0,-750.0,-168.672,1.5841e-06,89.0195,-164.15,90.9805,-126.816,-1556.08,-808.509,-1556.08,-808.509
-1348.0,-750.0,-168.74,1.59051e-06,89.0336,-164.295,90.9664,-126.816,-1556.08,-808.509,-1556.08,-808.509
-1346.0,-750.0,-168.796,1.59374e-06,89.0259,-161.357,90.9741,-124.21,-1548.4,-818.284,-1548.4,-818.284
-1344.0,-750.0,-168.815,1.60007e-06,89.0197,-161.527,90.9803,-124.21,-1548.4,-818.284,-1548.4,-818.284
-1342.0,-750.0,-168.839,1.6064e-06,89.0135,-161.694,90.9865,-124.21,-1548.4,-818.284,-1548.4,-818.284
-1340.0,-750.0,-134.876,1.11332e-06,88.562,38.6324,91.438,-35.9954,-1376.1,-617.359,-1239.87,-669.973
-1338.0,-750.0,-138.247,1.10812e-06,88.5407,38.9101,91.4593,-35.9954,-1376.1,-617.359,-1239.87,-670.789
-1336.0,-750.0,-141.695,1.10295e-06,88.5192,39.191,91.4808,-35.9954,-1376.1,-617.359,-1239.87,-671.622
-1334.0,-750.0,-145.464,1.0978e-06,88.4976,39.4755,91.5024,-35.9954,-1376.1,-617.359,-1239.87,-672.472
-1332.0,-750.0,-165.449,1.13698e-06,86.8642,41.9105,83.0721,43.2312,-1389.35,-589.984,-1239.87,-667.304
-1330.0,-750.0,-166.123,1.13204e-06,86.8334,42.1363,83.0421,43.4578,-1389.43,-589.987,-1239.87,-668.455
-1328.0,-750.0,-166.485,1.12713e-06,86.8023,42.3641,83.0121,43.6864,-1389.52,-589.989,-1239.87,-669.626
-1326.0,-750.0,-166.409,1.12223e-06,86.771,42.5939,82.9818,43.917,-1389.61,-589.992,-1239.87,-670.815
-1324.0,-750.0,-165.589,1.11735e-06,86.7395,42.8257,82.9514,44.1496,-1389.69,-589.994,-1239.87,-672.023
-1322.0,-750.0,-163.813,1.11249e-06,86.7078,43.0595,82.9209,44.3844,-1389.78,-589.997,-1239.87,-673.252
-1320.0,-750.0,-161.615,1.10764e-06,86.6758,43.2954,82.8902,44.6212,-1389.87,-590.0,-1239.87,-674.5
-1318.0,-750.0,-159.601,1.10282e-06,86.6436,43.5334,82.8594,44.8601,-1389.95,-590.002,-1239.87,-675.77
-1316.0,-750.0,-157.983,1.09802e-06,86.6112,43.7735,82.8284,45.1012,-1390.04,-590.005,-1239.87,-677.061
-1314.0,-750.0,-156.754,1.09323e-06,86.5786,44.0157,82.7973,45.3444,-1390.13,-590.008,-1239.87,-678.374
-1312.0,-750.0,-155.848,1.08847e-06,86.5458,44.2601,82.766,45.5898,-1390.21,-590.01,-1239.87,-679.709
-1310.0,-750.0,-155.198,1.08373e-06,86.5127,44.5066,82.7346,45.8374,-1390.3,-590.013,-1239.87,-681.067
-1308.0,-750.0,-154.756,1.079e-06,86.4794,44.7553,82.7031,46.0872,-1390.39,-590.016,-1239.87,-682.45
-1306.0,-750.0,-154.488,1.0743e-06,86.4459,45.0062,82.6714,46.3393,-1390.47,-590.018,-1239.87,-683.856
-1304.0,-750.0,-154.376,1.06962e-06,86.4121,45.2593,82.6396,46.5935,-1390.56,-590.021,-1239.87,-685.287
-1302.0,-750.0,-161.757,1.45641e-06,88.6902,60.8353,91.3098,-43.396,-1381.4,-617.583,-1239.86,-638.658
-1300.0,-750.0,-161.915,1.45318e-06,88.6762,61.1047,91.3238,-43.396,-1381.4,-617.583,-1239.86,-641.042
-1298.0,-750.0,-162.103,1.44997e-06,88.6621,61.3755,91.3379,-43.396,-1381.4,-617.583,-1239.86,-643.479
-1296.0,-750.0,-162.32,1.4468e-06,88.648,61.6477,91.352,-43.396,-1381.4,-617.583,-1239.86,-645.972
-1294.0,-750.0,-162.57,1.44365e-06,88.6339,61.9213,91.3661,-43.396,-1381.4,-617.583,-1239.86,-648.523
-1292.0,-750.0,-162.855,1.44053e-06,88.6197,62.1964,91.3803,-43.396,-1381.4,-617.583,-1239.87,-651.132
-1290.0,-750.0,-163.183,1.43744e-06,88.6055,62.4728,91.3945,-43.396,-1381.4,-617.583,-1239.87,-653.804
-1288.0,-750.0,-163.564,1.43438e-06,88.588,62.7506,91.412,-43.396,-1381.4,-617.583,-1239.87,-656.539
-1286.0,-750.0,-164.016,1.43135e-06,88.5624,63.0298,91.4376,-43.396,-1381.4,-617.583,-1239.87,-659.341
-1284.0,-750.0,-164.568,1.42836e-06,88.5368,63.3104,91.4632,-43.396,-1381.4,-617.583,-1239.87,-662.211
-1282.0,-750.0,-165.264,1.42539e-06,88.5111,63.5924,91.4889,-43.396,-1381.4,-617.583,-1239.87,-665.152
-1280.0,-750.0,-166.175,1.42245e-06,88.4853,63.8758,91.5147,-43.396,-1381.4,-617.583,-1239.87,-668.167
-1278.0,-750.0,-167.386,1.41955e-06,88.4595,64.1606,91.5405,-43.396,-1381.4,-617.583,-1239.87,-671.259
-1276.0,-750.0,-168.49,1.19886e-06,88.1606,105.656,91.8394,15.8832,-1361.84,-589.142,-1309.31,-631.135
-1274.0,-750.0,-168.495,1.20071e-06,88.1635,106.546,91.8365,15.8832,-1361.84,-589.142,-1309.31,-631.135
-1272.0,-750.0,-168.53,1.20266e-06,88.1665,107.428,91.8335,15.8832,-1361.84,-589.142,-1309.31,-631.135
-1270.0,-750.0,-158.7,1.16613e-06,79.6656,39.7125,88.631,-33.6294,-1374.03,-617.272,-1195.98,-688.524
-1268.0,-750.0,-159.539,1.16109e-06,79.4264,39.9545,88.6347,-33.8314,-1374.22,-617.28,-1195.95,-689.641
-1266.0,-750.0,-157.993,1.82293e-06,87.7979,63.0722,83.6685,117.657,-1429.35,-543.999,-1239.87,-698.562
-1264.0,-750.0,-133.573,1.13759e-06,88.0615,146.677,91.9385,-35.9954,-1376.1,-617.359,-1306.46,-722.087
-1262.0,-750.0,-130.148,1.14317e-06,88.071,146.912,91.929,-35.9954,-1376.1,-617.359,-1306.51,-721.001
-1260.0,-750.0,-126.421,1.14876e-06,88.0804,147.144,91.9196,-35.9954,-1376.1,-617.359,-1306.55,-719.935
-1258.0,-750.0,-126.007,1.15437e-06,88.0897,147.373,91.9103,-35.9954,-1376.1,-617.359,-1306.6,-718.888
-1256.0,-750.0,-129.342,1.16e-06,88.099,147.599,91.901,-35.9954,-1376.1,-617.359,-1306.64,-717.859
-1254.0,-750.0,-132.245,1.16564e-06,88.1082,147.823,91.8918,-35.9954,-1376.1,-617.359,-1306.69,-716.849
-1252.0,-750.0,-134.767,1.17128e-06,88.1255,148.043,91.8745,-35.9954,-1376.1,-617.359,-1306.73,-715.856
-1250.0,-750.0,-136.875,1.17694e-06,88.1482,148.261,91.8518,-35.9954,-1376.1,-617.359,-1306.78,-714.881
-1248.0,-750.0,-138.773,1.18261e-06,88.1707,148.477,91.8293,-35.9954,-1376.1,-617.359,-1306.82,-713.923
-1246.0,-750.0,-140.516,1.18829e-06,88.1931,148.689,91.8069,-35.9954,-1376.1,-617.359,-1306.86,-712.98
-1244.0,-750.0,-142.171,1.19399e-06,88.2152,148.9,91.7848,-35.9954,-1376.1,-617.359,-1306.9,-712.054
-1242.0,-750.0,-143.797,1.1997e-06,88.2371,149.107,91.7629,-35.9954,-1376.1,-617.359,-1306.94,-711.144
-1240.0,-750.0,-145.444,1.20542e-06,88.2589,149.312,91.7411,-35.9954,-1376.1,-617.359,-1306.98,-710.248
-1238.0,-750.0,-147.156,1.21115e-06,88.2805,149.515,91.7195,-35.9954,-1376.1,-617.359,-1307.02,-709.368
-1236.0,-750.0,-148.968,1.2169e-06,88.3019,149.715,91.6981,-35.9954,-1376.1,-617.359,-1307.06,-708.501
-1234.0,-750.0,-161.59,1.43129e-06,88.5676,109.687,91.4324,54.8118,-1393.02,-590.096,-1321.25,-506.143
-1232.0,-750.0,-160.208,1.04893e-06,88.0606,119.818,91.9394,-43.396,-1381.4,-617.583,-1325.04,-587.655
-1230.0,-750.0,-160.481,1.05226e-06,88.0821,120.214,91.9179,-43.396,-1381.4,-617.583,-1324.55,-587.642
-1228.0,-750.0,-161.007,1.05562e-06,88.1149,120.606,91.8851,-43.396,-1381.4,-617.583,-1324.05,-587.629
-1226.0,-750.0,-160.997,1.07314e-06,88.1758,118.401,91.8242,-35.9954,-1376.1,-617.359,-1313.94,-587.365
-1224.0,-750.0,-160.843,1.07631e-06,88.2112,118.807,91.7888,-35.9954,-1376.1,-617.359,-1313.44,-587.352
-1222.0,-750.0,-160.822,1.07953e-06,88.2464,119.21,91.7536,-35.9954,-1376.1,-617.359,-1312.95,-587.339
-1220.0,-750.0,-158.912,9.21597e-07,84.7169,131.244,80.5642,-46.9885,-1383.51,-617.671,-1361.06,-589.118
-1218.0,-750.0,-157.028,9.25941e-07,84.7871,131.555,80.607,-46.6731,-1383.34,-617.664,-1360.62,-589.105
-1216.0,-750.0,-155.631,9.30334e-07,84.8371,131.863,80.6496,-46.3619,-1383.16,-617.657,-1360.19,-589.092
-1214.0,-750.0,-154.621,9.34758e-07,84.8842,132.168,80.692,-46.0538,-1382.99,-617.649,-1359.75,-589.079
-1212.0,-750.0,-153.894,9.39208e-07,84.931,132.471,80.7343,-45.7488,-1382.81,-617.642,-1359.32,-589.065
-1210.0,-750.0,-153.372,9.43685e-07,84.9776,132.771,80.7764,-45.4467,-1382.64,-617.635,-1358.89,-589.052
-1208.0,-750.0,-152.998,9.48187e-07,85.0238,133.067,80.8184,-45.1475,-1382.46,-617.627,-1358.45,-589.039
-1206.0,-750.0,-152.736,9.52715e-07,85.0696,133.361,80.8602,-44.8513,-1382.29,-617.62,-1358.02,-589.026
-1204.0,-750.0,-152.56,9.57269e-07,85.1152,133.652,80.9019,-44.5579,-1382.11,-617.612,-1357.59,-589.012
-1202.0,-750.0,-152.453,9.61847e-07,85.1605,133.941,80.9433,-44.2674,-1381.94,-617.605,-1357.15,-588.999
-1600.0,-748.0,-109.351,8.30814e-07,87.7849,36.5014,92.2151,-143.499,-1600.0,-748.0,-1400.0,-600.0
-1598.0,-748.0,-109.295,8.25453e-07,87.7893,36.7772,92.2107,-143.223,-1598.0,-748.0,-1400.0,-600.0
-1596.0,-748.0,-109.238,8.20121e-07,87.7749,37.0565,92.2251,-142.943,-1596.0,-748.0,-1400.0,-600.0
-1594.0,-748.0,-109.182,8.14809e-07,87.7604,37.3395,92.2396,-142.66,-1594.0,-748.0,-1400.0,-600.0
-1592.0,-748.0,-109.125,8.09518e-07,87.7457,37.6262,92.2543,-142.374,-1592.0,-748.0,-1400.0,-600.0
-1590.0,-748.0,-109.068,8.04247e-07,87.7309,37.9167,92.2691,-142.083,-1590.0,-748.0,-1400.0,-600.0
-1588.0,-748.0,-109.011,7.98997e-07,87.716,38.211,92.284,-141.789,-1588.0,-748.0,-1400.0,-600.0
-1586.0,-748.0,-108.954,7.93768e-07,87.701,38.5092,92.299,-141.491,-1586.0,-748.0,-1400.0,-600.0
-1584.0,-748.0,-108.896,7.88556e-07,87.6947,38.8114,92.3053,-141.189,-1584.0,-748.0,-1400.0,-600.0
-1582.0,-748.0,-108.839,7.8336e-07,87.7001,39.1176,92.2999,-140.882,-1582.0,-748.0,-1400.0,-600.0
-1580.0,-748.0,-108.781,7.78187e-07,87.7055,39.4278,92.2945,-140.572,-1580.0,-748.0,-1400.0,-600.0
-1578.0,-748.0,-108.723,7.73037e-07,87.7111,39.7422,92.2889,-140.258,-1578.0,-748.0,-1400.0,-600.0
-1576.0,-748.0,-108.665,7.6791e-07,87.7169,40.0608,92.2831,-139.939,-1576.0,-748.0,-1400.0,-600.0
-1574.0,-748.0,-108.607,7.62807e-07,87.7227,40.3836,92.2773,-139.616,-1574.0,-748.0,-1400.0,-600.0
-1572.0,-748.0,-108.549,7.57729e-07,87.7288,40.7108,92.2712,-139.289,-1572.0,-748.0,-1400.0,-600.0
-1570.0,-748.0,-108.49,7.52667e-07,87.7528,41.0424,92.2472,-138.958,-1570.0,-748.0,-1400.0,-600.0
-1568.0,-748.0,-108.432,7.47628e-07,87.7809,41.3785,92.2191,-138.621,-1568.0,-748.0,-1400.0,-600.0
-1566.0,-748.0,-108.373,7.42616e-07,87.8094,41.7191,92.1906,-138.281,-1566.0,-748.0,-1400.0,-600.0
-1564.0,-748.0,-108.314,7.3763e-07,87.8383,42.0643,92.1617,-137.936,-1564.0,-748.0,-1400.0,-600.0
-1562.0,-748.0,-108.255,7.32672e-07,87.8678,42.4142,92.1322,-137.586,-1562.0,-748.0,-1400.0,-600.0
-1560.0,-748.0,-108.197,7.27754e-07,87.8715,42.7688,92.1285,-137.231,-1560.0,-748.0,-1400.0,-600.0
-1558.0,-748.0,-108.138,7.22873e-07,87.8571,43.1283,92.1429,-136.872,-1558.0,-748.0,-1400.0,-600.0
-1556.0,-748.0,-108.079,7.1802e-07,87.8426,43.4926,92.1574,-136.507,-1556.0,-748.0,-1400.0,-600.0
-1554.0,-748.0,-108.021,7.13197e-07,87.828,43.8618,92.172,-136.138,-1554.0,-748.0,-1400.0,-600.0
-1552.0,-748.0,-107.962,7.08404e-07,87.8133,44.2361,92.1867,-135.764,-1552.0,-748.0,-1400.0,-600.0
-1550.0,-748.0,-107.903,7.03642e-07,87.7985,44.6155,92.2015,-135.385,-1550.0,-748.0,-1400.0,-600.0
-1548.0,-748.0,-107.844,6.9891e-07,87.7836,45.0,92.2164,-135.0,-1548.0,-748.0,-1400.0,-600.0
-1546.0,-748.0,-107.785,6.942e-07,87.7915,45.3898,92.2085,-134.61,-1546.0,-748.0,-1400.0,-600.0
-1544.0,-748.0,-107.726,6.89523e-07,87.7999,45.7848,92.2001,-134.215,-1544.0,-748.0,-1400.0,-600.0
-1542.0,-748.0,-107.668,6.84878e-07,87.8085,46.1853,92.1915,-133.815,-1542.0,-748.0,-1400.0,-600.0
-1540.0,-748.0,-107.609,6.80268e-07,87.8174,46.5911,92.1826,-133.409,-1540.0,-748.0,-1400.0,-600.0
-1538.0,-748.0,-107.55,6.75692e-07,87.8265,47.0025,92.1735,-132.997,-1538.0,-748.0,-1400.0,-600.0
-1536.0,-748.0,-107.491,6.71167e-07,87.8,47.4195,92.2,-132.58,-1536.0,-748.0,-1400.0,-600.0
-1534.0,-748.0,-107.433,6.66684e-07,87.761,47.8421,92.239,-132.158,-1534.0,-748.0,-1400.0,-600.0
-1532.0,-748.0,-107.375,6.62238e-07,87.7216,48.2705,92.2784,-131.73,-1532.0,-748.0,-1400.0,-600.0
-1530.0,-748.0,-107.316,6.5783e-07,87.6817,48.7046,92.3183,-131.295,-1530.0,-748.0,-1400.0,-600.0
-1528.0,-748.0,-107.258,6.5346e-07,87.6415,49.1446,92.3585,-130.855,-1528.0,-748.0,-1400.0,-600.0
-1526.0,-748.0,-107.2,6.49124e-07,87.6135,49.5905,92.3865,-130.409,-1526.0,-748.0,-1400.0,-600.0
-1524.0,-748.0,-107.142,6.44822e-07,87.5975,50.0425,92.4025,-129.958,-1524.0,-748.0,-1400.0,-600.0
-1522.0,-748.0,-107.085,6.4056e-07,87.5815,50.5004,92.4185,-129.5,-1522.0,-748.0,-1400.0,-600.0
-1520.0,-748.0,-107.027,6.3634e-07,87.5655,50.9645,92.4345,-129.036,-1520.0,-748.0,-1400.0,-600.0
-1518.0,-748.0,-106.97,6.32162e-07,87.5494,51.4347,92.4506,-128.565,-1518.0,-748.0,-1400.0,-600.0
-1516.0,-748.0,-106.913,6.28027e-07,87.5332,51.9112,92.4668,-128.089,-1516.0,-748.0,-1400.0,-600.0
-1514.0,-748.0,-106.856,6.23937e-07,87.5171,52.394,92.4829,-127.606,-1514.0,-748.0,-1400.0,-600.0
-1512.0,-748.0,-106.799,6.19902e-07,87.4774,52.8831,92.5226,-127.117,-1512.0,-748.0,-1400.0,-600.0
-1510.0,-748.0,-106.743,6.15914e-07,87.4349,53.3787,92.5651,-126.621,-1510.0,-748.0,-1400.0,-600.0
-1508.0,-748.0,-106.687,6.11973e-07,87.3919,53.8807,92.6081,-126.119,-1508.0,-748.0,-1400.0,-600.0
-1506.0,-748.0,-106.631,6.08081e-07,87.3487,54.3891,92.6513,-125.611,-1506.0,-748.0,-1400.0,-600.0
-1504.0,-748.0,-106.576,6.04237e-07,87.305,54.9042,92.695,-125.096,-1504.0,-748.0,-1400.0,-600.0
-1502.0,-748.0,-106.521,6.00433e-07,87.2789,55.4258,92.7211,-124.574,-1502.0,-748.0,-1400.0,-600.0
-1500.0,-748.0,-106.466,5.96676e-07,87.2618,55.9541,92.7382,-124.046,-1500.0,-748.0,-1400.0,-600.0
-1498.0,-748.0,-106.412,5.9297e-07,87.2446,56.489,92.7554,-123.511,-1498.0,-748.0,-1400.0,-600.0
-1496.0,-748.0,-106.358,5.89316e-07,87.2275,57.0306,92.7725,-122.969,-1496.0,-748.0,-1400.0,-600.0
-1494.0,-748.0,-106.305,5.85715e-07,87.2105,57.5789,92.7895,-122.421,-1494.0,-748.0,-1400.0,-600.0
-1492.0,-748.0,-106.252,5.82169e-07,87.1935,58.134,92.8065,-121.866,-1492.0,-748.0,-1400.0,-600.0
-1490.0,-748.0,-106.2,5.78678e-07,87.1765,58.6959,92.8235,-121.304,-1490.0,-748.0,-1400.0,-600.0
-1488.0,-748.0,-106.148,5.75243e-07,87.1597,59.2645,92.8403,-120.735,-1488.0,-748.0,-1400.0,-600.0
-1486.0,-748.0,-106.097,5.71865e-07,87.1429,59.8399,92.8571,-120.16,-1486.0,-748.0,-1400.0,-600.0
-1484.0,-748.0,-106.046,5.68546e-07,87.1262,60.4222,92.8738,-119.578,-1484.0,-748.0,-1400.0,-600.0
-1482.0,-748.0,-105.996,5.65286e-07,87.1096,61.0112,92.8904,-118.989,-1482.0,-748.0,-1400.0,-600.0
-1480.0,-748.0,-105.946,5.62086e-07,87.0931,61.607,92.9069,-118.393,-1480.0,-748.0,-1400.0,-600.0
-1478.0,-748.0,-105.898,5.58948e-07,87.0768,62.2096,92.9232,-117.79,-1478.0,-748.0,-1400.0,-600.0
-1476.0,-748.0,-105.85,5.55872e-07,87.0606,62.8189,92.9394,-117.181,-1476.0,-748.0,-1400.0,-600.0
-1474.0,-748.0,-105.802,5.52859e-07,87.0446,63.4349,92.9554,-116.565,-1474.0,-748.0,-1400.0,-600.0
-1472.0,-748.0,-105.756,5.49911e-07,87.0287,64.0577,92.9713,-115.942,-1472.0,-748.0,-1400.0,-600.0
-1470.0,-748.0,-105.71,5.47029e-07,87.013,64.6871,92.987,-115.313,-1470.0,-748.0,-1400.0,-600.0
-1468.0,-748.0,-105.665,5.44213e-07,86.9976,65.3231,93.0024,-114.677,-1468.0,-748.0,-1400.0,-600.0
-1466.0,-748.0,-105.621,5.41464e-07,86.9823,65.9657,93.0177,-114.034,-1466.0,-748.0,-1400.0,-600.0
-1464.0,-748.0,-105.578,5.38785e-07,86.9673,66.6148,93.0327,-113.385,-1464.0,-748.0,-1400.0,-600.0
-1462.0,-748.0,-105.535,5.36174e-07,86.9525,67.2703,93.0475,-112.73,-1462.0,-748.0,-1400.0,-600.0
-1460.0,-748.0,-105.494,5.33635e-07,86.938,67.9321,93.062,-112.068,-1460.0,-748.0,-1400.0,-600.0
-1458.0,-748.0,-105.454,5.31167e-07,86.9237,68.6002,93.0763,-111.4,-1458.0,-748.0,-1400.0,-600.0
-1456.0,-748.0,-105.414,5.28773e-07,86.9098,69.2744,93.0902,-110.726,-1456.0,-748.0,-1400.0,-600.0
-1454.0,-748.0,-105.376,5.26466e-07,86.8663,69.9548,93.1337,-110.045,-1454.0,-748.0,-1400.0,-600.0
-1452.0,-748.0,-105.339,5.24235e-07,86.8221,70.641,93.1779,-109.359,-1452.0,-748.0,-1400.0,-600.0
-1450.0,-748.0,-105.303,5.2208e-07,86.778,71.3331,93.222,-108.667,-1450.0,-748.0,-1400.0,-600.0
-1448.0,-748.0,-105.269,5.20002e-07,86.734,72.0309,93.266,-107.969,-1448.0,-748.0,-1400.0,-600.0
-1446.0,-748.0,-105.235,5.18002e-07,86.6902,72.7342,93.3098,-107.266,-1446.0,-748.0,-1400.0,-600.0
-1444.0,-748.0,-105.203,5.1608e-07,86.6465,73.4429,93.3535,-106.557,-1444.0,-748.0,-1400.0,-600.0
-1442.0,-748.0,-105.172,5.14238e-07,86.6031,74.1569,93.3969,-105.843,-1442.0,-748.0,-1400.0,-600.0
-1440.0,-748.0,-105.142,5.12477e-07,86.5598,74.876,93.4402,-105.124,-1440.0,-748.0,-1400.0,-600.0
-1438.0,-748.0,-105.113,5.10796e-07,86.5168,75.6,93.4832,-104.4,-1438.0,-748.0,-1400.0,-600.0
-1436.0,-748.0,-114.051,5.09199e-07,86.4741,76.3706,93.5259,-103.963,-1404.61,-618.561,-1404.61,-618.561
-1434.0,-748.0,-120.191,5.07694e-07,86.4318,77.2096,93.5682,-103.963,-1404.61,-618.561,-1404.61,-618.561
-1432.0,-748.0,-121.923,1.16831e-06,88.4382,83.7474,91.5618,87.1109,-1398.02,-560.851,-1404.82,-499.952
-1430.0,-748.0,-122.359,1.16761e-06,88.4373,84.073,91.5627,87.4365,-1398.11,-557.883,-1404.25,-499.951
-1428.0,-748.0,-122.75,1.16694e-06,88.4364,84.399,91.5636,87.7626,-1398.22,-554.427,-1403.67,-499.951
-1426.0,-748.0,-123.614,1.16515e-06,88.434,85.762,91.566,94.3553,-1407.62,-499.955,-1407.62,-499.955
-1424.0,-748.0,-123.669,1.16468e-06,88.4334,86.0896,91.5666,94.0277,-1407.04,-499.954,-1407.04,-499.954
-1422.0,-748.0,-123.67,1.16424e-06,88.4328,86.4173,91.5672,93.7,-1406.47,-499.954,-1406.47,-499.954
-1420.0,-748.0,-123.628,1.16384e-06,88.4322,86.7454,91.5678,93.3719,-1405.89,-499.953,-1405.89,-499.953
-1418.0,-748.0,-123.556,1.16348e-06,88.4318,87.0736,91.5682,93.0437,-1405.32,-499.953,-1405.32,-499.953
-1416.0,-748.0,-123.465,1.16316e-06,88.4313,87.402,91.5687,92.7153,-1404.74,-499.952,-1404.74,-499.952
-1414.0,-748.0,-123.366,1.16288e-06,88.4309,87.7306,91.5691,92.3867,-1404.17,-499.951,-1404.17,-499.951
-1412.0,-748.0,-123.266,1.16263e-06,88.4306,88.0593,91.5694,92.058,-1403.6,-499.951,-1403.6,-499.951
-1410.0,-748.0,-123.173,1.16243e-06,88.4303,88.3882,91.5697,91.7291,-1403.02,-499.95,-1403.02,-499.95
-1408.0,-748.0,-123.091,1.16226e-06,88.4301,88.7172,91.5699,91.4001,-1402.45,-499.95,-1402.45,-499.95
-1406.0,-748.0,-140.309,1.27432e-06,88.5682,96.7107,91.4318,99.5595,-1419.44,-484.568,-1425.26,-584.337
-1404.0,-748.0,-146.701,1.27514e-06,88.5691,97.4003,91.4309,99.5595,-1419.44,-484.568,-1425.26,-584.337
-1402.0,-748.0,-120.788,1.28009e-06,88.5746,98.0865,91.4254,81.8692,-1396.74,-577.188,-1425.26,-584.307
-1400.0,-748.0,-120.658,1.28104e-06,88.5757,98.3821,91.4243,81.5736,-1396.72,-577.861,-1425.47,-575.12
-1398.0,-748.0,-136.872,1.28205e-06,88.5768,98.7581,91.4232,82.4644,-1396.79,-575.704,-1425.62,-568.687
-1396.0,-748.0,-156.122,6.54694e-07,87.2123,100.135,92.7877,148.195,-1425.26,-584.337,-1425.26,-584.337
-1394.0,-748.0,-167.935,1.44668e-06,88.7463,-159.528,91.2537,-126.816,-1556.08,-808.509,-1556.08,-808.509
-1392.0,-748.0,-166.382,2.87744e-06,87.391,-29.6052,88.6124,-27.6971,-1367.61,-617.001,-1180.21,-868.34
-1390.0,-748.0,-166.555,2.87163e-06,87.3897,-29.6711,88.6134,-27.7629,-1367.7,-617.005,-1178.92,-868.255
-1388.0,-748.0,-166.752,2.86583e-06,87.3884,-29.7373,88.6145,-27.8289,-1367.78,-617.008,-1177.64,-868.171
-1386.0,-748.0,-166.967,2.86003e-06,87.3871,-29.8037,88.6155,-27.8952,-1367.86,-617.012,-1176.35,-868.086
-1384.0,-748.0,-167.19,2.85423e-06,87.3858,-29.8704,88.6166,-27.9618,-1367.95,-617.015,-1175.06,-868.001
-1382.0,-748.0,-167.41,2.84844e-06,87.3844,-29.9374,88.6177,-28.0287,-1368.03,-617.019,-1173.77,-867.916
-1380.0,-748.0,-167.611,2.84265e-06,87.3831,-30.0046,88.6188,-28.0958,-1368.11,-617.022,-1172.48,-867.832
-1378.0,-748.0,-167.776,2.83687e-06,87.3817,-30.0721,88.6198,-28.1632,-1368.2,-617.026,-1171.19,-867.747
-1376.0,-748.0,-167.992,1.50323e-06,88.8901,-161.427,91.1099,-126.816,-1556.08,-808.509,-1556.08,-808.509
-1374.0,-748.0,-168.029,1.50955e-06,88.9054,-161.617,91.0946,-126.816,-1556.08,-808.509,-1556.08,-808.509
-1372.0,-748.0,-168.069,1.51588e-06,88.9206,-161.804,91.0794,-126.816,-1556.08,-808.509,-1556.08,-808.509
-1370.0,-748.0,-168.113,1.52222e-06,88.927,-161.986,91.073,-126.816,-1556.08,-808.509,-1556.08,-808.509
-1368.0,-748.0,-168.16,1.52857e-06,88.9315,-162.166,91.0685,-126.816,-1556.08,-808.509,-1556.08,-808.509
-1366.0,-748.0,-168.208,1.53493e-06,88.9359,-162.342,91.0641,-126.816,-1556.08,-808.509,-1556.08,-808.509
-1364.0,-748.0,-168.259,1.54129e-06,88.9403,-162.514,91.0597,-126.816,-1556.08,-808.509,-1556.08,-808.509
-1362.0,-748.0,-168.312,1.54765e-06,88.9447,-162.684,91.0553,-126.816,-1556.08,-808.509,-1556.08,-808.509
-1360.0,-748.0,-168.367,1.55403e-06,88.949,-162.85,91.051,-126.816,-1556.08,-808.509,-1556.08,-808.509
-1358.0,-748.0,-168.423,1.5604e-06,88.9554,-163.013,91.0446,-126.816,-1556.08,-808.509,-1556.08,-808.509
-1356.0,-748.0,-168.481,1.56678e-06,88.9699,-163.173,91.0301,-126.816,-1556.08,-808.509,-1556.08,-808.509
-1354.0,-748.0,-168.54,1.57317e-06,88.9844,-163.331,91.0156,-126.816,-1556.08,-808.509,-1556.08,-808.509
-1352.0,-748.0,-168.6,1.57956e-06,88.9987,-163.485,91.0013,-126.816,-1556.08,-808.509,-1556.08,-808.509
-1350.0,-748.0,-168.661,1.58595e-06,89.0129,-163.637,90.9871,-126.816,-1556.08,-808.509,-1556.08,-808.509
-1348.0,-748.0,-168.724,1.59235e-06,89.027,-163.786,90.973,-126.816,-1556.08,-808.509,-1556.08,-808.509
-1346.0,-748.0,-168.787,1.59876e-06,89.0213,-163.932,90.9787,-126.816,-1556.08,-808.509,-1556.08,-808.509
-1344.0,-748.0,-168.852,1.60518e-06,89.0151,-164.076,90.9849,-126.816,-1556.08,-808.509,-1556.08,-808.509
-1342.0,-748.0,-168.917,1.61161e-06,89.009,-164.217,90.991,-126.816,-1556.08,-808.509,-1556.08,-808.509
-1340.0,-748.0,-168.979,1.61485e-06,89.001,-161.363,90.999,-124.21,-1548.4,-818.284,-1548.4,-818.284
-1338.0,-748.0,-133.896,1.10395e-06,88.524,38.5624,91.476,-35.9954,-1376.1,-617.359,-1239.87,-669.768
-1336.0,-748.0,-137.339,1.09876e-06,88.5023,38.8426,91.4977,-35.9954,-1376.1,-617.359,-1239.87,-670.59
-1334.0,-748.0,-140.793,1.09358e-06,88.4805,39.1263,91.5195,-35.9954,-1376.1,-617.359,-1239.87,-671.429
-1332.0,-748.0,-144.516,1.08842e-06,88.4584,39.4135,91.5416,-35.9954,-1376.1,-617.359,-1239.87,-672.286
-1330.0,-748.0,-165.355,1.12759e-06,86.8022,41.884,83.0751,43.2085,-1389.34,-589.984,-1239.87,-667.174
-1328.0,-748.0,-166.046,1.12266e-06,86.7707,42.1116,83.0449,43.4369,-1389.42,-589.986,-1239.87,-668.334
-1326.0,-748.0,-166.442,1.11774e-06,86.7391,42.3412,83.0146,43.6673,-1389.51,-589.989,-1239.87,-669.513
-1324.0,-748.0,-166.405,1.11284e-06,86.7072,42.5728,82.9841,43.8998,-1389.6,-589.992,-1239.87,-670.711
-1322.0,-748.0,-165.644,1.10796e-06,86.6751,42.8065,82.9534,44.1344,-1389.69,-589.994,-1239.87,-671.928
-1320.0,-748.0,-163.902,1.1031e-06,86.6428,43.0422,82.9226,44.3711,-1389.77,-589.997,-1239.87,-673.166
-1318.0,-748.0,-161.688,1.09826e-06,86.6103,43.2801,82.8917,44.6099,-1389.86,-590.0,-1239.87,-674.424
-1316.0,-748.0,-159.641,1.09343e-06,86.5775,43.5201,82.8606,44.8508,-1389.95,-590.002,-1239.87,-675.704
-1314.0,-748.0,-157.994,1.08863e-06,86.5445,43.7622,82.8293,45.094,-1390.04,-590.005,-1239.87,-677.005
-1312.0,-748.0,-156.745,1.08384e-06,86.5112,44.0064,82.798,45.3393,-1390.13,-590.008,-1239.87,-678.329
-1310.0,-748.0,-155.825,1.07908e-06,86.4778,44.2529,82.7664,45.5868,-1390.21,-590.01,-1239.87,-679.675
-1308.0,-748.0,-155.167,1.07434e-06,86.4441,44.5015,82.7347,45.8366,-1390.3,-590.013,-1239.87,-681.045
-1306.0,-748.0,-154.721,1.06961e-06,86.4101,44.7524,82.7029,46.0886,-1390.39,-590.016,-1239.87,-682.439
-1304.0,-748.0,-154.451,1.06491e-06,86.376,45.0055,82.6709,46.3429,-1390.48,-590.018,-1239.87,-683.858
-1302.0,-748.0,-154.339,1.06023e-06,86.3416,45.2609,82.6388,46.5994,-1390.56,-590.021,-1239.87,-685.302
-1300.0,-748.0,-161.774,1.44735e-06,88.6623,60.9549,91.3377,-43.396,-1381.4,-617.583,-1239.86,-639.712
-1298.0,-748.0,-161.946,1.44413e-06,88.6482,61.2266,91.3518,-43.396,-1381.4,-617.583,-1239.86,-642.134
-1296.0,-748.0,-162.148,1.44094e-06,88.634,61.4997,91.366,-43.396,-1381.4,-617.583,-1239.86,-644.611
-1294.0,-748.0,-162.382,1.43777e-06,88.6197,61.7743,91.3803,-43.396,-1381.4,-617.583,-1239.86,-647.146
-1292.0,-748.0,-162.649,1.43464e-06,88.6055,62.0503,91.3945,-43.396,-1381.4,-617.583,-1239.86,-649.74
-1290.0,-748.0,-162.955,1.43153e-06,88.5904,62.3276,91.4096,-43.396,-1381.4,-617.583,-1239.87,-652.395
-1288.0,-748.0,-163.309,1.42846e-06,88.5648,62.6065,91.4352,-43.396,-1381.4,-617.583,-1239.87,-655.114
-1286.0,-748.0,-163.724,1.42542e-06,88.5391,62.8867,91.4609,-43.396,-1381.4,-617.583,-1239.87,-657.898
-1284.0,-748.0,-164.224,1.42241e-06,88.5133,63.1683,91.4867,-43.396,-1381.4,-617.583,-1239.87,-660.751
-1282.0,-748.0,-164.844,1.41943e-06,88.4874,63.4513,91.5126,-43.396,-1381.4,-617.583,-1239.87,-663.674
-1280.0,-748.0,-165.643,1.41648e-06,88.4615,63.7358,91.5385,-43.396,-1381.4,-617.583,-1239.87,-666.67
-1278.0,-748.0,-166.702,1.41356e-06,88.4354,64.0216,91.5646,-43.396,-1381.4,-617.583,-1239.87,-669.743
-1276.0,-748.0,-168.105,1.41066e-06,88.4194,64.3089,91.5806,-43.396,-1381.4,-617.583,-1239.87,-672.895
-1274.0,-748.0,-168.399,1.19433e-06,88.133,106.814,91.867,15.8832,-1361.84,-589.142,-1309.31,-631.135
-1272.0,-748.0,-168.445,1.19631e-06,88.136,107.708,91.864,15.8832,-1361.84,-589.142,-1309.31,-631.135
-1270.0,-748.0,-168.524,1.19839e-06,88.1393,108.593,91.8607,15.8832,-1361.84,-589.142,-1309.31,-631.135
-1268.0,-748.0,-159.103,1.15696e-06,79.306,39.7056,88.63,-33.5721,-1373.98,-617.27,-1195.99,-688.208
-1266.0,-748.0,-131.71,1.12837e-06,88.0238,146.802,91.9762,-35.9954,-1376.1,-617.359,-1306.48,-721.511
-1264.0,-748.0,-128.061,1.13395e-06,88.0335,147.038,91.9665,-35.9954,-1376.1,-617.359,-1306.53,-720.42
-1262.0,-748.0,-124.382,1.13956e-06,88.0432,147.272,91.9568,-35.9954,-1376.1,-617.359,-1306.58,-719.35
-1260.0,-748.0,-127.841,1.14518e-06,88.0528,147.502,91.9472,-35.9954,-1376.1,-617.359,-1306.63,-718.299
-1258.0,-748.0,-130.992,1.15081e-06,88.0623,147.73,91.9377,-35.9954,-1376.1,-617.359,-1306.67,-717.267
-1256.0,-748.0,-133.675,1.15646e-06,88.0718,147.955,91.9282,-35.9954,-1376.1,-617.359,-1306.72,-716.254
-1254.0,-748.0,-135.967,1.16212e-06,88.0811,148.177,91.9189,-35.9954,-1376.1,-617.359,-1306.76,-715.258
-1252.0,-748.0,-137.972,1.16778e-06,88.0986,148.396,91.9014,-35.9954,-1376.1,-617.359,-1306.8,-714.28
-1250.0,-748.0,-139.789,1.17346e-06,88.1216,148.613,91.8784,-35.9954,-1376.1,-617.359,-1306.85,-713.319
-1248.0,-748.0,-141.491,1.17915e-06,88.1444,148.827,91.8556,-35.9954,-1376.1,-617.359,-1306.89,-712.374
-1246.0,-748.0,-143.141,1.18486e-06,88.1669,149.038,91.8331,-35.9954,-1376.1,-617.359,-1306.93,-711.445
-1244.0,-748.0,-144.797,1.19057e-06,88.1893,149.247,91.8107,-35.9954,-1376.1,-617.359,-1306.97,-710.533
-1242.0,-748.0,-146.505,1.1963e-06,88.2115,149.453,91.7885,-35.9954,-1376.1,-617.359,-1307.01,-709.635
-1240.0,-748.0,-148.307,1.20205e-06,88.2334,149.657,91.7666,-35.9954,-1376.1,-617.359,-1307.05,-708.753
-1238.0,-748.0,-161.427,1.42059e-06,88.5166,109.146,91.4834,54.8118,-1393.02,-590.096,-1321.96,-506.157
-1236.0,-748.0,-161.485,1.42279e-06,88.5303,109.476,91.4697,54.8118,-1393.02,-590.096,-1321.53,-506.148
-1234.0,-748.0,-160.08,1.03986e-06,88.0044,119.646,91.9956,-43.396,-1381.4,-617.583,-1325.26,-587.66
-1232.0,-748.0,-160.271,1.04317e-06,88.0262,120.047,91.9738,-43.396,-1381.4,-617.583,-1324.76,-587.647
-1230.0,-748.0,-160.687,1.04652e-06,88.0479,120.445,91.9521,-43.396,-1381.4,-617.583,-1324.25,-587.634
-1228.0,-748.0,-161.042,1.06413e-06,88.1067,118.211,91.8933,-35.9954,-1376.1,-617.359,-1314.17,-587.371
-1226.0,-748.0,-160.825,1.06729e-06,88.1426,118.623,91.8574,-35.9954,-1376.1,-617.359,-1313.67,-587.358
-1224.0,-748.0,-160.745,1.07049e-06,88.1783,119.031,91.8217,-35.9954,-1376.1,-617.359,-1313.17,-587.345
-1222.0,-748.0,-159.209,9.12314e-07,84.5676,131.207,80.5577,-47.0364,-1383.54,-617.673,-1361.12,-589.12
-1220.0,-748.0,-157.239,9.16652e-07,84.6392,131.522,80.601,-46.7174,-1383.36,-617.665,-1360.68,-589.107
-1218.0,-748.0,-155.754,9.21018e-07,84.7104,131.833,80.6442,-46.4016,-1383.19,-617.658,-1360.24,-589.094
-1216.0,-748.0,-154.679,9.25415e-07,84.7784,132.141,80.6872,-46.089,-1383.01,-617.65,-1359.8,-589.08
-1214.0,-748.0,-153.919,9.29862e-07,84.8263,132.447,80.7299,-45.7807,-1382.83,-617.643,-1359.37,-589.067
-1212.0,-748.0,-153.374,9.34335e-07,84.8738,132.75,80.7724,-45.4754,-1382.66,-617.635,-1358.93,-589.053
-1210.0,-748.0,-152.985,9.38835e-07,84.921,133.05,80.8148,-45.1731,-1382.48,-617.628,-1358.49,-589.04
-1208.0,-748.0,-152.712,9.4336e-07,84.9679,133.347,80.857,-44.8738,-1382.3,-617.62,-1358.05,-589.027
-1206.0,-748.0,-152.529,9.47911e-07,85.0145,133.641,80.8991,-44.5774,-1382.13,-617.613,-1357.62,-589.013
-1204.0,-748.0,-152.417,9.52488e-07,85.0608,133.932,80.941,-44.2839,-1381.95,-617.605,-1357.18,-589.0
-1202.0,-748.0,-152.366,9.57088e-07,85.1067,134.22,80.9827,-43.9933,-1381.77,-617.598,-1356.74,-588.986
-1600.0,-746.0,-109.31,8.26856e-07,87.7892,36.1294,92.2108,-143.871,-1600.0,-746.0,-1400.0,-600.0
-1598.0,-746.0,-109.253,8.21478e-07,87.7786,36.4041,92.2214,-143.596,-1598.0,-746.0,-1400.0,-600.0
-1596.0,-746.0,-109.196,8.1612e-07,87.764,36.6824,92.236,-143.318,-1596.0,-746.0,-1400.0,-600.0
-1594.0,-746.0,-109.139,8.10782e-07,87.7492,36.9643,92.2508,-143.036,-1594.0,-746.0,-1400.0,-600.0
-1592.0,-746.0,-109.081,8.05464e-07,87.7344,37.25,92.2656,-142.75,-1592.0,-746.0,-1400.0,-600.0
-1590.0,-746.0,-109.024,8.00167e-07,87.7194,37.5394,92.2806,-142.461,-1590.0,-746.0,-1400.0,-600.0
-1588.0,-746.0,-108.966,7.9489e-07,87.7042,37.8328,92.2958,-142.167,-1588.0,-746.0,-1400.0,-600.0
-1586.0,-746.0,-108.908,7.89634e-07,87.6889,38.13,92.3111,-141.87,-1586.0,-746.0,-1400.0,-600.0
-1584.0,-746.0,-108.85,7.84394e-07,87.6825,38.4312,92.3175,-141.569,-1584.0,-746.0,-1400.0,-600.0
-1582.0,-746.0,-108.792,7.79171e-07,87.6877,38.7365,92.3123,-141.263,-1582.0,-746.0,-1400.0,-600.0
-1580.0,-746.0,-108.733,7.73969e-07,87.693,39.0459,92.307,-140.954,-1580.0,-746.0,-1400.0,-600.0
-1578.0,-746.0,-108.675,7.68791e-07,87.6985,39.3595,92.3015,-140.641,-1578.0,-746.0,-1400.0,-600.0
-1576.0,-746.0,-108.616,7.63636e-07,87.7041,39.6772,92.2959,-140.323,-1576.0,-746.0,-1400.0,-600.0
-1574.0,-746.0,-108.557,7.58504e-07,87.7098,39.9994,92.2902,-140.001,-1574.0,-746.0,-1400.0,-600.0
-1572.0,-746.0,-108.499,7.53397e-07,87.7157,40.3258,92.2843,-139.674,-1572.0,-746.0,-1400.0,-600.0
-1570.0,-746.0,-108.44,7.48314e-07,87.7232,40.6568,92.2768,-139.343,-1570.0,-746.0,-1400.0,-600.0
-1568.0,-746.0,-108.38,7.43246e-07,87.7511,40.9922,92.2489,-139.008,-1568.0,-746.0,-1400.0,-600.0
-1566.0,-746.0,-108.321,7.38203e-07,87.7795,41.3322,92.2205,-138.668,-1566.0,-746.0,-1400.0,-600.0
-1564.0,-746.0,-108.262,7.33188e-07,87.8084,41.6769,92.1916,-138.323,-1564.0,-746.0,-1400.0,-600.0
-1562.0,-746.0,-108.202,7.28199e-07,87.8377,42.0263,92.1623,-137.974,-1562.0,-746.0,-1400.0,-600.0
-1560.0,-746.0,-108.143,7.2325e-07,87.8411,42.3805,92.1589,-137.62,-1560.0,-746.0,-1400.0,-600.0
-1558.0,-746.0,-108.083,7.18338e-07,87.8264,42.7395,92.1736,-137.261,-1558.0,-746.0,-1400.0,-600.0
-1556.0,-746.0,-108.024,7.13455e-07,87.8115,43.1035,92.1885,-136.897,-1556.0,-746.0,-1400.0,-600.0
-1554.0,-746.0,-107.964,7.08601e-07,87.7965,43.4725,92.2035,-136.528,-1554.0,-746.0,-1400.0,-600.0
-1552.0,-746.0,-107.905,7.03776e-07,87.7814,43.8465,92.2186,-136.153,-1552.0,-746.0,-1400.0,-600.0
-1550.0,-746.0,-107.845,6.98982e-07,87.7661,44.2258,92.2339,-135.774,-1550.0,-746.0,-1400.0,-600.0
-1548.0,-746.0,-107.786,6.9422e-07,87.7508,44.6102,92.2492,-135.39,-1548.0,-746.0,-1400.0,-600.0
-1546.0,-746.0,-107.726,6.89486e-07,87.7404,45.0,92.2596,-135.0,-1546.0,-746.0,-1400.0,-600.0
-1544.0,-746.0,-107.666,6.84776e-07,87.7485,45.3951,92.2515,-134.605,-1544.0,-746.0,-1400.0,-600.0
-1542.0,-746.0,-107.607,6.80099e-07,87.7567,45.7957,92.2433,-134.204,-1542.0,-746.0,-1400.0,-600.0
-1540.0,-746.0,-107.547,6.75456e-07,87.7652,46.2018,92.2348,-133.798,-1540.0,-746.0,-1400.0,-600.0
-1538.0,-746.0,-107.487,6.70847e-07,87.7739,46.6135,92.2261,-133.386,-1538.0,-746.0,-1400.0,-600.0
-1536.0,-746.0,-107.428,6.66289e-07,87.7468,47.0309,92.2532,-132.969,-1536.0,-746.0,-1400.0,-600.0
-1534.0,-746.0,-107.369,6.61773e-07,87.707,47.454,92.293,-132.546,-1534.0,-746.0,-1400.0,-600.0
-1532.0,-746.0,-107.309,6.57294e-07,87.6668,47.883,92.3332,-132.117,-1532.0,-746.0,-1400.0,-600.0
-1530.0,-746.0,-107.25,6.52853e-07,87.6261,48.3178,92.3739,-131.682,-1530.0,-746.0,-1400.0,-600.0
-1528.0,-746.0,-107.191,6.48446e-07,87.5919,48.7586,92.4081,-131.241,-1528.0,-746.0,-1400.0,-600.0
-1526.0,-746.0,-107.132,6.44071e-07,87.5755,49.2054,92.4245,-130.795,-1526.0,-746.0,-1400.0,-600.0
-1524.0,-746.0,-107.073,6.39734e-07,87.5591,49.6583,92.4409,-130.342,-1524.0,-746.0,-1400.0,-600.0
-1522.0,-746.0,-107.015,6.35439e-07,87.5426,50.1173,92.4574,-129.883,-1522.0,-746.0,-1400.0,-600.0
-1520.0,-746.0,-106.956,6.31184e-07,87.526,50.5826,92.474,-129.417,-1520.0,-746.0,-1400.0,-600.0
-1518.0,-746.0,-106.898,6.26972e-07,87.5093,51.0542,92.4907,-128.946,-1518.0,-746.0,-1400.0,-600.0
-1516.0,-746.0,-106.84,6.22803e-07,87.4927,51.5321,92.5073,-128.468,-1516.0,-746.0,-1400.0,-600.0
-1514.0,-746.0,-106.782,6.18678e-07,87.4759,52.0165,92.5241,-127.983,-1514.0,-746.0,-1400.0,-600.0
-1512.0,-746.0,-106.724,6.14608e-07,87.4356,52.5073,92.5644,-127.493,-1512.0,-746.0,-1400.0,-600.0
-1510.0,-746.0,-106.667,6.10586e-07,87.3922,53.0047,92.6078,-126.995,-1510.0,-746.0,-1400.0,-600.0
-1508.0,-746.0,-106.61,6.06611e-07,87.3485,53.5087,92.6515,-126.491,-1508.0,-746.0,-1400.0,-600.0
-1506.0,-746.0,-106.554,6.02684e-07,87.3044,54.0193,92.6956,-125.981,-1506.0,-746.0,-1400.0,-600.0
-1504.0,-746.0,-106.497,5.98799e-07,87.2715,54.5366,92.7285,-125.463,-1504.0,-746.0,-1400.0,-600.0
-1502.0,-746.0,-106.441,5.94957e-07,87.2538,55.0607,92.7462,-124.939,-1502.0,-746.0,-1400.0,-600.0
-1500.0,-746.0,-106.386,5.91165e-07,87.2362,55.5915,92.7638,-124.408,-1500.0,-746.0,-1400.0,-600.0
-1498.0,-746.0,-106.33,5.87424e-07,87.2186,56.1292,92.7814,-123.871,-1498.0,-746.0,-1400.0,-600.0
-1496.0,-746.0,-106.275,5.83735e-07,87.201,56.6737,92.799,-123.326,-1496.0,-746.0,-1400.0,-600.0
-1494.0,-746.0,-106.221,5.801e-07,87.1835,57.2251,92.8165,-122.775,-1494.0,-746.0,-1400.0,-600.0
-1492.0,-746.0,-106.167,5.76519e-07,87.1659,57.7835,92.8341,-122.217,-1492.0,-746.0,-1400.0,-600.0
-1490.0,-746.0,-106.114,5.72993e-07,87.1485,58.3487,92.8515,-121.651,-1490.0,-746.0,-1400.0,-600.0
-1488.0,-746.0,-106.061,5.69524e-07,87.1311,58.921,92.8689,-121.079,-1488.0,-746.0,-1400.0,-600.0
-1486.0,-746.0,-106.009,5.66112e-07,87.1138,59.5002,92.8862,-120.5,-1486.0,-746.0,-1400.0,-600.0
-1484.0,-746.0,-105.957,5.62759e-07,87.0966,60.0864,92.9034,-119.914,-1484.0,-746.0,-1400.0,-600.0
-1482.0,-746.0,-105.906,5.59465e-07,87.0795,60.6795,92.9205,-119.32,-1482.0,-746.0,-1400.0,-600.0
-1480.0,-746.0,-105.855,5.56232e-07,87.0625,61.2797,92.9375,-118.72,-1480.0,-746.0,-1400.0,-600.0
-1478.0,-746.0,-105.805,5.53061e-07,87.0456,61.8868,92.9544,-118.113,-1478.0,-746.0,-1400.0,-600.0
-1476.0,-746.0,-105.756,5.49952e-07,87.0289,62.5009,92.9711,-117.499,-1476.0,-746.0,-1400.0,-600.0
-1474.0,-746.0,-105.708,5.46906e-07,87.0124,63.1219,92.9876,-116.878,-1474.0,-746.0,-1400.0,-600.0
-1472.0,-746.0,-105.66,5.43926e-07,86.996,63.7498,93.004,-116.25,-1472.0,-746.0,-1400.0,-600.0
-1470.0,-746.0,-105.614,5.41012e-07,86.9798,64.3845,93.0202,-115.615,-1470.0,-746.0,-1400.0,-600.0
-1468.0,-746.0,-105.568,5.38164e-07,86.9638,65.0261,93.0362,-114.974,-1468.0,-746.0,-1400.0,-600.0
-1466.0,-746.0,-105.523,5.35385e-07,86.948,65.6744,93.052,-114.326,-1466.0,-746.0,-1400.0,-600.0
-1464.0,-746.0,-105.478,5.32675e-07,86.9325,66.3295,93.0675,-113.671,-1464.0,-746.0,-1400.0,-600.0
-1462.0,-746.0,-105.435,5.30034e-07,86.9172,66.9911,93.0828,-113.009,-1462.0,-746.0,-1400.0,-600.0
-1460.0,-746.0,-105.393,5.27465e-07,86.9021,67.6594,93.0979,-112.341,-1460.0,-746.0,-1400.0,-600.0
-1458.0,-746.0,-105.351,5.24969e-07,86.8874,68.334,93.1126,-111.666,-1458.0,-746.0,-1400.0,-600.0
-1456.0,-746.0,-105.311,5.22557e-07,86.8501,69.0151,93.1499,-110.985,-1456.0,-746.0,-1400.0,-600.0
-1454.0,-746.0,-105.272,5.20224e-07,86.8049,69.7024,93.1951,-110.298,-1454.0,-746.0,-1400.0,-600.0
-1452.0,-746.0,-105.235,5.17966e-07,86.7597,70.3959,93.2403,-109.604,-1452.0,-746.0,-1400.0,-600.0
-1450.0,-746.0,-105.198,5.15785e-07,86.7147,71.0954,93.2853,-108.905,-1450.0,-746.0,-1400.0,-600.0
-1448.0,-746.0,-105.162,5.13681e-07,86.6697,71.8008,93.3303,-108.199,-1448.0,-746.0,-1400.0,-600.0
-1446.0,-746.0,-105.128,5.11656e-07,86.6249,72.512,93.3751,-107.488,-1446.0,-746.0,-1400.0,-600.0
-1444.0,-746.0,-105.095,5.09711e-07,86.5803,73.2288,93.4197,-106.771,-1444.0,-746.0,-1400.0,-600.0
-1442.0,-746.0,-105.063,5.07846e-07,86.5359,73.951,93.4641,-106.049,-1442.0,-746.0,-1400.0,-600.0
-1440.0,-746.0,-105.032,5.06062e-07,86.4917,74.6785,93.5083,-105.322,-1440.0,-746.0,-1400.0,-600.0
-1438.0,-746.0,-105.003,5.04361e-07,86.4478,75.4111,93.5522,-104.589,-1438.0,-746.0,-1400.0,-600.0
-1436.0,-746.0,-112.189,5.02742e-07,86.4042,76.1648,93.5958,-103.963,-1404.61,-618.561,-1404.61,-618.561
-1434.0,-746.0,-118.808,5.01215e-07,86.3609,77.0157,93.6391,-103.963,-1404.61,-618.561,-1404.61,-618.561
-1432.0,-746.0,-121.819,1.16168e-06,88.4293,83.7115,91.5707,87.075,-1398.02,-561.152,-1404.89,-499.952
-1430.0,-746.0,-122.262,1.16097e-06,88.4284,84.039,91.5716,87.4025,-1398.1,-558.214,-1404.31,-499.952
-1428.0,-746.0,-122.661,1.1603e-06,88.4274,84.3669,91.5726,87.7304,-1398.21,-554.793,-1403.73,-499.951
-1426.0,-746.0,-123.556,1.1585e-06,88.425,85.7376,91.575,94.3797,-1407.66,-499.955,-1407.66,-499.955
-1424.0,-746.0,-123.617,1.15802e-06,88.4244,86.067,91.5756,94.0503,-1407.08,-499.954,-1407.08,-499.954
-1422.0,-746.0,-123.621,1.15758e-06,88.4238,86.3967,91.5762,93.7206,-1406.51,-499.954,-1406.51,-499.954
-1420.0,-746.0,-123.582,1.15718e-06,88.4232,86.7266,91.5768,93.3907,-1405.93,-499.953,-1405.93,-499.953
-1418.0,-746.0,-123.511,1.15682e-06,88.4227,87.0567,91.5773,93.0606,-1405.35,-499.953,-1405.35,-499.953
-1416.0,-746.0,-123.421,1.1565e-06,88.4223,87.387,91.5777,92.7303,-1404.77,-499.952,-1404.77,-499.952
-1414.0,-746.0,-123.321,1.15621e-06,88.4219,87.7175,91.5781,92.3998,-1404.19,-499.951,-1404.19,-499.951
-1412.0,-746.0,-123.222,1.15597e-06,88.4216,88.0481,91.5784,92.0692,-1403.61,-499.951,-1403.61,-499.951
-1410.0,-746.0,-123.128,1.15576e-06,88.4213,88.3789,91.5787,91.7384,-1403.04,-499.95,-1403.04,-499.95
-1408.0,-746.0,-123.045,1.15559e-06,88.421,88.7098,91.579,91.4075,-1402.46,-499.95,-1402.46,-499.95
-1406.0,-746.0,-141.21,1.26769e-06,88.5607,96.793,91.4393,99.5595,-1419.44,-484.568,-1425.26,-584.337
-1404.0,-746.0,-147.246,1.26852e-06,88.5616,97.4908,91.4384,99.5595,-1419.44,-484.568,-1425.26,-584.337
-1402.0,-746.0,-120.717,1.27348e-06,88.5672,98.1288,91.4328,81.827,-1396.74,-577.287,-1425.29,-582.945
-1400.0,-746.0,-120.598,1.27445e-06,88.5683,98.4259,91.4317,81.5299,-1396.72,-577.957,-1425.5,-573.825
-1398.0,-746.0,-140.448,1.2755e-06,88.5695,99.0573,91.4305,82.1554,-1396.76,-576.497,-1425.51,-573.4
-1396.0,-746.0,-155.965,6.48133e-07,87.184,100.258,92.816,148.195,-1425.26,-584.337,-1425.26,-584.337
-1394.0,-746.0,-166.563,2.88654e-06,87.3947,-29.6549,88.6132,-27.7469,-1367.68,-617.004,-1179.24,-868.276
-1392.0,-746.0,-166.754,2.88074e-06,87.3935,-29.7207,88.6142,-27.8126,-1367.76,-617.007,-1177.96,-868.192
-1390.0,-746.0,-166.964,2.87494e-06,87.3922,-29.7868,88.6153,-27.8785,-1367.84,-617.011,-1176.67,-868.107
-1388.0,-746.0,-167.185,2.86914e-06,87.391,-29.8531,88.6163,-27.9447,-1367.93,-617.014,-1175.39,-868.023
-1386.0,-746.0,-167.406,2.86335e-06,87.3897,-29.9197,88.6174,-28.0112,-1368.01,-617.018,-1174.11,-867.939
-1384.0,-746.0,-167.613,2.85756e-06,87.3883,-29.9866,88.6185,-28.0779,-1368.09,-617.021,-1172.83,-867.854
-1382.0,-746.0,-167.788,2.85177e-06,87.387,-30.0537,88.6195,-28.1449,-1368.18,-617.025,-1171.54,-867.77
-1380.0,-746.0,-168.079,1.49281e-06,88.8607,-160.455,91.1393,-126.816,-1556.08,-808.509,-1556.08,-808.509
-1378.0,-746.0,-168.091,1.49909e-06,88.8762,-160.658,91.1238,-126.816,-1556.08,-808.509,-1556.08,-808.509
-1376.0,-746.0,-168.109,1.50539e-06,88.8917,-160.857,91.1083,-126.816,-1556.08,-808.509,-1556.08,-808.509
-1374.0,-746.0,-168.133,1.51169e-06,88.907,-161.052,91.093,-126.816,-1556.08,-808.509,-1556.08,-808.509
-1372.0,-746.0,-168.161,1.518e-06,88.9221,-161.244,91.0779,-126.816,-1556.08,-808.509,-1556.08,-808.509
-1370.0,-746.0,-168.194,1.52432e-06,88.9285,-161.431,91.0715,-126.816,-1556.08,-808.509,-1556.08,-808.509
-1368.0,-746.0,-168.231,1.53064e-06,88.9329,-161.615,91.0671,-126.816,-1556.08,-808.509,-1556.08,-808.509
-1366.0,-746.0,-168.27,1.53698e-06,88.9373,-161.796,91.0627,-126.816,-1556.08,-808.509,-1556.08,-808.509
-1364.0,-746.0,-168.313,1.54332e-06,88.9417,-161.973,91.0583,-126.816,-1556.08,-808.509,-1556.08,-808.509
-1362.0,-746.0,-168.358,1.54967e-06,88.946,-162.147,91.054,-126.816,-1556.08,-808.509,-1556.08,-808.509
-1360.0,-746.0,-168.405,1.55602e-06,88.9503,-162.318,91.0497,-126.816,-1556.08,-808.509,-1556.08,-808.509
-1358.0,-746.0,-168.455,1.56238e-06,88.9546,-162.485,91.0454,-126.816,-1556.08,-808.509,-1556.08,-808.509
-1356.0,-746.0,-168.506,1.56875e-06,88.9633,-162.65,91.0367,-126.816,-1556.08,-808.509,-1556.08,-808.509
-1354.0,-746.0,-168.558,1.57511e-06,88.9778,-162.812,91.0222,-126.816,-1556.08,-808.509,-1556.08,-808.509
-1352.0,-746.0,-168.613,1.58149e-06,88.9921,-162.97,91.0079,-126.816,-1556.08,-808.509,-1556.08,-808.509
-1350.0,-746.0,-168.668,1.58786e-06,89.0063,-163.126,90.9937,-126.816,-1556.08,-808.509,-1556.08,-808.509
-1348.0,-746.0,-168.726,1.59425e-06,89.0204,-163.279,90.9796,-126.816,-1556.08,-808.509,-1556.08,-808.509
-1346.0,-746.0,-168.784,1.60064e-06,89.0147,-163.43,90.9853,-126.816,-1556.08,-808.509,-1556.08,-808.509
-1344.0,-746.0,-168.843,1.60705e-06,89.0086,-163.577,90.9914,-126.816,-1556.08,-808.509,-1556.08,-808.509
-1342.0,-746.0,-168.904,1.61345e-06,89.0025,-163.723,90.9975,-126.816,-1556.08,-808.509,-1556.08,-808.509
-1340.0,-746.0,-168.965,1.61987e-06,88.9965,-163.865,91.0035,-126.816,-1556.08,-808.509,-1556.08,-808.509
-1338.0,-746.0,-169.028,1.62628e-06,88.9905,-164.006,91.0095,-126.816,-1556.08,-808.509,-1556.08,-808.509
-1336.0,-746.0,-166.498,1.01136e-06,88.3607,38.2739,91.6393,-9.41385,-1309.77,-614.96,-1239.87,-670.151
-1334.0,-746.0,-136.415,1.08939e-06,88.4633,38.7736,91.5367,-35.9954,-1376.1,-617.359,-1239.87,-670.387
-1332.0,-746.0,-139.884,1.08421e-06,88.441,39.0601,91.559,-35.9954,-1376.1,-617.359,-1239.87,-671.233
-1330.0,-746.0,-164.664,1.12317e-06,86.7706,41.6297,83.1084,42.9574,-1389.24,-589.981,-1239.87,-665.893
-1328.0,-746.0,-165.263,1.11821e-06,86.7388,41.857,83.0781,43.1856,-1389.33,-589.983,-1239.87,-667.043
-1326.0,-746.0,-165.968,1.11328e-06,86.7068,42.0864,83.0477,43.4158,-1389.42,-589.986,-1239.87,-668.211
-1324.0,-746.0,-166.397,1.10836e-06,86.6746,42.3178,83.0171,43.6481,-1389.5,-589.989,-1239.87,-669.398
-1322.0,-746.0,-166.399,1.10346e-06,86.6421,42.5513,82.9863,43.8825,-1389.59,-589.991,-1239.87,-670.605
-1320.0,-746.0,-165.696,1.09858e-06,86.6094,42.7869,82.9554,44.119,-1389.68,-589.994,-1239.87,-671.831
-1318.0,-746.0,-163.991,1.09371e-06,86.5765,43.0246,82.9244,44.3576,-1389.77,-589.997,-1239.87,-673.079
-1316.0,-746.0,-161.764,1.08887e-06,86.5433,43.2644,82.8932,44.5985,-1389.86,-590.0,-1239.87,-674.347
-1314.0,-746.0,-159.683,1.08405e-06,86.5099,43.5064,82.8618,44.8415,-1389.95,-590.002,-1239.87,-675.636
-1312.0,-746.0,-158.006,1.07924e-06,86.4763,43.7506,82.8303,45.0867,-1390.04,-590.005,-1239.87,-676.948
-1310.0,-746.0,-156.735,1.07446e-06,86.4424,43.997,82.7986,45.3341,-1390.12,-590.008,-1239.87,-678.283
-1308.0,-746.0,-155.802,1.06969e-06,86.4083,44.2455,82.7668,45.5838,-1390.21,-590.01,-1239.87,-679.641
-1306.0,-746.0,-155.136,1.06495e-06,86.374,44.4964,82.7348,45.8358,-1390.3,-590.013,-1239.87,-681.022
-1304.0,-746.0,-154.685,1.06023e-06,86.3394,44.7494,82.7027,46.0901,-1390.39,-590.016,-1239.87,-682.428
-1302.0,-746.0,-154.413,1.05553e-06,86.3046,45.0048,82.6705,46.3466,-1390.48,-590.018,-1239.87,-683.86
-1300.0,-746.0,-154.303,1.05085e-06,86.2696,45.2625,82.6381,46.6055,-1390.57,-590.021,-1239.87,-685.317
-1298.0,-746.0,-161.797,1.43829e-06,88.6341,61.0763,91.3659,-43.396,-1381.4,-617.583,-1239.86,-640.789
-1296.0,-746.0,-161.984,1.43508e-06,88.6198,61.3503,91.3802,-43.396,-1381.4,-617.583,-1239.86,-643.251
-1294.0,-746.0,-162.202,1.4319e-06,88.6054,61.6258,91.3946,-43.396,-1381.4,-617.583,-1239.86,-645.77
-1292.0,-746.0,-162.452,1.42876e-06,88.5911,61.9027,91.4089,-43.396,-1381.4,-617.583,-1239.86,-648.348
-1290.0,-746.0,-162.738,1.42564e-06,88.5673,62.1811,91.4327,-43.396,-1381.4,-617.583,-1239.86,-650.986
-1288.0,-746.0,-163.067,1.42256e-06,88.5414,62.4609,91.4586,-43.396,-1381.4,-617.583,-1239.87,-653.688
-1286.0,-746.0,-163.451,1.4195e-06,88.5156,62.7421,91.4844,-43.396,-1381.4,-617.583,-1239.87,-656.455
-1284.0,-746.0,-163.906,1.41647e-06,88.4896,63.0248,91.5104,-43.396,-1381.4,-617.583,-1239.87,-659.29
-1282.0,-746.0,-164.463,1.41348e-06,88.4635,63.3089,91.5365,-43.396,-1381.4,-617.583,-1239.87,-662.195
-1280.0,-746.0,-165.168,1.41051e-06,88.4374,63.5944,91.5626,-43.396,-1381.4,-617.583,-1239.87,-665.173
-1278.0,-746.0,-166.093,1.40757e-06,88.4112,63.8813,91.5888,-43.396,-1381.4,-617.583,-1239.87,-668.227
-1276.0,-746.0,-167.329,1.40466e-06,88.395,64.1697,91.605,-43.396,-1381.4,-617.583,-1239.87,-671.359
-1274.0,-746.0,-168.306,1.18797e-06,88.1021,107.089,91.8979,15.8832,-1361.84,-589.142,-1309.31,-631.135
-1272.0,-746.0,-168.362,1.18998e-06,88.1053,107.996,91.8947,15.8832,-1361.84,-589.142,-1309.31,-631.135
-1270.0,-746.0,-133.224,1.11357e-06,87.9753,146.688,92.0247,-35.9954,-1376.1,-617.359,-1306.46,-722.04
-1268.0,-746.0,-129.706,1.11915e-06,87.9854,146.929,92.0146,-35.9954,-1376.1,-617.359,-1306.51,-720.924
-1266.0,-746.0,-125.849,1.12475e-06,87.9954,147.167,92.0046,-35.9954,-1376.1,-617.359,-1306.56,-719.83
-1264.0,-746.0,-126.249,1.13036e-06,88.0053,147.402,91.9947,-35.9954,-1376.1,-617.359,-1306.6,-718.755
-1262.0,-746.0,-129.587,1.13599e-06,88.0152,147.634,91.9848,-35.9954,-1376.1,-617.359,-1306.65,-717.701
-1260.0,-746.0,-132.541,1.14163e-06,88.025,147.863,91.975,-35.9954,-1376.1,-617.359,-1306.7,-716.665
-1258.0,-746.0,-135.019,1.14728e-06,88.0348,148.09,91.9652,-35.9954,-1376.1,-617.359,-1306.74,-715.648
-1256.0,-746.0,-137.123,1.15295e-06,88.0444,148.313,91.9556,-35.9954,-1376.1,-617.359,-1306.79,-714.65
-1254.0,-746.0,-139.03,1.15863e-06,88.054,148.534,91.946,-35.9954,-1376.1,-617.359,-1306.83,-713.668
-1252.0,-746.0,-140.787,1.16432e-06,88.0717,148.752,91.9283,-35.9954,-1376.1,-617.359,-1306.87,-712.705
-1250.0,-746.0,-142.47,1.17002e-06,88.0949,148.967,91.9051,-35.9954,-1376.1,-617.359,-1306.92,-711.757
-1248.0,-746.0,-144.14,1.17573e-06,88.1179,149.18,91.8821,-35.9954,-1376.1,-617.359,-1306.96,-710.827
-1246.0,-746.0,-145.848,1.18146e-06,88.1407,149.39,91.8593,-35.9954,-1376.1,-617.359,-1307.0,-709.912
-1244.0,-746.0,-147.641,1.18719e-06,88.1633,149.597,91.8367,-35.9954,-1376.1,-617.359,-1307.04,-709.012
-1242.0,-746.0,-149.55,1.19294e-06,88.1857,149.802,91.8143,-35.9954,-1376.1,-617.359,-1307.08,-708.128
-1240.0,-746.0,-161.36,1.41213e-06,88.4788,108.928,91.5212,54.8118,-1393.02,-590.096,-1322.25,-506.162
-1238.0,-746.0,-161.395,1.4143e-06,88.4925,109.261,91.5075,54.8118,-1393.02,-590.096,-1321.81,-506.154
-1236.0,-746.0,-161.466,1.41651e-06,88.5063,109.593,91.4937,54.8118,-1393.02,-590.096,-1321.38,-506.145
-1234.0,-746.0,-160.097,1.03408e-06,87.9693,119.877,92.0307,-43.396,-1381.4,-617.583,-1324.97,-587.653
-1232.0,-746.0,-160.414,1.03742e-06,87.9914,120.28,92.0086,-43.396,-1381.4,-617.583,-1324.46,-587.64
-1230.0,-746.0,-161.013,1.04079e-06,88.0134,120.679,91.9866,-43.396,-1381.4,-617.583,-1323.96,-587.627
-1228.0,-746.0,-160.836,1.05828e-06,88.0729,118.435,91.9271,-35.9954,-1376.1,-617.359,-1313.9,-587.364
-1226.0,-746.0,-160.693,1.06145e-06,88.1091,118.848,91.8909,-35.9954,-1376.1,-617.359,-1313.39,-587.351
-1224.0,-746.0,-159.522,9.03037e-07,84.4144,131.17,80.5511,-47.0855,-1383.57,-617.674,-1361.19,-589.123
-1222.0,-746.0,-157.465,9.07368e-07,84.4876,131.488,80.5948,-46.763,-1383.39,-617.666,-1360.75,-589.109
-1220.0,-746.0,-155.903,9.11729e-07,84.5603,131.803,80.6384,-46.4436,-1383.21,-617.659,-1360.3,-589.095
-1218.0,-746.0,-154.77,9.16118e-07,84.6325,132.114,80.6819,-46.1274,-1383.03,-617.651,-1359.86,-589.082
-1216.0,-746.0,-153.957,9.20535e-07,84.7041,132.423,80.7252,-45.8144,-1382.85,-617.643,-1359.41,-589.068
-1214.0,-746.0,-153.378,9.24988e-07,84.7674,132.729,80.7683,-45.5049,-1382.67,-617.636,-1358.97,-589.055
-1212.0,-746.0,-152.973,9.29485e-07,84.8156,133.032,80.8111,-45.1993,-1382.49,-617.628,-1358.53,-589.041
-1210.0,-746.0,-152.689,9.34008e-07,84.8636,133.332,80.8538,-44.8968,-1382.32,-617.621,-1358.09,-589.028
-1208.0,-746.0,-152.498,9.38556e-07,84.9112,133.629,80.8962,-44.5974,-1382.14,-617.613,-1357.65,-589.014
-1206.0,-746.0,-152.381,9.43131e-07,84.9585,133.923,80.9386,-44.3008,-1381.96,-617.606,-1357.2,-589.001
-1204.0,-746.0,-152.327,9.4773e-07,85.0055,134.214,80.9807,-44.0073,-1381.78,-617.598,-1356.76,-588.987
-1202.0,-746.0,-152.329,9.52353e-07,85.0521,134.503,81.0227,-43.7166,-1381.6,-617.591,-1356.32,-588.974
-1600.0,-744.0,-109.268,8.2294e-07,87.7825,35.7539,92.2175,-144.246,-1600.0,-744.0,-1400.0,-600.0
-1598.0,-744.0,-109.211,8.17538e-07,87.7679,36.0274,92.2321,-143.973,-1598.0,-744.0,-1400.0,-600.0
-1596.0,-744.0,-109.153,8.12154e-07,87.7531,36.3045,92.2469,-143.696,-1596.0,-744.0,-1400.0,-600.0
-1594.0,-744.0,-109.095,8.0679e-07,87.7381,36.5853,92.2619,-143.415,-1594.0,-744.0,-1400.0,-600.0
-1592.0,-744.0,-109.038,8.01446e-07,87.723,36.8699,92.277,-143.13,-1592.0,-744.0,-1400.0,-600.0
-1590.0,-744.0,-108.979,7.96121e-07,87.7078,37.1583,92.2922,-142.842,-1590.0,-744.0,-1400.0,-600.0
-1588.0,-744.0,-108.921,7.90817e-07,87.6924,37.4506,92.3076,-142.549,-1588.0,-744.0,-1400.0,-600.0
-1586.0,-744.0,-108.863,7.85534e-07,87.6769,37.7468,92.3231,-142.253,-1586.0,-744.0,-1400.0,-600.0
-1584.0,-744.0,-108.804,7.80267e-07,87.6702,38.047,92.3298,-141.953,-1584.0,-744.0,-1400.0,-600.0
-1582.0,-744.0,-108.745,7.75016e-07,87.6753,38.3514,92.3247,-141.649,-1582.0,-744.0,-1400.0,-600.0
-1580.0,-744.0,-108.686,7.69786e-07,87.6804,38.6598,92.3196,-141.34,-1580.0,-744.0,-1400.0,-600.0
-1578.0,-744.0,-108.627,7.64579e-07,87.6858,38.9725,92.3142,-141.028,-1578.0,-744.0,-1400.0,-600.0
-1576.0,-744.0,-108.568,7.59396e-07,87.6912,39.2894,92.3088,-140.711,-1576.0,-744.0,-1400.0,-600.0
-1574.0,-744.0,-108.508,7.54235e-07,87.6968,39.6107,92.3032,-140.389,-1574.0,-744.0,-1400.0,-600.0
-1572.0,-744.0,-108.449,7.49099e-07,87.7026,39.9364,92.2974,-140.064,-1572.0,-744.0,-1400.0,-600.0
-1570.0,-744.0,-108.389,7.43987e-07,87.7085,40.2666,92.2915,-139.733,-1570.0,-744.0,-1400.0,-600.0
-1568.0,-744.0,-108.329,7.38897e-07,87.7211,40.6013,92.2789,-139.399,-1568.0,-744.0,-1400.0,-600.0
-1566.0,-744.0,-108.269,7.33825e-07,87.7494,40.9407,92.2506,-139.059,-1566.0,-744.0,-1400.0,-600.0
-1564.0,-744.0,-108.209,7.28779e-07,87.7781,41.2847,92.2219,-138.715,-1564.0,-744.0,-1400.0,-600.0
-1562.0,-744.0,-108.149,7.2376e-07,87.8073,41.6335,92.1927,-138.366,-1562.0,-744.0,-1400.0,-600.0
-1560.0,-744.0,-108.089,7.1878e-07,87.8105,41.9872,92.1895,-138.013,-1560.0,-744.0,-1400.0,-600.0
-1558.0,-744.0,-108.028,7.13838e-07,87.7953,42.3458,92.2047,-137.654,-1558.0,-744.0,-1400.0,-600.0
-1556.0,-744.0,-107.968,7.08923e-07,87.78,42.7094,92.22,-137.291,-1556.0,-744.0,-1400.0,-600.0
-1554.0,-744.0,-107.908,7.04038e-07,87.7646,43.078,92.2354,-136.922,-1554.0,-744.0,-1400.0,-600.0
-1552.0,-744.0,-107.848,6.99182e-07,87.7491,43.4518,92.2509,-136.548,-1552.0,-744.0,-1400.0,-600.0
-1550.0,-744.0,-107.787,6.94356e-07,87.7334,43.8309,92.2666,-136.169,-1550.0,-744.0,-1400.0,-600.0
-1548.0,-744.0,-107.727,6.89562e-07,87.7176,44.2152,92.2824,-135.785,-1548.0,-744.0,-1400.0,-600.0
-1546.0,-744.0,-107.667,6.84798e-07,87.7018,44.6049,92.2982,-135.395,-1546.0,-744.0,-1400.0,-600.0
-1544.0,-744.0,-107.606,6.80062e-07,87.6965,45.0,92.3035,-135.0,-1544.0,-744.0,-1400.0,-600.0
-1542.0,-744.0,-107.546,6.75352e-07,87.7043,45.4007,92.2957,-134.599,-1542.0,-744.0,-1400.0,-600.0
-1540.0,-744.0,-107.485,6.70676e-07,87.7124,45.8069,92.2876,-134.193,-1540.0,-744.0,-1400.0,-600.0
-1538.0,-744.0,-107.424,6.66033e-07,87.7206,46.2189,92.2794,-133.781,-1538.0,-744.0,-1400.0,-600.0
-1536.0,-744.0,-107.364,6.61443e-07,87.6928,46.6366,92.3072,-133.363,-1536.0,-744.0,-1400.0,-600.0
-1534.0,-744.0,-107.304,6.56894e-07,87.6523,47.0601,92.3477,-132.94,-1534.0,-744.0,-1400.0,-600.0
-1532.0,-744.0,-107.244,6.52381e-07,87.6112,47.4896,92.3888,-132.51,-1532.0,-744.0,-1400.0,-600.0
-1530.0,-744.0,-107.184,6.47906e-07,87.5708,47.925,92.4292,-132.075,-1530.0,-744.0,-1400.0,-600.0
-1528.0,-744.0,-107.124,6.43457e-07,87.554,48.3665,92.446,-131.634,-1528.0,-744.0,-1400.0,-600.0
-1526.0,-744.0,-107.064,6.39047e-07,87.5371,48.8141,92.4629,-131.186,-1526.0,-744.0,-1400.0,-600.0
-1524.0,-744.0,-107.004,6.34677e-07,87.5201,49.2679,92.4799,-130.732,-1524.0,-744.0,-1400.0,-600.0
-1522.0,-744.0,-106.945,6.30346e-07,87.5031,49.728,92.4969,-130.272,-1522.0,-744.0,-1400.0,-600.0
-1520.0,-744.0,-106.885,6.26057e-07,87.4859,50.1944,92.5141,-129.806,-1520.0,-744.0,-1400.0,-600.0
-1518.0,-744.0,-106.826,6.2181e-07,87.4688,50.6673,92.5312,-129.333,-1518.0,-744.0,-1400.0,-600.0
-1516.0,-744.0,-106.767,6.17606e-07,87.4515,51.1466,92.5485,-128.853,-1516.0,-744.0,-1400.0,-600.0
-1514.0,-744.0,-106.708,6.13446e-07,87.4342,51.6325,92.5658,-128.367,-1514.0,-744.0,-1400.0,-600.0
-1512.0,-744.0,-106.649,6.09342e-07,87.3931,52.125,92.6069,-127.875,-1512.0,-744.0,-1400.0,-600.0
-1510.0,-744.0,-106.591,6.05285e-07,87.3489,52.6242,92.6511,-127.376,-1510.0,-744.0,-1400.0,-600.0
-1508.0,-744.0,-106.533,6.01275e-07,87.3043,53.1301,92.6957,-126.87,-1508.0,-744.0,-1400.0,-600.0
-1506.0,-744.0,-106.476,5.9731e-07,87.2647,53.6428,92.7353,-126.357,-1506.0,-744.0,-1400.0,-600.0
-1504.0,-744.0,-106.418,5.93383e-07,87.2465,54.1623,92.7535,-125.838,-1504.0,-744.0,-1400.0,-600.0
-1502.0,-744.0,-106.361,5.89505e-07,87.2284,54.6888,92.7716,-125.311,-1502.0,-744.0,-1400.0,-600.0
-1500.0,-744.0,-106.304,5.85677e-07,87.2103,55.2222,92.7897,-124.778,-1500.0,-744.0,-1400.0,-600.0
-1498.0,-744.0,-106.248,5.81901e-07,87.1922,55.7625,92.8078,-124.237,-1498.0,-744.0,-1400.0,-600.0
-1496.0,-744.0,-106.192,5.78177e-07,87.1741,56.3099,92.8259,-123.69,-1496.0,-744.0,-1400.0,-600.0
-1494.0,-744.0,-106.137,5.74507e-07,87.156,56.8644,92.844,-123.136,-1494.0,-744.0,-1400.0,-600.0
-1492.0,-744.0,-106.082,5.70891e-07,87.138,57.4259,92.862,-122.574,-1492.0,-744.0,-1400.0,-600.0
-1490.0,-744.0,-106.027,5.67331e-07,87.12,57.9946,92.88,-122.005,-1490.0,-744.0,-1400.0,-600.0
-1488.0,-744.0,-105.973,5.63827e-07,87.1021,58.5704,92.8979,-121.43,-1488.0,-744.0,-1400.0,-600.0
-1486.0,-744.0,-105.92,5.6038e-07,87.0843,59.1534,92.9157,-120.847,-1486.0,-744.0,-1400.0,-600.0
-1484.0,-744.0,-105.867,5.56992e-07,87.0665,59.7436,92.9335,-120.256,-1484.0,-744.0,-1400.0,-600.0
-1482.0,-744.0,-105.815,5.53664e-07,87.0489,60.3409,92.9511,-119.659,-1482.0,-744.0,-1400.0,-600.0
-1480.0,-744.0,-105.763,5.50397e-07,87.0313,60.9454,92.9687,-119.055,-1480.0,-744.0,-1400.0,-600.0
-1478.0,-744.0,-105.712,5.47191e-07,87.0139,61.5571,92.9861,-118.443,-1478.0,-744.0,-1400.0,-600.0
-1476.0,-744.0,-105.662,5.44049e-07,86.9966,62.1759,93.0034,-117.824,-1476.0,-744.0,-1400.0,-600.0
-1474.0,-744.0,-105.613,5.40971e-07,86.9795,62.8019,93.0205,-117.198,-1474.0,-744.0,-1400.0,-600.0
-1472.0,-744.0,-105.564,5.37957e-07,86.9626,63.4349,93.0374,-116.565,-1472.0,-744.0,-1400.0,-600.0
-1470.0,-744.0,-105.516,5.3501e-07,86.9459,64.0751,93.0541,-115.925,-1470.0,-744.0,-1400.0,-600.0
-1468.0,-744.0,-105.469,5.32131e-07,86.9293,64.7223,93.0707,-115.278,-1468.0,-744.0,-1400.0,-600.0
-1466.0,-744.0,-105.423,5.2932e-07,86.913,65.3764,93.087,-114.624,-1466.0,-744.0,-1400.0,-600.0
-1464.0,-744.0,-105.378,5.26578e-07,86.8969,66.0375,93.1031,-113.962,-1464.0,-744.0,-1400.0,-600.0
-1462.0,-744.0,-105.334,5.23907e-07,86.8811,66.7054,93.1189,-113.295,-1462.0,-744.0,-1400.0,-600.0
-1460.0,-744.0,-105.291,5.21308e-07,86.8655,67.3801,93.1345,-112.62,-1460.0,-744.0,-1400.0,-600.0
-1458.0,-744.0,-105.248,5.1879e-07,86.8345,68.0615,93.1655,-111.938,-1458.0,-744.0,-1400.0,-600.0
-1456.0,-744.0,-105.207,5.16353e-07,86.7882,68.7495,93.2118,-111.251,-1456.0,-744.0,-1400.0,-600.0
-1454.0,-744.0,-105.167,5.13992e-07,86.742,69.444,93.258,-110.556,-1454.0,-744.0,-1400.0,-600.0
-1452.0,-744.0,-105.129,5.11707e-07,86.6958,70.1448,93.3042,-109.855,-1452.0,-744.0,-1400.0,-600.0
-1450.0,-744.0,-105.091,5.09499e-07,86.6498,70.8519,93.3502,-109.148,-1450.0,-744.0,-1400.0,-600.0
-1448.0,-744.0,-105.055,5.0737e-07,86.6038,71.5651,93.3962,-108.435,-1448.0,-744.0,-1400.0,-600.0
-1446.0,-744.0,-105.019,5.05319e-07,86.558,72.2842,93.442,-107.716,-1446.0,-744.0,-1400.0,-600.0
-1444.0,-744.0,-104.985,5.0335e-07,86.5124,73.0092,93.4876,-106.991,-1444.0,-744.0,-1400.0,-600.0
-1442.0,-744.0,-104.953,5.01461e-07,86.467,73.7398,93.533,-106.26,-1442.0,-744.0,-1400.0,-600.0
-1440.0,-744.0,-104.921,4.99655e-07,86.4219,74.4759,93.5781,-105.524,-1440.0,-744.0,-1400.0,-600.0
-1438.0,-744.0,-104.891,4.97931e-07,86.377,75.2173,93.623,-104.783,-1438.0,-744.0,-1400.0,-600.0
-1436.0,-744.0,-104.862,4.96292e-07,86.3324,75.9638,93.6676,-104.036,-1436.0,-744.0,-1400.0,-600.0
-1434.0,-744.0,-117.305,4.9473e-07,86.3098,76.8158,93.6902,-103.963,-1404.61,-618.561,-1404.61,-618.561
-1432.0,-744.0,-121.714,1.15505e-06,88.4203,83.6752,91.5797,87.0388,-1398.01,-561.452,-1404.95,-499.952
-1430.0,-744.0,-122.163,1.15434e-06,88.4193,84.0046,91.5807,87.3681,-1398.09,-558.543,-1404.37,-499.952
-1428.0,-744.0,-122.57,1.15366e-06,88.4184,84.3343,91.5816,87.6978,-1398.2,-555.157,-1403.79,-499.951
-1426.0,-744.0,-123.497,1.15185e-06,88.4159,85.713,91.5841,94.4043,-1407.71,-499.955,-1407.71,-499.955
-1424.0,-744.0,-123.564,1.15137e-06,88.4152,86.0442,91.5848,94.073,-1407.12,-499.954,-1407.12,-499.954
-1422.0,-744.0,-123.572,1.15093e-06,88.4146,86.3758,91.5854,93.7415,-1406.54,-499.954,-1406.54,-499.954
-1420.0,-744.0,-123.535,1.15052e-06,88.4141,86.7076,91.5859,93.4097,-1405.96,-499.953,-1405.96,-499.953
-1418.0,-744.0,-123.466,1.15016e-06,88.4136,87.0396,91.5864,93.0777,-1405.38,-499.953,-1405.38,-499.953
-1416.0,-744.0,-123.376,1.14983e-06,88.4131,87.3718,91.5869,92.7454,-1404.8,-499.952,-1404.8,-499.952
-1414.0,-744.0,-123.277,1.14955e-06,88.4127,87.7042,91.5873,92.4131,-1404.22,-499.951,-1404.22,-499.951
-1412.0,-744.0,-123.177,1.1493e-06,88.4124,88.0368,91.5876,92.0805,-1403.63,-499.951,-1403.63,-499.951
-1410.0,-744.0,-123.082,1.14909e-06,88.4121,88.3695,91.5879,91.7478,-1403.05,-499.95,-1403.05,-499.95
-1408.0,-744.0,-122.999,1.14892e-06,88.4119,88.7023,91.5881,91.415,-1402.47,-499.95,-1402.47,-499.95
-1406.0,-744.0,-142.044,1.26107e-06,88.5531,96.8772,91.4469,99.5595,-1419.44,-484.568,-1425.26,-584.337
-1404.0,-744.0,-147.772,1.26191e-06,88.5541,97.5836,91.4459,99.5595,-1419.44,-484.568,-1425.26,-584.337
-1402.0,-744.0,-120.647,1.26688e-06,88.5598,98.1714,91.4402,81.7843,-1396.73,-577.385,-1425.32,-581.586
-1400.0,-744.0,-120.539,1.26785e-06,88.5609,98.4701,91.4391,81.4857,-1396.71,-578.054,-1425.53,-572.533
-1398.0,-744.0,-140.745,1.26891e-06,88.5621,99.1221,91.4379,82.1554,-1396.76,-576.497,-1425.53,-572.518
-1396.0,-744.0,-166.751,2.89564e-06,87.4021,-29.7043,88.614,-27.7965,-1367.74,-617.007,-1178.27,-868.212
-1394.0,-744.0,-166.962,2.88985e-06,87.3972,-29.7701,88.615,-27.862,-1367.82,-617.01,-1177.0,-868.129
-1392.0,-744.0,-167.181,2.88405e-06,87.396,-29.836,88.6161,-27.9278,-1367.9,-617.014,-1175.72,-868.045
-1390.0,-744.0,-167.402,2.87826e-06,87.3948,-29.9022,88.6171,-27.9939,-1367.99,-617.017,-1174.45,-867.961
-1388.0,-744.0,-167.613,2.87247e-06,87.3935,-29.9687,88.6182,-28.0602,-1368.07,-617.021,-1173.17,-867.877
-1386.0,-744.0,-167.797,2.86668e-06,87.3922,-30.0354,88.6193,-28.1268,-1368.15,-617.024,-1171.89,-867.792
-1384.0,-744.0,-168.338,1.48257e-06,88.8311,-159.45,91.1689,-126.816,-1556.08,-808.509,-1556.08,-808.509
-1382.0,-744.0,-168.303,1.48881e-06,88.8468,-159.667,91.1532,-126.816,-1556.08,-808.509,-1556.08,-808.509
-1380.0,-744.0,-168.281,1.49507e-06,88.8624,-159.879,91.1376,-126.816,-1556.08,-808.509,-1556.08,-808.509
-1378.0,-744.0,-168.27,1.50133e-06,88.8779,-160.087,91.1221,-126.816,-1556.08,-808.509,-1556.08,-808.509
-1376.0,-744.0,-168.269,1.5076e-06,88.8933,-160.291,91.1067,-126.816,-1556.08,-808.509,-1556.08,-808.509
-1374.0,-744.0,-168.275,1.51388e-06,88.9085,-160.491,91.0915,-126.816,-1556.08,-808.509,-1556.08,-808.509
-1372.0,-744.0,-168.288,1.52017e-06,88.9237,-160.687,91.0763,-126.816,-1556.08,-808.509,-1556.08,-808.509
-1370.0,-744.0,-168.307,1.52647e-06,88.93,-160.88,91.07,-126.816,-1556.08,-808.509,-1556.08,-808.509
-1368.0,-744.0,-168.331,1.53278e-06,88.9344,-161.069,91.0656,-126.816,-1556.08,-808.509,-1556.08,-808.509
-1366.0,-744.0,-168.359,1.53909e-06,88.9388,-161.254,91.0612,-126.816,-1556.08,-808.509,-1556.08,-808.509
-1364.0,-744.0,-168.392,1.54542e-06,88.9431,-161.435,91.0569,-126.816,-1556.08,-808.509,-1556.08,-808.509
-1362.0,-744.0,-168.427,1.55174e-06,88.9474,-161.614,91.0526,-126.816,-1556.08,-808.509,-1556.08,-808.509
-1360.0,-744.0,-168.466,1.55808e-06,88.9517,-161.789,91.0483,-126.816,-1556.08,-808.509,-1556.08,-808.509
-1358.0,-744.0,-168.507,1.56442e-06,88.956,-161.961,91.044,-126.816,-1556.08,-808.509,-1556.08,-808.509
-1356.0,-744.0,-168.551,1.57077e-06,88.9602,-162.13,91.0398,-126.816,-1556.08,-808.509,-1556.08,-808.509
-1354.0,-744.0,-168.597,1.57712e-06,88.9712,-162.295,91.0288,-126.816,-1556.08,-808.509,-1556.08,-808.509
-1352.0,-744.0,-168.645,1.58347e-06,88.9855,-162.458,91.0145,-126.816,-1556.08,-808.509,-1556.08,-808.509
-1350.0,-744.0,-168.694,1.58983e-06,88.9997,-162.618,91.0003,-126.816,-1556.08,-808.509,-1556.08,-808.509
-1348.0,-744.0,-168.745,1.5962e-06,89.0138,-162.775,90.9862,-126.816,-1556.08,-808.509,-1556.08,-808.509
-1346.0,-744.0,-168.798,1.60258e-06,89.0082,-162.93,90.9918,-126.816,-1556.08,-808.509,-1556.08,-808.509
-1344.0,-744.0,-168.852,1.60896e-06,89.0021,-163.082,90.9979,-126.816,-1556.08,-808.509,-1556.08,-808.509
-1342.0,-744.0,-168.908,1.61536e-06,88.996,-163.231,91.004,-126.816,-1556.08,-808.509,-1556.08,-808.509
-1340.0,-744.0,-168.964,1.62175e-06,88.99,-163.377,91.01,-126.816,-1556.08,-808.509,-1556.08,-808.509
-1338.0,-744.0,-169.022,1.62815e-06,88.9841,-163.521,91.0159,-126.816,-1556.08,-808.509,-1556.08,-808.509
-1336.0,-744.0,-169.08,1.63456e-06,88.9782,-163.663,91.0218,-126.816,-1556.08,-808.509,-1556.08,-808.509
-1334.0,-744.0,-169.14,1.64097e-06,88.9724,-163.803,91.0276,-126.816,-1556.08,-808.509,-1556.08,-808.509
-1332.0,-744.0,-135.444,1.08003e-06,88.4236,38.7031,91.5764,-35.9954,-1376.1,-617.359,-1239.87,-670.18
-1330.0,-744.0,-164.583,1.11877e-06,86.7387,41.3733,83.1421,42.7044,-1389.14,-589.978,-1239.87,-664.612
-1328.0,-744.0,-164.614,1.11379e-06,86.7065,41.6004,83.1117,42.9323,-1389.23,-589.98,-1239.87,-665.751
-1326.0,-744.0,-165.173,1.10883e-06,86.6742,41.8295,83.0812,43.1623,-1389.32,-589.983,-1239.87,-666.909
-1324.0,-744.0,-165.887,1.1039e-06,86.6416,42.0607,83.0505,43.3943,-1389.41,-589.986,-1239.87,-668.085
-1322.0,-744.0,-166.349,1.09898e-06,86.6087,42.294,83.0197,43.6285,-1389.5,-589.989,-1239.87,-669.281
-1320.0,-744.0,-166.39,1.09407e-06,86.5757,42.5294,82.9886,43.8649,-1389.59,-589.991,-1239.87,-670.497
-1318.0,-744.0,-165.745,1.08919e-06,86.5424,42.7669,82.9575,44.1034,-1389.68,-589.994,-1239.87,-671.733
-1316.0,-744.0,-164.081,1.08433e-06,86.5088,43.0066,82.9261,44.344,-1389.76,-589.997,-1239.87,-672.99
-1314.0,-744.0,-161.841,1.07948e-06,86.475,43.2485,82.8947,44.5869,-1389.85,-589.999,-1239.87,-674.268
-1312.0,-744.0,-159.727,1.07466e-06,86.441,43.4925,82.863,44.832,-1389.94,-590.002,-1239.87,-675.568
-1310.0,-744.0,-158.019,1.06985e-06,86.4067,43.7388,82.8312,45.0794,-1390.03,-590.005,-1239.87,-676.891
-1308.0,-744.0,-156.727,1.06507e-06,86.3722,43.9873,82.7993,45.329,-1390.12,-590.008,-1239.87,-678.236
-1306.0,-744.0,-155.779,1.06031e-06,86.3374,44.238,82.7672,45.5809,-1390.21,-590.01,-1239.87,-679.606
-1304.0,-744.0,-155.104,1.05556e-06,86.3024,44.4911,82.7349,45.8351,-1390.3,-590.013,-1239.87,-680.999
-1302.0,-744.0,-154.648,1.05084e-06,86.2672,44.7464,82.7025,46.0916,-1390.39,-590.016,-1239.87,-682.418
-1300.0,-744.0,-154.376,1.04614e-06,86.2317,45.0041,82.67,46.3505,-1390.48,-590.019,-1239.87,-683.862
-1298.0,-744.0,-154.266,1.04146e-06,86.196,45.264,82.6373,46.6118,-1390.57,-590.021,-1239.87,-685.332
-1296.0,-744.0,-161.827,1.42924e-06,88.6055,61.1995,91.3945,-43.396,-1381.4,-617.583,-1239.86,-641.89
-1294.0,-744.0,-162.029,1.42604e-06,88.591,61.4759,91.409,-43.396,-1381.4,-617.583,-1239.86,-644.394
-1292.0,-744.0,-162.263,1.42288e-06,88.5698,61.7538,91.4302,-43.396,-1381.4,-617.583,-1239.86,-646.955
-1290.0,-744.0,-162.531,1.41975e-06,88.5439,62.0331,91.4561,-43.396,-1381.4,-617.583,-1239.86,-649.578
-1288.0,-744.0,-162.838,1.41666e-06,88.5179,62.3139,91.4821,-43.396,-1381.4,-617.583,-1239.87,-652.263
-1286.0,-744.0,-163.194,1.41358e-06,88.4918,62.5961,91.5082,-43.396,-1381.4,-617.583,-1239.87,-655.012
-1284.0,-744.0,-163.612,1.41054e-06,88.4657,62.8798,91.5343,-43.396,-1381.4,-617.583,-1239.87,-657.83
-1282.0,-744.0,-164.116,1.40753e-06,88.4395,63.165,91.5605,-43.396,-1381.4,-617.583,-1239.87,-660.717
-1280.0,-744.0,-164.742,1.40455e-06,88.4132,63.4516,91.5868,-43.396,-1381.4,-617.583,-1239.87,-663.676
-1278.0,-744.0,-165.552,1.4016e-06,88.3868,63.7396,91.6132,-43.396,-1381.4,-617.583,-1239.87,-666.71
-1276.0,-744.0,-166.631,1.39867e-06,88.3704,64.029,91.6296,-43.396,-1381.4,-617.583,-1239.87,-669.823
-1274.0,-744.0,-168.064,1.39577e-06,88.367,64.3199,91.633,-43.396,-1381.4,-617.583,-1239.87,-673.017
-1272.0,-744.0,-131.286,1.10435e-06,87.936,146.816,92.064,-35.9954,-1376.1,-617.359,-1306.49,-721.447
-1270.0,-744.0,-127.531,1.10994e-06,87.9463,147.059,92.0537,-35.9954,-1376.1,-617.359,-1306.54,-720.327
-1268.0,-744.0,-124.593,1.11555e-06,87.9567,147.299,92.0433,-35.9954,-1376.1,-617.359,-1306.58,-719.228
-1266.0,-744.0,-128.191,1.12116e-06,87.9669,147.535,92.0331,-35.9954,-1376.1,-617.359,-1306.63,-718.15
-1264.0,-744.0,-131.284,1.1268e-06,87.9771,147.769,92.0229,-35.9954,-1376.1,-617.359,-1306.68,-717.091
-1262.0,-744.0,-133.973,1.13245e-06,87.9872,148.0,92.0128,-35.9954,-1376.1,-617.359,-1306.72,-716.053
-1260.0,-744.0,-136.233,1.13811e-06,87.9972,148.227,92.0028,-35.9954,-1376.1,-617.359,-1306.77,-715.032
-1258.0,-744.0,-138.233,1.14379e-06,88.0071,148.452,91.9929,-35.9954,-1376.1,-617.359,-1306.81,-714.031
-1256.0,-744.0,-140.059,1.14948e-06,88.017,148.674,91.983,-35.9954,-1376.1,-617.359,-1306.86,-713.047
-1254.0,-744.0,-141.782,1.15518e-06,88.0268,148.894,91.9732,-35.9954,-1376.1,-617.359,-1306.9,-712.08
-1252.0,-744.0,-143.472,1.16089e-06,88.0447,149.11,91.9553,-35.9954,-1376.1,-617.359,-1306.94,-711.13
-1250.0,-744.0,-145.184,1.16661e-06,88.0682,149.324,91.9318,-35.9954,-1376.1,-617.359,-1306.98,-710.197
-1248.0,-744.0,-146.969,1.17235e-06,88.0914,149.535,91.9086,-35.9954,-1376.1,-617.359,-1307.03,-709.28
-1246.0,-744.0,-148.865,1.17809e-06,88.1144,149.744,91.8856,-35.9954,-1376.1,-617.359,-1307.07,-708.379
-1244.0,-744.0,-156.278,1.0894e-06,75.0443,42.5939,88.6671,-35.576,-1375.75,-617.344,-1195.64,-699.544
-1242.0,-744.0,-161.304,1.40368e-06,88.4405,108.707,91.5595,54.8118,-1393.02,-590.096,-1322.53,-506.168
-1240.0,-744.0,-161.32,1.40583e-06,88.4544,109.043,91.5456,54.8118,-1393.02,-590.096,-1322.1,-506.159
-1238.0,-744.0,-161.367,1.40802e-06,88.4682,109.378,91.5318,54.8118,-1393.02,-590.096,-1321.66,-506.151
-1236.0,-744.0,-159.955,1.02501e-06,87.9114,119.703,92.0886,-43.396,-1381.4,-617.583,-1325.19,-587.659
-1234.0,-744.0,-160.183,1.02832e-06,87.9338,120.111,92.0662,-43.396,-1381.4,-617.583,-1324.68,-587.645
-1232.0,-744.0,-160.659,1.03168e-06,87.9562,120.516,92.0438,-43.396,-1381.4,-617.583,-1324.16,-587.632
-1230.0,-744.0,-160.876,1.04927e-06,88.0059,118.242,91.9941,-35.9954,-1376.1,-617.359,-1314.13,-587.37
-1228.0,-744.0,-160.669,1.05243e-06,88.0387,118.661,91.9613,-35.9954,-1376.1,-617.359,-1313.62,-587.357
-1226.0,-744.0,-159.851,8.93764e-07,84.2571,131.132,80.5443,-47.1359,-1383.6,-617.675,-1361.26,-589.125
-1224.0,-744.0,-157.708,8.9809e-07,84.332,131.454,80.5885,-46.8097,-1383.41,-617.667,-1360.81,-589.111
-1222.0,-744.0,-156.064,9.02446e-07,84.4063,131.772,80.6325,-46.4867,-1383.23,-617.66,-1360.36,-589.097
-1220.0,-744.0,-154.87,9.06829e-07,84.4801,132.087,80.6764,-46.167,-1383.05,-617.652,-1359.91,-589.083
-1218.0,-744.0,-154.016,9.11241e-07,84.5533,132.399,80.7202,-45.8505,-1382.87,-617.644,-1359.46,-589.07
-1216.0,-744.0,-153.405,9.15681e-07,84.626,132.708,80.7638,-45.5371,-1382.69,-617.637,-1359.02,-589.056
-1214.0,-744.0,-152.968,9.20149e-07,84.6981,133.013,80.8072,-45.2268,-1382.51,-617.629,-1358.57,-589.042
-1212.0,-744.0,-152.667,9.24658e-07,84.7566,133.316,80.8504,-44.9205,-1382.33,-617.622,-1358.12,-589.029
-1210.0,-744.0,-152.468,9.29204e-07,84.8052,133.617,80.8933,-44.6179,-1382.15,-617.614,-1357.68,-589.015
-1208.0,-744.0,-152.346,9.33776e-07,84.8536,133.914,80.9361,-44.3182,-1381.97,-617.606,-1357.23,-589.001
-1206.0,-744.0,-152.288,9.38373e-07,84.9016,134.208,80.9786,-44.0216,-1381.79,-617.599,-1356.79,-588.988
-1204.0,-744.0,-152.288,9.42995e-07,84.9493,134.499,81.021,-43.728,-1381.61,-617.591,-1356.34,-588.974
-1202.0,-744.0,-158.826,1.32213e-06,88.6881,153.373,91.3119,-35.9954,-1376.1,-617.359,-1310.43,-689.636
-1600.0,-742.0,-109.227,8.19062e-07,87.772,35.3748,92.228,-144.625,-1600.0,-742.0,-1400.0,-600.0
-1598.0,-742.0,-109.169,8.13633e-07,87.7571,35.647,92.2429,-144.353,-1598.0,-742.0,-1400.0,-600.0
-1596.0,-742.0,-109.111,8.08224e-07,87.7421,35.9229,92.2579,-144.077,-1596.0,-742.0,-1400.0,-600.0
-1594.0,-742.0,-109.053,8.02834e-07,87.727,36.2026,92.273,-143.797,-1594.0,-742.0,-1400.0,-600.0
-1592.0,-742.0,-108.994,7.97463e-07,87.7116,36.486,92.2884,-143.514,-1592.0,-742.0,-1400.0,-600.0
-1590.0,-742.0,-108.935,7.92111e-07,87.6962,36.7733,92.3038,-143.227,-1590.0,-742.0,-1400.0,-600.0
-1588.0,-742.0,-108.877,7.8678e-07,87.6805,37.0644,92.3195,-142.936,-1588.0,-742.0,-1400.0,-600.0
-1586.0,-742.0,-108.817,7.8147e-07,87.6648,37.3596,92.3352,-142.64,-1586.0,-742.0,-1400.0,-600.0
-1584.0,-742.0,-108.758,7.76176e-07,87.6579,37.6588,92.3421,-142.341,-1584.0,-742.0,-1400.0,-600.0
-1582.0,-742.0,-108.699,7.70896e-07,87.6628,37.9621,92.3372,-142.038,-1582.0,-742.0,-1400.0,-600.0
-1580.0,-742.0,-108.639,7.65639e-07,87.6679,38.2695,92.3321,-141.73,-1580.0,-742.0,-1400.0,-600.0
-1578.0,-742.0,-108.579,7.60403e-07,87.673,38.5812,92.327,-141.419,-1578.0,-742.0,-1400.0,-600.0
-1576.0,-742.0,-108.519,7.55191e-07,87.6784,38.8972,92.3216,-141.103,-1576.0,-742.0,-1400.0,-600.0
-1574.0,-742.0,-108.459,7.50002e-07,87.6838,39.2176,92.3162,-140.782,-1574.0,-742.0,-1400.0,-600.0
-1572.0,-742.0,-108.399,7.44836e-07,87.6894,39.5424,92.3106,-140.458,-1572.0,-742.0,-1400.0,-600.0
-1570.0,-742.0,-108.339,7.39695e-07,87.6952,39.8718,92.3048,-140.128,-1570.0,-742.0,-1400.0,-600.0
-1568.0,-742.0,-108.278,7.34579e-07,87.7011,40.2058,92.2989,-139.794,-1568.0,-742.0,-1400.0,-600.0
-1566.0,-742.0,-108.217,7.29481e-07,87.719,40.5444,92.281,-139.456,-1566.0,-742.0,-1400.0,-600.0
-1564.0,-742.0,-108.157,7.24405e-07,87.7476,40.8878,92.2524,-139.112,-1564.0,-742.0,-1400.0,-600.0
-1562.0,-742.0,-108.096,7.19355e-07,87.7767,41.236,92.2233,-138.764,-1562.0,-742.0,-1400.0,-600.0
-1560.0,-742.0,-108.035,7.14345e-07,87.7796,41.5891,92.2204,-138.411,-1560.0,-742.0,-1400.0,-600.0
-1558.0,-742.0,-107.974,7.09371e-07,87.764,41.9471,92.236,-138.053,-1558.0,-742.0,-1400.0,-600.0
-1556.0,-742.0,-107.913,7.04426e-07,87.7483,42.3102,92.2517,-137.69,-1556.0,-742.0,-1400.0,-600.0
-1554.0,-742.0,-107.852,6.99509e-07,87.7324,42.6785,92.2676,-137.322,-1554.0,-742.0,-1400.0,-600.0
-1552.0,-742.0,-107.791,6.94621e-07,87.7165,43.0519,92.2835,-136.948,-1552.0,-742.0,-1400.0,-600.0
-1550.0,-742.0,-107.73,6.89764e-07,87.7004,43.4306,92.2996,-136.569,-1550.0,-742.0,-1400.0,-600.0
-1548.0,-742.0,-107.668,6.84937e-07,87.6842,43.8147,92.3158,-136.185,-1548.0,-742.0,-1400.0,-600.0
-1546.0,-742.0,-107.607,6.80141e-07,87.6678,44.2043,92.3322,-135.796,-1546.0,-742.0,-1400.0,-600.0
-1544.0,-742.0,-107.546,6.75377e-07,87.6514,44.5993,92.3486,-135.401,-1544.0,-742.0,-1400.0,-600.0
-1542.0,-742.0,-107.484,6.70638e-07,87.6512,45.0,92.3488,-135.0,-1542.0,-742.0,-1400.0,-600.0
-1540.0,-742.0,-107.423,6.65928e-07,87.6589,45.4063,92.3411,-134.594,-1540.0,-742.0,-1400.0,-600.0
-1538.0,-742.0,-107.362,6.61253e-07,87.6667,45.8185,92.3333,-134.182,-1538.0,-742.0,-1400.0,-600.0
-1536.0,-742.0,-107.301,6.56629e-07,87.6382,46.2364,92.3618,-133.764,-1536.0,-742.0,-1400.0,-600.0
-1534.0,-742.0,-107.24,6.52046e-07,87.5968,46.6603,92.4032,-133.34,-1534.0,-742.0,-1400.0,-600.0
-1532.0,-742.0,-107.179,6.475e-07,87.555,47.0902,92.445,-132.91,-1532.0,-742.0,-1400.0,-600.0
-1530.0,-742.0,-107.118,6.42982e-07,87.5329,47.5261,92.4671,-132.474,-1530.0,-742.0,-1400.0,-600.0
-1528.0,-742.0,-107.057,6.38499e-07,87.5156,47.9682,92.4844,-132.032,-1528.0,-742.0,-1400.0,-600.0
-1526.0,-742.0,-106.996,6.34054e-07,87.4982,48.4166,92.5018,-131.583,-1526.0,-742.0,-1400.0,-600.0
-1524.0,-742.0,-106.935,6.29649e-07,87.4806,48.8713,92.5194,-131.129,-1524.0,-742.0,-1400.0,-600.0
-1522.0,-742.0,-106.874,6.25284e-07,87.463,49.3323,92.537,-130.668,-1522.0,-742.0,-1400.0,-600.0
-1520.0,-742.0,-106.814,6.2096e-07,87.4454,49.7998,92.5546,-130.2,-1520.0,-742.0,-1400.0,-600.0
-1518.0,-742.0,-106.754,6.16678e-07,87.4276,50.2739,92.5724,-129.726,-1518.0,-742.0,-1400.0,-600.0
-1516.0,-742.0,-106.694,6.12439e-07,87.4098,50.7546,92.5902,-129.245,-1516.0,-742.0,-1400.0,-600.0
-1514.0,-742.0,-106.634,6.08243e-07,87.3919,51.2419,92.6081,-128.758,-1514.0,-742.0,-1400.0,-600.0
-1512.0,-742.0,-106.574,6.04104e-07,87.35,51.736,92.65,-128.264,-1512.0,-742.0,-1400.0,-600.0
-1510.0,-742.0,-106.515,6.00011e-07,87.305,52.2369,92.695,-127.763,-1510.0,-742.0,-1400.0,-600.0
-1508.0,-742.0,-106.456,5.95966e-07,87.2595,52.7447,92.7405,-127.255,-1508.0,-742.0,-1400.0,-600.0
-1506.0,-742.0,-106.397,5.91955e-07,87.2399,53.2594,92.7601,-126.741,-1506.0,-742.0,-1400.0,-600.0
-1504.0,-742.0,-106.339,5.87992e-07,87.2213,53.7812,92.7787,-126.219,-1504.0,-742.0,-1400.0,-600.0
-1502.0,-742.0,-106.281,5.84078e-07,87.2027,54.3099,92.7973,-125.69,-1502.0,-742.0,-1400.0,-600.0
-1500.0,-742.0,-106.223,5.80215e-07,87.184,54.8458,92.816,-125.154,-1500.0,-742.0,-1400.0,-600.0
-1498.0,-742.0,-106.165,5.76403e-07,87.1654,55.3889,92.8346,-124.611,-1498.0,-742.0,-1400.0,-600.0
-1496.0,-742.0,-106.108,5.72644e-07,87.1467,55.9391,92.8533,-124.061,-1496.0,-742.0,-1400.0,-600.0
-1494.0,-742.0,-106.052,5.68937e-07,87.1281,56.4966,92.8719,-123.503,-1494.0,-742.0,-1400.0,-600.0
-1492.0,-742.0,-105.996,5.65286e-07,87.1096,57.0613,92.8904,-122.939,-1492.0,-742.0,-1400.0,-600.0
-1490.0,-742.0,-105.94,5.6169e-07,87.0911,57.6334,92.9089,-122.367,-1490.0,-742.0,-1400.0,-600.0
-1488.0,-742.0,-105.885,5.5815e-07,87.0726,58.2127,92.9274,-121.787,-1488.0,-742.0,-1400.0,-600.0
-1486.0,-742.0,-105.831,5.54669e-07,87.0542,58.7995,92.9458,-121.201,-1486.0,-742.0,-1400.0,-600.0
-1484.0,-742.0,-105.777,5.51246e-07,87.0359,59.3936,92.9641,-120.606,-1484.0,-742.0,-1400.0,-600.0
-1482.0,-742.0,-105.723,5.47883e-07,87.0177,59.9951,92.9823,-120.005,-1482.0,-742.0,-1400.0,-600.0
-1480.0,-742.0,-105.671,5.44581e-07,86.9996,60.6039,93.0004,-119.396,-1480.0,-742.0,-1400.0,-600.0
-1478.0,-742.0,-105.619,5.41341e-07,86.9816,61.2202,93.0184,-118.78,-1478.0,-742.0,-1400.0,-600.0
-1476.0,-742.0,-105.568,5.38164e-07,86.9638,61.8438,93.0362,-118.156,-1476.0,-742.0,-1400.0,-600.0
-1474.0,-742.0,-105.517,5.35052e-07,86.9461,62.4748,93.0539,-117.525,-1474.0,-742.0,-1400.0,-600.0
-1472.0,-742.0,-105.467,5.32005e-07,86.9286,63.1131,93.0714,-116.887,-1472.0,-742.0,-1400.0,-600.0
-1470.0,-742.0,-105.418,5.29025e-07,86.9113,63.7587,93.0887,-116.241,-1470.0,-742.0,-1400.0,-600.0
-1468.0,-742.0,-105.37,5.26113e-07,86.8942,64.4115,93.1058,-115.589,-1468.0,-742.0,-1400.0,-600.0
-1466.0,-742.0,-105.323,5.23269e-07,86.8773,65.0715,93.1227,-114.928,-1466.0,-742.0,-1400.0,-600.0
-1464.0,-742.0,-105.277,5.20496e-07,86.8606,65.7387,93.1394,-114.261,-1464.0,-742.0,-1400.0,-600.0
-1462.0,-742.0,-105.232,5.17794e-07,86.8442,66.413,93.1558,-113.587,-1462.0,-742.0,-1400.0,-600.0
-1460.0,-742.0,-105.187,5.15168e-07,86.8196,67.0942,93.1804,-112.906,-1460.0,-742.0,-1400.0,-600.0
-1458.0,-742.0,-105.144,5.12627e-07,86.7722,67.7824,93.2278,-112.218,-1458.0,-742.0,-1400.0,-600.0
-1456.0,-742.0,-105.102,5.10161e-07,86.7249,68.4774,93.2751,-111.523,-1456.0,-742.0,-1400.0,-600.0
-1454.0,-742.0,-105.061,5.07771e-07,86.6777,69.1791,93.3223,-110.821,-1454.0,-742.0,-1400.0,-600.0
-1452.0,-742.0,-105.022,5.05458e-07,86.6304,69.8874,93.3696,-110.113,-1452.0,-742.0,-1400.0,-600.0
-1450.0,-742.0,-104.983,5.03223e-07,86.5833,70.6022,93.4167,-109.398,-1450.0,-742.0,-1400.0,-600.0
-1448.0,-742.0,-104.946,5.01067e-07,86.5363,71.3233,93.4637,-108.677,-1448.0,-742.0,-1400.0,-600.0
-1446.0,-742.0,-104.91,4.98991e-07,86.4895,72.0506,93.5105,-107.949,-1446.0,-742.0,-1400.0,-600.0
-1444.0,-742.0,-104.875,4.96997e-07,86.4429,72.7839,93.5571,-107.216,-1444.0,-742.0,-1400.0,-600.0
-1442.0,-742.0,-104.841,4.95084e-07,86.3964,73.5231,93.6036,-106.477,-1442.0,-742.0,-1400.0,-600.0
-1440.0,-742.0,-104.809,4.93254e-07,86.3503,74.268,93.6497,-105.732,-1440.0,-742.0,-1400.0,-600.0
-1438.0,-742.0,-104.778,4.91509e-07,86.3044,75.0184,93.6956,-104.982,-1438.0,-742.0,-1400.0,-600.0
-1436.0,-742.0,-104.748,4.8984e-07,86.2729,75.774,93.7271,-104.226,-1436.0,-742.0,-1400.0,-600.0
-1434.0,-742.0,-115.619,4.88249e-07,86.2607,76.6098,93.7393,-103.963,-1404.61,-618.561,-1404.61,-618.561
-1432.0,-742.0,-121.458,4.86757e-07,86.2492,77.4915,93.7508,-103.963,-1404.61,-618.561,-1404.61,-618.561
-1430.0,-742.0,-122.063,1.1477e-06,88.4102,83.9698,91.5898,87.3333,-1398.08,-558.871,-1404.43,-499.952
-1428.0,-742.0,-122.478,1.14702e-06,88.4092,84.3014,91.5908,87.6649,-1398.19,-555.52,-1403.85,-499.951
-1426.0,-742.0,-123.438,1.14519e-06,88.4067,85.688,91.5933,94.4293,-1407.75,-499.955,-1407.75,-499.955
-1424.0,-742.0,-123.51,1.14471e-06,88.406,86.0212,91.594,94.0961,-1407.16,-499.954,-1407.16,-499.954
-1422.0,-742.0,-123.522,1.14427e-06,88.4054,86.3547,91.5946,93.7626,-1406.58,-499.954,-1406.58,-499.954
-1420.0,-742.0,-123.488,1.14386e-06,88.4048,86.6884,91.5952,93.4289,-1405.99,-499.953,-1405.99,-499.953
-1418.0,-742.0,-123.42,1.1435e-06,88.4043,87.0224,91.5957,93.0949,-1405.41,-499.953,-1405.41,-499.953
-1416.0,-742.0,-123.331,1.14317e-06,88.4039,87.3565,91.5961,92.7608,-1404.82,-499.952,-1404.82,-499.952
-1414.0,-742.0,-123.232,1.14288e-06,88.4035,87.6908,91.5965,92.4265,-1404.24,-499.951,-1404.24,-499.951
-1412.0,-742.0,-123.131,1.14263e-06,88.4031,88.0253,91.5969,92.092,-1403.65,-499.951,-1403.65,-499.951
-1410.0,-742.0,-123.036,1.14242e-06,88.4028,88.36,91.5972,91.7573,-1403.07,-499.95,-1403.07,-499.95
-1408.0,-742.0,-122.952,1.14225e-06,88.4026,88.6947,91.5974,91.4226,-1402.48,-499.95,-1402.48,-499.95
-1406.0,-742.0,-142.844,1.25445e-06,88.5455,96.9636,91.4545,99.5595,-1419.44,-484.568,-1425.26,-584.337
-1404.0,-742.0,-148.28,1.2553e-06,88.5465,97.6786,91.4535,99.5595,-1419.44,-484.568,-1425.26,-584.337
-1402.0,-742.0,-120.579,1.26028e-06,88.5522,98.2146,91.4478,81.7412,-1396.73,-577.484,-1425.35,-580.23
-1400.0,-742.0,-120.482,1.26125e-06,88.5533,98.5147,91.4467,81.441,-1396.71,-578.15,-1425.56,-571.243
-1398.0,-742.0,-155.944,6.33846e-07,87.1205,99.8084,92.8795,148.195,-1425.26,-584.337,-1425.26,-584.337
-1396.0,-742.0,-167.17,2.89895e-06,87.4046,-29.819,88.6158,-27.9111,-1367.88,-617.013,-1176.05,-868.066
-1394.0,-742.0,-167.397,2.89316e-06,87.3998,-29.8849,88.6168,-27.9767,-1367.97,-617.016,-1174.78,-867.982
-1392.0,-742.0,-167.611,2.88737e-06,87.3985,-29.951,88.6179,-28.0427,-1368.05,-617.02,-1173.51,-867.899
-1390.0,-742.0,-167.804,2.88158e-06,87.3973,-30.0174,88.619,-28.1089,-1368.13,-617.023,-1172.23,-867.815
-1388.0,-742.0,-167.957,2.8758e-06,87.3961,-30.084,88.62,-28.1755,-1368.21,-617.027,-1170.96,-867.731
-1386.0,-742.0,-168.629,1.47976e-06,88.8179,-154.84,91.1821,-124.21,-1548.4,-818.284,-1548.4,-818.284
-1384.0,-742.0,-168.69,1.48494e-06,88.8329,-158.868,91.1671,-126.816,-1556.08,-808.509,-1556.08,-808.509
-1382.0,-742.0,-168.613,1.49116e-06,88.8486,-159.09,91.1514,-126.816,-1556.08,-808.509,-1556.08,-808.509
-1380.0,-742.0,-168.555,1.4974e-06,88.8642,-159.307,91.1358,-126.816,-1556.08,-808.509,-1556.08,-808.509
-1378.0,-742.0,-168.512,1.50364e-06,88.8796,-159.52,91.1204,-126.816,-1556.08,-808.509,-1556.08,-808.509
-1376.0,-742.0,-168.483,1.50989e-06,88.895,-159.729,91.105,-126.816,-1556.08,-808.509,-1556.08,-808.509
-1374.0,-742.0,-168.466,1.51614e-06,88.9102,-159.934,91.0898,-126.816,-1556.08,-808.509,-1556.08,-808.509
-1372.0,-742.0,-168.458,1.52241e-06,88.9253,-160.135,91.0747,-126.816,-1556.08,-808.509,-1556.08,-808.509
-1370.0,-742.0,-168.458,1.52869e-06,88.9316,-160.332,91.0684,-126.816,-1556.08,-808.509,-1556.08,-808.509
-1368.0,-742.0,-168.466,1.53497e-06,88.9359,-160.525,91.0641,-126.816,-1556.08,-808.509,-1556.08,-808.509
-1366.0,-742.0,-168.48,1.54127e-06,88.9403,-160.715,91.0597,-126.816,-1556.08,-808.509,-1556.08,-808.509
-1364.0,-742.0,-168.5,1.54757e-06,88.9446,-160.901,91.0554,-126.816,-1556.08,-808.509,-1556.08,-808.509
-1362.0,-742.0,-168.524,1.55388e-06,88.9489,-161.084,91.0511,-126.816,-1556.08,-808.509,-1556.08,-808.509
-1360.0,-742.0,-168.552,1.56019e-06,88.9531,-161.263,91.0469,-126.816,-1556.08,-808.509,-1556.08,-808.509
-1358.0,-742.0,-168.584,1.56652e-06,88.9574,-161.439,91.0426,-126.816,-1556.08,-808.509,-1556.08,-808.509
-1356.0,-742.0,-168.619,1.57284e-06,88.9616,-161.612,91.0384,-126.816,-1556.08,-808.509,-1556.08,-808.509
-1354.0,-742.0,-168.657,1.57918e-06,88.9657,-161.782,91.0343,-126.816,-1556.08,-808.509,-1556.08,-808.509
-1352.0,-742.0,-168.697,1.58552e-06,88.979,-161.949,91.021,-126.816,-1556.08,-808.509,-1556.08,-808.509
-1350.0,-742.0,-168.74,1.59186e-06,88.9932,-162.113,91.0068,-126.816,-1556.08,-808.509,-1556.08,-808.509
-1348.0,-742.0,-168.784,1.5982e-06,89.0073,-162.274,90.9927,-126.816,-1556.08,-808.509,-1556.08,-808.509
-1346.0,-742.0,-168.831,1.60457e-06,89.0017,-162.433,90.9983,-126.816,-1556.08,-808.509,-1556.08,-808.509
-1344.0,-742.0,-168.879,1.61094e-06,88.9956,-162.588,91.0044,-126.816,-1556.08,-808.509,-1556.08,-808.509
-1342.0,-742.0,-168.929,1.61731e-06,88.9896,-162.741,91.0104,-126.816,-1556.08,-808.509,-1556.08,-808.509
-1340.0,-742.0,-168.98,1.62369e-06,88.9836,-162.892,91.0164,-126.816,-1556.08,-808.509,-1556.08,-808.509
-1338.0,-742.0,-169.032,1.63008e-06,88.9777,-163.039,91.0223,-126.816,-1556.08,-808.509,-1556.08,-808.509
-1336.0,-742.0,-169.086,1.63647e-06,88.9718,-163.185,91.0282,-126.816,-1556.08,-808.509,-1556.08,-808.509
-1334.0,-742.0,-169.141,1.64286e-06,88.966,-163.328,91.034,-126.816,-1556.08,-808.509,-1556.08,-808.509
-1332.0,-742.0,-169.196,1.64926e-06,88.9602,-163.468,91.0398,-126.816,-1556.08,-808.509,-1556.08,-808.509
-1330.0,-742.0,-166.567,9.8743e-07,88.2468,38.4355,91.7532,-9.41385,-1309.77,-614.96,-1239.87,-670.471
-1328.0,-742.0,-164.629,1.10939e-06,86.6739,41.3417,83.1457,42.677,-1389.13,-589.977,-1239.87,-664.46
-1326.0,-742.0,-164.574,1.10442e-06,86.6412,41.5705,83.1151,42.9068,-1389.22,-589.98,-1239.87,-665.607
-1324.0,-742.0,-165.087,1.09946e-06,86.6082,41.8015,83.0843,43.1386,-1389.31,-589.983,-1239.87,-666.773
-1322.0,-742.0,-165.804,1.09452e-06,86.575,42.0346,83.0534,43.3726,-1389.4,-589.986,-1239.87,-667.958
-1320.0,-742.0,-166.3,1.0896e-06,86.5415,42.2698,83.0223,43.6087,-1389.49,-589.988,-1239.87,-669.163
-1318.0,-742.0,-166.378,1.08469e-06,86.5078,42.5071,82.991,43.847,-1389.58,-589.991,-1239.87,-670.387
-1316.0,-742.0,-165.79,1.07981e-06,86.4739,42.7466,82.9595,44.0875,-1389.67,-589.994,-1239.87,-671.633
-1314.0,-742.0,-164.17,1.07494e-06,86.4397,42.9883,82.9279,44.3303,-1389.76,-589.997,-1239.87,-672.9
-1312.0,-742.0,-161.92,1.0701e-06,86.4052,43.2322,82.8962,44.5752,-1389.85,-589.999,-1239.87,-674.188
-1310.0,-742.0,-159.772,1.06527e-06,86.3705,43.4784,82.8643,44.8224,-1389.94,-590.002,-1239.87,-675.498
-1308.0,-742.0,-158.033,1.06047e-06,86.3356,43.7267,82.8322,45.072,-1390.03,-590.005,-1239.87,-676.832
-1306.0,-742.0,-156.718,1.05569e-06,86.3004,43.9774,82.7999,45.3238,-1390.12,-590.008,-1239.87,-678.189
-1304.0,-742.0,-155.755,1.05092e-06,86.265,44.2304,82.7676,45.5779,-1390.21,-590.01,-1239.87,-679.57
-1302.0,-742.0,-155.072,1.04618e-06,86.2293,44.4857,82.735,45.8344,-1390.3,-590.013,-1239.87,-680.975
-1300.0,-742.0,-154.612,1.04146e-06,86.1934,44.7433,82.7023,46.0933,-1390.39,-590.016,-1239.87,-682.407
-1298.0,-742.0,-154.338,1.03676e-06,86.1572,45.0033,82.6695,46.3546,-1390.48,-590.019,-1239.87,-683.864
-1296.0,-742.0,-154.229,1.03208e-06,86.1208,45.2656,82.6365,46.6182,-1390.57,-590.021,-1239.87,-685.348
-1294.0,-742.0,-161.865,1.42019e-06,88.5724,61.3245,91.4276,-43.396,-1381.4,-617.583,-1239.86,-643.017
-1292.0,-742.0,-162.082,1.41702e-06,88.5464,61.6034,91.4536,-43.396,-1381.4,-617.583,-1239.86,-645.563
-1290.0,-742.0,-162.332,1.41388e-06,88.5203,61.8837,91.4797,-43.396,-1381.4,-617.583,-1239.86,-648.169
-1288.0,-742.0,-162.62,1.41076e-06,88.4942,62.1655,91.5058,-43.396,-1381.4,-617.583,-1239.86,-650.837
-1286.0,-742.0,-162.95,1.40768e-06,88.4679,62.4487,91.5321,-43.396,-1381.4,-617.583,-1239.87,-653.57
-1284.0,-742.0,-163.336,1.40462e-06,88.4416,62.7334,91.5584,-43.396,-1381.4,-617.583,-1239.87,-656.369
-1282.0,-742.0,-163.795,1.4016e-06,88.4152,63.0196,91.5848,-43.396,-1381.4,-617.583,-1239.87,-659.238
-1280.0,-742.0,-164.357,1.3986e-06,88.3887,63.3073,91.6113,-43.396,-1381.4,-617.583,-1239.87,-662.179
-1278.0,-742.0,-165.071,1.39563e-06,88.3622,63.5964,91.6378,-43.396,-1381.4,-617.583,-1239.87,-665.194
-1276.0,-742.0,-132.858,1.08956e-06,87.8852,146.699,92.1148,-35.9954,-1376.1,-617.359,-1306.46,-721.989
-1274.0,-742.0,-129.214,1.09514e-06,87.896,146.947,92.104,-35.9954,-1376.1,-617.359,-1306.51,-720.843
-1272.0,-742.0,-125.254,1.10074e-06,87.9067,147.191,92.0933,-35.9954,-1376.1,-617.359,-1306.56,-719.719
-1270.0,-742.0,-126.508,1.10635e-06,87.9173,147.433,92.0827,-35.9954,-1376.1,-617.359,-1306.61,-718.616
-1268.0,-742.0,-129.91,1.11198e-06,87.9278,147.671,92.0722,-35.9954,-1376.1,-617.359,-1306.66,-717.534
-1266.0,-742.0,-132.811,1.11762e-06,87.9383,147.906,92.0617,-35.9954,-1376.1,-617.359,-1306.71,-716.471
-1264.0,-742.0,-135.261,1.12328e-06,87.9487,148.139,92.0513,-35.9954,-1376.1,-617.359,-1306.75,-715.429
-1262.0,-742.0,-137.389,1.12895e-06,87.959,148.368,92.041,-35.9954,-1376.1,-617.359,-1306.8,-714.406
-1260.0,-742.0,-139.299,1.13463e-06,87.9692,148.594,92.0308,-35.9954,-1376.1,-617.359,-1306.84,-713.401
-1258.0,-742.0,-141.075,1.14033e-06,87.9794,148.818,92.0206,-35.9954,-1376.1,-617.359,-1306.89,-712.414
-1256.0,-742.0,-142.792,1.14604e-06,87.9895,149.038,92.0105,-35.9954,-1376.1,-617.359,-1306.93,-711.445
-1254.0,-742.0,-144.512,1.15177e-06,87.9994,149.256,92.0006,-35.9954,-1376.1,-617.359,-1306.97,-710.493
-1252.0,-742.0,-151.872,1.15766e-06,88.6572,149.86,94.4188,-37.415,-1377.24,-617.407,-1306.99,-710.072
-1250.0,-742.0,-148.175,1.16324e-06,88.0413,149.684,91.9587,-35.9954,-1376.1,-617.359,-1307.05,-708.639
-1248.0,-742.0,-157.014,1.09489e-06,75.6901,41.7013,88.6538,-34.8672,-1375.14,-617.319,-1195.77,-695.463
-1246.0,-742.0,-156.587,1.09001e-06,75.2929,42.018,88.6579,-35.0852,-1375.33,-617.327,-1195.73,-696.71
-1244.0,-742.0,-156.351,1.08516e-06,74.8677,42.3468,88.662,-35.3045,-1375.52,-617.335,-1195.69,-697.972
-1242.0,-742.0,-156.266,1.08034e-06,74.4117,42.6893,88.6662,-35.5251,-1375.71,-617.342,-1195.65,-699.249
-1240.0,-742.0,-156.311,1.07556e-06,73.9214,43.0475,88.6704,-35.7468,-1375.9,-617.35,-1195.61,-700.54
-1238.0,-742.0,-161.345,1.40174e-06,88.4437,109.496,91.5563,54.8118,-1393.02,-590.096,-1321.5,-506.148
-1236.0,-742.0,-159.991,1.01924e-06,87.8753,119.938,92.1247,-43.396,-1381.4,-617.583,-1324.89,-587.651
-1234.0,-742.0,-160.358,1.02258e-06,87.898,120.348,92.102,-43.396,-1381.4,-617.583,-1324.38,-587.638
-1232.0,-742.0,-160.948,1.04027e-06,87.9493,118.045,92.0507,-35.9954,-1376.1,-617.359,-1314.37,-587.376
-1230.0,-742.0,-160.673,1.04342e-06,87.971,118.47,92.029,-35.9954,-1376.1,-617.359,-1313.86,-587.363
-1228.0,-742.0,-160.195,8.84498e-07,84.0957,131.094,80.5373,-47.1876,-1383.62,-617.676,-1361.33,-589.127
-1226.0,-742.0,-157.967,8.88818e-07,84.1723,131.419,80.5819,-46.8576,-1383.44,-617.668,-1360.88,-589.113
-1224.0,-742.0,-156.237,8.93167e-07,84.2483,131.741,80.6264,-46.531,-1383.26,-617.661,-1360.42,-589.099
-1222.0,-742.0,-154.979,8.97546e-07,84.3237,132.059,80.6708,-46.2076,-1383.08,-617.653,-1359.97,-589.085
-1220.0,-742.0,-154.081,9.01953e-07,84.3986,132.374,80.715,-45.8876,-1382.89,-617.645,-1359.52,-589.071
-1218.0,-742.0,-153.441,9.06388e-07,84.4729,132.687,80.7591,-45.5707,-1382.71,-617.638,-1359.06,-589.058
-1216.0,-742.0,-152.985,9.10851e-07,84.5466,132.996,80.803,-45.257,-1382.53,-617.63,-1358.61,-589.044
-1214.0,-742.0,-152.663,9.15342e-07,84.6198,133.302,80.8467,-44.9465,-1382.34,-617.622,-1358.16,-589.03
-1212.0,-742.0,-152.441,9.19859e-07,84.6924,133.604,80.8903,-44.6392,-1382.16,-617.614,-1357.71,-589.016
-1210.0,-742.0,-152.311,9.24424e-07,84.746,133.905,80.9335,-44.3361,-1381.98,-617.607,-1357.26,-589.002
-1208.0,-742.0,-152.249,9.29019e-07,84.7951,134.202,80.9765,-44.0364,-1381.8,-617.599,-1356.81,-588.988
-1206.0,-742.0,-152.246,9.3364e-07,84.8438,134.496,81.0193,-43.7397,-1381.62,-617.591,-1356.36,-588.975
-1204.0,-742.0,-158.393,1.31319e-06,88.6575,153.533,91.3425,-35.9954,-1376.1,-617.359,-1310.46,-689.0
-1202.0,-742.0,-158.156,1.31916e-06,88.6758,153.692,91.3242,-35.9954,-1376.1,-617.359,-1310.48,-688.369
-1600.0,-740.0,-109.186,8.15219e-07,87.7615,34.992,92.2385,-145.008,-1600.0,-740.0,-1400.0,-600.0
-1598.0,-740.0,-109.128,8.09765e-07,87.7464,35.263,92.2536,-144.737,-1598.0,-740.0,-1400.0,-600.0
-1596.0,-740.0,-109.069,8.0433e-07,87.7312,35.5377,92.2688,-144.462,-1596.0,-740.0,-1400.0,-600.0
-1594.0,-740.0,-109.01,7.98913e-07,87.7158,35.8161,92.2842,-144.184,-1594.0,-740.0,-1400.0,-600.0
-1592.0,-740.0,-108.951,7.93516e-07,87.7002,36.0983,92.2998,-143.902,-1592.0,-740.0,-1400.0,-600.0
-1590.0,-740.0,-108.892,7.88138e-07,87.6845,36.3844,92.3155,-143.616,-1590.0,-740.0,-1400.0,-600.0
-1588.0,-740.0,-108.832,7.8278e-07,87.6687,36.6743,92.3313,-143.326,-1588.0,-740.0,-1400.0,-600.0
-1586.0,-740.0,-108.772,7.77442e-07,87.6527,36.9683,92.3473,-143.032,-1586.0,-740.0,-1400.0,-600.0
-1584.0,-740.0,-108.713,7.7212e-07,87.6456,37.2664,92.3544,-142.734,-1584.0,-740.0,-1400.0,-600.0
-1582.0,-740.0,-108.652,7.66813e-07,87.6504,37.5686,92.3496,-142.431,-1582.0,-740.0,-1400.0,-600.0
-1580.0,-740.0,-108.592,7.61527e-07,87.6553,37.875,92.3447,-142.125,-1580.0,-740.0,-1400.0,-600.0
-1578.0,-740.0,-108.532,7.56263e-07,87.6603,38.1856,92.3397,-141.814,-1578.0,-740.0,-1400.0,-600.0
-1576.0,-740.0,-108.471,7.51022e-07,87.6655,38.5007,92.3345,-141.499,-1576.0,-740.0,-1400.0,-600.0
-1574.0,-740.0,-108.41,7.45804e-07,87.6708,38.8201,92.3292,-141.18,-1574.0,-740.0,-1400.0,-600.0
-1572.0,-740.0,-108.349,7.40609e-07,87.6762,39.144,92.3238,-140.856,-1572.0,-740.0,-1400.0,-600.0
-1570.0,-740.0,-108.288,7.35438e-07,87.6819,39.4725,92.3181,-140.528,-1570.0,-740.0,-1400.0,-600.0
-1568.0,-740.0,-108.227,7.30292e-07,87.6876,39.8056,92.3124,-140.194,-1568.0,-740.0,-1400.0,-600.0
-1566.0,-740.0,-108.166,7.25171e-07,87.6936,40.1434,92.3064,-139.857,-1566.0,-740.0,-1400.0,-600.0
-1564.0,-740.0,-108.104,7.20066e-07,87.7168,40.486,92.2832,-139.514,-1564.0,-740.0,-1400.0,-600.0
-1562.0,-740.0,-108.042,7.14986e-07,87.7458,40.8335,92.2542,-139.167,-1562.0,-740.0,-1400.0,-600.0
-1560.0,-740.0,-107.981,7.09945e-07,87.7484,41.1859,92.2516,-138.814,-1560.0,-740.0,-1400.0,-600.0
-1558.0,-740.0,-107.919,7.0494e-07,87.7324,41.5434,92.2676,-138.457,-1558.0,-740.0,-1400.0,-600.0
-1556.0,-740.0,-107.857,6.99963e-07,87.7162,41.9059,92.2838,-138.094,-1556.0,-740.0,-1400.0,-600.0
-1554.0,-740.0,-107.796,6.95015e-07,87.7,42.2737,92.3,-137.726,-1554.0,-740.0,-1400.0,-600.0
-1552.0,-740.0,-107.734,6.90095e-07,87.6836,42.6467,92.3164,-137.353,-1552.0,-740.0,-1400.0,-600.0
-1550.0,-740.0,-107.672,6.85206e-07,87.667,43.0251,92.333,-136.975,-1550.0,-740.0,-1400.0,-600.0
-1548.0,-740.0,-107.61,6.80346e-07,87.6503,43.4089,92.3497,-136.591,-1548.0,-740.0,-1400.0,-600.0
-1546.0,-740.0,-107.548,6.75518e-07,87.6335,43.7982,92.3665,-136.202,-1546.0,-740.0,-1400.0,-600.0
-1544.0,-740.0,-107.486,6.70721e-07,87.6166,44.1931,92.3834,-135.807,-1544.0,-740.0,-1400.0,-600.0
-1542.0,-740.0,-107.423,6.65957e-07,87.5995,44.5937,92.4005,-135.406,-1542.0,-740.0,-1400.0,-600.0
-1540.0,-740.0,-107.361,6.61215e-07,87.6047,45.0,92.3953,-135.0,-1540.0,-740.0,-1400.0,-600.0
-1538.0,-740.0,-107.299,6.56505e-07,87.6121,45.4122,92.3879,-134.588,-1538.0,-740.0,-1400.0,-600.0
-1536.0,-740.0,-107.237,6.51848e-07,87.5829,45.8303,92.4171,-134.17,-1536.0,-740.0,-1400.0,-600.0
-1534.0,-740.0,-107.175,6.47231e-07,87.5407,46.2545,92.4593,-133.746,-1534.0,-740.0,-1400.0,-600.0
-1532.0,-740.0,-107.113,6.42645e-07,87.5124,46.6847,92.4876,-133.315,-1532.0,-740.0,-1400.0,-600.0
-1530.0,-740.0,-107.051,6.38089e-07,87.4946,47.1211,92.5054,-132.879,-1530.0,-740.0,-1400.0,-600.0
-1528.0,-740.0,-106.989,6.33572e-07,87.4767,47.5638,92.5233,-132.436,-1528.0,-740.0,-1400.0,-600.0
-1526.0,-740.0,-106.927,6.29092e-07,87.4587,48.0128,92.5413,-131.987,-1526.0,-740.0,-1400.0,-600.0
-1524.0,-740.0,-106.866,6.24652e-07,87.4407,48.4682,92.5593,-131.532,-1524.0,-740.0,-1400.0,-600.0
-1522.0,-740.0,-106.804,6.20252e-07,87.4225,48.9302,92.5775,-131.07,-1522.0,-740.0,-1400.0,-600.0
-1520.0,-740.0,-106.743,6.15893e-07,87.4042,49.3987,92.5958,-130.601,-1520.0,-740.0,-1400.0,-600.0
-1518.0,-740.0,-106.681,6.11575e-07,87.3859,49.8739,92.6141,-130.126,-1518.0,-740.0,-1400.0,-600.0
-1516.0,-740.0,-106.62,6.073e-07,87.3675,50.3558,92.6325,-129.644,-1516.0,-740.0,-1400.0,-600.0
-1514.0,-740.0,-106.559,6.03069e-07,87.349,50.8446,92.651,-129.155,-1514.0,-740.0,-1400.0,-600.0
-1512.0,-740.0,-106.499,5.98894e-07,87.3062,51.3402,92.6938,-128.66,-1512.0,-740.0,-1400.0,-600.0
-1510.0,-740.0,-106.439,5.94766e-07,87.2604,51.8428,92.7396,-128.157,-1510.0,-740.0,-1400.0,-600.0
-1508.0,-740.0,-106.378,5.90675e-07,87.2339,52.3524,92.7661,-127.648,-1508.0,-740.0,-1400.0,-600.0
-1506.0,-740.0,-106.319,5.86627e-07,87.2148,52.8691,92.7852,-127.131,-1506.0,-740.0,-1400.0,-600.0
-1504.0,-740.0,-106.259,5.82628e-07,87.1957,53.3929,92.8043,-126.607,-1504.0,-740.0,-1400.0,-600.0
-1502.0,-740.0,-106.2,5.78678e-07,87.1765,53.924,92.8235,-126.076,-1502.0,-740.0,-1400.0,-600.0
-1500.0,-740.0,-106.141,5.74778e-07,87.1574,54.4623,92.8426,-125.538,-1500.0,-740.0,-1400.0,-600.0
-1498.0,-740.0,-106.082,5.7093e-07,87.1382,55.008,92.8618,-124.992,-1498.0,-740.0,-1400.0,-600.0
-1496.0,-740.0,-106.024,5.67134e-07,87.119,55.561,92.881,-124.439,-1496.0,-740.0,-1400.0,-600.0
-1494.0,-740.0,-105.967,5.63392e-07,87.0999,56.1215,92.9001,-123.879,-1494.0,-740.0,-1400.0,-600.0
-1492.0,-740.0,-105.909,5.59704e-07,87.0807,56.6894,92.9193,-123.311,-1492.0,-740.0,-1400.0,-600.0
-1490.0,-740.0,-105.853,5.56072e-07,87.0616,57.2648,92.9384,-122.735,-1490.0,-740.0,-1400.0,-600.0
-1488.0,-740.0,-105.796,5.52497e-07,87.0426,57.8477,92.9574,-122.152,-1488.0,-740.0,-1400.0,-600.0
-1486.0,-740.0,-105.741,5.48979e-07,87.0236,58.4382,92.9764,-121.562,-1486.0,-740.0,-1400.0,-600.0
-1484.0,-740.0,-105.686,5.4552e-07,87.0048,59.0362,92.9952,-120.964,-1484.0,-740.0,-1400.0,-600.0
-1482.0,-740.0,-105.631,5.42122e-07,86.986,59.6419,93.014,-120.358,-1482.0,-740.0,-1400.0,-600.0
-1480.0,-740.0,-105.578,5.38785e-07,86.9673,60.2551,93.0327,-119.745,-1480.0,-740.0,-1400.0,-600.0
-1478.0,-740.0,-105.525,5.3551e-07,86.9487,60.8759,93.0513,-119.124,-1478.0,-740.0,-1400.0,-600.0
-1476.0,-740.0,-105.472,5.32298e-07,86.9303,61.5044,93.0697,-118.496,-1476.0,-740.0,-1400.0,-600.0
-1474.0,-740.0,-105.421,5.29151e-07,86.912,62.1403,93.088,-117.86,-1474.0,-740.0,-1400.0,-600.0
-1472.0,-740.0,-105.37,5.26071e-07,86.8939,62.7839,93.1061,-117.216,-1472.0,-740.0,-1400.0,-600.0
-1470.0,-740.0,-105.32,5.23057e-07,86.876,63.4349,93.124,-116.565,-1470.0,-740.0,-1400.0,-600.0
-1468.0,-740.0,-105.27,5.20111e-07,86.8583,64.0935,93.1417,-115.907,-1468.0,-740.0,-1400.0,-600.0
-1466.0,-740.0,-105.222,5.17234e-07,86.8408,64.7595,93.1592,-115.241,-1466.0,-740.0,-1400.0,-600.0
-1464.0,-740.0,-105.175,5.14429e-07,86.8235,65.4328,93.1765,-114.567,-1464.0,-740.0,-1400.0,-600.0
-1462.0,-740.0,-105.128,5.11695e-07,86.8053,66.1135,93.1947,-113.886,-1462.0,-740.0,-1400.0,-600.0
-1460.0,-740.0,-105.083,5.09049e-07,86.757,66.8014,93.243,-113.199,-1460.0,-740.0,-1400.0,-600.0
-1458.0,-740.0,-105.039,5.06478e-07,86.7086,67.4965,93.2914,-112.504,-1458.0,-740.0,-1400.0,-600.0
-1456.0,-740.0,-104.996,5.03982e-07,86.6602,68.1986,93.3398,-111.801,-1456.0,-740.0,-1400.0,-600.0
-1454.0,-740.0,-104.954,5.01563e-07,86.6118,68.9077,93.3882,-111.092,-1454.0,-740.0,-1400.0,-600.0
-1452.0,-740.0,-104.914,4.99221e-07,86.5635,69.6236,93.4365,-110.376,-1452.0,-740.0,-1400.0,-600.0
-1450.0,-740.0,-104.874,4.96958e-07,86.5153,70.3462,93.4847,-109.654,-1450.0,-740.0,-1400.0,-600.0
-1448.0,-740.0,-104.836,4.94775e-07,86.4672,71.0754,93.5328,-108.925,-1448.0,-740.0,-1400.0,-600.0
-1446.0,-740.0,-104.799,4.92673e-07,86.4193,71.811,93.5807,-108.189,-1446.0,-740.0,-1400.0,-600.0
-1444.0,-740.0,-104.763,4.90652e-07,86.3716,72.5528,93.6284,-107.447,-1444.0,-740.0,-1400.0,-600.0
-1442.0,-740.0,-104.728,4.88715e-07,86.3241,73.3008,93.6759,-106.699,-1442.0,-740.0,-1400.0,-600.0
-1440.0,-740.0,-104.695,4.86861e-07,86.2768,74.0546,93.7232,-105.945,-1440.0,-740.0,-1400.0,-600.0
-1438.0,-740.0,-104.664,4.85089e-07,86.2363,74.8142,93.7637,-105.186,-1438.0,-740.0,-1400.0,-600.0
-1436.0,-740.0,-104.633,4.83388e-07,86.2231,75.5792,93.7769,-104.421,-1436.0,-740.0,-1400.0,-600.0
-1434.0,-740.0,-113.782,4.81774e-07,86.2104,76.3974,93.7896,-103.963,-1404.61,-618.561,-1404.61,-618.561
-1432.0,-740.0,-120.149,4.80258e-07,86.1984,77.2921,93.8016,-103.963,-1404.61,-618.561,-1404.61,-618.561
-1430.0,-740.0,-121.962,1.14107e-06,88.4009,83.9345,91.5991,87.2981,-1398.07,-559.198,-1404.49,-499.952
-1428.0,-740.0,-122.384,1.14038e-06,88.4,84.2681,91.6,87.6316,-1398.18,-555.881,-1403.9,-499.951
-1426.0,-740.0,-123.377,1.13854e-06,88.3974,85.6627,91.6026,94.4546,-1407.79,-499.955,-1407.79,-499.955
-1424.0,-740.0,-123.455,1.13806e-06,88.3967,85.9979,91.6033,94.1194,-1407.21,-499.954,-1407.21,-499.954
-1422.0,-740.0,-123.472,1.13761e-06,88.3961,86.3333,91.6039,93.784,-1406.62,-499.954,-1406.62,-499.954
-1420.0,-740.0,-123.441,1.1372e-06,88.3955,86.669,91.6045,93.4483,-1406.03,-499.953,-1406.03,-499.953
-1418.0,-740.0,-123.375,1.13684e-06,88.395,87.0049,91.605,93.1124,-1405.44,-499.953,-1405.44,-499.953
-1416.0,-740.0,-123.286,1.13651e-06,88.3945,87.341,91.6055,92.7763,-1404.85,-499.952,-1404.85,-499.952
-1414.0,-740.0,-123.187,1.13622e-06,88.3941,87.6773,91.6059,92.44,-1404.26,-499.951,-1404.26,-499.951
-1412.0,-740.0,-123.086,1.13597e-06,88.3938,88.0137,91.6062,92.1036,-1403.67,-499.951,-1403.67,-499.951
-1410.0,-740.0,-122.99,1.13575e-06,88.3935,88.3503,91.6065,91.767,-1403.09,-499.95,-1403.09,-499.95
-1408.0,-740.0,-122.905,1.13558e-06,88.3932,88.687,91.6068,91.4303,-1402.5,-499.95,-1402.5,-499.95
-1406.0,-740.0,-143.598,1.24782e-06,88.5378,97.0522,91.4622,99.5595,-1419.44,-484.568,-1425.26,-584.337
-1404.0,-740.0,-148.772,1.24868e-06,88.5388,97.7761,91.4612,99.5595,-1419.44,-484.568,-1425.26,-584.337
-1402.0,-740.0,-135.512,1.25369e-06,88.5446,98.4283,91.4554,82.1554,-1396.76,-576.497,-1425.29,-582.797
-1400.0,-740.0,-120.426,1.25465e-06,88.5457,98.5599,91.4543,81.3959,-1396.71,-578.247,-1425.59,-569.956
-1398.0,-740.0,-155.781,6.27279e-07,87.0903,99.9319,92.9097,148.195,-1425.26,-584.337,-1425.26,-584.337
-1396.0,-740.0,-167.602,2.90227e-06,87.4071,-29.9335,88.6176,-28.0254,-1368.03,-617.019,-1173.84,-867.921
-1394.0,-740.0,-167.807,2.89649e-06,87.4023,-29.9995,88.6187,-28.0912,-1368.11,-617.022,-1172.57,-867.837
-1392.0,-740.0,-167.972,2.89071e-06,87.4011,-30.0657,88.6197,-28.1574,-1368.19,-617.026,-1171.31,-867.754
-1390.0,-740.0,-169.699,1.46884e-06,88.7872,-157.583,91.2128,-126.816,-1556.08,-808.509,-1556.08,-808.509
-1388.0,-740.0,-169.497,1.47501e-06,88.8032,-157.824,91.1968,-126.816,-1556.08,-808.509,-1556.08,-808.509
-1386.0,-740.0,-168.284,1.48262e-06,88.8202,-154.264,91.1798,-124.21,-1548.4,-818.284,-1548.4,-818.284
-1384.0,-740.0,-168.506,1.48864e-06,88.8358,-154.538,91.1642,-124.21,-1548.4,-818.284,-1548.4,-818.284
-1382.0,-740.0,-168.755,1.49466e-06,88.8513,-154.805,91.1487,-124.21,-1548.4,-818.284,-1548.4,-818.284
-1380.0,-740.0,-168.923,1.49978e-06,88.866,-158.74,91.134,-126.816,-1556.08,-808.509,-1556.08,-808.509
-1378.0,-740.0,-168.838,1.506e-06,88.8814,-158.958,91.1186,-126.816,-1556.08,-808.509,-1556.08,-808.509
-1376.0,-740.0,-168.772,1.51223e-06,88.8967,-159.171,91.1033,-126.816,-1556.08,-808.509,-1556.08,-808.509
-1374.0,-740.0,-168.721,1.51846e-06,88.9118,-159.381,91.0882,-126.816,-1556.08,-808.509,-1556.08,-808.509
-1372.0,-740.0,-168.685,1.52471e-06,88.9269,-159.586,91.0731,-126.816,-1556.08,-808.509,-1556.08,-808.509
-1370.0,-740.0,-168.661,1.53096e-06,88.9331,-159.788,91.0669,-126.816,-1556.08,-808.509,-1556.08,-808.509
-1368.0,-740.0,-168.647,1.53723e-06,88.9375,-159.985,91.0625,-126.816,-1556.08,-808.509,-1556.08,-808.509
-1366.0,-740.0,-168.642,1.5435e-06,88.9418,-160.18,91.0582,-126.816,-1556.08,-808.509,-1556.08,-808.509
-1364.0,-740.0,-168.645,1.54978e-06,88.9461,-160.37,91.0539,-126.816,-1556.08,-808.509,-1556.08,-808.509
-1362.0,-740.0,-168.654,1.55607e-06,88.9504,-160.557,91.0496,-126.816,-1556.08,-808.509,-1556.08,-808.509
-1360.0,-740.0,-168.669,1.56237e-06,88.9546,-160.741,91.0454,-126.816,-1556.08,-808.509,-1556.08,-808.509
-1358.0,-740.0,-168.688,1.56867e-06,88.9588,-160.921,91.0412,-126.816,-1556.08,-808.509,-1556.08,-808.509
-1356.0,-740.0,-168.713,1.57498e-06,88.963,-161.098,91.037,-126.816,-1556.08,-808.509,-1556.08,-808.509
-1354.0,-740.0,-168.741,1.58129e-06,88.9671,-161.272,91.0329,-126.816,-1556.08,-808.509,-1556.08,-808.509
-1352.0,-740.0,-168.772,1.58761e-06,88.9726,-161.443,91.0274,-126.816,-1556.08,-808.509,-1556.08,-808.509
-1350.0,-740.0,-168.806,1.59394e-06,88.9868,-161.611,91.0132,-126.816,-1556.08,-808.509,-1556.08,-808.509
-1348.0,-740.0,-168.843,1.60027e-06,89.0009,-161.776,90.9991,-126.816,-1556.08,-808.509,-1556.08,-808.509
-1346.0,-740.0,-168.882,1.60661e-06,88.9953,-161.938,91.0047,-126.816,-1556.08,-808.509,-1556.08,-808.509
-1344.0,-740.0,-168.924,1.61296e-06,88.9892,-162.098,91.0108,-126.816,-1556.08,-808.509,-1556.08,-808.509
-1342.0,-740.0,-168.967,1.61932e-06,88.9832,-162.254,91.0168,-126.816,-1556.08,-808.509,-1556.08,-808.509
-1340.0,-740.0,-169.013,1.62568e-06,88.9773,-162.408,91.0227,-126.816,-1556.08,-808.509,-1556.08,-808.509
-1338.0,-740.0,-169.06,1.63205e-06,88.9714,-162.56,91.0286,-126.816,-1556.08,-808.509,-1556.08,-808.509
-1336.0,-740.0,-169.108,1.63843e-06,88.9655,-162.709,91.0345,-126.816,-1556.08,-808.509,-1556.08,-808.509
-1334.0,-740.0,-169.157,1.6448e-06,88.9597,-162.855,91.0403,-126.816,-1556.08,-808.509,-1556.08,-808.509
-1332.0,-740.0,-169.208,1.65119e-06,88.954,-163.0,91.046,-126.816,-1556.08,-808.509,-1556.08,-808.509
-1330.0,-740.0,-169.26,1.65758e-06,88.9483,-163.141,91.0517,-126.816,-1556.08,-808.509,-1556.08,-808.509
-1328.0,-740.0,-166.28,9.78075e-07,88.2009,38.3436,91.7991,-9.41385,-1309.77,-614.96,-1239.87,-670.289
-1326.0,-740.0,-164.69,1.10002e-06,86.6078,41.3095,83.1494,42.6493,-1389.12,-589.977,-1239.87,-664.305
-1324.0,-740.0,-164.545,1.09504e-06,86.5744,41.5402,83.1185,42.8809,-1389.21,-589.98,-1239.87,-665.46
-1322.0,-740.0,-165.004,1.09008e-06,86.5408,41.773,83.0875,43.1147,-1389.3,-589.982,-1239.87,-666.635
-1320.0,-740.0,-165.721,1.08514e-06,86.507,42.008,83.0563,43.3506,-1389.39,-589.985,-1239.87,-667.828
-1318.0,-740.0,-166.248,1.08022e-06,86.4729,42.2451,83.0249,43.5887,-1389.48,-589.988,-1239.87,-669.042
-1316.0,-740.0,-166.363,1.07531e-06,86.4385,42.4844,82.9933,43.829,-1389.57,-589.991,-1239.87,-670.276
-1314.0,-740.0,-165.832,1.07043e-06,86.4039,42.7259,82.9616,44.0715,-1389.66,-589.994,-1239.87,-671.531
-1312.0,-740.0,-164.259,1.06556e-06,86.369,42.9696,82.9297,44.3163,-1389.75,-589.996,-1239.87,-672.808
-1310.0,-740.0,-162.001,1.06072e-06,86.3339,43.2156,82.8977,44.5634,-1389.85,-589.999,-1239.87,-674.106
-1308.0,-740.0,-159.818,1.05589e-06,86.2986,43.4639,82.8655,44.8128,-1389.94,-590.002,-1239.87,-675.428
-1306.0,-740.0,-158.048,1.05109e-06,86.263,43.7144,82.8331,45.0645,-1390.03,-590.005,-1239.87,-676.772
-1304.0,-740.0,-156.71,1.0463e-06,86.2271,43.9673,82.8006,45.3186,-1390.12,-590.008,-1239.87,-678.14
-1302.0,-740.0,-155.732,1.04154e-06,86.191,44.2225,82.7679,45.575,-1390.21,-590.01,-1239.87,-679.533
-1300.0,-740.0,-155.04,1.0368e-06,86.1546,44.4801,82.7351,45.8338,-1390.3,-590.013,-1239.87,-680.951
-1298.0,-740.0,-154.575,1.03207e-06,86.1179,44.74,82.7021,46.0951,-1390.39,-590.016,-1239.87,-682.395
-1296.0,-740.0,-154.301,1.02738e-06,86.0786,45.0024,82.6689,46.3589,-1390.48,-590.019,-1239.87,-683.866
-1294.0,-740.0,-154.206,1.02272e-06,86.0224,45.2669,82.6355,46.6261,-1390.57,-590.021,-1239.87,-685.364
-1292.0,-740.0,-161.909,1.41117e-06,88.5229,61.4515,91.4771,-43.396,-1381.4,-617.583,-1239.86,-644.171
-1290.0,-740.0,-162.143,1.40801e-06,88.4966,61.7328,91.5034,-43.396,-1381.4,-617.583,-1239.86,-646.76
-1288.0,-740.0,-162.411,1.40488e-06,88.4703,62.0156,91.5297,-43.396,-1381.4,-617.583,-1239.86,-649.411
-1286.0,-740.0,-162.72,1.40178e-06,88.4439,62.2998,91.5561,-43.396,-1381.4,-617.583,-1239.87,-652.127
-1284.0,-740.0,-163.077,1.39871e-06,88.4173,62.5856,91.5827,-43.396,-1381.4,-617.583,-1239.87,-654.909
-1282.0,-740.0,-163.498,1.39567e-06,88.3908,62.8728,91.6092,-43.396,-1381.4,-617.583,-1239.87,-657.759
-1280.0,-740.0,-164.006,1.39266e-06,88.3641,63.1616,91.6359,-43.396,-1381.4,-617.583,-1239.87,-660.682
-1278.0,-740.0,-130.85,1.08033e-06,87.861,146.83,92.139,-35.9954,-1376.1,-617.359,-1306.49,-721.379
-1276.0,-740.0,-126.978,1.08593e-06,87.8554,147.08,92.1446,-35.9954,-1376.1,-617.359,-1306.54,-720.228
-1274.0,-740.0,-124.821,1.09153e-06,87.8664,147.327,92.1336,-35.9954,-1376.1,-617.359,-1306.59,-719.099
-1272.0,-740.0,-128.423,1.09716e-06,87.8773,147.57,92.1227,-35.9954,-1376.1,-617.359,-1306.64,-717.992
-1270.0,-740.0,-131.536,1.10279e-06,87.8881,147.81,92.1119,-35.9954,-1376.1,-617.359,-1306.69,-716.906
-1268.0,-740.0,-134.257,1.10844e-06,87.8989,148.047,92.1011,-35.9954,-1376.1,-617.359,-1306.73,-715.84
-1266.0,-740.0,-136.496,1.11411e-06,87.9096,148.281,92.0904,-35.9954,-1376.1,-617.359,-1306.78,-714.794
-1264.0,-740.0,-138.503,1.11979e-06,87.9202,148.512,92.0798,-35.9954,-1376.1,-617.359,-1306.83,-713.768
-1262.0,-740.0,-140.342,1.12548e-06,87.9307,148.739,92.0693,-35.9954,-1376.1,-617.359,-1306.87,-712.76
-1260.0,-740.0,-142.096,1.13119e-06,87.9412,148.964,92.0588,-35.9954,-1376.1,-617.359,-1306.91,-711.771
-1258.0,-740.0,-143.832,1.13691e-06,87.9515,149.186,92.0485,-35.9954,-1376.1,-617.359,-1306.96,-710.799
-1256.0,-740.0,-145.61,1.14265e-06,87.9618,149.405,92.0382,-35.9954,-1376.1,-617.359,-1307.0,-709.845
-1254.0,-740.0,-152.209,1.14856e-06,88.605,149.981,94.4073,-37.2958,-1377.15,-617.403,-1307.02,-709.365
-1252.0,-740.0,-159.553,1.10059e-06,76.255,40.8457,88.6408,-34.1639,-1374.52,-617.292,-1195.89,-691.492
-1250.0,-740.0,-158.286,1.09564e-06,75.9012,41.1428,88.6447,-34.3786,-1374.71,-617.3,-1195.86,-692.696
-1248.0,-740.0,-157.406,1.09071e-06,75.524,41.4496,88.6487,-34.5947,-1374.9,-617.309,-1195.82,-693.915
-1246.0,-740.0,-156.835,1.08581e-06,75.1211,41.7674,88.6528,-34.8122,-1375.1,-617.317,-1195.78,-695.15
-1244.0,-740.0,-156.491,1.08094e-06,74.6899,42.0975,88.6569,-35.031,-1375.29,-617.325,-1195.74,-696.399
-1242.0,-740.0,-156.319,1.07611e-06,74.2274,42.4416,88.661,-35.251,-1375.48,-617.333,-1195.7,-697.663
-1240.0,-740.0,-156.288,1.07131e-06,73.7303,42.8016,88.6652,-35.4721,-1375.66,-617.341,-1195.66,-698.941
-1238.0,-740.0,-156.39,1.06655e-06,73.1946,43.1798,88.6694,-35.6943,-1375.85,-617.349,-1195.62,-700.233
-1236.0,-740.0,-160.103,1.01348e-06,87.8388,120.177,92.1612,-43.396,-1381.4,-617.583,-1324.59,-587.643
-1234.0,-740.0,-160.647,1.01685e-06,87.8618,120.589,92.1382,-43.396,-1381.4,-617.583,-1324.07,-587.63
-1232.0,-740.0,-160.707,1.03441e-06,87.9138,118.274,92.0862,-35.9954,-1376.1,-617.359,-1314.09,-587.369
-1230.0,-740.0,-160.511,1.03758e-06,87.9357,118.701,92.0643,-35.9954,-1376.1,-617.359,-1313.57,-587.355
-1228.0,-740.0,-158.245,8.79551e-07,84.0082,131.383,80.5753,-46.9069,-1383.47,-617.67,-1360.95,-589.115
-1226.0,-740.0,-156.424,8.83895e-07,84.086,131.709,80.6202,-46.5765,-1383.28,-617.662,-1360.49,-589.101
-1224.0,-740.0,-155.097,8.88268e-07,84.1631,132.031,80.6651,-46.2494,-1383.1,-617.654,-1360.03,-589.087
-1222.0,-740.0,-154.152,8.9267e-07,84.2397,132.35,80.7097,-45.9257,-1382.92,-617.646,-1359.57,-589.073
-1220.0,-740.0,-153.481,8.97101e-07,84.3157,132.665,80.7543,-45.6053,-1382.73,-617.638,-1359.11,-589.059
-1218.0,-740.0,-153.004,9.01559e-07,84.3911,132.978,80.7986,-45.2881,-1382.55,-617.631,-1358.66,-589.045
-1216.0,-740.0,-152.667,9.06046e-07,84.4659,133.287,80.8428,-44.9742,-1382.36,-617.623,-1358.2,-589.031
-1214.0,-740.0,-152.437,9.10559e-07,84.5402,133.593,80.8868,-44.6635,-1382.18,-617.615,-1357.74,-589.017
-1212.0,-740.0,-152.289,9.151e-07,84.6138,133.896,80.9307,-44.3559,-1381.99,-617.607,-1357.29,-589.003
-1210.0,-740.0,-152.21,9.19668e-07,84.6858,134.196,80.9743,-44.0516,-1381.81,-617.6,-1356.83,-588.989
-1208.0,-740.0,-152.205,9.24287e-07,84.7356,134.493,81.0176,-43.7518,-1381.62,-617.592,-1356.38,-588.975
-1206.0,-740.0,-158.043,1.30426e-06,88.6264,153.696,91.3736,-35.9954,-1376.1,-617.359,-1310.48,-688.355
-1204.0,-740.0,-157.88,1.31024e-06,88.645,153.855,91.355,-35.9954,-1376.1,-617.359,-1310.5,-687.725
-1202.0,-740.0,-157.78,1.31623e-06,88.6634,154.013,91.3366,-35.9954,-1376.1,-617.359,-1310.52,-687.103
-1600.0,-738.0,-109.145,8.11414e-07,87.751,34.6057,92.249,-145.394,-1600.0,-738.0,-1400.0,-600.0
-1598.0,-738.0,-109.086,8.05934e-07,87.7357,34.8753,92.2643,-145.125,-1598.0,-738.0,-1400.0,-600.0
-1596.0,-738.0,-109.027,8.00473e-07,87.7202,35.1487,92.2798,-144.851,-1596.0,-738.0,-1400.0,-600.0
-1594.0,-738.0,-108.967,7.9503e-07,87.7046,35.4258,92.2954,-144.574,-1594.0,-738.0,-1400.0,-600.0
-1592.0,-738.0,-108.908,7.89605e-07,87.6888,35.7067,92.3112,-144.293,-1592.0,-738.0,-1400.0,-600.0
-1590.0,-738.0,-108.848,7.84201e-07,87.6729,35.9915,92.3271,-144.009,-1590.0,-738.0,-1400.0,-600.0
-1588.0,-738.0,-108.788,7.78816e-07,87.6568,36.2803,92.3432,-143.72,-1588.0,-738.0,-1400.0,-600.0
-1586.0,-738.0,-108.728,7.7345e-07,87.6405,36.573,92.3595,-143.427,-1586.0,-738.0,-1400.0,-600.0
-1584.0,-738.0,-108.667,7.68101e-07,87.6333,36.8699,92.3667,-143.13,-1584.0,-738.0,-1400.0,-600.0
-1582.0,-738.0,-108.606,7.62765e-07,87.6379,37.1709,92.3621,-142.829,-1582.0,-738.0,-1400.0,-600.0
-1580.0,-738.0,-108.545,7.57451e-07,87.6426,37.4762,92.3574,-142.524,-1580.0,-738.0,-1400.0,-600.0
-1578.0,-738.0,-108.484,7.52159e-07,87.6475,37.7857,92.3525,-142.214,-1578.0,-738.0,-1400.0,-600.0
-1576.0,-738.0,-108.423,7.46889e-07,87.6525,38.0997,92.3475,-141.9,-1576.0,-738.0,-1400.0,-600.0
-1574.0,-738.0,-108.361,7.41642e-07,87.6577,38.4181,92.3423,-141.582,-1574.0,-738.0,-1400.0,-600.0
-1572.0,-738.0,-108.3,7.36418e-07,87.663,38.741,92.337,-141.259,-1572.0,-738.0,-1400.0,-600.0
-1570.0,-738.0,-108.238,7.31218e-07,87.6685,39.0685,92.3315,-140.932,-1570.0,-738.0,-1400.0,-600.0
-1568.0,-738.0,-108.176,7.26041e-07,87.6741,39.4007,92.3259,-140.599,-1568.0,-738.0,-1400.0,-600.0
-1566.0,-738.0,-108.114,7.2089e-07,87.6799,39.7376,92.3201,-140.262,-1566.0,-738.0,-1400.0,-600.0
-1564.0,-738.0,-108.052,7.15764e-07,87.6858,40.0794,92.3142,-139.921,-1564.0,-738.0,-1400.0,-600.0
-1562.0,-738.0,-107.989,7.10652e-07,87.7146,40.4261,92.2854,-139.574,-1562.0,-738.0,-1400.0,-600.0
-1560.0,-738.0,-107.927,7.0558e-07,87.7169,40.7778,92.2831,-139.222,-1560.0,-738.0,-1400.0,-600.0
-1558.0,-738.0,-107.865,7.00544e-07,87.7005,41.1345,92.2995,-138.865,-1558.0,-738.0,-1400.0,-600.0
-1556.0,-738.0,-107.802,6.95536e-07,87.6839,41.4965,92.3161,-138.504,-1556.0,-738.0,-1400.0,-600.0
-1554.0,-738.0,-107.74,6.90556e-07,87.6672,41.8636,92.3328,-138.136,-1554.0,-738.0,-1400.0,-600.0
-1552.0,-738.0,-107.677,6.85604e-07,87.6503,42.2361,92.3497,-137.764,-1552.0,-738.0,-1400.0,-600.0
-1550.0,-738.0,-107.614,6.80682e-07,87.6333,42.6141,92.3667,-137.386,-1550.0,-738.0,-1400.0,-600.0
-1548.0,-738.0,-107.551,6.75791e-07,87.6162,42.9975,92.3838,-137.003,-1548.0,-738.0,-1400.0,-600.0
-1546.0,-738.0,-107.488,6.70929e-07,87.5989,43.3865,92.4011,-136.614,-1546.0,-738.0,-1400.0,-600.0
-1544.0,-738.0,-107.425,6.661e-07,87.5815,43.7811,92.4185,-136.219,-1544.0,-738.0,-1400.0,-600.0
-1542.0,-738.0,-107.362,6.61302e-07,87.5639,44.1815,92.4361,-135.818,-1542.0,-738.0,-1400.0,-600.0
-1540.0,-738.0,-107.299,6.56535e-07,87.5499,44.5878,92.4501,-135.412,-1540.0,-738.0,-1400.0,-600.0
-1538.0,-738.0,-107.236,6.51792e-07,87.5569,45.0,92.4431,-135.0,-1538.0,-738.0,-1400.0,-600.0
-1536.0,-738.0,-107.173,6.471e-07,87.5269,45.4182,92.4731,-134.582,-1536.0,-738.0,-1400.0,-600.0
-1534.0,-738.0,-107.11,6.42446e-07,87.4923,45.8425,92.5077,-134.157,-1534.0,-738.0,-1400.0,-600.0
-1532.0,-738.0,-107.047,6.3782e-07,87.4741,46.273,92.5259,-133.727,-1532.0,-738.0,-1400.0,-600.0
-1530.0,-738.0,-106.984,6.3323e-07,87.4558,46.7098,92.5442,-133.29,-1530.0,-738.0,-1400.0,-600.0
-1528.0,-738.0,-106.922,6.28677e-07,87.4374,47.153,92.5626,-132.847,-1528.0,-738.0,-1400.0,-600.0
-1526.0,-738.0,-106.859,6.24163e-07,87.4188,47.6026,92.5812,-132.397,-1526.0,-738.0,-1400.0,-600.0
-1524.0,-738.0,-106.796,6.19687e-07,87.4002,48.0587,92.5998,-131.941,-1524.0,-738.0,-1400.0,-600.0
-1522.0,-738.0,-106.734,6.15251e-07,87.3814,48.5215,92.6186,-131.479,-1522.0,-738.0,-1400.0,-600.0
-1520.0,-738.0,-106.671,6.10856e-07,87.3625,48.9909,92.6375,-131.009,-1520.0,-738.0,-1400.0,-600.0
-1518.0,-738.0,-106.609,6.06503e-07,87.3436,49.4672,92.6564,-130.533,-1518.0,-738.0,-1400.0,-600.0
-1516.0,-738.0,-106.547,6.02192e-07,87.3246,49.9503,92.6754,-130.05,-1516.0,-738.0,-1400.0,-600.0
-1514.0,-738.0,-106.485,5.97925e-07,87.3055,50.4403,92.6945,-129.56,-1514.0,-738.0,-1400.0,-600.0
-1512.0,-738.0,-106.423,5.93714e-07,87.2619,50.9374,92.7381,-129.063,-1512.0,-738.0,-1400.0,-600.0
-1510.0,-738.0,-106.362,5.89543e-07,87.2286,51.4416,92.7714,-128.558,-1510.0,-738.0,-1400.0,-600.0
-1508.0,-738.0,-106.3,5.85411e-07,87.209,51.953,92.791,-128.047,-1508.0,-738.0,-1400.0,-600.0
-1506.0,-738.0,-106.239,5.81327e-07,87.1894,52.4716,92.8106,-127.528,-1506.0,-738.0,-1400.0,-600.0
-1504.0,-738.0,-106.179,5.77291e-07,87.1697,52.9975,92.8303,-127.003,-1504.0,-738.0,-1400.0,-600.0
-1502.0,-738.0,-106.118,5.73304e-07,87.15,53.5308,92.85,-126.469,-1502.0,-738.0,-1400.0,-600.0
-1500.0,-738.0,-106.058,5.69368e-07,87.1303,54.0715,92.8697,-125.929,-1500.0,-738.0,-1400.0,-600.0
-1498.0,-738.0,-105.999,5.65483e-07,87.1106,54.6197,92.8894,-125.38,-1498.0,-738.0,-1400.0,-600.0
-1496.0,-738.0,-105.94,5.6165e-07,87.0909,55.1755,92.9091,-124.824,-1496.0,-738.0,-1400.0,-600.0
-1494.0,-738.0,-105.881,5.57871e-07,87.0711,55.7389,92.9289,-124.261,-1494.0,-738.0,-1400.0,-600.0
-1492.0,-738.0,-105.822,5.54147e-07,87.0514,56.3099,92.9486,-123.69,-1492.0,-738.0,-1400.0,-600.0
-1490.0,-738.0,-105.765,5.50478e-07,87.0318,56.8887,92.9682,-123.111,-1490.0,-738.0,-1400.0,-600.0
-1488.0,-738.0,-105.707,5.46866e-07,87.0121,57.4751,92.9879,-122.525,-1488.0,-738.0,-1400.0,-600.0
-1486.0,-738.0,-105.651,5.43312e-07,86.9926,58.0693,93.0074,-121.931,-1486.0,-738.0,-1400.0,-600.0
-1484.0,-738.0,-105.594,5.39817e-07,86.9731,58.6713,93.0269,-121.329,-1484.0,-738.0,-1400.0,-600.0
-1482.0,-738.0,-105.539,5.36382e-07,86.9537,59.2811,93.0463,-120.719,-1482.0,-738.0,-1400.0,-600.0
-1480.0,-738.0,-105.484,5.33009e-07,86.9344,59.8987,93.0656,-120.101,-1480.0,-738.0,-1400.0,-600.0
-1478.0,-738.0,-105.43,5.29698e-07,86.9152,60.5241,93.0848,-119.476,-1478.0,-738.0,-1400.0,-600.0
-1476.0,-738.0,-105.376,5.26451e-07,86.8962,61.1573,93.1038,-118.843,-1476.0,-738.0,-1400.0,-600.0
-1474.0,-738.0,-105.323,5.23269e-07,86.8773,61.7984,93.1227,-118.202,-1474.0,-738.0,-1400.0,-600.0
-1472.0,-738.0,-105.271,5.20154e-07,86.8585,62.4472,93.1415,-117.553,-1472.0,-738.0,-1400.0,-600.0
-1470.0,-738.0,-105.22,5.17105e-07,86.84,63.1038,93.16,-116.896,-1470.0,-738.0,-1400.0,-600.0
-1468.0,-738.0,-105.17,5.14125e-07,86.8217,63.7681,93.1783,-116.232,-1468.0,-738.0,-1400.0,-600.0
-1466.0,-738.0,-105.12,5.11215e-07,86.8036,64.44,93.1964,-115.56,-1466.0,-738.0,-1400.0,-600.0
-1464.0,-738.0,-105.072,5.08376e-07,86.7857,65.1196,93.2143,-114.88,-1464.0,-738.0,-1400.0,-600.0
-1462.0,-738.0,-105.025,5.05622e-07,86.7424,65.8068,93.2576,-114.193,-1462.0,-738.0,-1400.0,-600.0
-1460.0,-738.0,-104.978,5.02945e-07,86.6929,66.5014,93.3071,-113.499,-1460.0,-738.0,-1400.0,-600.0
-1458.0,-738.0,-104.933,5.00342e-07,86.6434,67.2035,93.3566,-112.797,-1458.0,-738.0,-1400.0,-600.0
-1456.0,-738.0,-104.889,4.97815e-07,86.5939,67.9128,93.4061,-112.087,-1456.0,-738.0,-1400.0,-600.0
-1454.0,-738.0,-104.846,4.95366e-07,86.5444,68.6294,93.4556,-111.371,-1454.0,-738.0,-1400.0,-600.0
-1452.0,-738.0,-104.804,4.92995e-07,86.4949,69.353,93.5051,-110.647,-1452.0,-738.0,-1400.0,-600.0
-1450.0,-738.0,-104.764,4.90704e-07,86.4456,70.0836,93.5544,-109.916,-1450.0,-738.0,-1400.0,-600.0
-1448.0,-738.0,-104.724,4.88493e-07,86.3964,70.821,93.6036,-109.179,-1448.0,-738.0,-1400.0,-600.0
-1446.0,-738.0,-104.686,4.86363e-07,86.3473,71.5651,93.6527,-108.435,-1446.0,-738.0,-1400.0,-600.0
-1444.0,-738.0,-104.65,4.84317e-07,86.2985,72.3156,93.7015,-107.684,-1444.0,-738.0,-1400.0,-600.0
-1442.0,-738.0,-104.614,4.82354e-07,86.2498,73.0725,93.7502,-106.928,-1442.0,-738.0,-1400.0,-600.0
-1440.0,-738.0,-104.58,4.80476e-07,86.2015,73.8355,93.7985,-106.164,-1440.0,-738.0,-1400.0,-600.0
-1438.0,-738.0,-104.548,4.78666e-07,86.1858,74.6045,93.8142,-105.396,-1438.0,-738.0,-1400.0,-600.0
-1436.0,-738.0,-104.516,4.76942e-07,86.1719,75.3791,93.8281,-104.621,-1436.0,-738.0,-1400.0,-600.0
-1434.0,-738.0,-111.811,4.75305e-07,86.1587,76.1783,93.8413,-103.963,-1404.61,-618.561,-1404.61,-618.561
-1432.0,-738.0,-118.763,4.73766e-07,86.1462,77.0864,93.8538,-103.963,-1404.61,-618.561,-1404.61,-618.561
-1430.0,-738.0,-121.859,1.13444e-06,88.3916,83.8989,91.6084,87.2624,-1398.06,-559.523,-1404.56,-499.952
-1428.0,-738.0,-122.289,1.13375e-06,88.3906,84.2344,91.6094,87.5979,-1398.16,-556.24,-1403.96,-499.951
-1426.0,-738.0,-123.316,1.13189e-06,88.388,85.6372,91.612,94.4801,-1407.84,-499.955,-1407.84,-499.955
-1424.0,-738.0,-123.4,1.1314e-06,88.3873,85.9743,91.6127,94.143,-1407.25,-499.955,-1407.25,-499.955
-1422.0,-738.0,-123.421,1.13095e-06,88.3866,86.3117,91.6134,93.8056,-1406.65,-499.954,-1406.65,-499.954
-1420.0,-738.0,-123.393,1.13054e-06,88.386,86.6493,91.614,93.468,-1406.06,-499.953,-1406.06,-499.953
-1418.0,-738.0,-123.328,1.13017e-06,88.3855,86.9872,91.6145,93.1301,-1405.47,-499.953,-1405.47,-499.953
-1416.0,-738.0,-123.241,1.12984e-06,88.385,87.3253,91.615,92.792,-1404.88,-499.952,-1404.88,-499.952
-1414.0,-738.0,-123.141,1.12955e-06,88.3846,87.6635,91.6154,92.4537,-1404.29,-499.952,-1404.29,-499.952
-1412.0,-738.0,-123.04,1.1293e-06,88.3843,88.002,91.6157,92.1153,-1403.7,-499.951,-1403.7,-499.951
-1410.0,-738.0,-122.944,1.12909e-06,88.384,88.3406,91.616,91.7767,-1403.1,-499.95,-1403.1,-499.95
-1408.0,-738.0,-122.858,1.12891e-06,88.3837,88.6793,91.6163,91.438,-1402.51,-499.95,-1402.51,-499.95
-1406.0,-738.0,-144.311,1.2412e-06,88.53,97.143,91.47,99.5595,-1419.44,-484.568,-1425.26,-584.337
-1404.0,-738.0,-149.25,1.24208e-06,88.531,97.876,91.469,99.5595,-1419.44,-484.568,-1425.26,-584.337
-1402.0,-738.0,-136.088,1.24709e-06,88.5369,98.4901,91.4631,82.1554,-1396.76,-576.497,-1425.32,-581.801
-1400.0,-738.0,-120.372,1.24805e-06,88.538,98.6055,91.462,81.3503,-1396.71,-578.344,-1425.63,-568.671
-1398.0,-738.0,-155.616,6.20716e-07,87.0595,100.059,92.9405,148.195,-1425.26,-584.337,-1425.26,-584.337
-1396.0,-738.0,-167.976,2.90561e-06,87.4096,-30.0476,88.6195,-28.1395,-1368.17,-617.025,-1171.65,-867.777
-1394.0,-738.0,-170.577,1.45917e-06,88.757,-156.489,91.243,-126.816,-1556.08,-808.509,-1556.08,-808.509
-1392.0,-738.0,-170.508,1.46529e-06,88.7732,-156.745,91.2268,-126.816,-1556.08,-808.509,-1556.08,-808.509
-1390.0,-738.0,-170.36,1.47142e-06,88.7893,-156.996,91.2107,-126.816,-1556.08,-808.509,-1556.08,-808.509
-1388.0,-738.0,-167.918,1.47958e-06,88.8069,-153.411,91.1931,-124.21,-1548.4,-818.284,-1548.4,-818.284
-1386.0,-738.0,-168.066,1.48555e-06,88.8225,-153.694,91.1775,-124.21,-1548.4,-818.284,-1548.4,-818.284
-1384.0,-738.0,-168.234,1.49153e-06,88.8381,-153.972,91.1619,-124.21,-1548.4,-818.284,-1548.4,-818.284
-1382.0,-738.0,-168.424,1.49753e-06,88.8535,-154.244,91.1465,-124.21,-1548.4,-818.284,-1548.4,-818.284
-1380.0,-738.0,-168.639,1.50354e-06,88.8688,-154.511,91.1312,-124.21,-1548.4,-818.284,-1548.4,-818.284
-1378.0,-738.0,-168.88,1.50956e-06,88.884,-154.773,91.116,-124.21,-1548.4,-818.284,-1548.4,-818.284
-1376.0,-738.0,-169.147,1.5156e-06,88.8991,-155.03,91.1009,-124.21,-1548.4,-818.284,-1548.4,-818.284
-1374.0,-738.0,-169.062,1.52084e-06,88.9135,-158.831,91.0865,-126.816,-1556.08,-808.509,-1556.08,-808.509
-1372.0,-738.0,-168.987,1.52706e-06,88.9285,-159.041,91.0715,-126.816,-1556.08,-808.509,-1556.08,-808.509
-1370.0,-738.0,-168.93,1.5333e-06,88.9348,-159.247,91.0652,-126.816,-1556.08,-808.509,-1556.08,-808.509
-1368.0,-738.0,-168.887,1.53954e-06,88.9391,-159.449,91.0609,-126.816,-1556.08,-808.509,-1556.08,-808.509
-1366.0,-738.0,-168.856,1.54579e-06,88.9434,-159.648,91.0566,-126.816,-1556.08,-808.509,-1556.08,-808.509
-1364.0,-738.0,-168.836,1.55205e-06,88.9476,-159.843,91.0524,-126.816,-1556.08,-808.509,-1556.08,-808.509
-1362.0,-738.0,-168.825,1.55832e-06,88.9519,-160.034,91.0481,-126.816,-1556.08,-808.509,-1556.08,-808.509
-1360.0,-738.0,-168.823,1.56459e-06,88.9561,-160.222,91.0439,-126.816,-1556.08,-808.509,-1556.08,-808.509
-1358.0,-738.0,-168.827,1.57088e-06,88.9603,-160.406,91.0397,-126.816,-1556.08,-808.509,-1556.08,-808.509
-1356.0,-738.0,-168.837,1.57717e-06,88.9644,-160.587,91.0356,-126.816,-1556.08,-808.509,-1556.08,-808.509
-1354.0,-738.0,-168.853,1.58346e-06,88.9685,-160.765,91.0315,-126.816,-1556.08,-808.509,-1556.08,-808.509
-1352.0,-738.0,-168.873,1.58977e-06,88.9726,-160.94,91.0274,-126.816,-1556.08,-808.509,-1556.08,-808.509
-1350.0,-738.0,-168.897,1.59607e-06,88.9804,-161.112,91.0196,-126.816,-1556.08,-808.509,-1556.08,-808.509
-1348.0,-738.0,-168.924,1.60239e-06,88.9945,-161.281,91.0055,-126.816,-1556.08,-808.509,-1556.08,-808.509
-1346.0,-738.0,-168.955,1.60871e-06,88.9889,-161.447,91.0111,-126.816,-1556.08,-808.509,-1556.08,-808.509
-1344.0,-738.0,-168.989,1.61505e-06,88.9829,-161.61,91.0171,-126.816,-1556.08,-808.509,-1556.08,-808.509
-1342.0,-738.0,-169.025,1.62139e-06,88.9769,-161.77,91.0231,-126.816,-1556.08,-808.509,-1556.08,-808.509
-1340.0,-738.0,-169.064,1.62773e-06,88.971,-161.928,91.029,-126.816,-1556.08,-808.509,-1556.08,-808.509
-1338.0,-738.0,-169.104,1.63408e-06,88.9651,-162.083,91.0349,-126.816,-1556.08,-808.509,-1556.08,-808.509
-1336.0,-738.0,-169.147,1.64044e-06,88.9593,-162.235,91.0407,-126.816,-1556.08,-808.509,-1556.08,-808.509
-1334.0,-738.0,-169.191,1.6468e-06,88.9535,-162.386,91.0465,-126.816,-1556.08,-808.509,-1556.08,-808.509
-1332.0,-738.0,-169.236,1.65317e-06,88.9477,-162.533,91.0523,-126.816,-1556.08,-808.509,-1556.08,-808.509
-1330.0,-738.0,-169.283,1.65954e-06,88.942,-162.678,91.058,-126.816,-1556.08,-808.509,-1556.08,-808.509
-1328.0,-738.0,-169.331,1.66592e-06,88.9364,-162.821,91.0636,-126.816,-1556.08,-808.509,-1556.08,-808.509
-1326.0,-738.0,-166.007,9.68722e-07,88.1541,38.2491,91.8459,-9.41385,-1309.77,-614.96,-1239.87,-670.101
-1324.0,-738.0,-164.768,1.09065e-06,86.5402,41.2767,83.1532,42.6212,-1389.11,-589.977,-1239.87,-664.148
-1322.0,-738.0,-164.527,1.08567e-06,86.5062,41.5092,83.122,42.8547,-1389.2,-589.979,-1239.87,-665.311
-1320.0,-738.0,-161.752,9.85331e-07,88.136,39.3876,91.864,11.6373,-1342.24,-588.104,-1239.87,-672.208
-1318.0,-738.0,-165.636,1.07576e-06,86.4375,41.9808,83.0592,43.3282,-1389.38,-589.985,-1239.87,-667.697
-1316.0,-738.0,-166.194,1.07084e-06,86.4027,42.2199,83.0276,43.5683,-1389.47,-589.988,-1239.87,-668.919
-1314.0,-738.0,-166.345,1.06593e-06,86.3677,42.4612,82.9957,43.8107,-1389.57,-589.991,-1239.87,-670.163
-1312.0,-738.0,-165.87,1.06105e-06,86.3324,42.7048,82.9637,44.0553,-1389.66,-589.993,-1239.87,-671.428
-1310.0,-738.0,-164.348,1.05618e-06,86.2969,42.9506,82.9316,44.3022,-1389.75,-589.996,-1239.87,-672.714
-1308.0,-738.0,-162.084,1.05134e-06,86.2611,43.1987,82.8992,44.5515,-1389.84,-589.999,-1239.87,-674.023
-1306.0,-738.0,-159.867,1.04651e-06,86.225,43.4491,82.8668,44.803,-1389.93,-590.002,-1239.87,-675.355
-1304.0,-738.0,-158.063,1.0417e-06,86.1887,43.7019,82.8341,45.057,-1390.02,-590.005,-1239.87,-676.711
-1302.0,-738.0,-156.702,1.03692e-06,86.1521,43.957,82.8013,45.3133,-1390.12,-590.007,-1239.87,-678.091
-1300.0,-738.0,-155.709,1.03216e-06,86.1153,44.2145,82.7683,45.5721,-1390.21,-590.01,-1239.87,-679.496
-1298.0,-738.0,-155.008,1.02741e-06,86.0782,44.4744,82.7352,45.8333,-1390.3,-590.013,-1239.87,-680.927
-1296.0,-738.0,-154.549,1.02271e-06,86.0238,44.7365,82.7017,46.0979,-1390.39,-590.016,-1239.87,-682.384
-1294.0,-738.0,-154.285,1.01803e-06,85.9669,45.0011,82.6682,46.3652,-1390.48,-590.019,-1239.87,-683.868
-1292.0,-738.0,-154.192,1.01338e-06,85.9096,45.2681,82.6344,46.6349,-1390.58,-590.021,-1239.87,-685.38
-1290.0,-738.0,-161.961,1.40215e-06,88.4727,61.5804,91.5273,-43.396,-1381.4,-617.583,-1239.86,-645.351
-1288.0,-738.0,-162.212,1.399e-06,88.4462,61.8642,91.5538,-43.396,-1381.4,-617.583,-1239.86,-647.986
-1286.0,-738.0,-162.5,1.39589e-06,88.4196,62.1494,91.5804,-43.396,-1381.4,-617.583,-1239.86,-650.684
-1284.0,-738.0,-162.832,1.3928e-06,88.3929,62.4362,91.6071,-43.396,-1381.4,-617.583,-1239.87,-653.448
-1282.0,-738.0,-132.47,1.06549e-06,87.8687,146.71,92.1313,-35.9954,-1376.1,-617.359,-1306.46,-721.936
-1280.0,-738.0,-128.736,1.07109e-06,87.8497,146.965,92.1503,-35.9954,-1376.1,-617.359,-1306.52,-720.757
-1278.0,-738.0,-124.633,1.07671e-06,87.8309,147.217,92.1691,-35.9954,-1376.1,-617.359,-1306.57,-719.602
-1276.0,-738.0,-126.782,1.08234e-06,87.8254,147.465,92.1746,-35.9954,-1376.1,-617.359,-1306.62,-718.468
-1274.0,-738.0,-130.167,1.08797e-06,87.8366,147.71,92.1634,-35.9954,-1376.1,-617.359,-1306.67,-717.357
-1272.0,-738.0,-133.086,1.09361e-06,87.8478,147.952,92.1522,-35.9954,-1376.1,-617.359,-1306.72,-716.267
-1270.0,-738.0,-135.539,1.09927e-06,87.8589,148.19,92.1411,-35.9954,-1376.1,-617.359,-1306.76,-715.198
-1268.0,-738.0,-137.661,1.10495e-06,87.8699,148.426,92.1301,-35.9954,-1376.1,-617.359,-1306.81,-714.148
-1266.0,-738.0,-139.58,1.11064e-06,87.8808,148.658,92.1192,-35.9954,-1376.1,-617.359,-1306.85,-713.119
-1264.0,-738.0,-141.38,1.11634e-06,87.8916,148.887,92.1084,-35.9954,-1376.1,-617.359,-1306.9,-712.108
-1262.0,-738.0,-143.14,1.12206e-06,87.9024,149.114,92.0976,-35.9954,-1376.1,-617.359,-1306.94,-711.116
-1260.0,-738.0,-144.923,1.12779e-06,87.913,149.337,92.087,-35.9954,-1376.1,-617.359,-1306.99,-710.142
-1258.0,-738.0,-151.69,1.13368e-06,88.5544,149.936,94.4118,-37.3423,-1377.19,-617.405,-1307.01,-709.631
-1256.0,-738.0,-159.276,1.7723e-06,87.6271,63.4499,83.7476,117.301,-1429.37,-543.1,-1239.87,-705.727
-1254.0,-738.0,-161.264,1.32352e-06,88.2218,106.977,91.7782,-43.3117,-1381.35,-617.58,-1324.76,-506.213
-1252.0,-738.0,-160.559,1.09647e-06,76.0983,40.5901,88.6358,-33.8904,-1374.27,-617.282,-1195.94,-689.968
-1250.0,-738.0,-159.031,1.09149e-06,75.7395,40.8879,88.6397,-34.1045,-1374.47,-617.29,-1195.9,-691.16
-1248.0,-738.0,-157.915,1.08655e-06,75.3569,41.1957,88.6437,-34.3201,-1374.66,-617.298,-1195.87,-692.367
-1246.0,-738.0,-157.169,1.08164e-06,74.9483,41.5146,88.6477,-34.537,-1374.85,-617.306,-1195.83,-693.589
-1244.0,-738.0,-156.7,1.07675e-06,74.5111,41.8461,88.6517,-34.7552,-1375.05,-617.315,-1195.79,-694.826
-1242.0,-738.0,-156.433,1.07191e-06,74.0421,42.1917,88.6558,-34.9747,-1375.24,-617.323,-1195.75,-696.077
-1240.0,-738.0,-156.325,1.06709e-06,73.5379,42.5535,88.66,-35.1952,-1375.43,-617.331,-1195.71,-697.342
-1238.0,-738.0,-156.355,1.06232e-06,72.9948,42.9338,88.6641,-35.4168,-1375.62,-617.339,-1195.67,-698.621
-1236.0,-738.0,-156.526,1.05758e-06,72.4083,43.3355,88.6683,-35.6393,-1375.81,-617.347,-1195.63,-699.913
-1234.0,-738.0,-160.775,1.0254e-06,87.8555,118.074,92.1445,-35.9954,-1376.1,-617.359,-1314.34,-587.375
-1232.0,-738.0,-160.508,1.02855e-06,87.8778,118.506,92.1222,-35.9954,-1376.1,-617.359,-1313.81,-587.362
-1230.0,-738.0,-158.535,8.70283e-07,83.8459,131.347,80.5684,-46.9571,-1383.5,-617.671,-1361.01,-589.117
-1228.0,-738.0,-156.626,8.74629e-07,83.9193,131.676,80.6138,-46.6232,-1383.31,-617.663,-1360.55,-589.103
-1226.0,-738.0,-155.226,8.78996e-07,83.9982,132.002,80.6592,-46.2924,-1383.12,-617.655,-1360.09,-589.089
-1224.0,-738.0,-154.23,8.83393e-07,84.0766,132.324,80.7043,-45.965,-1382.94,-617.647,-1359.63,-589.075
-1222.0,-738.0,-153.525,8.87819e-07,84.1543,132.643,80.7493,-45.6409,-1382.75,-617.639,-1359.17,-589.061
-1220.0,-738.0,-153.025,8.92273e-07,84.2315,132.959,80.7941,-45.3201,-1382.56,-617.631,-1358.7,-589.046
-1218.0,-738.0,-152.674,8.96755e-07,84.308,133.272,80.8388,-45.0027,-1382.38,-617.624,-1358.24,-589.032
-1216.0,-738.0,-152.433,9.01264e-07,84.3839,133.581,80.8833,-44.6886,-1382.19,-617.616,-1357.78,-589.018
-1214.0,-738.0,-152.278,9.05801e-07,84.4593,133.887,80.9276,-44.3776,-1382.01,-617.608,-1357.32,-589.004
-1212.0,-738.0,-152.194,9.10365e-07,84.534,134.191,80.9717,-44.0699,-1381.82,-617.6,-1356.86,-588.99
-1210.0,-738.0,-152.173,9.14955e-07,84.6081,134.491,81.0156,-43.7654,-1381.63,-617.592,-1356.4,-588.976
-1208.0,-738.0,-157.765,1.29534e-06,88.595,153.861,91.405,-35.9954,-1376.1,-617.359,-1310.5,-687.701
-1206.0,-738.0,-157.666,1.30133e-06,88.6138,154.021,91.3862,-35.9954,-1376.1,-617.359,-1310.52,-687.071
-1204.0,-738.0,-157.62,1.30732e-06,88.6325,154.18,91.3675,-35.9954,-1376.1,-617.359,-1310.54,-686.45
-1202.0,-738.0,-157.619,1.31333e-06,88.6511,154.336,91.3489,-35.9954,-1376.1,-617.359,-1310.56,-685.837
-1600.0,-736.0,-109.105,8.07645e-07,87.7405,34.2157,92.2595,-145.784,-1600.0,-736.0,-1400.0,-600.0
-1598.0,-736.0,-109.045,8.0214e-07,87.725,34.484,92.275,-145.516,-1598.0,-736.0,-1400.0,-600.0
-1596.0,-736.0,-108.985,7.96652e-07,87.7093,34.7559,92.2907,-145.244,-1596.0,-736.0,-1400.0,-600.0
-1594.0,-736.0,-108.925,7.91183e-07,87.6935,35.0316,92.3065,-144.968,-1594.0,-736.0,-1400.0,-600.0
-1592.0,-736.0,-108.865,7.85733e-07,87.6775,35.3112,92.3225,-144.689,-1592.0,-736.0,-1400.0,-600.0
-1590.0,-736.0,-108.804,7.80301e-07,87.6613,35.5947,92.3387,-144.405,-1590.0,-736.0,-1400.0,-600.0
-1588.0,-736.0,-108.744,7.74889e-07,87.6449,35.8821,92.3551,-144.118,-1588.0,-736.0,-1400.0,-600.0
-1586.0,-736.0,-108.683,7.69496e-07,87.6284,36.1736,92.3716,-143.826,-1586.0,-736.0,-1400.0,-600.0
-1584.0,-736.0,-108.622,7.64119e-07,87.6209,36.4692,92.3791,-143.531,-1584.0,-736.0,-1400.0,-600.0
-1582.0,-736.0,-108.56,7.58756e-07,87.6254,36.769,92.3746,-143.231,-1582.0,-736.0,-1400.0,-600.0
-1580.0,-736.0,-108.499,7.53413e-07,87.63,37.0731,92.37,-142.927,-1580.0,-736.0,-1400.0,-600.0
-1578.0,-736.0,-108.437,7.48092e-07,87.6347,37.3815,92.3653,-142.619,-1578.0,-736.0,-1400.0,-600.0
-1576.0,-736.0,-108.375,7.42794e-07,87.6396,37.6942,92.3604,-142.306,-1576.0,-736.0,-1400.0,-600.0
-1574.0,-736.0,-108.313,7.37517e-07,87.6446,38.0115,92.3554,-141.988,-1574.0,-736.0,-1400.0,-600.0
-1572.0,-736.0,-108.251,7.32264e-07,87.6497,38.3333,92.3503,-141.667,-1572.0,-736.0,-1400.0,-600.0
-1570.0,-736.0,-108.188,7.27034e-07,87.655,38.6598,92.345,-141.34,-1570.0,-736.0,-1400.0,-600.0
-1568.0,-736.0,-108.125,7.21827e-07,87.6605,38.991,92.3395,-141.009,-1568.0,-736.0,-1400.0,-600.0
-1566.0,-736.0,-108.063,7.16646e-07,87.6661,39.327,92.3339,-140.673,-1566.0,-736.0,-1400.0,-600.0
-1564.0,-736.0,-108.0,7.11489e-07,87.6719,39.6678,92.3281,-140.332,-1564.0,-736.0,-1400.0,-600.0
-1562.0,-736.0,-107.937,7.06355e-07,87.6831,40.0137,92.3169,-139.986,-1562.0,-736.0,-1400.0,-600.0
-1560.0,-736.0,-107.873,7.01252e-07,87.6852,40.3645,92.3148,-139.635,-1560.0,-736.0,-1400.0,-600.0
-1558.0,-736.0,-107.81,6.96185e-07,87.6683,40.7205,92.3317,-139.279,-1558.0,-736.0,-1400.0,-600.0
-1556.0,-736.0,-107.747,6.91145e-07,87.6513,41.0818,92.3487,-138.918,-1556.0,-736.0,-1400.0,-600.0
-1554.0,-736.0,-107.684,6.86133e-07,87.6341,41.4483,92.3659,-138.552,-1554.0,-736.0,-1400.0,-600.0
-1552.0,-736.0,-107.62,6.81149e-07,87.6168,41.8202,92.3832,-138.18,-1552.0,-736.0,-1400.0,-600.0
-1550.0,-736.0,-107.556,6.76195e-07,87.5993,42.1975,92.4007,-137.802,-1550.0,-736.0,-1400.0,-600.0
-1548.0,-736.0,-107.493,6.7127e-07,87.5817,42.5805,92.4183,-137.42,-1548.0,-736.0,-1400.0,-600.0
-1546.0,-736.0,-107.429,6.66376e-07,87.5639,42.9691,92.4361,-137.031,-1546.0,-736.0,-1400.0,-600.0
-1544.0,-736.0,-107.365,6.61513e-07,87.546,43.3634,92.454,-136.637,-1544.0,-736.0,-1400.0,-600.0
-1542.0,-736.0,-107.301,6.56682e-07,87.5279,43.7636,92.4721,-136.236,-1542.0,-736.0,-1400.0,-600.0
-1540.0,-736.0,-107.237,6.51883e-07,87.5097,44.1697,92.4903,-135.83,-1540.0,-736.0,-1400.0,-600.0
-1538.0,-736.0,-107.173,6.47113e-07,87.5009,44.5818,92.4991,-135.418,-1538.0,-736.0,-1400.0,-600.0
-1536.0,-736.0,-107.109,6.42386e-07,87.4728,45.0,92.5272,-135.0,-1536.0,-736.0,-1400.0,-600.0
-1534.0,-736.0,-107.046,6.3769e-07,87.4542,45.4244,92.5458,-134.576,-1534.0,-736.0,-1400.0,-600.0
-1532.0,-736.0,-106.982,6.33028e-07,87.4355,45.8551,92.5645,-134.145,-1532.0,-736.0,-1400.0,-600.0
-1530.0,-736.0,-106.918,6.28403e-07,87.4166,46.2922,92.5834,-133.708,-1530.0,-736.0,-1400.0,-600.0
-1528.0,-736.0,-106.854,6.23815e-07,87.3975,46.7357,92.6025,-133.264,-1528.0,-736.0,-1400.0,-600.0
-1526.0,-736.0,-106.79,6.19266e-07,87.3784,47.1858,92.6216,-132.814,-1526.0,-736.0,-1400.0,-600.0
-1524.0,-736.0,-106.726,6.14754e-07,87.3592,47.6425,92.6408,-132.357,-1524.0,-736.0,-1400.0,-600.0
-1522.0,-736.0,-106.663,6.10283e-07,87.3398,48.106,92.6602,-131.894,-1522.0,-736.0,-1400.0,-600.0
-1520.0,-736.0,-106.599,6.05852e-07,87.3203,48.5763,92.6797,-131.424,-1520.0,-736.0,-1400.0,-600.0
-1518.0,-736.0,-106.536,6.01462e-07,87.3007,49.0536,92.6993,-130.946,-1518.0,-736.0,-1400.0,-600.0
-1516.0,-736.0,-106.473,5.97115e-07,87.2811,49.5378,92.7189,-130.462,-1516.0,-736.0,-1400.0,-600.0
-1514.0,-736.0,-106.41,5.92811e-07,87.2613,50.0291,92.7387,-129.971,-1514.0,-736.0,-1400.0,-600.0
-1512.0,-736.0,-106.347,5.8856e-07,87.224,50.5275,92.776,-129.472,-1512.0,-736.0,-1400.0,-600.0
-1510.0,-736.0,-106.285,5.84345e-07,87.2039,51.0333,92.7961,-128.967,-1510.0,-736.0,-1400.0,-600.0
-1508.0,-736.0,-106.222,5.80177e-07,87.1838,51.5463,92.8162,-128.454,-1508.0,-736.0,-1400.0,-600.0
-1506.0,-736.0,-106.16,5.76055e-07,87.1637,52.0667,92.8363,-127.933,-1506.0,-736.0,-1400.0,-600.0
-1504.0,-736.0,-106.098,5.71982e-07,87.1434,52.5946,92.8566,-127.405,-1504.0,-736.0,-1400.0,-600.0
-1502.0,-736.0,-106.037,5.67958e-07,87.1232,53.1301,92.8768,-126.87,-1502.0,-736.0,-1400.0,-600.0
-1500.0,-736.0,-105.976,5.63984e-07,87.1029,53.6732,92.8971,-126.327,-1500.0,-736.0,-1400.0,-600.0
-1498.0,-736.0,-105.915,5.60062e-07,87.0826,54.2239,92.9174,-125.776,-1498.0,-736.0,-1400.0,-600.0
-1496.0,-736.0,-105.855,5.56192e-07,87.0623,54.7824,92.9377,-125.218,-1496.0,-736.0,-1400.0,-600.0
-1494.0,-736.0,-105.795,5.52376e-07,87.042,55.3487,92.958,-124.651,-1494.0,-736.0,-1400.0,-600.0
-1492.0,-736.0,-105.735,5.48614e-07,87.0217,55.9228,92.9783,-124.077,-1492.0,-736.0,-1400.0,-600.0
-1490.0,-736.0,-105.676,5.44908e-07,87.0014,56.5048,92.9986,-123.495,-1490.0,-736.0,-1400.0,-600.0
-1488.0,-736.0,-105.618,5.41259e-07,86.9812,57.0948,93.0188,-122.905,-1488.0,-736.0,-1400.0,-600.0
-1486.0,-736.0,-105.56,5.37667e-07,86.961,57.6927,93.039,-122.307,-1486.0,-736.0,-1400.0,-600.0
-1484.0,-736.0,-105.502,5.34136e-07,86.9409,58.2986,93.0591,-121.701,-1484.0,-736.0,-1400.0,-600.0
-1482.0,-736.0,-105.445,5.30664e-07,86.9208,58.9125,93.0792,-121.088,-1482.0,-736.0,-1400.0,-600.0
-1480.0,-736.0,-105.389,5.27254e-07,86.9009,59.5345,93.0991,-120.466,-1480.0,-736.0,-1400.0,-600.0
-1478.0,-736.0,-105.334,5.23907e-07,86.8811,60.1645,93.1189,-119.836,-1478.0,-736.0,-1400.0,-600.0
-1476.0,-736.0,-105.279,5.20624e-07,86.8614,60.8025,93.1386,-119.197,-1476.0,-736.0,-1400.0,-600.0
-1474.0,-736.0,-105.225,5.17407e-07,86.8418,61.4486,93.1582,-118.551,-1474.0,-736.0,-1400.0,-600.0
-1472.0,-736.0,-105.172,5.14255e-07,86.8225,62.1027,93.1775,-117.897,-1472.0,-736.0,-1400.0,-600.0
-1470.0,-736.0,-105.12,5.11172e-07,86.8033,62.7649,93.1967,-117.235,-1470.0,-736.0,-1400.0,-600.0
-1468.0,-736.0,-105.068,5.08157e-07,86.7843,63.4349,93.2157,-116.565,-1468.0,-736.0,-1400.0,-600.0
-1466.0,-736.0,-105.017,5.05213e-07,86.7655,64.113,93.2345,-115.887,-1466.0,-736.0,-1400.0,-600.0
-1464.0,-736.0,-104.968,5.02349e-07,86.7287,64.7989,93.2713,-115.201,-1464.0,-736.0,-1400.0,-600.0
-1462.0,-736.0,-104.92,4.99565e-07,86.6781,65.4926,93.3219,-114.507,-1462.0,-736.0,-1400.0,-600.0
-1460.0,-736.0,-104.872,4.96855e-07,86.6274,66.1941,93.3726,-113.806,-1460.0,-736.0,-1400.0,-600.0
-1458.0,-736.0,-104.826,4.9422e-07,86.5767,66.9032,93.4233,-113.097,-1458.0,-736.0,-1400.0,-600.0
-1456.0,-736.0,-104.781,4.91662e-07,86.526,67.6199,93.474,-112.38,-1456.0,-736.0,-1400.0,-600.0
-1454.0,-736.0,-104.737,4.89182e-07,86.4753,68.344,93.5247,-111.656,-1454.0,-736.0,-1400.0,-600.0
-1452.0,-736.0,-104.694,4.86781e-07,86.4247,69.0755,93.5753,-110.925,-1452.0,-736.0,-1400.0,-600.0
-1450.0,-736.0,-104.652,4.8446e-07,86.3741,69.8142,93.6259,-110.186,-1450.0,-736.0,-1400.0,-600.0
-1448.0,-736.0,-104.612,4.82221e-07,86.3237,70.56,93.6763,-109.44,-1448.0,-736.0,-1400.0,-600.0
-1446.0,-736.0,-104.573,4.80064e-07,86.2735,71.3126,93.7265,-108.687,-1446.0,-736.0,-1400.0,-600.0
-1444.0,-736.0,-104.535,4.77991e-07,86.2235,72.0721,93.7765,-107.928,-1444.0,-736.0,-1400.0,-600.0
-1442.0,-736.0,-104.499,4.76002e-07,86.1737,72.8381,93.8263,-107.162,-1442.0,-736.0,-1400.0,-600.0
-1440.0,-736.0,-104.464,4.74085e-07,86.1488,73.6105,93.8512,-106.39,-1440.0,-736.0,-1400.0,-600.0
-1438.0,-736.0,-104.43,4.7225e-07,86.1339,74.389,93.8661,-105.611,-1438.0,-736.0,-1400.0,-600.0
-1436.0,-736.0,-104.398,4.70502e-07,86.1195,75.1735,93.8805,-104.826,-1436.0,-736.0,-1400.0,-600.0
-1434.0,-736.0,-104.367,4.68843e-07,86.1057,75.9638,93.8943,-104.036,-1434.0,-736.0,-1400.0,-600.0
-1432.0,-736.0,-117.18,4.67279e-07,86.0927,76.8741,93.9073,-103.963,-1404.61,-618.561,-1404.61,-618.561
-1430.0,-736.0,-121.755,1.1278e-06,88.3821,83.8629,91.6179,87.2264,-1398.05,-559.847,-1404.62,-499.952
-1428.0,-736.0,-122.192,1.12711e-06,88.3811,84.2003,91.6189,87.5638,-1398.15,-556.598,-1404.02,-499.951
-1426.0,-736.0,-123.254,1.12524e-06,88.3784,85.6113,91.6216,94.506,-1407.88,-499.955,-1407.88,-499.955
-1424.0,-736.0,-123.344,1.12475e-06,88.3777,85.9504,91.6223,94.1669,-1407.29,-499.955,-1407.29,-499.955
-1422.0,-736.0,-123.37,1.1243e-06,88.3771,86.2898,91.6229,93.8275,-1406.69,-499.954,-1406.69,-499.954
-1420.0,-736.0,-123.345,1.12388e-06,88.3765,86.6294,91.6235,93.4879,-1406.1,-499.953,-1406.1,-499.953
-1418.0,-736.0,-123.282,1.12351e-06,88.3759,86.9693,91.6241,93.148,-1405.5,-499.953,-1405.5,-499.953
-1416.0,-736.0,-123.195,1.12318e-06,88.3755,87.3094,91.6245,92.8079,-1404.91,-499.952,-1404.91,-499.952
-1414.0,-736.0,-123.096,1.12289e-06,88.375,87.6497,91.625,92.4676,-1404.31,-499.952,-1404.31,-499.952
-1412.0,-736.0,-122.994,1.12263e-06,88.3747,87.9901,91.6253,92.1272,-1403.72,-499.951,-1403.72,-499.951
-1410.0,-736.0,-122.897,1.12242e-06,88.3744,88.3307,91.6256,91.7866,-1403.12,-499.95,-1403.12,-499.95
-1408.0,-736.0,-122.811,1.12224e-06,88.3741,88.6714,91.6259,91.4459,-1402.53,-499.95,-1402.53,-499.95
-1406.0,-736.0,-144.99,1.23458e-06,88.5221,97.2362,91.4779,99.5595,-1419.44,-484.568,-1425.26,-584.337
-1404.0,-736.0,-149.714,1.23547e-06,88.5231,97.9786,91.4769,99.5595,-1419.44,-484.568,-1425.26,-584.337
-1402.0,-736.0,-136.592,1.24049e-06,88.5291,98.5528,91.4709,82.1554,-1396.76,-576.497,-1425.34,-580.808
-1400.0,-736.0,-136.443,1.24148e-06,88.5303,98.7334,91.4697,82.4644,-1396.79,-575.704,-1425.61,-569.283
-1398.0,-736.0,-155.449,6.14155e-07,87.0281,100.188,92.9719,148.195,-1425.26,-584.337,-1425.26,-584.337
-1396.0,-736.0,-170.216,1.45579e-06,88.7467,-155.631,91.2533,-126.816,-1556.08,-808.509,-1556.08,-808.509
-1394.0,-736.0,-170.496,1.46187e-06,88.7593,-155.898,91.2407,-126.816,-1556.08,-808.509,-1556.08,-808.509
-1392.0,-736.0,-170.679,1.46796e-06,88.7754,-156.159,91.2246,-126.816,-1556.08,-808.509,-1556.08,-808.509
-1390.0,-736.0,-170.748,1.47406e-06,88.7914,-156.414,91.2086,-126.816,-1556.08,-808.509,-1556.08,-808.509
-1388.0,-736.0,-167.831,1.4826e-06,88.8093,-152.843,91.1907,-124.21,-1548.4,-818.284,-1548.4,-818.284
-1386.0,-736.0,-167.942,1.48854e-06,88.8249,-153.13,91.1751,-124.21,-1548.4,-818.284,-1548.4,-818.284
-1384.0,-736.0,-168.07,1.49449e-06,88.8404,-153.412,91.1596,-124.21,-1548.4,-818.284,-1548.4,-818.284
-1382.0,-736.0,-168.214,1.50046e-06,88.8557,-153.688,91.1443,-124.21,-1548.4,-818.284,-1548.4,-818.284
-1380.0,-736.0,-168.378,1.50644e-06,88.871,-153.959,91.129,-124.21,-1548.4,-818.284,-1548.4,-818.284
-1378.0,-736.0,-168.563,1.51244e-06,88.8862,-154.225,91.1138,-124.21,-1548.4,-818.284,-1548.4,-818.284
-1376.0,-736.0,-168.771,1.51845e-06,88.9012,-154.486,91.0988,-124.21,-1548.4,-818.284,-1548.4,-818.284
-1374.0,-736.0,-169.003,1.52447e-06,88.9161,-154.742,91.0839,-124.21,-1548.4,-818.284,-1548.4,-818.284
-1372.0,-736.0,-169.26,1.5305e-06,88.9309,-154.993,91.0691,-124.21,-1548.4,-818.284,-1548.4,-818.284
-1370.0,-736.0,-169.286,1.53569e-06,88.9364,-158.711,91.0636,-126.816,-1556.08,-808.509,-1556.08,-808.509
-1368.0,-736.0,-169.204,1.54191e-06,88.9407,-158.917,91.0593,-126.816,-1556.08,-808.509,-1556.08,-808.509
-1366.0,-736.0,-169.138,1.54814e-06,88.945,-159.12,91.055,-126.816,-1556.08,-808.509,-1556.08,-808.509
-1364.0,-736.0,-169.088,1.55438e-06,88.9492,-159.319,91.0508,-126.816,-1556.08,-808.509,-1556.08,-808.509
-1362.0,-736.0,-169.051,1.56063e-06,88.9534,-159.514,91.0466,-126.816,-1556.08,-808.509,-1556.08,-808.509
-1360.0,-736.0,-169.024,1.56688e-06,88.9576,-159.706,91.0424,-126.816,-1556.08,-808.509,-1556.08,-808.509
-1358.0,-736.0,-169.008,1.57314e-06,88.9618,-159.894,91.0382,-126.816,-1556.08,-808.509,-1556.08,-808.509
-1356.0,-736.0,-169.0,1.57941e-06,88.9659,-160.079,91.0341,-126.816,-1556.08,-808.509,-1556.08,-808.509
-1354.0,-736.0,-168.999,1.58569e-06,88.97,-160.261,91.03,-126.816,-1556.08,-808.509,-1556.08,-808.509
-1352.0,-736.0,-169.005,1.59197e-06,88.974,-160.44,91.026,-126.816,-1556.08,-808.509,-1556.08,-808.509
-1350.0,-736.0,-169.016,1.59826e-06,88.9781,-160.615,91.0219,-126.816,-1556.08,-808.509,-1556.08,-808.509
-1348.0,-736.0,-169.032,1.60456e-06,88.9881,-160.788,91.0119,-126.816,-1556.08,-808.509,-1556.08,-808.509
-1346.0,-736.0,-169.053,1.61087e-06,88.9826,-160.958,91.0174,-126.816,-1556.08,-808.509,-1556.08,-808.509
-1344.0,-736.0,-169.077,1.61718e-06,88.9766,-161.125,91.0234,-126.816,-1556.08,-808.509,-1556.08,-808.509
-1342.0,-736.0,-169.104,1.6235e-06,88.9706,-161.289,91.0294,-126.816,-1556.08,-808.509,-1556.08,-808.509
-1340.0,-736.0,-169.135,1.62983e-06,88.9647,-161.45,91.0353,-126.816,-1556.08,-808.509,-1556.08,-808.509
-1338.0,-736.0,-169.168,1.63617e-06,88.9588,-161.608,91.0412,-126.816,-1556.08,-808.509,-1556.08,-808.509
-1336.0,-736.0,-169.203,1.6425e-06,88.953,-161.765,91.047,-126.816,-1556.08,-808.509,-1556.08,-808.509
-1334.0,-736.0,-169.241,1.64885e-06,88.9473,-161.918,91.0527,-126.816,-1556.08,-808.509,-1556.08,-808.509
-1332.0,-736.0,-169.28,1.6552e-06,88.9416,-162.069,91.0584,-126.816,-1556.08,-808.509,-1556.08,-808.509
-1330.0,-736.0,-169.322,1.66156e-06,88.9359,-162.218,91.0641,-126.816,-1556.08,-808.509,-1556.08,-808.509
-1328.0,-736.0,-169.364,1.66792e-06,88.9303,-162.364,91.0697,-126.816,-1556.08,-808.509,-1556.08,-808.509
-1326.0,-736.0,-169.409,1.67428e-06,88.9247,-162.508,91.0753,-126.816,-1556.08,-808.509,-1556.08,-808.509
-1324.0,-736.0,-169.454,1.68066e-06,88.9192,-162.649,91.0808,-126.816,-1556.08,-808.509,-1556.08,-808.509
-1322.0,-736.0,-166.397,9.5415e-07,88.079,38.5161,91.921,-9.41385,-1309.77,-614.96,-1239.87,-670.632
-1320.0,-736.0,-159.457,9.81122e-07,88.1154,39.0105,91.8846,11.6373,-1342.24,-588.104,-1239.87,-671.086
-1318.0,-736.0,-161.194,9.7596e-07,88.0889,39.3196,91.9111,11.6373,-1342.24,-588.104,-1239.87,-672.005
-1316.0,-736.0,-165.552,1.06639e-06,86.3665,41.9532,83.0622,43.3056,-1389.37,-589.985,-1239.87,-667.563
-1314.0,-736.0,-166.137,1.06146e-06,86.3311,42.1943,83.0303,43.5477,-1389.47,-589.988,-1239.87,-668.795
-1312.0,-736.0,-166.325,1.05656e-06,86.2954,42.4376,82.9982,43.7921,-1389.56,-589.99,-1239.87,-670.048
-1310.0,-736.0,-165.905,1.05167e-06,86.2594,42.6832,82.9659,44.0389,-1389.65,-589.993,-1239.87,-671.322
-1308.0,-736.0,-164.436,1.0468e-06,86.2232,42.9312,82.9334,44.2879,-1389.74,-589.996,-1239.87,-672.619
-1306.0,-736.0,-162.169,1.04196e-06,86.1866,43.1814,82.9008,44.5394,-1389.84,-589.999,-1239.87,-673.939
-1304.0,-736.0,-159.917,1.03713e-06,86.1499,43.4341,82.868,44.7932,-1389.93,-590.002,-1239.87,-675.282
-1302.0,-736.0,-158.08,1.03232e-06,86.1128,43.6891,82.8351,45.0494,-1390.02,-590.005,-1239.87,-676.649
-1300.0,-736.0,-156.694,1.02754e-06,86.0755,43.9465,82.8019,45.3081,-1390.11,-590.007,-1239.87,-678.041
-1298.0,-736.0,-155.693,1.02279e-06,86.0253,44.2061,82.7686,45.57,-1390.21,-590.01,-1239.87,-679.459
-1296.0,-736.0,-154.995,1.01807e-06,85.9682,44.4682,82.735,45.8347,-1390.3,-590.013,-1239.87,-680.902
-1294.0,-736.0,-154.534,1.01337e-06,85.9107,44.7327,82.7012,46.1019,-1390.39,-590.016,-1239.87,-682.373
-1292.0,-736.0,-154.268,1.00869e-06,85.8527,44.9997,82.6673,46.3717,-1390.49,-590.019,-1239.87,-683.871
-1290.0,-736.0,-154.177,1.00403e-06,85.7942,45.2692,82.6333,46.6441,-1390.58,-590.022,-1239.87,-685.397
-1288.0,-736.0,-162.021,1.39314e-06,88.4219,61.7112,91.5781,-43.396,-1381.4,-617.583,-1239.86,-646.56
-1286.0,-736.0,-134.035,1.05066e-06,87.8765,146.585,92.1235,-35.9954,-1376.1,-617.359,-1306.44,-722.516
-1284.0,-736.0,-130.426,1.05625e-06,87.8572,146.846,92.1428,-35.9954,-1376.1,-617.359,-1306.49,-721.308
-1282.0,-736.0,-126.398,1.06186e-06,87.8381,147.103,92.1619,-35.9954,-1376.1,-617.359,-1306.54,-720.123
-1280.0,-736.0,-125.065,1.06749e-06,87.8192,147.357,92.1808,-35.9954,-1376.1,-617.359,-1306.6,-718.963
-1278.0,-736.0,-128.712,1.07314e-06,87.8006,147.607,92.1994,-35.9954,-1376.1,-617.359,-1306.65,-717.825
-1276.0,-736.0,-131.869,1.07879e-06,87.7953,147.854,92.2047,-35.9954,-1376.1,-617.359,-1306.7,-716.71
-1274.0,-736.0,-134.529,1.08444e-06,87.8068,148.097,92.1932,-35.9954,-1376.1,-617.359,-1306.74,-715.616
-1272.0,-736.0,-136.766,1.09011e-06,87.8182,148.337,92.1818,-35.9954,-1376.1,-617.359,-1306.79,-714.543
-1270.0,-736.0,-138.782,1.09579e-06,87.8295,148.574,92.1705,-35.9954,-1376.1,-617.359,-1306.84,-713.491
-1268.0,-736.0,-140.641,1.10149e-06,87.8407,148.808,92.1593,-35.9954,-1376.1,-617.359,-1306.88,-712.458
-1266.0,-736.0,-142.432,1.1072e-06,87.8519,149.038,92.1481,-35.9954,-1376.1,-617.359,-1306.93,-711.445
-1264.0,-736.0,-144.226,1.11293e-06,87.8629,149.266,92.1371,-35.9954,-1376.1,-617.359,-1306.97,-710.45
-1262.0,-736.0,-146.084,1.11867e-06,87.8739,149.491,92.1261,-35.9954,-1376.1,-617.359,-1307.02,-709.473
-1260.0,-736.0,-152.097,1.12457e-06,88.5104,150.06,94.4,-37.2197,-1377.09,-617.401,-1307.04,-708.906
-1258.0,-736.0,-158.144,1.76935e-06,87.61,63.1597,83.6842,117.586,-1429.35,-543.822,-1239.87,-700.177
-1256.0,-736.0,-158.853,1.76635e-06,87.6032,63.3532,83.7262,117.397,-1429.36,-543.346,-1239.87,-703.862
-1254.0,-736.0,-161.196,1.31716e-06,88.1944,107.085,91.8056,-43.3117,-1381.35,-617.58,-1324.62,-506.21
-1252.0,-736.0,-161.154,1.31913e-06,88.2043,107.436,91.7957,-43.3117,-1381.35,-617.58,-1324.17,-506.201
-1250.0,-736.0,-159.951,1.08738e-06,75.5768,40.6309,88.6346,-33.8284,-1374.22,-617.28,-1195.95,-689.624
-1248.0,-736.0,-158.563,1.08242e-06,75.1888,40.9396,88.6386,-34.0433,-1374.41,-617.288,-1195.91,-690.819
-1246.0,-736.0,-157.607,1.07749e-06,74.7745,41.2596,88.6425,-34.2597,-1374.61,-617.296,-1195.88,-692.028
-1244.0,-736.0,-156.988,1.07259e-06,74.331,41.5924,88.6466,-34.4773,-1374.8,-617.304,-1195.84,-693.252
-1242.0,-736.0,-156.613,1.06773e-06,73.8555,41.9396,88.6506,-34.6961,-1374.99,-617.312,-1195.8,-694.49
-1240.0,-736.0,-156.42,1.0629e-06,73.3444,42.3032,88.6547,-34.9161,-1375.19,-617.32,-1195.76,-695.742
-1238.0,-736.0,-156.378,1.05811e-06,72.7938,42.6856,88.6589,-35.1371,-1375.38,-617.329,-1195.72,-697.007
-1236.0,-736.0,-156.48,1.05336e-06,72.1992,43.0897,88.663,-35.3589,-1375.57,-617.337,-1195.68,-698.286
-1234.0,-736.0,-156.749,1.04866e-06,71.5556,43.5192,88.6672,-35.5815,-1375.76,-617.344,-1195.64,-699.576
-1232.0,-736.0,-158.828,8.60998e-07,83.6972,131.31,80.5616,-47.0073,-1383.52,-617.672,-1361.08,-589.119
-1230.0,-736.0,-156.839,8.65361e-07,83.7542,131.643,80.6073,-46.6708,-1383.34,-617.664,-1360.62,-589.105
-1228.0,-736.0,-155.365,8.6973e-07,83.8288,131.973,80.6531,-46.3366,-1383.15,-617.656,-1360.15,-589.091
-1226.0,-736.0,-154.314,8.74122e-07,83.909,132.299,80.6987,-46.0053,-1382.96,-617.648,-1359.68,-589.076
-1224.0,-736.0,-153.573,8.78542e-07,83.9885,132.621,80.7442,-45.6775,-1382.77,-617.64,-1359.22,-589.062
-1222.0,-736.0,-153.049,8.82992e-07,84.0675,132.941,80.7895,-45.3531,-1382.58,-617.632,-1358.75,-589.048
-1220.0,-736.0,-152.682,8.87469e-07,84.1458,133.257,80.8346,-45.0321,-1382.4,-617.624,-1358.28,-589.034
-1218.0,-736.0,-152.43,8.91975e-07,84.2235,133.569,80.8796,-44.7145,-1382.21,-617.616,-1357.82,-589.019
-1216.0,-736.0,-152.268,8.96508e-07,84.3006,133.879,80.9244,-44.4001,-1382.02,-617.608,-1357.35,-589.005
-1214.0,-736.0,-152.179,9.01068e-07,84.377,134.185,80.9689,-44.089,-1381.83,-617.6,-1356.89,-588.991
-1212.0,-736.0,-152.155,9.05655e-07,84.4529,134.488,81.0133,-43.7812,-1381.64,-617.593,-1356.42,-588.977
-1210.0,-736.0,-157.552,1.28644e-06,88.5445,154.03,91.4555,-35.9954,-1376.1,-617.359,-1310.52,-687.038
-1208.0,-736.0,-157.507,1.29243e-06,88.5762,154.19,91.4238,-35.9954,-1376.1,-617.359,-1310.54,-686.408
-1206.0,-736.0,-157.508,1.29843e-06,88.6012,154.349,91.3988,-35.9954,-1376.1,-617.359,-1310.56,-685.787
-1204.0,-736.0,-157.547,1.30444e-06,88.62,154.505,91.38,-35.9954,-1376.1,-617.359,-1310.58,-685.175
-1202.0,-736.0,-159.946,1.31455e-06,88.6429,155.94,91.3571,-43.396,-1381.4,-617.583,-1310.5,-687.555
-1600.0,-734.0,-109.064,8.03913e-07,87.7324,33.8221,92.2676,-146.178,-1600.0,-734.0,-1400.0,-600.0
-1598.0,-734.0,-109.004,7.98382e-07,87.7167,34.0889,92.2833,-145.911,-1598.0,-734.0,-1400.0,-600.0
-1596.0,-734.0,-108.944,7.92869e-07,87.7008,34.3594,92.2992,-145.641,-1596.0,-734.0,-1400.0,-600.0
-1594.0,-734.0,-108.883,7.87373e-07,87.6848,34.6337,92.3152,-145.366,-1594.0,-734.0,-1400.0,-600.0
-1592.0,-734.0,-108.822,7.81896e-07,87.6685,34.9118,92.3315,-145.088,-1592.0,-734.0,-1400.0,-600.0
-1590.0,-734.0,-108.761,7.76437e-07,87.6522,35.1939,92.3478,-144.806,-1590.0,-734.0,-1400.0,-600.0
-1588.0,-734.0,-108.7,7.70998e-07,87.6356,35.48,92.3644,-144.52,-1588.0,-734.0,-1400.0,-600.0
-1586.0,-734.0,-108.638,7.65578e-07,87.6188,35.7701,92.3812,-144.23,-1586.0,-734.0,-1400.0,-600.0
-1584.0,-734.0,-108.577,7.60176e-07,87.606,36.0644,92.394,-143.936,-1584.0,-734.0,-1400.0,-600.0
-1582.0,-734.0,-108.515,7.54785e-07,87.6103,36.3629,92.3897,-143.637,-1582.0,-734.0,-1400.0,-600.0
-1580.0,-734.0,-108.452,7.49414e-07,87.6147,36.6656,92.3853,-143.334,-1580.0,-734.0,-1400.0,-600.0
-1578.0,-734.0,-108.39,7.44065e-07,87.6193,36.9728,92.3807,-143.027,-1578.0,-734.0,-1400.0,-600.0
-1576.0,-734.0,-108.327,7.38737e-07,87.6239,37.2843,92.3761,-142.716,-1576.0,-734.0,-1400.0,-600.0
-1574.0,-734.0,-108.264,7.33431e-07,87.6288,37.6004,92.3712,-142.4,-1574.0,-734.0,-1400.0,-600.0
-1572.0,-734.0,-108.201,7.28148e-07,87.6337,37.9211,92.3663,-142.079,-1572.0,-734.0,-1400.0,-600.0
-1570.0,-734.0,-108.138,7.22888e-07,87.6388,38.2464,92.3612,-141.754,-1570.0,-734.0,-1400.0,-600.0
-1568.0,-734.0,-108.075,7.17652e-07,87.6441,38.5765,92.3559,-141.423,-1568.0,-734.0,-1400.0,-600.0
-1566.0,-734.0,-108.011,7.1244e-07,87.6495,38.9115,92.3505,-141.089,-1566.0,-734.0,-1400.0,-600.0
-1564.0,-734.0,-107.948,7.07252e-07,87.6551,39.2513,92.3449,-140.749,-1564.0,-734.0,-1400.0,-600.0
-1562.0,-734.0,-107.884,7.0209e-07,87.6609,39.5962,92.3391,-140.404,-1562.0,-734.0,-1400.0,-600.0
-1560.0,-734.0,-107.82,6.96961e-07,87.6531,39.9462,92.3469,-140.054,-1560.0,-734.0,-1400.0,-600.0
-1558.0,-734.0,-107.756,6.91862e-07,87.6358,40.3013,92.3642,-139.699,-1558.0,-734.0,-1400.0,-600.0
-1556.0,-734.0,-107.692,6.8679e-07,87.6184,40.6617,92.3816,-139.338,-1556.0,-734.0,-1400.0,-600.0
-1554.0,-734.0,-107.628,6.81746e-07,87.6007,41.0275,92.3993,-138.972,-1554.0,-734.0,-1400.0,-600.0
-1552.0,-734.0,-107.563,6.76731e-07,87.5829,41.3987,92.4171,-138.601,-1552.0,-734.0,-1400.0,-600.0
-1550.0,-734.0,-107.499,6.71744e-07,87.565,41.7755,92.435,-138.225,-1550.0,-734.0,-1400.0,-600.0
-1548.0,-734.0,-107.434,6.66786e-07,87.5468,42.1579,92.4532,-137.842,-1548.0,-734.0,-1400.0,-600.0
-1546.0,-734.0,-107.37,6.61859e-07,87.5286,42.546,92.4714,-137.454,-1546.0,-734.0,-1400.0,-600.0
-1544.0,-734.0,-107.305,6.56962e-07,87.5101,42.9399,92.4899,-137.06,-1544.0,-734.0,-1400.0,-600.0
-1542.0,-734.0,-107.24,6.52098e-07,87.4915,43.3397,92.5085,-136.66,-1542.0,-734.0,-1400.0,-600.0
-1540.0,-734.0,-107.175,6.47265e-07,87.4728,43.7455,92.5272,-136.254,-1540.0,-734.0,-1400.0,-600.0
-1538.0,-734.0,-107.111,6.42465e-07,87.4539,44.1575,92.5461,-135.843,-1538.0,-734.0,-1400.0,-600.0
-1536.0,-734.0,-107.046,6.37698e-07,87.438,44.5756,92.562,-135.424,-1536.0,-734.0,-1400.0,-600.0
-1534.0,-734.0,-106.981,6.32966e-07,87.4189,45.0,92.5811,-135.0,-1534.0,-734.0,-1400.0,-600.0
-1532.0,-734.0,-106.916,6.2827e-07,87.3996,45.4308,92.6004,-134.569,-1532.0,-734.0,-1400.0,-600.0
-1530.0,-734.0,-106.851,6.2361e-07,87.3801,45.8681,92.6199,-134.132,-1530.0,-734.0,-1400.0,-600.0
-1528.0,-734.0,-106.786,6.18986e-07,87.3605,46.3119,92.6395,-133.688,-1528.0,-734.0,-1400.0,-600.0
-1526.0,-734.0,-106.721,6.144e-07,87.3408,46.7624,92.6592,-133.238,-1526.0,-734.0,-1400.0,-600.0
-1524.0,-734.0,-106.657,6.09853e-07,87.321,47.2197,92.679,-132.78,-1524.0,-734.0,-1400.0,-600.0
-1522.0,-734.0,-106.592,6.05346e-07,87.301,47.6838,92.699,-132.316,-1522.0,-734.0,-1400.0,-600.0
-1520.0,-734.0,-106.528,6.00878e-07,87.2809,48.1548,92.7191,-131.845,-1520.0,-734.0,-1400.0,-600.0
-1518.0,-734.0,-106.463,5.96452e-07,87.2607,48.633,92.7393,-131.367,-1518.0,-734.0,-1400.0,-600.0
-1516.0,-734.0,-106.399,5.92068e-07,87.2404,49.1182,92.7596,-130.882,-1516.0,-734.0,-1400.0,-600.0
-1514.0,-734.0,-106.335,5.87727e-07,87.22,49.6106,92.78,-130.389,-1514.0,-734.0,-1400.0,-600.0
-1512.0,-734.0,-106.271,5.8343e-07,87.1995,50.1104,92.8005,-129.89,-1512.0,-734.0,-1400.0,-600.0
-1510.0,-734.0,-106.207,5.79178e-07,87.179,50.6176,92.821,-129.382,-1510.0,-734.0,-1400.0,-600.0
-1508.0,-734.0,-106.144,5.74972e-07,87.1583,51.1322,92.8417,-128.868,-1508.0,-734.0,-1400.0,-600.0
-1506.0,-734.0,-106.081,5.70813e-07,87.1376,51.6544,92.8624,-128.346,-1506.0,-734.0,-1400.0,-600.0
-1504.0,-734.0,-106.018,5.66702e-07,87.1168,52.1843,92.8832,-127.816,-1504.0,-734.0,-1400.0,-600.0
-1502.0,-734.0,-105.955,5.6264e-07,87.096,52.7218,92.904,-127.278,-1502.0,-734.0,-1400.0,-600.0
-1500.0,-734.0,-105.893,5.58629e-07,87.0751,53.2672,92.9249,-126.733,-1500.0,-734.0,-1400.0,-600.0
-1498.0,-734.0,-105.831,5.54669e-07,87.0542,53.8204,92.9458,-126.18,-1498.0,-734.0,-1400.0,-600.0
-1496.0,-734.0,-105.769,5.50761e-07,87.0333,54.3815,92.9667,-125.618,-1496.0,-734.0,-1400.0,-600.0
-1494.0,-734.0,-105.708,5.46906e-07,87.0124,54.9506,92.9876,-125.049,-1494.0,-734.0,-1400.0,-600.0
-1492.0,-734.0,-105.647,5.43107e-07,86.9914,55.5278,93.0086,-124.472,-1492.0,-734.0,-1400.0,-600.0
-1490.0,-734.0,-105.587,5.39361e-07,86.9744,56.113,93.0256,-123.887,-1490.0,-734.0,-1400.0,-600.0
-1488.0,-734.0,-105.527,5.35674e-07,86.9535,56.7064,93.0465,-123.294,-1488.0,-734.0,-1400.0,-600.0
-1486.0,-734.0,-105.468,5.32045e-07,86.9327,57.308,93.0673,-122.692,-1486.0,-734.0,-1400.0,-600.0
-1484.0,-734.0,-105.409,5.28476e-07,86.912,57.9178,93.088,-122.082,-1484.0,-734.0,-1400.0,-600.0
-1482.0,-734.0,-105.351,5.24967e-07,86.8914,58.5359,93.1086,-121.464,-1482.0,-734.0,-1400.0,-600.0
-1480.0,-734.0,-105.294,5.2152e-07,86.8708,59.1622,93.1292,-120.838,-1480.0,-734.0,-1400.0,-600.0
-1478.0,-734.0,-105.237,5.18136e-07,86.8503,59.7968,93.1497,-120.203,-1478.0,-734.0,-1400.0,-600.0
-1476.0,-734.0,-105.181,5.14816e-07,86.83,60.4396,93.17,-119.56,-1476.0,-734.0,-1400.0,-600.0
-1474.0,-734.0,-105.126,5.11562e-07,86.8098,61.0908,93.1902,-118.909,-1474.0,-734.0,-1400.0,-600.0
-1472.0,-734.0,-105.072,5.08374e-07,86.7898,61.7503,93.2102,-118.25,-1472.0,-734.0,-1400.0,-600.0
-1470.0,-734.0,-105.018,5.05255e-07,86.77,62.418,93.23,-117.582,-1470.0,-734.0,-1400.0,-600.0
-1468.0,-734.0,-104.965,5.02205e-07,86.7503,63.0939,93.2497,-116.906,-1468.0,-734.0,-1400.0,-600.0
-1466.0,-734.0,-104.914,4.99228e-07,86.7243,63.778,93.2757,-116.222,-1466.0,-734.0,-1400.0,-600.0
-1464.0,-734.0,-104.863,4.96337e-07,86.6726,64.4703,93.3274,-115.53,-1464.0,-734.0,-1400.0,-600.0
-1462.0,-734.0,-104.814,4.93519e-07,86.6209,65.1707,93.3791,-114.829,-1462.0,-734.0,-1400.0,-600.0
-1460.0,-734.0,-104.765,4.90776e-07,86.569,65.879,93.431,-114.121,-1460.0,-734.0,-1400.0,-600.0
-1458.0,-734.0,-104.718,4.88108e-07,86.5171,66.5953,93.4829,-113.405,-1458.0,-734.0,-1400.0,-600.0
-1456.0,-734.0,-104.671,4.85518e-07,86.4652,67.3194,93.5348,-112.681,-1456.0,-734.0,-1400.0,-600.0
-1454.0,-734.0,-104.626,4.83007e-07,86.4133,68.0513,93.5867,-111.949,-1454.0,-734.0,-1400.0,-600.0
-1452.0,-734.0,-104.582,4.80575e-07,86.3615,68.7908,93.6385,-111.209,-1452.0,-734.0,-1400.0,-600.0
-1450.0,-734.0,-104.539,4.78224e-07,86.3098,69.5377,93.6902,-110.462,-1450.0,-734.0,-1400.0,-600.0
-1448.0,-734.0,-104.498,4.75955e-07,86.2582,70.292,93.7418,-109.708,-1448.0,-734.0,-1400.0,-600.0
-1446.0,-734.0,-104.458,4.7377e-07,86.2068,71.0535,93.7932,-108.947,-1446.0,-734.0,-1400.0,-600.0
-1444.0,-734.0,-104.419,4.71669e-07,86.1556,71.822,93.8444,-108.178,-1444.0,-734.0,-1400.0,-600.0
-1442.0,-734.0,-104.382,4.69647e-07,86.117,72.5973,93.883,-107.403,-1442.0,-734.0,-1400.0,-600.0
-1440.0,-734.0,-104.346,4.67699e-07,86.1008,73.3792,93.8992,-106.621,-1440.0,-734.0,-1400.0,-600.0
-1438.0,-734.0,-104.311,4.65838e-07,86.0852,74.1676,93.9148,-105.832,-1438.0,-734.0,-1400.0,-600.0
-1436.0,-734.0,-104.278,4.64066e-07,86.0702,74.9622,93.9298,-105.038,-1436.0,-734.0,-1400.0,-600.0
-1434.0,-734.0,-104.246,4.62384e-07,86.0559,75.7627,93.9441,-104.237,-1434.0,-734.0,-1400.0,-600.0
-1432.0,-734.0,-115.456,4.60795e-07,86.0423,76.6547,93.9577,-103.963,-1404.61,-618.561,-1404.61,-618.561
-1430.0,-734.0,-121.469,4.59312e-07,86.0295,77.5981,93.9705,-103.963,-1404.61,-618.561,-1404.61,-618.561
-1428.0,-734.0,-122.095,1.12047e-06,88.3735,84.1658,91.6265,87.5293,-1398.14,-556.954,-1404.09,-499.951
-1426.0,-734.0,-123.191,1.11859e-06,88.3707,85.5851,91.6293,94.5322,-1407.93,-499.955,-1407.93,-499.955
-1424.0,-734.0,-123.287,1.11809e-06,88.37,85.9262,91.63,94.1911,-1407.33,-499.955,-1407.33,-499.955
-1422.0,-734.0,-123.318,1.11764e-06,88.3693,86.2676,91.6307,93.8497,-1406.73,-499.954,-1406.73,-499.954
-1420.0,-734.0,-123.296,1.11722e-06,88.3687,86.6093,91.6313,93.508,-1406.13,-499.953,-1406.13,-499.953
-1418.0,-734.0,-123.235,1.11685e-06,88.3682,86.9512,91.6318,93.1661,-1405.53,-499.953,-1405.53,-499.953
-1416.0,-734.0,-123.149,1.11651e-06,88.3677,87.2933,91.6323,92.824,-1404.94,-499.952,-1404.94,-499.952
-1414.0,-734.0,-123.05,1.11622e-06,88.3673,87.6356,91.6327,92.4817,-1404.34,-499.952,-1404.34,-499.952
-1412.0,-734.0,-122.947,1.11596e-06,88.3669,87.9781,91.6331,92.1392,-1403.74,-499.951,-1403.74,-499.951
-1410.0,-734.0,-122.85,1.11575e-06,88.3666,88.3207,91.6334,91.7966,-1403.14,-499.95,-1403.14,-499.95
-1408.0,-734.0,-122.763,1.11557e-06,88.3663,88.6634,91.6337,91.4538,-1402.54,-499.95,-1402.54,-499.95
-1406.0,-734.0,-145.638,1.22797e-06,88.5159,97.3319,91.4841,99.5595,-1419.44,-484.568,-1425.26,-584.337
-1404.0,-734.0,-150.168,1.22886e-06,88.517,98.0838,91.483,99.5595,-1419.44,-484.568,-1425.26,-584.337
-1402.0,-734.0,-137.081,1.2339e-06,88.523,98.6164,91.477,82.1554,-1396.76,-576.497,-1425.36,-579.817
-1400.0,-734.0,-140.004,1.23492e-06,88.5243,99.0389,91.4757,82.1554,-1396.76,-576.497,-1425.51,-573.653
-1398.0,-734.0,-169.247,1.45253e-06,88.7454,-154.763,91.2546,-126.816,-1556.08,-808.509,-1556.08,-808.509
-1396.0,-734.0,-169.61,1.45857e-06,88.7506,-155.04,91.2494,-126.816,-1556.08,-808.509,-1556.08,-808.509
-1394.0,-734.0,-169.975,1.46462e-06,88.7631,-155.311,91.2369,-126.816,-1556.08,-808.509,-1556.08,-808.509
-1392.0,-734.0,-170.319,1.47068e-06,88.7792,-155.577,91.2208,-126.816,-1556.08,-808.509,-1556.08,-808.509
-1390.0,-734.0,-167.736,1.47978e-06,88.7976,-151.983,91.2024,-124.21,-1548.4,-818.284,-1548.4,-818.284
-1388.0,-734.0,-167.806,1.48567e-06,88.8132,-152.28,91.1868,-124.21,-1548.4,-818.284,-1548.4,-818.284
-1386.0,-734.0,-167.888,1.49158e-06,88.8288,-152.572,91.1712,-124.21,-1548.4,-818.284,-1548.4,-818.284
-1384.0,-734.0,-167.984,1.49751e-06,88.8442,-152.857,91.1558,-124.21,-1548.4,-818.284,-1548.4,-818.284
-1382.0,-734.0,-168.094,1.50344e-06,88.8595,-153.138,91.1405,-124.21,-1548.4,-818.284,-1548.4,-818.284
-1380.0,-734.0,-168.218,1.5094e-06,88.8747,-153.413,91.1253,-124.21,-1548.4,-818.284,-1548.4,-818.284
-1378.0,-734.0,-168.36,1.51537e-06,88.8898,-153.682,91.1102,-124.21,-1548.4,-818.284,-1548.4,-818.284
-1376.0,-734.0,-168.519,1.52135e-06,88.9047,-153.947,91.0953,-124.21,-1548.4,-818.284,-1548.4,-818.284
-1374.0,-734.0,-168.699,1.52734e-06,88.9196,-154.207,91.0804,-124.21,-1548.4,-818.284,-1548.4,-818.284
-1372.0,-734.0,-168.9,1.53335e-06,88.9344,-154.462,91.0656,-124.21,-1548.4,-818.284,-1548.4,-818.284
-1370.0,-734.0,-169.125,1.53938e-06,88.939,-154.712,91.061,-124.21,-1548.4,-818.284,-1548.4,-818.284
-1368.0,-734.0,-169.373,1.54542e-06,88.9431,-154.958,91.0569,-124.21,-1548.4,-818.284,-1548.4,-818.284
-1366.0,-734.0,-169.509,1.55055e-06,88.9466,-158.595,91.0534,-126.816,-1556.08,-808.509,-1556.08,-808.509
-1364.0,-734.0,-169.419,1.55677e-06,88.9508,-158.798,91.0492,-126.816,-1556.08,-808.509,-1556.08,-808.509
-1362.0,-734.0,-169.346,1.56299e-06,88.955,-158.998,91.045,-126.816,-1556.08,-808.509,-1556.08,-808.509
-1360.0,-734.0,-169.289,1.56922e-06,88.9592,-159.193,91.0408,-126.816,-1556.08,-808.509,-1556.08,-808.509
-1358.0,-734.0,-169.245,1.57546e-06,88.9633,-159.386,91.0367,-126.816,-1556.08,-808.509,-1556.08,-808.509
-1356.0,-734.0,-169.213,1.58171e-06,88.9674,-159.575,91.0326,-126.816,-1556.08,-808.509,-1556.08,-808.509
-1354.0,-734.0,-169.19,1.58797e-06,88.9714,-159.76,91.0286,-126.816,-1556.08,-808.509,-1556.08,-808.509
-1352.0,-734.0,-169.177,1.59423e-06,88.9755,-159.943,91.0245,-126.816,-1556.08,-808.509,-1556.08,-808.509
-1350.0,-734.0,-169.171,1.60051e-06,88.9795,-160.122,91.0205,-126.816,-1556.08,-808.509,-1556.08,-808.509
-1348.0,-734.0,-169.173,1.60678e-06,88.9823,-160.298,91.0177,-126.816,-1556.08,-808.509,-1556.08,-808.509
-1346.0,-734.0,-169.18,1.61307e-06,88.9763,-160.472,91.0237,-126.816,-1556.08,-808.509,-1556.08,-808.509
-1344.0,-734.0,-169.192,1.61937e-06,88.9703,-160.642,91.0297,-126.816,-1556.08,-808.509,-1556.08,-808.509
-1342.0,-734.0,-169.208,1.62567e-06,88.9644,-160.81,91.0356,-126.816,-1556.08,-808.509,-1556.08,-808.509
-1340.0,-734.0,-169.229,1.63198e-06,88.9585,-160.975,91.0415,-126.816,-1556.08,-808.509,-1556.08,-808.509
-1338.0,-734.0,-169.253,1.6383e-06,88.9527,-161.137,91.0473,-126.816,-1556.08,-808.509,-1556.08,-808.509
-1336.0,-734.0,-169.28,1.64462e-06,88.9469,-161.296,91.0531,-126.816,-1556.08,-808.509,-1556.08,-808.509
-1334.0,-734.0,-169.31,1.65095e-06,88.9411,-161.453,91.0589,-126.816,-1556.08,-808.509,-1556.08,-808.509
-1332.0,-734.0,-169.343,1.65728e-06,88.9354,-161.607,91.0646,-126.816,-1556.08,-808.509,-1556.08,-808.509
-1330.0,-734.0,-169.377,1.66362e-06,88.9298,-161.759,91.0702,-126.816,-1556.08,-808.509,-1556.08,-808.509
-1328.0,-734.0,-169.414,1.66997e-06,88.9242,-161.909,91.0758,-126.816,-1556.08,-808.509,-1556.08,-808.509
-1326.0,-734.0,-169.453,1.67632e-06,88.9186,-162.056,91.0814,-126.816,-1556.08,-808.509,-1556.08,-808.509
-1324.0,-734.0,-169.493,1.68268e-06,88.9131,-162.201,91.0869,-126.816,-1556.08,-808.509,-1556.08,-808.509
-1322.0,-734.0,-169.535,1.68904e-06,88.9077,-162.343,91.0923,-126.816,-1556.08,-808.509,-1556.08,-808.509
-1320.0,-734.0,-157.89,9.76948e-07,88.0947,38.6294,91.9053,11.6373,-1342.24,-588.104,-1239.87,-669.964
-1318.0,-734.0,-159.025,9.71759e-07,88.0679,38.9377,91.9321,11.6373,-1342.24,-588.104,-1239.87,-670.871
-1316.0,-734.0,-160.653,9.66592e-07,88.0409,39.2501,91.9591,11.6373,-1342.24,-588.104,-1239.87,-671.798
-1314.0,-734.0,-154.942,1.01311e-06,98.345,39.5867,92.2617,-35.9954,-1376.1,-617.359,-1305.76,-727.188
-1312.0,-734.0,-166.079,1.05209e-06,86.2579,42.1681,83.033,43.5268,-1389.46,-589.987,-1239.87,-668.668
-1310.0,-734.0,-166.302,1.04718e-06,86.2214,42.4135,83.0006,43.7733,-1389.55,-589.99,-1239.87,-669.93
-1308.0,-734.0,-165.935,1.04229e-06,86.1847,42.6613,82.9681,44.0222,-1389.65,-589.993,-1239.87,-671.215
-1306.0,-734.0,-164.523,1.03743e-06,86.1478,42.9114,82.9353,44.2735,-1389.74,-589.996,-1239.87,-672.522
-1304.0,-734.0,-162.256,1.03258e-06,86.1105,43.1638,82.9024,44.5272,-1389.83,-589.999,-1239.87,-673.853
-1302.0,-734.0,-159.968,1.02775e-06,86.073,43.4187,82.8693,44.7833,-1389.93,-590.002,-1239.87,-675.207
-1300.0,-734.0,-158.099,1.02295e-06,86.0298,43.6759,82.836,45.0422,-1390.02,-590.004,-1239.87,-676.586
-1298.0,-734.0,-156.699,1.01818e-06,85.9725,43.9354,82.8024,45.3043,-1390.11,-590.007,-1239.87,-677.99
-1296.0,-734.0,-155.687,1.01344e-06,85.9147,44.1973,82.7687,45.569,-1390.21,-590.01,-1239.87,-679.421
-1294.0,-734.0,-154.981,1.00872e-06,85.8565,44.4618,82.7348,45.8362,-1390.3,-590.013,-1239.87,-680.877
-1292.0,-734.0,-154.516,1.00402e-06,85.7978,44.7287,82.7007,46.106,-1390.39,-590.016,-1239.87,-682.361
-1290.0,-734.0,-154.25,9.99347e-07,85.7387,44.9982,82.6665,46.3784,-1390.49,-590.019,-1239.87,-683.873
-1288.0,-734.0,-132.06,1.04141e-06,87.8671,146.722,92.1329,-35.9954,-1376.1,-617.359,-1306.47,-721.88
-1286.0,-734.0,-128.26,1.04702e-06,87.8477,146.985,92.1523,-35.9954,-1376.1,-617.359,-1306.52,-720.666
-1284.0,-734.0,-123.982,1.05264e-06,87.8285,147.244,92.1715,-35.9954,-1376.1,-617.359,-1306.57,-719.477
-1282.0,-734.0,-127.072,1.05828e-06,87.8096,147.5,92.1904,-35.9954,-1376.1,-617.359,-1306.62,-718.312
-1280.0,-734.0,-130.516,1.06393e-06,87.7908,147.752,92.2092,-35.9954,-1376.1,-617.359,-1306.68,-717.17
-1278.0,-734.0,-133.409,1.0696e-06,87.7724,148.0,92.2276,-35.9954,-1376.1,-617.359,-1306.72,-716.051
-1276.0,-734.0,-135.823,1.07527e-06,87.7694,148.245,92.2306,-35.9954,-1376.1,-617.359,-1306.77,-714.953
-1274.0,-734.0,-137.943,1.08095e-06,87.7811,148.487,92.2189,-35.9954,-1376.1,-617.359,-1306.82,-713.877
-1272.0,-734.0,-139.875,1.08664e-06,87.7927,148.725,92.2073,-35.9954,-1376.1,-617.359,-1306.87,-712.821
-1270.0,-734.0,-141.707,1.09235e-06,87.8042,148.961,92.1958,-35.9954,-1376.1,-617.359,-1306.91,-711.785
-1268.0,-734.0,-143.518,1.09807e-06,87.8157,149.193,92.1843,-35.9954,-1376.1,-617.359,-1306.96,-710.769
-1266.0,-734.0,-145.376,1.10381e-06,87.827,149.422,92.173,-35.9954,-1376.1,-617.359,-1307.0,-709.772
-1264.0,-734.0,-147.337,1.10955e-06,87.8383,149.648,92.1617,-35.9954,-1376.1,-617.359,-1307.05,-708.793
-1262.0,-734.0,-164.681,1.05468e-06,85.5363,154.287,67.0149,25.8724,-1378.67,-589.657,-1306.89,-712.384
-1260.0,-734.0,-161.343,1.30506e-06,88.1623,106.124,91.8377,-43.3117,-1381.35,-617.58,-1325.85,-506.235
-1258.0,-734.0,-161.254,1.30693e-06,88.1649,106.482,91.8351,-43.3117,-1381.35,-617.58,-1325.39,-506.226
-1256.0,-734.0,-158.459,1.76041e-06,87.5822,63.2559,83.7046,117.494,-1429.36,-543.591,-1239.87,-701.997
-1254.0,-734.0,-159.236,1.75742e-06,87.5752,63.4506,83.7468,117.304,-1429.37,-543.11,-1239.87,-705.728
-1252.0,-734.0,-161.093,1.31278e-06,88.1803,107.547,91.8197,-43.3117,-1381.35,-617.58,-1324.03,-506.198
-1250.0,-734.0,-161.078,1.08327e-06,75.4311,40.3688,88.6296,-33.5509,-1373.96,-617.269,-1196.0,-688.091
-1248.0,-734.0,-159.394,1.0783e-06,75.0382,40.6782,88.6335,-33.7653,-1374.16,-617.277,-1195.96,-689.274
-1246.0,-734.0,-158.176,1.07335e-06,74.6186,40.9991,88.6374,-33.981,-1374.35,-617.285,-1195.92,-690.472
-1244.0,-734.0,-157.369,1.06843e-06,74.1695,41.3329,88.6414,-34.1981,-1374.55,-617.294,-1195.89,-691.683
-1242.0,-734.0,-156.861,1.06355e-06,73.6879,41.6812,88.6454,-34.4163,-1374.75,-617.302,-1195.85,-692.908
-1240.0,-734.0,-156.571,1.05871e-06,73.1704,42.0463,88.6495,-34.6357,-1374.94,-617.31,-1195.81,-694.147
-1238.0,-734.0,-156.449,1.0539e-06,72.6129,42.4304,88.6536,-34.8561,-1375.13,-617.318,-1195.77,-695.4
-1236.0,-734.0,-156.479,1.04914e-06,72.0109,42.8366,88.6577,-35.0774,-1375.33,-617.326,-1195.73,-696.665
-1234.0,-734.0,-156.674,1.04442e-06,71.3593,43.2686,88.6619,-35.2994,-1375.52,-617.334,-1195.69,-697.942
-1232.0,-734.0,-157.047,8.56066e-07,83.6101,131.609,80.6009,-46.718,-1383.36,-617.665,-1360.68,-589.107
-1230.0,-734.0,-155.505,8.60453e-07,83.6681,131.943,80.647,-46.3811,-1383.17,-617.657,-1360.21,-589.093
-1228.0,-734.0,-154.401,8.64847e-07,83.7439,132.273,80.693,-46.0464,-1382.98,-617.649,-1359.74,-589.078
-1226.0,-734.0,-153.621,8.69263e-07,83.8253,132.599,80.739,-45.7148,-1382.79,-617.641,-1359.27,-589.064
-1224.0,-734.0,-153.072,8.73707e-07,83.9061,132.922,80.7848,-45.3867,-1382.6,-617.633,-1358.8,-589.049
-1222.0,-734.0,-152.688,8.78181e-07,83.9862,133.241,80.8304,-45.062,-1382.41,-617.625,-1358.33,-589.035
-1220.0,-734.0,-152.425,8.82683e-07,84.0657,133.558,80.8759,-44.7407,-1382.22,-617.617,-1357.86,-589.021
-1218.0,-734.0,-152.255,8.87212e-07,84.1446,133.87,80.9211,-44.4228,-1382.03,-617.609,-1357.39,-589.006
-1216.0,-734.0,-152.161,8.91769e-07,84.2228,134.18,80.9662,-44.1083,-1381.84,-617.601,-1356.92,-588.992
-1214.0,-734.0,-152.133,8.96353e-07,84.3003,134.486,81.011,-43.797,-1381.65,-617.593,-1356.45,-588.977
-1212.0,-734.0,-157.393,1.27755e-06,88.4934,154.201,91.5066,-35.9954,-1376.1,-617.359,-1310.54,-686.365
-1210.0,-734.0,-157.396,1.28355e-06,88.5256,154.362,91.4744,-35.9954,-1376.1,-617.359,-1310.56,-685.736
-1208.0,-734.0,-157.439,1.28955e-06,88.5575,154.521,91.4425,-35.9954,-1376.1,-617.359,-1310.58,-685.116
-1206.0,-734.0,-159.86,1.29967e-06,88.5942,155.974,91.4058,-43.396,-1381.4,-617.583,-1310.51,-687.414
-1204.0,-734.0,-160.012,1.30575e-06,88.6156,156.117,91.3844,-43.396,-1381.4,-617.583,-1310.53,-686.831
-1202.0,-734.0,-160.18,1.31185e-06,88.6343,156.258,91.3657,-43.396,-1381.4,-617.583,-1310.55,-686.256
-1600.0,-732.0,-109.024,8.00212e-07,87.7374,33.4248,92.2626,-146.575,-1600.0,-732.0,-1400.0,-600.0
-1598.0,-732.0,-108.963,7.94655e-07,87.7216,33.6901,92.2784,-146.31,-1598.0,-732.0,-1400.0,-600.0
-1596.0,-732.0,-108.902,7.89116e-07,87.7056,33.9591,92.2944,-146.041,-1596.0,-732.0,-1400.0,-600.0
-1594.0,-732.0,-108.841,7.83594e-07,87.6894,34.2319,92.3106,-145.768,-1594.0,-732.0,-1400.0,-600.0
-1592.0,-732.0,-108.78,7.7809e-07,87.673,34.5085,92.327,-145.491,-1592.0,-732.0,-1400.0,-600.0
-1590.0,-732.0,-108.718,7.72605e-07,87.6565,34.7891,92.3435,-145.211,-1590.0,-732.0,-1400.0,-600.0
-1588.0,-732.0,-108.656,7.67138e-07,87.6398,35.0738,92.3602,-144.926,-1588.0,-732.0,-1400.0,-600.0
-1586.0,-732.0,-108.594,7.61691e-07,87.6229,35.3625,92.3771,-144.638,-1586.0,-732.0,-1400.0,-600.0
-1584.0,-732.0,-108.532,7.56268e-07,87.5966,35.6553,92.4034,-144.345,-1584.0,-732.0,-1400.0,-600.0
-1582.0,-732.0,-108.469,7.5086e-07,87.5813,35.9524,92.4187,-144.048,-1582.0,-732.0,-1400.0,-600.0
-1580.0,-732.0,-108.406,7.45461e-07,87.5854,36.2538,92.4146,-143.746,-1580.0,-732.0,-1400.0,-600.0
-1578.0,-732.0,-108.343,7.40083e-07,87.5897,36.5596,92.4103,-143.44,-1578.0,-732.0,-1400.0,-600.0
-1576.0,-732.0,-108.28,7.34726e-07,87.5941,36.8699,92.4059,-143.13,-1576.0,-732.0,-1400.0,-600.0
-1574.0,-732.0,-108.216,7.29391e-07,87.5986,37.1847,92.4014,-142.815,-1574.0,-732.0,-1400.0,-600.0
-1572.0,-732.0,-108.153,7.24079e-07,87.6033,37.5041,92.3967,-142.496,-1572.0,-732.0,-1400.0,-600.0
-1570.0,-732.0,-108.089,7.18789e-07,87.6081,37.8283,92.3919,-142.172,-1570.0,-732.0,-1400.0,-600.0
-1568.0,-732.0,-108.025,7.13522e-07,87.6131,38.1572,92.3869,-141.843,-1568.0,-732.0,-1400.0,-600.0
-1566.0,-732.0,-107.96,7.0828e-07,87.6182,38.491,92.3818,-141.509,-1566.0,-732.0,-1400.0,-600.0
-1564.0,-732.0,-107.896,7.03062e-07,87.6235,38.8298,92.3765,-141.17,-1564.0,-732.0,-1400.0,-600.0
-1562.0,-732.0,-107.831,6.97868e-07,87.629,39.1737,92.371,-140.826,-1562.0,-732.0,-1400.0,-600.0
-1560.0,-732.0,-107.767,6.92707e-07,87.6208,39.5226,92.3792,-140.477,-1560.0,-732.0,-1400.0,-600.0
-1558.0,-732.0,-107.702,6.87577e-07,87.6031,39.8768,92.3969,-140.123,-1558.0,-732.0,-1400.0,-600.0
-1556.0,-732.0,-107.637,6.82474e-07,87.5851,40.2364,92.4149,-139.764,-1556.0,-732.0,-1400.0,-600.0
-1554.0,-732.0,-107.572,6.77397e-07,87.567,40.6013,92.433,-139.399,-1554.0,-732.0,-1400.0,-600.0
-1552.0,-732.0,-107.507,6.72349e-07,87.5488,40.9717,92.4512,-139.028,-1552.0,-732.0,-1400.0,-600.0
-1550.0,-732.0,-107.441,6.6733e-07,87.5303,41.3478,92.4697,-138.652,-1550.0,-732.0,-1400.0,-600.0
-1548.0,-732.0,-107.376,6.62339e-07,87.5117,41.7295,92.4883,-138.27,-1548.0,-732.0,-1400.0,-600.0
-1546.0,-732.0,-107.31,6.57378e-07,87.4929,42.117,92.5071,-137.883,-1546.0,-732.0,-1400.0,-600.0
-1544.0,-732.0,-107.245,6.52448e-07,87.4739,42.5104,92.5261,-137.49,-1544.0,-732.0,-1400.0,-600.0
-1542.0,-732.0,-107.179,6.4755e-07,87.4548,42.9098,92.5452,-137.09,-1542.0,-732.0,-1400.0,-600.0
-1540.0,-732.0,-107.114,6.42683e-07,87.4355,43.3153,92.5645,-136.685,-1540.0,-732.0,-1400.0,-600.0
-1538.0,-732.0,-107.048,6.37849e-07,87.4161,43.727,92.5839,-136.273,-1538.0,-732.0,-1400.0,-600.0
-1536.0,-732.0,-106.982,6.33038e-07,87.4154,44.1449,92.5846,-135.855,-1536.0,-732.0,-1400.0,-600.0
-1534.0,-732.0,-106.916,6.2827e-07,87.3996,44.5692,92.6004,-135.431,-1534.0,-732.0,-1400.0,-600.0
-1532.0,-732.0,-106.85,6.23538e-07,87.3798,45.0,92.6202,-135.0,-1532.0,-732.0,-1400.0,-600.0
-1530.0,-732.0,-106.784,6.18842e-07,87.3599,45.4374,92.6401,-134.563,-1530.0,-732.0,-1400.0,-600.0
-1528.0,-732.0,-106.718,6.14183e-07,87.3399,45.8814,92.6601,-134.119,-1528.0,-732.0,-1400.0,-600.0
-1526.0,-732.0,-106.653,6.09561e-07,87.3197,46.3322,92.6803,-133.668,-1526.0,-732.0,-1400.0,-600.0
-1524.0,-732.0,-106.587,6.04978e-07,87.2994,46.7899,92.7006,-133.21,-1524.0,-732.0,-1400.0,-600.0
-1522.0,-732.0,-106.521,6.00433e-07,87.2789,47.2546,92.7211,-132.745,-1522.0,-732.0,-1400.0,-600.0
-1520.0,-732.0,-106.456,5.95929e-07,87.2583,47.7263,92.7417,-132.274,-1520.0,-732.0,-1400.0,-600.0
-1518.0,-732.0,-106.39,5.91466e-07,87.2376,48.2052,92.7624,-131.795,-1518.0,-732.0,-1400.0,-600.0
-1516.0,-732.0,-106.325,5.87044e-07,87.2168,48.6914,92.7832,-131.309,-1516.0,-732.0,-1400.0,-600.0
-1514.0,-732.0,-106.26,5.82666e-07,87.1959,49.1849,92.8041,-130.815,-1514.0,-732.0,-1400.0,-600.0
-1512.0,-732.0,-106.194,5.78331e-07,87.1748,49.6859,92.8252,-130.314,-1512.0,-732.0,-1400.0,-600.0
-1510.0,-732.0,-106.13,5.74042e-07,87.1537,50.1944,92.8463,-129.806,-1510.0,-732.0,-1400.0,-600.0
-1508.0,-732.0,-106.065,5.69798e-07,87.1325,50.7106,92.8675,-129.289,-1508.0,-732.0,-1400.0,-600.0
-1506.0,-732.0,-106.001,5.65601e-07,87.1112,51.2345,92.8888,-128.766,-1506.0,-732.0,-1400.0,-600.0
-1504.0,-732.0,-105.937,5.61452e-07,87.0898,51.7662,92.9102,-128.234,-1504.0,-732.0,-1400.0,-600.0
-1502.0,-732.0,-105.873,5.57352e-07,87.0684,52.3058,92.9316,-127.694,-1502.0,-732.0,-1400.0,-600.0
-1500.0,-732.0,-105.809,5.53302e-07,87.0469,52.8533,92.9531,-127.147,-1500.0,-732.0,-1400.0,-600.0
-1498.0,-732.0,-105.746,5.49303e-07,87.0254,53.4089,92.9746,-126.591,-1498.0,-732.0,-1400.0,-600.0
-1496.0,-732.0,-105.683,5.45357e-07,87.0039,53.9726,92.9961,-126.027,-1496.0,-732.0,-1400.0,-600.0
-1494.0,-732.0,-105.621,5.41464e-07,86.9823,54.5445,93.0177,-125.455,-1494.0,-732.0,-1400.0,-600.0
-1492.0,-732.0,-105.559,5.37626e-07,86.9607,55.1247,93.0393,-124.875,-1492.0,-732.0,-1400.0,-600.0
-1490.0,-732.0,-105.497,5.3383e-07,86.9662,55.7131,93.0338,-124.287,-1490.0,-732.0,-1400.0,-600.0
-1488.0,-732.0,-105.436,5.30105e-07,86.9449,56.3099,93.0551,-123.69,-1488.0,-732.0,-1400.0,-600.0
-1486.0,-732.0,-105.376,5.26438e-07,86.9236,56.9151,93.0764,-123.085,-1486.0,-732.0,-1400.0,-600.0
-1484.0,-732.0,-105.316,5.2283e-07,86.9023,57.5288,93.0977,-122.471,-1484.0,-732.0,-1400.0,-600.0
-1482.0,-732.0,-105.257,5.19283e-07,86.8811,58.1509,93.1189,-121.849,-1482.0,-732.0,-1400.0,-600.0
-1480.0,-732.0,-105.198,5.15798e-07,86.8601,58.7816,93.1399,-121.218,-1480.0,-732.0,-1400.0,-600.0
-1478.0,-732.0,-105.14,5.12376e-07,86.8391,59.4208,93.1609,-120.579,-1478.0,-732.0,-1400.0,-600.0
-1476.0,-732.0,-105.083,5.09019e-07,86.8182,60.0685,93.1818,-119.932,-1476.0,-732.0,-1400.0,-600.0
-1474.0,-732.0,-105.026,5.05727e-07,86.7975,60.7247,93.2025,-119.275,-1474.0,-732.0,-1400.0,-600.0
-1472.0,-732.0,-104.971,5.02503e-07,86.7769,61.3895,93.2231,-118.61,-1472.0,-732.0,-1400.0,-600.0
-1470.0,-732.0,-104.916,4.99347e-07,86.7565,62.0629,93.2435,-117.937,-1470.0,-732.0,-1400.0,-600.0
-1468.0,-732.0,-104.862,4.9626e-07,86.7363,62.7447,93.2637,-117.255,-1468.0,-732.0,-1400.0,-600.0
-1466.0,-732.0,-104.809,4.93248e-07,86.7097,63.4349,93.2903,-116.565,-1466.0,-732.0,-1400.0,-600.0
-1464.0,-732.0,-104.757,4.90321e-07,86.657,64.1336,93.343,-115.866,-1464.0,-732.0,-1400.0,-600.0
-1462.0,-732.0,-104.706,4.87468e-07,86.6043,64.8407,93.3957,-115.159,-1462.0,-732.0,-1400.0,-600.0
-1460.0,-732.0,-104.656,4.84691e-07,86.5515,65.556,93.4485,-114.444,-1460.0,-732.0,-1400.0,-600.0
-1458.0,-732.0,-104.608,4.8199e-07,86.4986,66.2796,93.5014,-113.72,-1458.0,-732.0,-1400.0,-600.0
-1456.0,-732.0,-104.56,4.79366e-07,86.4457,67.0113,93.5543,-112.989,-1456.0,-732.0,-1400.0,-600.0
-1454.0,-732.0,-104.514,4.76822e-07,86.3928,67.751,93.6072,-112.249,-1454.0,-732.0,-1400.0,-600.0
-1452.0,-732.0,-104.469,4.74359e-07,86.3399,68.4986,93.6601,-111.501,-1452.0,-732.0,-1400.0,-600.0
-1450.0,-732.0,-104.425,4.71977e-07,86.2872,69.2539,93.7128,-110.746,-1450.0,-732.0,-1400.0,-600.0
-1448.0,-732.0,-104.383,4.69678e-07,86.2345,70.0169,93.7655,-109.983,-1448.0,-732.0,-1400.0,-600.0
-1446.0,-732.0,-104.341,4.67463e-07,86.1821,70.7873,93.8179,-109.213,-1446.0,-732.0,-1400.0,-600.0
-1444.0,-732.0,-104.302,4.65333e-07,86.1298,71.5651,93.8702,-108.435,-1444.0,-732.0,-1400.0,-600.0
-1442.0,-732.0,-104.263,4.63283e-07,86.0903,72.3499,93.9097,-107.65,-1442.0,-732.0,-1400.0,-600.0
-1440.0,-732.0,-104.226,4.61308e-07,86.0735,73.1416,93.9265,-106.858,-1440.0,-732.0,-1400.0,-600.0
-1438.0,-732.0,-104.19,4.59422e-07,86.0574,73.94,93.9426,-106.06,-1438.0,-732.0,-1400.0,-600.0
-1436.0,-732.0,-104.156,4.57625e-07,86.0419,74.7449,93.9581,-105.255,-1436.0,-732.0,-1400.0,-600.0
-1434.0,-732.0,-104.124,4.55919e-07,86.0271,75.556,93.9729,-104.444,-1434.0,-732.0,-1400.0,-600.0
-1432.0,-732.0,-113.511,4.54306e-07,86.0129,76.4281,93.9871,-103.963,-1404.61,-618.561,-1404.61,-618.561
-1430.0,-732.0,-120.187,4.52797e-07,85.9996,77.3864,94.0004,-103.963,-1404.61,-618.561,-1404.61,-618.561
-1428.0,-732.0,-122.0,1.11383e-06,88.3749,84.1309,91.6251,87.4944,-1398.13,-557.308,-1404.15,-499.951
-1426.0,-732.0,-123.128,1.11193e-06,88.3721,85.5587,91.6279,94.5586,-1407.98,-499.955,-1407.98,-499.955
-1424.0,-732.0,-123.23,1.11143e-06,88.3714,85.9018,91.6286,94.2155,-1407.37,-499.955,-1407.37,-499.955
-1422.0,-732.0,-123.265,1.11098e-06,88.3707,86.2452,91.6293,93.8721,-1406.77,-499.954,-1406.77,-499.954
-1420.0,-732.0,-123.246,1.11056e-06,88.3701,86.5889,91.6299,93.5284,-1406.17,-499.953,-1406.17,-499.953
-1418.0,-732.0,-123.186,1.11018e-06,88.3695,86.9329,91.6305,93.1844,-1405.57,-499.953,-1405.57,-499.953
-1416.0,-732.0,-123.101,1.10985e-06,88.369,87.277,91.631,92.8403,-1404.96,-499.952,-1404.96,-499.952
-1414.0,-732.0,-123.001,1.10955e-06,88.3686,87.6214,91.6314,92.4959,-1404.36,-499.952,-1404.36,-499.952
-1412.0,-732.0,-122.898,1.10929e-06,88.3682,87.9659,91.6318,92.1514,-1403.76,-499.951,-1403.76,-499.951
-1410.0,-732.0,-122.8,1.10908e-06,88.3679,88.3106,91.6321,91.8067,-1403.16,-499.95,-1403.16,-499.95
-1408.0,-732.0,-122.712,1.1089e-06,88.3677,88.6554,91.6323,91.4619,-1402.55,-499.95,-1402.55,-499.95
-1406.0,-732.0,-146.26,1.22134e-06,88.518,97.4301,91.482,99.5595,-1419.44,-484.568,-1425.26,-584.337
-1404.0,-732.0,-150.613,1.22225e-06,88.5191,98.1918,91.4809,99.5595,-1419.44,-484.568,-1425.26,-584.337
-1402.0,-732.0,-137.553,1.2273e-06,88.5252,98.681,91.4748,82.1554,-1396.76,-576.497,-1425.39,-578.829
-1400.0,-732.0,-140.32,1.22833e-06,88.5264,99.1065,91.4736,82.1554,-1396.76,-576.497,-1425.53,-572.728
-1398.0,-732.0,-168.735,1.4554e-06,88.7564,-154.173,91.2436,-126.816,-1556.08,-808.509,-1556.08,-808.509
-1396.0,-732.0,-169.038,1.46141e-06,88.7615,-154.455,91.2385,-126.816,-1556.08,-808.509,-1556.08,-808.509
-1394.0,-732.0,-169.369,1.46743e-06,88.7739,-154.73,91.2261,-126.816,-1556.08,-808.509,-1556.08,-808.509
-1392.0,-732.0,-167.753,1.47709e-06,88.7929,-151.115,91.2071,-124.21,-1548.4,-818.284,-1548.4,-818.284
-1390.0,-732.0,-167.784,1.48294e-06,88.8085,-151.422,91.1915,-124.21,-1548.4,-818.284,-1548.4,-818.284
-1388.0,-732.0,-167.829,1.4888e-06,88.824,-151.723,91.176,-124.21,-1548.4,-818.284,-1548.4,-818.284
-1386.0,-732.0,-167.887,1.49468e-06,88.8395,-152.019,91.1605,-124.21,-1548.4,-818.284,-1548.4,-818.284
-1384.0,-732.0,-167.957,1.50057e-06,88.8548,-152.308,91.1452,-124.21,-1548.4,-818.284,-1548.4,-818.284
-1382.0,-732.0,-168.039,1.50648e-06,88.87,-152.592,91.13,-124.21,-1548.4,-818.284,-1548.4,-818.284
-1380.0,-732.0,-168.134,1.51241e-06,88.8851,-152.871,91.1149,-124.21,-1548.4,-818.284,-1548.4,-818.284
-1378.0,-732.0,-168.242,1.51835e-06,88.9001,-153.145,91.0999,-124.21,-1548.4,-818.284,-1548.4,-818.284
-1376.0,-732.0,-168.364,1.5243e-06,88.915,-153.413,91.085,-124.21,-1548.4,-818.284,-1548.4,-818.284
-1374.0,-732.0,-168.502,1.53027e-06,88.9298,-153.677,91.0702,-124.21,-1548.4,-818.284,-1548.4,-818.284
-1372.0,-732.0,-168.658,1.53626e-06,88.9368,-153.935,91.0632,-124.21,-1548.4,-818.284,-1548.4,-818.284
-1370.0,-732.0,-168.832,1.54226e-06,88.941,-154.189,91.059,-124.21,-1548.4,-818.284,-1548.4,-818.284
-1368.0,-732.0,-169.027,1.54827e-06,88.9451,-154.439,91.0549,-124.21,-1548.4,-818.284,-1548.4,-818.284
-1366.0,-732.0,-169.245,1.5543e-06,88.9492,-154.684,91.0508,-124.21,-1548.4,-818.284,-1548.4,-818.284
-1364.0,-732.0,-169.484,1.56033e-06,88.9532,-154.925,91.0468,-124.21,-1548.4,-818.284,-1548.4,-818.284
-1362.0,-732.0,-169.731,1.56541e-06,88.9566,-158.485,91.0434,-126.816,-1556.08,-808.509,-1556.08,-808.509
-1360.0,-732.0,-169.634,1.57162e-06,88.9607,-158.684,91.0393,-126.816,-1556.08,-808.509,-1556.08,-808.509
-1358.0,-732.0,-169.554,1.57784e-06,88.9648,-158.881,91.0352,-126.816,-1556.08,-808.509,-1556.08,-808.509
-1356.0,-732.0,-169.489,1.58407e-06,88.9689,-159.073,91.0311,-126.816,-1556.08,-808.509,-1556.08,-808.509
-1354.0,-732.0,-169.439,1.59031e-06,88.973,-159.263,91.027,-126.816,-1556.08,-808.509,-1556.08,-808.509
-1352.0,-732.0,-169.4,1.59655e-06,88.977,-159.449,91.023,-126.816,-1556.08,-808.509,-1556.08,-808.509
-1350.0,-732.0,-169.372,1.6028e-06,88.981,-159.632,91.019,-126.816,-1556.08,-808.509,-1556.08,-808.509
-1348.0,-732.0,-169.354,1.60906e-06,88.9761,-159.812,91.0239,-126.816,-1556.08,-808.509,-1556.08,-808.509
-1346.0,-732.0,-169.344,1.61534e-06,88.9701,-159.989,91.0299,-126.816,-1556.08,-808.509,-1556.08,-808.509
-1344.0,-732.0,-169.34,1.62161e-06,88.9641,-160.163,91.0359,-126.816,-1556.08,-808.509,-1556.08,-808.509
-1342.0,-732.0,-169.343,1.6279e-06,88.9582,-160.334,91.0418,-126.816,-1556.08,-808.509,-1556.08,-808.509
-1340.0,-732.0,-169.351,1.63419e-06,88.9523,-160.502,91.0477,-126.816,-1556.08,-808.509,-1556.08,-808.509
-1338.0,-732.0,-169.364,1.64049e-06,88.9465,-160.667,91.0535,-126.816,-1556.08,-808.509,-1556.08,-808.509
-1336.0,-732.0,-169.381,1.64679e-06,88.9407,-160.83,91.0593,-126.816,-1556.08,-808.509,-1556.08,-808.509
-1334.0,-732.0,-169.402,1.6531e-06,88.935,-160.99,91.065,-126.816,-1556.08,-808.509,-1556.08,-808.509
-1332.0,-732.0,-169.426,1.65942e-06,88.9293,-161.148,91.0707,-126.816,-1556.08,-808.509,-1556.08,-808.509
-1330.0,-732.0,-169.453,1.66574e-06,88.9237,-161.303,91.0763,-126.816,-1556.08,-808.509,-1556.08,-808.509
-1328.0,-732.0,-169.482,1.67207e-06,88.9181,-161.456,91.0819,-126.816,-1556.08,-808.509,-1556.08,-808.509
-1326.0,-732.0,-169.514,1.6784e-06,88.9126,-161.606,91.0874,-126.816,-1556.08,-808.509,-1556.08,-808.509
-1324.0,-732.0,-169.548,1.68474e-06,88.9071,-161.754,91.0929,-126.816,-1556.08,-808.509,-1556.08,-808.509
-1322.0,-732.0,-169.584,1.69109e-06,88.9017,-161.9,91.0983,-126.816,-1556.08,-808.509,-1556.08,-808.509
-1320.0,-732.0,-169.621,1.69744e-06,88.8963,-162.043,91.1037,-126.816,-1556.08,-808.509,-1556.08,-808.509
-1318.0,-732.0,-132.974,1.01866e-06,88.1447,38.5515,91.8553,-35.9954,-1376.1,-617.359,-1239.87,-669.736
-1316.0,-732.0,-158.609,9.62397e-07,88.0195,38.863,91.9805,11.6373,-1342.24,-588.104,-1239.87,-670.65
-1314.0,-732.0,-149.653,1.00889e-06,98.3681,39.1952,92.2834,-35.9954,-1376.1,-617.359,-1305.75,-725.274
-1312.0,-732.0,-153.975,1.00374e-06,98.3948,39.5184,92.3112,-35.9954,-1376.1,-617.359,-1303.83,-725.262
-1310.0,-732.0,-166.019,1.04272e-06,86.183,42.1415,83.0358,43.5056,-1389.45,-589.987,-1239.87,-668.538
-1308.0,-732.0,-166.278,1.03781e-06,86.1459,42.389,83.0031,43.7543,-1389.54,-589.99,-1239.87,-669.811
-1306.0,-732.0,-165.963,1.03292e-06,86.1084,42.6389,82.9703,44.0054,-1389.64,-589.993,-1239.87,-671.106
-1304.0,-732.0,-164.608,1.02805e-06,86.0707,42.8911,82.9372,44.2589,-1389.73,-589.996,-1239.87,-672.424
-1302.0,-732.0,-162.344,1.0232e-06,86.0327,43.1458,82.904,44.5148,-1389.83,-589.999,-1239.87,-673.765
-1300.0,-732.0,-160.023,1.01838e-06,85.989,43.4029,82.8705,44.7736,-1389.92,-590.002,-1239.87,-675.131
-1298.0,-732.0,-158.125,1.01359e-06,85.9311,43.6622,82.8368,45.0357,-1390.02,-590.004,-1239.87,-676.522
-1296.0,-732.0,-156.701,1.00883e-06,85.8727,43.9241,82.8029,45.3003,-1390.11,-590.007,-1239.87,-677.939
-1294.0,-732.0,-155.675,1.00409e-06,85.8138,44.1884,82.7689,45.5675,-1390.21,-590.01,-1239.87,-679.382
-1292.0,-732.0,-133.685,1.02657e-06,87.8872,146.594,92.1128,-35.9954,-1376.1,-617.359,-1306.44,-722.476
-1290.0,-732.0,-129.965,1.03217e-06,87.8673,146.862,92.1327,-35.9954,-1376.1,-617.359,-1306.5,-721.232
-1288.0,-732.0,-125.79,1.03778e-06,87.8477,147.127,92.1523,-35.9954,-1376.1,-617.359,-1306.55,-720.013
-1286.0,-732.0,-125.325,1.04341e-06,87.8284,147.388,92.1716,-35.9954,-1376.1,-617.359,-1306.6,-718.818
-1284.0,-732.0,-128.995,1.04906e-06,87.8093,147.646,92.1907,-35.9954,-1376.1,-617.359,-1306.65,-717.649
-1282.0,-732.0,-132.172,1.05472e-06,87.7904,147.9,92.2096,-35.9954,-1376.1,-617.359,-1306.7,-716.502
-1280.0,-732.0,-134.79,1.0604e-06,87.7718,148.15,92.2282,-35.9954,-1376.1,-617.359,-1306.75,-715.379
-1278.0,-732.0,-137.054,1.06609e-06,87.7587,148.397,92.2413,-35.9954,-1376.1,-617.359,-1306.8,-714.278
-1276.0,-732.0,-139.076,1.07178e-06,87.7621,148.64,92.2379,-35.9954,-1376.1,-617.359,-1306.85,-713.198
-1274.0,-732.0,-140.961,1.07749e-06,87.7739,148.88,92.2261,-35.9954,-1376.1,-617.359,-1306.9,-712.139
-1272.0,-732.0,-142.799,1.0832e-06,87.7857,149.117,92.2143,-35.9954,-1376.1,-617.359,-1306.94,-711.1
-1270.0,-732.0,-144.662,1.08893e-06,87.7974,149.351,92.2026,-35.9954,-1376.1,-617.359,-1306.99,-710.081
-1268.0,-732.0,-146.616,1.09467e-06,87.8089,149.581,92.1911,-35.9954,-1376.1,-617.359,-1307.03,-709.082
-1266.0,-732.0,-148.707,1.10043e-06,87.8204,149.808,92.1796,-35.9954,-1376.1,-617.359,-1307.08,-708.1
-1264.0,-732.0,-163.785,1.04581e-06,85.4931,154.459,67.1234,25.7375,-1378.54,-589.653,-1306.93,-711.487
-1262.0,-732.0,-163.132,1.05181e-06,85.5195,154.616,67.2278,25.6079,-1378.4,-589.649,-1306.96,-710.665
-1260.0,-732.0,-161.263,1.29865e-06,88.1532,106.229,91.8468,-43.3117,-1381.35,-617.58,-1325.71,-506.232
-1258.0,-732.0,-161.179,1.30053e-06,88.1559,106.588,91.8441,-43.3117,-1381.35,-617.58,-1325.26,-506.223
-1256.0,-732.0,-158.086,1.75446e-06,87.574,63.1577,83.6832,117.59,-1429.35,-543.834,-1239.87,-700.132
-1254.0,-732.0,-158.798,1.75146e-06,87.567,63.3529,83.7254,117.4,-1429.36,-543.354,-1239.87,-703.848
-1252.0,-732.0,-161.034,1.30642e-06,88.1715,107.659,91.8285,-43.3117,-1381.35,-617.58,-1323.89,-506.195
-1250.0,-732.0,-161.025,1.30846e-06,88.1867,108.014,91.8133,-43.3117,-1381.35,-617.58,-1323.43,-506.186
-1248.0,-732.0,-160.525,1.07411e-06,74.9661,40.4013,88.6285,-33.4887,-1373.9,-617.266,-1196.01,-687.75
-1246.0,-732.0,-158.959,1.06914e-06,74.5432,40.722,88.6324,-33.704,-1374.1,-617.275,-1195.97,-688.936
-1244.0,-732.0,-157.885,1.06421e-06,74.0907,41.0557,88.6363,-33.9206,-1374.3,-617.283,-1195.93,-690.136
-1242.0,-732.0,-157.193,1.05931e-06,73.6054,41.404,88.6403,-34.1384,-1374.5,-617.291,-1195.9,-691.349
-1240.0,-732.0,-156.771,1.05444e-06,73.0838,41.7691,88.6443,-34.3574,-1374.69,-617.3,-1195.86,-692.577
-1238.0,-732.0,-156.549,1.04962e-06,72.5218,42.1533,88.6484,-34.5774,-1374.89,-617.308,-1195.82,-693.817
-1236.0,-732.0,-156.494,1.04484e-06,71.915,42.5598,88.6525,-34.7982,-1375.08,-617.316,-1195.78,-695.07
-1234.0,-732.0,-156.604,1.0401e-06,71.2581,42.9921,88.6567,-35.0198,-1375.28,-617.324,-1195.74,-696.335
-1232.0,-732.0,-155.62,8.51119e-07,83.5521,131.911,80.6412,-46.4233,-1383.2,-617.658,-1360.27,-589.094
-1230.0,-732.0,-154.47,8.55532e-07,83.6111,132.245,80.6876,-46.086,-1383.01,-617.65,-1359.8,-589.08
-1228.0,-732.0,-153.654,8.59951e-07,83.6879,132.576,80.734,-45.751,-1382.81,-617.642,-1359.32,-589.065
-1226.0,-732.0,-153.08,8.64391e-07,83.7704,132.902,80.7803,-45.419,-1382.62,-617.634,-1358.85,-589.051
-1224.0,-732.0,-152.678,8.6886e-07,83.8523,133.225,80.8264,-45.0906,-1382.43,-617.626,-1358.37,-589.036
-1222.0,-732.0,-152.404,8.73359e-07,83.9335,133.545,80.8723,-44.7657,-1382.24,-617.618,-1357.89,-589.022
-1220.0,-732.0,-152.226,8.77885e-07,84.014,133.861,80.9181,-44.4442,-1382.05,-617.61,-1357.42,-589.007
-1218.0,-732.0,-152.127,8.82439e-07,84.0939,134.174,80.9636,-44.1261,-1381.85,-617.601,-1356.94,-588.993
-1216.0,-732.0,-152.095,8.8702e-07,84.1731,134.484,81.009,-43.8114,-1381.66,-617.593,-1356.47,-588.978
-1214.0,-732.0,-157.284,1.26866e-06,88.4574,154.375,91.5426,-35.9954,-1376.1,-617.359,-1310.57,-685.683
-1212.0,-732.0,-157.329,1.27466e-06,88.49,154.537,91.51,-35.9954,-1376.1,-617.359,-1310.59,-685.054
-1210.0,-732.0,-159.773,1.28479e-06,88.5271,156.01,91.4729,-43.396,-1381.4,-617.583,-1310.51,-687.269
-1208.0,-732.0,-159.932,1.29088e-06,88.559,156.154,91.441,-43.396,-1381.4,-617.583,-1310.53,-686.679
-1206.0,-732.0,-160.106,1.29696e-06,88.6008,156.297,91.3992,-43.396,-1381.4,-617.583,-1310.55,-686.098
-1204.0,-732.0,-160.296,1.30306e-06,88.6222,156.438,91.3778,-43.396,-1381.4,-617.583,-1310.57,-685.524
-1202.0,-732.0,-160.501,1.30918e-06,88.641,156.577,91.359,-43.396,-1381.4,-617.583,-1310.59,-684.958
-1600.0,-730.0,-108.984,7.9655e-07,87.7425,33.0239,92.2575,-146.976,-1600.0,-730.0,-1400.0,-600.0
-1598.0,-730.0,-108.923,7.90968e-07,87.7266,33.2875,92.2734,-146.712,-1598.0,-730.0,-1400.0,-600.0
-1596.0,-730.0,-108.861,7.85402e-07,87.7105,33.5549,92.2895,-146.445,-1596.0,-730.0,-1400.0,-600.0
-1594.0,-730.0,-108.799,7.79854e-07,87.6942,33.8262,92.3058,-146.174,-1594.0,-730.0,-1400.0,-600.0
-1592.0,-730.0,-108.737,7.74323e-07,87.6777,34.1013,92.3223,-145.899,-1592.0,-730.0,-1400.0,-600.0
-1590.0,-730.0,-108.675,7.68811e-07,87.661,34.3803,92.339,-145.62,-1590.0,-730.0,-1400.0,-600.0
-1588.0,-730.0,-108.613,7.63317e-07,87.6442,34.6634,92.3558,-145.337,-1588.0,-730.0,-1400.0,-600.0
-1586.0,-730.0,-108.55,7.57843e-07,87.6272,34.9507,92.3728,-145.049,-1586.0,-730.0,-1400.0,-600.0
-1584.0,-730.0,-108.487,7.52392e-07,87.6006,35.242,92.3994,-144.758,-1584.0,-730.0,-1400.0,-600.0
-1582.0,-730.0,-108.424,7.46969e-07,87.5616,35.5377,92.4384,-144.462,-1582.0,-730.0,-1400.0,-600.0
-1580.0,-730.0,-108.36,7.41547e-07,87.556,35.8377,92.444,-144.162,-1580.0,-730.0,-1400.0,-600.0
-1578.0,-730.0,-108.297,7.3614e-07,87.56,36.142,92.44,-143.858,-1578.0,-730.0,-1400.0,-600.0
-1576.0,-730.0,-108.233,7.30754e-07,87.5641,36.4509,92.4359,-143.549,-1576.0,-730.0,-1400.0,-600.0
-1574.0,-730.0,-108.168,7.2539e-07,87.5683,36.7644,92.4317,-143.236,-1574.0,-730.0,-1400.0,-600.0
-1572.0,-730.0,-108.104,7.20048e-07,87.5727,37.0825,92.4273,-142.918,-1572.0,-730.0,-1400.0,-600.0
-1570.0,-730.0,-108.039,7.14728e-07,87.5772,37.4054,92.4228,-142.595,-1570.0,-730.0,-1400.0,-600.0
-1568.0,-730.0,-107.975,7.09431e-07,87.5819,37.733,92.4181,-142.267,-1568.0,-730.0,-1400.0,-600.0
-1566.0,-730.0,-107.909,7.04158e-07,87.5867,38.0657,92.4133,-141.934,-1566.0,-730.0,-1400.0,-600.0
-1564.0,-730.0,-107.844,6.98909e-07,87.5917,38.4033,92.4083,-141.597,-1564.0,-730.0,-1400.0,-600.0
-1562.0,-730.0,-107.779,6.93685e-07,87.5968,38.746,92.4032,-141.254,-1562.0,-730.0,-1400.0,-600.0
-1560.0,-730.0,-107.713,6.88492e-07,87.5883,39.0939,92.4117,-140.906,-1560.0,-730.0,-1400.0,-600.0
-1558.0,-730.0,-107.648,6.83331e-07,87.5701,39.447,92.4299,-140.553,-1558.0,-730.0,-1400.0,-600.0
-1556.0,-730.0,-107.582,6.78195e-07,87.5517,39.8056,92.4483,-140.194,-1556.0,-730.0,-1400.0,-600.0
-1554.0,-730.0,-107.516,6.73087e-07,87.5331,40.1696,92.4669,-139.83,-1554.0,-730.0,-1400.0,-600.0
-1552.0,-730.0,-107.45,6.68006e-07,87.5143,40.5392,92.4857,-139.461,-1552.0,-730.0,-1400.0,-600.0
-1550.0,-730.0,-107.384,6.62953e-07,87.4953,40.9144,92.5047,-139.086,-1550.0,-730.0,-1400.0,-600.0
-1548.0,-730.0,-107.318,6.5793e-07,87.4762,41.2954,92.5238,-138.705,-1548.0,-730.0,-1400.0,-600.0
-1546.0,-730.0,-107.251,6.52936e-07,87.4569,41.6822,92.5431,-138.318,-1546.0,-730.0,-1400.0,-600.0
-1544.0,-730.0,-107.185,6.47972e-07,87.4374,42.075,92.5626,-137.925,-1544.0,-730.0,-1400.0,-600.0
-1542.0,-730.0,-107.118,6.43039e-07,87.4177,42.4739,92.5823,-137.526,-1542.0,-730.0,-1400.0,-600.0
-1540.0,-730.0,-107.052,6.38137e-07,87.3978,42.8789,92.6022,-137.121,-1540.0,-730.0,-1400.0,-600.0
-1538.0,-730.0,-106.985,6.33269e-07,87.3778,43.2902,92.6222,-136.71,-1538.0,-730.0,-1400.0,-600.0
-1536.0,-730.0,-106.918,6.28423e-07,87.3767,43.7078,92.6233,-136.292,-1536.0,-730.0,-1400.0,-600.0
-1534.0,-730.0,-106.851,6.2361e-07,87.3801,44.1319,92.6199,-135.868,-1534.0,-730.0,-1400.0,-600.0
-1532.0,-730.0,-106.784,6.18842e-07,87.3599,44.5626,92.6401,-135.437,-1532.0,-730.0,-1400.0,-600.0
-1530.0,-730.0,-106.717,6.1411e-07,87.3396,45.0,92.6604,-135.0,-1530.0,-730.0,-1400.0,-600.0
-1528.0,-730.0,-106.65,6.09415e-07,87.319,45.4441,92.681,-134.556,-1528.0,-730.0,-1400.0,-600.0
-1526.0,-730.0,-106.584,6.04757e-07,87.2984,45.8952,92.7016,-134.105,-1526.0,-730.0,-1400.0,-600.0
-1524.0,-730.0,-106.517,6.00137e-07,87.2776,46.3532,92.7224,-133.647,-1524.0,-730.0,-1400.0,-600.0
-1522.0,-730.0,-106.45,5.95555e-07,87.2566,46.8183,92.7434,-133.182,-1522.0,-730.0,-1400.0,-600.0
-1520.0,-730.0,-106.383,5.91014e-07,87.2355,47.2906,92.7645,-132.709,-1520.0,-730.0,-1400.0,-600.0
-1518.0,-730.0,-106.317,5.86513e-07,87.2143,47.7702,92.7857,-132.23,-1518.0,-730.0,-1400.0,-600.0
-1516.0,-730.0,-106.25,5.82054e-07,87.1929,48.2572,92.8071,-131.743,-1516.0,-730.0,-1400.0,-600.0
-1514.0,-730.0,-106.184,5.77638e-07,87.1714,48.7517,92.8286,-131.248,-1514.0,-730.0,-1400.0,-600.0
-1512.0,-730.0,-106.118,5.73265e-07,87.1498,49.2538,92.8502,-130.746,-1512.0,-730.0,-1400.0,-600.0
-1510.0,-730.0,-106.052,5.68937e-07,87.1281,49.7636,92.8719,-130.236,-1510.0,-730.0,-1400.0,-600.0
-1508.0,-730.0,-105.986,5.64655e-07,87.1063,50.2812,92.8937,-129.719,-1508.0,-730.0,-1400.0,-600.0
-1506.0,-730.0,-105.92,5.6042e-07,87.0845,50.8067,92.9155,-129.193,-1506.0,-730.0,-1400.0,-600.0
-1504.0,-730.0,-105.855,5.56232e-07,87.0625,51.3402,92.9375,-128.66,-1504.0,-730.0,-1400.0,-600.0
-1502.0,-730.0,-105.79,5.52093e-07,87.0404,51.8817,92.9596,-128.118,-1502.0,-730.0,-1400.0,-600.0
-1500.0,-730.0,-105.725,5.48005e-07,87.0183,52.4314,92.9817,-127.569,-1500.0,-730.0,-1400.0,-600.0
-1498.0,-730.0,-105.661,5.43967e-07,86.9962,52.9893,93.0038,-127.011,-1498.0,-730.0,-1400.0,-600.0
-1496.0,-730.0,-105.597,5.39982e-07,86.974,53.5556,93.026,-126.444,-1496.0,-730.0,-1400.0,-600.0
-1494.0,-730.0,-105.533,5.3605e-07,86.9518,54.1302,93.0482,-125.87,-1494.0,-730.0,-1400.0,-600.0
-1492.0,-730.0,-105.47,5.32162e-07,86.9511,54.7133,93.0489,-125.287,-1492.0,-730.0,-1400.0,-600.0
-1490.0,-730.0,-105.407,5.28326e-07,86.958,55.3048,93.042,-124.695,-1490.0,-730.0,-1400.0,-600.0
-1488.0,-730.0,-105.345,5.24562e-07,86.9362,55.905,93.0638,-124.095,-1488.0,-730.0,-1400.0,-600.0
-1486.0,-730.0,-105.283,5.20856e-07,86.9143,56.5138,93.0857,-123.486,-1486.0,-730.0,-1400.0,-600.0
-1484.0,-730.0,-105.222,5.17209e-07,86.8926,57.1313,93.1074,-122.869,-1484.0,-730.0,-1400.0,-600.0
-1482.0,-730.0,-105.161,5.13623e-07,86.8709,57.7575,93.1291,-122.242,-1482.0,-730.0,-1400.0,-600.0
-1480.0,-730.0,-105.101,5.10099e-07,86.8492,58.3925,93.1508,-121.608,-1480.0,-730.0,-1400.0,-600.0
-1478.0,-730.0,-105.042,5.06639e-07,86.8277,59.0362,93.1723,-120.964,-1478.0,-730.0,-1400.0,-600.0
-1476.0,-730.0,-104.983,5.03243e-07,86.8063,59.6888,93.1937,-120.311,-1476.0,-730.0,-1400.0,-600.0
-1474.0,-730.0,-104.926,4.99914e-07,86.785,60.3501,93.215,-119.65,-1474.0,-730.0,-1400.0,-600.0
-1472.0,-730.0,-104.869,4.96651e-07,86.7638,61.0203,93.2362,-118.98,-1472.0,-730.0,-1400.0,-600.0
-1470.0,-730.0,-104.812,4.93458e-07,86.7429,61.6992,93.2571,-118.301,-1470.0,-730.0,-1400.0,-600.0
-1468.0,-730.0,-104.757,4.90334e-07,86.7221,62.387,93.2779,-117.613,-1468.0,-730.0,-1400.0,-600.0
-1466.0,-730.0,-104.703,4.87286e-07,86.6948,63.0834,93.3052,-116.917,-1466.0,-730.0,-1400.0,-600.0
-1464.0,-730.0,-104.65,4.84323e-07,86.6412,63.7886,93.3588,-116.211,-1464.0,-730.0,-1400.0,-600.0
-1462.0,-730.0,-104.598,4.81434e-07,86.5874,64.5024,93.4126,-115.498,-1462.0,-730.0,-1400.0,-600.0
-1460.0,-730.0,-104.547,4.78621e-07,86.5336,65.2249,93.4664,-114.775,-1460.0,-730.0,-1400.0,-600.0
-1458.0,-730.0,-104.497,4.75886e-07,86.4796,65.9558,93.5204,-114.044,-1458.0,-730.0,-1400.0,-600.0
-1456.0,-730.0,-104.448,4.73229e-07,86.4257,66.6951,93.5743,-113.305,-1456.0,-730.0,-1400.0,-600.0
-1454.0,-730.0,-104.401,4.70651e-07,86.3717,67.4428,93.6283,-112.557,-1454.0,-730.0,-1400.0,-600.0
-1452.0,-730.0,-104.354,4.68155e-07,86.3178,68.1986,93.6822,-111.801,-1452.0,-730.0,-1400.0,-600.0
-1450.0,-730.0,-104.309,4.65741e-07,86.264,68.9625,93.736,-111.038,-1450.0,-730.0,-1400.0,-600.0
-1448.0,-730.0,-104.266,4.63411e-07,86.2103,69.7343,93.7897,-110.266,-1448.0,-730.0,-1400.0,-600.0
-1446.0,-730.0,-104.223,4.61166e-07,86.1567,70.5139,93.8433,-109.486,-1446.0,-730.0,-1400.0,-600.0
-1444.0,-730.0,-104.182,4.59007e-07,86.1034,71.301,93.8966,-108.699,-1444.0,-730.0,-1400.0,-600.0
-1442.0,-730.0,-104.143,4.56928e-07,86.063,72.0956,93.937,-107.904,-1442.0,-730.0,-1400.0,-600.0
-1440.0,-730.0,-104.105,4.54926e-07,86.0456,72.8973,93.9544,-107.103,-1440.0,-730.0,-1400.0,-600.0
-1438.0,-730.0,-104.068,4.53013e-07,86.0289,73.706,93.9711,-106.294,-1438.0,-730.0,-1400.0,-600.0
-1436.0,-730.0,-104.033,4.51191e-07,86.0128,74.5214,93.9872,-105.479,-1436.0,-730.0,-1400.0,-600.0
-1434.0,-730.0,-104.0,4.4946e-07,85.9974,75.3432,94.0026,-104.657,-1434.0,-730.0,-1400.0,-600.0
-1432.0,-730.0,-111.418,4.47822e-07,85.9828,76.1937,94.0172,-103.963,-1404.61,-618.561,-1404.61,-618.561
-1430.0,-730.0,-118.744,4.46289e-07,85.969,77.1674,94.031,-103.963,-1404.61,-618.561,-1404.61,-618.561
-1428.0,-730.0,-121.903,1.10719e-06,88.3763,84.0956,91.6237,87.4591,-1398.12,-557.661,-1404.21,-499.951
-1426.0,-730.0,-123.064,1.10527e-06,88.3735,85.5319,91.6265,94.5854,-1408.02,-499.955,-1408.02,-499.955
-1424.0,-730.0,-123.173,1.10477e-06,88.3727,85.877,91.6273,94.2402,-1407.42,-499.955,-1407.42,-499.955
-1422.0,-730.0,-123.212,1.10431e-06,88.3721,86.2225,91.6279,93.8948,-1406.81,-499.954,-1406.81,-499.954
-1420.0,-730.0,-123.195,1.10389e-06,88.3714,86.5683,91.6286,93.549,-1406.2,-499.953,-1406.2,-499.953
-1418.0,-730.0,-123.137,1.10352e-06,88.3709,86.9143,91.6291,93.203,-1405.6,-499.953,-1405.6,-499.953
-1416.0,-730.0,-123.052,1.10318e-06,88.3704,87.2606,91.6296,92.8567,-1404.99,-499.952,-1404.99,-499.952
-1414.0,-730.0,-122.952,1.10288e-06,88.37,87.607,91.63,92.5103,-1404.39,-499.952,-1404.39,-499.952
-1412.0,-730.0,-122.849,1.10262e-06,88.3696,87.9536,91.6304,92.1637,-1403.78,-499.951,-1403.78,-499.951
-1410.0,-730.0,-122.749,1.1024e-06,88.3693,88.3004,91.6307,91.8169,-1403.17,-499.95,-1403.17,-499.95
-1408.0,-730.0,-122.661,1.10222e-06,88.369,88.6473,91.631,91.47,-1402.57,-499.95,-1402.57,-499.95
-1406.0,-730.0,-146.858,1.21472e-06,88.5201,97.531,91.4799,99.5595,-1419.44,-484.568,-1425.26,-584.337
-1404.0,-730.0,-151.048,1.21564e-06,88.5212,98.3027,91.4788,99.5595,-1419.44,-484.568,-1425.26,-584.337
-1402.0,-730.0,-137.991,1.2207e-06,88.5273,98.7465,91.4727,82.1554,-1396.76,-576.497,-1425.41,-577.844
-1400.0,-730.0,-140.622,1.22173e-06,88.5286,99.1751,91.4714,82.1554,-1396.76,-576.497,-1425.55,-571.806
-1398.0,-730.0,-168.377,1.45833e-06,88.7673,-153.589,91.2327,-126.816,-1556.08,-808.509,-1556.08,-808.509
-1396.0,-730.0,-168.612,1.46431e-06,88.7724,-153.875,91.2276,-126.816,-1556.08,-808.509,-1556.08,-808.509
-1394.0,-730.0,-167.895,1.47455e-06,88.7882,-150.24,91.2118,-124.21,-1548.4,-818.284,-1548.4,-818.284
-1392.0,-730.0,-167.877,1.48034e-06,88.8039,-150.557,91.1961,-124.21,-1548.4,-818.284,-1548.4,-818.284
-1390.0,-730.0,-167.879,1.48615e-06,88.8194,-150.867,91.1806,-124.21,-1548.4,-818.284,-1548.4,-818.284
-1388.0,-730.0,-167.898,1.49199e-06,88.8348,-151.172,91.1652,-124.21,-1548.4,-818.284,-1548.4,-818.284
-1386.0,-730.0,-167.931,1.49783e-06,88.8502,-151.471,91.1498,-124.21,-1548.4,-818.284,-1548.4,-818.284
-1384.0,-730.0,-167.978,1.5037e-06,88.8654,-151.764,91.1346,-124.21,-1548.4,-818.284,-1548.4,-818.284
-1382.0,-730.0,-168.036,1.50958e-06,88.8805,-152.052,91.1195,-124.21,-1548.4,-818.284,-1548.4,-818.284
-1380.0,-730.0,-168.106,1.51547e-06,88.8955,-152.335,91.1045,-124.21,-1548.4,-818.284,-1548.4,-818.284
-1378.0,-730.0,-168.188,1.52139e-06,88.9104,-152.612,91.0896,-124.21,-1548.4,-818.284,-1548.4,-818.284
-1376.0,-730.0,-168.281,1.52731e-06,88.9252,-152.884,91.0748,-124.21,-1548.4,-818.284,-1548.4,-818.284
-1374.0,-730.0,-168.387,1.53326e-06,88.9347,-153.151,91.0653,-124.21,-1548.4,-818.284,-1548.4,-818.284
-1372.0,-730.0,-168.507,1.53922e-06,88.9389,-153.414,91.0611,-124.21,-1548.4,-818.284,-1548.4,-818.284
-1370.0,-730.0,-168.642,1.54519e-06,88.943,-153.671,91.057,-124.21,-1548.4,-818.284,-1548.4,-818.284
-1368.0,-730.0,-168.794,1.55118e-06,88.947,-153.924,91.053,-124.21,-1548.4,-818.284,-1548.4,-818.284
-1366.0,-730.0,-168.963,1.55718e-06,88.9511,-154.173,91.0489,-124.21,-1548.4,-818.284,-1548.4,-818.284
-1364.0,-730.0,-169.153,1.56319e-06,88.9551,-154.417,91.0449,-124.21,-1548.4,-818.284,-1548.4,-818.284
-1362.0,-730.0,-169.363,1.56921e-06,88.9592,-154.657,91.0408,-124.21,-1548.4,-818.284,-1548.4,-818.284
-1360.0,-730.0,-169.595,1.57525e-06,88.9631,-154.893,91.0369,-124.21,-1548.4,-818.284,-1548.4,-818.284
-1358.0,-730.0,-169.848,1.5813e-06,88.9671,-155.124,91.0329,-124.21,-1548.4,-818.284,-1548.4,-818.284
-1356.0,-730.0,-169.847,1.58648e-06,88.9705,-158.575,91.0295,-126.816,-1556.08,-808.509,-1556.08,-808.509
-1354.0,-730.0,-169.76,1.59269e-06,88.9745,-158.768,91.0255,-126.816,-1556.08,-808.509,-1556.08,-808.509
-1352.0,-730.0,-169.689,1.59892e-06,88.9785,-158.958,91.0215,-126.816,-1556.08,-808.509,-1556.08,-808.509
-1350.0,-730.0,-169.632,1.60515e-06,88.976,-159.145,91.024,-126.816,-1556.08,-808.509,-1556.08,-808.509
-1348.0,-730.0,-169.588,1.6114e-06,88.9699,-159.328,91.0301,-126.816,-1556.08,-808.509,-1556.08,-808.509
-1346.0,-730.0,-169.555,1.61765e-06,88.9639,-159.509,91.0361,-126.816,-1556.08,-808.509,-1556.08,-808.509
-1344.0,-730.0,-169.531,1.62391e-06,88.958,-159.686,91.042,-126.816,-1556.08,-808.509,-1556.08,-808.509
-1342.0,-730.0,-169.516,1.63017e-06,88.9521,-159.86,91.0479,-126.816,-1556.08,-808.509,-1556.08,-808.509
-1340.0,-730.0,-169.508,1.63645e-06,88.9462,-160.032,91.0538,-126.816,-1556.08,-808.509,-1556.08,-808.509
-1338.0,-730.0,-169.506,1.64273e-06,88.9404,-160.201,91.0596,-126.816,-1556.08,-808.509,-1556.08,-808.509
-1336.0,-730.0,-169.51,1.64901e-06,88.9347,-160.367,91.0653,-126.816,-1556.08,-808.509,-1556.08,-808.509
-1334.0,-730.0,-169.519,1.65531e-06,88.929,-160.53,91.071,-126.816,-1556.08,-808.509,-1556.08,-808.509
-1332.0,-730.0,-169.533,1.6616e-06,88.9233,-160.691,91.0767,-126.816,-1556.08,-808.509,-1556.08,-808.509
-1330.0,-730.0,-169.55,1.66791e-06,88.9177,-160.85,91.0823,-126.816,-1556.08,-808.509,-1556.08,-808.509
-1328.0,-730.0,-169.571,1.67422e-06,88.9121,-161.006,91.0879,-126.816,-1556.08,-808.509,-1556.08,-808.509
-1326.0,-730.0,-169.595,1.68054e-06,88.9066,-161.159,91.0934,-126.816,-1556.08,-808.509,-1556.08,-808.509
-1324.0,-730.0,-169.621,1.68686e-06,88.9012,-161.31,91.0988,-126.816,-1556.08,-808.509,-1556.08,-808.509
-1322.0,-730.0,-169.65,1.69319e-06,88.8957,-161.459,91.1043,-126.816,-1556.08,-808.509,-1556.08,-808.509
-1320.0,-730.0,-169.681,1.69952e-06,88.8903,-161.605,91.1097,-126.816,-1556.08,-808.509,-1556.08,-808.509
-1318.0,-730.0,-169.715,1.70586e-06,88.885,-161.749,91.115,-126.816,-1556.08,-808.509,-1556.08,-808.509
-1316.0,-730.0,-169.877,1.37392e-06,88.6038,34.1731,91.3962,15.8832,-1361.84,-589.142,-1239.87,-678.314
-1314.0,-730.0,-135.784,1.0041e-06,88.0734,38.7865,91.9266,-35.9954,-1376.1,-617.359,-1239.87,-670.425
-1312.0,-730.0,-139.663,9.98926e-07,88.0472,39.1057,91.9528,-35.9954,-1376.1,-617.359,-1239.87,-671.368
-1310.0,-730.0,-143.868,9.93772e-07,88.0208,39.4293,91.9792,-35.9954,-1376.1,-617.359,-1239.87,-672.333
-1308.0,-730.0,-165.957,1.03334e-06,86.1065,42.1143,83.0387,43.4841,-1389.44,-589.987,-1239.87,-668.407
-1306.0,-730.0,-166.251,1.02843e-06,86.0686,42.3639,83.0057,43.735,-1389.54,-589.99,-1239.87,-669.689
-1304.0,-730.0,-165.987,1.02354e-06,86.0304,42.616,82.9725,43.9883,-1389.63,-589.993,-1239.87,-670.995
-1302.0,-730.0,-164.693,1.01868e-06,85.9919,42.8705,82.9391,44.2441,-1389.73,-589.996,-1239.87,-672.323
-1300.0,-730.0,-162.435,1.01383e-06,85.9477,43.1274,82.9056,44.5027,-1389.82,-589.998,-1239.87,-673.676
-1298.0,-730.0,-160.084,1.00902e-06,85.8891,43.3866,82.8717,44.7647,-1389.92,-590.001,-1239.87,-675.054
-1296.0,-730.0,-158.151,1.00424e-06,85.8301,43.6483,82.8377,45.0292,-1390.01,-590.004,-1239.87,-676.457
-1294.0,-730.0,-131.665,1.01732e-06,87.8875,146.735,92.1125,-35.9954,-1376.1,-617.359,-1306.47,-721.82
-1292.0,-730.0,-127.699,1.02293e-06,87.8675,147.006,92.1325,-35.9954,-1376.1,-617.359,-1306.52,-720.57
-1290.0,-730.0,-123.505,1.02855e-06,87.8478,147.273,92.1522,-35.9954,-1376.1,-617.359,-1306.58,-719.346
-1288.0,-730.0,-127.447,1.03419e-06,87.8283,147.536,92.1717,-35.9954,-1376.1,-617.359,-1306.63,-718.147
-1286.0,-730.0,-130.811,1.03985e-06,87.8091,147.795,92.1909,-35.9954,-1376.1,-617.359,-1306.68,-716.972
-1284.0,-730.0,-133.72,1.04552e-06,87.7901,148.051,92.2099,-35.9954,-1376.1,-617.359,-1306.74,-715.822
-1282.0,-730.0,-136.108,1.05121e-06,87.7713,148.303,92.2287,-35.9954,-1376.1,-617.359,-1306.79,-714.694
-1280.0,-730.0,-138.239,1.05691e-06,87.7545,148.552,92.2455,-35.9954,-1376.1,-617.359,-1306.83,-713.589
-1278.0,-730.0,-140.19,1.06262e-06,87.7513,148.797,92.2487,-35.9954,-1376.1,-617.359,-1306.88,-712.506
-1276.0,-730.0,-142.063,1.06833e-06,87.7549,149.039,92.2451,-35.9954,-1376.1,-617.359,-1306.93,-711.444
-1274.0,-730.0,-143.938,1.07406e-06,87.7668,149.277,92.2332,-35.9954,-1376.1,-617.359,-1306.98,-710.403
-1272.0,-730.0,-145.887,1.0798e-06,87.7787,149.512,92.2213,-35.9954,-1376.1,-617.359,-1307.02,-709.381
-1270.0,-730.0,-147.965,1.08555e-06,87.7905,149.744,92.2095,-35.9954,-1376.1,-617.359,-1307.07,-708.379
-1268.0,-730.0,-163.652,1.03093e-06,85.4219,154.474,67.1277,25.7321,-1378.53,-589.653,-1306.93,-711.41
-1266.0,-730.0,-162.994,1.03694e-06,85.4491,154.634,67.2337,25.6006,-1378.4,-589.649,-1306.97,-710.577
-1264.0,-730.0,-162.445,1.04296e-06,85.476,154.791,67.3385,25.4709,-1378.26,-589.645,-1307.0,-709.756
-1262.0,-730.0,-161.989,1.04898e-06,85.5026,154.947,67.4423,25.3428,-1378.13,-589.641,-1307.04,-708.946
-1260.0,-730.0,-161.183,1.29225e-06,88.144,106.334,91.856,-43.3117,-1381.35,-617.58,-1325.58,-506.23
-1258.0,-730.0,-161.104,1.29414e-06,88.1468,106.696,91.8532,-43.3117,-1381.35,-617.58,-1325.12,-506.22
-1256.0,-730.0,-161.042,1.29608e-06,88.1495,107.057,91.8505,-43.3117,-1381.35,-617.58,-1324.66,-506.211
-1254.0,-730.0,-158.391,1.7455e-06,87.5587,63.2546,83.7039,117.497,-1429.36,-543.599,-1239.87,-701.967
-1252.0,-730.0,-159.169,1.74251e-06,87.5578,63.4509,83.7466,117.305,-1429.37,-543.113,-1239.87,-705.731
-1250.0,-730.0,-160.975,1.30211e-06,88.1778,108.129,91.8222,-43.3117,-1381.35,-617.58,-1323.28,-506.183
-1248.0,-730.0,-160.957,1.35312e-06,88.2585,108.484,91.7415,54.8118,-1393.02,-590.096,-1322.82,-506.174
-1246.0,-730.0,-159.992,1.06496e-06,74.4676,40.4426,88.6273,-33.4248,-1373.84,-617.264,-1196.02,-687.399
-1244.0,-730.0,-158.583,1.06e-06,74.0116,40.7761,88.6312,-33.641,-1374.04,-617.272,-1195.98,-688.588
-1242.0,-730.0,-157.653,1.05509e-06,73.5225,41.1243,88.6352,-33.8583,-1374.24,-617.281,-1195.95,-689.79
-1240.0,-730.0,-157.066,1.0502e-06,72.9968,41.4893,88.6392,-34.0768,-1374.44,-617.289,-1195.91,-691.005
-1238.0,-730.0,-156.726,1.04536e-06,72.4304,41.8737,88.6432,-34.2964,-1374.64,-617.297,-1195.87,-692.234
-1236.0,-730.0,-156.575,1.04056e-06,71.8187,42.2804,88.6473,-34.5168,-1374.84,-617.306,-1195.83,-693.475
-1234.0,-730.0,-155.746,8.41788e-07,83.4328,131.879,80.6353,-46.4666,-1383.22,-617.659,-1360.33,-589.096
-1232.0,-730.0,-154.533,8.46196e-07,83.4931,132.217,80.6822,-46.1253,-1383.03,-617.651,-1359.85,-589.082
-1230.0,-730.0,-153.688,8.50635e-07,83.553,132.552,80.7289,-45.7877,-1382.84,-617.643,-1359.38,-589.067
-1228.0,-730.0,-153.09,8.55079e-07,83.631,132.882,80.7756,-45.4523,-1382.64,-617.635,-1358.89,-589.052
-1226.0,-730.0,-152.67,8.59544e-07,83.7146,133.209,80.8223,-45.12,-1382.45,-617.626,-1358.41,-589.038
-1224.0,-730.0,-152.384,8.64038e-07,83.7975,133.532,80.8687,-44.7914,-1382.25,-617.618,-1357.93,-589.023
-1222.0,-730.0,-152.198,8.68561e-07,83.8798,133.852,80.9149,-44.4662,-1382.06,-617.61,-1357.45,-589.008
-1220.0,-730.0,-152.093,8.73112e-07,83.9614,134.168,80.961,-44.1446,-1381.86,-617.602,-1356.97,-588.993
-1218.0,-730.0,-152.058,8.7769e-07,84.0424,134.481,81.0068,-43.8264,-1381.67,-617.594,-1356.49,-588.979
-1216.0,-730.0,-157.218,1.25978e-06,88.4209,154.553,91.5791,-35.9954,-1376.1,-617.359,-1310.59,-684.991
-1214.0,-730.0,-159.687,1.26992e-06,88.4589,156.046,91.5411,-43.396,-1381.4,-617.583,-1310.52,-687.12
-1212.0,-730.0,-159.851,1.276e-06,88.4916,156.192,91.5084,-43.396,-1381.4,-617.583,-1310.54,-686.524
-1210.0,-730.0,-160.032,1.2821e-06,88.5239,156.337,91.4761,-43.396,-1381.4,-617.583,-1310.56,-685.935
-1208.0,-730.0,-160.229,1.28819e-06,88.5633,156.48,91.4367,-43.396,-1381.4,-617.583,-1310.58,-685.355
-1206.0,-730.0,-163.125,1.23514e-06,86.7163,158.077,70.4742,21.7299,-1373.67,-589.504,-1310.49,-687.947
-1204.0,-730.0,-163.512,1.2413e-06,86.75,158.192,70.554,21.6379,-1373.53,-589.5,-1310.51,-687.383
-1202.0,-730.0,-163.932,1.24748e-06,86.7805,158.306,70.6328,21.5471,-1373.4,-589.496,-1310.53,-686.825
-1600.0,-728.0,-108.944,7.92927e-07,87.7478,32.6192,92.2522,-147.381,-1600.0,-728.0,-1400.0,-600.0
-1598.0,-728.0,-108.882,7.87319e-07,87.7318,32.8812,92.2682,-147.119,-1598.0,-728.0,-1400.0,-600.0
-1596.0,-728.0,-108.82,7.81727e-07,87.7155,33.147,92.2845,-146.853,-1596.0,-728.0,-1400.0,-600.0
-1594.0,-728.0,-108.758,7.76153e-07,87.6991,33.4166,92.3009,-146.583,-1594.0,-728.0,-1400.0,-600.0
-1592.0,-728.0,-108.695,7.70596e-07,87.6825,33.6901,92.3175,-146.31,-1592.0,-728.0,-1400.0,-600.0
-1590.0,-728.0,-108.632,7.65057e-07,87.6657,33.9675,92.3343,-146.032,-1590.0,-728.0,-1400.0,-600.0
-1588.0,-728.0,-108.569,7.59536e-07,87.6488,34.249,92.3512,-145.751,-1588.0,-728.0,-1400.0,-600.0
-1586.0,-728.0,-108.506,7.54034e-07,87.6316,34.5347,92.3684,-145.465,-1586.0,-728.0,-1400.0,-600.0
-1584.0,-728.0,-108.442,7.48556e-07,87.6049,34.8245,92.3951,-145.176,-1584.0,-728.0,-1400.0,-600.0
-1582.0,-728.0,-108.379,7.43104e-07,87.5656,35.1186,92.4344,-144.881,-1582.0,-728.0,-1400.0,-600.0
-1580.0,-728.0,-108.315,7.37672e-07,87.5264,35.4171,92.4736,-144.583,-1580.0,-728.0,-1400.0,-600.0
-1578.0,-728.0,-108.25,7.32237e-07,87.5301,35.72,92.4699,-144.28,-1578.0,-728.0,-1400.0,-600.0
-1576.0,-728.0,-108.186,7.26822e-07,87.5339,36.0274,92.4661,-143.973,-1576.0,-728.0,-1400.0,-600.0
-1574.0,-728.0,-108.121,7.21428e-07,87.5378,36.3394,92.4622,-143.661,-1574.0,-728.0,-1400.0,-600.0
-1572.0,-728.0,-108.056,7.16057e-07,87.5419,36.6561,92.4581,-143.344,-1572.0,-728.0,-1400.0,-600.0
-1570.0,-728.0,-107.99,7.10707e-07,87.5461,36.9776,92.4539,-143.022,-1570.0,-728.0,-1400.0,-600.0
-1568.0,-728.0,-107.925,7.0538e-07,87.5504,37.3039,92.4496,-142.696,-1568.0,-728.0,-1400.0,-600.0
-1566.0,-728.0,-107.859,7.00076e-07,87.5549,37.6353,92.4451,-142.365,-1566.0,-728.0,-1400.0,-600.0
-1564.0,-728.0,-107.793,6.94796e-07,87.5596,37.9716,92.4404,-142.028,-1564.0,-728.0,-1400.0,-600.0
-1562.0,-728.0,-107.727,6.8954e-07,87.5644,38.3131,92.4356,-141.687,-1562.0,-728.0,-1400.0,-600.0
-1560.0,-728.0,-107.66,6.84317e-07,87.5555,38.6598,92.4445,-141.34,-1560.0,-728.0,-1400.0,-600.0
-1558.0,-728.0,-107.594,6.79123e-07,87.5368,39.0119,92.4632,-140.988,-1558.0,-728.0,-1400.0,-600.0
-1556.0,-728.0,-107.527,6.73956e-07,87.5179,39.3693,92.4821,-140.631,-1556.0,-728.0,-1400.0,-600.0
-1554.0,-728.0,-107.461,6.68815e-07,87.4988,39.7323,92.5012,-140.268,-1554.0,-728.0,-1400.0,-600.0
-1552.0,-728.0,-107.394,6.63701e-07,87.4795,40.1009,92.5205,-139.899,-1552.0,-728.0,-1400.0,-600.0
-1550.0,-728.0,-107.327,6.58616e-07,87.46,40.4752,92.54,-139.525,-1550.0,-728.0,-1400.0,-600.0
-1548.0,-728.0,-107.26,6.53559e-07,87.4403,40.8554,92.5597,-139.145,-1548.0,-728.0,-1400.0,-600.0
-1546.0,-728.0,-107.192,6.48531e-07,87.4205,41.2414,92.5795,-138.759,-1546.0,-728.0,-1400.0,-600.0
-1544.0,-728.0,-107.125,6.43533e-07,87.4004,41.6335,92.5996,-138.366,-1544.0,-728.0,-1400.0,-600.0
-1542.0,-728.0,-107.058,6.38566e-07,87.3802,42.0318,92.6198,-137.968,-1542.0,-728.0,-1400.0,-600.0
-1540.0,-728.0,-106.99,6.3363e-07,87.3598,42.4362,92.6402,-137.564,-1540.0,-728.0,-1400.0,-600.0
-1538.0,-728.0,-106.922,6.28726e-07,87.3392,42.847,92.6608,-137.153,-1538.0,-728.0,-1400.0,-600.0
-1536.0,-728.0,-106.854,6.23846e-07,87.3376,43.2643,92.6624,-136.736,-1536.0,-728.0,-1400.0,-600.0
-1534.0,-728.0,-106.786,6.18995e-07,87.3428,43.6881,92.6572,-136.312,-1534.0,-728.0,-1400.0,-600.0
-1532.0,-728.0,-106.718,6.14183e-07,87.3399,44.1186,92.6601,-135.881,-1532.0,-728.0,-1400.0,-600.0
-1530.0,-728.0,-106.65,6.09415e-07,87.319,44.5559,92.681,-135.444,-1530.0,-728.0,-1400.0,-600.0
-1528.0,-728.0,-106.583,6.04683e-07,87.298,45.0,92.702,-135.0,-1528.0,-728.0,-1400.0,-600.0
-1526.0,-728.0,-106.515,5.99988e-07,87.2769,45.4511,92.7231,-134.549,-1526.0,-728.0,-1400.0,-600.0
-1524.0,-728.0,-106.447,5.95331e-07,87.2556,45.9094,92.7444,-134.091,-1524.0,-728.0,-1400.0,-600.0
-1522.0,-728.0,-106.379,5.90712e-07,87.2341,46.3748,92.7659,-133.625,-1522.0,-728.0,-1400.0,-600.0
-1520.0,-728.0,-106.311,5.86133e-07,87.2125,46.8476,92.7875,-133.152,-1520.0,-728.0,-1400.0,-600.0
-1518.0,-728.0,-106.243,5.81595e-07,87.1907,47.3278,92.8093,-132.672,-1518.0,-728.0,-1400.0,-600.0
-1516.0,-728.0,-106.176,5.77098e-07,87.1688,47.8156,92.8312,-132.184,-1516.0,-728.0,-1400.0,-600.0
-1514.0,-728.0,-106.108,5.72644e-07,87.1467,48.3109,92.8533,-131.689,-1514.0,-728.0,-1400.0,-600.0
-1512.0,-728.0,-106.041,5.68233e-07,87.1246,48.8141,92.8754,-131.186,-1512.0,-728.0,-1400.0,-600.0
-1510.0,-728.0,-105.974,5.63866e-07,87.1023,49.3251,92.8977,-130.675,-1510.0,-728.0,-1400.0,-600.0
-1508.0,-728.0,-105.907,5.59545e-07,87.0799,49.844,92.9201,-130.156,-1508.0,-728.0,-1400.0,-600.0
-1506.0,-728.0,-105.84,5.55271e-07,87.0574,50.371,92.9426,-129.629,-1506.0,-728.0,-1400.0,-600.0
-1504.0,-728.0,-105.774,5.51044e-07,87.0348,50.9061,92.9652,-129.094,-1504.0,-728.0,-1400.0,-600.0
-1502.0,-728.0,-105.707,5.46866e-07,87.0121,51.4495,92.9879,-128.55,-1502.0,-728.0,-1400.0,-600.0
-1500.0,-728.0,-105.641,5.42738e-07,86.9894,52.0013,93.0106,-127.999,-1500.0,-728.0,-1400.0,-600.0
-1498.0,-728.0,-105.576,5.38661e-07,86.9666,52.5614,93.0334,-127.439,-1498.0,-728.0,-1400.0,-600.0
-1496.0,-728.0,-105.51,5.34636e-07,86.9437,53.1301,93.0563,-126.87,-1496.0,-728.0,-1400.0,-600.0
-1494.0,-728.0,-105.445,5.30657e-07,86.9353,53.7074,93.0647,-126.293,-1494.0,-728.0,-1400.0,-600.0
-1492.0,-728.0,-105.381,5.26725e-07,86.9431,54.2933,93.0569,-125.707,-1492.0,-728.0,-1400.0,-600.0
-1490.0,-728.0,-105.316,5.22849e-07,86.9498,54.888,93.0502,-125.112,-1490.0,-728.0,-1400.0,-600.0
-1488.0,-728.0,-105.253,5.19045e-07,86.9274,55.4915,93.0726,-124.509,-1488.0,-728.0,-1400.0,-600.0
-1486.0,-728.0,-105.19,5.15299e-07,86.9051,56.1038,93.0949,-123.896,-1486.0,-728.0,-1400.0,-600.0
-1484.0,-728.0,-105.127,5.11613e-07,86.8828,56.7251,93.1172,-123.275,-1484.0,-728.0,-1400.0,-600.0
-1482.0,-728.0,-105.065,5.07988e-07,86.8605,57.3554,93.1395,-122.645,-1482.0,-728.0,-1400.0,-600.0
-1480.0,-728.0,-105.004,5.04425e-07,86.8383,57.9946,93.1617,-122.005,-1480.0,-728.0,-1400.0,-600.0
-1478.0,-728.0,-104.943,5.00925e-07,86.8162,58.6429,93.1838,-121.357,-1478.0,-728.0,-1400.0,-600.0
-1476.0,-728.0,-104.883,4.97491e-07,86.7942,59.3003,93.2058,-120.7,-1476.0,-728.0,-1400.0,-600.0
-1474.0,-728.0,-104.824,4.94122e-07,86.7723,59.9667,93.2277,-120.033,-1474.0,-728.0,-1400.0,-600.0
-1472.0,-728.0,-104.766,4.90821e-07,86.7506,60.6422,93.2494,-119.358,-1472.0,-728.0,-1400.0,-600.0
-1470.0,-728.0,-104.708,4.8759e-07,86.729,61.3269,93.271,-118.673,-1470.0,-728.0,-1400.0,-600.0
-1468.0,-728.0,-104.652,4.84428e-07,86.7077,62.0205,93.2923,-117.979,-1468.0,-728.0,-1400.0,-600.0
-1466.0,-728.0,-104.596,4.81342e-07,86.6797,62.7232,93.3203,-117.277,-1466.0,-728.0,-1400.0,-600.0
-1464.0,-728.0,-104.542,4.78342e-07,86.625,63.4349,93.375,-116.565,-1464.0,-728.0,-1400.0,-600.0
-1462.0,-728.0,-104.488,4.75417e-07,86.5702,64.1556,93.4298,-115.844,-1462.0,-728.0,-1400.0,-600.0
-1460.0,-728.0,-104.436,4.72568e-07,86.5153,64.8852,93.4847,-115.115,-1460.0,-728.0,-1400.0,-600.0
-1458.0,-728.0,-104.385,4.69797e-07,86.4603,65.6235,93.5397,-114.376,-1458.0,-728.0,-1400.0,-600.0
-1456.0,-728.0,-104.335,4.67106e-07,86.4053,66.3706,93.5947,-113.629,-1456.0,-728.0,-1400.0,-600.0
-1454.0,-728.0,-104.286,4.64494e-07,86.3502,67.1263,93.6498,-112.874,-1454.0,-728.0,-1400.0,-600.0
-1452.0,-728.0,-104.238,4.61964e-07,86.2952,67.8906,93.7048,-112.109,-1452.0,-728.0,-1400.0,-600.0
-1450.0,-728.0,-104.192,4.59518e-07,86.2403,68.6631,93.7597,-111.337,-1450.0,-728.0,-1400.0,-600.0
-1448.0,-728.0,-104.147,4.57156e-07,86.1855,69.444,93.8145,-110.556,-1448.0,-728.0,-1400.0,-600.0
-1446.0,-728.0,-104.104,4.5488e-07,86.1308,70.2328,93.8692,-109.767,-1446.0,-728.0,-1400.0,-600.0
-1444.0,-728.0,-104.062,4.52691e-07,86.0763,71.0296,93.9237,-108.97,-1444.0,-728.0,-1400.0,-600.0
-1442.0,-728.0,-104.021,4.50583e-07,86.0349,71.834,93.9651,-108.166,-1442.0,-728.0,-1400.0,-600.0
-1440.0,-728.0,-103.982,4.48552e-07,86.017,72.646,93.983,-107.354,-1440.0,-728.0,-1400.0,-600.0
-1438.0,-728.0,-103.944,4.46612e-07,85.9996,73.4652,94.0004,-106.535,-1438.0,-728.0,-1400.0,-600.0
-1436.0,-728.0,-103.908,4.44764e-07,85.983,74.2914,94.017,-105.709,-1436.0,-728.0,-1400.0,-600.0
-1434.0,-728.0,-103.874,4.43008e-07,85.967,75.1243,94.033,-104.876,-1434.0,-728.0,-1400.0,-600.0
-1432.0,-728.0,-103.841,4.41346e-07,85.9518,75.9638,94.0482,-104.036,-1432.0,-728.0,-1400.0,-600.0
-1430.0,-728.0,-117.122,4.39786e-07,85.9375,76.9409,94.0625,-103.963,-1404.61,-618.561,-1404.61,-618.561
-1428.0,-728.0,-121.804,1.10055e-06,88.3777,84.0598,91.6223,87.4233,-1398.11,-558.012,-1404.27,-499.951
-1426.0,-728.0,-122.222,1.09988e-06,88.3767,84.4057,91.6233,87.7693,-1398.22,-554.35,-1403.66,-499.951
-1424.0,-728.0,-123.114,1.09811e-06,88.3741,85.852,91.6259,94.2653,-1407.46,-499.955,-1407.46,-499.955
-1422.0,-728.0,-123.158,1.09765e-06,88.3734,86.1996,91.6266,93.9177,-1406.85,-499.954,-1406.85,-499.954
-1420.0,-728.0,-123.145,1.09723e-06,88.3728,86.5474,91.6272,93.5699,-1406.24,-499.954,-1406.24,-499.954
-1418.0,-728.0,-123.088,1.09685e-06,88.3723,86.8955,91.6277,93.2218,-1405.63,-499.953,-1405.63,-499.953
-1416.0,-728.0,-123.003,1.09651e-06,88.3718,87.2439,91.6282,92.8734,-1405.02,-499.952,-1405.02,-499.952
-1414.0,-728.0,-122.903,1.09621e-06,88.3713,87.5924,91.6287,92.5249,-1404.41,-499.952,-1404.41,-499.952
-1412.0,-728.0,-122.799,1.09595e-06,88.3709,87.9411,91.6291,92.1762,-1403.8,-499.951,-1403.8,-499.951
-1410.0,-728.0,-122.013,1.20652e-06,88.5203,96.0424,91.4797,99.5725,-1419.47,-484.57,-1425.27,-583.732
-1408.0,-728.0,-122.609,1.09555e-06,88.3703,88.639,91.6297,91.4783,-1402.58,-499.95,-1402.58,-499.95
-1406.0,-728.0,-147.433,1.20811e-06,88.5222,97.6346,91.4778,99.5595,-1419.44,-484.568,-1425.26,-584.337
-1404.0,-728.0,-134.648,1.2131e-06,88.5283,98.3803,91.4717,82.1554,-1396.76,-576.497,-1425.27,-583.584
-1402.0,-728.0,-138.414,1.2141e-06,88.5295,98.813,91.4705,82.1554,-1396.76,-576.497,-1425.43,-576.862
-1400.0,-728.0,-154.193,1.24189e-06,88.5624,99.9619,91.4376,113.553,-1429.64,-532.017,-1425.26,-584.18
-1398.0,-728.0,-168.148,1.46132e-06,88.7783,-153.01,91.2217,-126.816,-1556.08,-808.509,-1556.08,-808.509
-1396.0,-728.0,-168.232,1.47214e-06,88.7873,-149.357,91.2127,-124.21,-1548.4,-818.284,-1548.4,-818.284
-1394.0,-728.0,-168.128,1.47788e-06,88.7993,-149.684,91.2007,-124.21,-1548.4,-818.284,-1548.4,-818.284
-1392.0,-728.0,-168.062,1.48364e-06,88.8149,-150.004,91.1851,-124.21,-1548.4,-818.284,-1548.4,-818.284
-1390.0,-728.0,-168.026,1.48943e-06,88.8303,-150.318,91.1697,-124.21,-1548.4,-818.284,-1548.4,-818.284
-1388.0,-728.0,-168.013,1.49523e-06,88.8456,-150.627,91.1544,-124.21,-1548.4,-818.284,-1548.4,-818.284
-1386.0,-728.0,-168.019,1.50104e-06,88.8609,-150.929,91.1391,-124.21,-1548.4,-818.284,-1548.4,-818.284
-1384.0,-728.0,-168.041,1.50688e-06,88.876,-151.226,91.124,-124.21,-1548.4,-818.284,-1548.4,-818.284
-1382.0,-728.0,-168.076,1.51273e-06,88.891,-151.517,91.109,-124.21,-1548.4,-818.284,-1548.4,-818.284
-1380.0,-728.0,-168.124,1.5186e-06,88.9059,-151.803,91.0941,-124.21,-1548.4,-818.284,-1548.4,-818.284
-1378.0,-728.0,-168.182,1.52448e-06,88.9207,-152.084,91.0793,-124.21,-1548.4,-818.284,-1548.4,-818.284
-1376.0,-728.0,-168.252,1.53038e-06,88.9327,-152.36,91.0673,-124.21,-1548.4,-818.284,-1548.4,-818.284
-1374.0,-728.0,-168.333,1.5363e-06,88.9368,-152.631,91.0632,-124.21,-1548.4,-818.284,-1548.4,-818.284
-1372.0,-728.0,-168.425,1.54223e-06,88.9409,-152.896,91.0591,-124.21,-1548.4,-818.284,-1548.4,-818.284
-1370.0,-728.0,-168.53,1.54818e-06,88.945,-153.158,91.055,-124.21,-1548.4,-818.284,-1548.4,-818.284
-1368.0,-728.0,-168.647,1.55414e-06,88.9491,-153.414,91.0509,-124.21,-1548.4,-818.284,-1548.4,-818.284
-1366.0,-728.0,-168.779,1.56011e-06,88.9531,-153.666,91.0469,-124.21,-1548.4,-818.284,-1548.4,-818.284
-1364.0,-728.0,-168.927,1.5661e-06,88.9571,-153.914,91.0429,-124.21,-1548.4,-818.284,-1548.4,-818.284
-1362.0,-728.0,-169.092,1.57209e-06,88.9611,-154.157,91.0389,-124.21,-1548.4,-818.284,-1548.4,-818.284
-1360.0,-728.0,-169.276,1.57811e-06,88.965,-154.396,91.035,-124.21,-1548.4,-818.284,-1548.4,-818.284
-1358.0,-728.0,-169.48,1.58413e-06,88.969,-154.631,91.031,-124.21,-1548.4,-818.284,-1548.4,-818.284
-1356.0,-728.0,-169.705,1.59016e-06,88.9729,-154.862,91.0271,-124.21,-1548.4,-818.284,-1548.4,-818.284
-1354.0,-728.0,-169.949,1.59621e-06,88.9768,-155.089,91.0232,-124.21,-1548.4,-818.284,-1548.4,-818.284
-1352.0,-728.0,-170.06,1.60134e-06,88.9759,-158.471,91.0241,-126.816,-1556.08,-808.509,-1556.08,-808.509
-1350.0,-728.0,-169.967,1.60756e-06,88.9698,-158.661,91.0302,-126.816,-1556.08,-808.509,-1556.08,-808.509
-1348.0,-728.0,-169.89,1.61378e-06,88.9638,-158.848,91.0362,-126.816,-1556.08,-808.509,-1556.08,-808.509
-1346.0,-728.0,-169.827,1.62001e-06,88.9578,-159.031,91.0422,-126.816,-1556.08,-808.509,-1556.08,-808.509
-1344.0,-728.0,-169.776,1.62625e-06,88.9519,-159.212,91.0481,-126.816,-1556.08,-808.509,-1556.08,-808.509
-1342.0,-728.0,-169.737,1.6325e-06,88.946,-159.39,91.054,-126.816,-1556.08,-808.509,-1556.08,-808.509
-1340.0,-728.0,-169.708,1.63875e-06,88.9402,-159.565,91.0598,-126.816,-1556.08,-808.509,-1556.08,-808.509
-1338.0,-728.0,-169.688,1.64502e-06,88.9344,-159.737,91.0656,-126.816,-1556.08,-808.509,-1556.08,-808.509
-1336.0,-728.0,-169.675,1.65128e-06,88.9286,-159.906,91.0714,-126.816,-1556.08,-808.509,-1556.08,-808.509
-1334.0,-728.0,-169.669,1.65756e-06,88.923,-160.073,91.077,-126.816,-1556.08,-808.509,-1556.08,-808.509
-1332.0,-728.0,-169.669,1.66384e-06,88.9173,-160.237,91.0827,-126.816,-1556.08,-808.509,-1556.08,-808.509
-1330.0,-728.0,-169.674,1.67013e-06,88.9117,-160.399,91.0883,-126.816,-1556.08,-808.509,-1556.08,-808.509
-1328.0,-728.0,-169.684,1.67642e-06,88.9062,-160.558,91.0938,-126.816,-1556.08,-808.509,-1556.08,-808.509
-1326.0,-728.0,-169.698,1.68272e-06,88.9007,-160.714,91.0993,-126.816,-1556.08,-808.509,-1556.08,-808.509
-1324.0,-728.0,-169.716,1.68903e-06,88.8952,-160.868,91.1048,-126.816,-1556.08,-808.509,-1556.08,-808.509
-1322.0,-728.0,-169.736,1.69534e-06,88.8898,-161.02,91.1102,-126.816,-1556.08,-808.509,-1556.08,-808.509
-1320.0,-728.0,-169.76,1.70166e-06,88.8845,-161.169,91.1155,-126.816,-1556.08,-808.509,-1556.08,-808.509
-1318.0,-728.0,-169.786,1.70798e-06,88.8791,-161.316,91.1209,-126.816,-1556.08,-808.509,-1556.08,-808.509
-1316.0,-728.0,-170.999,1.72433e-06,88.8804,164.117,91.1196,-126.816,-1556.08,-808.509,-1331.54,-723.577
-1314.0,-728.0,-169.999,1.36466e-06,88.5735,33.9973,91.4265,15.8832,-1361.84,-589.142,-1239.87,-678.003
-1312.0,-728.0,-134.707,9.94745e-07,88.0266,38.7081,91.9734,-35.9954,-1376.1,-617.359,-1239.87,-670.195
-1310.0,-728.0,-138.639,9.89562e-07,87.9999,39.0308,92.0001,-35.9954,-1376.1,-617.359,-1239.87,-671.146
-1308.0,-728.0,-142.799,9.84403e-07,87.973,39.3579,92.027,-35.9954,-1376.1,-617.359,-1239.87,-672.12
-1306.0,-728.0,-165.894,1.02398e-06,86.0282,42.0865,83.0415,43.4624,-1389.43,-589.987,-1239.87,-668.273
-1304.0,-728.0,-166.223,1.01906e-06,85.9896,42.3384,83.0082,43.7155,-1389.53,-589.99,-1239.87,-669.566
-1302.0,-728.0,-166.007,1.01417e-06,85.9506,42.5926,82.9748,43.971,-1389.63,-589.992,-1239.87,-670.882
-1300.0,-728.0,-164.778,1.00931e-06,85.9058,42.8493,82.941,44.2295,-1389.72,-589.995,-1239.87,-672.221
-1298.0,-728.0,-133.339,1.00248e-06,87.9084,146.603,92.0916,-35.9954,-1376.1,-617.359,-1306.44,-722.434
-1296.0,-728.0,-129.461,1.00808e-06,87.8879,146.88,92.1121,-35.9954,-1376.1,-617.359,-1306.5,-721.151
-1294.0,-728.0,-125.153,1.01369e-06,87.8678,147.153,92.1322,-35.9954,-1376.1,-617.359,-1306.55,-719.895
-1292.0,-728.0,-125.605,1.01933e-06,87.8479,147.422,92.1521,-35.9954,-1376.1,-617.359,-1306.61,-718.665
-1290.0,-728.0,-129.336,1.02497e-06,87.8282,147.687,92.1718,-35.9954,-1376.1,-617.359,-1306.66,-717.461
-1288.0,-728.0,-132.456,1.03064e-06,87.8088,147.949,92.1912,-35.9954,-1376.1,-617.359,-1306.71,-716.282
-1286.0,-728.0,-135.097,1.03632e-06,87.7897,148.206,92.2103,-35.9954,-1376.1,-617.359,-1306.77,-715.128
-1284.0,-728.0,-137.354,1.04202e-06,87.7708,148.46,92.2292,-35.9954,-1376.1,-617.359,-1306.82,-713.996
-1282.0,-728.0,-139.39,1.04773e-06,87.7521,148.71,92.2479,-35.9954,-1376.1,-617.359,-1306.87,-712.888
-1280.0,-728.0,-141.309,1.05345e-06,87.7471,148.957,92.2529,-35.9954,-1376.1,-617.359,-1306.91,-711.801
-1278.0,-728.0,-143.203,1.05918e-06,87.744,149.2,92.256,-35.9954,-1376.1,-617.359,-1306.96,-710.736
-1276.0,-728.0,-145.15,1.06492e-06,87.7477,149.44,92.2523,-35.9954,-1376.1,-617.359,-1307.01,-709.692
-1274.0,-728.0,-147.216,1.07067e-06,87.7598,149.677,92.2402,-35.9954,-1376.1,-617.359,-1307.05,-708.668
-1272.0,-728.0,-163.517,1.01606e-06,85.3485,154.49,67.1321,25.7266,-1378.53,-589.653,-1306.93,-711.33
-1270.0,-728.0,-162.855,1.02207e-06,85.3765,154.652,67.2396,25.5933,-1378.39,-589.649,-1306.97,-710.486
-1268.0,-728.0,-162.304,1.02809e-06,85.4042,154.812,67.346,25.4617,-1378.25,-589.644,-1307.01,-709.654
-1266.0,-728.0,-161.847,1.03411e-06,85.4317,154.969,67.4512,25.3319,-1378.12,-589.64,-1307.05,-708.834
-1264.0,-728.0,-161.471,1.04014e-06,85.4588,155.125,67.5553,25.2037,-1377.98,-589.636,-1307.08,-708.026
-1262.0,-728.0,-161.197,1.28398e-06,88.1321,106.076,91.8679,-43.3117,-1381.35,-617.58,-1325.91,-506.236
-1260.0,-728.0,-161.104,1.28585e-06,88.1348,106.441,91.8652,-43.3117,-1381.35,-617.58,-1325.44,-506.227
-1258.0,-728.0,-161.03,1.28776e-06,88.1376,106.805,91.8624,-43.3117,-1381.35,-617.58,-1324.98,-506.217
-1256.0,-728.0,-160.973,1.28971e-06,88.1404,107.168,91.8596,-43.3117,-1381.35,-617.58,-1324.52,-506.208
-1254.0,-728.0,-158.016,1.73955e-06,87.5503,63.1556,83.6823,117.595,-1429.35,-543.844,-1239.87,-700.087
-1252.0,-728.0,-158.728,1.73654e-06,87.5494,63.3524,83.725,117.402,-1429.36,-543.359,-1239.87,-703.834
-1250.0,-728.0,-160.92,1.3447e-06,88.2356,108.247,91.7644,54.8118,-1393.02,-590.096,-1323.13,-506.18
-1248.0,-728.0,-160.901,1.3468e-06,88.2503,108.603,91.7497,54.8118,-1393.02,-590.096,-1322.67,-506.171
-1246.0,-728.0,-160.911,1.34894e-06,88.265,108.958,91.735,54.8118,-1393.02,-590.096,-1322.21,-506.162
-1244.0,-728.0,-159.488,9.65588e-07,87.5926,119.952,92.4074,-43.396,-1381.4,-617.583,-1324.87,-587.651
-1242.0,-728.0,-158.28,1.05089e-06,73.4393,40.8421,88.6301,-33.576,-1373.98,-617.27,-1195.99,-688.23
-1240.0,-728.0,-157.482,1.04599e-06,72.9095,41.2071,88.634,-33.794,-1374.18,-617.278,-1195.96,-689.433
-1238.0,-728.0,-156.994,1.04113e-06,72.3386,41.5915,88.638,-34.0131,-1374.38,-617.287,-1195.92,-690.65
-1236.0,-728.0,-155.884,8.3246e-07,83.31,131.847,80.6292,-46.511,-1383.25,-617.66,-1360.4,-589.098
-1234.0,-728.0,-154.604,8.36864e-07,83.3718,132.189,80.6766,-46.1656,-1383.05,-617.652,-1359.91,-589.083
-1232.0,-728.0,-153.714,8.41298e-07,83.433,132.527,80.7238,-45.824,-1382.86,-617.644,-1359.43,-589.069
-1230.0,-728.0,-153.099,8.45762e-07,83.4939,132.862,80.7709,-45.486,-1382.66,-617.635,-1358.94,-589.054
-1228.0,-728.0,-152.664,8.50231e-07,83.573,133.192,80.818,-45.1504,-1382.47,-617.627,-1358.46,-589.039
-1226.0,-728.0,-152.365,8.54722e-07,83.6577,133.519,80.8649,-44.8179,-1382.27,-617.619,-1357.97,-589.024
-1224.0,-728.0,-152.17,8.59241e-07,83.7418,133.842,80.9117,-44.4889,-1382.07,-617.611,-1357.48,-589.009
-1222.0,-728.0,-152.059,8.63789e-07,83.8252,134.162,80.9582,-44.1636,-1381.88,-617.602,-1357.0,-588.994
-1220.0,-728.0,-152.02,8.68364e-07,83.9079,134.479,81.0046,-43.8418,-1381.68,-617.594,-1356.51,-588.979
-1218.0,-728.0,-159.6,1.25505e-06,88.3892,156.083,91.6108,-43.396,-1381.4,-617.583,-1310.52,-686.968
-1216.0,-728.0,-159.771,1.26114e-06,88.4226,156.231,91.5774,-43.396,-1381.4,-617.583,-1310.54,-686.364
-1214.0,-728.0,-159.958,1.26723e-06,88.4557,156.378,91.5443,-43.396,-1381.4,-617.583,-1310.56,-685.768
-1212.0,-728.0,-160.163,1.27333e-06,88.4884,156.522,91.5116,-43.396,-1381.4,-617.583,-1310.58,-685.181
-1210.0,-728.0,-163.191,1.22038e-06,86.597,158.135,70.5041,21.6954,-1373.62,-589.503,-1310.5,-687.671
-1208.0,-728.0,-163.594,1.22651e-06,86.6574,158.251,70.5865,21.6004,-1373.48,-589.498,-1310.52,-687.102
-1206.0,-728.0,-164.033,1.23266e-06,86.7172,158.366,70.6682,21.5064,-1373.34,-589.494,-1310.54,-686.539
-1204.0,-728.0,-164.508,1.23883e-06,86.751,158.48,70.7472,21.4156,-1373.2,-589.49,-1310.56,-685.983
-1202.0,-728.0,-159.828,2.12618e-06,87.1558,-36.1353,88.4358,21.7853,-1373.75,-589.507,-1091.8,-808.466
-1600.0,-726.0,-108.905,7.89344e-07,87.7533,32.2109,92.2467,-147.789,-1600.0,-726.0,-1400.0,-600.0
-1598.0,-726.0,-108.842,7.8371e-07,87.7371,32.4712,92.2629,-147.529,-1598.0,-726.0,-1400.0,-600.0
-1596.0,-726.0,-108.78,7.78093e-07,87.7208,32.7352,92.2792,-147.265,-1596.0,-726.0,-1400.0,-600.0
-1594.0,-726.0,-108.717,7.72492e-07,87.7042,33.0031,92.2958,-146.997,-1594.0,-726.0,-1400.0,-600.0
-1592.0,-726.0,-108.654,7.66909e-07,87.6875,33.2749,92.3125,-146.725,-1592.0,-726.0,-1400.0,-600.0
-1590.0,-726.0,-108.59,7.61343e-07,87.6706,33.5507,92.3294,-146.449,-1590.0,-726.0,-1400.0,-600.0
-1588.0,-726.0,-108.526,7.55795e-07,87.6535,33.8305,92.3465,-146.17,-1588.0,-726.0,-1400.0,-600.0
-1586.0,-726.0,-108.462,7.50265e-07,87.6362,34.1145,92.3638,-145.886,-1586.0,-726.0,-1400.0,-600.0
-1584.0,-726.0,-108.398,7.44759e-07,87.6093,34.4027,92.3907,-145.597,-1584.0,-726.0,-1400.0,-600.0
-1582.0,-726.0,-108.334,7.39279e-07,87.5697,34.6952,92.4303,-145.305,-1582.0,-726.0,-1400.0,-600.0
-1580.0,-726.0,-108.269,7.33819e-07,87.5296,34.992,92.4704,-145.008,-1580.0,-726.0,-1400.0,-600.0
-1578.0,-726.0,-108.204,7.28374e-07,87.4999,35.2933,92.5001,-144.707,-1578.0,-726.0,-1400.0,-600.0
-1576.0,-726.0,-108.139,7.2293e-07,87.5034,35.5992,92.4966,-144.401,-1576.0,-726.0,-1400.0,-600.0
-1574.0,-726.0,-108.073,7.17507e-07,87.5071,35.9097,92.4929,-144.09,-1574.0,-726.0,-1400.0,-600.0
-1572.0,-726.0,-108.007,7.12106e-07,87.5108,36.2249,92.4892,-143.775,-1572.0,-726.0,-1400.0,-600.0
-1570.0,-726.0,-107.941,7.06726e-07,87.5147,36.545,92.4853,-143.455,-1570.0,-726.0,-1400.0,-600.0
-1568.0,-726.0,-107.875,7.01369e-07,87.5188,36.8699,92.4812,-143.13,-1568.0,-726.0,-1400.0,-600.0
-1566.0,-726.0,-107.808,6.96034e-07,87.5229,37.1998,92.4771,-142.8,-1566.0,-726.0,-1400.0,-600.0
-1564.0,-726.0,-107.742,6.90723e-07,87.5273,37.5348,92.4727,-142.465,-1564.0,-726.0,-1400.0,-600.0
-1562.0,-726.0,-107.675,6.85436e-07,87.5317,37.875,92.4683,-142.125,-1562.0,-726.0,-1400.0,-600.0
-1560.0,-726.0,-107.608,6.80181e-07,87.5224,38.2204,92.4776,-141.78,-1560.0,-726.0,-1400.0,-600.0
-1558.0,-726.0,-107.54,6.74955e-07,87.5032,38.5713,92.4968,-141.429,-1558.0,-726.0,-1400.0,-600.0
-1556.0,-726.0,-107.473,6.69756e-07,87.4838,38.9275,92.5162,-141.072,-1556.0,-726.0,-1400.0,-600.0
-1554.0,-726.0,-107.405,6.64583e-07,87.4642,39.2894,92.5358,-140.711,-1554.0,-726.0,-1400.0,-600.0
-1552.0,-726.0,-107.338,6.59436e-07,87.4444,39.6569,92.5556,-140.343,-1552.0,-726.0,-1400.0,-600.0
-1550.0,-726.0,-107.27,6.54318e-07,87.4244,40.0303,92.5756,-139.97,-1550.0,-726.0,-1400.0,-600.0
-1548.0,-726.0,-107.202,6.49227e-07,87.4042,40.4095,92.5958,-139.591,-1548.0,-726.0,-1400.0,-600.0
-1546.0,-726.0,-107.134,6.44165e-07,87.3838,40.7946,92.6162,-139.205,-1546.0,-726.0,-1400.0,-600.0
-1544.0,-726.0,-107.065,6.39133e-07,87.3632,41.1859,92.6368,-138.814,-1544.0,-726.0,-1400.0,-600.0
-1542.0,-726.0,-106.997,6.34132e-07,87.3423,41.5834,92.6577,-138.417,-1542.0,-726.0,-1400.0,-600.0
-1540.0,-726.0,-106.928,6.29161e-07,87.3213,41.9872,92.6787,-138.013,-1540.0,-726.0,-1400.0,-600.0
-1538.0,-726.0,-106.86,6.24222e-07,87.3001,42.3974,92.6999,-137.603,-1538.0,-726.0,-1400.0,-600.0
-1536.0,-726.0,-106.791,6.19306e-07,87.298,42.8142,92.702,-137.186,-1536.0,-726.0,-1400.0,-600.0
-1534.0,-726.0,-106.722,6.14419e-07,87.3028,43.2376,92.6972,-136.762,-1534.0,-726.0,-1400.0,-600.0
-1532.0,-726.0,-106.653,6.09567e-07,87.3078,43.6678,92.6922,-136.332,-1532.0,-726.0,-1400.0,-600.0
-1530.0,-726.0,-106.584,6.04757e-07,87.2984,44.1048,92.7016,-135.895,-1530.0,-726.0,-1400.0,-600.0
-1528.0,-726.0,-106.515,5.99988e-07,87.2769,44.5489,92.7231,-135.451,-1528.0,-726.0,-1400.0,-600.0
-1526.0,-726.0,-106.446,5.95256e-07,87.2552,45.0,92.7448,-135.0,-1526.0,-726.0,-1400.0,-600.0
-1524.0,-726.0,-106.377,5.90562e-07,87.2334,45.4584,92.7666,-134.542,-1524.0,-726.0,-1400.0,-600.0
-1522.0,-726.0,-106.308,5.85905e-07,87.2114,45.924,92.7886,-134.076,-1522.0,-726.0,-1400.0,-600.0
-1520.0,-726.0,-106.239,5.81289e-07,87.1892,46.3972,92.8108,-133.603,-1520.0,-726.0,-1400.0,-600.0
-1518.0,-726.0,-106.17,5.76712e-07,87.1669,46.8779,92.8331,-133.122,-1518.0,-726.0,-1400.0,-600.0
-1516.0,-726.0,-106.101,5.72177e-07,87.1444,47.3662,92.8556,-132.634,-1516.0,-726.0,-1400.0,-600.0
-1514.0,-726.0,-106.033,5.67684e-07,87.1218,47.8624,92.8782,-132.138,-1514.0,-726.0,-1400.0,-600.0
-1512.0,-726.0,-105.964,5.63234e-07,87.099,48.3665,92.901,-131.634,-1512.0,-726.0,-1400.0,-600.0
-1510.0,-726.0,-105.896,5.58828e-07,87.0761,48.8785,92.9239,-131.121,-1510.0,-726.0,-1400.0,-600.0
-1508.0,-726.0,-105.828,5.54468e-07,87.0531,49.3987,92.9469,-130.601,-1508.0,-726.0,-1400.0,-600.0
-1506.0,-726.0,-105.759,5.50154e-07,87.03,49.9271,92.97,-130.073,-1506.0,-726.0,-1400.0,-600.0
-1504.0,-726.0,-105.692,5.45888e-07,87.0068,50.4638,92.9932,-129.536,-1504.0,-726.0,-1400.0,-600.0
-1502.0,-726.0,-105.624,5.4167e-07,86.9834,51.009,93.0166,-128.991,-1502.0,-726.0,-1400.0,-600.0
-1500.0,-726.0,-105.557,5.37502e-07,86.96,51.5627,93.04,-128.437,-1500.0,-726.0,-1400.0,-600.0
-1498.0,-726.0,-105.49,5.33385e-07,86.9365,52.125,93.0635,-127.875,-1498.0,-726.0,-1400.0,-600.0
-1496.0,-726.0,-105.423,5.29316e-07,86.9204,52.6961,93.0796,-127.304,-1496.0,-726.0,-1400.0,-600.0
-1494.0,-726.0,-105.357,5.25289e-07,86.9276,53.2759,93.0724,-126.724,-1494.0,-726.0,-1400.0,-600.0
-1492.0,-726.0,-105.291,5.21317e-07,86.9351,53.8646,93.0649,-126.135,-1492.0,-726.0,-1400.0,-600.0
-1490.0,-726.0,-105.225,5.17401e-07,86.9416,54.4623,93.0584,-125.538,-1490.0,-726.0,-1400.0,-600.0
-1488.0,-726.0,-105.16,5.13556e-07,86.9187,55.0691,93.0813,-124.931,-1488.0,-726.0,-1400.0,-600.0
-1486.0,-726.0,-105.096,5.0977e-07,86.8958,55.6849,93.1042,-124.315,-1486.0,-726.0,-1400.0,-600.0
-1484.0,-726.0,-105.032,5.06044e-07,86.8729,56.3099,93.1271,-123.69,-1484.0,-726.0,-1400.0,-600.0
-1482.0,-726.0,-104.968,5.02378e-07,86.85,56.9442,93.15,-123.056,-1482.0,-726.0,-1400.0,-600.0
-1480.0,-726.0,-104.906,4.98775e-07,86.8273,57.5877,93.1727,-122.412,-1480.0,-726.0,-1400.0,-600.0
-1478.0,-726.0,-104.844,4.95235e-07,86.8046,58.2405,93.1954,-121.759,-1478.0,-726.0,-1400.0,-600.0
-1476.0,-726.0,-104.783,4.91761e-07,86.782,58.9027,93.218,-121.097,-1476.0,-726.0,-1400.0,-600.0
-1474.0,-726.0,-104.722,4.88353e-07,86.7595,59.5742,93.2405,-120.426,-1474.0,-726.0,-1400.0,-600.0
-1472.0,-726.0,-104.662,4.85013e-07,86.7372,60.2551,93.2628,-119.745,-1472.0,-726.0,-1400.0,-600.0
-1470.0,-726.0,-104.603,4.81742e-07,86.715,60.9454,93.285,-119.055,-1470.0,-726.0,-1400.0,-600.0
-1468.0,-726.0,-104.545,4.78542e-07,86.693,61.645,93.307,-118.355,-1468.0,-726.0,-1400.0,-600.0
-1466.0,-726.0,-104.488,4.75418e-07,86.6643,62.354,93.3357,-117.646,-1466.0,-726.0,-1400.0,-600.0
-1464.0,-726.0,-104.432,4.7238e-07,86.6086,63.0723,93.3914,-116.928,-1464.0,-726.0,-1400.0,-600.0
-1462.0,-726.0,-104.378,4.69418e-07,86.5527,63.7999,93.4473,-116.2,-1462.0,-726.0,-1400.0,-600.0
-1460.0,-726.0,-104.324,4.66533e-07,86.4967,64.5367,93.5033,-115.463,-1460.0,-726.0,-1400.0,-600.0
-1458.0,-726.0,-104.271,4.63725e-07,86.4406,65.2826,93.5594,-114.717,-1458.0,-726.0,-1400.0,-600.0
-1456.0,-726.0,-104.22,4.60998e-07,86.3845,66.0375,93.6155,-113.962,-1456.0,-726.0,-1400.0,-600.0
-1454.0,-726.0,-104.17,4.58351e-07,86.3283,66.8014,93.6717,-113.199,-1454.0,-726.0,-1400.0,-600.0
-1452.0,-726.0,-104.121,4.55788e-07,86.2721,67.5741,93.7279,-112.426,-1452.0,-726.0,-1400.0,-600.0
-1450.0,-726.0,-104.074,4.53308e-07,86.2161,68.3556,93.7839,-111.644,-1450.0,-726.0,-1400.0,-600.0
-1448.0,-726.0,-104.028,4.50913e-07,86.1601,69.1455,93.8399,-110.854,-1448.0,-726.0,-1400.0,-600.0
-1446.0,-726.0,-103.983,4.48605e-07,86.1042,69.9439,93.8958,-110.056,-1446.0,-726.0,-1400.0,-600.0
-1444.0,-726.0,-103.94,4.46385e-07,86.0486,70.7505,93.9514,-109.25,-1444.0,-726.0,-1400.0,-600.0
-1442.0,-726.0,-103.898,4.44247e-07,86.0062,71.5651,93.9938,-108.435,-1442.0,-726.0,-1400.0,-600.0
-1440.0,-726.0,-103.858,4.42188e-07,85.9876,72.3874,94.0124,-107.613,-1440.0,-726.0,-1400.0,-600.0
-1438.0,-726.0,-103.819,4.40219e-07,85.9696,73.2174,94.0304,-106.783,-1438.0,-726.0,-1400.0,-600.0
-1436.0,-726.0,-103.782,4.38344e-07,85.9523,74.0546,94.0477,-105.945,-1436.0,-726.0,-1400.0,-600.0
-1434.0,-726.0,-103.746,4.36562e-07,85.9358,74.8989,94.0642,-105.101,-1434.0,-726.0,-1400.0,-600.0
-1432.0,-726.0,-103.712,4.34876e-07,85.92,75.75,94.08,-104.25,-1432.0,-726.0,-1400.0,-600.0
-1430.0,-726.0,-115.279,4.33289e-07,85.905,76.7063,94.095,-103.963,-1404.61,-618.561,-1404.61,-618.561
-1428.0,-726.0,-121.483,4.31816e-07,85.8911,77.7206,94.1089,-103.963,-1404.61,-618.561,-1404.61,-618.561
-1426.0,-726.0,-122.13,1.09323e-06,88.3782,84.3716,91.6218,87.7351,-1398.21,-554.739,-1403.72,-499.951
-1424.0,-726.0,-123.055,1.09145e-06,88.3755,85.8267,91.6245,94.2906,-1407.51,-499.955,-1407.51,-499.955
-1422.0,-726.0,-123.104,1.09099e-06,88.3749,86.1763,91.6251,93.941,-1406.89,-499.954,-1406.89,-499.954
-1420.0,-726.0,-123.093,1.09056e-06,88.3742,86.5263,91.6258,93.591,-1406.28,-499.954,-1406.28,-499.954
-1418.0,-726.0,-123.039,1.09018e-06,88.3737,86.8765,91.6263,93.2408,-1405.66,-499.953,-1405.66,-499.953
-1416.0,-726.0,-122.954,1.08984e-06,88.3731,87.227,91.6269,92.8903,-1405.05,-499.952,-1405.05,-499.952
-1414.0,-726.0,-122.854,1.08954e-06,88.3727,87.5777,91.6273,92.5396,-1404.44,-499.952,-1404.44,-499.952
-1412.0,-726.0,-122.749,1.08927e-06,88.3723,87.9285,91.6277,92.1888,-1403.82,-499.951,-1403.82,-499.951
-1410.0,-726.0,-121.916,1.19988e-06,88.5224,96.076,91.4776,99.6061,-1419.54,-484.573,-1425.31,-582.195
-1408.0,-726.0,-122.557,1.08887e-06,88.3717,88.6307,91.6283,91.4866,-1402.6,-499.95,-1402.6,-499.95
-1406.0,-726.0,-147.987,1.20149e-06,88.5244,97.7411,91.4756,99.5595,-1419.44,-484.568,-1425.26,-584.337
-1404.0,-726.0,-135.292,1.20649e-06,88.5305,98.4446,91.4695,82.1554,-1396.76,-576.497,-1425.3,-582.534
-1402.0,-726.0,-138.812,1.2075e-06,88.5317,98.8806,91.4683,82.1554,-1396.76,-576.497,-1425.46,-575.882
-1400.0,-726.0,-154.015,1.23532e-06,88.5648,100.042,91.4352,113.553,-1429.64,-532.017,-1425.28,-583.229
-1398.0,-726.0,0.0,0.0,0.0,0.0,0.0,0.0,0.0,0.0,0.0,0.0
-1396.0,-726.0,0.0,0.0,0.0,0.0,0.0,0.0,0.0,0.0,0.0,0.0
-1394.0,-726.0,0.0,0.0,0.0,0.0,0.0,0.0,0.0,0.0,0.0,0.0
-1392.0,-726.0,0.0,0.0,0.0,0.0,0.0,0.0,0.0,0.0,0.0,0.0
-1390.0,-726.0,-168.24,1.49275e-06,88.8412,-149.775,91.1588,-124.21,-1548.4,-818.284,-1548.4,-818.284
-1388.0,-726.0,-168.184,1.49852e-06,88.8564,-150.087,91.1436,-124.21,-1548.4,-818.284,-1548.4,-818.284
-1386.0,-726.0,-168.155,1.50431e-06,88.8716,-150.393,91.1284,-124.21,-1548.4,-818.284,-1548.4,-818.284
-1384.0,-726.0,-168.148,1.51011e-06,88.8866,-150.693,91.1134,-124.21,-1548.4,-818.284,-1548.4,-818.284
-1382.0,-726.0,-168.157,1.51593e-06,88.9015,-150.988,91.0985,-124.21,-1548.4,-818.284,-1548.4,-818.284
-1380.0,-726.0,-168.182,1.52177e-06,88.9163,-151.278,91.0837,-124.21,-1548.4,-818.284,-1548.4,-818.284
-1378.0,-726.0,-168.218,1.52763e-06,88.9308,-151.562,91.0692,-124.21,-1548.4,-818.284,-1548.4,-818.284
-1376.0,-726.0,-168.267,1.5335e-06,88.9349,-151.841,91.0651,-124.21,-1548.4,-818.284,-1548.4,-818.284
-1374.0,-726.0,-168.326,1.53939e-06,88.939,-152.115,91.061,-124.21,-1548.4,-818.284,-1548.4,-818.284
-1372.0,-726.0,-168.395,1.5453e-06,88.943,-152.384,91.057,-124.21,-1548.4,-818.284,-1548.4,-818.284
-1370.0,-726.0,-168.475,1.55121e-06,88.9471,-152.648,91.0529,-124.21,-1548.4,-818.284,-1548.4,-818.284
-1368.0,-726.0,-168.567,1.55715e-06,88.9511,-152.908,91.0489,-124.21,-1548.4,-818.284,-1548.4,-818.284
-1366.0,-726.0,-168.669,1.56309e-06,88.9551,-153.164,91.0449,-124.21,-1548.4,-818.284,-1548.4,-818.284
-1364.0,-726.0,-168.785,1.56906e-06,88.959,-153.414,91.041,-124.21,-1548.4,-818.284,-1548.4,-818.284
-1362.0,-726.0,-168.914,1.57503e-06,88.963,-153.661,91.037,-124.21,-1548.4,-818.284,-1548.4,-818.284
-1360.0,-726.0,-169.059,1.58101e-06,88.9669,-153.903,91.0331,-124.21,-1548.4,-818.284,-1548.4,-818.284
-1358.0,-726.0,-169.22,1.58701e-06,88.9708,-154.142,91.0292,-124.21,-1548.4,-818.284,-1548.4,-818.284
-1356.0,-726.0,-169.398,1.59302e-06,88.9747,-154.376,91.0253,-124.21,-1548.4,-818.284,-1548.4,-818.284
-1354.0,-726.0,-169.596,1.59905e-06,88.9768,-154.606,91.0232,-124.21,-1548.4,-818.284,-1548.4,-818.284
-1352.0,-726.0,-169.813,1.60508e-06,88.9706,-154.833,91.0294,-124.21,-1548.4,-818.284,-1548.4,-818.284
-1350.0,-726.0,-170.05,1.61113e-06,88.9644,-155.055,91.0356,-124.21,-1548.4,-818.284,-1548.4,-818.284
-1348.0,-726.0,-170.273,1.61622e-06,88.9577,-158.37,91.0423,-126.816,-1556.08,-808.509,-1556.08,-808.509
-1346.0,-726.0,-170.173,1.62243e-06,88.9517,-158.557,91.0483,-126.816,-1556.08,-808.509,-1556.08,-808.509
-1344.0,-726.0,-170.09,1.62865e-06,88.9458,-158.741,91.0542,-126.816,-1556.08,-808.509,-1556.08,-808.509
-1342.0,-726.0,-170.02,1.63488e-06,88.94,-158.923,91.06,-126.816,-1556.08,-808.509,-1556.08,-808.509
-1340.0,-726.0,-169.964,1.64111e-06,88.9341,-159.101,91.0659,-126.816,-1556.08,-808.509,-1556.08,-808.509
-1338.0,-726.0,-169.919,1.64736e-06,88.9284,-159.276,91.0716,-126.816,-1556.08,-808.509,-1556.08,-808.509
-1336.0,-726.0,-169.885,1.6536e-06,88.9227,-159.449,91.0773,-126.816,-1556.08,-808.509,-1556.08,-808.509
-1334.0,-726.0,-169.86,1.65986e-06,88.917,-159.618,91.083,-126.816,-1556.08,-808.509,-1556.08,-808.509
-1332.0,-726.0,-169.842,1.66612e-06,88.9114,-159.786,91.0886,-126.816,-1556.08,-808.509,-1556.08,-808.509
-1330.0,-726.0,-169.832,1.67239e-06,88.9058,-159.95,91.0942,-126.816,-1556.08,-808.509,-1556.08,-808.509
-1328.0,-726.0,-169.828,1.67867e-06,88.9003,-160.112,91.0997,-126.816,-1556.08,-808.509,-1556.08,-808.509
-1326.0,-726.0,-169.829,1.68495e-06,88.8948,-160.272,91.1052,-126.816,-1556.08,-808.509,-1556.08,-808.509
-1324.0,-726.0,-169.835,1.69124e-06,88.8894,-160.429,91.1106,-126.816,-1556.08,-808.509,-1556.08,-808.509
-1322.0,-726.0,-169.846,1.69754e-06,88.884,-160.583,91.116,-126.816,-1556.08,-808.509,-1556.08,-808.509
-1320.0,-726.0,-169.86,1.70384e-06,88.8786,-160.736,91.1214,-126.816,-1556.08,-808.509,-1556.08,-808.509
-1318.0,-726.0,-169.878,1.71015e-06,88.8733,-160.886,91.1267,-126.816,-1556.08,-808.509,-1556.08,-808.509
-1316.0,-726.0,-170.804,1.72253e-06,88.8721,164.548,91.1279,-126.816,-1556.08,-808.509,-1325.66,-723.329
-1314.0,-726.0,-170.813,1.72897e-06,88.8669,164.666,91.1331,-126.816,-1556.08,-808.509,-1324.0,-723.259
-1312.0,-726.0,0.0,0.0,0.0,0.0,0.0,0.0,0.0,0.0,0.0,0.0
-1310.0,-726.0,-133.641,9.85388e-07,87.9789,38.6277,92.0211,-35.9954,-1376.1,-617.359,-1239.87,-669.959
-1308.0,-726.0,-137.599,9.80199e-07,87.9517,38.9539,92.0483,-35.9954,-1376.1,-617.359,-1239.87,-670.919
-1306.0,-726.0,-141.73,9.75035e-07,87.9243,39.2848,92.0757,-35.9954,-1376.1,-617.359,-1239.87,-671.901
-1304.0,-726.0,-165.83,1.01461e-06,85.9482,42.0582,83.0444,43.4403,-1389.43,-589.986,-1239.87,-668.137
-1302.0,-726.0,-166.193,1.0097e-06,85.9087,42.3123,83.0108,43.6957,-1389.52,-589.989,-1239.87,-669.44
-1300.0,-726.0,-131.251,9.93232e-07,87.9089,146.749,92.0911,-35.9954,-1376.1,-617.359,-1306.47,-721.757
-1298.0,-726.0,-127.055,9.98839e-07,87.8883,147.028,92.1117,-35.9954,-1376.1,-617.359,-1306.53,-720.467
-1296.0,-726.0,-123.744,1.00446e-06,87.868,147.303,92.132,-35.9954,-1376.1,-617.359,-1306.58,-719.206
-1294.0,-726.0,-127.709,1.0101e-06,87.8479,147.575,92.1521,-35.9954,-1376.1,-617.359,-1306.64,-717.971
-1292.0,-726.0,-131.138,1.01576e-06,87.8281,147.842,92.1719,-35.9954,-1376.1,-617.359,-1306.69,-716.762
-1290.0,-726.0,-134.017,1.02144e-06,87.8086,148.105,92.1914,-35.9954,-1376.1,-617.359,-1306.75,-715.579
-1288.0,-726.0,-136.41,1.02713e-06,87.7893,148.365,92.2107,-35.9954,-1376.1,-617.359,-1306.8,-714.42
-1286.0,-726.0,-138.552,1.03284e-06,87.7702,148.621,92.2298,-35.9954,-1376.1,-617.359,-1306.85,-713.285
-1284.0,-726.0,-140.532,1.03856e-06,87.7514,148.873,92.2486,-35.9954,-1376.1,-617.359,-1306.9,-712.173
-1282.0,-726.0,-142.455,1.04429e-06,87.7428,149.121,92.2572,-35.9954,-1376.1,-617.359,-1306.95,-711.083
-1280.0,-726.0,-144.408,1.05003e-06,87.7398,149.366,92.2602,-35.9954,-1376.1,-617.359,-1306.99,-710.015
-1278.0,-726.0,-146.461,1.05579e-06,87.7368,149.607,92.2632,-35.9954,-1376.1,-617.359,-1307.04,-708.968
-1276.0,-726.0,-162.864,1.34507e-06,88.2169,62.6964,91.7831,-43.396,-1381.4,-617.583,-1239.87,-656.002
-1274.0,-726.0,-162.715,1.0072e-06,85.3015,154.671,67.2456,25.5858,-1378.38,-589.648,-1306.98,-710.392
-1272.0,-726.0,-163.922,1.33901e-06,88.2089,63.3005,91.7911,-43.396,-1381.4,-617.583,-1239.87,-662.109
-1270.0,-726.0,-161.705,1.01924e-06,85.3584,154.993,67.4602,25.3207,-1378.1,-589.64,-1307.05,-708.718
-1268.0,-726.0,-165.681,1.33308e-06,88.2009,63.9111,91.7991,-43.396,-1381.4,-617.583,-1239.87,-668.547
-1266.0,-726.0,-167.05,1.33016e-06,88.197,64.2188,91.803,-43.396,-1381.4,-617.583,-1239.87,-671.899
-1264.0,-726.0,-167.852,1.1379e-06,87.8922,115.532,92.1078,15.8832,-1361.84,-589.142,-1309.31,-631.135
-1262.0,-726.0,-161.114,1.27757e-06,88.1227,106.182,91.8773,-43.3117,-1381.35,-617.58,-1325.77,-506.233
-1260.0,-726.0,-161.027,1.27945e-06,88.1255,106.549,91.8745,-43.3117,-1381.35,-617.58,-1325.31,-506.224
-1258.0,-726.0,-160.957,1.28137e-06,88.1283,106.915,91.8717,-43.3117,-1381.35,-617.58,-1324.84,-506.215
-1256.0,-726.0,-160.906,1.28333e-06,88.1311,107.28,91.8689,-43.3117,-1381.35,-617.58,-1324.37,-506.205
-1254.0,-726.0,-160.875,1.28534e-06,88.1341,107.643,91.8659,-43.3117,-1381.35,-617.58,-1323.91,-506.196
-1252.0,-726.0,-158.319,1.73059e-06,87.541,63.2532,83.7033,117.5,-1429.36,-543.606,-1239.87,-701.937
-1250.0,-726.0,-159.099,1.72759e-06,87.5444,63.4512,83.7464,117.306,-1429.37,-543.115,-1239.87,-705.733
-1248.0,-726.0,-160.849,1.34048e-06,88.242,108.724,91.758,54.8118,-1393.02,-590.096,-1322.51,-506.168
-1246.0,-726.0,-159.312,9.56498e-07,87.5528,119.763,92.4472,-43.396,-1381.4,-617.583,-1325.11,-587.657
-1244.0,-726.0,-159.622,9.59818e-07,87.5781,120.208,92.4219,-43.396,-1381.4,-617.583,-1324.55,-587.642
-1242.0,-726.0,-158.758,1.17969e-06,88.0434,154.519,91.9566,-43.396,-1381.4,-617.583,-1310.31,-693.446
-1240.0,-726.0,-158.056,1.0418e-06,72.8218,40.9223,88.6288,-33.5089,-1373.92,-617.267,-1196.01,-687.861
-1238.0,-726.0,-157.378,1.03692e-06,72.2464,41.3067,88.6328,-33.7275,-1374.12,-617.276,-1195.97,-689.065
-1236.0,-726.0,-154.683,8.27535e-07,83.2468,132.159,80.6709,-46.207,-1383.08,-617.653,-1359.97,-589.085
-1234.0,-726.0,-153.746,8.31965e-07,83.3095,132.502,80.7187,-45.8613,-1382.88,-617.645,-1359.48,-589.07
-1232.0,-726.0,-153.1,8.36425e-07,83.3718,132.84,80.7663,-45.5193,-1382.68,-617.636,-1358.99,-589.055
-1230.0,-726.0,-152.656,8.40914e-07,83.4337,133.175,80.8137,-45.1811,-1382.48,-617.628,-1358.5,-589.04
-1228.0,-726.0,-152.347,8.45409e-07,83.5139,133.506,80.8611,-44.8451,-1382.28,-617.62,-1358.01,-589.025
-1226.0,-726.0,-152.143,8.49925e-07,83.5998,133.833,80.9083,-44.5124,-1382.09,-617.611,-1357.52,-589.01
-1224.0,-726.0,-152.026,8.54469e-07,83.6851,134.156,80.9554,-44.1833,-1381.89,-617.603,-1357.03,-588.995
-1222.0,-726.0,-151.983,8.59042e-07,83.7696,134.476,81.0023,-43.8578,-1381.69,-617.595,-1356.54,-588.98
-1220.0,-726.0,-158.515,9.94884e-07,64.6122,46.316,88.6701,-35.7346,-1375.89,-617.35,-1195.62,-700.469
-1218.0,-726.0,-159.886,1.25236e-06,88.3858,156.42,91.6142,-43.396,-1381.4,-617.583,-1310.57,-685.597
-1216.0,-726.0,-160.099,1.25846e-06,88.4192,156.566,91.5808,-43.396,-1381.4,-617.583,-1310.59,-685.003
-1214.0,-726.0,-163.262,1.20561e-06,86.4874,158.195,70.5354,21.6593,-1373.56,-589.501,-1310.51,-687.389
-1212.0,-726.0,-163.684,1.21176e-06,86.5363,158.312,70.6178,21.5643,-1373.42,-589.497,-1310.53,-686.814
-1210.0,-726.0,-164.144,1.2179e-06,86.5975,158.427,70.7004,21.4693,-1373.28,-589.492,-1310.55,-686.246
-1208.0,-726.0,-164.642,1.22405e-06,86.6581,158.542,70.7822,21.3755,-1373.14,-589.488,-1310.57,-685.685
-1206.0,-726.0,-159.904,2.14089e-06,87.1561,-36.0663,88.4461,21.8506,-1373.84,-589.509,-1092.67,-808.537
-1204.0,-726.0,-159.854,2.13549e-06,87.1834,-36.1793,88.4305,21.7512,-1373.7,-589.505,-1091.29,-808.426
-1202.0,-726.0,-159.897,2.1301e-06,87.2075,-36.2922,88.4147,21.6507,-1373.55,-589.501,-1089.91,-808.316
-1600.0,-724.0,-108.866,7.85802e-07,87.7589,31.7989,92.2411,-148.201,-1600.0,-724.0,-1400.0,-600.0
-1598.0,-724.0,-108.803,7.80142e-07,87.7426,32.0574,92.2574,-147.943,-1598.0,-724.0,-1400.0,-600.0
-1596.0,-724.0,-108.739,7.74499e-07,87.7262,32.3196,92.2738,-147.68,-1596.0,-724.0,-1400.0,-600.0
-1594.0,-724.0,-108.676,7.68872e-07,87.7095,32.5857,92.2905,-147.414,-1594.0,-724.0,-1400.0,-600.0
-1592.0,-724.0,-108.612,7.63262e-07,87.6927,32.8557,92.3073,-147.144,-1592.0,-724.0,-1400.0,-600.0
-1590.0,-724.0,-108.548,7.57669e-07,87.6756,33.1297,92.3244,-146.87,-1590.0,-724.0,-1400.0,-600.0
-1588.0,-724.0,-108.483,7.52094e-07,87.6584,33.4078,92.3416,-146.592,-1588.0,-724.0,-1400.0,-600.0
-1586.0,-724.0,-108.419,7.46537e-07,87.641,33.6901,92.359,-146.31,-1586.0,-724.0,-1400.0,-600.0
-1584.0,-724.0,-108.354,7.41003e-07,87.6139,33.9765,92.3861,-146.023,-1584.0,-724.0,-1400.0,-600.0
-1582.0,-724.0,-108.289,7.35496e-07,87.574,34.2673,92.426,-145.733,-1582.0,-724.0,-1400.0,-600.0
-1580.0,-724.0,-108.224,7.30007e-07,87.5336,34.5625,92.4664,-145.437,-1580.0,-724.0,-1400.0,-600.0
-1578.0,-724.0,-108.158,7.24539e-07,87.4927,34.8622,92.5073,-145.138,-1578.0,-724.0,-1400.0,-600.0
-1576.0,-724.0,-108.092,7.19079e-07,87.4729,35.1664,92.5271,-144.834,-1576.0,-724.0,-1400.0,-600.0
-1574.0,-724.0,-108.026,7.13627e-07,87.4762,35.4753,92.5238,-144.525,-1574.0,-724.0,-1400.0,-600.0
-1572.0,-724.0,-107.959,7.08196e-07,87.4796,35.789,92.5204,-144.211,-1572.0,-724.0,-1400.0,-600.0
-1570.0,-724.0,-107.892,7.02786e-07,87.4832,36.1075,92.5168,-143.893,-1570.0,-724.0,-1400.0,-600.0
-1568.0,-724.0,-107.825,6.97398e-07,87.4869,36.4309,92.5131,-143.569,-1568.0,-724.0,-1400.0,-600.0
-1566.0,-724.0,-107.758,6.92033e-07,87.4907,36.7593,92.5093,-143.241,-1566.0,-724.0,-1400.0,-600.0
-1564.0,-724.0,-107.691,6.86691e-07,87.4947,37.0928,92.5053,-142.907,-1564.0,-724.0,-1400.0,-600.0
-1562.0,-724.0,-107.623,6.81373e-07,87.4988,37.4316,92.5012,-142.568,-1562.0,-724.0,-1400.0,-600.0
-1560.0,-724.0,-107.555,6.76086e-07,87.4891,37.7757,92.5109,-142.224,-1560.0,-724.0,-1400.0,-600.0
-1558.0,-724.0,-107.487,6.70828e-07,87.4694,38.1252,92.5306,-141.875,-1558.0,-724.0,-1400.0,-600.0
-1556.0,-724.0,-107.419,6.65597e-07,87.4495,38.4802,92.5505,-141.52,-1556.0,-724.0,-1400.0,-600.0
-1554.0,-724.0,-107.35,6.60391e-07,87.4294,38.8408,92.5706,-141.159,-1554.0,-724.0,-1400.0,-600.0
-1552.0,-724.0,-107.282,6.55211e-07,87.409,39.2072,92.591,-140.793,-1552.0,-724.0,-1400.0,-600.0
-1550.0,-724.0,-107.213,6.50059e-07,87.3885,39.5794,92.6115,-140.421,-1550.0,-724.0,-1400.0,-600.0
-1548.0,-724.0,-107.144,6.44935e-07,87.3677,39.9575,92.6323,-140.042,-1548.0,-724.0,-1400.0,-600.0
-1546.0,-724.0,-107.075,6.3984e-07,87.3467,40.3417,92.6533,-139.658,-1546.0,-724.0,-1400.0,-600.0
-1544.0,-724.0,-107.006,6.34774e-07,87.3255,40.7321,92.6745,-139.268,-1544.0,-724.0,-1400.0,-600.0
-1542.0,-724.0,-106.936,6.29737e-07,87.3041,41.1287,92.6959,-138.871,-1542.0,-724.0,-1400.0,-600.0
-1540.0,-724.0,-106.867,6.24732e-07,87.2825,41.5318,92.7175,-138.468,-1540.0,-724.0,-1400.0,-600.0
-1538.0,-724.0,-106.797,6.19757e-07,87.2607,41.9413,92.7393,-138.059,-1538.0,-724.0,-1400.0,-600.0
-1536.0,-724.0,-106.727,6.14805e-07,87.2581,42.3575,92.7419,-137.643,-1536.0,-724.0,-1400.0,-600.0
-1534.0,-724.0,-106.657,6.09883e-07,87.2625,42.7803,92.7375,-137.22,-1534.0,-724.0,-1400.0,-600.0
-1532.0,-724.0,-106.587,6.04994e-07,87.267,43.2101,92.733,-136.79,-1532.0,-724.0,-1400.0,-600.0
-1530.0,-724.0,-106.517,6.00139e-07,87.2718,43.6468,92.7282,-136.353,-1530.0,-724.0,-1400.0,-600.0
-1528.0,-724.0,-106.447,5.95331e-07,87.2556,44.0906,92.7444,-135.909,-1528.0,-724.0,-1400.0,-600.0
-1526.0,-724.0,-106.377,5.90562e-07,87.2334,44.5416,92.7666,-135.458,-1526.0,-724.0,-1400.0,-600.0
-1524.0,-724.0,-106.307,5.85829e-07,87.211,45.0,92.789,-135.0,-1524.0,-724.0,-1400.0,-600.0
-1522.0,-724.0,-106.237,5.81135e-07,87.1885,45.4658,92.8115,-134.534,-1522.0,-724.0,-1400.0,-600.0
-1520.0,-724.0,-106.167,5.7648e-07,87.1658,45.9392,92.8342,-134.061,-1520.0,-724.0,-1400.0,-600.0
-1518.0,-724.0,-106.097,5.71865e-07,87.1429,46.4203,92.8571,-133.58,-1518.0,-724.0,-1400.0,-600.0
-1516.0,-724.0,-106.027,5.67291e-07,87.1198,46.9092,92.8802,-133.091,-1516.0,-724.0,-1400.0,-600.0
-1514.0,-724.0,-105.957,5.62759e-07,87.0966,47.406,92.9034,-132.594,-1514.0,-724.0,-1400.0,-600.0
-1512.0,-724.0,-105.887,5.5827e-07,87.0732,47.9108,92.9268,-132.089,-1512.0,-724.0,-1400.0,-600.0
-1510.0,-724.0,-105.817,5.53825e-07,87.0497,48.4239,92.9503,-131.576,-1510.0,-724.0,-1400.0,-600.0
-1508.0,-724.0,-105.748,5.49425e-07,87.0261,48.9452,92.9739,-131.055,-1508.0,-724.0,-1400.0,-600.0
-1506.0,-724.0,-105.679,5.45071e-07,87.0023,49.4749,92.9977,-130.525,-1506.0,-724.0,-1400.0,-600.0
-1504.0,-724.0,-105.61,5.40765e-07,86.9784,50.0131,93.0216,-129.987,-1504.0,-724.0,-1400.0,-600.0
-1502.0,-724.0,-105.541,5.36507e-07,86.9544,50.5599,93.0456,-129.44,-1502.0,-724.0,-1400.0,-600.0
-1500.0,-724.0,-105.472,5.32298e-07,86.9303,51.1155,93.0697,-128.884,-1500.0,-724.0,-1400.0,-600.0
-1498.0,-724.0,-105.404,5.2814e-07,86.9064,51.6799,93.0936,-128.32,-1498.0,-724.0,-1400.0,-600.0
-1496.0,-724.0,-105.336,5.24019e-07,86.9129,52.2532,93.0871,-127.747,-1496.0,-724.0,-1400.0,-600.0
-1494.0,-724.0,-105.268,5.19952e-07,86.9198,52.8355,93.0802,-127.164,-1494.0,-724.0,-1400.0,-600.0
-1492.0,-724.0,-105.2,5.15938e-07,86.9271,53.427,93.0729,-126.573,-1492.0,-724.0,-1400.0,-600.0
-1490.0,-724.0,-105.133,5.11981e-07,86.9334,54.0276,93.0666,-125.972,-1490.0,-724.0,-1400.0,-600.0
-1488.0,-724.0,-105.067,5.08096e-07,86.9099,54.6375,93.0901,-125.362,-1488.0,-724.0,-1400.0,-600.0
-1486.0,-724.0,-105.001,5.04269e-07,86.8864,55.2568,93.1136,-124.743,-1486.0,-724.0,-1400.0,-600.0
-1484.0,-724.0,-104.936,5.00501e-07,86.863,55.8855,93.137,-124.114,-1484.0,-724.0,-1400.0,-600.0
-1482.0,-724.0,-104.871,4.96795e-07,86.8395,56.5237,93.1605,-123.476,-1482.0,-724.0,-1400.0,-600.0
-1480.0,-724.0,-104.807,4.93151e-07,86.8162,57.1715,93.1838,-122.829,-1480.0,-724.0,-1400.0,-600.0
-1478.0,-724.0,-104.744,4.89571e-07,86.7929,57.8288,93.2071,-122.171,-1478.0,-724.0,-1400.0,-600.0
-1476.0,-724.0,-104.681,4.86056e-07,86.7697,58.4957,93.2303,-121.504,-1476.0,-724.0,-1400.0,-600.0
-1474.0,-724.0,-104.619,4.82608e-07,86.7466,59.1723,93.2534,-120.828,-1474.0,-724.0,-1400.0,-600.0
-1472.0,-724.0,-104.558,4.79228e-07,86.7236,59.8586,93.2764,-120.141,-1472.0,-724.0,-1400.0,-600.0
-1470.0,-724.0,-104.497,4.75917e-07,86.7008,60.5546,93.2992,-119.445,-1470.0,-724.0,-1400.0,-600.0
-1468.0,-724.0,-104.438,4.72678e-07,86.6781,61.2602,93.3219,-118.74,-1468.0,-724.0,-1400.0,-600.0
-1466.0,-724.0,-104.379,4.69514e-07,86.6487,61.9755,93.3513,-118.025,-1466.0,-724.0,-1400.0,-600.0
-1464.0,-724.0,-104.322,4.66438e-07,86.5919,62.7004,93.4081,-117.3,-1464.0,-724.0,-1400.0,-600.0
-1462.0,-724.0,-104.266,4.63437e-07,86.5349,63.4349,93.4651,-116.565,-1462.0,-724.0,-1400.0,-600.0
-1460.0,-724.0,-104.211,4.60514e-07,86.4778,64.179,93.5222,-115.821,-1460.0,-724.0,-1400.0,-600.0
-1458.0,-724.0,-104.157,4.5767e-07,86.4206,64.9325,93.5794,-115.067,-1458.0,-724.0,-1400.0,-600.0
-1456.0,-724.0,-104.104,4.54906e-07,86.3633,65.6955,93.6367,-114.305,-1456.0,-724.0,-1400.0,-600.0
-1454.0,-724.0,-104.053,4.52224e-07,86.3059,66.4677,93.6941,-113.532,-1454.0,-724.0,-1400.0,-600.0
-1452.0,-724.0,-104.003,4.49625e-07,86.2485,67.249,93.7515,-112.751,-1452.0,-724.0,-1400.0,-600.0
-1450.0,-724.0,-103.954,4.47111e-07,86.1913,68.0394,93.8087,-111.961,-1450.0,-724.0,-1400.0,-600.0
-1448.0,-724.0,-103.907,4.44683e-07,86.1341,68.8387,93.8659,-111.161,-1448.0,-724.0,-1400.0,-600.0
-1446.0,-724.0,-103.861,4.42342e-07,86.077,69.6468,93.923,-110.353,-1446.0,-724.0,-1400.0,-600.0
-1444.0,-724.0,-103.816,4.4009e-07,86.0201,70.4633,93.9799,-109.537,-1444.0,-724.0,-1400.0,-600.0
-1442.0,-724.0,-103.773,4.37922e-07,85.9767,71.2883,94.0233,-108.712,-1442.0,-724.0,-1400.0,-600.0
-1440.0,-724.0,-103.732,4.35832e-07,85.9574,72.1213,94.0426,-107.879,-1440.0,-724.0,-1400.0,-600.0
-1438.0,-724.0,-103.692,4.33835e-07,85.9388,72.9622,94.0612,-107.038,-1438.0,-724.0,-1400.0,-600.0
-1436.0,-724.0,-103.653,4.31932e-07,85.9208,73.8108,94.0792,-106.189,-1436.0,-724.0,-1400.0,-600.0
-1434.0,-724.0,-103.617,4.30124e-07,85.9037,74.6667,94.0963,-105.333,-1434.0,-724.0,-1400.0,-600.0
-1432.0,-724.0,-103.582,4.28412e-07,85.8873,75.5297,94.1127,-104.47,-1432.0,-724.0,-1400.0,-600.0
-1430.0,-724.0,-113.239,4.26799e-07,85.8717,76.4634,94.1283,-103.963,-1404.61,-618.561,-1404.61,-618.561
-1428.0,-724.0,-120.217,4.25299e-07,85.8571,77.495,94.1429,-103.963,-1404.61,-618.561,-1404.61,-618.561
-1426.0,-724.0,-122.037,1.08659e-06,88.3796,84.3371,91.6204,87.7006,-1398.2,-555.126,-1403.78,-499.951
-1424.0,-724.0,-122.995,1.0848e-06,88.377,85.801,91.623,94.3163,-1407.55,-499.955,-1407.55,-499.955
-1422.0,-724.0,-123.049,1.08433e-06,88.3763,86.1528,91.6237,93.9645,-1406.93,-499.954,-1406.93,-499.954
-1420.0,-724.0,-123.042,1.0839e-06,88.3756,86.5049,91.6244,93.6124,-1406.32,-499.954,-1406.32,-499.954
-1418.0,-724.0,-122.989,1.08351e-06,88.3751,86.8573,91.6249,93.26,-1405.7,-499.953,-1405.7,-499.953
-1416.0,-724.0,-122.905,1.08317e-06,88.3745,87.2099,91.6255,92.9074,-1405.08,-499.952,-1405.08,-499.952
-1414.0,-724.0,-122.805,1.08286e-06,88.3741,87.5627,91.6259,92.5546,-1404.46,-499.952,-1404.46,-499.952
-1412.0,-724.0,-122.699,1.0826e-06,88.3737,87.9158,91.6263,92.2015,-1403.85,-499.951,-1403.85,-499.951
-1410.0,-724.0,-121.819,1.19324e-06,88.5245,96.1099,91.4755,99.64,-1419.61,-484.577,-1425.34,-580.664
-1408.0,-724.0,-122.505,1.0822e-06,88.3731,88.6222,91.6269,91.4951,-1402.61,-499.95,-1402.61,-499.95
-1406.0,-724.0,-147.976,4.16803e-07,85.7726,89.2474,94.2274,-103.963,-1404.61,-618.561,-1404.61,-618.561
-1404.0,-724.0,-135.879,1.19989e-06,88.5327,98.5099,91.4673,82.1554,-1396.76,-576.497,-1425.32,-581.486
-1402.0,-724.0,-139.188,1.2009e-06,88.5339,98.9491,91.4661,82.1554,-1396.76,-576.497,-1425.48,-574.905
-1400.0,-724.0,-153.836,1.22875e-06,88.5672,100.124,91.4328,113.553,-1429.64,-532.017,-1425.31,-582.28
-1398.0,-724.0,0.0,0.0,0.0,0.0,0.0,0.0,0.0,0.0,0.0,0.0
-1396.0,-724.0,0.0,0.0,0.0,0.0,0.0,0.0,0.0,0.0,0.0,0.0
-1394.0,-724.0,0.0,0.0,0.0,0.0,0.0,0.0,0.0,0.0,0.0,0.0
-1392.0,-724.0,0.0,0.0,0.0,0.0,0.0,0.0,0.0,0.0,0.0,0.0
-1390.0,-724.0,0.0,0.0,0.0,0.0,0.0,0.0,0.0,0.0,0.0,0.0
-1388.0,-724.0,0.0,0.0,0.0,0.0,0.0,0.0,0.0,0.0,0.0,0.0
-1386.0,-724.0,0.0,0.0,0.0,0.0,0.0,0.0,0.0,0.0,0.0,0.0
-1384.0,-724.0,0.0,0.0,0.0,0.0,0.0,0.0,0.0,0.0,0.0,0.0
-1382.0,-724.0,0.0,0.0,0.0,0.0,0.0,0.0,0.0,0.0,0.0,0.0
-1380.0,-724.0,0.0,0.0,0.0,0.0,0.0,0.0,0.0,0.0,0.0,0.0
-1378.0,-724.0,0.0,0.0,0.0,0.0,0.0,0.0,0.0,0.0,0.0,0.0
-1376.0,-724.0,0.0,0.0,0.0,0.0,0.0,0.0,0.0,0.0,0.0,0.0
-1374.0,-724.0,0.0,0.0,0.0,0.0,0.0,0.0,0.0,0.0,0.0,0.0
-1372.0,-724.0,0.0,0.0,0.0,0.0,0.0,0.0,0.0,0.0,0.0,0.0
-1370.0,-724.0,0.0,0.0,0.0,0.0,0.0,0.0,0.0,0.0,0.0,0.0
-1368.0,-724.0,0.0,0.0,0.0,0.0,0.0,0.0,0.0,0.0,0.0,0.0
-1366.0,-724.0,0.0,0.0,0.0,0.0,0.0,0.0,0.0,0.0,0.0,0.0
-1364.0,-724.0,0.0,0.0,0.0,0.0,0.0,0.0,0.0,0.0,0.0,0.0
-1362.0,-724.0,0.0,0.0,0.0,0.0,0.0,0.0,0.0,0.0,0.0,0.0
-1360.0,-724.0,0.0,0.0,0.0,0.0,0.0,0.0,0.0,0.0,0.0,0.0
-1358.0,-724.0,0.0,0.0,0.0,0.0,0.0,0.0,0.0,0.0,0.0,0.0
-1356.0,-724.0,0.0,0.0,0.0,0.0,0.0,0.0,0.0,0.0,0.0,0.0
-1354.0,-724.0,0.0,0.0,0.0,0.0,0.0,0.0,0.0,0.0,0.0,0.0
-1352.0,-724.0,0.0,0.0,0.0,0.0,0.0,0.0,0.0,0.0,0.0,0.0
-1350.0,-724.0,0.0,0.0,0.0,0.0,0.0,0.0,0.0,0.0,0.0,0.0
-1348.0,-724.0,0.0,0.0,0.0,0.0,0.0,0.0,0.0,0.0,0.0,0.0
-1346.0,-724.0,0.0,0.0,0.0,0.0,0.0,0.0,0.0,0.0,0.0,0.0
-1344.0,-724.0,0.0,0.0,0.0,0.0,0.0,0.0,0.0,0.0,0.0,0.0
-1342.0,-724.0,0.0,0.0,0.0,0.0,0.0,0.0,0.0,0.0,0.0,0.0
-1340.0,-724.0,-170.289,1.64352e-06,88.9282,-158.639,91.0718,-126.816,-1556.08,-808.509,-1556.08,-808.509
-1338.0,-724.0,-170.213,1.64975e-06,88.9224,-158.818,91.0776,-126.816,-1556.08,-808.509,-1556.08,-808.509
-1336.0,-724.0,-170.151,1.65598e-06,88.9168,-158.993,91.0832,-126.816,-1556.08,-808.509,-1556.08,-808.509
-1334.0,-724.0,-170.101,1.66221e-06,88.9111,-159.166,91.0889,-126.816,-1556.08,-808.509,-1556.08,-808.509
-1332.0,-724.0,-170.061,1.66846e-06,88.9055,-159.336,91.0945,-126.816,-1556.08,-808.509,-1556.08,-808.509
-1330.0,-724.0,-170.031,1.67471e-06,88.9,-159.504,91.1,-126.816,-1556.08,-808.509,-1556.08,-808.509
-1328.0,-724.0,-170.009,1.68097e-06,88.8944,-159.669,91.1056,-126.816,-1556.08,-808.509,-1556.08,-808.509
-1326.0,-724.0,-169.994,1.68723e-06,88.889,-159.831,91.111,-126.816,-1556.08,-808.509,-1556.08,-808.509
-1324.0,-724.0,-169.986,1.69351e-06,88.8836,-159.991,91.1164,-126.816,-1556.08,-808.509,-1556.08,-808.509
-1322.0,-724.0,-169.984,1.69978e-06,88.8782,-160.149,91.1218,-126.816,-1556.08,-808.509,-1556.08,-808.509
-1320.0,-724.0,-169.986,1.70607e-06,88.8729,-160.304,91.1271,-126.816,-1556.08,-808.509,-1556.08,-808.509
-1318.0,-724.0,-169.993,1.71236e-06,88.8676,-160.457,91.1324,-126.816,-1556.08,-808.509,-1556.08,-808.509
-1316.0,-724.0,-170.663,1.72078e-06,88.8637,164.981,91.1363,-126.816,-1556.08,-808.509,-1319.47,-723.068
-1314.0,-724.0,0.0,0.0,0.0,0.0,0.0,0.0,0.0,0.0,0.0,0.0
-1312.0,-724.0,0.0,0.0,0.0,0.0,0.0,0.0,0.0,0.0,0.0,0.0
-1310.0,-724.0,0.0,0.0,0.0,0.0,0.0,0.0,0.0,0.0,0.0,0.0
-1308.0,-724.0,-132.472,9.76033e-07,87.9303,38.5452,92.0697,-35.9954,-1376.1,-617.359,-1239.87,-669.718
-1306.0,-724.0,-136.535,9.70839e-07,87.9025,38.875,92.0975,-35.9954,-1376.1,-617.359,-1239.87,-670.686
-1304.0,-724.0,-132.98,9.78408e-07,87.9023,146.612,92.0977,-35.9954,-1376.1,-617.359,-1306.44,-722.389
-1302.0,-724.0,-128.934,9.83995e-07,87.8978,146.898,92.1022,-35.9954,-1376.1,-617.359,-1306.5,-721.065
-1300.0,-724.0,-124.486,9.89604e-07,87.8888,147.18,92.1112,-35.9954,-1376.1,-617.359,-1306.56,-719.769
-1298.0,-724.0,-125.904,9.95238e-07,87.8683,147.458,92.1317,-35.9954,-1376.1,-617.359,-1306.62,-718.502
-1296.0,-724.0,-129.654,1.00089e-06,87.848,147.731,92.152,-35.9954,-1376.1,-617.359,-1306.67,-717.262
-1294.0,-724.0,-132.812,1.00656e-06,87.8281,148.001,92.1719,-35.9954,-1376.1,-617.359,-1306.72,-716.049
-1292.0,-724.0,-135.407,1.01224e-06,87.8084,148.266,92.1916,-35.9954,-1376.1,-617.359,-1306.78,-714.861
-1290.0,-724.0,-137.667,1.01794e-06,87.7889,148.527,92.2111,-35.9954,-1376.1,-617.359,-1306.83,-713.698
-1288.0,-724.0,-139.725,1.02366e-06,87.7697,148.785,92.2303,-35.9954,-1376.1,-617.359,-1306.88,-712.559
-1286.0,-724.0,-141.689,1.02939e-06,87.7507,149.039,92.2493,-35.9954,-1376.1,-617.359,-1306.93,-711.444
-1284.0,-724.0,-143.655,1.03514e-06,87.7384,149.289,92.2616,-35.9954,-1376.1,-617.359,-1306.98,-710.351
-1282.0,-724.0,-145.704,1.04089e-06,87.7354,149.535,92.2646,-35.9954,-1376.1,-617.359,-1307.03,-709.28
-1280.0,-724.0,-147.898,1.04665e-06,87.7325,149.778,92.2675,-35.9954,-1376.1,-617.359,-1307.07,-708.23
-1278.0,-724.0,-153.997,9.47889e-07,85.1977,45.2768,82.6267,46.697,-1390.6,-590.022,-1239.87,-685.5
-1276.0,-724.0,-162.596,1.33915e-06,88.2091,62.5405,91.7909,-43.396,-1381.4,-617.583,-1239.87,-654.466
-1274.0,-724.0,-163.029,1.33609e-06,88.205,62.8429,91.795,-43.396,-1381.4,-617.583,-1239.87,-657.46
-1272.0,-724.0,-163.556,1.33306e-06,88.2009,63.147,91.7991,-43.396,-1381.4,-617.583,-1239.87,-660.533
-1270.0,-724.0,-164.219,1.33006e-06,88.1968,63.4527,91.8032,-43.396,-1381.4,-617.583,-1239.87,-663.687
-1268.0,-724.0,-165.092,1.3271e-06,88.1928,63.76,91.8072,-43.396,-1381.4,-617.583,-1239.87,-666.928
-1266.0,-724.0,-166.279,1.32416e-06,88.1888,64.069,91.8112,-43.396,-1381.4,-617.583,-1239.87,-670.258
-1264.0,-724.0,-167.554,1.1319e-06,87.881,116.01,92.119,15.8832,-1361.84,-589.142,-1309.31,-631.135
-1262.0,-724.0,-161.033,1.27117e-06,88.1133,106.29,91.8867,-43.3117,-1381.35,-617.58,-1325.64,-506.231
-1260.0,-724.0,-160.95,1.27306e-06,88.1161,106.659,91.8839,-43.3117,-1381.35,-617.58,-1325.17,-506.221
-1258.0,-724.0,-160.885,1.27499e-06,88.1189,107.027,91.8811,-43.3117,-1381.35,-617.58,-1324.7,-506.212
-1256.0,-724.0,-160.84,1.27697e-06,88.1218,107.394,91.8782,-43.3117,-1381.35,-617.58,-1324.23,-506.202
-1254.0,-724.0,-160.816,1.27898e-06,88.1248,107.759,91.8752,-43.3117,-1381.35,-617.58,-1323.76,-506.193
-1252.0,-724.0,-157.941,1.72464e-06,87.5325,63.1533,83.6814,117.598,-1429.35,-543.853,-1239.87,-700.041
-1250.0,-724.0,-158.654,1.72162e-06,87.5359,63.3518,83.7246,117.404,-1429.36,-543.364,-1239.87,-703.82
-1248.0,-724.0,-158.684,1.15879e-06,87.9663,154.362,92.0337,-43.396,-1381.4,-617.583,-1310.29,-694.106
-1246.0,-724.0,-158.629,1.1648e-06,87.9907,154.536,92.0093,-43.396,-1381.4,-617.583,-1310.31,-693.374
-1244.0,-724.0,-158.311,1.16731e-06,88.0088,153.177,91.9912,-35.9954,-1376.1,-617.359,-1310.41,-690.42
-1242.0,-724.0,-157.767,1.17325e-06,88.0327,153.363,91.9673,-35.9954,-1376.1,-617.359,-1310.43,-689.676
-1240.0,-724.0,-157.376,1.17921e-06,88.0563,153.547,91.9437,-35.9954,-1376.1,-617.359,-1310.46,-688.944
-1238.0,-724.0,-157.105,1.18518e-06,88.0797,153.729,91.9203,-35.9954,-1376.1,-617.359,-1310.48,-688.223
-1236.0,-724.0,-156.932,1.19115e-06,88.1029,153.909,91.8971,-35.9954,-1376.1,-617.359,-1310.5,-687.515
-1234.0,-724.0,-156.836,1.19714e-06,88.1259,154.086,91.8741,-35.9954,-1376.1,-617.359,-1310.53,-686.817
-1232.0,-724.0,-156.802,1.20313e-06,88.1487,154.261,91.8513,-35.9954,-1376.1,-617.359,-1310.55,-686.13
-1230.0,-724.0,-156.82,1.20914e-06,88.1712,154.434,91.8288,-35.9954,-1376.1,-617.359,-1310.57,-685.455
-1228.0,-724.0,-152.117,8.40613e-07,83.4537,133.823,80.9049,-44.5366,-1382.1,-617.612,-1357.56,-589.011
-1226.0,-724.0,-151.994,8.45154e-07,83.5408,134.151,80.9525,-44.2037,-1381.9,-617.603,-1357.06,-588.996
-1224.0,-724.0,-151.946,8.49724e-07,83.6272,134.474,80.9999,-43.8744,-1381.7,-617.595,-1356.56,-588.981
-1222.0,-724.0,-159.815,1.2375e-06,88.3142,156.464,91.6858,-43.396,-1381.4,-617.583,-1310.57,-685.42
-1220.0,-724.0,-158.615,9.90537e-07,64.4523,46.0394,88.6646,-35.4424,-1375.64,-617.34,-1195.67,-698.769
-1218.0,-724.0,-157.95,9.86165e-07,63.1529,46.9423,88.6688,-35.6642,-1375.83,-617.347,-1195.63,-700.058
-1216.0,-724.0,-163.782,1.19699e-06,86.4283,158.374,70.6508,21.5264,-1373.37,-589.495,-1310.54,-686.52
-1214.0,-724.0,-164.263,1.20315e-06,86.4763,158.491,70.7333,21.4316,-1373.23,-589.491,-1310.56,-685.947
-1212.0,-724.0,-164.785,1.2093e-06,86.5366,158.606,70.8159,21.3368,-1373.09,-589.486,-1310.58,-685.381
-1210.0,-724.0,-165.348,1.21546e-06,86.5981,158.721,70.8978,21.243,-1372.94,-589.482,-1310.59,-684.822
-1208.0,-724.0,-159.958,2.15024e-06,87.1571,-36.107,88.4401,21.8124,-1373.78,-589.508,-1092.16,-808.495
-1206.0,-724.0,-159.898,2.14482e-06,87.2077,-36.2224,88.4251,21.7169,-1373.65,-589.504,-1090.8,-808.387
-1204.0,-724.0,-159.97,2.13943e-06,87.2339,-36.335,88.4094,21.6171,-1373.5,-589.499,-1089.42,-808.276
-1202.0,-724.0,-160.135,2.13405e-06,87.257,-36.4476,88.3935,21.5161,-1373.35,-589.495,-1088.04,-808.166
-1600.0,-722.0,-108.827,7.823e-07,87.7647,31.3832,92.2353,-148.617,-1600.0,-722.0,-1400.0,-600.0
-1598.0,-722.0,-108.763,7.76615e-07,87.7483,31.6398,92.2517,-148.36,-1598.0,-722.0,-1400.0,-600.0
-1596.0,-722.0,-108.699,7.70946e-07,87.7317,31.9002,92.2683,-148.1,-1596.0,-722.0,-1400.0,-600.0
-1594.0,-722.0,-108.635,7.65293e-07,87.715,32.1644,92.285,-147.836,-1594.0,-722.0,-1400.0,-600.0
-1592.0,-722.0,-108.571,7.59656e-07,87.698,32.4326,92.302,-147.567,-1592.0,-722.0,-1400.0,-600.0
-1590.0,-722.0,-108.506,7.54037e-07,87.6808,32.7047,92.3192,-147.295,-1590.0,-722.0,-1400.0,-600.0
-1588.0,-722.0,-108.441,7.48435e-07,87.6635,32.981,92.3365,-147.019,-1588.0,-722.0,-1400.0,-600.0
-1586.0,-722.0,-108.376,7.4285e-07,87.6459,33.2614,92.3541,-146.739,-1586.0,-722.0,-1400.0,-600.0
-1584.0,-722.0,-108.31,7.37289e-07,87.6186,33.5461,92.3814,-146.454,-1584.0,-722.0,-1400.0,-600.0
-1582.0,-722.0,-108.245,7.31753e-07,87.5785,33.8351,92.4215,-146.165,-1582.0,-722.0,-1400.0,-600.0
-1580.0,-722.0,-108.179,7.26236e-07,87.5379,34.1285,92.4621,-145.871,-1580.0,-722.0,-1400.0,-600.0
-1578.0,-722.0,-108.112,7.20739e-07,87.4967,34.4265,92.5033,-145.574,-1578.0,-722.0,-1400.0,-600.0
-1576.0,-722.0,-108.046,7.15262e-07,87.4549,34.729,92.5451,-145.271,-1576.0,-722.0,-1400.0,-600.0
-1574.0,-722.0,-107.979,7.09788e-07,87.4451,35.0362,92.5549,-144.964,-1574.0,-722.0,-1400.0,-600.0
-1572.0,-722.0,-107.912,7.04327e-07,87.4482,35.3482,92.5518,-144.652,-1572.0,-722.0,-1400.0,-600.0
-1570.0,-722.0,-107.844,6.98888e-07,87.4514,35.665,92.5486,-144.335,-1570.0,-722.0,-1400.0,-600.0
-1568.0,-722.0,-107.776,6.93469e-07,87.4548,35.9868,92.5452,-144.013,-1568.0,-722.0,-1400.0,-600.0
-1566.0,-722.0,-107.708,6.88074e-07,87.4583,36.3136,92.5417,-143.686,-1566.0,-722.0,-1400.0,-600.0
-1564.0,-722.0,-107.64,6.82701e-07,87.4619,36.6456,92.5381,-143.354,-1564.0,-722.0,-1400.0,-600.0
-1562.0,-722.0,-107.571,6.77351e-07,87.4657,36.9829,92.5343,-143.017,-1562.0,-722.0,-1400.0,-600.0
-1560.0,-722.0,-107.503,6.72032e-07,87.4555,37.3255,92.5445,-142.674,-1560.0,-722.0,-1400.0,-600.0
-1558.0,-722.0,-107.434,6.66743e-07,87.4353,37.6736,92.5647,-142.326,-1558.0,-722.0,-1400.0,-600.0
-1556.0,-722.0,-107.365,6.61479e-07,87.4149,38.0272,92.5851,-141.973,-1556.0,-722.0,-1400.0,-600.0
-1554.0,-722.0,-107.295,6.5624e-07,87.3942,38.3865,92.6058,-141.613,-1554.0,-722.0,-1400.0,-600.0
-1552.0,-722.0,-107.226,6.51028e-07,87.3734,38.7516,92.6266,-141.248,-1552.0,-722.0,-1400.0,-600.0
-1550.0,-722.0,-107.156,6.45842e-07,87.3523,39.1226,92.6477,-140.877,-1550.0,-722.0,-1400.0,-600.0
-1548.0,-722.0,-107.086,6.40685e-07,87.3309,39.4996,92.6691,-140.5,-1548.0,-722.0,-1400.0,-600.0
-1546.0,-722.0,-107.016,6.35555e-07,87.3094,39.8827,92.6906,-140.117,-1546.0,-722.0,-1400.0,-600.0
-1544.0,-722.0,-106.946,6.30454e-07,87.2876,40.272,92.7124,-139.728,-1544.0,-722.0,-1400.0,-600.0
-1542.0,-722.0,-106.876,6.25383e-07,87.2655,40.6677,92.7345,-139.332,-1542.0,-722.0,-1400.0,-600.0
-1540.0,-722.0,-106.805,6.20342e-07,87.2433,41.0698,92.7567,-138.93,-1540.0,-722.0,-1400.0,-600.0
-1538.0,-722.0,-106.735,6.15333e-07,87.2208,41.4785,92.7792,-138.521,-1538.0,-722.0,-1400.0,-600.0
-1536.0,-722.0,-106.664,6.10345e-07,87.2178,41.894,92.7822,-138.106,-1536.0,-722.0,-1400.0,-600.0
-1534.0,-722.0,-106.593,6.05386e-07,87.2216,42.3162,92.7784,-137.684,-1534.0,-722.0,-1400.0,-600.0
-1532.0,-722.0,-106.522,6.0046e-07,87.2257,42.7454,92.7743,-137.255,-1532.0,-722.0,-1400.0,-600.0
-1530.0,-722.0,-106.45,5.95569e-07,87.2301,43.1817,92.7699,-136.818,-1530.0,-722.0,-1400.0,-600.0
-1528.0,-722.0,-106.379,5.90712e-07,87.2341,43.6252,92.7659,-136.375,-1528.0,-722.0,-1400.0,-600.0
-1526.0,-722.0,-106.308,5.85905e-07,87.2114,44.076,92.7886,-135.924,-1526.0,-722.0,-1400.0,-600.0
-1524.0,-722.0,-106.237,5.81135e-07,87.1885,44.5342,92.8115,-135.466,-1524.0,-722.0,-1400.0,-600.0
-1522.0,-722.0,-106.165,5.76403e-07,87.1654,45.0,92.8346,-135.0,-1522.0,-722.0,-1400.0,-600.0
-1520.0,-722.0,-106.094,5.7171e-07,87.1421,45.4735,92.8579,-134.526,-1520.0,-722.0,-1400.0,-600.0
-1518.0,-722.0,-106.023,5.67056e-07,87.1186,45.9548,92.8814,-134.045,-1518.0,-722.0,-1400.0,-600.0
-1516.0,-722.0,-105.952,5.62443e-07,87.095,46.4441,92.905,-133.556,-1516.0,-722.0,-1400.0,-600.0
-1514.0,-722.0,-105.881,5.57871e-07,87.0711,46.9415,92.9289,-133.059,-1514.0,-722.0,-1400.0,-600.0
-1512.0,-722.0,-105.81,5.53342e-07,87.0471,47.447,92.9529,-132.553,-1512.0,-722.0,-1400.0,-600.0
-1510.0,-722.0,-105.739,5.48857e-07,87.023,47.9609,92.977,-132.039,-1510.0,-722.0,-1400.0,-600.0
-1508.0,-722.0,-105.668,5.44417e-07,86.9987,48.4833,93.0013,-131.517,-1508.0,-722.0,-1400.0,-600.0
-1506.0,-722.0,-105.598,5.40023e-07,86.9742,49.0142,93.0258,-130.986,-1506.0,-722.0,-1400.0,-600.0
-1504.0,-722.0,-105.527,5.35676e-07,86.9497,49.5538,93.0503,-130.446,-1504.0,-722.0,-1400.0,-600.0
-1502.0,-722.0,-105.457,5.31377e-07,86.925,50.1022,93.075,-129.898,-1502.0,-722.0,-1400.0,-600.0
-1500.0,-722.0,-105.387,5.27128e-07,86.9001,50.6595,93.0999,-129.341,-1500.0,-722.0,-1400.0,-600.0
-1498.0,-722.0,-105.317,5.22917e-07,86.8991,51.2258,93.1009,-128.774,-1498.0,-722.0,-1400.0,-600.0
-1496.0,-722.0,-105.248,5.18755e-07,86.9054,51.8013,93.0946,-128.199,-1496.0,-722.0,-1400.0,-600.0
-1494.0,-722.0,-105.179,5.14645e-07,86.9121,52.386,93.0879,-127.614,-1494.0,-722.0,-1400.0,-600.0
-1492.0,-722.0,-105.11,5.10591e-07,86.9192,52.9801,93.0808,-127.02,-1492.0,-722.0,-1400.0,-600.0
-1490.0,-722.0,-105.041,5.06592e-07,86.9251,53.5836,93.0749,-126.416,-1490.0,-722.0,-1400.0,-600.0
-1488.0,-722.0,-104.973,5.02665e-07,86.9011,54.1967,93.0989,-125.803,-1488.0,-722.0,-1400.0,-600.0
-1486.0,-722.0,-104.906,4.98796e-07,86.877,54.8193,93.123,-125.181,-1486.0,-722.0,-1400.0,-600.0
-1484.0,-722.0,-104.839,4.94987e-07,86.853,55.4516,93.147,-124.548,-1484.0,-722.0,-1400.0,-600.0
-1482.0,-722.0,-104.773,4.91239e-07,86.829,56.0937,93.171,-123.906,-1482.0,-722.0,-1400.0,-600.0
-1480.0,-722.0,-104.708,4.87553e-07,86.805,56.7456,93.195,-123.254,-1480.0,-722.0,-1400.0,-600.0
-1478.0,-722.0,-104.643,4.83932e-07,86.781,57.4074,93.219,-122.593,-1478.0,-722.0,-1400.0,-600.0
-1476.0,-722.0,-104.579,4.80376e-07,86.7572,58.0791,93.2428,-121.921,-1476.0,-722.0,-1400.0,-600.0
-1474.0,-722.0,-104.515,4.76886e-07,86.7334,58.7608,93.2666,-121.239,-1474.0,-722.0,-1400.0,-600.0
-1472.0,-722.0,-104.452,4.73465e-07,86.7098,59.4524,93.2902,-120.548,-1472.0,-722.0,-1400.0,-600.0
-1470.0,-722.0,-104.391,4.70114e-07,86.6864,60.1541,93.3136,-119.846,-1470.0,-722.0,-1400.0,-600.0
-1468.0,-722.0,-104.33,4.66835e-07,86.663,60.8657,93.337,-119.134,-1468.0,-722.0,-1400.0,-600.0
-1466.0,-722.0,-104.27,4.63631e-07,86.6328,61.5873,93.3672,-118.413,-1466.0,-722.0,-1400.0,-600.0
-1464.0,-722.0,-104.211,4.60516e-07,86.5749,62.3189,93.4251,-117.681,-1464.0,-722.0,-1400.0,-600.0
-1462.0,-722.0,-104.153,4.57476e-07,86.5168,63.0605,93.4832,-116.94,-1462.0,-722.0,-1400.0,-600.0
-1460.0,-722.0,-104.097,4.54515e-07,86.4585,63.8119,93.5415,-116.188,-1460.0,-722.0,-1400.0,-600.0
-1458.0,-722.0,-104.041,4.51633e-07,86.4001,64.5731,93.5999,-115.427,-1458.0,-722.0,-1400.0,-600.0
-1456.0,-722.0,-103.987,4.48831e-07,86.3416,65.3441,93.6584,-114.656,-1456.0,-722.0,-1400.0,-600.0
-1454.0,-722.0,-103.934,4.46112e-07,86.283,66.1247,93.717,-113.875,-1454.0,-722.0,-1400.0,-600.0
-1452.0,-722.0,-103.883,4.43478e-07,86.2244,66.9149,93.7756,-113.085,-1452.0,-722.0,-1400.0,-600.0
-1450.0,-722.0,-103.833,4.40928e-07,86.1659,67.7144,93.8341,-112.286,-1450.0,-722.0,-1400.0,-600.0
-1448.0,-722.0,-103.784,4.38466e-07,86.1074,68.5232,93.8926,-111.477,-1448.0,-722.0,-1400.0,-600.0
-1446.0,-722.0,-103.737,4.36091e-07,86.0491,69.3411,93.9509,-110.659,-1446.0,-722.0,-1400.0,-600.0
-1444.0,-722.0,-103.691,4.33807e-07,85.991,70.1679,94.009,-109.832,-1444.0,-722.0,-1400.0,-600.0
-1442.0,-722.0,-103.647,4.31607e-07,85.9465,71.0033,94.0535,-108.997,-1442.0,-722.0,-1400.0,-600.0
-1440.0,-722.0,-103.604,4.29487e-07,85.9264,71.8473,94.0736,-108.153,-1440.0,-722.0,-1400.0,-600.0
-1438.0,-722.0,-103.563,4.2746e-07,85.9071,72.6995,94.0929,-107.301,-1438.0,-722.0,-1400.0,-600.0
-1436.0,-722.0,-103.523,4.25528e-07,85.8885,73.5596,94.1115,-106.44,-1436.0,-722.0,-1400.0,-600.0
-1434.0,-722.0,-103.486,4.23693e-07,85.8706,74.4275,94.1294,-105.573,-1434.0,-722.0,-1400.0,-600.0
-1432.0,-722.0,-103.45,4.21955e-07,85.8536,75.3027,94.1464,-104.697,-1432.0,-722.0,-1400.0,-600.0
-1430.0,-722.0,-111.01,4.20316e-07,85.8374,76.2116,94.1626,-103.963,-1404.61,-618.561,-1404.61,-618.561
-1428.0,-722.0,-118.705,4.18789e-07,85.8222,77.261,94.1778,-103.963,-1404.61,-618.561,-1404.61,-618.561
-1426.0,-722.0,-121.943,1.07994e-06,88.3811,84.3021,91.6189,87.6657,-1398.19,-555.512,-1403.84,-499.951
-1424.0,-722.0,-122.935,1.07814e-06,88.3784,85.775,91.6216,94.3423,-1407.6,-499.955,-1407.6,-499.955
-1422.0,-722.0,-122.993,1.07767e-06,88.3777,86.129,91.6223,93.9883,-1406.98,-499.954,-1406.98,-499.954
-1420.0,-722.0,-122.989,1.07724e-06,88.3771,86.4833,91.6229,93.634,-1406.35,-499.954,-1406.35,-499.954
-1418.0,-722.0,-122.938,1.07685e-06,88.3765,86.8378,91.6235,93.2795,-1405.73,-499.953,-1405.73,-499.953
-1416.0,-722.0,-122.855,1.0765e-06,88.376,87.1926,91.624,92.9247,-1405.11,-499.952,-1405.11,-499.952
-1414.0,-722.0,-122.755,1.07619e-06,88.3755,87.5476,91.6245,92.5697,-1404.49,-499.952,-1404.49,-499.952
-1412.0,-722.0,-122.648,1.07593e-06,88.3751,87.9028,91.6249,92.2145,-1403.87,-499.951,-1403.87,-499.951
-1410.0,-722.0,-121.721,1.1866e-06,88.5267,96.1442,91.4733,99.6743,-1419.68,-484.581,-1425.38,-579.137
-1408.0,-722.0,-122.453,1.07552e-06,88.3745,88.6137,91.6255,91.5036,-1402.63,-499.95,-1402.63,-499.95
-1406.0,-722.0,-147.779,4.10133e-07,85.7339,89.2329,94.2661,-103.963,-1404.61,-618.561,-1404.61,-618.561
-1404.0,-722.0,-136.39,1.19329e-06,88.535,98.5762,91.465,82.1554,-1396.76,-576.497,-1425.35,-580.442
-1402.0,-722.0,-139.544,1.19431e-06,88.5362,99.0188,91.4638,82.1554,-1396.76,-576.497,-1425.5,-573.931
-1400.0,-722.0,-153.657,1.22217e-06,88.5696,100.207,91.4304,113.553,-1429.64,-532.017,-1425.33,-581.334
-1398.0,-722.0,0.0,0.0,0.0,0.0,0.0,0.0,0.0,0.0,0.0,0.0
-1396.0,-722.0,0.0,0.0,0.0,0.0,0.0,0.0,0.0,0.0,0.0,0.0
-1394.0,-722.0,0.0,0.0,0.0,0.0,0.0,0.0,0.0,0.0,0.0,0.0
-1392.0,-722.0,0.0,0.0,0.0,0.0,0.0,0.0,0.0,0.0,0.0,0.0
-1390.0,-722.0,0.0,0.0,0.0,0.0,0.0,0.0,0.0,0.0,0.0,0.0
-1388.0,-722.0,0.0,0.0,0.0,0.0,0.0,0.0,0.0,0.0,0.0,0.0
-1386.0,-722.0,0.0,0.0,0.0,0.0,0.0,0.0,0.0,0.0,0.0,0.0
-1384.0,-722.0,0.0,0.0,0.0,0.0,0.0,0.0,0.0,0.0,0.0,0.0
-1382.0,-722.0,0.0,0.0,0.0,0.0,0.0,0.0,0.0,0.0,0.0,0.0
-1380.0,-722.0,0.0,0.0,0.0,0.0,0.0,0.0,0.0,0.0,0.0,0.0
-1378.0,-722.0,0.0,0.0,0.0,0.0,0.0,0.0,0.0,0.0,0.0,0.0
-1376.0,-722.0,0.0,0.0,0.0,0.0,0.0,0.0,0.0,0.0,0.0,0.0
-1374.0,-722.0,0.0,0.0,0.0,0.0,0.0,0.0,0.0,0.0,0.0,0.0
-1372.0,-722.0,0.0,0.0,0.0,0.0,0.0,0.0,0.0,0.0,0.0,0.0
-1370.0,-722.0,0.0,0.0,0.0,0.0,0.0,0.0,0.0,0.0,0.0,0.0
-1368.0,-722.0,0.0,0.0,0.0,0.0,0.0,0.0,0.0,0.0,0.0,0.0
-1366.0,-722.0,0.0,0.0,0.0,0.0,0.0,0.0,0.0,0.0,0.0,0.0
-1364.0,-722.0,0.0,0.0,0.0,0.0,0.0,0.0,0.0,0.0,0.0,0.0
-1362.0,-722.0,0.0,0.0,0.0,0.0,0.0,0.0,0.0,0.0,0.0,0.0
-1360.0,-722.0,0.0,0.0,0.0,0.0,0.0,0.0,0.0,0.0,0.0,0.0
-1358.0,-722.0,0.0,0.0,0.0,0.0,0.0,0.0,0.0,0.0,0.0,0.0
-1356.0,-722.0,0.0,0.0,0.0,0.0,0.0,0.0,0.0,0.0,0.0,0.0
-1354.0,-722.0,0.0,0.0,0.0,0.0,0.0,0.0,0.0,0.0,0.0,0.0
-1352.0,-722.0,0.0,0.0,0.0,0.0,0.0,0.0,0.0,0.0,0.0,0.0
-1350.0,-722.0,0.0,0.0,0.0,0.0,0.0,0.0,0.0,0.0,0.0,0.0
-1348.0,-722.0,0.0,0.0,0.0,0.0,0.0,0.0,0.0,0.0,0.0,0.0
-1346.0,-722.0,0.0,0.0,0.0,0.0,0.0,0.0,0.0,0.0,0.0,0.0
-1344.0,-722.0,0.0,0.0,0.0,0.0,0.0,0.0,0.0,0.0,0.0,0.0
-1342.0,-722.0,0.0,0.0,0.0,0.0,0.0,0.0,0.0,0.0,0.0,0.0
-1340.0,-722.0,0.0,0.0,0.0,0.0,0.0,0.0,0.0,0.0,0.0,0.0
-1338.0,-722.0,0.0,0.0,0.0,0.0,0.0,0.0,0.0,0.0,0.0,0.0
-1336.0,-722.0,0.0,0.0,0.0,0.0,0.0,0.0,0.0,0.0,0.0,0.0
-1334.0,-722.0,0.0,0.0,0.0,0.0,0.0,0.0,0.0,0.0,0.0,0.0
-1332.0,-722.0,0.0,0.0,0.0,0.0,0.0,0.0,0.0,0.0,0.0,0.0
-1330.0,-722.0,0.0,0.0,0.0,0.0,0.0,0.0,0.0,0.0,0.0,0.0
-1328.0,-722.0,0.0,0.0,0.0,0.0,0.0,0.0,0.0,0.0,0.0,0.0
-1326.0,-722.0,0.0,0.0,0.0,0.0,0.0,0.0,0.0,0.0,0.0,0.0
-1324.0,-722.0,0.0,0.0,0.0,0.0,0.0,0.0,0.0,0.0,0.0,0.0
-1322.0,-722.0,0.0,0.0,0.0,0.0,0.0,0.0,0.0,0.0,0.0,0.0
-1320.0,-722.0,0.0,0.0,0.0,0.0,0.0,0.0,0.0,0.0,0.0,0.0
-1318.0,-722.0,0.0,0.0,0.0,0.0,0.0,0.0,0.0,0.0,0.0,0.0
-1316.0,-722.0,0.0,0.0,0.0,0.0,0.0,0.0,0.0,0.0,0.0,0.0
-1314.0,-722.0,0.0,0.0,0.0,0.0,0.0,0.0,0.0,0.0,0.0,0.0
-1312.0,-722.0,0.0,0.0,0.0,0.0,0.0,0.0,0.0,0.0,0.0,0.0
-1310.0,-722.0,0.0,0.0,0.0,0.0,0.0,0.0,0.0,0.0,0.0,0.0
-1308.0,-722.0,0.0,0.0,0.0,0.0,0.0,0.0,0.0,0.0,0.0,0.0
-1306.0,-722.0,-130.812,9.69169e-07,87.8862,146.763,92.1138,-35.9954,-1376.1,-617.359,-1306.47,-721.689
-1304.0,-722.0,-126.444,9.74767e-07,87.8817,147.052,92.1183,-35.9954,-1376.1,-617.359,-1306.53,-720.358
-1302.0,-722.0,-124.005,9.80383e-07,87.8774,147.336,92.1226,-35.9954,-1376.1,-617.359,-1306.59,-719.056
-1300.0,-722.0,-128.034,9.86019e-07,87.8685,147.616,92.1315,-35.9954,-1376.1,-617.359,-1306.65,-717.784
-1298.0,-722.0,-131.482,9.9168e-07,87.8481,147.892,92.1519,-35.9954,-1376.1,-617.359,-1306.7,-716.539
-1296.0,-722.0,-134.301,9.97359e-07,87.828,148.163,92.172,-35.9954,-1376.1,-617.359,-1306.76,-715.321
-1294.0,-722.0,-136.727,1.00305e-06,87.8081,148.43,92.1919,-35.9954,-1376.1,-617.359,-1306.81,-714.128
-1292.0,-722.0,-138.883,1.00876e-06,87.7885,148.694,92.2115,-35.9954,-1376.1,-617.359,-1306.86,-712.962
-1290.0,-722.0,-140.901,1.01449e-06,87.7692,148.953,92.2308,-35.9954,-1376.1,-617.359,-1306.91,-711.819
-1288.0,-722.0,-142.89,1.02023e-06,87.7501,149.209,92.2499,-35.9954,-1376.1,-617.359,-1306.96,-710.7
-1286.0,-722.0,-144.937,1.02599e-06,87.734,149.461,92.266,-35.9954,-1376.1,-617.359,-1307.01,-709.604
-1284.0,-722.0,-150.955,1.03188e-06,88.3828,150.09,94.3975,-37.1947,-1377.07,-617.4,-1307.05,-708.741
-1282.0,-722.0,-154.827,9.52582e-07,85.2526,44.4208,82.734,45.8421,-1390.3,-590.013,-1239.87,-680.713
-1280.0,-722.0,-154.324,9.47867e-07,85.2078,44.7038,82.6981,46.1269,-1390.4,-590.016,-1239.87,-682.283
-1278.0,-722.0,-154.039,9.43176e-07,85.1626,44.9896,82.662,46.4146,-1390.5,-590.019,-1239.87,-683.884
-1276.0,-722.0,-153.944,9.38498e-07,85.1264,45.2785,82.6257,46.7045,-1390.6,-590.022,-1239.87,-685.518
-1274.0,-722.0,-162.742,1.33016e-06,88.1969,62.6865,91.8031,-43.396,-1381.4,-617.583,-1239.87,-655.904
-1272.0,-722.0,-163.22,1.32711e-06,88.1928,62.9918,91.8072,-43.396,-1381.4,-617.583,-1239.87,-658.956
-1270.0,-722.0,-163.811,1.3241e-06,88.1887,63.2987,91.8113,-43.396,-1381.4,-617.583,-1239.87,-662.09
-1268.0,-722.0,-164.573,1.32112e-06,88.1846,63.6073,91.8154,-43.396,-1381.4,-617.583,-1239.87,-665.309
-1266.0,-722.0,-165.597,1.31817e-06,88.1805,63.9175,91.8195,-43.396,-1381.4,-617.583,-1239.87,-668.616
-1264.0,-722.0,-166.996,1.31525e-06,88.1765,64.2294,91.8235,-43.396,-1381.4,-617.583,-1239.87,-672.016
-1262.0,-722.0,-160.952,1.26477e-06,88.1037,106.398,91.8963,-43.3117,-1381.35,-617.58,-1325.5,-506.228
-1260.0,-722.0,-160.874,1.26667e-06,88.1066,106.77,91.8934,-43.3117,-1381.35,-617.58,-1325.03,-506.218
-1258.0,-722.0,-160.815,1.26862e-06,88.1095,107.141,91.8905,-43.3117,-1381.35,-617.58,-1324.55,-506.209
-1256.0,-722.0,-159.707,1.07212e-06,85.5799,156.075,69.046,23.4022,-1375.91,-589.573,-1310.16,-697.972
-1254.0,-722.0,-159.776,1.07821e-06,85.6054,156.22,69.1437,23.2862,-1375.76,-589.568,-1310.18,-697.243
-1252.0,-722.0,-158.552,1.1439e-06,87.9116,154.377,92.0884,-43.396,-1381.4,-617.583,-1310.29,-694.043
-1250.0,-722.0,-158.242,1.71567e-06,87.5273,63.2518,83.7027,117.502,-1429.36,-543.613,-1239.87,-701.907
-1248.0,-722.0,-158.21,1.15241e-06,87.955,153.172,92.045,-35.9954,-1376.1,-617.359,-1310.41,-690.437
-1246.0,-722.0,-157.653,1.15836e-06,87.9795,153.362,92.0205,-35.9954,-1376.1,-617.359,-1310.43,-689.681
-1244.0,-722.0,-157.253,1.16432e-06,88.0037,153.549,91.9963,-35.9954,-1376.1,-617.359,-1310.46,-688.936
-1242.0,-722.0,-156.979,1.17028e-06,88.0277,153.734,91.9723,-35.9954,-1376.1,-617.359,-1310.48,-688.205
-1240.0,-722.0,-156.805,1.17626e-06,88.0514,153.916,91.9486,-35.9954,-1376.1,-617.359,-1310.51,-687.484
-1238.0,-722.0,-156.709,1.18224e-06,88.075,154.096,91.925,-35.9954,-1376.1,-617.359,-1310.53,-686.776
-1236.0,-722.0,-156.678,1.18824e-06,88.0983,154.274,91.9017,-35.9954,-1376.1,-617.359,-1310.55,-686.079
-1234.0,-722.0,-156.7,1.19424e-06,88.1213,154.45,91.8787,-35.9954,-1376.1,-617.359,-1310.57,-685.393
-1232.0,-722.0,-157.172,1.01409e-06,70.0022,42.0353,88.6342,-33.8068,-1374.2,-617.279,-1195.95,-689.504
-1230.0,-722.0,-157.223,1.00937e-06,69.1933,42.5375,88.6383,-34.027,-1374.4,-617.287,-1195.92,-690.727
-1228.0,-722.0,-157.593,1.00462e-06,68.3753,43.0654,88.6424,-34.2506,-1374.6,-617.296,-1195.88,-691.977
-1226.0,-722.0,-151.91,8.40409e-07,83.4807,134.472,80.9974,-43.8916,-1381.71,-617.595,-1356.59,-588.982
-1224.0,-722.0,-161.089,9.95272e-07,66.537,44.2651,88.6507,-34.7004,-1375.0,-617.313,-1195.8,-694.514
-1222.0,-722.0,-161.56,9.90702e-07,65.4719,44.9671,88.6549,-34.9246,-1375.19,-617.321,-1195.76,-695.79
-1220.0,-722.0,-158.808,9.86217e-07,64.2914,45.7598,88.6591,-35.1477,-1375.39,-617.329,-1195.72,-697.068
-1218.0,-722.0,-157.918,9.81828e-07,62.9796,46.6669,88.6632,-35.3689,-1375.58,-617.337,-1195.68,-698.344
-1216.0,-722.0,-158.056,9.77551e-07,61.5189,47.7201,88.6674,-35.5875,-1375.76,-617.345,-1195.64,-699.611
-1214.0,-722.0,-167.309,1.51108e-06,88.7118,-107.407,91.2882,-43.3117,-1381.35,-617.58,-1223.67,-752.846
-1212.0,-722.0,-171.785,2.04857e-06,89.0735,-164.028,90.9265,-124.21,-1548.4,-818.284,-1548.4,-818.284
-1210.0,-722.0,-160.022,2.15958e-06,87.158,-36.1474,88.4341,21.7745,-1373.73,-589.506,-1091.65,-808.455
-1208.0,-722.0,-159.995,2.15416e-06,87.2078,-36.2621,88.4192,21.6793,-1373.59,-589.502,-1090.29,-808.346
-1206.0,-722.0,-160.059,2.14875e-06,87.257,-36.377,88.4041,21.5833,-1373.45,-589.498,-1088.93,-808.238
-1204.0,-722.0,-160.254,2.14337e-06,87.2822,-36.4892,88.3883,21.483,-1373.3,-589.493,-1087.56,-808.128
-1202.0,-722.0,-160.545,2.138e-06,87.3044,-36.6015,88.3724,21.3817,-1373.15,-589.488,-1086.18,-808.018
-1600.0,-720.0,-108.788,7.7884e-07,87.7706,30.9638,92.2294,-149.036,-1600.0,-720.0,-1400.0,-600.0
-1598.0,-720.0,-108.724,7.73129e-07,87.7541,31.2184,92.2459,-148.782,-1598.0,-720.0,-1400.0,-600.0
-1596.0,-720.0,-108.659,7.67434e-07,87.7375,31.4768,92.2625,-148.523,-1596.0,-720.0,-1400.0,-600.0
-1594.0,-720.0,-108.595,7.61755e-07,87.7206,31.7391,92.2794,-148.261,-1594.0,-720.0,-1400.0,-600.0
-1592.0,-720.0,-108.53,7.56093e-07,87.7035,32.0054,92.2965,-147.995,-1592.0,-720.0,-1400.0,-600.0
-1590.0,-720.0,-108.464,7.50446e-07,87.6862,32.2756,92.3138,-147.724,-1590.0,-720.0,-1400.0,-600.0
-1588.0,-720.0,-108.399,7.44817e-07,87.6687,32.55,92.3313,-147.45,-1588.0,-720.0,-1400.0,-600.0
-1586.0,-720.0,-108.333,7.39205e-07,87.651,32.8285,92.349,-147.171,-1586.0,-720.0,-1400.0,-600.0
-1584.0,-720.0,-108.267,7.33617e-07,87.6236,33.1113,92.3764,-146.889,-1584.0,-720.0,-1400.0,-600.0
-1582.0,-720.0,-108.2,7.28053e-07,87.5832,33.3985,92.4168,-146.602,-1582.0,-720.0,-1400.0,-600.0
-1580.0,-720.0,-108.134,7.22508e-07,87.5423,33.6901,92.4577,-146.31,-1580.0,-720.0,-1400.0,-600.0
-1578.0,-720.0,-108.067,7.16982e-07,87.5008,33.9862,92.4992,-146.014,-1578.0,-720.0,-1400.0,-600.0
-1576.0,-720.0,-108.0,7.11476e-07,87.4588,34.2869,92.5412,-145.713,-1576.0,-720.0,-1400.0,-600.0
-1574.0,-720.0,-107.932,7.0599e-07,87.4161,34.5923,92.5839,-145.408,-1574.0,-720.0,-1400.0,-600.0
-1572.0,-720.0,-107.864,7.00501e-07,87.4166,34.9025,92.5834,-145.098,-1572.0,-720.0,-1400.0,-600.0
-1570.0,-720.0,-107.796,6.95031e-07,87.4194,35.2176,92.5806,-144.782,-1570.0,-720.0,-1400.0,-600.0
-1568.0,-720.0,-107.727,6.89583e-07,87.4225,35.5377,92.5775,-144.462,-1568.0,-720.0,-1400.0,-600.0
-1566.0,-720.0,-107.658,6.84156e-07,87.4256,35.8628,92.5744,-144.137,-1566.0,-720.0,-1400.0,-600.0
-1564.0,-720.0,-107.589,6.78752e-07,87.4289,36.1932,92.5711,-143.807,-1564.0,-720.0,-1400.0,-600.0
-1562.0,-720.0,-107.52,6.73371e-07,87.4323,36.5289,92.5677,-143.471,-1562.0,-720.0,-1400.0,-600.0
-1560.0,-720.0,-107.45,6.6802e-07,87.4217,36.8699,92.5783,-143.13,-1560.0,-720.0,-1400.0,-600.0
-1558.0,-720.0,-107.381,6.62699e-07,87.401,37.2164,92.599,-142.784,-1558.0,-720.0,-1400.0,-600.0
-1556.0,-720.0,-107.311,6.57403e-07,87.38,37.5686,92.62,-142.431,-1556.0,-720.0,-1400.0,-600.0
-1554.0,-720.0,-107.241,6.52131e-07,87.3588,37.9265,92.6412,-142.074,-1554.0,-720.0,-1400.0,-600.0
-1552.0,-720.0,-107.17,6.46886e-07,87.3374,38.2902,92.6626,-141.71,-1552.0,-720.0,-1400.0,-600.0
-1550.0,-720.0,-107.1,6.41667e-07,87.3157,38.6598,92.6843,-141.34,-1550.0,-720.0,-1400.0,-600.0
-1548.0,-720.0,-107.029,6.36475e-07,87.2938,39.0355,92.7062,-140.964,-1548.0,-720.0,-1400.0,-600.0
-1546.0,-720.0,-106.958,6.31312e-07,87.2716,39.4174,92.7284,-140.583,-1546.0,-720.0,-1400.0,-600.0
-1544.0,-720.0,-106.887,6.26176e-07,87.2492,39.8056,92.7508,-140.194,-1544.0,-720.0,-1400.0,-600.0
-1542.0,-720.0,-106.816,6.2107e-07,87.2266,40.2002,92.7734,-139.8,-1542.0,-720.0,-1400.0,-600.0
-1540.0,-720.0,-106.744,6.15994e-07,87.2037,40.6013,92.7963,-139.399,-1540.0,-720.0,-1400.0,-600.0
-1538.0,-720.0,-106.672,6.10949e-07,87.1806,41.0091,92.8194,-138.991,-1538.0,-720.0,-1400.0,-600.0
-1536.0,-720.0,-106.6,6.05925e-07,87.177,41.4237,92.823,-138.576,-1536.0,-720.0,-1400.0,-600.0
-1534.0,-720.0,-106.528,6.00929e-07,87.1804,41.8452,92.8196,-138.155,-1534.0,-720.0,-1400.0,-600.0
-1532.0,-720.0,-106.456,5.95967e-07,87.184,42.2737,92.816,-137.726,-1532.0,-720.0,-1400.0,-600.0
-1530.0,-720.0,-106.384,5.91038e-07,87.1879,42.7094,92.8121,-137.291,-1530.0,-720.0,-1400.0,-600.0
-1528.0,-720.0,-106.311,5.86144e-07,87.1919,43.1524,92.8081,-136.848,-1528.0,-720.0,-1400.0,-600.0
-1526.0,-720.0,-106.239,5.81289e-07,87.1892,43.6028,92.8108,-136.397,-1526.0,-720.0,-1400.0,-600.0
-1524.0,-720.0,-106.167,5.7648e-07,87.1658,44.0608,92.8342,-135.939,-1524.0,-720.0,-1400.0,-600.0
-1522.0,-720.0,-106.094,5.7171e-07,87.1421,44.5265,92.8579,-135.474,-1522.0,-720.0,-1400.0,-600.0
-1520.0,-720.0,-106.022,5.66977e-07,87.1182,45.0,92.8818,-135.0,-1520.0,-720.0,-1400.0,-600.0
-1518.0,-720.0,-105.949,5.62284e-07,87.0941,45.4815,92.9059,-134.519,-1518.0,-720.0,-1400.0,-600.0
-1516.0,-720.0,-105.877,5.57632e-07,87.0699,45.971,92.9301,-134.029,-1516.0,-720.0,-1400.0,-600.0
-1514.0,-720.0,-105.805,5.5302e-07,87.0454,46.4688,92.9546,-133.531,-1514.0,-720.0,-1400.0,-600.0
-1512.0,-720.0,-105.732,5.48451e-07,87.0208,46.9749,92.9792,-133.025,-1512.0,-720.0,-1400.0,-600.0
-1510.0,-720.0,-105.66,5.43926e-07,86.996,47.4896,93.004,-132.51,-1510.0,-720.0,-1400.0,-600.0
-1508.0,-720.0,-105.588,5.39445e-07,86.971,48.0128,93.029,-131.987,-1508.0,-720.0,-1400.0,-600.0
-1506.0,-720.0,-105.516,5.3501e-07,86.9459,48.5448,93.0541,-131.455,-1506.0,-720.0,-1400.0,-600.0
-1504.0,-720.0,-105.445,5.30622e-07,86.9206,49.0856,93.0794,-130.914,-1504.0,-720.0,-1400.0,-600.0
-1502.0,-720.0,-105.373,5.26282e-07,86.8952,49.6355,93.1048,-130.365,-1502.0,-720.0,-1400.0,-600.0
-1500.0,-720.0,-105.302,5.21983e-07,86.8863,50.1944,93.1137,-129.806,-1500.0,-720.0,-1400.0,-600.0
-1498.0,-720.0,-105.23,5.17727e-07,86.8919,50.7626,93.1081,-129.237,-1498.0,-720.0,-1400.0,-600.0
-1496.0,-720.0,-105.16,5.13523e-07,86.8979,51.3402,93.1021,-128.66,-1496.0,-720.0,-1400.0,-600.0
-1494.0,-720.0,-105.089,5.09372e-07,86.9044,51.9272,93.0956,-128.073,-1494.0,-720.0,-1400.0,-600.0
-1492.0,-720.0,-105.019,5.05274e-07,86.9112,52.5238,93.0888,-127.476,-1492.0,-720.0,-1400.0,-600.0
-1490.0,-720.0,-104.949,5.01233e-07,86.9169,53.1301,93.0831,-126.87,-1490.0,-720.0,-1400.0,-600.0
-1488.0,-720.0,-104.879,4.97264e-07,86.8923,53.7462,93.1077,-126.254,-1488.0,-720.0,-1400.0,-600.0
-1486.0,-720.0,-104.811,4.93353e-07,86.8677,54.3721,93.1323,-125.628,-1486.0,-720.0,-1400.0,-600.0
-1484.0,-720.0,-104.742,4.89501e-07,86.843,55.008,93.157,-124.992,-1484.0,-720.0,-1400.0,-600.0
-1482.0,-720.0,-104.675,4.85711e-07,86.8183,55.6539,93.1817,-124.346,-1482.0,-720.0,-1400.0,-600.0
-1480.0,-720.0,-104.608,4.81983e-07,86.7937,56.3099,93.2063,-123.69,-1480.0,-720.0,-1400.0,-600.0
-1478.0,-720.0,-104.541,4.78319e-07,86.7691,56.9761,93.2309,-123.024,-1478.0,-720.0,-1400.0,-600.0
-1476.0,-720.0,-104.475,4.74721e-07,86.7446,57.6526,93.2554,-122.347,-1476.0,-720.0,-1400.0,-600.0
-1474.0,-720.0,-104.411,4.7119e-07,86.7202,58.3392,93.2798,-121.661,-1474.0,-720.0,-1400.0,-600.0
-1472.0,-720.0,-104.346,4.67728e-07,86.6959,59.0362,93.3041,-120.964,-1472.0,-720.0,-1400.0,-600.0
-1470.0,-720.0,-104.283,4.64335e-07,86.6717,59.7436,93.3283,-120.256,-1470.0,-720.0,-1400.0,-600.0
-1468.0,-720.0,-104.22,4.61014e-07,86.6477,60.4612,93.3523,-119.539,-1468.0,-720.0,-1400.0,-600.0
-1466.0,-720.0,-104.159,4.5777e-07,86.6168,61.1892,93.3832,-118.811,-1466.0,-720.0,-1400.0,-600.0
-1464.0,-720.0,-104.099,4.54614e-07,86.5577,61.9275,93.4423,-118.072,-1464.0,-720.0,-1400.0,-600.0
-1462.0,-720.0,-104.04,4.51535e-07,86.4984,62.6761,93.5016,-117.324,-1462.0,-720.0,-1400.0,-600.0
-1460.0,-720.0,-103.982,4.48534e-07,86.4389,63.4349,93.5611,-116.565,-1460.0,-720.0,-1400.0,-600.0
-1458.0,-720.0,-103.925,4.45613e-07,86.3792,64.204,93.6208,-115.796,-1458.0,-720.0,-1400.0,-600.0
-1456.0,-720.0,-103.869,4.42774e-07,86.3194,64.9831,93.6806,-115.017,-1456.0,-720.0,-1400.0,-600.0
-1454.0,-720.0,-103.815,4.40017e-07,86.2596,65.7723,93.7404,-114.228,-1454.0,-720.0,-1400.0,-600.0
-1452.0,-720.0,-103.762,4.37345e-07,86.1997,66.5713,93.8003,-113.429,-1452.0,-720.0,-1400.0,-600.0
-1450.0,-720.0,-103.71,4.3476e-07,86.1399,67.3801,93.8601,-112.62,-1450.0,-720.0,-1400.0,-600.0
-1448.0,-720.0,-103.66,4.32262e-07,86.0802,68.1986,93.9198,-111.801,-1448.0,-720.0,-1400.0,-600.0
-1446.0,-720.0,-103.611,4.29854e-07,86.0205,69.0265,93.9795,-110.973,-1446.0,-720.0,-1400.0,-600.0
-1444.0,-720.0,-103.564,4.27536e-07,85.9611,69.8637,94.0389,-110.136,-1444.0,-720.0,-1400.0,-600.0
-1442.0,-720.0,-103.519,4.25303e-07,85.9154,70.71,94.0846,-109.29,-1442.0,-720.0,-1400.0,-600.0
-1440.0,-720.0,-103.475,4.23151e-07,85.8946,71.5651,94.1054,-108.435,-1440.0,-720.0,-1400.0,-600.0
-1438.0,-720.0,-103.432,4.21094e-07,85.8745,72.4287,94.1255,-107.571,-1438.0,-720.0,-1400.0,-600.0
-1436.0,-720.0,-103.391,4.19133e-07,85.8552,73.3008,94.1448,-106.699,-1436.0,-720.0,-1400.0,-600.0
-1434.0,-720.0,-103.353,4.17269e-07,85.8367,74.1808,94.1633,-105.819,-1434.0,-720.0,-1400.0,-600.0
-1432.0,-720.0,-103.316,4.15504e-07,85.819,75.0686,94.181,-104.931,-1432.0,-720.0,-1400.0,-600.0
-1430.0,-720.0,-103.281,4.1384e-07,85.8021,75.9638,94.1979,-104.036,-1430.0,-720.0,-1400.0,-600.0
-1428.0,-720.0,-117.032,4.12284e-07,85.7863,77.0183,94.2137,-103.963,-1404.61,-618.561,-1404.61,-618.561
-1426.0,-720.0,-121.847,1.0733e-06,88.3826,84.2668,91.6174,87.6303,-1398.17,-555.895,-1403.91,-499.951
-1424.0,-720.0,-122.873,1.07148e-06,88.3799,85.7487,91.6201,94.3686,-1407.64,-499.955,-1407.64,-499.955
-1422.0,-720.0,-122.937,1.071e-06,88.3792,86.1049,91.6208,94.0124,-1407.02,-499.954,-1407.02,-499.954
-1420.0,-720.0,-122.937,1.07057e-06,88.3785,86.4614,91.6215,93.6559,-1406.39,-499.954,-1406.39,-499.954
-1418.0,-720.0,-122.888,1.07018e-06,88.3779,86.8181,91.6221,93.2992,-1405.77,-499.953,-1405.77,-499.953
-1416.0,-720.0,-122.805,1.06983e-06,88.3774,87.1751,91.6226,92.9422,-1405.14,-499.952,-1405.14,-499.952
-1414.0,-720.0,-122.705,1.06952e-06,88.3769,87.5323,91.6231,92.585,-1404.52,-499.952,-1404.52,-499.952
-1412.0,-720.0,-122.598,1.06926e-06,88.3765,87.8897,91.6235,92.2276,-1403.89,-499.951,-1403.89,-499.951
-1410.0,-720.0,-121.621,1.17996e-06,88.5289,96.1789,91.4711,99.709,-1419.75,-484.585,-1425.41,-577.615
-1408.0,-720.0,-122.4,1.06885e-06,88.3759,88.605,91.6241,91.5123,-1402.64,-499.95,-1402.64,-499.95
-1406.0,-720.0,-147.579,4.03463e-07,85.694,89.2178,94.306,-103.963,-1404.61,-618.561,-1404.61,-618.561
-1404.0,-720.0,-151.531,4.03437e-07,85.6938,90.3474,94.3062,-103.963,-1404.61,-618.561,-1404.61,-618.561
-1402.0,-720.0,-154.727,5.59258e-07,86.895,99.7278,93.105,148.195,-1425.26,-584.337,-1425.26,-584.337
-1400.0,-720.0,-153.478,1.2156e-06,88.572,100.291,91.428,113.553,-1429.64,-532.017,-1425.35,-580.39
-1398.0,-720.0,0.0,0.0,0.0,0.0,0.0,0.0,0.0,0.0,0.0,0.0
-1396.0,-720.0,0.0,0.0,0.0,0.0,0.0,0.0,0.0,0.0,0.0,0.0
-1394.0,-720.0,0.0,0.0,0.0,0.0,0.0,0.0,0.0,0.0,0.0,0.0
-1392.0,-720.0,0.0,0.0,0.0,0.0,0.0,0.0,0.0,0.0,0.0,0.0
-1390.0,-720.0,0.0,0.0,0.0,0.0,0.0,0.0,0.0,0.0,0.0,0.0
-1388.0,-720.0,0.0,0.0,0.0,0.0,0.0,0.0,0.0,0.0,0.0,0.0
-1386.0,-720.0,0.0,0.0,0.0,0.0,0.0,0.0,0.0,0.0,0.0,0.0
-1384.0,-720.0,0.0,0.0,0.0,0.0,0.0,0.0,0.0,0.0,0.0,0.0
-1382.0,-720.0,0.0,0.0,0.0,0.0,0.0,0.0,0.0,0.0,0.0,0.0
-1380.0,-720.0,0.0,0.0,0.0,0.0,0.0,0.0,0.0,0.0,0.0,0.0
-1378.0,-720.0,0.0,0.0,0.0,0.0,0.0,0.0,0.0,0.0,0.0,0.0
-1376.0,-720.0,0.0,0.0,0.0,0.0,0.0,0.0,0.0,0.0,0.0,0.0
-1374.0,-720.0,0.0,0.0,0.0,0.0,0.0,0.0,0.0,0.0,0.0,0.0
-1372.0,-720.0,0.0,0.0,0.0,0.0,0.0,0.0,0.0,0.0,0.0,0.0
-1370.0,-720.0,0.0,0.0,0.0,0.0,0.0,0.0,0.0,0.0,0.0,0.0
-1368.0,-720.0,0.0,0.0,0.0,0.0,0.0,0.0,0.0,0.0,0.0,0.0
-1366.0,-720.0,0.0,0.0,0.0,0.0,0.0,0.0,0.0,0.0,0.0,0.0
-1364.0,-720.0,0.0,0.0,0.0,0.0,0.0,0.0,0.0,0.0,0.0,0.0
-1362.0,-720.0,0.0,0.0,0.0,0.0,0.0,0.0,0.0,0.0,0.0,0.0
-1360.0,-720.0,0.0,0.0,0.0,0.0,0.0,0.0,0.0,0.0,0.0,0.0
-1358.0,-720.0,0.0,0.0,0.0,0.0,0.0,0.0,0.0,0.0,0.0,0.0
-1356.0,-720.0,0.0,0.0,0.0,0.0,0.0,0.0,0.0,0.0,0.0,0.0
-1354.0,-720.0,0.0,0.0,0.0,0.0,0.0,0.0,0.0,0.0,0.0,0.0
-1352.0,-720.0,0.0,0.0,0.0,0.0,0.0,0.0,0.0,0.0,0.0,0.0
-1350.0,-720.0,0.0,0.0,0.0,0.0,0.0,0.0,0.0,0.0,0.0,0.0
-1348.0,-720.0,0.0,0.0,0.0,0.0,0.0,0.0,0.0,0.0,0.0,0.0
-1346.0,-720.0,0.0,0.0,0.0,0.0,0.0,0.0,0.0,0.0,0.0,0.0
-1344.0,-720.0,0.0,0.0,0.0,0.0,0.0,0.0,0.0,0.0,0.0,0.0
-1342.0,-720.0,0.0,0.0,0.0,0.0,0.0,0.0,0.0,0.0,0.0,0.0
-1340.0,-720.0,0.0,0.0,0.0,0.0,0.0,0.0,0.0,0.0,0.0,0.0
-1338.0,-720.0,0.0,0.0,0.0,0.0,0.0,0.0,0.0,0.0,0.0,0.0
-1336.0,-720.0,0.0,0.0,0.0,0.0,0.0,0.0,0.0,0.0,0.0,0.0
-1334.0,-720.0,0.0,0.0,0.0,0.0,0.0,0.0,0.0,0.0,0.0,0.0
-1332.0,-720.0,0.0,0.0,0.0,0.0,0.0,0.0,0.0,0.0,0.0,0.0
-1330.0,-720.0,0.0,0.0,0.0,0.0,0.0,0.0,0.0,0.0,0.0,0.0
-1328.0,-720.0,0.0,0.0,0.0,0.0,0.0,0.0,0.0,0.0,0.0,0.0
-1326.0,-720.0,0.0,0.0,0.0,0.0,0.0,0.0,0.0,0.0,0.0,0.0
-1324.0,-720.0,0.0,0.0,0.0,0.0,0.0,0.0,0.0,0.0,0.0,0.0
-1322.0,-720.0,0.0,0.0,0.0,0.0,0.0,0.0,0.0,0.0,0.0,0.0
-1320.0,-720.0,0.0,0.0,0.0,0.0,0.0,0.0,0.0,0.0,0.0,0.0
-1318.0,-720.0,0.0,0.0,0.0,0.0,0.0,0.0,0.0,0.0,0.0,0.0
-1316.0,-720.0,0.0,0.0,0.0,0.0,0.0,0.0,0.0,0.0,0.0,0.0
-1314.0,-720.0,0.0,0.0,0.0,0.0,0.0,0.0,0.0,0.0,0.0,0.0
-1312.0,-720.0,0.0,0.0,0.0,0.0,0.0,0.0,0.0,0.0,0.0,0.0
-1310.0,-720.0,0.0,0.0,0.0,0.0,0.0,0.0,0.0,0.0,0.0,0.0
-1308.0,-720.0,0.0,0.0,0.0,0.0,0.0,0.0,0.0,0.0,0.0,0.0
-1306.0,-720.0,-123.788,9.65544e-07,87.8654,147.209,92.1346,-35.9954,-1376.1,-617.359,-1306.57,-719.635
-1304.0,-720.0,-126.225,9.7117e-07,87.8612,147.496,92.1388,-35.9954,-1376.1,-617.359,-1306.62,-718.328
-1302.0,-720.0,-130.012,9.76813e-07,87.857,147.778,92.143,-35.9954,-1376.1,-617.359,-1306.68,-717.05
-1300.0,-720.0,-133.152,9.82477e-07,87.8483,148.056,92.1517,-35.9954,-1376.1,-617.359,-1306.74,-715.8
-1298.0,-720.0,-135.716,9.88165e-07,87.828,148.329,92.172,-35.9954,-1376.1,-617.359,-1306.79,-714.577
-1296.0,-720.0,-137.996,9.93871e-07,87.8079,148.599,92.1921,-35.9954,-1376.1,-617.359,-1306.84,-713.381
-1294.0,-720.0,-140.085,9.99592e-07,87.7882,148.864,92.2118,-35.9954,-1376.1,-617.359,-1306.9,-712.21
-1292.0,-720.0,-142.108,1.00533e-06,87.7687,149.125,92.2313,-35.9954,-1376.1,-617.359,-1306.95,-711.064
-1290.0,-720.0,-144.162,1.01108e-06,87.7494,149.383,92.2506,-35.9954,-1376.1,-617.359,-1307.0,-709.942
-1288.0,-720.0,-146.331,1.01685e-06,87.7304,149.636,92.2696,-35.9954,-1376.1,-617.359,-1307.04,-708.843
-1286.0,-720.0,-158.287,9.57485e-07,85.3079,43.5735,82.8419,44.9962,-1390.0,-590.004,-1239.87,-676.111
-1284.0,-720.0,-156.7,9.527e-07,85.2632,43.8507,82.8062,45.2752,-1390.1,-590.007,-1239.87,-677.605
-1282.0,-720.0,-155.567,9.47939e-07,85.2182,44.1308,82.7702,45.557,-1390.2,-590.01,-1239.87,-679.129
-1280.0,-720.0,-154.785,9.43201e-07,85.1728,44.4137,82.7341,45.8417,-1390.3,-590.013,-1239.87,-680.683
-1278.0,-720.0,-154.276,9.38487e-07,85.1271,44.6995,82.6978,46.1293,-1390.4,-590.016,-1239.87,-682.268
-1276.0,-720.0,-153.984,9.33786e-07,85.0904,44.9884,82.6614,46.4193,-1390.5,-590.019,-1239.87,-683.885
-1274.0,-720.0,-162.472,1.32423e-06,88.1889,62.5285,91.8111,-43.396,-1381.4,-617.583,-1239.87,-654.349
-1272.0,-720.0,-162.909,1.32117e-06,88.1847,62.8349,91.8153,-43.396,-1381.4,-617.583,-1239.87,-657.38
-1270.0,-720.0,-163.44,1.31814e-06,88.1805,63.1431,91.8195,-43.396,-1381.4,-617.583,-1239.87,-660.493
-1268.0,-720.0,-164.111,1.31515e-06,88.1764,63.4529,91.8236,-43.396,-1381.4,-617.583,-1239.87,-663.69
-1266.0,-720.0,-164.998,1.31218e-06,88.1722,63.7644,91.8278,-43.396,-1381.4,-617.583,-1239.87,-666.975
-1264.0,-720.0,-160.964,1.2565e-06,88.0912,106.133,91.9088,-43.3117,-1381.35,-617.58,-1325.84,-506.235
-1262.0,-720.0,-160.872,1.25837e-06,88.0941,106.509,91.9059,-43.3117,-1381.35,-617.58,-1325.36,-506.225
-1260.0,-720.0,-159.611,1.05726e-06,85.5112,156.114,69.065,23.3796,-1375.88,-589.572,-1310.17,-697.784
-1258.0,-720.0,-159.684,1.06335e-06,85.5375,156.26,69.164,23.2621,-1375.73,-589.567,-1310.19,-697.046
-1256.0,-720.0,-158.417,1.129e-06,87.8756,154.392,92.1244,-43.396,-1381.4,-617.583,-1310.29,-693.978
-1254.0,-720.0,-158.366,1.13502e-06,87.8868,154.571,92.1132,-43.396,-1381.4,-617.583,-1310.32,-693.225
-1252.0,-720.0,-158.108,1.13752e-06,87.8999,153.168,92.1001,-35.9954,-1376.1,-617.359,-1310.41,-690.455
-1250.0,-720.0,-157.537,1.14347e-06,87.9249,153.361,92.0751,-35.9954,-1376.1,-617.359,-1310.43,-689.685
-1248.0,-720.0,-157.129,1.14942e-06,87.9497,153.551,92.0503,-35.9954,-1376.1,-617.359,-1310.46,-688.929
-1246.0,-720.0,-156.851,1.15539e-06,87.9743,153.739,92.0257,-35.9954,-1376.1,-617.359,-1310.48,-688.185
-1244.0,-720.0,-156.676,1.16136e-06,87.9986,153.924,92.0014,-35.9954,-1376.1,-617.359,-1310.51,-687.453
-1242.0,-720.0,-156.581,1.16735e-06,88.0227,154.107,91.9773,-35.9954,-1376.1,-617.359,-1310.53,-686.734
-1240.0,-720.0,-156.553,1.17334e-06,88.0466,154.288,91.9534,-35.9954,-1376.1,-617.359,-1310.55,-686.026
-1238.0,-720.0,-156.578,1.17935e-06,88.0702,154.466,91.9298,-35.9954,-1376.1,-617.359,-1310.58,-685.33
-1236.0,-720.0,-159.077,1.18948e-06,88.1002,156.087,91.8998,-43.396,-1381.4,-617.583,-1310.52,-686.955
-1234.0,-720.0,-154.931,9.60595e-07,84.5915,125.494,85.6916,-51.4141,-1385.82,-617.769,-1328.32,-587.74
-1232.0,-720.0,-154.553,9.64441e-07,84.6378,125.817,85.7086,-51.089,-1385.66,-617.762,-1327.47,-587.718
-1230.0,-720.0,-157.427,1.00516e-06,69.0764,42.2459,88.6329,-33.7322,-1374.13,-617.276,-1195.97,-689.091
-1228.0,-720.0,-157.644,1.0004e-06,68.2512,42.7745,88.637,-33.9553,-1374.33,-617.284,-1195.93,-690.328
-1226.0,-720.0,-158.438,9.95674e-07,67.3687,43.3461,88.6411,-34.1797,-1374.53,-617.293,-1195.89,-691.58
-1224.0,-720.0,-160.576,9.91012e-07,66.3962,43.977,88.6452,-34.404,-1374.74,-617.301,-1195.85,-692.839
-1222.0,-720.0,-162.081,9.86425e-07,65.3212,44.6813,88.6493,-34.6277,-1374.93,-617.31,-1195.81,-694.102
-1220.0,-720.0,-159.096,9.81922e-07,64.1295,45.477,88.6535,-34.8503,-1375.13,-617.318,-1195.77,-695.367
-1218.0,-720.0,-157.953,9.77517e-07,62.8051,46.3882,88.6576,-35.071,-1375.32,-617.326,-1195.73,-696.628
-1216.0,-720.0,-157.943,9.73169e-07,61.3722,47.427,88.6618,-35.2917,-1375.51,-617.334,-1195.7,-697.898
-1214.0,-720.0,-158.915,9.68864e-07,59.8329,48.6186,88.6659,-35.5131,-1375.7,-617.342,-1195.66,-699.179
-1212.0,-720.0,-160.097,2.16893e-06,87.1588,-36.1873,88.4282,21.7368,-1373.68,-589.504,-1091.14,-808.414
-1210.0,-720.0,-160.101,2.16351e-06,87.2077,-36.3015,88.4133,21.6419,-1373.54,-589.5,-1089.79,-808.306
-1208.0,-720.0,-160.197,2.1581e-06,87.2562,-36.4157,88.3983,21.5462,-1373.4,-589.496,-1088.44,-808.198
-1206.0,-720.0,-160.387,2.1527e-06,87.3042,-36.5301,88.3831,21.4497,-1373.25,-589.492,-1087.08,-808.09
-1204.0,-720.0,-160.702,1.01551e-06,73.8336,139.584,88.6241,-33.2473,-1373.68,-617.257,-1219.74,-706.593
-1202.0,-720.0,-161.124,2.14198e-06,87.3498,-36.754,88.3514,21.2474,-1372.95,-589.482,-1084.34,-807.871
-1600.0,-718.0,-108.75,7.75422e-07,87.7767,30.5406,92.2233,-149.459,-1600.0,-718.0,-1400.0,-600.0
-1598.0,-718.0,-108.685,7.69686e-07,87.7602,30.7932,92.2398,-149.207,-1598.0,-718.0,-1400.0,-600.0
-1596.0,-718.0,-108.62,7.63965e-07,87.7434,31.0497,92.2566,-148.95,-1596.0,-718.0,-1400.0,-600.0
-1594.0,-718.0,-108.555,7.5826e-07,87.7264,31.31,92.2736,-148.69,-1594.0,-718.0,-1400.0,-600.0
-1592.0,-718.0,-108.489,7.52571e-07,87.7092,31.5742,92.2908,-148.426,-1592.0,-718.0,-1400.0,-600.0
-1590.0,-718.0,-108.423,7.46898e-07,87.6918,31.8425,92.3082,-148.158,-1590.0,-718.0,-1400.0,-600.0
-1588.0,-718.0,-108.357,7.41242e-07,87.6742,32.1148,92.3258,-147.885,-1588.0,-718.0,-1400.0,-600.0
-1586.0,-718.0,-108.29,7.35603e-07,87.6563,32.3914,92.3437,-147.609,-1586.0,-718.0,-1400.0,-600.0
-1584.0,-718.0,-108.223,7.29987e-07,87.6287,32.6722,92.3713,-147.328,-1584.0,-718.0,-1400.0,-600.0
-1582.0,-718.0,-108.156,7.24395e-07,87.5881,32.9574,92.4119,-147.043,-1582.0,-718.0,-1400.0,-600.0
-1580.0,-718.0,-108.089,7.18821e-07,87.5469,33.2471,92.4531,-146.753,-1580.0,-718.0,-1400.0,-600.0
-1578.0,-718.0,-108.021,7.13267e-07,87.5051,33.5412,92.4949,-146.459,-1578.0,-718.0,-1400.0,-600.0
-1576.0,-718.0,-107.954,7.07732e-07,87.4628,33.8401,92.5372,-146.16,-1576.0,-718.0,-1400.0,-600.0
-1574.0,-718.0,-107.885,7.02217e-07,87.4199,34.1436,92.5801,-145.856,-1574.0,-718.0,-1400.0,-600.0
-1572.0,-718.0,-107.817,6.96718e-07,87.3847,34.4519,92.6153,-145.548,-1572.0,-718.0,-1400.0,-600.0
-1570.0,-718.0,-107.748,6.91218e-07,87.3873,34.7652,92.6127,-145.235,-1570.0,-718.0,-1400.0,-600.0
-1568.0,-718.0,-107.679,6.85739e-07,87.39,35.0835,92.61,-144.917,-1568.0,-718.0,-1400.0,-600.0
-1566.0,-718.0,-107.609,6.80282e-07,87.3927,35.4069,92.6073,-144.593,-1566.0,-718.0,-1400.0,-600.0
-1564.0,-718.0,-107.539,6.74847e-07,87.3957,35.7355,92.6043,-144.265,-1564.0,-718.0,-1400.0,-600.0
-1562.0,-718.0,-107.469,6.69434e-07,87.3987,36.0694,92.6013,-143.931,-1562.0,-718.0,-1400.0,-600.0
-1560.0,-718.0,-107.398,6.64052e-07,87.3876,36.4088,92.6124,-143.591,-1560.0,-718.0,-1400.0,-600.0
-1558.0,-718.0,-107.328,6.58698e-07,87.3664,36.7537,92.6336,-143.246,-1558.0,-718.0,-1400.0,-600.0
-1556.0,-718.0,-107.257,6.53369e-07,87.3449,37.1042,92.6551,-142.896,-1556.0,-718.0,-1400.0,-600.0
-1554.0,-718.0,-107.186,6.48065e-07,87.3231,37.4606,92.6769,-142.539,-1554.0,-718.0,-1400.0,-600.0
-1552.0,-718.0,-107.115,6.42787e-07,87.3011,37.8228,92.6989,-142.177,-1552.0,-718.0,-1400.0,-600.0
-1550.0,-718.0,-107.043,6.37534e-07,87.2789,38.1909,92.7211,-141.809,-1550.0,-718.0,-1400.0,-600.0
-1548.0,-718.0,-106.972,6.32309e-07,87.2564,38.5653,92.7436,-141.435,-1548.0,-718.0,-1400.0,-600.0
-1546.0,-718.0,-106.9,6.27111e-07,87.2336,38.9458,92.7664,-141.054,-1546.0,-718.0,-1400.0,-600.0
-1544.0,-718.0,-106.828,6.21941e-07,87.2106,39.3327,92.7894,-140.667,-1544.0,-718.0,-1400.0,-600.0
-1542.0,-718.0,-106.755,6.168e-07,87.1873,39.7261,92.8127,-140.274,-1542.0,-718.0,-1400.0,-600.0
-1540.0,-718.0,-106.683,6.11688e-07,87.1638,40.1261,92.8362,-139.874,-1540.0,-718.0,-1400.0,-600.0
-1538.0,-718.0,-106.61,6.06607e-07,87.14,40.5328,92.86,-139.467,-1538.0,-718.0,-1400.0,-600.0
-1536.0,-718.0,-106.537,6.01546e-07,87.1359,40.9464,92.8641,-139.054,-1536.0,-718.0,-1400.0,-600.0
-1534.0,-718.0,-106.464,5.96514e-07,87.1388,41.367,92.8612,-138.633,-1534.0,-718.0,-1400.0,-600.0
-1532.0,-718.0,-106.391,5.91514e-07,87.1419,41.7948,92.8581,-138.205,-1532.0,-718.0,-1400.0,-600.0
-1530.0,-718.0,-106.317,5.86548e-07,87.1452,42.2298,92.8548,-137.77,-1530.0,-718.0,-1400.0,-600.0
-1528.0,-718.0,-106.244,5.81616e-07,87.1488,42.6722,92.8512,-137.328,-1528.0,-718.0,-1400.0,-600.0
-1526.0,-718.0,-106.17,5.76719e-07,87.1525,43.1221,92.8475,-136.878,-1526.0,-718.0,-1400.0,-600.0
-1524.0,-718.0,-106.097,5.71865e-07,87.1429,43.5797,92.8571,-136.42,-1524.0,-718.0,-1400.0,-600.0
-1522.0,-718.0,-106.023,5.67056e-07,87.1186,44.0452,92.8814,-135.955,-1522.0,-718.0,-1400.0,-600.0
-1520.0,-718.0,-105.949,5.62284e-07,87.0941,44.5185,92.9059,-135.481,-1520.0,-718.0,-1400.0,-600.0
-1518.0,-718.0,-105.876,5.57552e-07,87.0694,45.0,92.9306,-135.0,-1518.0,-718.0,-1400.0,-600.0
-1516.0,-718.0,-105.802,5.52859e-07,87.0446,45.4897,92.9554,-134.51,-1516.0,-718.0,-1400.0,-600.0
-1514.0,-718.0,-105.729,5.48208e-07,87.0195,45.9878,92.9805,-134.012,-1514.0,-718.0,-1400.0,-600.0
-1512.0,-718.0,-105.655,5.43599e-07,86.9942,46.4943,93.0058,-133.506,-1512.0,-718.0,-1400.0,-600.0
-1510.0,-718.0,-105.582,5.39032e-07,86.9687,47.0096,93.0313,-132.99,-1510.0,-718.0,-1400.0,-600.0
-1508.0,-718.0,-105.508,5.34511e-07,86.943,47.5336,93.057,-132.466,-1508.0,-718.0,-1400.0,-600.0
-1506.0,-718.0,-105.435,5.30034e-07,86.9172,48.0665,93.0828,-131.934,-1506.0,-718.0,-1400.0,-600.0
-1504.0,-718.0,-105.362,5.25605e-07,86.8912,48.6085,93.1088,-131.392,-1504.0,-718.0,-1400.0,-600.0
-1502.0,-718.0,-105.289,5.21218e-07,86.8745,49.1596,93.1255,-130.84,-1502.0,-718.0,-1400.0,-600.0
-1500.0,-718.0,-105.216,5.1687e-07,86.8795,49.7201,93.1205,-130.28,-1500.0,-718.0,-1400.0,-600.0
-1498.0,-718.0,-105.143,5.12572e-07,86.8848,50.2901,93.1152,-129.71,-1498.0,-718.0,-1400.0,-600.0
-1496.0,-718.0,-105.071,5.08325e-07,86.8905,50.8696,93.1095,-129.13,-1496.0,-718.0,-1400.0,-600.0
-1494.0,-718.0,-104.999,5.04131e-07,86.8967,51.4588,93.1033,-128.541,-1494.0,-718.0,-1400.0,-600.0
-1492.0,-718.0,-104.927,4.99991e-07,86.9033,52.0578,93.0967,-127.942,-1492.0,-718.0,-1400.0,-600.0
-1490.0,-718.0,-104.856,4.95907e-07,86.9088,52.6668,93.0912,-127.333,-1490.0,-718.0,-1400.0,-600.0
-1488.0,-718.0,-104.785,4.91894e-07,86.8835,53.2858,93.1165,-126.714,-1488.0,-718.0,-1400.0,-600.0
-1486.0,-718.0,-104.715,4.8794e-07,86.8583,53.9149,93.1417,-126.085,-1486.0,-718.0,-1400.0,-600.0
-1484.0,-718.0,-104.645,4.84046e-07,86.833,54.5543,93.167,-125.446,-1484.0,-718.0,-1400.0,-600.0
-1482.0,-718.0,-104.576,4.80212e-07,86.8077,55.204,93.1923,-124.796,-1482.0,-718.0,-1400.0,-600.0
-1480.0,-718.0,-104.507,4.76441e-07,86.7824,55.8641,93.2176,-124.136,-1480.0,-718.0,-1400.0,-600.0
-1478.0,-718.0,-104.439,4.72735e-07,86.7571,56.5346,93.2429,-123.465,-1478.0,-718.0,-1400.0,-600.0
-1476.0,-718.0,-104.372,4.69094e-07,86.7319,57.2157,93.2681,-122.784,-1476.0,-718.0,-1400.0,-600.0
-1474.0,-718.0,-104.305,4.6552e-07,86.7068,57.9074,93.2932,-122.093,-1474.0,-718.0,-1400.0,-600.0
-1472.0,-718.0,-104.239,4.62015e-07,86.6818,58.6097,93.3182,-121.39,-1472.0,-718.0,-1400.0,-600.0
-1470.0,-718.0,-104.174,4.5858e-07,86.6569,59.3227,93.3431,-120.677,-1470.0,-718.0,-1400.0,-600.0
-1468.0,-718.0,-104.11,4.55218e-07,86.6322,60.0464,93.3678,-119.954,-1468.0,-718.0,-1400.0,-600.0
-1466.0,-718.0,-104.047,4.51932e-07,86.6004,60.7808,93.3996,-119.219,-1466.0,-718.0,-1400.0,-600.0
-1464.0,-718.0,-103.985,4.48735e-07,86.5401,61.5258,93.4599,-118.474,-1464.0,-718.0,-1400.0,-600.0
-1462.0,-718.0,-103.925,4.45615e-07,86.4796,62.2815,93.5204,-117.719,-1462.0,-718.0,-1400.0,-600.0
-1460.0,-718.0,-103.865,4.42573e-07,86.4188,63.0478,93.5812,-116.952,-1460.0,-718.0,-1400.0,-600.0
-1458.0,-718.0,-103.807,4.39613e-07,86.3579,63.8247,93.6421,-116.175,-1458.0,-718.0,-1400.0,-600.0
-1456.0,-718.0,-103.75,4.36734e-07,86.2969,64.6121,93.7031,-115.388,-1456.0,-718.0,-1400.0,-600.0
-1454.0,-718.0,-103.694,4.33939e-07,86.2357,65.4099,93.7643,-114.59,-1454.0,-718.0,-1400.0,-600.0
-1452.0,-718.0,-103.639,4.3123e-07,86.1745,66.218,93.8255,-113.782,-1452.0,-718.0,-1400.0,-600.0
-1450.0,-718.0,-103.586,4.28607e-07,86.1133,67.0362,93.8867,-112.964,-1450.0,-718.0,-1400.0,-600.0
-1448.0,-718.0,-103.534,4.26073e-07,86.0522,67.8645,93.9478,-112.135,-1448.0,-718.0,-1400.0,-600.0
-1446.0,-718.0,-103.484,4.23629e-07,85.9912,68.7026,94.0088,-111.297,-1446.0,-718.0,-1400.0,-600.0
-1444.0,-718.0,-103.436,4.21277e-07,85.9304,69.5505,94.0696,-110.45,-1444.0,-718.0,-1400.0,-600.0
-1442.0,-718.0,-103.389,4.19011e-07,85.8836,70.4077,94.1164,-109.592,-1442.0,-718.0,-1400.0,-600.0
-1440.0,-718.0,-103.343,4.16826e-07,85.862,71.2742,94.138,-108.726,-1440.0,-718.0,-1400.0,-600.0
-1438.0,-718.0,-103.3,4.14738e-07,85.8411,72.1497,94.1589,-107.85,-1438.0,-718.0,-1400.0,-600.0
-1436.0,-718.0,-103.258,4.12746e-07,85.821,73.0339,94.179,-106.966,-1436.0,-718.0,-1400.0,-600.0
-1434.0,-718.0,-103.218,4.10854e-07,85.8017,73.9264,94.1983,-106.074,-1434.0,-718.0,-1400.0,-600.0
-1432.0,-718.0,-103.18,4.09061e-07,85.7833,74.8271,94.2167,-105.173,-1432.0,-718.0,-1400.0,-600.0
-1430.0,-718.0,-103.144,4.0737e-07,85.7658,75.7355,94.2342,-104.265,-1430.0,-718.0,-1400.0,-600.0
-1428.0,-718.0,-115.126,4.05786e-07,85.7492,76.7663,94.2508,-103.963,-1404.61,-618.561,-1404.61,-618.561
-1426.0,-718.0,-121.552,4.04325e-07,85.7338,77.8631,94.2662,-103.963,-1404.61,-618.561,-1404.61,-618.561
-1424.0,-718.0,-122.811,1.06482e-06,88.3814,85.7221,91.6186,94.3952,-1407.69,-499.955,-1407.69,-499.955
-1422.0,-718.0,-122.88,1.06434e-06,88.3806,86.0805,91.6194,94.0368,-1407.06,-499.954,-1407.06,-499.954
-1420.0,-718.0,-122.884,1.06391e-06,88.38,86.4392,91.62,93.6781,-1406.43,-499.954,-1406.43,-499.954
-1418.0,-718.0,-122.836,1.06351e-06,88.3794,86.7981,91.6206,93.3191,-1405.8,-499.953,-1405.8,-499.953
-1416.0,-718.0,-122.755,1.06316e-06,88.3789,87.1574,91.6211,92.9599,-1405.17,-499.952,-1405.17,-499.952
-1414.0,-718.0,-122.654,1.06285e-06,88.3784,87.5168,91.6216,92.6005,-1404.54,-499.952,-1404.54,-499.952
-1412.0,-718.0,-122.546,1.06258e-06,88.378,87.8765,91.622,92.2408,-1403.91,-499.951,-1403.91,-499.951
-1410.0,-718.0,-121.52,1.17332e-06,88.5311,96.214,91.4689,99.7441,-1419.82,-484.589,-1425.45,-576.098
-1408.0,-718.0,-122.347,1.06217e-06,88.3774,88.5962,91.6226,91.521,-1402.66,-499.95,-1402.66,-499.95
-1406.0,-718.0,-147.374,3.96792e-07,85.6528,89.202,94.3472,-103.963,-1404.61,-618.561,-1404.61,-618.561
-1404.0,-718.0,-151.402,3.96767e-07,85.6525,90.3543,94.3475,-103.963,-1404.61,-618.561,-1404.61,-618.561
-1402.0,-718.0,-154.544,5.5268e-07,86.8804,99.8705,93.1196,148.195,-1425.26,-584.337,-1425.26,-584.337
-1400.0,-718.0,-153.299,1.20903e-06,88.5745,100.377,91.4255,113.553,-1429.64,-532.017,-1425.37,-579.448
-1398.0,-718.0,0.0,0.0,0.0,0.0,0.0,0.0,0.0,0.0,0.0,0.0
-1396.0,-718.0,0.0,0.0,0.0,0.0,0.0,0.0,0.0,0.0,0.0,0.0
-1394.0,-718.0,0.0,0.0,0.0,0.0,0.0,0.0,0.0,0.0,0.0,0.0
-1392.0,-718.0,0.0,0.0,0.0,0.0,0.0,0.0,0.0,0.0,0.0,0.0
-1390.0,-718.0,0.0,0.0,0.0,0.0,0.0,0.0,0.0,0.0,0.0,0.0
-1388.0,-718.0,0.0,0.0,0.0,0.0,0.0,0.0,0.0,0.0,0.0,0.0
-1386.0,-718.0,0.0,0.0,0.0,0.0,0.0,0.0,0.0,0.0,0.0,0.0
-1384.0,-718.0,0.0,0.0,0.0,0.0,0.0,0.0,0.0,0.0,0.0,0.0
-1382.0,-718.0,0.0,0.0,0.0,0.0,0.0,0.0,0.0,0.0,0.0,0.0
-1380.0,-718.0,0.0,0.0,0.0,0.0,0.0,0.0,0.0,0.0,0.0,0.0
-1378.0,-718.0,0.0,0.0,0.0,0.0,0.0,0.0,0.0,0.0,0.0,0.0
-1376.0,-718.0,0.0,0.0,0.0,0.0,0.0,0.0,0.0,0.0,0.0,0.0
-1374.0,-718.0,0.0,0.0,0.0,0.0,0.0,0.0,0.0,0.0,0.0,0.0
-1372.0,-718.0,0.0,0.0,0.0,0.0,0.0,0.0,0.0,0.0,0.0,0.0
-1370.0,-718.0,0.0,0.0,0.0,0.0,0.0,0.0,0.0,0.0,0.0,0.0
-1368.0,-718.0,0.0,0.0,0.0,0.0,0.0,0.0,0.0,0.0,0.0,0.0
-1366.0,-718.0,0.0,0.0,0.0,0.0,0.0,0.0,0.0,0.0,0.0,0.0
-1364.0,-718.0,0.0,0.0,0.0,0.0,0.0,0.0,0.0,0.0,0.0,0.0
-1362.0,-718.0,0.0,0.0,0.0,0.0,0.0,0.0,0.0,0.0,0.0,0.0
-1360.0,-718.0,0.0,0.0,0.0,0.0,0.0,0.0,0.0,0.0,0.0,0.0
-1358.0,-718.0,0.0,0.0,0.0,0.0,0.0,0.0,0.0,0.0,0.0,0.0
-1356.0,-718.0,0.0,0.0,0.0,0.0,0.0,0.0,0.0,0.0,0.0,0.0
-1354.0,-718.0,0.0,0.0,0.0,0.0,0.0,0.0,0.0,0.0,0.0,0.0
-1352.0,-718.0,0.0,0.0,0.0,0.0,0.0,0.0,0.0,0.0,0.0,0.0
-1350.0,-718.0,0.0,0.0,0.0,0.0,0.0,0.0,0.0,0.0,0.0,0.0
-1348.0,-718.0,0.0,0.0,0.0,0.0,0.0,0.0,0.0,0.0,0.0,0.0
-1346.0,-718.0,0.0,0.0,0.0,0.0,0.0,0.0,0.0,0.0,0.0,0.0
-1344.0,-718.0,0.0,0.0,0.0,0.0,0.0,0.0,0.0,0.0,0.0,0.0
-1342.0,-718.0,0.0,0.0,0.0,0.0,0.0,0.0,0.0,0.0,0.0,0.0
-1340.0,-718.0,0.0,0.0,0.0,0.0,0.0,0.0,0.0,0.0,0.0,0.0
-1338.0,-718.0,0.0,0.0,0.0,0.0,0.0,0.0,0.0,0.0,0.0,0.0
-1336.0,-718.0,0.0,0.0,0.0,0.0,0.0,0.0,0.0,0.0,0.0,0.0
-1334.0,-718.0,0.0,0.0,0.0,0.0,0.0,0.0,0.0,0.0,0.0,0.0
-1332.0,-718.0,0.0,0.0,0.0,0.0,0.0,0.0,0.0,0.0,0.0,0.0
-1330.0,-718.0,0.0,0.0,0.0,0.0,0.0,0.0,0.0,0.0,0.0,0.0
-1328.0,-718.0,0.0,0.0,0.0,0.0,0.0,0.0,0.0,0.0,0.0,0.0
-1326.0,-718.0,0.0,0.0,0.0,0.0,0.0,0.0,0.0,0.0,0.0,0.0
-1324.0,-718.0,0.0,0.0,0.0,0.0,0.0,0.0,0.0,0.0,0.0,0.0
-1322.0,-718.0,0.0,0.0,0.0,0.0,0.0,0.0,0.0,0.0,0.0,0.0
-1320.0,-718.0,0.0,0.0,0.0,0.0,0.0,0.0,0.0,0.0,0.0,0.0
-1318.0,-718.0,0.0,0.0,0.0,0.0,0.0,0.0,0.0,0.0,0.0,0.0
-1316.0,-718.0,0.0,0.0,0.0,0.0,0.0,0.0,0.0,0.0,0.0,0.0
-1314.0,-718.0,0.0,0.0,0.0,0.0,0.0,0.0,0.0,0.0,0.0,0.0
-1312.0,-718.0,0.0,0.0,0.0,0.0,0.0,0.0,0.0,0.0,0.0,0.0
-1310.0,-718.0,0.0,0.0,0.0,0.0,0.0,0.0,0.0,0.0,0.0,0.0
-1308.0,-718.0,0.0,0.0,0.0,0.0,0.0,0.0,0.0,0.0,0.0,0.0
-1306.0,-718.0,-114.906,9.58476e-07,87.8368,37.6676,92.1632,-35.8505,-1375.98,-617.354,-1239.87,-666.947
-1304.0,-718.0,-123.313,9.53218e-07,87.8079,37.9482,92.1921,-35.9954,-1376.1,-617.359,-1239.87,-667.988
-1302.0,-718.0,-128.569,9.47982e-07,87.7787,38.2844,92.2213,-35.9954,-1376.1,-617.359,-1239.87,-668.958
-1300.0,-718.0,-133.189,9.42774e-07,87.7445,38.6257,92.2555,-35.9954,-1376.1,-617.359,-1239.87,-669.953
-1298.0,-718.0,-137.397,9.376e-07,87.6976,38.9721,92.3024,-35.9954,-1376.1,-617.359,-1239.87,-670.973
-1296.0,-718.0,-141.304,9.90426e-07,87.7878,149.039,92.2122,-35.9954,-1376.1,-617.359,-1306.93,-711.443
-1294.0,-718.0,-143.375,9.96174e-07,87.7682,149.302,92.2318,-35.9954,-1376.1,-617.359,-1306.98,-710.293
-1292.0,-718.0,-145.539,1.00194e-06,87.7488,149.561,92.2512,-35.9954,-1376.1,-617.359,-1307.03,-709.168
-1290.0,-718.0,-165.208,9.62587e-07,85.3697,42.7352,82.9502,44.1591,-1389.7,-589.995,-1239.87,-671.683
-1288.0,-718.0,-163.029,9.57742e-07,85.3191,43.0065,82.9146,44.4326,-1389.8,-589.998,-1239.87,-673.106
-1286.0,-718.0,-160.47,9.52913e-07,85.2742,43.2808,82.8789,44.7086,-1389.9,-590.001,-1239.87,-674.557
-1284.0,-718.0,-158.306,9.48105e-07,85.2289,43.5579,82.843,44.9874,-1390.0,-590.004,-1239.87,-676.036
-1282.0,-718.0,-156.688,9.43321e-07,85.1833,43.8378,82.8069,45.2692,-1390.1,-590.007,-1239.87,-677.545
-1280.0,-718.0,-155.536,9.3856e-07,85.1374,44.1207,82.7706,45.5538,-1390.2,-590.01,-1239.87,-679.083
-1278.0,-718.0,-154.743,9.33822e-07,85.0911,44.4064,82.7341,45.8414,-1390.3,-590.013,-1239.87,-680.652
-1276.0,-718.0,-154.223,9.29097e-07,85.0538,44.6952,82.6975,46.1313,-1390.4,-590.016,-1239.87,-682.252
-1274.0,-718.0,-153.922,9.24383e-07,85.0284,44.9873,82.6609,46.4234,-1390.5,-590.019,-1239.87,-683.885
-1272.0,-718.0,-162.619,1.31524e-06,88.1765,62.6764,91.8235,-43.396,-1381.4,-617.583,-1239.87,-655.804
-1270.0,-718.0,-163.1,1.3122e-06,88.1723,62.9858,91.8277,-43.396,-1381.4,-617.583,-1239.87,-658.896
-1268.0,-718.0,-163.697,1.30918e-06,88.1681,63.2968,91.8319,-43.396,-1381.4,-617.583,-1239.87,-662.071
-1266.0,-718.0,-164.47,1.3062e-06,88.1639,63.6096,91.8361,-43.396,-1381.4,-617.583,-1239.87,-665.334
-1264.0,-718.0,-159.514,1.0424e-06,85.4403,156.153,69.0845,23.3564,-1375.85,-589.571,-1310.17,-697.59
-1262.0,-718.0,-159.591,1.04849e-06,85.4674,156.301,69.1848,23.2375,-1375.7,-589.566,-1310.2,-696.844
-1260.0,-718.0,-158.279,1.11409e-06,87.8471,154.408,92.1529,-43.396,-1381.4,-617.583,-1310.29,-693.912
-1258.0,-718.0,-158.23,1.12011e-06,87.8587,154.59,92.1413,-43.396,-1381.4,-617.583,-1310.32,-693.146
-1256.0,-718.0,-158.001,1.12261e-06,87.8635,153.163,92.1365,-35.9954,-1376.1,-617.359,-1310.41,-690.473
-1254.0,-718.0,-157.419,1.12857e-06,87.8748,153.359,92.1252,-35.9954,-1376.1,-617.359,-1310.43,-689.691
-1252.0,-718.0,-157.004,1.13453e-06,87.8943,153.553,92.1057,-35.9954,-1376.1,-617.359,-1310.46,-688.921
-1250.0,-718.0,-156.722,1.1405e-06,87.9195,153.744,92.0805,-35.9954,-1376.1,-617.359,-1310.48,-688.165
-1248.0,-718.0,-156.545,1.14647e-06,87.9444,153.932,92.0556,-35.9954,-1376.1,-617.359,-1310.51,-687.421
-1246.0,-718.0,-156.452,1.15246e-06,87.9691,154.118,92.0309,-35.9954,-1376.1,-617.359,-1310.53,-686.69
-1244.0,-718.0,-156.426,1.15845e-06,87.9936,154.302,92.0064,-35.9954,-1376.1,-617.359,-1310.56,-685.971
-1242.0,-718.0,-156.455,1.16446e-06,88.0178,154.483,91.9822,-35.9954,-1376.1,-617.359,-1310.58,-685.264
-1240.0,-718.0,-158.985,1.1746e-06,88.0487,156.128,91.9513,-43.396,-1381.4,-617.583,-1310.53,-686.787
-1238.0,-718.0,-159.173,1.1807e-06,88.0724,156.288,91.9276,-43.396,-1381.4,-617.583,-1310.55,-686.134
-1236.0,-718.0,-155.041,9.51357e-07,84.4922,125.401,85.6865,-51.5125,-1385.87,-617.771,-1328.57,-587.747
-1234.0,-718.0,-154.603,9.55194e-07,84.5394,125.728,85.7036,-51.1839,-1385.71,-617.764,-1327.71,-587.725
-1232.0,-718.0,-154.371,9.59062e-07,84.5864,126.053,85.7208,-50.8579,-1385.55,-617.757,-1326.85,-587.702
-1230.0,-718.0,-157.772,1.00099e-06,68.959,41.9514,88.6275,-33.4349,-1373.85,-617.264,-1196.02,-687.454
-1228.0,-718.0,-157.819,9.96206e-07,68.1265,42.4808,88.6315,-33.6575,-1374.06,-617.273,-1195.98,-688.679
-1226.0,-718.0,-158.394,9.91459e-07,67.236,43.0534,88.6356,-33.8814,-1374.26,-617.282,-1195.94,-689.918
-1224.0,-718.0,-160.172,9.86779e-07,66.2546,43.6859,88.6397,-34.1051,-1374.47,-617.29,-1195.9,-691.163
-1222.0,-718.0,-162.469,9.82174e-07,65.1696,44.3924,88.6438,-34.3283,-1374.67,-617.299,-1195.86,-692.413
-1220.0,-718.0,-159.488,9.77655e-07,63.9667,45.1911,88.6479,-34.5503,-1374.87,-617.307,-1195.83,-693.664
-1218.0,-718.0,-158.056,9.7321e-07,62.6472,46.0987,88.652,-34.7716,-1375.06,-617.315,-1195.79,-694.919
-1216.0,-718.0,-157.877,9.68765e-07,61.2618,47.1128,88.6562,-34.9956,-1375.26,-617.323,-1195.75,-696.196
-1214.0,-718.0,-158.675,9.6444e-07,59.7079,48.307,88.6604,-35.2167,-1375.45,-617.331,-1195.71,-697.465
-1212.0,-718.0,-160.217,2.17286e-06,87.2076,-36.3404,88.4075,21.6049,-1373.48,-589.499,-1089.3,-808.267
-1210.0,-718.0,-160.344,2.16745e-06,87.2553,-36.4541,88.3925,21.5095,-1373.34,-589.494,-1087.95,-808.159
-1208.0,-718.0,-160.566,2.16206e-06,87.3026,-36.5679,88.3774,21.4133,-1373.2,-589.49,-1086.6,-808.052
-1206.0,-718.0,-159.995,1.00653e-06,73.0012,139.468,88.6227,-33.1707,-1373.6,-617.254,-1219.74,-706.247
-1204.0,-718.0,-161.327,2.15131e-06,87.3729,-36.7935,88.3463,21.2153,-1372.9,-589.481,-1083.89,-807.834
-1202.0,-718.0,-161.856,2.14596e-06,87.3934,-36.9053,88.3303,21.1132,-1372.75,-589.476,-1082.52,-807.725
-1600.0,-716.0,-108.712,7.72046e-07,87.783,30.1137,92.217,-149.886,-1600.0,-716.0,-1400.0,-600.0
-1598.0,-716.0,-108.646,7.66285e-07,87.7664,30.3643,92.2336,-149.636,-1598.0,-716.0,-1400.0,-600.0
-1596.0,-716.0,-108.581,7.60539e-07,87.7495,30.6186,92.2505,-149.381,-1596.0,-716.0,-1400.0,-600.0
-1594.0,-716.0,-108.515,7.54808e-07,87.7324,30.8768,92.2676,-149.123,-1594.0,-716.0,-1400.0,-600.0
-1592.0,-716.0,-108.449,7.49093e-07,87.7151,31.139,92.2849,-148.861,-1592.0,-716.0,-1400.0,-600.0
-1590.0,-716.0,-108.382,7.43393e-07,87.6976,31.4052,92.3024,-148.595,-1590.0,-716.0,-1400.0,-600.0
-1588.0,-716.0,-108.315,7.3771e-07,87.6798,31.6755,92.3202,-148.325,-1588.0,-716.0,-1400.0,-600.0
-1586.0,-716.0,-108.248,7.32044e-07,87.6618,31.95,92.3382,-148.05,-1586.0,-716.0,-1400.0,-600.0
-1584.0,-716.0,-108.181,7.264e-07,87.634,32.2288,92.366,-147.771,-1584.0,-716.0,-1400.0,-600.0
-1582.0,-716.0,-108.113,7.2078e-07,87.5932,32.5119,92.4068,-147.488,-1582.0,-716.0,-1400.0,-600.0
-1580.0,-716.0,-108.045,7.15179e-07,87.5517,32.7995,92.4483,-147.2,-1580.0,-716.0,-1400.0,-600.0
-1578.0,-716.0,-107.977,7.09596e-07,87.5097,33.0917,92.4903,-146.908,-1578.0,-716.0,-1400.0,-600.0
-1576.0,-716.0,-107.908,7.04032e-07,87.467,33.3885,92.533,-146.611,-1576.0,-716.0,-1400.0,-600.0
-1574.0,-716.0,-107.839,6.98487e-07,87.4238,33.6901,92.5762,-146.31,-1574.0,-716.0,-1400.0,-600.0
-1572.0,-716.0,-107.77,6.92963e-07,87.3799,33.9965,92.6201,-146.004,-1572.0,-716.0,-1400.0,-600.0
-1570.0,-716.0,-107.7,6.87449e-07,87.3549,34.3078,92.6451,-145.692,-1570.0,-716.0,-1400.0,-600.0
-1568.0,-716.0,-107.63,6.81939e-07,87.3572,34.6242,92.6428,-145.376,-1568.0,-716.0,-1400.0,-600.0
-1566.0,-716.0,-107.56,6.76451e-07,87.3597,34.9457,92.6403,-145.054,-1566.0,-716.0,-1400.0,-600.0
-1564.0,-716.0,-107.489,6.70985e-07,87.3622,35.2724,92.6378,-144.728,-1564.0,-716.0,-1400.0,-600.0
-1562.0,-716.0,-107.418,6.65541e-07,87.3649,35.6045,92.6351,-144.395,-1562.0,-716.0,-1400.0,-600.0
-1560.0,-716.0,-107.347,6.60126e-07,87.3533,35.9421,92.6467,-144.058,-1560.0,-716.0,-1400.0,-600.0
-1558.0,-716.0,-107.275,6.54741e-07,87.3316,36.2853,92.6684,-143.715,-1558.0,-716.0,-1400.0,-600.0
-1556.0,-716.0,-107.204,6.4938e-07,87.3095,36.6341,92.6905,-143.366,-1556.0,-716.0,-1400.0,-600.0
-1554.0,-716.0,-107.132,6.44043e-07,87.2872,36.9888,92.7128,-143.011,-1554.0,-716.0,-1400.0,-600.0
-1552.0,-716.0,-107.06,6.38731e-07,87.2646,37.3493,92.7354,-142.651,-1552.0,-716.0,-1400.0,-600.0
-1550.0,-716.0,-106.987,6.33445e-07,87.2418,37.716,92.7582,-142.284,-1550.0,-716.0,-1400.0,-600.0
-1548.0,-716.0,-106.915,6.28185e-07,87.2186,38.0888,92.7814,-141.911,-1548.0,-716.0,-1400.0,-600.0
-1546.0,-716.0,-106.842,6.22953e-07,87.1953,38.4679,92.8047,-141.532,-1546.0,-716.0,-1400.0,-600.0
-1544.0,-716.0,-106.769,6.17748e-07,87.1716,38.8534,92.8284,-141.147,-1544.0,-716.0,-1400.0,-600.0
-1542.0,-716.0,-106.695,6.12572e-07,87.1477,39.2454,92.8523,-140.755,-1542.0,-716.0,-1400.0,-600.0
-1540.0,-716.0,-106.622,6.07425e-07,87.1235,39.6442,92.8765,-140.356,-1540.0,-716.0,-1400.0,-600.0
-1538.0,-716.0,-106.548,6.02308e-07,87.099,40.0497,92.901,-139.95,-1538.0,-716.0,-1400.0,-600.0
-1536.0,-716.0,-106.474,5.97211e-07,87.0943,40.4622,92.9057,-139.538,-1536.0,-716.0,-1400.0,-600.0
-1534.0,-716.0,-106.4,5.92141e-07,87.0967,40.8818,92.9033,-139.118,-1534.0,-716.0,-1400.0,-600.0
-1532.0,-716.0,-106.326,5.87104e-07,87.0993,41.3086,92.9007,-138.691,-1532.0,-716.0,-1400.0,-600.0
-1530.0,-716.0,-106.251,5.821e-07,87.1021,41.7428,92.8979,-138.257,-1530.0,-716.0,-1400.0,-600.0
-1528.0,-716.0,-106.176,5.7713e-07,87.1051,42.1844,92.8949,-137.816,-1528.0,-716.0,-1400.0,-600.0
-1526.0,-716.0,-106.102,5.72195e-07,87.1084,42.6338,92.8916,-137.366,-1526.0,-716.0,-1400.0,-600.0
-1524.0,-716.0,-106.027,5.67295e-07,87.1118,43.0908,92.8882,-136.909,-1524.0,-716.0,-1400.0,-600.0
-1522.0,-716.0,-105.952,5.62443e-07,87.095,43.5559,92.905,-136.444,-1522.0,-716.0,-1400.0,-600.0
-1520.0,-716.0,-105.877,5.57632e-07,87.0699,44.029,92.9301,-135.971,-1520.0,-716.0,-1400.0,-600.0
-1518.0,-716.0,-105.802,5.52859e-07,87.0446,44.5103,92.9554,-135.49,-1518.0,-716.0,-1400.0,-600.0
-1516.0,-716.0,-105.727,5.48127e-07,87.019,45.0,92.981,-135.0,-1516.0,-716.0,-1400.0,-600.0
-1514.0,-716.0,-105.652,5.43435e-07,86.9932,45.4982,93.0068,-134.502,-1514.0,-716.0,-1400.0,-600.0
-1512.0,-716.0,-105.578,5.38785e-07,86.9673,46.0051,93.0327,-133.995,-1512.0,-716.0,-1400.0,-600.0
-1510.0,-716.0,-105.503,5.34177e-07,86.9411,46.5208,93.0589,-133.479,-1510.0,-716.0,-1400.0,-600.0
-1508.0,-716.0,-105.428,5.29614e-07,86.9147,47.0454,93.0853,-132.955,-1508.0,-716.0,-1400.0,-600.0
-1506.0,-716.0,-105.354,5.25096e-07,86.8881,47.5791,93.1119,-132.421,-1506.0,-716.0,-1400.0,-600.0
-1504.0,-716.0,-105.279,5.20623e-07,86.8637,48.1221,93.1363,-131.878,-1504.0,-716.0,-1400.0,-600.0
-1502.0,-716.0,-105.204,5.16184e-07,86.868,48.6745,93.132,-131.326,-1502.0,-716.0,-1400.0,-600.0
-1500.0,-716.0,-105.13,5.11793e-07,86.8727,49.2364,93.1273,-130.764,-1500.0,-716.0,-1400.0,-600.0
-1498.0,-716.0,-105.056,5.07452e-07,86.8777,49.808,93.1223,-130.192,-1498.0,-716.0,-1400.0,-600.0
-1496.0,-716.0,-104.982,5.03162e-07,86.8832,50.3893,93.1168,-129.611,-1496.0,-716.0,-1400.0,-600.0
-1494.0,-716.0,-104.908,4.98924e-07,86.8891,50.9806,93.1109,-129.019,-1494.0,-716.0,-1400.0,-600.0
-1492.0,-716.0,-104.835,4.94741e-07,86.8955,51.5819,93.1045,-128.418,-1492.0,-716.0,-1400.0,-600.0
-1490.0,-716.0,-104.762,4.90614e-07,86.9006,52.1935,93.0994,-127.807,-1490.0,-716.0,-1400.0,-600.0
-1488.0,-716.0,-104.69,4.86557e-07,86.8748,52.8153,93.1252,-127.185,-1488.0,-716.0,-1400.0,-600.0
-1486.0,-716.0,-104.618,4.82559e-07,86.8489,53.4475,93.1511,-126.552,-1486.0,-716.0,-1400.0,-600.0
-1484.0,-716.0,-104.547,4.78621e-07,86.8229,54.0903,93.1771,-125.91,-1484.0,-716.0,-1400.0,-600.0
-1482.0,-716.0,-104.476,4.74744e-07,86.7969,54.7436,93.2031,-125.256,-1482.0,-716.0,-1400.0,-600.0
-1480.0,-716.0,-104.406,4.70929e-07,86.771,55.4077,93.229,-124.592,-1480.0,-716.0,-1400.0,-600.0
-1478.0,-716.0,-104.336,4.67179e-07,86.745,56.0826,93.255,-123.917,-1478.0,-716.0,-1400.0,-600.0
-1476.0,-716.0,-104.267,4.63494e-07,86.7191,56.7683,93.2809,-123.232,-1476.0,-716.0,-1400.0,-600.0
-1474.0,-716.0,-104.199,4.59877e-07,86.6933,57.4649,93.3067,-122.535,-1474.0,-716.0,-1400.0,-600.0
-1472.0,-716.0,-104.132,4.56329e-07,86.6676,58.1726,93.3324,-121.827,-1472.0,-716.0,-1400.0,-600.0
-1470.0,-716.0,-104.065,4.52851e-07,86.6419,58.8912,93.3581,-121.109,-1470.0,-716.0,-1400.0,-600.0
-1468.0,-716.0,-103.999,4.49445e-07,86.6165,59.6209,93.3835,-120.379,-1468.0,-716.0,-1400.0,-600.0
-1466.0,-716.0,-103.935,4.46117e-07,86.5838,60.3616,93.4162,-119.638,-1466.0,-716.0,-1400.0,-600.0
-1464.0,-716.0,-103.871,4.42877e-07,86.5223,61.1134,93.4777,-118.887,-1464.0,-716.0,-1400.0,-600.0
-1462.0,-716.0,-103.809,4.39716e-07,86.4605,61.8763,93.5395,-118.124,-1462.0,-716.0,-1400.0,-600.0
-1460.0,-716.0,-103.748,4.36633e-07,86.3984,62.6501,93.6016,-117.35,-1460.0,-716.0,-1400.0,-600.0
-1458.0,-716.0,-103.687,4.33632e-07,86.3362,63.4349,93.6638,-116.565,-1458.0,-716.0,-1400.0,-600.0
-1456.0,-716.0,-103.629,4.30713e-07,86.2738,64.2307,93.7262,-115.769,-1456.0,-716.0,-1400.0,-600.0
-1454.0,-716.0,-103.571,4.27879e-07,86.2113,65.0372,93.7887,-114.963,-1454.0,-716.0,-1400.0,-600.0
-1452.0,-716.0,-103.515,4.25131e-07,86.1487,65.8545,93.8513,-114.146,-1452.0,-716.0,-1400.0,-600.0
-1450.0,-716.0,-103.461,4.2247e-07,86.0861,66.6823,93.9139,-113.318,-1450.0,-716.0,-1400.0,-600.0
-1448.0,-716.0,-103.407,4.19899e-07,86.0236,67.5206,93.9764,-112.479,-1448.0,-716.0,-1400.0,-600.0
-1446.0,-716.0,-103.356,4.17419e-07,85.9612,68.3691,94.0388,-111.631,-1446.0,-716.0,-1400.0,-600.0
-1444.0,-716.0,-103.306,4.15031e-07,85.8989,69.2277,94.1011,-110.772,-1444.0,-716.0,-1400.0,-600.0
-1442.0,-716.0,-103.258,4.12731e-07,85.8509,70.0963,94.1491,-109.904,-1442.0,-716.0,-1400.0,-600.0
-1440.0,-716.0,-103.211,4.10513e-07,85.8284,70.9744,94.1716,-109.026,-1440.0,-716.0,-1400.0,-600.0
-1438.0,-716.0,-103.166,4.08392e-07,85.8067,71.8619,94.1933,-108.138,-1438.0,-716.0,-1400.0,-600.0
-1436.0,-716.0,-103.122,4.06369e-07,85.7858,72.7585,94.2142,-107.241,-1436.0,-716.0,-1400.0,-600.0
-1434.0,-716.0,-103.081,4.04447e-07,85.7658,73.664,94.2342,-106.336,-1434.0,-716.0,-1400.0,-600.0
-1432.0,-716.0,-103.042,4.02626e-07,85.7466,74.5778,94.2534,-105.422,-1432.0,-716.0,-1400.0,-600.0
-1430.0,-716.0,-103.005,4.00908e-07,85.7283,75.4998,94.2717,-104.5,-1430.0,-716.0,-1400.0,-600.0
-1428.0,-716.0,-112.995,3.99296e-07,85.711,76.5045,94.289,-103.963,-1404.61,-618.561,-1404.61,-618.561
-1426.0,-716.0,-120.238,3.97806e-07,85.695,77.6215,94.305,-103.963,-1404.61,-618.561,-1404.61,-618.561
-1424.0,-716.0,-122.747,1.05816e-06,88.3829,85.6951,91.6171,94.4222,-1407.74,-499.955,-1407.74,-499.955
-1422.0,-716.0,-122.823,1.05768e-06,88.3821,86.0558,91.6179,94.0615,-1407.1,-499.954,-1407.1,-499.954
-1420.0,-716.0,-122.83,1.05724e-06,88.3815,86.4167,91.6185,93.7006,-1406.47,-499.954,-1406.47,-499.954
-1418.0,-716.0,-122.785,1.05685e-06,88.3809,86.7779,91.6191,93.3394,-1405.84,-499.953,-1405.84,-499.953
-1416.0,-716.0,-122.704,1.05649e-06,88.3803,87.1394,91.6197,92.9779,-1405.2,-499.952,-1405.2,-499.952
-1414.0,-716.0,-122.604,1.05618e-06,88.3799,87.5011,91.6201,92.6162,-1404.57,-499.952,-1404.57,-499.952
-1412.0,-716.0,-122.495,1.05591e-06,88.3794,87.8631,91.6206,92.2542,-1403.94,-499.951,-1403.94,-499.951
-1410.0,-716.0,-121.419,1.16668e-06,88.5333,96.2495,91.4667,99.7796,-1419.89,-484.593,-1425.49,-574.585
-1408.0,-716.0,-122.294,1.0555e-06,88.3788,88.5874,91.6212,91.5299,-1402.67,-499.95,-1402.67,-499.95
-1406.0,-716.0,-147.164,3.90123e-07,85.6101,89.1856,94.3899,-103.963,-1404.61,-618.561,-1404.61,-618.561
-1404.0,-716.0,-151.271,3.90096e-07,85.6098,90.3616,94.3902,-103.963,-1404.61,-618.561,-1404.61,-618.561
-1402.0,-716.0,-153.792,1.20128e-06,88.5756,99.9876,91.4244,113.553,-1429.64,-532.017,-1425.27,-583.874
-1400.0,-716.0,-153.119,1.20247e-06,88.577,100.464,91.423,113.553,-1429.64,-532.017,-1425.39,-578.509
-1398.0,-716.0,0.0,0.0,0.0,0.0,0.0,0.0,0.0,0.0,0.0,0.0
-1396.0,-716.0,0.0,0.0,0.0,0.0,0.0,0.0,0.0,0.0,0.0,0.0
-1394.0,-716.0,0.0,0.0,0.0,0.0,0.0,0.0,0.0,0.0,0.0,0.0
-1392.0,-716.0,0.0,0.0,0.0,0.0,0.0,0.0,0.0,0.0,0.0,0.0
-1390.0,-716.0,0.0,0.0,0.0,0.0,0.0,0.0,0.0,0.0,0.0,0.0
-1388.0,-716.0,0.0,0.0,0.0,0.0,0.0,0.0,0.0,0.0,0.0,0.0
-1386.0,-716.0,0.0,0.0,0.0,0.0,0.0,0.0,0.0,0.0,0.0,0.0
-1384.0,-716.0,0.0,0.0,0.0,0.0,0.0,0.0,0.0,0.0,0.0,0.0
-1382.0,-716.0,0.0,0.0,0.0,0.0,0.0,0.0,0.0,0.0,0.0,0.0
-1380.0,-716.0,0.0,0.0,0.0,0.0,0.0,0.0,0.0,0.0,0.0,0.0
-1378.0,-716.0,0.0,0.0,0.0,0.0,0.0,0.0,0.0,0.0,0.0,0.0
-1376.0,-716.0,0.0,0.0,0.0,0.0,0.0,0.0,0.0,0.0,0.0,0.0
-1374.0,-716.0,0.0,0.0,0.0,0.0,0.0,0.0,0.0,0.0,0.0,0.0
-1372.0,-716.0,0.0,0.0,0.0,0.0,0.0,0.0,0.0,0.0,0.0,0.0
-1370.0,-716.0,0.0,0.0,0.0,0.0,0.0,0.0,0.0,0.0,0.0,0.0
-1368.0,-716.0,0.0,0.0,0.0,0.0,0.0,0.0,0.0,0.0,0.0,0.0
-1366.0,-716.0,0.0,0.0,0.0,0.0,0.0,0.0,0.0,0.0,0.0,0.0
-1364.0,-716.0,0.0,0.0,0.0,0.0,0.0,0.0,0.0,0.0,0.0,0.0
-1362.0,-716.0,0.0,0.0,0.0,0.0,0.0,0.0,0.0,0.0,0.0,0.0
-1360.0,-716.0,0.0,0.0,0.0,0.0,0.0,0.0,0.0,0.0,0.0,0.0
-1358.0,-716.0,0.0,0.0,0.0,0.0,0.0,0.0,0.0,0.0,0.0,0.0
-1356.0,-716.0,0.0,0.0,0.0,0.0,0.0,0.0,0.0,0.0,0.0,0.0
-1354.0,-716.0,0.0,0.0,0.0,0.0,0.0,0.0,0.0,0.0,0.0,0.0
-1352.0,-716.0,0.0,0.0,0.0,0.0,0.0,0.0,0.0,0.0,0.0,0.0
-1350.0,-716.0,0.0,0.0,0.0,0.0,0.0,0.0,0.0,0.0,0.0,0.0
-1348.0,-716.0,0.0,0.0,0.0,0.0,0.0,0.0,0.0,0.0,0.0,0.0
-1346.0,-716.0,0.0,0.0,0.0,0.0,0.0,0.0,0.0,0.0,0.0,0.0
-1344.0,-716.0,0.0,0.0,0.0,0.0,0.0,0.0,0.0,0.0,0.0,0.0
-1342.0,-716.0,0.0,0.0,0.0,0.0,0.0,0.0,0.0,0.0,0.0,0.0
-1340.0,-716.0,0.0,0.0,0.0,0.0,0.0,0.0,0.0,0.0,0.0,0.0
-1338.0,-716.0,0.0,0.0,0.0,0.0,0.0,0.0,0.0,0.0,0.0,0.0
-1336.0,-716.0,0.0,0.0,0.0,0.0,0.0,0.0,0.0,0.0,0.0,0.0
-1334.0,-716.0,0.0,0.0,0.0,0.0,0.0,0.0,0.0,0.0,0.0,0.0
-1332.0,-716.0,0.0,0.0,0.0,0.0,0.0,0.0,0.0,0.0,0.0,0.0
-1330.0,-716.0,0.0,0.0,0.0,0.0,0.0,0.0,0.0,0.0,0.0,0.0
-1328.0,-716.0,0.0,0.0,0.0,0.0,0.0,0.0,0.0,0.0,0.0,0.0
-1326.0,-716.0,0.0,0.0,0.0,0.0,0.0,0.0,0.0,0.0,0.0,0.0
-1324.0,-716.0,0.0,0.0,0.0,0.0,0.0,0.0,0.0,0.0,0.0,0.0
-1322.0,-716.0,0.0,0.0,0.0,0.0,0.0,0.0,0.0,0.0,0.0,0.0
-1320.0,-716.0,0.0,0.0,0.0,0.0,0.0,0.0,0.0,0.0,0.0,0.0
-1318.0,-716.0,0.0,0.0,0.0,0.0,0.0,0.0,0.0,0.0,0.0,0.0
-1316.0,-716.0,0.0,0.0,0.0,0.0,0.0,0.0,0.0,0.0,0.0,0.0
-1314.0,-716.0,0.0,0.0,0.0,0.0,0.0,0.0,0.0,0.0,0.0,0.0
-1312.0,-716.0,0.0,0.0,0.0,0.0,0.0,0.0,0.0,0.0,0.0,0.0
-1310.0,-716.0,0.0,0.0,0.0,0.0,0.0,0.0,0.0,0.0,0.0,0.0
-1308.0,-716.0,0.0,0.0,0.0,0.0,0.0,0.0,0.0,0.0,0.0,0.0
-1306.0,-716.0,-114.548,9.54424e-07,87.8146,37.3502,92.1854,-35.5332,-1375.72,-617.343,-1239.87,-665.529
-1304.0,-716.0,-114.735,9.49143e-07,87.7854,37.5948,92.2146,-35.7778,-1375.92,-617.351,-1239.87,-666.621
-1302.0,-716.0,-121.638,9.43879e-07,87.756,37.8527,92.244,-35.9954,-1376.1,-617.359,-1239.87,-667.714
-1300.0,-716.0,-127.079,9.3864e-07,87.7214,38.1928,92.2786,-35.9954,-1376.1,-617.359,-1239.87,-668.693
-1298.0,-716.0,-131.94,9.33434e-07,87.674,38.538,92.326,-35.9954,-1376.1,-617.359,-1239.87,-669.697
-1296.0,-716.0,-136.271,9.28255e-07,87.6263,38.8886,92.3737,-35.9954,-1376.1,-617.359,-1239.87,-670.726
-1294.0,-716.0,-140.688,9.23101e-07,87.578,39.2445,92.422,-35.9954,-1376.1,-617.359,-1239.87,-671.781
-1292.0,-716.0,-166.115,9.62977e-07,85.3861,42.1717,83.0236,43.5987,-1389.49,-589.988,-1239.87,-668.776
-1290.0,-716.0,-166.147,9.58093e-07,85.3305,42.44,82.988,43.8696,-1389.59,-589.991,-1239.87,-670.159
-1288.0,-716.0,-165.276,9.53218e-07,85.2854,42.7112,82.9524,44.1425,-1389.69,-589.994,-1239.87,-671.568
-1286.0,-716.0,-163.127,9.48366e-07,85.24,42.9853,82.9165,44.4183,-1389.79,-589.998,-1239.87,-673.004
-1284.0,-716.0,-160.535,9.43535e-07,85.1942,43.2622,82.8804,44.697,-1389.89,-590.001,-1239.87,-674.468
-1282.0,-716.0,-158.328,9.38727e-07,85.148,43.542,82.8442,44.9786,-1390.0,-590.004,-1239.87,-675.96
-1280.0,-716.0,-156.678,9.33943e-07,85.1015,43.8247,82.8077,45.2631,-1390.1,-590.007,-1239.87,-677.483
-1278.0,-716.0,-155.505,9.29182e-07,85.0546,44.1103,82.771,45.5506,-1390.2,-590.01,-1239.87,-679.036
-1276.0,-716.0,-154.695,9.24433e-07,85.0167,44.3991,82.7342,45.8405,-1390.3,-590.013,-1239.87,-680.62
-1274.0,-716.0,-154.162,9.19695e-07,84.9909,44.691,82.6974,46.1325,-1390.4,-590.016,-1239.87,-682.236
-1272.0,-716.0,-153.86,9.14981e-07,84.9649,44.9861,82.6603,46.4276,-1390.5,-590.019,-1239.87,-683.886
-1270.0,-716.0,-159.353,1.02146e-06,85.339,156.042,69.0017,23.4549,-1375.97,-589.575,-1310.15,-698.158
-1268.0,-716.0,-159.418,1.02754e-06,85.3672,156.194,69.1044,23.3328,-1375.82,-589.57,-1310.18,-697.391
-1266.0,-716.0,-159.499,1.03363e-06,85.3951,156.343,69.2061,23.2123,-1375.67,-589.565,-1310.2,-696.636
-1264.0,-716.0,-158.139,1.09918e-06,87.8179,154.424,92.1821,-43.396,-1381.4,-617.583,-1310.3,-693.843
-1262.0,-716.0,-158.093,1.1052e-06,87.8298,154.609,92.1702,-43.396,-1381.4,-617.583,-1310.32,-693.065
-1260.0,-716.0,-157.892,1.1077e-06,87.8347,153.159,92.1653,-35.9954,-1376.1,-617.359,-1310.41,-690.492
-1258.0,-716.0,-157.295,1.11366e-06,87.8463,153.358,92.1537,-35.9954,-1376.1,-617.359,-1310.43,-689.696
-1256.0,-716.0,-156.873,1.11962e-06,87.8578,153.555,92.1422,-35.9954,-1376.1,-617.359,-1310.46,-688.913
-1254.0,-716.0,-156.589,1.1256e-06,87.8691,153.749,92.1309,-35.9954,-1376.1,-617.359,-1310.48,-688.144
-1252.0,-716.0,-156.412,1.13158e-06,87.8888,153.941,92.1112,-35.9954,-1376.1,-617.359,-1310.51,-687.388
-1250.0,-716.0,-156.32,1.13757e-06,87.9141,154.13,92.0859,-35.9954,-1376.1,-617.359,-1310.53,-686.645
-1248.0,-716.0,-156.297,1.14356e-06,87.9392,154.316,92.0608,-35.9954,-1376.1,-617.359,-1310.56,-685.915
-1246.0,-716.0,-156.33,1.14957e-06,87.964,154.5,92.036,-35.9954,-1376.1,-617.359,-1310.58,-685.196
-1244.0,-716.0,-159.652,9.45102e-07,87.5404,118.494,92.4596,-35.9954,-1376.1,-617.359,-1313.83,-587.362
-1242.0,-716.0,-159.537,9.48295e-07,87.5657,118.974,92.4343,-35.9954,-1376.1,-617.359,-1313.24,-587.347
-1240.0,-716.0,-159.307,1.17192e-06,88.0442,156.493,91.9558,-43.396,-1381.4,-617.583,-1310.58,-685.301
-1238.0,-716.0,-155.171,9.42124e-07,84.3902,125.307,85.6812,-51.6129,-1385.92,-617.773,-1328.83,-587.754
-1236.0,-716.0,-154.669,9.45951e-07,84.4383,125.638,85.6986,-51.2806,-1385.76,-617.766,-1327.96,-587.731
-1234.0,-716.0,-154.384,9.49809e-07,84.4863,125.966,85.7159,-50.9511,-1385.59,-617.759,-1327.09,-587.708
-1232.0,-716.0,-164.267,1.13794e-06,85.9918,158.638,70.7904,21.3661,-1373.13,-589.488,-1310.58,-685.266
-1230.0,-716.0,-171.296,1.14859e-06,88.0748,145.597,91.9252,-2.76158,-1239.86,-607.725,-1309.08,-661.851
-1228.0,-716.0,-158.155,9.92037e-07,68.0011,42.1841,88.6261,-33.3571,-1373.78,-617.261,-1196.03,-687.028
-1226.0,-716.0,-158.502,9.87272e-07,67.1026,42.7578,88.6301,-33.5805,-1373.99,-617.27,-1195.99,-688.254
-1224.0,-716.0,-159.922,9.82574e-07,66.1122,43.3918,88.6342,-33.8036,-1374.19,-617.279,-1195.96,-689.487
-1222.0,-716.0,-162.652,9.77951e-07,65.0172,44.1003,88.6383,-34.0262,-1374.4,-617.287,-1195.92,-690.723
-1220.0,-716.0,-159.999,9.73414e-07,63.8028,44.9019,88.6423,-34.2477,-1374.6,-617.296,-1195.88,-691.961
-1218.0,-716.0,-158.243,9.68853e-07,62.549,45.7799,88.6465,-34.473,-1374.8,-617.304,-1195.84,-693.228
-1216.0,-716.0,-157.88,9.64387e-07,61.1513,46.795,88.6506,-34.6967,-1374.99,-617.312,-1195.8,-694.493
-1214.0,-716.0,-158.509,9.60041e-07,59.5826,47.9916,88.6547,-34.9175,-1375.19,-617.321,-1195.76,-695.75
-1212.0,-716.0,-160.5,2.17681e-06,87.2544,-36.4921,88.3868,21.4731,-1373.29,-589.493,-1087.47,-808.121
-1210.0,-716.0,-160.659,9.51804e-07,55.8456,51.1856,88.6628,-35.3451,-1375.56,-617.336,-1195.69,-698.206
-1208.0,-716.0,-159.588,9.97743e-07,71.9298,139.288,88.6212,-33.0844,-1373.52,-617.25,-1219.74,-705.894
-1206.0,-716.0,-161.417,1.00233e-06,72.9746,139.779,88.6174,-32.8746,-1373.32,-617.242,-1219.74,-704.376
-1204.0,-716.0,-162.089,2.1553e-06,87.4156,-36.9438,88.3254,21.0816,-1372.7,-589.475,-1082.07,-807.69
-1202.0,-716.0,-172.011,2.08614e-06,89.1946,-163.549,90.8054,-124.21,-1548.4,-818.284,-1548.4,-818.284
-1600.0,-714.0,-108.674,7.68714e-07,87.7895,29.6831,92.2105,-150.317,-1600.0,-714.0,-1400.0,-600.0
-1598.0,-714.0,-108.608,7.62927e-07,87.7727,29.9315,92.2273,-150.068,-1598.0,-714.0,-1400.0,-600.0
-1596.0,-714.0,-108.542,7.57156e-07,87.7558,30.1837,92.2442,-149.816,-1596.0,-714.0,-1400.0,-600.0
-1594.0,-714.0,-108.475,7.51399e-07,87.7386,30.4397,92.2614,-149.56,-1594.0,-714.0,-1400.0,-600.0
-1592.0,-714.0,-108.409,7.45658e-07,87.7211,30.6997,92.2789,-149.3,-1592.0,-714.0,-1400.0,-600.0
-1590.0,-714.0,-108.341,7.39932e-07,87.7035,30.9638,92.2965,-149.036,-1590.0,-714.0,-1400.0,-600.0
-1588.0,-714.0,-108.274,7.34222e-07,87.6856,31.2319,92.3144,-148.768,-1588.0,-714.0,-1400.0,-600.0
-1586.0,-714.0,-108.206,7.28529e-07,87.6675,31.5043,92.3325,-148.496,-1586.0,-714.0,-1400.0,-600.0
-1584.0,-714.0,-108.138,7.22857e-07,87.6395,31.7809,92.3605,-148.219,-1584.0,-714.0,-1400.0,-600.0
-1582.0,-714.0,-108.07,7.1721e-07,87.5984,32.0619,92.4016,-147.938,-1582.0,-714.0,-1400.0,-600.0
-1580.0,-714.0,-108.001,7.1158e-07,87.5567,32.3474,92.4433,-147.653,-1580.0,-714.0,-1400.0,-600.0
-1578.0,-714.0,-107.932,7.05968e-07,87.5144,32.6375,92.4856,-147.362,-1578.0,-714.0,-1400.0,-600.0
-1576.0,-714.0,-107.863,7.00375e-07,87.4715,32.9322,92.5285,-147.068,-1576.0,-714.0,-1400.0,-600.0
-1574.0,-714.0,-107.793,6.94802e-07,87.4279,33.2317,92.5721,-146.768,-1574.0,-714.0,-1400.0,-600.0
-1572.0,-714.0,-107.723,6.89248e-07,87.3838,33.536,92.6162,-146.464,-1572.0,-714.0,-1400.0,-600.0
-1570.0,-714.0,-107.653,6.83714e-07,87.339,33.8453,92.661,-146.155,-1570.0,-714.0,-1400.0,-600.0
-1568.0,-714.0,-107.582,6.78184e-07,87.3243,34.1597,92.6757,-145.84,-1568.0,-714.0,-1400.0,-600.0
-1566.0,-714.0,-107.511,6.72665e-07,87.3264,34.4792,92.6736,-145.521,-1566.0,-714.0,-1400.0,-600.0
-1564.0,-714.0,-107.439,6.67168e-07,87.3286,34.804,92.6714,-145.196,-1564.0,-714.0,-1400.0,-600.0
-1562.0,-714.0,-107.367,6.61692e-07,87.3308,35.1342,92.6692,-144.866,-1562.0,-714.0,-1400.0,-600.0
-1560.0,-714.0,-107.295,6.56246e-07,87.3188,35.4699,92.6812,-144.53,-1560.0,-714.0,-1400.0,-600.0
-1558.0,-714.0,-107.223,6.50828e-07,87.2965,35.8112,92.7035,-144.189,-1558.0,-714.0,-1400.0,-600.0
-1556.0,-714.0,-107.151,6.45434e-07,87.2739,36.1582,92.7261,-143.842,-1556.0,-714.0,-1400.0,-600.0
-1554.0,-714.0,-107.078,6.40065e-07,87.251,36.5111,92.749,-143.489,-1554.0,-714.0,-1400.0,-600.0
-1552.0,-714.0,-107.005,6.3472e-07,87.2278,36.8699,92.7722,-143.13,-1552.0,-714.0,-1400.0,-600.0
-1550.0,-714.0,-106.932,6.294e-07,87.2044,37.2348,92.7956,-142.765,-1550.0,-714.0,-1400.0,-600.0
-1548.0,-714.0,-106.858,6.24106e-07,87.1806,37.606,92.8194,-142.394,-1548.0,-714.0,-1400.0,-600.0
-1546.0,-714.0,-106.784,6.18839e-07,87.1566,37.9835,92.8434,-142.017,-1546.0,-714.0,-1400.0,-600.0
-1544.0,-714.0,-106.71,6.136e-07,87.1323,38.3675,92.8677,-141.633,-1544.0,-714.0,-1400.0,-600.0
-1542.0,-714.0,-106.636,6.08388e-07,87.1077,38.7581,92.8923,-141.242,-1542.0,-714.0,-1400.0,-600.0
-1540.0,-714.0,-106.561,6.03205e-07,87.0828,39.1554,92.9172,-140.845,-1540.0,-714.0,-1400.0,-600.0
-1538.0,-714.0,-106.487,5.98052e-07,87.0577,39.5597,92.9423,-140.44,-1538.0,-714.0,-1400.0,-600.0
-1536.0,-714.0,-106.411,5.92918e-07,87.0524,39.9709,92.9476,-140.029,-1536.0,-714.0,-1400.0,-600.0
-1534.0,-714.0,-106.336,5.87812e-07,87.0542,40.3894,92.9458,-139.611,-1534.0,-714.0,-1400.0,-600.0
-1532.0,-714.0,-106.261,5.82737e-07,87.0563,40.8151,92.9437,-139.185,-1532.0,-714.0,-1400.0,-600.0
-1530.0,-714.0,-106.185,5.77695e-07,87.0585,41.2483,92.9415,-138.752,-1530.0,-714.0,-1400.0,-600.0
-1528.0,-714.0,-106.109,5.72687e-07,87.061,41.6891,92.939,-138.311,-1528.0,-714.0,-1400.0,-600.0
-1526.0,-714.0,-106.033,5.67713e-07,87.0637,42.1376,92.9363,-137.862,-1526.0,-714.0,-1400.0,-600.0
-1524.0,-714.0,-105.957,5.62774e-07,87.0666,42.594,92.9334,-137.406,-1524.0,-714.0,-1400.0,-600.0
-1522.0,-714.0,-105.881,5.57872e-07,87.0698,43.0585,92.9302,-136.941,-1522.0,-714.0,-1400.0,-600.0
-1520.0,-714.0,-105.805,5.5302e-07,87.0454,43.5312,92.9546,-136.469,-1520.0,-714.0,-1400.0,-600.0
-1518.0,-714.0,-105.729,5.48208e-07,87.0195,44.0122,92.9805,-135.988,-1518.0,-714.0,-1400.0,-600.0
-1516.0,-714.0,-105.652,5.43435e-07,86.9932,44.5018,93.0068,-135.498,-1516.0,-714.0,-1400.0,-600.0
-1514.0,-714.0,-105.576,5.38702e-07,86.9668,45.0,93.0332,-135.0,-1514.0,-714.0,-1400.0,-600.0
-1512.0,-714.0,-105.5,5.34011e-07,86.9401,45.507,93.0599,-134.493,-1512.0,-714.0,-1400.0,-600.0
-1510.0,-714.0,-105.424,5.29362e-07,86.9132,46.023,93.0868,-133.977,-1510.0,-714.0,-1400.0,-600.0
-1508.0,-714.0,-105.348,5.24757e-07,86.8861,46.5482,93.1139,-133.452,-1508.0,-714.0,-1400.0,-600.0
-1506.0,-714.0,-105.272,5.20196e-07,86.8588,47.0826,93.1412,-132.917,-1506.0,-714.0,-1400.0,-600.0
-1504.0,-714.0,-105.196,5.15669e-07,86.8575,47.6264,93.1425,-132.374,-1504.0,-714.0,-1400.0,-600.0
-1502.0,-714.0,-105.12,5.11187e-07,86.8615,48.1798,93.1385,-131.82,-1502.0,-714.0,-1400.0,-600.0
-1500.0,-714.0,-105.044,5.06753e-07,86.866,48.743,93.134,-131.257,-1500.0,-714.0,-1400.0,-600.0
-1498.0,-714.0,-104.968,5.02368e-07,86.8707,49.316,93.1293,-130.684,-1498.0,-714.0,-1400.0,-600.0
-1496.0,-714.0,-104.893,4.98035e-07,86.876,49.8991,93.124,-130.101,-1496.0,-714.0,-1400.0,-600.0
-1494.0,-714.0,-104.818,4.93753e-07,86.8816,50.4923,93.1184,-129.508,-1494.0,-714.0,-1400.0,-600.0
-1492.0,-714.0,-104.743,4.89526e-07,86.8876,51.0959,93.1124,-128.904,-1492.0,-714.0,-1400.0,-600.0
-1490.0,-714.0,-104.668,4.85354e-07,86.8925,51.7098,93.1075,-128.29,-1490.0,-714.0,-1400.0,-600.0
-1488.0,-714.0,-104.594,4.81254e-07,86.866,52.3344,93.134,-127.666,-1488.0,-714.0,-1400.0,-600.0
-1486.0,-714.0,-104.521,4.77211e-07,86.8395,52.9696,93.1605,-127.03,-1486.0,-714.0,-1400.0,-600.0
-1484.0,-714.0,-104.448,4.73228e-07,86.8128,53.6156,93.1872,-126.384,-1484.0,-714.0,-1400.0,-600.0
-1482.0,-714.0,-104.376,4.69307e-07,86.7862,54.2726,93.2138,-125.727,-1482.0,-714.0,-1400.0,-600.0
-1480.0,-714.0,-104.304,4.65448e-07,86.7595,54.9406,93.2405,-125.059,-1480.0,-714.0,-1400.0,-600.0
-1478.0,-714.0,-104.232,4.61653e-07,86.7328,55.6197,93.2672,-124.38,-1478.0,-714.0,-1400.0,-600.0
-1476.0,-714.0,-104.162,4.57924e-07,86.7062,56.3099,93.2938,-123.69,-1476.0,-714.0,-1400.0,-600.0
-1474.0,-714.0,-104.092,4.54262e-07,86.6796,57.0115,93.3204,-122.989,-1474.0,-714.0,-1400.0,-600.0
-1472.0,-714.0,-104.023,4.50669e-07,86.6531,57.7244,93.3469,-122.276,-1472.0,-714.0,-1400.0,-600.0
-1470.0,-714.0,-103.955,4.47148e-07,86.6268,58.4486,93.3732,-121.551,-1470.0,-714.0,-1400.0,-600.0
-1468.0,-714.0,-103.887,4.43698e-07,86.6005,59.1843,93.3995,-120.816,-1468.0,-714.0,-1400.0,-600.0
-1466.0,-714.0,-103.821,4.40326e-07,86.567,59.9314,93.433,-120.069,-1466.0,-714.0,-1400.0,-600.0
-1464.0,-714.0,-103.756,4.37044e-07,86.5042,60.69,93.4958,-119.31,-1464.0,-714.0,-1400.0,-600.0
-1462.0,-714.0,-103.692,4.3384e-07,86.4411,61.46,93.5589,-118.54,-1462.0,-714.0,-1400.0,-600.0
-1460.0,-714.0,-103.629,4.30715e-07,86.3777,62.2415,93.6223,-117.759,-1460.0,-714.0,-1400.0,-600.0
-1458.0,-714.0,-103.567,4.27672e-07,86.314,63.0343,93.686,-116.966,-1458.0,-714.0,-1400.0,-600.0
-1456.0,-714.0,-103.507,4.24712e-07,86.2503,63.8384,93.7497,-116.162,-1456.0,-714.0,-1400.0,-600.0
-1454.0,-714.0,-103.447,4.21837e-07,86.1863,64.6538,93.8137,-115.346,-1454.0,-714.0,-1400.0,-600.0
-1452.0,-714.0,-103.39,4.19049e-07,86.1223,65.4804,93.8777,-114.52,-1452.0,-714.0,-1400.0,-600.0
-1450.0,-714.0,-103.334,4.1635e-07,86.0583,66.3179,93.9417,-113.682,-1450.0,-714.0,-1400.0,-600.0
-1448.0,-714.0,-103.279,4.1374e-07,85.9943,67.1663,94.0057,-112.834,-1448.0,-714.0,-1400.0,-600.0
-1446.0,-714.0,-103.226,4.11223e-07,85.9304,68.0255,94.0696,-111.975,-1446.0,-714.0,-1400.0,-600.0
-1444.0,-714.0,-103.174,4.08799e-07,85.8666,68.8952,94.1334,-111.105,-1444.0,-714.0,-1400.0,-600.0
-1442.0,-714.0,-103.124,4.06463e-07,85.8173,69.7751,94.1827,-110.225,-1442.0,-714.0,-1400.0,-600.0
-1440.0,-714.0,-103.076,4.04211e-07,85.7939,70.6652,94.2061,-109.335,-1440.0,-714.0,-1400.0,-600.0
-1438.0,-714.0,-103.03,4.02057e-07,85.7714,71.5651,94.2286,-108.435,-1438.0,-714.0,-1400.0,-600.0
-1436.0,-714.0,-102.985,4.00002e-07,85.7496,72.4744,94.2504,-107.526,-1436.0,-714.0,-1400.0,-600.0
-1434.0,-714.0,-102.942,3.98049e-07,85.7287,73.393,94.2713,-106.607,-1434.0,-714.0,-1400.0,-600.0
-1432.0,-714.0,-102.902,3.96199e-07,85.7087,74.3205,94.2913,-105.68,-1432.0,-714.0,-1400.0,-600.0
-1430.0,-714.0,-102.863,3.94453e-07,85.6897,75.2564,94.3103,-104.744,-1430.0,-714.0,-1400.0,-600.0
-1428.0,-714.0,-110.586,3.92812e-07,85.6717,76.2323,94.3283,-103.963,-1404.61,-618.561,-1404.61,-618.561
-1426.0,-714.0,-118.717,3.91293e-07,85.6549,77.3704,94.3451,-103.963,-1404.61,-618.561,-1404.61,-618.561
-1424.0,-714.0,-122.683,1.0515e-06,88.3844,85.6678,91.6156,94.4495,-1407.78,-499.955,-1407.78,-499.955
-1422.0,-714.0,-122.765,1.05102e-06,88.3837,86.0307,91.6163,94.0866,-1407.15,-499.954,-1407.15,-499.954
-1420.0,-714.0,-122.776,1.05058e-06,88.383,86.3939,91.617,93.7233,-1406.51,-499.954,-1406.51,-499.954
-1418.0,-714.0,-122.733,1.05018e-06,88.3824,86.7575,91.6176,93.3598,-1405.87,-499.953,-1405.87,-499.953
-1416.0,-714.0,-122.653,1.04983e-06,88.3818,87.1212,91.6182,92.9961,-1405.24,-499.952,-1405.24,-499.952
-1414.0,-714.0,-122.553,1.04951e-06,88.3813,87.4852,91.6187,92.632,-1404.6,-499.952,-1404.6,-499.952
-1412.0,-714.0,-122.443,1.04924e-06,88.3809,87.8495,91.6191,92.2678,-1403.96,-499.951,-1403.96,-499.951
-1410.0,-714.0,-121.316,1.16005e-06,88.5356,96.2854,91.4644,99.8155,-1419.97,-484.597,-1425.52,-573.077
-1408.0,-714.0,-122.24,1.04882e-06,88.3803,88.5784,91.6197,91.5389,-1402.69,-499.95,-1402.69,-499.95
-1406.0,-714.0,-146.95,3.83453e-07,85.5659,89.1686,94.4341,-103.963,-1404.61,-618.561,-1404.61,-618.561
-1404.0,-714.0,-151.139,3.83426e-07,85.5656,90.3692,94.4344,-103.963,-1404.61,-618.561,-1404.61,-618.561
-1402.0,-714.0,-153.605,1.19471e-06,88.5781,100.072,91.4219,113.553,-1429.64,-532.017,-1425.29,-582.877
-1400.0,-714.0,0.0,0.0,0.0,0.0,0.0,0.0,0.0,0.0,0.0,0.0
-1398.0,-714.0,0.0,0.0,0.0,0.0,0.0,0.0,0.0,0.0,0.0,0.0
-1396.0,-714.0,0.0,0.0,0.0,0.0,0.0,0.0,0.0,0.0,0.0,0.0
-1394.0,-714.0,0.0,0.0,0.0,0.0,0.0,0.0,0.0,0.0,0.0,0.0
-1392.0,-714.0,0.0,0.0,0.0,0.0,0.0,0.0,0.0,0.0,0.0,0.0
-1390.0,-714.0,0.0,0.0,0.0,0.0,0.0,0.0,0.0,0.0,0.0,0.0
-1388.0,-714.0,0.0,0.0,0.0,0.0,0.0,0.0,0.0,0.0,0.0,0.0
-1386.0,-714.0,0.0,0.0,0.0,0.0,0.0,0.0,0.0,0.0,0.0,0.0
-1384.0,-714.0,0.0,0.0,0.0,0.0,0.0,0.0,0.0,0.0,0.0,0.0
-1382.0,-714.0,0.0,0.0,0.0,0.0,0.0,0.0,0.0,0.0,0.0,0.0
-1380.0,-714.0,0.0,0.0,0.0,0.0,0.0,0.0,0.0,0.0,0.0,0.0
-1378.0,-714.0,0.0,0.0,0.0,0.0,0.0,0.0,0.0,0.0,0.0,0.0
-1376.0,-714.0,0.0,0.0,0.0,0.0,0.0,0.0,0.0,0.0,0.0,0.0
-1374.0,-714.0,0.0,0.0,0.0,0.0,0.0,0.0,0.0,0.0,0.0,0.0
-1372.0,-714.0,0.0,0.0,0.0,0.0,0.0,0.0,0.0,0.0,0.0,0.0
-1370.0,-714.0,0.0,0.0,0.0,0.0,0.0,0.0,0.0,0.0,0.0,0.0
-1368.0,-714.0,0.0,0.0,0.0,0.0,0.0,0.0,0.0,0.0,0.0,0.0
-1366.0,-714.0,0.0,0.0,0.0,0.0,0.0,0.0,0.0,0.0,0.0,0.0
-1364.0,-714.0,0.0,0.0,0.0,0.0,0.0,0.0,0.0,0.0,0.0,0.0
-1362.0,-714.0,0.0,0.0,0.0,0.0,0.0,0.0,0.0,0.0,0.0,0.0
-1360.0,-714.0,0.0,0.0,0.0,0.0,0.0,0.0,0.0,0.0,0.0,0.0
-1358.0,-714.0,0.0,0.0,0.0,0.0,0.0,0.0,0.0,0.0,0.0,0.0
-1356.0,-714.0,0.0,0.0,0.0,0.0,0.0,0.0,0.0,0.0,0.0,0.0
-1354.0,-714.0,0.0,0.0,0.0,0.0,0.0,0.0,0.0,0.0,0.0,0.0
-1352.0,-714.0,0.0,0.0,0.0,0.0,0.0,0.0,0.0,0.0,0.0,0.0
-1350.0,-714.0,0.0,0.0,0.0,0.0,0.0,0.0,0.0,0.0,0.0,0.0
-1348.0,-714.0,0.0,0.0,0.0,0.0,0.0,0.0,0.0,0.0,0.0,0.0
-1346.0,-714.0,0.0,0.0,0.0,0.0,0.0,0.0,0.0,0.0,0.0,0.0
-1344.0,-714.0,0.0,0.0,0.0,0.0,0.0,0.0,0.0,0.0,0.0,0.0
-1342.0,-714.0,0.0,0.0,0.0,0.0,0.0,0.0,0.0,0.0,0.0,0.0
-1340.0,-714.0,0.0,0.0,0.0,0.0,0.0,0.0,0.0,0.0,0.0,0.0
-1338.0,-714.0,0.0,0.0,0.0,0.0,0.0,0.0,0.0,0.0,0.0,0.0
-1336.0,-714.0,0.0,0.0,0.0,0.0,0.0,0.0,0.0,0.0,0.0,0.0
-1334.0,-714.0,0.0,0.0,0.0,0.0,0.0,0.0,0.0,0.0,0.0,0.0
-1332.0,-714.0,0.0,0.0,0.0,0.0,0.0,0.0,0.0,0.0,0.0,0.0
-1330.0,-714.0,0.0,0.0,0.0,0.0,0.0,0.0,0.0,0.0,0.0,0.0
-1328.0,-714.0,0.0,0.0,0.0,0.0,0.0,0.0,0.0,0.0,0.0,0.0
-1326.0,-714.0,0.0,0.0,0.0,0.0,0.0,0.0,0.0,0.0,0.0,0.0
-1324.0,-714.0,0.0,0.0,0.0,0.0,0.0,0.0,0.0,0.0,0.0,0.0
-1322.0,-714.0,0.0,0.0,0.0,0.0,0.0,0.0,0.0,0.0,0.0,0.0
-1320.0,-714.0,0.0,0.0,0.0,0.0,0.0,0.0,0.0,0.0,0.0,0.0
-1318.0,-714.0,0.0,0.0,0.0,0.0,0.0,0.0,0.0,0.0,0.0,0.0
-1316.0,-714.0,0.0,0.0,0.0,0.0,0.0,0.0,0.0,0.0,0.0,0.0
-1314.0,-714.0,0.0,0.0,0.0,0.0,0.0,0.0,0.0,0.0,0.0,0.0
-1312.0,-714.0,0.0,0.0,0.0,0.0,0.0,0.0,0.0,0.0,0.0,0.0
-1310.0,-714.0,0.0,0.0,0.0,0.0,0.0,0.0,0.0,0.0,0.0,0.0
-1308.0,-714.0,0.0,0.0,0.0,0.0,0.0,0.0,0.0,0.0,0.0,0.0
-1306.0,-714.0,-114.321,9.50402e-07,87.7923,37.0302,92.2077,-35.2131,-1375.44,-617.331,-1239.87,-664.111
-1304.0,-714.0,-114.407,9.45098e-07,87.7628,37.274,92.2372,-35.457,-1375.65,-617.34,-1239.87,-665.19
-1302.0,-714.0,-114.57,9.39811e-07,87.7331,37.5206,92.2669,-35.7036,-1375.86,-617.349,-1239.87,-666.288
-1300.0,-714.0,-114.827,9.34546e-07,87.6981,37.77,92.3019,-35.953,-1376.07,-617.358,-1239.87,-667.407
-1298.0,-714.0,-125.613,9.29309e-07,87.6504,38.0986,92.3496,-35.9954,-1376.1,-617.359,-1239.87,-668.421
-1296.0,-714.0,-130.646,9.24098e-07,87.6022,38.4479,92.3978,-35.9954,-1376.1,-617.359,-1239.87,-669.434
-1294.0,-714.0,-135.129,9.18912e-07,87.5535,38.8027,92.4465,-35.9954,-1376.1,-617.359,-1239.87,-670.473
-1292.0,-714.0,-139.542,9.13751e-07,87.5085,39.163,92.4915,-35.9954,-1376.1,-617.359,-1239.87,-671.538
-1290.0,-714.0,-144.445,9.08607e-07,87.4766,39.5289,92.5234,-35.9954,-1376.1,-617.359,-1239.87,-672.632
-1288.0,-714.0,-166.138,9.4872e-07,85.2513,42.413,82.9906,43.8498,-1389.58,-589.991,-1239.87,-670.029
-1286.0,-714.0,-165.338,9.43844e-07,85.2052,42.6868,82.9546,44.1254,-1389.68,-589.994,-1239.87,-671.45
-1284.0,-714.0,-163.226,9.3899e-07,85.1589,42.9635,82.9184,44.4039,-1389.79,-589.997,-1239.87,-672.899
-1282.0,-714.0,-160.603,9.34159e-07,85.1121,43.2431,82.8819,44.6853,-1389.89,-590.001,-1239.87,-674.376
-1280.0,-714.0,-158.351,9.29351e-07,85.065,43.5257,82.8453,44.9697,-1389.99,-590.004,-1239.87,-675.883
-1278.0,-714.0,-156.667,9.24566e-07,85.0175,43.8112,82.8085,45.2571,-1390.1,-590.007,-1239.87,-677.42
-1276.0,-714.0,-155.47,9.19795e-07,84.9791,44.0998,82.7715,45.5468,-1390.2,-590.01,-1239.87,-678.987
-1274.0,-714.0,-154.641,9.15032e-07,84.9528,44.3917,82.7345,45.8388,-1390.3,-590.013,-1239.87,-680.587
-1272.0,-714.0,-154.102,9.10294e-07,84.9263,44.6867,82.6972,46.1338,-1390.4,-590.016,-1239.87,-682.219
-1270.0,-714.0,-159.407,1.01878e-06,85.3205,156.387,69.2278,23.1865,-1375.64,-589.564,-1310.21,-696.421
-1268.0,-714.0,-157.997,1.08427e-06,87.7879,154.441,92.2121,-43.396,-1381.4,-617.583,-1310.3,-693.771
-1266.0,-714.0,-157.953,1.09029e-06,87.8001,154.629,92.1999,-43.396,-1381.4,-617.583,-1310.32,-692.981
-1264.0,-714.0,-157.781,1.09279e-06,87.8051,153.154,92.1949,-35.9954,-1376.1,-617.359,-1310.41,-690.512
-1262.0,-714.0,-157.17,1.09875e-06,87.817,153.357,92.183,-35.9954,-1376.1,-617.359,-1310.43,-689.701
-1260.0,-714.0,-156.74,1.10471e-06,87.8288,153.557,92.1712,-35.9954,-1376.1,-617.359,-1310.46,-688.905
-1258.0,-714.0,-156.452,1.11069e-06,87.8405,153.755,92.1595,-35.9954,-1376.1,-617.359,-1310.48,-688.123
-1256.0,-714.0,-156.276,1.11668e-06,87.8521,153.949,92.1479,-35.9954,-1376.1,-617.359,-1310.51,-687.354
-1254.0,-714.0,-156.187,1.12267e-06,87.8636,154.142,92.1364,-35.9954,-1376.1,-617.359,-1310.54,-686.599
-1252.0,-714.0,-156.167,1.12867e-06,87.8834,154.331,92.1166,-35.9954,-1376.1,-617.359,-1310.56,-685.856
-1250.0,-714.0,-156.204,1.13468e-06,87.9088,154.518,92.0912,-35.9954,-1376.1,-617.359,-1310.58,-685.126
-1248.0,-714.0,-160.087,9.32959e-07,87.4737,117.778,92.5263,-35.9954,-1376.1,-617.359,-1314.69,-587.385
-1246.0,-714.0,-158.087,1.68583e-06,87.4992,63.2488,83.7016,117.508,-1429.36,-543.626,-1239.87,-701.845
-1244.0,-714.0,-158.886,1.68282e-06,87.5025,63.4521,83.7458,117.309,-1429.37,-543.122,-1239.87,-705.741
-1242.0,-714.0,-159.474,9.4247e-07,87.5506,119.241,92.4494,-35.9954,-1376.1,-617.359,-1312.91,-587.338
-1240.0,-714.0,-158.208,9.3549e-07,84.3135,125.097,80.0053,-51.3233,-1385.78,-617.767,-1328.72,-587.751
-1238.0,-714.0,-154.75,9.36712e-07,84.3345,125.546,85.6934,-51.3794,-1385.81,-617.768,-1328.21,-587.738
-1236.0,-714.0,-154.41,9.40561e-07,84.3834,125.878,85.7109,-51.0462,-1385.64,-617.761,-1327.34,-587.715
-1234.0,-714.0,-167.289,1.16063e-06,88.0669,132.267,91.9331,15.8832,-1361.84,-589.142,-1309.31,-631.135
-1232.0,-714.0,-170.933,1.13933e-06,88.0449,145.762,91.9551,-2.76158,-1239.86,-607.725,-1309.09,-661.539
-1230.0,-714.0,-170.573,1.14485e-06,88.0685,146.115,91.9315,-2.76158,-1239.86,-607.725,-1309.11,-660.874
-1228.0,-714.0,-171.731,2.00864e-06,88.9132,-163.93,91.0868,-126.816,-1556.08,-808.509,-1556.08,-808.509
-1226.0,-714.0,-158.799,9.83112e-07,66.9686,42.4591,88.6247,-33.277,-1373.7,-617.258,-1196.04,-686.59
-1224.0,-714.0,-159.862,9.78396e-07,65.9691,43.0945,88.6287,-33.4996,-1373.91,-617.267,-1196.01,-687.809
-1222.0,-714.0,-160.441,2.20781e-06,87.0687,-36.0805,88.4401,21.8124,-1373.78,-589.508,-1092.31,-808.507
-1220.0,-714.0,-160.371,2.20239e-06,87.1128,-36.1923,88.4254,21.7192,-1373.65,-589.504,-1090.98,-808.401
-1218.0,-714.0,-158.534,9.64523e-07,62.4507,45.4575,88.6409,-34.1718,-1374.53,-617.293,-1195.89,-691.536
-1216.0,-714.0,-157.956,9.60036e-07,61.0406,46.4736,88.645,-34.3951,-1374.73,-617.301,-1195.85,-692.789
-1214.0,-714.0,-158.417,9.55669e-07,59.4571,47.6725,88.6491,-34.6156,-1374.92,-617.309,-1195.81,-694.034
-1212.0,-714.0,-160.948,2.18077e-06,87.2993,-36.6425,88.3661,21.3413,-1373.09,-589.487,-1085.66,-807.976
-1210.0,-714.0,-159.628,9.89026e-07,70.757,139.066,88.6196,-32.9938,-1373.44,-617.247,-1219.74,-705.549
-1208.0,-714.0,-159.604,9.43551e-07,53.4526,53.0861,88.6609,-35.2454,-1375.47,-617.332,-1195.7,-697.631
-1206.0,-714.0,-161.451,9.39965e-07,50.9977,55.8981,88.6645,-35.4378,-1375.64,-617.339,-1195.67,-698.742
-1204.0,-714.0,-163.263,9.3703e-07,48.2064,59.7199,88.6676,-35.5997,-1375.77,-617.345,-1195.64,-699.682
-1202.0,-714.0,-164.105,9.34561e-07,45.3851,64.6903,88.6702,-35.7396,-1375.89,-617.35,-1195.61,-700.498
-1600.0,-712.0,-108.637,7.65425e-07,87.7962,29.2488,92.2038,-150.751,-1600.0,-712.0,-1400.0,-600.0
-1598.0,-712.0,-108.57,7.59614e-07,87.7793,29.495,92.2207,-150.505,-1598.0,-712.0,-1400.0,-600.0
-1596.0,-712.0,-108.503,7.53817e-07,87.7622,29.7449,92.2378,-150.255,-1596.0,-712.0,-1400.0,-600.0
-1594.0,-712.0,-108.436,7.48034e-07,87.7449,29.9987,92.2551,-150.001,-1594.0,-712.0,-1400.0,-600.0
-1592.0,-712.0,-108.369,7.42267e-07,87.7274,30.2564,92.2726,-149.744,-1592.0,-712.0,-1400.0,-600.0
-1590.0,-712.0,-108.301,7.36515e-07,87.7096,30.5182,92.2904,-149.482,-1590.0,-712.0,-1400.0,-600.0
-1588.0,-712.0,-108.233,7.30778e-07,87.6917,30.7841,92.3083,-149.216,-1588.0,-712.0,-1400.0,-600.0
-1586.0,-712.0,-108.164,7.25058e-07,87.6734,31.0543,92.3266,-148.946,-1586.0,-712.0,-1400.0,-600.0
-1584.0,-712.0,-108.096,7.19359e-07,87.6453,31.3287,92.3547,-148.671,-1584.0,-712.0,-1400.0,-600.0
-1582.0,-712.0,-108.027,7.13683e-07,87.6039,31.6075,92.3961,-148.392,-1582.0,-712.0,-1400.0,-600.0
-1580.0,-712.0,-107.957,7.08026e-07,87.5619,31.8908,92.4381,-148.109,-1580.0,-712.0,-1400.0,-600.0
-1578.0,-712.0,-107.888,7.02386e-07,87.5194,32.1787,92.4806,-147.821,-1578.0,-712.0,-1400.0,-600.0
-1576.0,-712.0,-107.817,6.96764e-07,87.4761,32.4712,92.5239,-147.529,-1576.0,-712.0,-1400.0,-600.0
-1574.0,-712.0,-107.747,6.91161e-07,87.4323,32.7685,92.5677,-147.232,-1574.0,-712.0,-1400.0,-600.0
-1572.0,-712.0,-107.676,6.85578e-07,87.3878,33.0707,92.6122,-146.929,-1572.0,-712.0,-1400.0,-600.0
-1570.0,-712.0,-107.605,6.80014e-07,87.3427,33.3778,92.6573,-146.622,-1570.0,-712.0,-1400.0,-600.0
-1568.0,-712.0,-107.534,6.74471e-07,87.2969,33.6901,92.7031,-146.31,-1568.0,-712.0,-1400.0,-600.0
-1566.0,-712.0,-107.462,6.68924e-07,87.2929,34.0075,92.7071,-145.993,-1566.0,-712.0,-1400.0,-600.0
-1564.0,-712.0,-107.39,6.63395e-07,87.2947,34.3302,92.7053,-145.67,-1564.0,-712.0,-1400.0,-600.0
-1562.0,-712.0,-107.317,6.57888e-07,87.2966,34.6584,92.7034,-145.342,-1562.0,-712.0,-1400.0,-600.0
-1560.0,-712.0,-107.244,6.52411e-07,87.2841,34.992,92.7159,-145.008,-1560.0,-712.0,-1400.0,-600.0
-1558.0,-712.0,-107.171,6.46961e-07,87.2612,35.3313,92.7388,-144.669,-1558.0,-712.0,-1400.0,-600.0
-1556.0,-712.0,-107.098,6.41535e-07,87.238,35.6764,92.762,-144.324,-1556.0,-712.0,-1400.0,-600.0
-1554.0,-712.0,-107.024,6.36132e-07,87.2145,36.0274,92.7855,-143.973,-1554.0,-712.0,-1400.0,-600.0
-1552.0,-712.0,-106.95,6.30753e-07,87.1907,36.3844,92.8093,-143.616,-1552.0,-712.0,-1400.0,-600.0
-1550.0,-712.0,-106.876,6.254e-07,87.1667,36.7475,92.8333,-143.253,-1550.0,-712.0,-1400.0,-600.0
-1548.0,-712.0,-106.801,6.20072e-07,87.1423,37.1169,92.8577,-142.883,-1548.0,-712.0,-1400.0,-600.0
-1546.0,-712.0,-106.727,6.14771e-07,87.1176,37.4927,92.8824,-142.507,-1546.0,-712.0,-1400.0,-600.0
-1544.0,-712.0,-106.652,6.09496e-07,87.0927,37.875,92.9073,-142.125,-1544.0,-712.0,-1400.0,-600.0
-1542.0,-712.0,-106.576,6.04249e-07,87.0674,38.264,92.9326,-141.736,-1542.0,-712.0,-1400.0,-600.0
-1540.0,-712.0,-106.501,5.9903e-07,87.0418,38.6598,92.9582,-141.34,-1540.0,-712.0,-1400.0,-600.0
-1538.0,-712.0,-106.425,5.93841e-07,87.0159,39.0626,92.9841,-140.937,-1538.0,-712.0,-1400.0,-600.0
-1536.0,-712.0,-106.349,5.8867e-07,87.01,39.4725,92.99,-140.528,-1536.0,-712.0,-1400.0,-600.0
-1534.0,-712.0,-106.272,5.83527e-07,87.0114,39.8896,92.9886,-140.11,-1534.0,-712.0,-1400.0,-600.0
-1532.0,-712.0,-106.196,5.78414e-07,87.0129,40.3141,92.9871,-139.686,-1532.0,-712.0,-1400.0,-600.0
-1530.0,-712.0,-106.119,5.73334e-07,87.0145,40.7462,92.9855,-139.254,-1530.0,-712.0,-1400.0,-600.0
-1528.0,-712.0,-106.042,5.68287e-07,87.0164,41.1859,92.9836,-138.814,-1528.0,-712.0,-1400.0,-600.0
-1526.0,-712.0,-105.965,5.63274e-07,87.0186,41.6335,92.9814,-138.366,-1526.0,-712.0,-1400.0,-600.0
-1524.0,-712.0,-105.887,5.58296e-07,87.0209,42.0892,92.9791,-137.911,-1524.0,-712.0,-1400.0,-600.0
-1522.0,-712.0,-105.81,5.53354e-07,87.0235,42.553,92.9765,-137.447,-1522.0,-712.0,-1400.0,-600.0
-1520.0,-712.0,-105.732,5.48451e-07,87.0208,43.0251,92.9792,-136.975,-1520.0,-712.0,-1400.0,-600.0
-1518.0,-712.0,-105.655,5.43599e-07,86.9942,43.5057,93.0058,-136.494,-1518.0,-712.0,-1400.0,-600.0
-1516.0,-712.0,-105.578,5.38785e-07,86.9673,43.9949,93.0327,-136.005,-1516.0,-712.0,-1400.0,-600.0
-1514.0,-712.0,-105.5,5.34011e-07,86.9401,44.493,93.0599,-135.507,-1514.0,-712.0,-1400.0,-600.0
-1512.0,-712.0,-105.423,5.29278e-07,86.9127,45.0,93.0873,-135.0,-1512.0,-712.0,-1400.0,-600.0
-1510.0,-712.0,-105.345,5.24587e-07,86.8851,45.5162,93.1149,-134.484,-1510.0,-712.0,-1400.0,-600.0
-1508.0,-712.0,-105.268,5.1994e-07,86.8572,46.0416,93.1428,-133.958,-1508.0,-712.0,-1400.0,-600.0
-1506.0,-712.0,-105.19,5.15327e-07,86.8481,46.5766,93.1519,-133.423,-1506.0,-712.0,-1400.0,-600.0
-1504.0,-712.0,-105.112,5.10755e-07,86.8515,47.1211,93.1485,-132.879,-1504.0,-712.0,-1400.0,-600.0
-1502.0,-712.0,-105.035,5.06229e-07,86.8552,47.6754,93.1448,-132.325,-1502.0,-712.0,-1400.0,-600.0
-1500.0,-712.0,-104.958,5.01751e-07,86.8594,48.2397,93.1406,-131.76,-1500.0,-712.0,-1400.0,-600.0
-1498.0,-712.0,-104.88,4.97322e-07,86.8639,48.8141,93.1361,-131.186,-1498.0,-712.0,-1400.0,-600.0
-1496.0,-712.0,-104.803,4.92945e-07,86.8688,49.3987,93.1312,-130.601,-1496.0,-712.0,-1400.0,-600.0
-1494.0,-712.0,-104.727,4.88619e-07,86.8741,49.9937,93.1259,-130.006,-1494.0,-712.0,-1400.0,-600.0
-1492.0,-712.0,-104.65,4.84347e-07,86.8799,50.5993,93.1201,-129.401,-1492.0,-712.0,-1400.0,-600.0
-1490.0,-712.0,-104.574,4.8013e-07,86.8845,51.2156,93.1155,-128.784,-1490.0,-712.0,-1400.0,-600.0
-1488.0,-712.0,-104.499,4.75985e-07,86.8573,51.8428,93.1427,-128.157,-1488.0,-712.0,-1400.0,-600.0
-1486.0,-712.0,-104.424,4.71897e-07,86.8301,52.4809,93.1699,-127.519,-1486.0,-712.0,-1400.0,-600.0
-1484.0,-712.0,-104.349,4.67869e-07,86.8028,53.1301,93.1972,-126.87,-1484.0,-712.0,-1400.0,-600.0
-1482.0,-712.0,-104.275,4.63902e-07,86.7754,53.7905,93.2246,-126.209,-1482.0,-712.0,-1400.0,-600.0
-1480.0,-712.0,-104.201,4.59998e-07,86.748,54.4623,93.252,-125.538,-1480.0,-712.0,-1400.0,-600.0
-1478.0,-712.0,-104.128,4.56157e-07,86.7206,55.1455,93.2794,-124.854,-1478.0,-712.0,-1400.0,-600.0
-1476.0,-712.0,-104.056,4.52383e-07,86.6932,55.8403,93.3068,-124.16,-1476.0,-712.0,-1400.0,-600.0
-1474.0,-712.0,-103.984,4.48676e-07,86.6659,56.5467,93.3341,-123.453,-1474.0,-712.0,-1400.0,-600.0
-1472.0,-712.0,-103.913,4.45038e-07,86.6386,57.2648,93.3614,-122.735,-1472.0,-712.0,-1400.0,-600.0
-1470.0,-712.0,-103.843,4.41472e-07,86.6114,57.9946,93.3886,-122.005,-1470.0,-712.0,-1400.0,-600.0
-1468.0,-712.0,-103.774,4.37977e-07,86.5843,58.7363,93.4157,-121.264,-1468.0,-712.0,-1400.0,-600.0
-1466.0,-712.0,-103.706,4.34561e-07,86.5499,59.4898,93.4501,-120.51,-1466.0,-712.0,-1400.0,-600.0
-1464.0,-712.0,-103.639,4.31235e-07,86.4858,60.2551,93.5142,-119.745,-1464.0,-712.0,-1400.0,-600.0
-1462.0,-712.0,-103.573,4.27987e-07,86.4213,61.0323,93.5787,-118.968,-1462.0,-712.0,-1400.0,-600.0
-1460.0,-712.0,-103.509,4.24819e-07,86.3565,61.8214,93.6435,-118.179,-1460.0,-712.0,-1400.0,-600.0
-1458.0,-712.0,-103.445,4.21733e-07,86.2915,62.6223,93.7085,-117.378,-1458.0,-712.0,-1400.0,-600.0
-1456.0,-712.0,-103.383,4.18731e-07,86.2262,63.4349,93.7738,-116.565,-1456.0,-712.0,-1400.0,-600.0
-1454.0,-712.0,-103.322,4.15815e-07,86.1608,64.2593,93.8392,-115.741,-1454.0,-712.0,-1400.0,-600.0
-1452.0,-712.0,-103.263,4.12986e-07,86.0953,65.0952,93.9047,-114.905,-1452.0,-712.0,-1400.0,-600.0
-1450.0,-712.0,-103.205,4.10247e-07,86.0298,65.9427,93.9702,-114.057,-1450.0,-712.0,-1400.0,-600.0
-1448.0,-712.0,-103.149,4.07598e-07,85.9642,66.8014,94.0358,-113.199,-1448.0,-712.0,-1400.0,-600.0
-1446.0,-712.0,-103.094,4.05042e-07,85.8988,67.6713,94.1012,-112.329,-1446.0,-712.0,-1400.0,-600.0
-1444.0,-712.0,-103.041,4.02581e-07,85.8335,68.5523,94.1665,-111.448,-1444.0,-712.0,-1400.0,-600.0
-1442.0,-712.0,-102.989,4.00209e-07,85.7828,69.444,94.2172,-110.556,-1442.0,-712.0,-1400.0,-600.0
-1440.0,-712.0,-102.94,3.97921e-07,85.7585,70.3462,94.2415,-109.654,-1440.0,-712.0,-1400.0,-600.0
-1438.0,-712.0,-102.892,3.95733e-07,85.735,71.2587,94.265,-108.741,-1438.0,-712.0,-1400.0,-600.0
-1436.0,-712.0,-102.846,3.93645e-07,85.7123,72.1811,94.2877,-107.819,-1436.0,-712.0,-1400.0,-600.0
-1434.0,-712.0,-102.802,3.9166e-07,85.6906,73.1132,94.3094,-106.887,-1434.0,-712.0,-1400.0,-600.0
-1432.0,-712.0,-102.76,3.8978e-07,85.6698,74.0546,94.3302,-105.945,-1432.0,-712.0,-1400.0,-600.0
-1430.0,-712.0,-102.72,3.88005e-07,85.6499,75.0049,94.3501,-104.995,-1430.0,-712.0,-1400.0,-600.0
-1428.0,-712.0,-102.682,3.86337e-07,85.6311,75.9638,94.3689,-104.036,-1428.0,-712.0,-1400.0,-600.0
-1426.0,-712.0,-116.976,3.84787e-07,85.6135,77.109,94.3865,-103.963,-1404.61,-618.561,-1404.61,-618.561
-1424.0,-712.0,-122.618,1.04485e-06,88.3859,85.6402,91.6141,94.4771,-1407.83,-499.955,-1407.83,-499.955
-1422.0,-712.0,-122.706,1.04436e-06,88.3852,86.0054,91.6148,94.1119,-1407.19,-499.954,-1407.19,-499.954
-1420.0,-712.0,-122.721,1.04392e-06,88.3845,86.3709,91.6155,93.7464,-1406.55,-499.954,-1406.55,-499.954
-1418.0,-712.0,-122.681,1.04352e-06,88.3839,86.7367,91.6161,93.3806,-1405.91,-499.953,-1405.91,-499.953
-1416.0,-712.0,-122.602,1.04316e-06,88.3833,87.1028,91.6167,93.0145,-1405.27,-499.953,-1405.27,-499.953
-1414.0,-712.0,-122.501,1.04284e-06,88.3828,87.4692,91.6172,92.6481,-1404.63,-499.952,-1404.63,-499.952
-1412.0,-712.0,-122.392,1.04257e-06,88.3824,87.8357,91.6176,92.2816,-1403.99,-499.951,-1403.99,-499.951
-1410.0,-712.0,-122.284,1.04234e-06,88.3821,88.2024,91.6179,91.9149,-1403.35,-499.951,-1403.35,-499.951
-1408.0,-712.0,-122.186,1.04215e-06,88.3818,88.5693,91.6182,91.548,-1402.7,-499.95,-1402.7,-499.95
-1406.0,-712.0,-146.73,3.76784e-07,85.5202,89.1508,94.4798,-103.963,-1404.61,-618.561,-1404.61,-618.561
-1404.0,-712.0,-151.004,3.76756e-07,85.5199,90.3771,94.4801,-103.963,-1404.61,-618.561,-1404.61,-618.561
-1402.0,-712.0,-153.418,1.18814e-06,88.5807,100.159,91.4193,113.553,-1429.64,-532.017,-1425.31,-581.883
-1400.0,-712.0,0.0,0.0,0.0,0.0,0.0,0.0,0.0,0.0,0.0,0.0
-1398.0,-712.0,0.0,0.0,0.0,0.0,0.0,0.0,0.0,0.0,0.0,0.0
-1396.0,-712.0,0.0,0.0,0.0,0.0,0.0,0.0,0.0,0.0,0.0,0.0
-1394.0,-712.0,0.0,0.0,0.0,0.0,0.0,0.0,0.0,0.0,0.0,0.0
-1392.0,-712.0,0.0,0.0,0.0,0.0,0.0,0.0,0.0,0.0,0.0,0.0
-1390.0,-712.0,0.0,0.0,0.0,0.0,0.0,0.0,0.0,0.0,0.0,0.0
-1388.0,-712.0,0.0,0.0,0.0,0.0,0.0,0.0,0.0,0.0,0.0,0.0
-1386.0,-712.0,0.0,0.0,0.0,0.0,0.0,0.0,0.0,0.0,0.0,0.0
-1384.0,-712.0,0.0,0.0,0.0,0.0,0.0,0.0,0.0,0.0,0.0,0.0
-1382.0,-712.0,0.0,0.0,0.0,0.0,0.0,0.0,0.0,0.0,0.0,0.0
-1380.0,-712.0,0.0,0.0,0.0,0.0,0.0,0.0,0.0,0.0,0.0,0.0
-1378.0,-712.0,0.0,0.0,0.0,0.0,0.0,0.0,0.0,0.0,0.0,0.0
-1376.0,-712.0,0.0,0.0,0.0,0.0,0.0,0.0,0.0,0.0,0.0,0.0
-1374.0,-712.0,0.0,0.0,0.0,0.0,0.0,0.0,0.0,0.0,0.0,0.0
-1372.0,-712.0,0.0,0.0,0.0,0.0,0.0,0.0,0.0,0.0,0.0,0.0
-1370.0,-712.0,0.0,0.0,0.0,0.0,0.0,0.0,0.0,0.0,0.0,0.0
-1368.0,-712.0,0.0,0.0,0.0,0.0,0.0,0.0,0.0,0.0,0.0,0.0
-1366.0,-712.0,0.0,0.0,0.0,0.0,0.0,0.0,0.0,0.0,0.0,0.0
-1364.0,-712.0,0.0,0.0,0.0,0.0,0.0,0.0,0.0,0.0,0.0,0.0
-1362.0,-712.0,0.0,0.0,0.0,0.0,0.0,0.0,0.0,0.0,0.0,0.0
-1360.0,-712.0,0.0,0.0,0.0,0.0,0.0,0.0,0.0,0.0,0.0,0.0
-1358.0,-712.0,0.0,0.0,0.0,0.0,0.0,0.0,0.0,0.0,0.0,0.0
-1356.0,-712.0,-195.413,1.95998e-06,89.1293,158.226,90.8707,-135.73,-1615.4,-809.977,-1385.48,-700.223
-1354.0,-712.0,-195.558,1.96618e-06,89.1238,158.373,90.8762,-135.73,-1615.4,-809.977,-1383.84,-700.17
-1352.0,-712.0,-195.762,1.9724e-06,89.1184,158.519,90.8816,-135.73,-1615.4,-809.977,-1382.2,-700.116
-1350.0,-712.0,-196.007,1.97861e-06,89.113,158.662,90.887,-135.73,-1615.4,-809.977,-1380.56,-700.062
-1348.0,-712.0,-196.281,1.98483e-06,89.1077,158.804,90.8923,-135.73,-1615.4,-809.977,-1378.92,-700.009
-1346.0,-712.0,0.0,0.0,0.0,0.0,0.0,0.0,0.0,0.0,0.0,0.0
-1344.0,-712.0,0.0,0.0,0.0,0.0,0.0,0.0,0.0,0.0,0.0,0.0
-1342.0,-712.0,0.0,0.0,0.0,0.0,0.0,0.0,0.0,0.0,0.0,0.0
-1340.0,-712.0,0.0,0.0,0.0,0.0,0.0,0.0,0.0,0.0,0.0,0.0
-1338.0,-712.0,0.0,0.0,0.0,0.0,0.0,0.0,0.0,0.0,0.0,0.0
-1336.0,-712.0,0.0,0.0,0.0,0.0,0.0,0.0,0.0,0.0,0.0,0.0
-1334.0,-712.0,0.0,0.0,0.0,0.0,0.0,0.0,0.0,0.0,0.0,0.0
-1332.0,-712.0,0.0,0.0,0.0,0.0,0.0,0.0,0.0,0.0,0.0,0.0
-1330.0,-712.0,0.0,0.0,0.0,0.0,0.0,0.0,0.0,0.0,0.0,0.0
-1328.0,-712.0,0.0,0.0,0.0,0.0,0.0,0.0,0.0,0.0,0.0,0.0
-1326.0,-712.0,0.0,0.0,0.0,0.0,0.0,0.0,0.0,0.0,0.0,0.0
-1324.0,-712.0,0.0,0.0,0.0,0.0,0.0,0.0,0.0,0.0,0.0,0.0
-1322.0,-712.0,0.0,0.0,0.0,0.0,0.0,0.0,0.0,0.0,0.0,0.0
-1320.0,-712.0,0.0,0.0,0.0,0.0,0.0,0.0,0.0,0.0,0.0,0.0
-1318.0,-712.0,0.0,0.0,0.0,0.0,0.0,0.0,0.0,0.0,0.0,0.0
-1316.0,-712.0,0.0,0.0,0.0,0.0,0.0,0.0,0.0,0.0,0.0,0.0
-1314.0,-712.0,0.0,0.0,0.0,0.0,0.0,0.0,0.0,0.0,0.0,0.0
-1312.0,-712.0,0.0,0.0,0.0,0.0,0.0,0.0,0.0,0.0,0.0,0.0
-1310.0,-712.0,0.0,0.0,0.0,0.0,0.0,0.0,0.0,0.0,0.0,0.0
-1308.0,-712.0,0.0,0.0,0.0,0.0,0.0,0.0,0.0,0.0,0.0,0.0
-1306.0,-712.0,-114.207,9.46409e-07,87.7699,36.7074,92.2301,-34.8904,-1375.16,-617.32,-1239.87,-662.693
-1304.0,-712.0,-114.207,9.41082e-07,87.7402,36.9505,92.2598,-35.1334,-1375.37,-617.328,-1239.87,-663.759
-1302.0,-712.0,-114.272,9.35773e-07,87.7101,37.1963,92.2899,-35.3792,-1375.59,-617.337,-1239.87,-664.845
-1300.0,-712.0,-114.411,9.30485e-07,87.6748,37.4449,92.3252,-35.6279,-1375.8,-617.346,-1239.87,-665.95
-1298.0,-712.0,-114.642,9.25223e-07,87.6266,37.6964,92.3734,-35.8793,-1376.01,-617.355,-1239.87,-667.076
-1296.0,-712.0,-123.881,9.19981e-07,87.578,38.0018,92.422,-35.9954,-1376.1,-617.359,-1239.87,-668.142
-1294.0,-712.0,-129.244,9.14764e-07,87.529,38.3553,92.471,-35.9954,-1376.1,-617.359,-1239.87,-669.164
-1292.0,-712.0,-133.928,9.09561e-07,87.4971,38.7143,92.5029,-35.9954,-1376.1,-617.359,-1239.87,-670.213
-1290.0,-712.0,-138.382,9.04384e-07,87.4649,39.0791,92.5351,-35.9954,-1376.1,-617.359,-1239.87,-671.289
-1288.0,-712.0,-143.217,8.99235e-07,87.4324,39.4497,92.5676,-35.9954,-1376.1,-617.359,-1239.87,-672.394
-1286.0,-712.0,-166.128,9.39348e-07,85.17,42.3855,82.9932,43.8297,-1389.57,-589.991,-1239.87,-669.897
-1284.0,-712.0,-165.397,9.34471e-07,85.123,42.6619,82.9569,44.108,-1389.68,-589.994,-1239.87,-671.331
-1282.0,-712.0,-163.327,9.29617e-07,85.0757,42.9413,82.9203,44.3892,-1389.78,-589.997,-1239.87,-672.792
-1280.0,-712.0,-160.673,9.24785e-07,85.028,43.2236,82.8835,44.6734,-1389.89,-590.0,-1239.87,-674.283
-1278.0,-712.0,-158.375,9.19977e-07,84.9799,43.5089,82.8465,44.9607,-1389.99,-590.004,-1239.87,-675.804
-1276.0,-712.0,-156.654,9.15181e-07,84.9409,43.7975,82.8093,45.2503,-1390.09,-590.007,-1239.87,-677.355
-1274.0,-712.0,-155.429,9.10395e-07,84.9141,44.0893,82.7721,45.5421,-1390.2,-590.01,-1239.87,-678.938
-1272.0,-712.0,-154.587,9.05632e-07,84.8872,44.3842,82.7347,45.8371,-1390.3,-590.013,-1239.87,-680.553
-1270.0,-712.0,-157.811,1.07538e-06,87.7696,154.65,92.2304,-43.396,-1381.4,-617.583,-1310.33,-692.894
-1268.0,-712.0,-157.67,1.07788e-06,87.7748,153.149,92.2252,-35.9954,-1376.1,-617.359,-1310.41,-690.532
-1266.0,-712.0,-157.042,1.08384e-06,87.787,153.355,92.213,-35.9954,-1376.1,-617.359,-1310.43,-689.707
-1264.0,-712.0,-156.604,1.0898e-06,87.7991,153.559,92.2009,-35.9954,-1376.1,-617.359,-1310.46,-688.896
-1262.0,-712.0,-156.313,1.09578e-06,87.8111,153.76,92.1889,-35.9954,-1376.1,-617.359,-1310.49,-688.1
-1260.0,-712.0,-156.136,1.10176e-06,87.823,153.958,92.177,-35.9954,-1376.1,-617.359,-1310.51,-687.319
-1258.0,-712.0,-156.049,1.10776e-06,87.8348,154.154,92.1652,-35.9954,-1376.1,-617.359,-1310.54,-686.551
-1256.0,-712.0,-156.034,1.11377e-06,87.8465,154.347,92.1535,-35.9954,-1376.1,-617.359,-1310.56,-685.796
-1254.0,-712.0,-156.077,1.11978e-06,87.8581,154.537,92.1419,-35.9954,-1376.1,-617.359,-1310.59,-685.054
-1252.0,-712.0,-159.111,9.06119e-07,87.3632,120.244,92.6368,-43.396,-1381.4,-617.583,-1324.51,-587.641
-1250.0,-712.0,-159.874,9.09488e-07,87.3907,120.72,92.6093,-43.396,-1381.4,-617.583,-1323.91,-587.625
-1248.0,-712.0,-159.761,9.27067e-07,87.4577,118.041,92.5423,-35.9954,-1376.1,-617.359,-1314.38,-587.376
-1246.0,-712.0,-157.702,1.67988e-06,87.4903,63.1463,83.6791,117.609,-1429.35,-543.879,-1239.87,-699.899
-1244.0,-712.0,-158.43,1.67686e-06,87.4936,63.3501,83.7234,117.409,-1429.36,-543.377,-1239.87,-703.777
-1242.0,-712.0,-159.479,9.3666e-07,87.5354,119.513,92.4646,-35.9954,-1376.1,-617.359,-1312.57,-587.329
-1240.0,-712.0,-154.848,9.27478e-07,84.2278,125.452,85.6881,-51.4803,-1385.86,-617.77,-1328.47,-587.744
-1238.0,-712.0,-154.449,9.31317e-07,84.2777,125.787,85.7058,-51.1433,-1385.69,-617.763,-1327.59,-587.721
-1236.0,-712.0,-167.181,1.15122e-06,88.0371,132.196,91.9629,15.8832,-1361.84,-589.142,-1309.31,-631.135
-1234.0,-712.0,-170.607,1.13008e-06,88.0146,145.932,91.9854,-2.76158,-1239.86,-607.725,-1309.1,-661.218
-1232.0,-712.0,0.0,0.0,0.0,0.0,0.0,0.0,0.0,0.0,0.0,0.0
-1230.0,-712.0,0.0,0.0,0.0,0.0,0.0,0.0,0.0,0.0,0.0,0.0
-1228.0,-712.0,-171.728,2.01051e-06,88.9143,-163.608,91.0857,-126.816,-1556.08,-808.509,-1556.08,-808.509
-1226.0,-712.0,-164.649,1.53194e-06,88.5961,-105.202,91.4039,-43.3117,-1381.35,-617.58,-1237.22,-753.292
-1224.0,-712.0,-160.039,9.74246e-07,65.8253,42.7941,88.6231,-33.1929,-1373.63,-617.255,-1196.06,-686.131
-1222.0,-712.0,-160.454,2.21173e-06,87.1136,-36.2313,88.4197,21.6826,-1373.6,-589.502,-1090.49,-808.362
-1220.0,-712.0,-160.493,2.20632e-06,87.1602,-36.3431,88.4051,21.5895,-1373.46,-589.498,-1089.17,-808.257
-1218.0,-712.0,-158.954,9.6022e-07,62.3525,45.1316,88.6354,-33.8678,-1374.25,-617.281,-1195.94,-689.842
-1216.0,-712.0,-158.12,9.55711e-07,60.9299,46.1485,88.6394,-34.0908,-1374.45,-617.29,-1195.91,-691.084
-1214.0,-712.0,-158.405,9.51324e-07,59.3313,47.3496,88.6435,-34.311,-1374.65,-617.298,-1195.87,-692.316
-1212.0,-712.0,-160.681,9.4708e-07,57.5334,48.7949,88.6475,-34.527,-1374.84,-617.306,-1195.83,-693.533
-1210.0,-712.0,-160.717,9.84841e-07,70.7187,139.386,88.6142,-32.6918,-1373.15,-617.234,-1219.74,-703.644
-1208.0,-712.0,-159.574,9.39149e-07,53.2606,52.7895,88.6552,-34.9398,-1375.21,-617.321,-1195.76,-695.877
-1206.0,-712.0,-161.293,9.35548e-07,50.7749,55.6253,88.6588,-35.1319,-1375.37,-617.328,-1195.72,-696.977
-1204.0,-712.0,-163.218,9.32603e-07,47.9476,59.4887,88.6618,-35.2933,-1375.51,-617.334,-1195.69,-697.907
-1202.0,-712.0,-163.987,9.30128e-07,45.0902,64.5266,88.6644,-35.4328,-1375.63,-617.339,-1195.67,-698.713
-1600.0,-710.0,-108.6,7.62181e-07,87.803,28.8108,92.197,-151.189,-1600.0,-710.0,-1400.0,-600.0
-1598.0,-710.0,-108.533,7.56345e-07,87.7861,29.0546,92.2139,-150.945,-1598.0,-710.0,-1400.0,-600.0
-1596.0,-710.0,-108.465,7.50522e-07,87.7689,29.3022,92.2311,-150.698,-1596.0,-710.0,-1400.0,-600.0
-1594.0,-710.0,-108.398,7.44714e-07,87.7515,29.5537,92.2485,-150.446,-1594.0,-710.0,-1400.0,-600.0
-1592.0,-710.0,-108.329,7.38921e-07,87.7339,29.8091,92.2661,-150.191,-1592.0,-710.0,-1400.0,-600.0
-1590.0,-710.0,-108.261,7.33143e-07,87.716,30.0686,92.284,-149.931,-1590.0,-710.0,-1400.0,-600.0
-1588.0,-710.0,-108.192,7.2738e-07,87.6979,30.3322,92.3021,-149.668,-1588.0,-710.0,-1400.0,-600.0
-1586.0,-710.0,-108.123,7.21632e-07,87.6795,30.6,92.3205,-149.4,-1586.0,-710.0,-1400.0,-600.0
-1584.0,-710.0,-108.054,7.15906e-07,87.6512,30.8721,92.3488,-149.128,-1584.0,-710.0,-1400.0,-600.0
-1582.0,-710.0,-107.984,7.10203e-07,87.6096,31.1486,92.3904,-148.851,-1582.0,-710.0,-1400.0,-600.0
-1580.0,-710.0,-107.914,7.04517e-07,87.5674,31.4296,92.4326,-148.57,-1580.0,-710.0,-1400.0,-600.0
-1578.0,-710.0,-107.844,6.98848e-07,87.5245,31.7151,92.4755,-148.285,-1578.0,-710.0,-1400.0,-600.0
-1576.0,-710.0,-107.773,6.93198e-07,87.481,32.0054,92.519,-147.995,-1576.0,-710.0,-1400.0,-600.0
-1574.0,-710.0,-107.702,6.87566e-07,87.4369,32.3004,92.5631,-147.7,-1574.0,-710.0,-1400.0,-600.0
-1572.0,-710.0,-107.63,6.81953e-07,87.3921,32.6003,92.6079,-147.4,-1572.0,-710.0,-1400.0,-600.0
-1570.0,-710.0,-107.559,6.76359e-07,87.3466,32.9052,92.6534,-147.095,-1570.0,-710.0,-1400.0,-600.0
-1568.0,-710.0,-107.486,6.70786e-07,87.3005,33.2153,92.6995,-146.785,-1568.0,-710.0,-1400.0,-600.0
-1566.0,-710.0,-107.414,6.65229e-07,87.2593,33.5305,92.7407,-146.47,-1566.0,-710.0,-1400.0,-600.0
-1564.0,-710.0,-107.341,6.59669e-07,87.2606,33.851,92.7394,-146.149,-1564.0,-710.0,-1400.0,-600.0
-1562.0,-710.0,-107.267,6.54131e-07,87.2621,34.177,92.7379,-145.823,-1562.0,-710.0,-1400.0,-600.0
-1560.0,-710.0,-107.194,6.48621e-07,87.2491,34.5085,92.7509,-145.491,-1560.0,-710.0,-1400.0,-600.0
-1558.0,-710.0,-107.12,6.4314e-07,87.2256,34.8457,92.7744,-145.154,-1558.0,-710.0,-1400.0,-600.0
-1556.0,-710.0,-107.045,6.37681e-07,87.2019,35.1887,92.7981,-144.811,-1556.0,-710.0,-1400.0,-600.0
-1554.0,-710.0,-106.971,6.32245e-07,87.1778,35.5377,92.8222,-144.462,-1554.0,-710.0,-1400.0,-600.0
-1552.0,-710.0,-106.896,6.26833e-07,87.1534,35.8927,92.8466,-144.107,-1552.0,-710.0,-1400.0,-600.0
-1550.0,-710.0,-106.821,6.21446e-07,87.1287,36.2538,92.8713,-143.746,-1550.0,-710.0,-1400.0,-600.0
-1548.0,-710.0,-106.745,6.16084e-07,87.1037,36.6213,92.8963,-143.379,-1548.0,-710.0,-1400.0,-600.0
-1546.0,-710.0,-106.67,6.10748e-07,87.0784,36.9953,92.9216,-143.005,-1546.0,-710.0,-1400.0,-600.0
-1544.0,-710.0,-106.593,6.05438e-07,87.0527,37.3758,92.9473,-142.624,-1544.0,-710.0,-1400.0,-600.0
-1542.0,-710.0,-106.517,6.00156e-07,87.0267,37.7631,92.9733,-142.237,-1542.0,-710.0,-1400.0,-600.0
-1540.0,-710.0,-106.441,5.94901e-07,87.0004,38.1572,92.9996,-141.843,-1540.0,-710.0,-1400.0,-600.0
-1538.0,-710.0,-106.364,5.89675e-07,86.9738,38.5584,93.0262,-141.442,-1538.0,-710.0,-1400.0,-600.0
-1536.0,-710.0,-106.286,5.84468e-07,86.9673,38.9667,93.0327,-141.033,-1536.0,-710.0,-1400.0,-600.0
-1534.0,-710.0,-106.209,5.79287e-07,86.9681,39.3824,93.0319,-140.618,-1534.0,-710.0,-1400.0,-600.0
-1532.0,-710.0,-106.131,5.74137e-07,86.969,39.8056,93.031,-140.194,-1532.0,-710.0,-1400.0,-600.0
-1530.0,-710.0,-106.053,5.69018e-07,86.9701,40.2364,93.0299,-139.764,-1530.0,-710.0,-1400.0,-600.0
-1528.0,-710.0,-105.975,5.63933e-07,86.9714,40.6749,93.0286,-139.325,-1528.0,-710.0,-1400.0,-600.0
-1526.0,-710.0,-105.897,5.58881e-07,86.9729,41.1215,93.0271,-138.879,-1526.0,-710.0,-1400.0,-600.0
-1524.0,-710.0,-105.818,5.53863e-07,86.9747,41.5761,93.0253,-138.424,-1524.0,-710.0,-1400.0,-600.0
-1522.0,-710.0,-105.739,5.48881e-07,86.9766,42.0391,93.0234,-137.961,-1522.0,-710.0,-1400.0,-600.0
-1520.0,-710.0,-105.66,5.43935e-07,86.9788,42.5104,93.0212,-137.49,-1520.0,-710.0,-1400.0,-600.0
-1518.0,-710.0,-105.582,5.39032e-07,86.9687,42.9904,93.0313,-137.01,-1518.0,-710.0,-1400.0,-600.0
-1516.0,-710.0,-105.503,5.34177e-07,86.9411,43.4792,93.0589,-136.521,-1516.0,-710.0,-1400.0,-600.0
-1514.0,-710.0,-105.424,5.29362e-07,86.9132,43.977,93.0868,-136.023,-1514.0,-710.0,-1400.0,-600.0
-1512.0,-710.0,-105.345,5.24587e-07,86.8851,44.4838,93.1149,-135.516,-1512.0,-710.0,-1400.0,-600.0
-1510.0,-710.0,-105.266,5.19854e-07,86.8567,45.0,93.1433,-135.0,-1510.0,-710.0,-1400.0,-600.0
-1508.0,-710.0,-105.187,5.15158e-07,86.8397,45.5256,93.1603,-134.474,-1508.0,-710.0,-1400.0,-600.0
-1506.0,-710.0,-105.108,5.10497e-07,86.8425,46.0609,93.1575,-133.939,-1506.0,-710.0,-1400.0,-600.0
-1504.0,-710.0,-105.029,5.0588e-07,86.8456,46.606,93.1544,-133.394,-1504.0,-710.0,-1400.0,-600.0
-1502.0,-710.0,-104.95,5.0131e-07,86.849,47.1611,93.151,-132.839,-1502.0,-710.0,-1400.0,-600.0
-1500.0,-710.0,-104.871,4.96788e-07,86.8529,47.7263,93.1471,-132.274,-1500.0,-710.0,-1400.0,-600.0
-1498.0,-710.0,-104.792,4.92315e-07,86.8571,48.3019,93.1429,-131.698,-1498.0,-710.0,-1400.0,-600.0
-1496.0,-710.0,-104.714,4.87893e-07,86.8617,48.8879,93.1383,-131.112,-1496.0,-710.0,-1400.0,-600.0
-1494.0,-710.0,-104.635,4.83522e-07,86.8667,49.4846,93.1333,-130.515,-1494.0,-710.0,-1400.0,-600.0
-1492.0,-710.0,-104.557,4.79205e-07,86.8722,50.0921,93.1278,-129.908,-1492.0,-710.0,-1400.0,-600.0
-1490.0,-710.0,-104.48,4.74943e-07,86.8765,50.7106,93.1235,-129.289,-1490.0,-710.0,-1400.0,-600.0
-1488.0,-710.0,-104.402,4.70751e-07,86.8486,51.3402,93.1514,-128.66,-1488.0,-710.0,-1400.0,-600.0
-1486.0,-710.0,-104.326,4.66618e-07,86.8207,51.9811,93.1793,-128.019,-1486.0,-710.0,-1400.0,-600.0
-1484.0,-710.0,-104.249,4.62544e-07,86.7927,52.6333,93.2073,-127.367,-1484.0,-710.0,-1400.0,-600.0
-1482.0,-710.0,-104.173,4.58531e-07,86.7646,53.2971,93.2354,-126.703,-1482.0,-710.0,-1400.0,-600.0
-1480.0,-710.0,-104.098,4.5458e-07,86.7364,53.9726,93.2636,-126.027,-1480.0,-710.0,-1400.0,-600.0
-1478.0,-710.0,-104.023,4.50694e-07,86.7083,54.6599,93.2917,-125.34,-1478.0,-710.0,-1400.0,-600.0
-1476.0,-710.0,-103.949,4.46873e-07,86.6801,55.3591,93.3199,-124.641,-1476.0,-710.0,-1400.0,-600.0
-1474.0,-710.0,-103.876,4.4312e-07,86.652,56.0702,93.348,-123.93,-1474.0,-710.0,-1400.0,-600.0
-1472.0,-710.0,-103.803,4.39437e-07,86.6239,56.7934,93.3761,-123.207,-1472.0,-710.0,-1400.0,-600.0
-1470.0,-710.0,-103.731,4.35824e-07,86.5959,57.5288,93.4041,-122.471,-1470.0,-710.0,-1400.0,-600.0
-1468.0,-710.0,-103.66,4.32284e-07,86.568,58.2764,93.432,-121.724,-1468.0,-710.0,-1400.0,-600.0
-1466.0,-710.0,-103.59,4.28823e-07,86.5326,59.0362,93.4674,-120.964,-1466.0,-710.0,-1400.0,-600.0
-1464.0,-710.0,-103.522,4.25451e-07,86.4671,59.8084,93.5329,-120.192,-1464.0,-710.0,-1400.0,-600.0
-1462.0,-710.0,-103.454,4.22159e-07,86.4012,60.5928,93.5988,-119.407,-1462.0,-710.0,-1400.0,-600.0
-1460.0,-710.0,-103.388,4.18947e-07,86.3349,61.3895,93.6651,-118.61,-1460.0,-710.0,-1400.0,-600.0
-1458.0,-710.0,-103.322,4.15817e-07,86.2684,62.1985,93.7316,-117.801,-1458.0,-710.0,-1400.0,-600.0
-1456.0,-710.0,-103.258,4.12772e-07,86.2017,63.0198,93.7983,-116.98,-1456.0,-710.0,-1400.0,-600.0
-1454.0,-710.0,-103.196,4.09813e-07,86.1348,63.8532,93.8652,-116.147,-1454.0,-710.0,-1400.0,-600.0
-1452.0,-710.0,-103.135,4.06942e-07,86.0677,64.6986,93.9323,-115.301,-1452.0,-710.0,-1400.0,-600.0
-1450.0,-710.0,-103.075,4.04162e-07,86.0006,65.556,93.9994,-114.444,-1450.0,-710.0,-1400.0,-600.0
-1448.0,-710.0,-103.017,4.01473e-07,85.9335,66.4253,94.0665,-113.575,-1448.0,-710.0,-1400.0,-600.0
-1446.0,-710.0,-102.96,3.98878e-07,85.8664,67.3062,94.1336,-112.694,-1446.0,-710.0,-1400.0,-600.0
-1444.0,-710.0,-102.906,3.96378e-07,85.7995,68.1986,94.2005,-111.801,-1444.0,-710.0,-1400.0,-600.0
-1442.0,-710.0,-102.853,3.93968e-07,85.7473,69.1022,94.2527,-110.898,-1442.0,-710.0,-1400.0,-600.0
-1440.0,-710.0,-102.801,3.91644e-07,85.722,70.0169,94.278,-109.983,-1440.0,-710.0,-1400.0,-600.0
-1438.0,-710.0,-102.752,3.89421e-07,85.6976,70.9423,94.3024,-109.058,-1438.0,-710.0,-1400.0,-600.0
-1436.0,-710.0,-102.704,3.87299e-07,85.674,71.8781,94.326,-108.122,-1436.0,-710.0,-1400.0,-600.0
-1434.0,-710.0,-102.659,3.85281e-07,85.6513,72.8241,94.3487,-107.176,-1434.0,-710.0,-1400.0,-600.0
-1432.0,-710.0,-102.615,3.8337e-07,85.6296,73.7798,94.3704,-106.22,-1432.0,-710.0,-1400.0,-600.0
-1430.0,-710.0,-102.574,3.81565e-07,85.6089,74.7449,94.3911,-105.255,-1430.0,-710.0,-1400.0,-600.0
-1428.0,-710.0,-102.536,3.79869e-07,85.5892,75.7189,94.4108,-104.281,-1428.0,-710.0,-1400.0,-600.0
-1426.0,-710.0,-114.989,3.78288e-07,85.5707,76.8368,94.4293,-103.963,-1404.61,-618.561,-1404.61,-618.561
-1424.0,-710.0,-121.621,3.7684e-07,85.5537,78.0306,94.4463,-103.963,-1404.61,-618.561,-1404.61,-618.561
-1422.0,-710.0,-122.646,1.0377e-06,88.3867,85.9797,91.6133,94.1376,-1407.24,-499.955,-1407.24,-499.955
-1420.0,-710.0,-122.666,1.03725e-06,88.386,86.3476,91.614,93.7697,-1406.59,-499.954,-1406.59,-499.954
-1418.0,-710.0,-122.628,1.03685e-06,88.3854,86.7157,91.6146,93.4016,-1405.95,-499.953,-1405.95,-499.953
-1416.0,-710.0,-122.55,1.03649e-06,88.3849,87.0842,91.6151,93.0331,-1405.3,-499.953,-1405.3,-499.953
-1414.0,-710.0,-122.45,1.03617e-06,88.3844,87.4529,91.6156,92.6644,-1404.66,-499.952,-1404.66,-499.952
-1412.0,-710.0,-122.339,1.0359e-06,88.3839,87.8217,91.6161,92.2955,-1404.01,-499.951,-1404.01,-499.951
-1410.0,-710.0,-122.231,1.03566e-06,88.3836,88.1908,91.6164,91.9265,-1403.37,-499.951,-1403.37,-499.951
-1408.0,-710.0,-122.132,1.03547e-06,88.3833,88.56,91.6167,91.5572,-1402.72,-499.95,-1402.72,-499.95
-1406.0,-710.0,-146.505,3.70115e-07,85.4728,89.1322,94.5272,-103.963,-1404.61,-618.561,-1404.61,-618.561
-1404.0,-710.0,-150.869,3.70087e-07,85.4725,90.3853,94.5275,-103.963,-1404.61,-618.561,-1404.61,-618.561
-1402.0,-710.0,-153.231,1.18156e-06,88.5832,100.246,91.4168,113.553,-1429.64,-532.017,-1425.34,-580.892
-1400.0,-710.0,-152.583,1.18278e-06,88.5847,100.735,91.4153,113.553,-1429.64,-532.017,-1425.46,-575.705
-1398.0,-710.0,-167.631,2.19879e-06,89.2387,116.127,90.7613,-124.304,-1548.93,-818.293,-1459.24,-585.135
-1396.0,-710.0,-167.134,2.20175e-06,89.2397,116.395,90.7603,-124.304,-1548.93,-818.293,-1457.98,-585.105
-1394.0,-710.0,-182.719,3.20377e-06,89.4809,11.2534,90.5191,-124.21,-1548.4,-818.284,-1339.46,-699.149
-1392.0,-710.0,-182.671,3.19723e-06,89.4849,11.2856,90.5151,-124.21,-1548.4,-818.284,-1337.26,-699.076
-1390.0,-710.0,-182.624,3.19068e-06,89.4881,11.318,90.5119,-124.21,-1548.4,-818.284,-1335.06,-699.003
-1388.0,-710.0,-182.577,3.18414e-06,89.4871,11.3506,90.5129,-124.21,-1548.4,-818.284,-1332.86,-698.931
-1386.0,-710.0,-170.182,1.56886e-06,88.9589,145.438,91.0411,-124.21,-1548.4,-818.284,-1399.53,-700.682
-1384.0,-710.0,-170.392,1.57436e-06,88.9626,145.75,91.0374,-124.21,-1548.4,-818.284,-1397.77,-700.625
-1382.0,-710.0,-170.716,1.57989e-06,88.9662,146.058,91.0338,-124.21,-1548.4,-818.284,-1396.02,-700.567
-1380.0,-710.0,-171.189,1.58544e-06,88.9698,146.361,91.0302,-124.21,-1548.4,-818.284,-1394.26,-700.51
-1378.0,-710.0,-171.868,1.591e-06,88.9734,146.66,91.0266,-124.21,-1548.4,-818.284,-1392.51,-700.453
-1376.0,-710.0,-172.827,1.59658e-06,88.977,146.953,91.023,-124.21,-1548.4,-818.284,-1390.76,-700.396
-1374.0,-710.0,-172.767,1.59288e-06,88.9746,150.527,91.0254,-126.816,-1556.08,-808.509,-1390.98,-700.403
-1372.0,-710.0,-172.498,1.59869e-06,88.9783,150.785,91.0217,-126.816,-1556.08,-808.509,-1389.26,-700.347
-1370.0,-710.0,-172.169,1.60452e-06,88.9821,151.039,91.0179,-126.816,-1556.08,-808.509,-1387.54,-700.291
-1368.0,-710.0,-171.835,1.61037e-06,88.9858,151.288,91.0142,-126.816,-1556.08,-808.509,-1385.83,-700.235
-1366.0,-710.0,-171.535,1.61623e-06,88.9864,151.534,91.0136,-126.816,-1556.08,-808.509,-1384.11,-700.179
-1364.0,-710.0,-171.284,1.62211e-06,88.9801,151.776,91.0199,-126.816,-1556.08,-808.509,-1382.4,-700.123
-1362.0,-710.0,-195.246,1.93891e-06,89.1384,158.15,90.8616,-135.73,-1615.4,-809.977,-1386.31,-700.25
-1360.0,-710.0,-195.355,1.94511e-06,89.1329,158.302,90.8671,-135.73,-1615.4,-809.977,-1384.64,-700.196
-1358.0,-710.0,-195.537,1.95132e-06,89.1274,158.451,90.8726,-135.73,-1615.4,-809.977,-1382.97,-700.141
-1356.0,-710.0,-195.769,1.95753e-06,89.1219,158.598,90.8781,-135.73,-1615.4,-809.977,-1381.29,-700.086
-1354.0,-710.0,-196.037,1.96375e-06,89.1165,158.743,90.8835,-135.73,-1615.4,-809.977,-1379.62,-700.032
-1352.0,-710.0,-196.327,1.96997e-06,89.1111,158.887,90.8889,-135.73,-1615.4,-809.977,-1377.96,-699.977
-1350.0,-710.0,-196.629,1.97621e-06,89.1057,159.029,90.8943,-135.73,-1615.4,-809.977,-1376.29,-699.923
-1348.0,-710.0,-196.937,1.98244e-06,89.1004,159.168,90.8996,-135.73,-1615.4,-809.977,-1374.63,-699.868
-1346.0,-710.0,-198.375,1.99388e-06,89.0974,-154.241,90.9026,-135.73,-1615.4,-809.977,-1350.44,-712.145
-1344.0,-710.0,0.0,0.0,0.0,0.0,0.0,0.0,0.0,0.0,0.0,0.0
-1342.0,-710.0,0.0,0.0,0.0,0.0,0.0,0.0,0.0,0.0,0.0,0.0
-1340.0,-710.0,0.0,0.0,0.0,0.0,0.0,0.0,0.0,0.0,0.0,0.0
-1338.0,-710.0,0.0,0.0,0.0,0.0,0.0,0.0,0.0,0.0,0.0,0.0
-1336.0,-710.0,0.0,0.0,0.0,0.0,0.0,0.0,0.0,0.0,0.0,0.0
-1334.0,-710.0,0.0,0.0,0.0,0.0,0.0,0.0,0.0,0.0,0.0,0.0
-1332.0,-710.0,0.0,0.0,0.0,0.0,0.0,0.0,0.0,0.0,0.0,0.0
-1330.0,-710.0,0.0,0.0,0.0,0.0,0.0,0.0,0.0,0.0,0.0,0.0
-1328.0,-710.0,0.0,0.0,0.0,0.0,0.0,0.0,0.0,0.0,0.0,0.0
-1326.0,-710.0,0.0,0.0,0.0,0.0,0.0,0.0,0.0,0.0,0.0,0.0
-1324.0,-710.0,0.0,0.0,0.0,0.0,0.0,0.0,0.0,0.0,0.0,0.0
-1322.0,-710.0,0.0,0.0,0.0,0.0,0.0,0.0,0.0,0.0,0.0,0.0
-1320.0,-710.0,0.0,0.0,0.0,0.0,0.0,0.0,0.0,0.0,0.0,0.0
-1318.0,-710.0,0.0,0.0,0.0,0.0,0.0,0.0,0.0,0.0,0.0,0.0
-1316.0,-710.0,0.0,0.0,0.0,0.0,0.0,0.0,0.0,0.0,0.0,0.0
-1314.0,-710.0,0.0,0.0,0.0,0.0,0.0,0.0,0.0,0.0,0.0,0.0
-1312.0,-710.0,0.0,0.0,0.0,0.0,0.0,0.0,0.0,0.0,0.0,0.0
-1310.0,-710.0,0.0,0.0,0.0,0.0,0.0,0.0,0.0,0.0,0.0,0.0
-1308.0,-710.0,0.0,0.0,0.0,0.0,0.0,0.0,0.0,0.0,0.0,0.0
-1306.0,-710.0,-114.201,9.42447e-07,87.7474,36.3819,92.2526,-34.5649,-1374.88,-617.307,-1239.87,-661.275
-1304.0,-710.0,-114.119,9.37098e-07,87.7173,36.6241,92.2827,-34.8071,-1375.09,-617.316,-1239.87,-662.329
-1302.0,-710.0,-114.098,9.31766e-07,87.6869,36.8691,92.3131,-35.0521,-1375.3,-617.325,-1239.87,-663.402
-1300.0,-710.0,-114.142,9.26455e-07,87.6513,37.117,92.3487,-35.2999,-1375.52,-617.334,-1239.87,-664.494
-1298.0,-710.0,-114.259,9.2117e-07,87.6028,37.3677,92.3972,-35.5506,-1375.73,-617.343,-1239.87,-665.606
-1296.0,-710.0,-114.462,9.15904e-07,87.5537,37.6213,92.4463,-35.8042,-1375.94,-617.352,-1239.87,-666.739
-1294.0,-710.0,-122.15,9.10647e-07,87.5178,37.9023,92.4822,-35.9954,-1376.1,-617.359,-1239.87,-667.856
-1292.0,-710.0,-127.761,9.05412e-07,87.4856,38.26,92.5144,-35.9954,-1376.1,-617.359,-1239.87,-668.888
-1290.0,-710.0,-132.716,9.00202e-07,87.4531,38.6235,92.5469,-35.9954,-1376.1,-617.359,-1239.87,-669.947
-1288.0,-710.0,-137.207,8.9502e-07,87.4203,38.9928,92.5797,-35.9954,-1376.1,-617.359,-1239.87,-671.034
-1286.0,-710.0,-141.988,8.89865e-07,87.3872,39.3681,92.6128,-35.9954,-1376.1,-617.359,-1239.87,-672.15
-1284.0,-710.0,-165.239,9.45735e-07,87.5245,153.481,92.4755,-9.41385,-1309.77,-614.96,-1310.19,-696.929
-1282.0,-710.0,-159.03,9.76836e-07,85.1485,156.165,69.0642,23.3806,-1375.88,-589.572,-1310.17,-697.553
-1280.0,-710.0,-159.116,9.82946e-07,85.1612,156.323,69.1696,23.2554,-1375.72,-589.567,-1310.2,-696.757
-1278.0,-710.0,-159.219,9.89063e-07,85.1738,156.479,69.2739,23.132,-1375.57,-589.562,-1310.23,-695.974
-1276.0,-710.0,-157.706,1.05445e-06,87.7253,154.477,92.2747,-43.396,-1381.4,-617.583,-1310.3,-693.621
-1274.0,-710.0,-156.637,9.05783e-07,84.8749,43.7837,82.8103,45.2426,-1390.09,-590.007,-1239.87,-677.288
-1272.0,-710.0,-155.388,9.00996e-07,84.8474,44.0785,82.7727,45.5374,-1390.2,-590.01,-1239.87,-678.887
-1270.0,-710.0,-154.533,8.96233e-07,84.8198,44.3765,82.7349,45.8355,-1390.3,-590.013,-1239.87,-680.518
-1268.0,-710.0,-153.979,8.91495e-07,84.7921,44.6777,82.6969,46.1367,-1390.4,-590.016,-1239.87,-682.185
-1266.0,-710.0,-153.669,8.86782e-07,84.7642,44.9821,82.6586,46.4412,-1390.51,-590.019,-1239.87,-683.887
-1264.0,-710.0,-155.994,1.08685e-06,87.7931,153.968,92.2069,-35.9954,-1376.1,-617.359,-1310.51,-687.282
-1262.0,-710.0,-155.91,1.09285e-06,87.8053,154.167,92.1947,-35.9954,-1376.1,-617.359,-1310.54,-686.501
-1260.0,-710.0,-155.898,1.09886e-06,87.8173,154.363,92.1827,-35.9954,-1376.1,-617.359,-1310.56,-685.733
-1258.0,-710.0,-155.946,1.10487e-06,87.8292,154.556,92.1708,-35.9954,-1376.1,-617.359,-1310.59,-684.979
-1256.0,-710.0,-160.433,1.23252e-06,88.0541,108.234,91.9459,-43.3117,-1381.35,-617.58,-1323.15,-506.181
-1254.0,-710.0,-158.837,8.97014e-07,87.3258,120.043,92.6742,-43.396,-1381.4,-617.583,-1324.76,-587.648
-1252.0,-710.0,-159.42,9.00368e-07,87.3463,120.525,92.6537,-43.396,-1381.4,-617.583,-1324.15,-587.632
-1250.0,-710.0,-159.888,9.18067e-07,87.4151,117.805,92.5849,-35.9954,-1376.1,-617.359,-1314.66,-587.384
-1248.0,-710.0,-160.515,8.70147e-07,87.2912,118.308,92.7088,11.6373,-1342.24,-588.104,-1314.05,-587.368
-1246.0,-710.0,-160.447,8.7332e-07,87.3196,118.806,92.6804,11.6373,-1342.24,-588.104,-1313.44,-587.352
-1244.0,-710.0,-158.008,1.67091e-06,87.4847,63.2473,83.701,117.51,-1429.36,-543.633,-1239.87,-701.813
-1242.0,-710.0,-154.965,9.18249e-07,84.1181,125.356,85.6828,-51.5832,-1385.91,-617.772,-1328.74,-587.751
-1240.0,-710.0,-154.503,9.22078e-07,84.169,125.695,85.7006,-51.2424,-1385.74,-617.765,-1327.85,-587.728
-1238.0,-710.0,-154.26,9.25939e-07,84.2197,126.032,85.7183,-50.9044,-1385.57,-617.758,-1326.96,-587.705
-1236.0,-710.0,-170.316,1.12083e-06,87.9838,146.107,92.0162,-2.76158,-1239.86,-607.725,-1309.11,-660.889
-1234.0,-710.0,0.0,0.0,0.0,0.0,0.0,0.0,0.0,0.0,0.0,0.0
-1232.0,-710.0,0.0,0.0,0.0,0.0,0.0,0.0,0.0,0.0,0.0,0.0
-1230.0,-710.0,-172.247,2.01173e-06,88.9009,162.25,91.0991,-126.816,-1556.08,-808.509,-1238.99,-707.122
-1228.0,-710.0,-160.624,2.23191e-06,87.0429,-36.0503,88.4434,21.8333,-1373.81,-589.509,-1092.63,-808.533
-1226.0,-710.0,-160.547,2.22649e-06,87.0774,-36.1598,88.4287,21.7399,-1373.68,-589.505,-1091.32,-808.428
-1224.0,-710.0,-160.547,2.22108e-06,87.1144,-36.2699,88.414,21.6463,-1373.54,-589.5,-1090.0,-808.323
-1222.0,-710.0,-160.616,2.21567e-06,87.1603,-36.3811,88.3994,21.5535,-1373.41,-589.496,-1088.69,-808.218
-1220.0,-710.0,-160.773,2.21027e-06,87.2058,-36.4925,88.3847,21.4599,-1373.27,-589.492,-1087.37,-808.113
-1218.0,-710.0,-159.544,9.55944e-07,62.2543,44.8022,88.6298,-33.5611,-1373.97,-617.269,-1196.0,-688.148
-1216.0,-710.0,-158.394,9.51414e-07,60.819,45.8196,88.6338,-33.7837,-1374.17,-617.278,-1195.96,-689.377
-1214.0,-710.0,-158.485,9.47005e-07,59.2052,47.0228,88.6378,-34.0035,-1374.38,-617.286,-1195.92,-690.597
-1212.0,-710.0,-160.444,9.42742e-07,57.3889,48.4723,88.6418,-34.2192,-1374.57,-617.294,-1195.88,-691.801
-1210.0,-710.0,-161.519,9.38652e-07,55.348,50.2538,88.6457,-34.4292,-1374.76,-617.302,-1195.85,-692.981
-1208.0,-710.0,-159.606,9.34775e-07,53.0673,52.4886,88.6494,-34.6313,-1374.94,-617.31,-1195.81,-694.123
-1206.0,-710.0,-161.196,9.31158e-07,50.5503,55.3484,88.653,-34.823,-1375.11,-617.317,-1195.78,-695.211
-1204.0,-710.0,-163.232,9.28203e-07,47.6865,59.254,88.656,-34.9841,-1375.25,-617.323,-1195.75,-696.13
-1202.0,-710.0,-163.93,9.25723e-07,44.7923,64.3606,88.6586,-35.123,-1375.37,-617.328,-1195.73,-696.926
-1600.0,-708.0,-108.563,7.58981e-07,87.8101,28.369,92.1899,-151.631,-1600.0,-708.0,-1400.0,-600.0
-1598.0,-708.0,-108.495,7.5312e-07,87.793,28.6105,92.207,-151.39,-1598.0,-708.0,-1400.0,-600.0
-1596.0,-708.0,-108.427,7.47273e-07,87.7757,28.8557,92.2243,-151.144,-1596.0,-708.0,-1400.0,-600.0
-1594.0,-708.0,-108.359,7.4144e-07,87.7582,29.1047,92.2418,-150.895,-1594.0,-708.0,-1400.0,-600.0
-1592.0,-708.0,-108.29,7.3562e-07,87.7405,29.3578,92.2595,-150.642,-1592.0,-708.0,-1400.0,-600.0
-1590.0,-708.0,-108.221,7.29816e-07,87.7225,29.6148,92.2775,-150.385,-1590.0,-708.0,-1400.0,-600.0
-1588.0,-708.0,-108.152,7.24026e-07,87.7043,29.876,92.2957,-150.124,-1588.0,-708.0,-1400.0,-600.0
-1586.0,-708.0,-108.082,7.18252e-07,87.6858,30.1414,92.3142,-149.859,-1586.0,-708.0,-1400.0,-600.0
-1584.0,-708.0,-108.012,7.12499e-07,87.6573,30.4111,92.3427,-149.589,-1584.0,-708.0,-1400.0,-600.0
-1582.0,-708.0,-107.942,7.06768e-07,87.6155,30.6852,92.3845,-149.315,-1582.0,-708.0,-1400.0,-600.0
-1580.0,-708.0,-107.871,7.01054e-07,87.573,30.9638,92.427,-149.036,-1580.0,-708.0,-1400.0,-600.0
-1578.0,-708.0,-107.8,6.95357e-07,87.5299,31.2469,92.4701,-148.753,-1578.0,-708.0,-1400.0,-600.0
-1576.0,-708.0,-107.728,6.89678e-07,87.4861,31.5348,92.5139,-148.465,-1576.0,-708.0,-1400.0,-600.0
-1574.0,-708.0,-107.657,6.84017e-07,87.4417,31.8274,92.5583,-148.173,-1574.0,-708.0,-1400.0,-600.0
-1572.0,-708.0,-107.584,6.78375e-07,87.3966,32.125,92.6034,-147.875,-1572.0,-708.0,-1400.0,-600.0
-1570.0,-708.0,-107.512,6.72751e-07,87.3508,32.4276,92.6492,-147.572,-1570.0,-708.0,-1400.0,-600.0
-1568.0,-708.0,-107.439,6.67147e-07,87.3043,32.7352,92.6957,-147.265,-1568.0,-708.0,-1400.0,-600.0
-1566.0,-708.0,-107.366,6.61563e-07,87.2571,33.0481,92.7429,-146.952,-1566.0,-708.0,-1400.0,-600.0
-1564.0,-708.0,-107.292,6.5599e-07,87.2264,33.3664,92.7736,-146.634,-1564.0,-708.0,-1400.0,-600.0
-1562.0,-708.0,-107.218,6.5042e-07,87.2274,33.6901,92.7726,-146.31,-1562.0,-708.0,-1400.0,-600.0
-1560.0,-708.0,-107.143,6.44879e-07,87.2139,34.0193,92.7861,-145.981,-1560.0,-708.0,-1400.0,-600.0
-1558.0,-708.0,-107.068,6.39365e-07,87.1899,34.3543,92.8101,-145.646,-1558.0,-708.0,-1400.0,-600.0
-1556.0,-708.0,-106.993,6.33874e-07,87.1655,34.6952,92.8345,-145.305,-1556.0,-708.0,-1400.0,-600.0
-1554.0,-708.0,-106.918,6.28405e-07,87.1408,35.0419,92.8592,-144.958,-1554.0,-708.0,-1400.0,-600.0
-1552.0,-708.0,-106.842,6.2296e-07,87.1158,35.3948,92.8842,-144.605,-1552.0,-708.0,-1400.0,-600.0
-1550.0,-708.0,-106.766,6.17539e-07,87.0905,35.7539,92.9095,-144.246,-1550.0,-708.0,-1400.0,-600.0
-1548.0,-708.0,-106.689,6.12143e-07,87.0648,36.1193,92.9352,-143.881,-1548.0,-708.0,-1400.0,-600.0
-1546.0,-708.0,-106.613,6.06772e-07,87.0388,36.4913,92.9612,-143.509,-1546.0,-708.0,-1400.0,-600.0
-1544.0,-708.0,-106.536,6.01427e-07,87.0124,36.8699,92.9876,-143.13,-1544.0,-708.0,-1400.0,-600.0
-1542.0,-708.0,-106.458,5.96109e-07,86.9858,37.2553,93.0142,-142.745,-1542.0,-708.0,-1400.0,-600.0
-1540.0,-708.0,-106.381,5.90819e-07,86.9587,37.6476,93.0413,-142.352,-1540.0,-708.0,-1400.0,-600.0
-1538.0,-708.0,-106.303,5.85556e-07,86.9314,38.047,93.0686,-141.953,-1538.0,-708.0,-1400.0,-600.0
-1536.0,-708.0,-106.224,5.80312e-07,86.9243,38.4537,93.0757,-141.546,-1536.0,-708.0,-1400.0,-600.0
-1534.0,-708.0,-106.146,5.75093e-07,86.9244,38.8678,93.0756,-141.132,-1534.0,-708.0,-1400.0,-600.0
-1532.0,-708.0,-106.067,5.69905e-07,86.9247,39.2894,93.0753,-140.711,-1532.0,-708.0,-1400.0,-600.0
-1530.0,-708.0,-105.987,5.64748e-07,86.9252,39.7188,93.0748,-140.281,-1530.0,-708.0,-1400.0,-600.0
-1528.0,-708.0,-105.908,5.59624e-07,86.9259,40.156,93.0741,-139.844,-1528.0,-708.0,-1400.0,-600.0
-1526.0,-708.0,-105.829,5.54532e-07,86.9268,40.6013,93.0732,-139.399,-1526.0,-708.0,-1400.0,-600.0
-1524.0,-708.0,-105.749,5.49475e-07,86.9279,41.0548,93.0721,-138.945,-1524.0,-708.0,-1400.0,-600.0
-1522.0,-708.0,-105.669,5.44452e-07,86.9292,41.5167,93.0708,-138.483,-1522.0,-708.0,-1400.0,-600.0
-1520.0,-708.0,-105.589,5.39466e-07,86.9308,41.9872,93.0692,-138.013,-1520.0,-708.0,-1400.0,-600.0
-1518.0,-708.0,-105.508,5.34516e-07,86.9326,42.4664,93.0674,-137.534,-1518.0,-708.0,-1400.0,-600.0
-1516.0,-708.0,-105.428,5.29614e-07,86.9147,42.9546,93.0853,-137.045,-1516.0,-708.0,-1400.0,-600.0
-1514.0,-708.0,-105.348,5.24757e-07,86.8861,43.4518,93.1139,-136.548,-1514.0,-708.0,-1400.0,-600.0
-1512.0,-708.0,-105.268,5.1994e-07,86.8572,43.9584,93.1428,-136.042,-1512.0,-708.0,-1400.0,-600.0
-1510.0,-708.0,-105.187,5.15162e-07,86.8324,44.4744,93.1676,-135.526,-1510.0,-708.0,-1400.0,-600.0
-1508.0,-708.0,-105.107,5.10413e-07,86.8345,45.0,93.1655,-135.0,-1508.0,-708.0,-1400.0,-600.0
-1506.0,-708.0,-105.026,5.05708e-07,86.837,45.5355,93.163,-134.465,-1506.0,-708.0,-1400.0,-600.0
-1504.0,-708.0,-104.945,5.01047e-07,86.8398,46.0809,93.1602,-133.919,-1504.0,-708.0,-1400.0,-600.0
-1502.0,-708.0,-104.865,4.96433e-07,86.843,46.6366,93.157,-133.363,-1502.0,-708.0,-1400.0,-600.0
-1500.0,-708.0,-104.784,4.91866e-07,86.8465,47.2026,93.1535,-132.797,-1500.0,-708.0,-1400.0,-600.0
-1498.0,-708.0,-104.704,4.87348e-07,86.8504,47.7792,93.1496,-132.221,-1498.0,-708.0,-1400.0,-600.0
-1496.0,-708.0,-104.624,4.82881e-07,86.8547,48.3665,93.1453,-131.634,-1496.0,-708.0,-1400.0,-600.0
-1494.0,-708.0,-104.544,4.78464e-07,86.8595,48.9647,93.1405,-131.035,-1494.0,-708.0,-1400.0,-600.0
-1492.0,-708.0,-104.464,4.74101e-07,86.8646,49.5739,93.1354,-130.426,-1492.0,-708.0,-1400.0,-600.0
-1490.0,-708.0,-104.385,4.69793e-07,86.8686,50.1944,93.1314,-129.806,-1490.0,-708.0,-1400.0,-600.0
-1488.0,-708.0,-104.306,4.65555e-07,86.84,50.8263,93.16,-129.174,-1488.0,-708.0,-1400.0,-600.0
-1486.0,-708.0,-104.227,4.61375e-07,86.8114,51.4698,93.1886,-128.53,-1486.0,-708.0,-1400.0,-600.0
-1484.0,-708.0,-104.149,4.57254e-07,86.7826,52.125,93.2174,-127.875,-1484.0,-708.0,-1400.0,-600.0
-1482.0,-708.0,-104.072,4.53194e-07,86.7538,52.7921,93.2462,-127.208,-1482.0,-708.0,-1400.0,-600.0
-1480.0,-708.0,-103.994,4.49197e-07,86.7249,53.4711,93.2751,-126.529,-1480.0,-708.0,-1400.0,-600.0
-1478.0,-708.0,-103.918,4.45263e-07,86.6959,54.1623,93.3041,-125.838,-1478.0,-708.0,-1400.0,-600.0
-1476.0,-708.0,-103.842,4.41396e-07,86.6669,54.8658,93.3331,-125.134,-1476.0,-708.0,-1400.0,-600.0
-1474.0,-708.0,-103.767,4.37596e-07,86.638,55.5816,93.362,-124.418,-1474.0,-708.0,-1400.0,-600.0
-1472.0,-708.0,-103.692,4.33865e-07,86.609,56.3099,93.391,-123.69,-1472.0,-708.0,-1400.0,-600.0
-1470.0,-708.0,-103.618,4.30206e-07,86.5801,57.0508,93.4199,-122.949,-1470.0,-708.0,-1400.0,-600.0
-1468.0,-708.0,-103.546,4.2662e-07,86.5514,57.8043,93.4486,-122.196,-1468.0,-708.0,-1400.0,-600.0
-1466.0,-708.0,-103.474,4.23112e-07,86.515,58.5704,93.485,-121.43,-1466.0,-708.0,-1400.0,-600.0
-1464.0,-708.0,-103.403,4.19694e-07,86.4481,59.3493,93.5519,-120.651,-1464.0,-708.0,-1400.0,-600.0
-1462.0,-708.0,-103.334,4.16356e-07,86.3807,60.141,93.6193,-119.859,-1462.0,-708.0,-1400.0,-600.0
-1460.0,-708.0,-103.265,4.13099e-07,86.313,60.9454,93.687,-119.055,-1460.0,-708.0,-1400.0,-600.0
-1458.0,-708.0,-103.198,4.09924e-07,86.2449,61.7626,93.7551,-118.237,-1458.0,-708.0,-1400.0,-600.0
-1456.0,-708.0,-103.132,4.06835e-07,86.1766,62.5924,93.8234,-117.408,-1456.0,-708.0,-1400.0,-600.0
-1454.0,-708.0,-103.068,4.03832e-07,86.1081,63.4349,93.8919,-116.565,-1454.0,-708.0,-1400.0,-600.0
-1452.0,-708.0,-103.005,4.00919e-07,86.0394,64.29,93.9606,-115.71,-1452.0,-708.0,-1400.0,-600.0
-1450.0,-708.0,-102.943,3.98096e-07,85.9707,65.1576,94.0293,-114.842,-1450.0,-708.0,-1400.0,-600.0
-1448.0,-708.0,-102.883,3.95365e-07,85.9019,66.0375,94.0981,-113.962,-1448.0,-708.0,-1400.0,-600.0
-1446.0,-708.0,-102.825,3.9273e-07,85.8332,66.9296,94.1668,-113.07,-1446.0,-708.0,-1400.0,-600.0
-1444.0,-708.0,-102.769,3.90191e-07,85.7645,67.8337,94.2355,-112.166,-1444.0,-708.0,-1400.0,-600.0
-1442.0,-708.0,-102.714,3.87743e-07,85.7109,68.7495,94.2891,-111.251,-1442.0,-708.0,-1400.0,-600.0
-1440.0,-708.0,-102.661,3.85381e-07,85.6846,69.6769,94.3154,-110.323,-1440.0,-708.0,-1400.0,-600.0
-1438.0,-708.0,-102.61,3.83121e-07,85.6591,70.6155,94.3409,-109.385,-1438.0,-708.0,-1400.0,-600.0
-1436.0,-708.0,-102.561,3.80964e-07,85.6345,71.5651,94.3655,-108.435,-1436.0,-708.0,-1400.0,-600.0
-1434.0,-708.0,-102.514,3.78913e-07,85.6108,72.5252,94.3892,-107.475,-1434.0,-708.0,-1400.0,-600.0
-1432.0,-708.0,-102.469,3.76969e-07,85.5881,73.4956,94.4119,-106.504,-1432.0,-708.0,-1400.0,-600.0
-1430.0,-708.0,-102.426,3.75133e-07,85.5665,74.4759,94.4335,-105.524,-1430.0,-708.0,-1400.0,-600.0
-1428.0,-708.0,-102.386,3.73408e-07,85.546,75.4655,94.454,-104.534,-1428.0,-708.0,-1400.0,-600.0
-1426.0,-708.0,-112.783,3.71796e-07,85.5266,76.553,94.4734,-103.963,-1404.61,-618.561,-1404.61,-618.561
-1424.0,-708.0,-120.276,3.70318e-07,85.5087,77.7709,94.4913,-103.963,-1404.61,-618.561,-1404.61,-618.561
-1422.0,-708.0,-122.586,1.03104e-06,88.3883,85.9537,91.6117,94.1636,-1407.28,-499.955,-1407.28,-499.955
-1420.0,-708.0,-122.61,1.03059e-06,88.3876,86.3239,91.6124,93.7934,-1406.63,-499.954,-1406.63,-499.954
-1418.0,-708.0,-122.575,1.03018e-06,88.387,86.6945,91.613,93.4228,-1405.98,-499.953,-1405.98,-499.953
-1416.0,-708.0,-122.498,1.02982e-06,88.3864,87.0653,91.6136,93.052,-1405.33,-499.953,-1405.33,-499.953
-1414.0,-708.0,-122.398,1.0295e-06,88.3859,87.4363,91.6141,92.681,-1404.68,-499.952,-1404.68,-499.952
-1412.0,-708.0,-122.287,1.02922e-06,88.3855,87.8076,91.6145,92.3097,-1404.04,-499.951,-1404.04,-499.951
-1410.0,-708.0,-122.177,1.02899e-06,88.3851,88.1791,91.6149,91.9382,-1403.39,-499.951,-1403.39,-499.951
-1408.0,-708.0,-122.078,1.0288e-06,88.3848,88.5507,91.6152,91.5666,-1402.74,-499.95,-1402.74,-499.95
-1406.0,-708.0,-146.275,3.63446e-07,85.4237,89.1128,94.5763,-103.963,-1404.61,-618.561,-1404.61,-618.561
-1404.0,-708.0,-150.731,3.63417e-07,85.4233,90.394,94.5767,-103.963,-1404.61,-618.561,-1404.61,-618.561
-1402.0,-708.0,-153.043,1.17499e-06,88.5858,100.335,91.4142,113.553,-1429.64,-532.017,-1425.36,-579.903
-1400.0,-708.0,-152.405,1.17622e-06,88.5873,100.828,91.4127,113.553,-1429.64,-532.017,-1425.48,-574.775
-1398.0,-708.0,-167.337,2.1928e-06,89.2423,116.259,90.7577,-124.304,-1548.93,-818.293,-1458.62,-585.12
-1396.0,-708.0,-168.166,1.50873e-06,88.8987,-144.109,91.1013,-124.21,-1548.4,-818.284,-1548.4,-818.284
-1394.0,-708.0,-169.258,1.50569e-06,88.9036,-148.196,91.0964,-126.816,-1556.08,-808.509,-1556.08,-808.509
-1392.0,-708.0,-182.81,3.19593e-06,89.4885,11.1236,90.5115,-124.21,-1548.4,-818.284,-1348.5,-699.446
-1390.0,-708.0,-169.998,1.55409e-06,88.949,145.261,91.051,-124.21,-1548.4,-818.284,-1400.51,-700.714
-1388.0,-708.0,-170.158,1.55958e-06,88.9527,145.582,91.0473,-124.21,-1548.4,-818.284,-1398.72,-700.656
-1386.0,-708.0,-170.422,1.5651e-06,88.9564,145.898,91.0436,-124.21,-1548.4,-818.284,-1396.93,-700.597
-1384.0,-708.0,-170.82,1.57063e-06,88.9601,146.209,91.0399,-124.21,-1548.4,-818.284,-1395.15,-700.539
-1382.0,-708.0,-171.398,1.57619e-06,88.9638,146.515,91.0362,-124.21,-1548.4,-818.284,-1393.37,-700.481
-1380.0,-708.0,-171.609,1.59337e-06,88.9749,-140.427,91.0251,-124.21,-1548.4,-818.284,-1383.75,-711.103
-1378.0,-708.0,-171.994,1.59852e-06,88.9782,-140.766,91.0218,-124.21,-1548.4,-818.284,-1381.69,-711.011
-1376.0,-708.0,-172.444,1.58379e-06,88.9687,150.729,91.0313,-126.816,-1556.08,-808.509,-1389.63,-700.359
-1374.0,-708.0,-172.116,1.58962e-06,88.9725,150.989,91.0275,-126.816,-1556.08,-808.509,-1387.88,-700.302
-1372.0,-708.0,-171.773,1.59546e-06,88.9763,151.244,91.0237,-126.816,-1556.08,-808.509,-1386.13,-700.245
-1370.0,-708.0,-171.459,1.60132e-06,88.98,151.496,91.02,-126.816,-1556.08,-808.509,-1384.39,-700.187
-1368.0,-708.0,-171.195,1.60719e-06,88.983,151.743,91.017,-126.816,-1556.08,-808.509,-1382.64,-700.13
-1366.0,-708.0,-173.692,1.62103e-06,88.9818,-145.864,91.0182,-126.816,-1556.08,-808.509,-1369.65,-710.473
-1364.0,-708.0,-173.144,1.62656e-06,88.9753,-146.147,91.0247,-126.816,-1556.08,-808.509,-1367.55,-710.38
-1362.0,-708.0,-172.675,1.63212e-06,88.9689,-146.427,91.0311,-126.816,-1556.08,-808.509,-1365.44,-710.286
-1360.0,-708.0,-172.299,1.63769e-06,88.9625,-146.702,91.0375,-126.816,-1556.08,-808.509,-1363.34,-710.192
-1358.0,-708.0,-196.078,1.94889e-06,89.1199,158.827,90.8801,-135.73,-1615.4,-809.977,-1378.65,-700.0
-1356.0,-708.0,-196.382,1.95512e-06,89.1145,158.972,90.8855,-135.73,-1615.4,-809.977,-1376.95,-699.945
-1354.0,-708.0,-196.694,1.96135e-06,89.1091,159.116,90.8909,-135.73,-1615.4,-809.977,-1375.26,-699.889
-1352.0,-708.0,0.0,0.0,0.0,0.0,0.0,0.0,0.0,0.0,0.0,0.0
-1350.0,-708.0,0.0,0.0,0.0,0.0,0.0,0.0,0.0,0.0,0.0,0.0
-1348.0,-708.0,0.0,0.0,0.0,0.0,0.0,0.0,0.0,0.0,0.0,0.0
-1346.0,-708.0,-198.863,1.9968e-06,89.0926,-153.894,90.9074,-135.73,-1615.4,-809.977,-1354.8,-712.31
-1344.0,-708.0,-198.597,2.00281e-06,89.0872,-154.063,90.9128,-135.73,-1615.4,-809.977,-1352.7,-712.231
-1342.0,-708.0,-198.48,2.00881e-06,89.0819,-154.229,90.9181,-135.73,-1615.4,-809.977,-1350.6,-712.15
-1340.0,-708.0,0.0,0.0,0.0,0.0,0.0,0.0,0.0,0.0,0.0,0.0
-1338.0,-708.0,0.0,0.0,0.0,0.0,0.0,0.0,0.0,0.0,0.0,0.0
-1336.0,-708.0,0.0,0.0,0.0,0.0,0.0,0.0,0.0,0.0,0.0,0.0
-1334.0,-708.0,-177.577,1.37959e-06,88.6163,-20.7225,91.3837,-7.72819,-1239.86,-621.732,-1331.26,-709.036
-1332.0,-708.0,-162.788,9.57228e-07,85.5421,-22.723,68.9556,23.5097,-1376.04,-589.577,-1329.69,-708.966
-1330.0,-708.0,-162.32,9.51117e-07,85.4937,-22.8784,68.8486,23.6373,-1376.2,-589.582,-1327.9,-708.886
-1328.0,-708.0,-161.756,1.00249e-06,88.0473,-27.4545,91.9527,-35.9954,-1376.1,-617.359,-1326.42,-708.82
-1326.0,-708.0,-158.503,9.98118e-07,85.6786,-28.9362,85.6895,-32.2323,-1372.7,-617.216,-1324.66,-708.741
-1324.0,-708.0,-156.077,9.90702e-07,87.9914,-27.9296,92.0086,-35.9954,-1376.1,-617.359,-1322.76,-708.656
-1322.0,-708.0,-153.45,9.84826e-07,87.9631,-28.1728,92.0369,-35.9954,-1376.1,-617.359,-1320.93,-708.574
-1320.0,-708.0,-118.361,9.76567e-07,87.9293,34.4393,92.0707,-32.6223,-1373.08,-617.232,-1239.87,-653.05
-1318.0,-708.0,-117.289,9.71085e-07,87.901,34.6622,92.099,-32.8451,-1373.29,-617.241,-1239.87,-653.973
-1316.0,-708.0,-116.446,9.65617e-07,87.8723,34.8875,92.1277,-33.0705,-1373.51,-617.25,-1239.87,-654.913
-1314.0,-708.0,-115.785,9.60165e-07,87.8434,35.1155,92.1566,-33.2984,-1373.72,-617.259,-1239.87,-655.868
-1312.0,-708.0,-115.265,9.54729e-07,87.8142,35.346,92.1858,-33.5289,-1373.94,-617.268,-1239.87,-656.839
-1310.0,-708.0,-114.859,9.49308e-07,87.7847,35.5792,92.2153,-33.7621,-1374.16,-617.277,-1239.87,-657.828
-1308.0,-708.0,0.0,0.0,0.0,0.0,0.0,0.0,0.0,0.0,0.0,0.0
-1306.0,-708.0,-114.31,9.38515e-07,87.7248,36.0537,92.2752,-34.2366,-1374.59,-617.295,-1239.87,-659.856
-1304.0,-708.0,-114.142,9.33144e-07,87.6944,36.295,92.3056,-34.4779,-1374.8,-617.304,-1239.87,-660.898
-1302.0,-708.0,-114.038,9.27789e-07,87.6637,36.5392,92.3363,-34.7221,-1375.02,-617.313,-1239.87,-661.958
-1300.0,-708.0,-113.995,9.22456e-07,87.6277,36.7862,92.3723,-34.9691,-1375.23,-617.322,-1239.87,-663.037
-1298.0,-708.0,-114.018,9.17148e-07,87.5788,37.036,92.4212,-35.219,-1375.45,-617.331,-1239.87,-664.136
-1296.0,-708.0,-114.111,9.11852e-07,87.5388,37.2888,92.4612,-35.4718,-1375.66,-617.341,-1239.87,-665.256
-1294.0,-708.0,-114.288,9.06569e-07,87.5066,37.5446,92.4934,-35.7275,-1375.88,-617.35,-1239.87,-666.396
-1292.0,-708.0,-114.569,9.01304e-07,87.4741,37.8034,92.5259,-35.9863,-1376.1,-617.359,-1239.87,-667.557
-1290.0,-708.0,-126.207,8.96062e-07,87.4413,38.162,92.5587,-35.9954,-1376.1,-617.359,-1239.87,-668.604
-1288.0,-708.0,-131.373,8.90846e-07,87.4082,38.5299,92.5918,-35.9954,-1376.1,-617.359,-1239.87,-669.673
-1286.0,-708.0,-136.006,8.85657e-07,87.3747,38.9039,92.6253,-35.9954,-1376.1,-617.359,-1239.87,-670.771
-1284.0,-708.0,-140.757,8.80496e-07,87.341,39.2841,92.659,-35.9954,-1376.1,-617.359,-1239.87,-671.899
-1282.0,-708.0,-159.115,9.74168e-07,85.1281,156.526,69.3007,23.1003,-1375.53,-589.561,-1310.23,-695.739
-1280.0,-708.0,-157.556,1.03953e-06,87.7169,154.496,92.2831,-43.396,-1381.4,-617.583,-1310.31,-693.542
-1278.0,-708.0,-157.521,1.04556e-06,87.7147,154.694,92.2853,-43.396,-1381.4,-617.583,-1310.33,-692.712
-1276.0,-708.0,-157.444,1.04806e-06,87.7114,153.138,92.2886,-35.9954,-1376.1,-617.359,-1310.4,-690.575
-1274.0,-708.0,-156.783,1.05401e-06,87.7243,153.353,92.2757,-35.9954,-1376.1,-617.359,-1310.43,-689.718
-1272.0,-708.0,-156.326,1.05998e-06,87.7372,153.564,92.2628,-35.9954,-1376.1,-617.359,-1310.46,-688.878
-1270.0,-708.0,-155.348,8.91598e-07,84.779,44.0674,82.7733,45.5327,-1390.19,-590.01,-1239.87,-678.835
-1268.0,-708.0,-154.478,8.86835e-07,84.7507,44.3685,82.7351,45.8338,-1390.3,-590.013,-1239.87,-680.483
-1266.0,-708.0,-153.917,8.82097e-07,84.7223,44.6729,82.6967,46.1383,-1390.41,-590.016,-1239.87,-682.167
-1264.0,-708.0,-155.761,1.08395e-06,87.7872,154.379,92.2128,-35.9954,-1376.1,-617.359,-1310.57,-685.669
-1262.0,-708.0,-155.814,1.08997e-06,87.7994,154.576,92.2006,-35.9954,-1376.1,-617.359,-1310.59,-684.902
-1260.0,-708.0,-160.38,1.22207e-06,88.0374,107.59,91.9626,-43.3117,-1381.35,-617.58,-1323.98,-506.197
-1258.0,-708.0,-160.368,1.22411e-06,88.0407,107.976,91.9593,-43.3117,-1381.35,-617.58,-1323.48,-506.187
-1256.0,-708.0,-158.617,8.87911e-07,87.2983,119.835,92.7017,-43.396,-1381.4,-617.583,-1325.02,-587.654
-1254.0,-708.0,-159.043,8.91252e-07,87.3085,120.325,92.6915,-43.396,-1381.4,-617.583,-1324.41,-587.638
-1252.0,-708.0,-159.929,8.94634e-07,87.3293,120.811,92.6707,-43.396,-1381.4,-617.583,-1323.79,-587.622
-1250.0,-708.0,-160.46,1.28158e-06,88.1486,109.503,91.8514,54.8118,-1393.02,-590.096,-1321.49,-506.147
-1248.0,-708.0,-160.366,8.64286e-07,87.2728,118.58,92.7272,11.6373,-1342.24,-588.104,-1313.72,-587.359
-1246.0,-708.0,-159.206,9.18531e-07,87.4516,119.081,92.5484,-35.9954,-1376.1,-617.359,-1313.11,-587.343
-1244.0,-708.0,-157.621,1.66496e-06,87.4757,63.1438,83.6783,117.612,-1429.35,-543.888,-1239.87,-699.849
-1242.0,-708.0,-154.573,9.12844e-07,84.0572,125.602,85.6953,-51.3436,-1385.79,-617.767,-1328.11,-587.735
-1240.0,-708.0,-154.274,9.16695e-07,84.1089,125.942,85.7132,-51.0018,-1385.62,-617.76,-1327.21,-587.711
-1238.0,-708.0,0.0,0.0,0.0,0.0,0.0,0.0,0.0,0.0,0.0,0.0
-1236.0,-708.0,0.0,0.0,0.0,0.0,0.0,0.0,0.0,0.0,0.0,0.0
-1234.0,-708.0,0.0,0.0,0.0,0.0,0.0,0.0,0.0,0.0,0.0,0.0
-1232.0,-708.0,0.0,0.0,0.0,0.0,0.0,0.0,0.0,0.0,0.0,0.0
-1230.0,-708.0,-160.656,2.24124e-06,87.0507,-36.0904,88.4378,21.7978,-1373.76,-589.507,-1092.14,-808.494
-1228.0,-708.0,-160.615,2.23583e-06,87.0814,-36.1989,88.4231,21.7041,-1373.63,-589.503,-1090.83,-808.389
-1226.0,-708.0,-160.649,2.23043e-06,87.1149,-36.3081,88.4083,21.6102,-1373.49,-589.499,-1089.52,-808.285
-1224.0,-708.0,-160.747,2.22502e-06,87.1602,-36.4188,88.3938,21.5177,-1373.35,-589.495,-1088.21,-808.18
-1222.0,-708.0,-160.934,2.21962e-06,87.2051,-36.5296,88.3791,21.4244,-1373.22,-589.49,-1086.9,-808.075
-1220.0,-708.0,-161.212,2.21423e-06,87.2496,-36.6406,88.3644,21.3304,-1373.08,-589.486,-1085.59,-807.97
-1218.0,-708.0,-160.364,9.51695e-07,62.1561,44.4691,88.6242,-33.2517,-1373.68,-617.257,-1196.05,-686.452
-1216.0,-708.0,-158.815,9.47144e-07,60.7081,45.4871,88.6282,-33.4739,-1373.89,-617.266,-1196.01,-687.668
-1214.0,-708.0,-158.681,9.42715e-07,59.0789,46.692,88.6322,-33.6933,-1374.09,-617.274,-1195.97,-688.876
-1212.0,-708.0,-160.329,9.38431e-07,57.2441,48.1456,88.6361,-33.9086,-1374.29,-617.283,-1195.94,-690.069
-1210.0,-708.0,-161.998,9.34322e-07,55.1806,49.9348,88.6399,-34.1182,-1374.48,-617.291,-1195.9,-691.236
-1208.0,-708.0,-159.709,9.30427e-07,52.873,52.1835,88.6437,-34.3199,-1374.66,-617.298,-1195.87,-692.366
-1206.0,-708.0,-161.162,9.26796e-07,50.3242,55.0673,88.6472,-34.5112,-1374.83,-617.305,-1195.83,-693.443
-1204.0,-708.0,-163.305,9.23831e-07,47.4231,59.0156,88.6502,-34.6719,-1374.97,-617.311,-1195.8,-694.352
-1202.0,-708.0,-163.931,9.21345e-07,44.4914,64.1923,88.6527,-34.8103,-1375.09,-617.317,-1195.78,-695.139
-1600.0,-706.0,-108.527,7.55827e-07,87.8173,27.9236,92.1827,-152.076,-1600.0,-706.0,-1400.0,-600.0
-1598.0,-706.0,-108.459,7.49942e-07,87.8002,28.1625,92.1998,-151.837,-1598.0,-706.0,-1400.0,-600.0
-1596.0,-706.0,-108.39,7.44069e-07,87.7828,28.4052,92.2172,-151.595,-1596.0,-706.0,-1400.0,-600.0
-1594.0,-706.0,-108.321,7.38211e-07,87.7652,28.6518,92.2348,-151.348,-1594.0,-706.0,-1400.0,-600.0
-1592.0,-706.0,-108.252,7.32366e-07,87.7474,28.9024,92.2526,-151.098,-1592.0,-706.0,-1400.0,-600.0
-1590.0,-706.0,-108.182,7.26535e-07,87.7293,29.1569,92.2707,-150.843,-1590.0,-706.0,-1400.0,-600.0
-1588.0,-706.0,-108.112,7.20719e-07,87.7109,29.4156,92.2891,-150.584,-1588.0,-706.0,-1400.0,-600.0
-1586.0,-706.0,-108.042,7.14918e-07,87.6924,29.6785,92.3076,-150.322,-1586.0,-706.0,-1400.0,-600.0
-1584.0,-706.0,-107.971,7.09138e-07,87.6637,29.9457,92.3363,-150.054,-1584.0,-706.0,-1400.0,-600.0
-1582.0,-706.0,-107.9,7.0338e-07,87.6216,30.2173,92.3784,-149.783,-1582.0,-706.0,-1400.0,-600.0
-1580.0,-706.0,-107.828,6.97638e-07,87.5789,30.4934,92.4211,-149.507,-1580.0,-706.0,-1400.0,-600.0
-1578.0,-706.0,-107.757,6.91913e-07,87.5355,30.774,92.4645,-149.226,-1578.0,-706.0,-1400.0,-600.0
-1576.0,-706.0,-107.684,6.86205e-07,87.4914,31.0594,92.5086,-148.941,-1576.0,-706.0,-1400.0,-600.0
-1574.0,-706.0,-107.612,6.80515e-07,87.4467,31.3496,92.5533,-148.65,-1574.0,-706.0,-1400.0,-600.0
-1572.0,-706.0,-107.539,6.74844e-07,87.4013,31.6447,92.5987,-148.355,-1572.0,-706.0,-1400.0,-600.0
-1570.0,-706.0,-107.466,6.6919e-07,87.3552,31.9448,92.6448,-148.055,-1570.0,-706.0,-1400.0,-600.0
-1568.0,-706.0,-107.392,6.63556e-07,87.3084,32.25,92.6916,-147.75,-1568.0,-706.0,-1400.0,-600.0
-1566.0,-706.0,-107.318,6.57942e-07,87.2608,32.5604,92.7392,-147.44,-1566.0,-706.0,-1400.0,-600.0
-1564.0,-706.0,-107.244,6.52347e-07,87.2125,32.8763,92.7875,-147.124,-1564.0,-706.0,-1400.0,-600.0
-1562.0,-706.0,-107.169,6.46757e-07,87.1926,33.1976,92.8074,-146.802,-1562.0,-706.0,-1400.0,-600.0
-1560.0,-706.0,-107.093,6.41184e-07,87.1786,33.5245,92.8214,-146.476,-1560.0,-706.0,-1400.0,-600.0
-1558.0,-706.0,-107.017,6.35638e-07,87.1539,33.8571,92.8461,-146.143,-1558.0,-706.0,-1400.0,-600.0
-1556.0,-706.0,-106.941,6.30114e-07,87.1289,34.1956,92.8711,-145.804,-1556.0,-706.0,-1400.0,-600.0
-1554.0,-706.0,-106.865,6.24613e-07,87.1036,34.5401,92.8964,-145.46,-1554.0,-706.0,-1400.0,-600.0
-1552.0,-706.0,-106.788,6.19134e-07,87.078,34.8907,92.922,-145.109,-1552.0,-706.0,-1400.0,-600.0
-1550.0,-706.0,-106.711,6.1368e-07,87.052,35.2476,92.948,-144.752,-1550.0,-706.0,-1400.0,-600.0
-1548.0,-706.0,-106.634,6.08249e-07,87.0256,35.6109,92.9744,-144.389,-1548.0,-706.0,-1400.0,-600.0
-1546.0,-706.0,-106.556,6.02844e-07,86.9989,35.9807,93.0011,-144.019,-1546.0,-706.0,-1400.0,-600.0
-1544.0,-706.0,-106.478,5.97464e-07,86.9719,36.3572,93.0281,-143.643,-1544.0,-706.0,-1400.0,-600.0
-1542.0,-706.0,-106.4,5.9211e-07,86.9445,36.7406,93.0555,-143.259,-1542.0,-706.0,-1400.0,-600.0
-1540.0,-706.0,-106.321,5.86784e-07,86.9167,37.1309,93.0833,-142.869,-1540.0,-706.0,-1400.0,-600.0
-1538.0,-706.0,-106.242,5.81485e-07,86.8886,37.5284,93.1114,-142.472,-1538.0,-706.0,-1400.0,-600.0
-1536.0,-706.0,-106.162,5.76203e-07,86.8808,37.9333,93.1192,-142.067,-1536.0,-706.0,-1400.0,-600.0
-1534.0,-706.0,-106.083,5.70947e-07,86.8804,38.3456,93.1196,-141.654,-1534.0,-706.0,-1400.0,-600.0
-1532.0,-706.0,-106.002,5.65721e-07,86.8801,38.7655,93.1199,-141.234,-1532.0,-706.0,-1400.0,-600.0
-1530.0,-706.0,-105.922,5.60525e-07,86.88,39.1933,93.12,-140.807,-1530.0,-706.0,-1400.0,-600.0
-1528.0,-706.0,-105.842,5.55362e-07,86.88,39.629,93.12,-140.371,-1528.0,-706.0,-1400.0,-600.0
-1526.0,-706.0,-105.761,5.5023e-07,86.8803,40.0729,93.1197,-139.927,-1526.0,-706.0,-1400.0,-600.0
-1524.0,-706.0,-105.68,5.45133e-07,86.8807,40.5251,93.1193,-139.475,-1524.0,-706.0,-1400.0,-600.0
-1522.0,-706.0,-105.598,5.4007e-07,86.8814,40.9858,93.1186,-139.014,-1522.0,-706.0,-1400.0,-600.0
-1520.0,-706.0,-105.517,5.35042e-07,86.8822,41.4552,93.1178,-138.545,-1520.0,-706.0,-1400.0,-600.0
-1518.0,-706.0,-105.435,5.30051e-07,86.8833,41.9335,93.1167,-138.066,-1518.0,-706.0,-1400.0,-600.0
-1516.0,-706.0,-105.354,5.25098e-07,86.8847,42.4209,93.1153,-137.579,-1516.0,-706.0,-1400.0,-600.0
-1514.0,-706.0,-105.272,5.20196e-07,86.8588,42.9174,93.1412,-137.083,-1514.0,-706.0,-1400.0,-600.0
-1512.0,-706.0,-105.19,5.15337e-07,86.8291,43.4234,93.1709,-136.577,-1512.0,-706.0,-1400.0,-600.0
-1510.0,-706.0,-105.108,5.10504e-07,86.8277,43.9391,93.1723,-136.061,-1510.0,-706.0,-1400.0,-600.0
-1508.0,-706.0,-105.026,5.05711e-07,86.8296,44.4645,93.1704,-135.535,-1508.0,-706.0,-1400.0,-600.0
-1506.0,-706.0,-104.944,5.00962e-07,86.8317,45.0,93.1683,-135.0,-1506.0,-706.0,-1400.0,-600.0
-1504.0,-706.0,-104.862,4.96257e-07,86.8342,45.5457,93.1658,-134.454,-1504.0,-706.0,-1400.0,-600.0
-1502.0,-706.0,-104.78,4.91598e-07,86.8371,46.1017,93.1629,-133.898,-1502.0,-706.0,-1400.0,-600.0
-1500.0,-706.0,-104.698,4.86986e-07,86.8403,46.6683,93.1597,-133.332,-1500.0,-706.0,-1400.0,-600.0
-1498.0,-706.0,-104.616,4.82423e-07,86.8439,47.2457,93.1561,-132.754,-1498.0,-706.0,-1400.0,-600.0
-1496.0,-706.0,-104.534,4.77909e-07,86.8479,47.8341,93.1521,-132.166,-1496.0,-706.0,-1400.0,-600.0
-1494.0,-706.0,-104.452,4.73446e-07,86.8523,48.4336,93.1477,-131.566,-1494.0,-706.0,-1400.0,-600.0
-1492.0,-706.0,-104.371,4.69036e-07,86.8571,49.0445,93.1429,-130.956,-1492.0,-706.0,-1400.0,-600.0
-1490.0,-706.0,-104.289,4.64681e-07,86.8607,49.6669,93.1393,-130.333,-1490.0,-706.0,-1400.0,-600.0
-1488.0,-706.0,-104.209,4.60397e-07,86.8315,50.3009,93.1685,-129.699,-1488.0,-706.0,-1400.0,-600.0
-1486.0,-706.0,-104.128,4.5617e-07,86.8021,50.9469,93.1979,-129.053,-1486.0,-706.0,-1400.0,-600.0
-1484.0,-706.0,-104.049,4.52001e-07,86.7726,51.6048,93.2274,-128.395,-1484.0,-706.0,-1400.0,-600.0
-1482.0,-706.0,-103.969,4.47894e-07,86.743,52.275,93.257,-127.725,-1482.0,-706.0,-1400.0,-600.0
-1480.0,-706.0,-103.89,4.43849e-07,86.7133,52.9575,93.2867,-127.042,-1480.0,-706.0,-1400.0,-600.0
-1478.0,-706.0,-103.812,4.39867e-07,86.6835,53.6525,93.3165,-126.347,-1478.0,-706.0,-1400.0,-600.0
-1476.0,-706.0,-103.734,4.35952e-07,86.6537,54.3602,93.3463,-125.64,-1476.0,-706.0,-1400.0,-600.0
-1474.0,-706.0,-103.657,4.32104e-07,86.6238,55.0806,93.3762,-124.919,-1474.0,-706.0,-1400.0,-600.0
-1472.0,-706.0,-103.58,4.28326e-07,86.594,55.8139,93.406,-124.186,-1472.0,-706.0,-1400.0,-600.0
-1470.0,-706.0,-103.505,4.24619e-07,86.5643,56.5601,93.4357,-123.44,-1470.0,-706.0,-1400.0,-600.0
-1468.0,-706.0,-103.43,4.20985e-07,86.5346,57.3194,93.4654,-122.681,-1468.0,-706.0,-1400.0,-600.0
-1466.0,-706.0,-103.356,4.17429e-07,86.4972,58.0919,93.5028,-121.908,-1466.0,-706.0,-1400.0,-600.0
-1464.0,-706.0,-103.284,4.13965e-07,86.4288,58.8775,93.5712,-121.122,-1464.0,-706.0,-1400.0,-600.0
-1462.0,-706.0,-103.212,4.1058e-07,86.3599,59.6764,93.6401,-120.324,-1462.0,-706.0,-1400.0,-600.0
-1460.0,-706.0,-103.142,4.07276e-07,86.2906,60.4885,93.7094,-119.511,-1460.0,-706.0,-1400.0,-600.0
-1458.0,-706.0,-103.073,4.04056e-07,86.221,61.3139,93.779,-118.686,-1458.0,-706.0,-1400.0,-600.0
-1456.0,-706.0,-103.005,4.00921e-07,86.1511,62.1524,93.8489,-117.848,-1456.0,-706.0,-1400.0,-600.0
-1454.0,-706.0,-102.938,3.97874e-07,86.0809,63.0042,93.9191,-116.996,-1454.0,-706.0,-1400.0,-600.0
-1452.0,-706.0,-102.874,3.94916e-07,86.0105,63.869,93.9895,-116.131,-1452.0,-706.0,-1400.0,-600.0
-1450.0,-706.0,-102.81,3.9205e-07,85.9401,64.7468,94.0599,-115.253,-1450.0,-706.0,-1400.0,-600.0
-1448.0,-706.0,-102.748,3.89277e-07,85.8695,65.6375,94.1305,-114.362,-1448.0,-706.0,-1400.0,-600.0
-1446.0,-706.0,-102.688,3.866e-07,85.799,66.541,94.201,-113.459,-1446.0,-706.0,-1400.0,-600.0
-1444.0,-706.0,-102.63,3.8402e-07,85.7286,67.4569,94.2714,-112.543,-1444.0,-706.0,-1400.0,-600.0
-1442.0,-706.0,-102.574,3.81532e-07,85.6734,68.3852,94.3266,-111.615,-1442.0,-706.0,-1400.0,-600.0
-1440.0,-706.0,-102.519,3.79131e-07,85.646,69.3256,94.354,-110.674,-1440.0,-706.0,-1400.0,-600.0
-1438.0,-706.0,-102.466,3.76834e-07,85.6194,70.2777,94.3806,-109.722,-1438.0,-706.0,-1400.0,-600.0
-1436.0,-706.0,-102.415,3.74641e-07,85.5937,71.2413,94.4063,-108.759,-1436.0,-706.0,-1400.0,-600.0
-1434.0,-706.0,-102.366,3.72555e-07,85.569,72.2161,94.431,-107.784,-1434.0,-706.0,-1400.0,-600.0
-1432.0,-706.0,-102.32,3.70577e-07,85.5453,73.2016,94.4547,-106.798,-1432.0,-706.0,-1400.0,-600.0
-1430.0,-706.0,-102.276,3.6871e-07,85.5227,74.1975,94.4773,-105.803,-1430.0,-706.0,-1400.0,-600.0
-1428.0,-706.0,-102.235,3.66954e-07,85.5013,75.2032,94.4987,-104.797,-1428.0,-706.0,-1400.0,-600.0
-1426.0,-706.0,-110.148,3.65313e-07,85.481,76.257,94.519,-103.963,-1404.61,-618.561,-1404.61,-618.561
-1424.0,-706.0,-118.768,3.63802e-07,85.4622,77.4999,94.5378,-103.963,-1404.61,-618.561,-1404.61,-618.561
-1422.0,-706.0,-122.524,1.02438e-06,88.3899,85.9273,91.6101,94.19,-1407.33,-499.955,-1407.33,-499.955
-1420.0,-706.0,-122.553,1.02393e-06,88.3892,86.3,91.6108,93.8173,-1406.68,-499.954,-1406.68,-499.954
-1418.0,-706.0,-122.521,1.02352e-06,88.3886,86.6729,91.6114,93.4444,-1406.02,-499.953,-1406.02,-499.953
-1416.0,-706.0,-122.446,1.02315e-06,88.388,87.0461,91.612,93.0712,-1405.37,-499.953,-1405.37,-499.953
-1414.0,-706.0,-122.345,1.02283e-06,88.3875,87.4196,91.6125,92.6977,-1404.71,-499.952,-1404.71,-499.952
-1412.0,-706.0,-122.234,1.02255e-06,88.387,87.7933,91.613,92.324,-1404.06,-499.951,-1404.06,-499.951
-1410.0,-706.0,-122.123,1.02232e-06,88.3867,88.1672,91.6133,91.9501,-1403.41,-499.951,-1403.41,-499.951
-1408.0,-706.0,-122.023,1.02212e-06,88.3864,88.5412,91.6136,91.5761,-1402.75,-499.95,-1402.75,-499.95
-1406.0,-706.0,-146.038,3.56778e-07,85.3727,89.0925,94.6273,-103.963,-1404.61,-618.561,-1404.61,-618.561
-1404.0,-706.0,-150.592,3.56748e-07,85.3724,90.403,94.6276,-103.963,-1404.61,-618.561,-1404.61,-618.561
-1402.0,-706.0,-152.855,1.16843e-06,88.5885,100.426,91.4115,113.553,-1429.64,-532.017,-1425.38,-578.917
-1400.0,-706.0,-152.228,1.16966e-06,88.59,100.923,91.41,113.553,-1429.64,-532.017,-1425.5,-573.847
-1398.0,-706.0,-165.094,7.96748e-07,87.9298,-95.3221,92.0702,117.862,-1429.33,-544.506,-1398.54,-711.763
-1396.0,-706.0,-168.125,1.51266e-06,88.9097,-143.619,91.0903,-124.21,-1548.4,-818.284,-1548.4,-818.284
-1394.0,-706.0,-168.23,1.51804e-06,88.9207,-143.975,91.0793,-124.21,-1548.4,-818.284,-1548.4,-818.284
-1392.0,-706.0,-169.537,1.51488e-06,88.9218,-148.005,91.0782,-126.816,-1556.08,-808.509,-1556.08,-808.509
-1390.0,-706.0,-170.157,1.55031e-06,88.9465,145.73,91.0535,-124.21,-1548.4,-818.284,-1397.88,-700.629
-1388.0,-706.0,-170.486,1.55583e-06,88.9502,146.049,91.0498,-124.21,-1548.4,-818.284,-1396.07,-700.569
-1386.0,-706.0,-170.974,1.56138e-06,88.9539,146.363,91.0461,-124.21,-1548.4,-818.284,-1394.25,-700.51
-1384.0,-706.0,-171.683,1.56694e-06,88.9576,146.672,91.0424,-124.21,-1548.4,-818.284,-1392.44,-700.451
-1382.0,-706.0,-172.618,1.56308e-06,88.9551,150.402,91.0449,-126.816,-1556.08,-808.509,-1391.81,-700.43
-1380.0,-706.0,-172.386,1.56889e-06,88.9589,150.672,91.0411,-126.816,-1556.08,-808.509,-1390.02,-700.371
-1378.0,-706.0,-171.642,1.60276e-06,88.9809,-140.356,91.0191,-124.21,-1548.4,-818.284,-1384.18,-711.122
-1376.0,-706.0,-171.712,1.58055e-06,88.9666,151.198,91.0334,-126.816,-1556.08,-808.509,-1386.45,-700.255
-1374.0,-706.0,-171.385,1.58641e-06,88.9704,151.455,91.0296,-126.816,-1556.08,-808.509,-1384.67,-700.197
-1372.0,-706.0,-171.107,1.59227e-06,88.9742,151.708,91.0258,-126.816,-1556.08,-808.509,-1382.89,-700.139
-1370.0,-706.0,-174.492,1.62351e-06,88.994,-141.67,91.006,-124.21,-1548.4,-818.284,-1376.02,-710.758
-1368.0,-706.0,-173.973,1.81925e-06,89.0948,37.9444,90.9052,-126.816,-1556.08,-808.509,-1349.7,-691.733
-1366.0,-706.0,-173.827,1.814e-06,89.0833,38.1933,90.9167,-126.816,-1556.08,-808.509,-1349.66,-693.142
-1364.0,-706.0,-174.065,1.6303e-06,88.9701,-145.73,91.0299,-126.816,-1556.08,-808.509,-1370.63,-710.517
-1362.0,-706.0,-173.502,1.63583e-06,88.9637,-146.011,91.0363,-126.816,-1556.08,-808.509,-1368.56,-710.425
-1360.0,-706.0,-172.999,1.64138e-06,88.9573,-146.288,91.0427,-126.816,-1556.08,-808.509,-1366.49,-710.333
-1358.0,-706.0,-172.582,1.64694e-06,88.9511,-146.561,91.0489,-126.816,-1556.08,-808.509,-1364.42,-710.24
-1356.0,-706.0,-201.137,1.96319e-06,89.1118,-152.823,90.8882,-135.73,-1615.4,-809.977,-1364.24,-710.232
-1354.0,-706.0,-200.446,1.96913e-06,89.1063,-153.004,90.8937,-135.73,-1615.4,-809.977,-1362.12,-710.137
-1352.0,-706.0,0.0,0.0,0.0,0.0,0.0,0.0,0.0,0.0,0.0,0.0
-1350.0,-706.0,0.0,0.0,0.0,0.0,0.0,0.0,0.0,0.0,0.0,0.0
-1348.0,-706.0,0.0,0.0,0.0,0.0,0.0,0.0,0.0,0.0,0.0,0.0
-1346.0,-706.0,0.0,0.0,0.0,0.0,0.0,0.0,0.0,0.0,0.0,0.0
-1344.0,-706.0,0.0,0.0,0.0,0.0,0.0,0.0,0.0,0.0,0.0,0.0
-1342.0,-706.0,-198.976,2.01174e-06,89.0771,-153.888,90.9229,-135.73,-1615.4,-809.977,-1354.88,-712.314
-1340.0,-706.0,-177.746,1.40065e-06,88.6629,-20.6456,91.3371,-7.72819,-1239.86,-621.732,-1331.87,-709.063
-1338.0,-706.0,-177.898,1.39442e-06,88.6453,-20.8627,91.3547,-7.72819,-1239.86,-621.732,-1330.16,-708.987
-1336.0,-706.0,-162.712,9.72047e-07,85.6408,-22.7835,68.9245,23.5468,-1376.08,-589.578,-1329.01,-708.935
-1334.0,-706.0,-162.21,9.65937e-07,85.5939,-22.9369,68.819,23.6727,-1376.24,-589.583,-1327.25,-708.857
-1332.0,-706.0,-161.673,9.59835e-07,85.5465,-23.0923,68.7122,23.8003,-1376.39,-589.588,-1325.48,-708.778
-1330.0,-706.0,-158.84,1.01296e-06,85.7904,-28.9042,85.694,-32.1891,-1372.65,-617.214,-1325.01,-708.757
-1328.0,-706.0,-156.545,1.0056e-06,88.041,-27.9027,91.959,-35.9954,-1376.1,-617.359,-1322.97,-708.665
-1326.0,-706.0,-153.914,9.99721e-07,88.0134,-28.1408,91.9866,-35.9954,-1376.1,-617.359,-1321.17,-708.585
-1324.0,-706.0,-151.715,9.93857e-07,87.9854,-28.3828,92.0146,-35.9954,-1376.1,-617.359,-1319.36,-708.505
-1322.0,-706.0,-149.902,9.88006e-07,87.9571,-28.6286,92.0429,-35.9954,-1376.1,-617.359,-1317.56,-708.424
-1320.0,-706.0,-120.369,9.72819e-07,87.9086,34.115,92.0914,-32.2979,-1372.76,-617.218,-1239.87,-651.714
-1318.0,-706.0,-118.85,9.67315e-07,87.88,34.3368,92.12,-32.5198,-1372.98,-617.227,-1239.87,-652.626
-1316.0,-706.0,-117.64,9.61827e-07,87.8511,34.5612,92.1489,-32.7442,-1373.2,-617.237,-1239.87,-653.554
-1314.0,-706.0,-116.689,9.56353e-07,87.8219,34.7882,92.1781,-32.9711,-1373.41,-617.246,-1239.87,-654.498
-1312.0,-706.0,-115.945,9.50895e-07,87.7924,35.0178,92.2076,-33.2007,-1373.63,-617.255,-1239.87,-655.458
-1310.0,-706.0,-115.362,9.45452e-07,87.7626,35.25,92.2374,-33.433,-1373.85,-617.264,-1239.87,-656.434
-1308.0,-706.0,-114.907,9.40025e-07,87.7325,35.485,92.2675,-33.6679,-1374.07,-617.273,-1239.87,-657.427
-1306.0,-706.0,-114.554,9.34615e-07,87.7021,35.7226,92.2979,-33.9056,-1374.29,-617.283,-1239.87,-658.438
-1304.0,-706.0,-114.286,9.29221e-07,87.6713,35.9631,92.3287,-34.146,-1374.5,-617.292,-1239.87,-659.467
-1302.0,-706.0,-114.092,9.23844e-07,87.6403,36.2063,92.3597,-34.3893,-1374.72,-617.301,-1239.87,-660.515
-1300.0,-706.0,-113.964,9.18487e-07,87.604,36.4525,92.396,-34.6354,-1374.94,-617.31,-1239.87,-661.581
-1298.0,-706.0,-113.899,9.13153e-07,87.56,36.7015,92.44,-34.8844,-1375.16,-617.319,-1239.87,-662.667
-1296.0,-706.0,-113.899,9.07828e-07,87.5279,36.9534,92.4721,-35.1364,-1375.38,-617.328,-1239.87,-663.772
-1294.0,-706.0,-113.969,9.02522e-07,87.4954,37.2084,92.5046,-35.3913,-1375.6,-617.338,-1239.87,-664.899
-1292.0,-706.0,-114.121,8.97233e-07,87.4627,37.4663,92.5373,-35.6493,-1375.81,-617.347,-1239.87,-666.046
-1290.0,-706.0,-114.371,8.91963e-07,87.4295,37.7273,92.5705,-35.9103,-1376.03,-617.356,-1239.87,-667.215
-1288.0,-706.0,-124.508,8.86714e-07,87.3961,38.061,92.6039,-35.9954,-1376.1,-617.359,-1239.87,-668.312
-1286.0,-706.0,-129.996,8.81492e-07,87.3623,38.4336,92.6377,-35.9954,-1376.1,-617.359,-1239.87,-669.392
-1284.0,-706.0,-134.785,8.76297e-07,87.3282,38.8124,92.6718,-35.9954,-1376.1,-617.359,-1239.87,-670.501
-1282.0,-706.0,-139.523,8.7113e-07,87.2938,39.1975,92.7062,-35.9954,-1376.1,-617.359,-1239.87,-671.641
-1280.0,-706.0,-147.981,8.6625e-07,90.9129,39.6748,93.2763,-35.9954,-1376.1,-617.359,-1254.45,-684.806
-1278.0,-706.0,-156.648,1.0391e-06,87.7004,153.351,92.2996,-35.9954,-1376.1,-617.359,-1310.43,-689.725
-1276.0,-706.0,-156.184,1.04507e-06,87.7049,153.566,92.2951,-35.9954,-1376.1,-617.359,-1310.46,-688.869
-1274.0,-706.0,-155.881,1.05105e-06,87.7179,153.778,92.2821,-35.9954,-1376.1,-617.359,-1310.49,-688.029
-1272.0,-706.0,-155.704,1.05703e-06,87.7308,153.987,92.2692,-35.9954,-1376.1,-617.359,-1310.52,-687.204
-1270.0,-706.0,-155.624,1.06303e-06,87.7437,154.193,92.2563,-35.9954,-1376.1,-617.359,-1310.54,-686.396
-1268.0,-706.0,-155.308,8.82201e-07,84.7087,44.056,82.7739,45.5279,-1390.19,-590.01,-1239.87,-678.781
-1266.0,-706.0,-154.423,8.77438e-07,84.6797,44.3603,82.7353,45.8322,-1390.3,-590.013,-1239.87,-680.447
-1264.0,-706.0,-153.855,8.727e-07,84.6506,44.668,82.6964,46.14,-1390.41,-590.016,-1239.87,-682.148
-1262.0,-706.0,-160.345,1.21371e-06,88.0239,107.323,91.9761,-43.3117,-1381.35,-617.58,-1324.32,-506.204
-1260.0,-706.0,-160.316,1.21571e-06,88.0272,107.713,91.9728,-43.3117,-1381.35,-617.58,-1323.82,-506.194
-1258.0,-706.0,-158.446,8.78817e-07,87.2704,119.622,92.7296,-43.396,-1381.4,-617.583,-1325.29,-587.661
-1256.0,-706.0,-158.735,8.82137e-07,87.2806,120.12,92.7194,-43.396,-1381.4,-617.583,-1324.66,-587.645
-1254.0,-706.0,-159.416,8.85506e-07,87.291,120.613,92.709,-43.396,-1381.4,-617.583,-1324.04,-587.629
-1252.0,-706.0,-159.685,9.03177e-07,87.3546,117.833,92.6454,-35.9954,-1376.1,-617.359,-1314.63,-587.383
-1250.0,-706.0,-160.324,8.55262e-07,87.2251,118.347,92.7749,11.6373,-1342.24,-588.104,-1314.0,-587.367
-1248.0,-706.0,-159.129,9.09482e-07,87.4085,118.857,92.5915,-35.9954,-1376.1,-617.359,-1313.38,-587.35
-1246.0,-706.0,-159.171,9.12712e-07,87.4353,119.361,92.5647,-35.9954,-1376.1,-617.359,-1312.76,-587.334
-1244.0,-706.0,-154.659,9.03615e-07,83.9423,125.506,85.6899,-51.447,-1385.84,-617.769,-1328.37,-587.742
-1242.0,-706.0,-154.302,9.07456e-07,83.9951,125.85,85.708,-51.1012,-1385.67,-617.762,-1327.47,-587.718
-1240.0,-706.0,-154.153,9.11329e-07,84.0476,126.191,85.7261,-50.7584,-1385.5,-617.755,-1326.56,-587.694
-1238.0,-706.0,0.0,0.0,0.0,0.0,0.0,0.0,0.0,0.0,0.0,0.0
-1236.0,-706.0,0.0,0.0,0.0,0.0,0.0,0.0,0.0,0.0,0.0,0.0
-1234.0,-706.0,0.0,0.0,0.0,0.0,0.0,0.0,0.0,0.0,0.0,0.0
-1232.0,-706.0,0.0,0.0,0.0,0.0,0.0,0.0,0.0,0.0,0.0,0.0
-1230.0,-706.0,0.0,0.0,0.0,0.0,0.0,0.0,0.0,0.0,0.0,0.0
-1228.0,-706.0,0.0,0.0,0.0,0.0,0.0,0.0,0.0,0.0,0.0,0.0
-1226.0,-706.0,0.0,0.0,0.0,0.0,0.0,0.0,0.0,0.0,0.0,0.0
-1224.0,-706.0,0.0,0.0,0.0,0.0,0.0,0.0,0.0,0.0,0.0,0.0
-1222.0,-706.0,0.0,0.0,0.0,0.0,0.0,0.0,0.0,0.0,0.0,0.0
-1220.0,-706.0,0.0,0.0,0.0,0.0,0.0,0.0,0.0,0.0,0.0,0.0
-1218.0,-706.0,-161.508,9.47475e-07,62.058,44.1323,88.6186,-32.9395,-1373.38,-617.245,-1196.1,-684.755
-1216.0,-706.0,-159.443,9.42902e-07,60.5972,45.1507,88.6226,-33.1612,-1373.6,-617.253,-1196.06,-685.959
-1214.0,-706.0,-159.035,9.38452e-07,58.9525,46.3574,88.6265,-33.3802,-1373.8,-617.262,-1196.03,-687.155
-1212.0,-706.0,-160.365,9.34148e-07,57.0988,47.8148,88.6304,-33.5951,-1374.0,-617.27,-1195.99,-688.335
-1210.0,-706.0,-162.584,9.3002e-07,55.0126,49.6116,88.6342,-33.8043,-1374.19,-617.279,-1195.95,-689.49
-1208.0,-706.0,-159.898,9.26108e-07,52.6775,51.874,88.6379,-34.0056,-1374.38,-617.286,-1195.92,-690.609
-1206.0,-706.0,-161.201,9.22461e-07,50.0964,54.7819,88.6414,-34.1965,-1374.55,-617.294,-1195.89,-691.674
-1204.0,-706.0,-163.445,9.19486e-07,47.1573,58.7734,88.6443,-34.3567,-1374.69,-617.3,-1195.86,-692.573
-1202.0,-706.0,-163.993,9.16995e-07,44.1875,64.0215,88.6469,-34.4945,-1374.82,-617.305,-1195.84,-693.349
-1600.0,-704.0,-108.491,7.52719e-07,87.8247,27.4744,92.1753,-152.526,-1600.0,-704.0,-1400.0,-600.0
-1598.0,-704.0,-108.422,7.46809e-07,87.8075,27.7108,92.1925,-152.289,-1598.0,-704.0,-1400.0,-600.0
-1596.0,-704.0,-108.353,7.40912e-07,87.79,27.951,92.21,-152.049,-1596.0,-704.0,-1400.0,-600.0
-1594.0,-704.0,-108.283,7.35028e-07,87.7723,28.195,92.2277,-151.805,-1594.0,-704.0,-1400.0,-600.0
-1592.0,-704.0,-108.214,7.29158e-07,87.7544,28.4429,92.2456,-151.557,-1592.0,-704.0,-1400.0,-600.0
-1590.0,-704.0,-108.143,7.23301e-07,87.7362,28.6949,92.2638,-151.305,-1590.0,-704.0,-1400.0,-600.0
-1588.0,-704.0,-108.073,7.17459e-07,87.7178,28.951,92.2822,-151.049,-1588.0,-704.0,-1400.0,-600.0
-1586.0,-704.0,-108.001,7.11632e-07,87.6991,29.2113,92.3009,-150.789,-1586.0,-704.0,-1400.0,-600.0
-1584.0,-704.0,-107.93,7.05824e-07,87.6702,29.4759,92.3298,-150.524,-1584.0,-704.0,-1400.0,-600.0
-1582.0,-704.0,-107.858,7.00039e-07,87.6279,29.7449,92.3721,-150.255,-1582.0,-704.0,-1400.0,-600.0
-1580.0,-704.0,-107.786,6.94269e-07,87.5849,30.0184,92.4151,-149.982,-1580.0,-704.0,-1400.0,-600.0
-1578.0,-704.0,-107.714,6.88516e-07,87.5413,30.2964,92.4587,-149.704,-1578.0,-704.0,-1400.0,-600.0
-1576.0,-704.0,-107.641,6.8278e-07,87.497,30.5792,92.503,-149.421,-1576.0,-704.0,-1400.0,-600.0
-1574.0,-704.0,-107.568,6.77061e-07,87.4519,30.8668,92.5481,-149.133,-1574.0,-704.0,-1400.0,-600.0
-1572.0,-704.0,-107.494,6.7136e-07,87.4062,31.1593,92.5938,-148.841,-1572.0,-704.0,-1400.0,-600.0
-1570.0,-704.0,-107.42,6.65677e-07,87.3598,31.4568,92.6402,-148.543,-1570.0,-704.0,-1400.0,-600.0
-1568.0,-704.0,-107.345,6.60013e-07,87.3127,31.7595,92.6873,-148.241,-1568.0,-704.0,-1400.0,-600.0
-1566.0,-704.0,-107.27,6.54368e-07,87.2648,32.0674,92.7352,-147.933,-1566.0,-704.0,-1400.0,-600.0
-1564.0,-704.0,-107.195,6.48743e-07,87.2161,32.3807,92.7839,-147.619,-1564.0,-704.0,-1400.0,-600.0
-1562.0,-704.0,-107.12,6.43137e-07,87.1667,32.6995,92.8333,-147.301,-1562.0,-704.0,-1400.0,-600.0
-1560.0,-704.0,-107.043,6.37538e-07,87.143,33.0239,92.857,-146.976,-1560.0,-704.0,-1400.0,-600.0
-1558.0,-704.0,-106.967,6.3196e-07,87.1178,33.354,92.8822,-146.646,-1558.0,-704.0,-1400.0,-600.0
-1556.0,-704.0,-106.89,6.26404e-07,87.0922,33.6901,92.9078,-146.31,-1556.0,-704.0,-1400.0,-600.0
-1554.0,-704.0,-106.813,6.20869e-07,87.0662,34.0321,92.9338,-145.968,-1554.0,-704.0,-1400.0,-600.0
-1552.0,-704.0,-106.735,6.15358e-07,87.0399,34.3803,92.9601,-145.62,-1552.0,-704.0,-1400.0,-600.0
-1550.0,-704.0,-106.657,6.09869e-07,87.0132,34.7349,92.9868,-145.265,-1550.0,-704.0,-1400.0,-600.0
-1548.0,-704.0,-106.579,6.04404e-07,86.9862,35.0958,93.0138,-144.904,-1548.0,-704.0,-1400.0,-600.0
-1546.0,-704.0,-106.5,5.98964e-07,86.9588,35.4634,93.0412,-144.537,-1546.0,-704.0,-1400.0,-600.0
-1544.0,-704.0,-106.421,5.93549e-07,86.931,35.8377,93.069,-144.162,-1544.0,-704.0,-1400.0,-600.0
-1542.0,-704.0,-106.341,5.8816e-07,86.9029,36.2188,93.0971,-143.781,-1542.0,-704.0,-1400.0,-600.0
-1540.0,-704.0,-106.261,5.82797e-07,86.8743,36.6071,93.1257,-143.393,-1540.0,-704.0,-1400.0,-600.0
-1538.0,-704.0,-106.181,5.77462e-07,86.8454,37.0025,93.1546,-142.997,-1538.0,-704.0,-1400.0,-600.0
-1536.0,-704.0,-106.101,5.72143e-07,86.837,37.4054,93.163,-142.595,-1536.0,-704.0,-1400.0,-600.0
-1534.0,-704.0,-106.02,5.66849e-07,86.8359,37.8157,93.1641,-142.184,-1534.0,-704.0,-1400.0,-600.0
-1532.0,-704.0,-105.939,5.61584e-07,86.835,38.2338,93.165,-141.766,-1532.0,-704.0,-1400.0,-600.0
-1530.0,-704.0,-105.857,5.5635e-07,86.8343,38.6598,93.1657,-141.34,-1530.0,-704.0,-1400.0,-600.0
-1528.0,-704.0,-105.775,5.51147e-07,86.8337,39.0939,93.1663,-140.906,-1528.0,-704.0,-1400.0,-600.0
-1526.0,-704.0,-105.693,5.45977e-07,86.8332,39.5362,93.1668,-140.464,-1526.0,-704.0,-1400.0,-600.0
-1524.0,-704.0,-105.611,5.40839e-07,86.833,39.9869,93.167,-140.013,-1524.0,-704.0,-1400.0,-600.0
-1522.0,-704.0,-105.528,5.35735e-07,86.833,40.4462,93.167,-139.554,-1522.0,-704.0,-1400.0,-600.0
-1520.0,-704.0,-105.445,5.30666e-07,86.8332,40.9144,93.1668,-139.086,-1520.0,-704.0,-1400.0,-600.0
-1518.0,-704.0,-105.362,5.25634e-07,86.8335,41.3915,93.1665,-138.608,-1518.0,-704.0,-1400.0,-600.0
-1516.0,-704.0,-105.279,5.20638e-07,86.8342,41.8779,93.1658,-138.122,-1516.0,-704.0,-1400.0,-600.0
-1514.0,-704.0,-105.196,5.15682e-07,86.8313,42.3736,93.1687,-137.626,-1514.0,-704.0,-1400.0,-600.0
-1512.0,-704.0,-105.113,5.10769e-07,86.8219,42.8789,93.1781,-137.121,-1512.0,-704.0,-1400.0,-600.0
-1510.0,-704.0,-105.029,5.05891e-07,86.8232,43.394,93.1768,-136.606,-1510.0,-704.0,-1400.0,-600.0
-1508.0,-704.0,-104.946,5.01055e-07,86.8248,43.9191,93.1752,-136.081,-1508.0,-704.0,-1400.0,-600.0
-1506.0,-704.0,-104.862,4.96261e-07,86.8266,44.4543,93.1734,-135.546,-1506.0,-704.0,-1400.0,-600.0
-1504.0,-704.0,-104.778,4.91511e-07,86.8288,45.0,93.1712,-135.0,-1504.0,-704.0,-1400.0,-600.0
-1502.0,-704.0,-104.694,4.86807e-07,86.8314,45.5563,93.1686,-134.444,-1502.0,-704.0,-1400.0,-600.0
-1500.0,-704.0,-104.611,4.82149e-07,86.8343,46.1233,93.1657,-133.877,-1500.0,-704.0,-1400.0,-600.0
-1498.0,-704.0,-104.527,4.7754e-07,86.8375,46.7014,93.1625,-133.299,-1498.0,-704.0,-1400.0,-600.0
-1496.0,-704.0,-104.443,4.72979e-07,86.8412,47.2906,93.1588,-132.709,-1496.0,-704.0,-1400.0,-600.0
-1494.0,-704.0,-104.36,4.6847e-07,86.8452,47.8913,93.1548,-132.109,-1494.0,-704.0,-1400.0,-600.0
-1492.0,-704.0,-104.277,4.64013e-07,86.8498,48.5035,93.1502,-131.496,-1492.0,-704.0,-1400.0,-600.0
-1490.0,-704.0,-104.194,4.5961e-07,86.853,49.1276,93.147,-130.872,-1490.0,-704.0,-1400.0,-600.0
-1488.0,-704.0,-104.111,4.55278e-07,86.823,49.7636,93.177,-130.236,-1488.0,-704.0,-1400.0,-600.0
-1486.0,-704.0,-104.029,4.51003e-07,86.7929,50.4119,93.2071,-129.588,-1486.0,-704.0,-1400.0,-600.0
-1484.0,-704.0,-103.948,4.46786e-07,86.7626,51.0725,93.2374,-128.928,-1484.0,-704.0,-1400.0,-600.0
-1482.0,-704.0,-103.866,4.4263e-07,86.7322,51.7456,93.2678,-128.254,-1482.0,-704.0,-1400.0,-600.0
-1480.0,-704.0,-103.785,4.38537e-07,86.7016,52.4314,93.2984,-127.569,-1480.0,-704.0,-1400.0,-600.0
-1478.0,-704.0,-103.705,4.34507e-07,86.671,53.1301,93.329,-126.87,-1478.0,-704.0,-1400.0,-600.0
-1476.0,-704.0,-103.625,4.30543e-07,86.6403,53.8418,93.3597,-126.158,-1476.0,-704.0,-1400.0,-600.0
-1474.0,-704.0,-103.546,4.26646e-07,86.6096,54.5667,93.3904,-125.433,-1474.0,-704.0,-1400.0,-600.0
-1472.0,-704.0,-103.468,4.22819e-07,86.5789,55.3048,93.4211,-124.695,-1472.0,-704.0,-1400.0,-600.0
-1470.0,-704.0,-103.39,4.19063e-07,86.5482,56.0564,93.4518,-123.944,-1470.0,-704.0,-1400.0,-600.0
-1468.0,-704.0,-103.313,4.1538e-07,86.5176,56.8215,93.4824,-123.179,-1468.0,-704.0,-1400.0,-600.0
-1466.0,-704.0,-103.237,4.11777e-07,86.4791,57.6002,93.5209,-122.4,-1466.0,-704.0,-1400.0,-600.0
-1464.0,-704.0,-103.163,4.08264e-07,86.4092,58.3925,93.5908,-121.608,-1464.0,-704.0,-1400.0,-600.0
-1462.0,-704.0,-103.089,4.04831e-07,86.3388,59.1986,93.6612,-120.801,-1462.0,-704.0,-1400.0,-600.0
-1460.0,-704.0,-103.017,4.0148e-07,86.2679,60.0184,93.7321,-119.982,-1460.0,-704.0,-1400.0,-600.0
-1458.0,-704.0,-102.946,3.98213e-07,86.1966,60.8519,93.8034,-119.148,-1458.0,-704.0,-1400.0,-600.0
-1456.0,-704.0,-102.876,3.95032e-07,86.125,61.6992,93.875,-118.301,-1456.0,-704.0,-1400.0,-600.0
-1454.0,-704.0,-102.808,3.91938e-07,86.0531,62.5603,93.9469,-117.44,-1454.0,-704.0,-1400.0,-600.0
-1452.0,-704.0,-102.741,3.88935e-07,85.981,63.4349,94.019,-116.565,-1452.0,-704.0,-1400.0,-600.0
-1450.0,-704.0,-102.675,3.86024e-07,85.9087,64.3232,94.0913,-115.677,-1450.0,-704.0,-1400.0,-600.0
-1448.0,-704.0,-102.612,3.83208e-07,85.8364,65.2249,94.1636,-114.775,-1448.0,-704.0,-1400.0,-600.0
-1446.0,-704.0,-102.55,3.80488e-07,85.764,66.1398,94.236,-113.86,-1446.0,-704.0,-1400.0,-600.0
-1444.0,-704.0,-102.49,3.77866e-07,85.6918,67.0679,94.3082,-112.932,-1444.0,-704.0,-1400.0,-600.0
-1442.0,-704.0,-102.431,3.75337e-07,85.6349,68.0089,94.3651,-111.991,-1442.0,-704.0,-1400.0,-600.0
-1440.0,-704.0,-102.374,3.72897e-07,85.6063,68.9625,94.3937,-111.038,-1440.0,-704.0,-1400.0,-600.0
-1438.0,-704.0,-102.32,3.70561e-07,85.5786,69.9285,94.4214,-110.072,-1438.0,-704.0,-1400.0,-600.0
-1436.0,-704.0,-102.267,3.68331e-07,85.5518,70.9065,94.4482,-109.093,-1436.0,-704.0,-1400.0,-600.0
-1434.0,-704.0,-102.217,3.66209e-07,85.5259,71.8962,94.4741,-108.104,-1434.0,-704.0,-1400.0,-600.0
-1432.0,-704.0,-102.169,3.64197e-07,85.5012,72.8973,94.4988,-107.103,-1432.0,-704.0,-1400.0,-600.0
-1430.0,-704.0,-102.123,3.62296e-07,85.4775,73.9092,94.5225,-106.091,-1430.0,-704.0,-1400.0,-600.0
-1428.0,-704.0,-102.08,3.60509e-07,85.4551,74.9315,94.5449,-105.068,-1428.0,-704.0,-1400.0,-600.0
-1426.0,-704.0,-102.04,3.58838e-07,85.4339,75.9638,94.5661,-104.036,-1426.0,-704.0,-1400.0,-600.0
-1424.0,-704.0,-116.964,3.57294e-07,85.4141,77.2168,94.5859,-103.963,-1404.61,-618.561,-1404.61,-618.561
-1422.0,-704.0,-122.462,1.01772e-06,88.3915,85.9006,91.6085,94.2167,-1407.38,-499.955,-1407.38,-499.955
-1420.0,-704.0,-122.496,1.01726e-06,88.3908,86.2757,91.6092,93.8416,-1406.72,-499.954,-1406.72,-499.954
-1418.0,-704.0,-122.467,1.01685e-06,88.3902,86.6511,91.6098,93.4662,-1406.06,-499.953,-1406.06,-499.953
-1416.0,-704.0,-122.393,1.01648e-06,88.3896,87.0267,91.6104,93.0906,-1405.4,-499.953,-1405.4,-499.953
-1414.0,-704.0,-122.293,1.01616e-06,88.3891,87.4027,91.6109,92.7146,-1404.74,-499.952,-1404.74,-499.952
-1412.0,-704.0,-122.181,1.01588e-06,88.3886,87.7788,91.6114,92.3385,-1404.09,-499.951,-1404.09,-499.951
-1410.0,-704.0,-122.069,1.01564e-06,88.3882,88.1552,91.6118,91.9621,-1403.43,-499.951,-1403.43,-499.951
-1408.0,-704.0,-121.968,1.01545e-06,88.3879,88.5317,91.6121,91.5856,-1402.77,-499.95,-1402.77,-499.95
-1406.0,-704.0,-145.796,3.50109e-07,85.3198,89.0713,94.6802,-103.963,-1404.61,-618.561,-1404.61,-618.561
-1404.0,-704.0,-150.45,3.50079e-07,85.3195,90.4124,94.6805,-103.963,-1404.61,-618.561,-1404.61,-618.561
-1402.0,-704.0,-152.668,1.16186e-06,88.5911,100.519,91.4089,113.553,-1429.64,-532.017,-1425.41,-577.933
-1400.0,-704.0,-152.052,1.16311e-06,88.5926,101.019,91.4074,113.553,-1429.64,-532.017,-1425.53,-572.922
-1398.0,-704.0,-165.323,8.03381e-07,87.9623,-95.2623,92.0377,117.862,-1429.33,-544.506,-1398.72,-711.771
-1396.0,-704.0,-168.133,1.51664e-06,88.9207,-143.135,91.0793,-124.21,-1548.4,-818.284,-1548.4,-818.284
-1394.0,-704.0,-168.204,1.52199e-06,88.9269,-143.492,91.0731,-124.21,-1548.4,-818.284,-1548.4,-818.284
-1392.0,-704.0,-168.298,1.52736e-06,88.9306,-143.844,91.0694,-124.21,-1548.4,-818.284,-1548.4,-818.284
-1390.0,-704.0,-170.593,1.54657e-06,88.9439,146.205,91.0561,-124.21,-1548.4,-818.284,-1395.17,-700.54
-1388.0,-704.0,-171.193,1.55213e-06,88.9477,146.522,91.0523,-124.21,-1548.4,-818.284,-1393.32,-700.479
-1386.0,-704.0,-172.065,1.5577e-06,88.9515,146.834,91.0485,-124.21,-1548.4,-818.284,-1391.48,-700.419
-1384.0,-704.0,-172.325,1.55398e-06,88.949,150.611,91.051,-126.816,-1556.08,-808.509,-1390.42,-700.385
-1382.0,-704.0,-172.01,1.55981e-06,88.9529,150.883,91.0471,-126.816,-1556.08,-808.509,-1388.6,-700.325
-1380.0,-704.0,-171.653,1.56564e-06,88.9568,151.15,91.0432,-126.816,-1556.08,-808.509,-1386.78,-700.266
-1378.0,-704.0,-171.312,1.57149e-06,88.9607,151.413,91.0393,-126.816,-1556.08,-808.509,-1384.96,-700.206
-1376.0,-704.0,-171.02,1.57736e-06,88.9645,151.672,91.0355,-126.816,-1556.08,-808.509,-1383.15,-700.147
-1374.0,-704.0,-170.785,1.58324e-06,88.9684,151.926,91.0316,-126.816,-1556.08,-808.509,-1381.33,-700.088
-1372.0,-704.0,-172.466,1.62247e-06,88.9933,-140.946,91.0067,-124.21,-1548.4,-818.284,-1380.58,-710.961
-1370.0,-704.0,-173.182,1.62767e-06,88.9906,-141.268,91.0094,-124.21,-1548.4,-818.284,-1378.57,-710.871
-1368.0,-704.0,-174.233,1.63289e-06,88.9839,-141.587,91.0161,-124.21,-1548.4,-818.284,-1376.55,-710.782
-1366.0,-704.0,-173.954,1.80989e-06,89.0744,37.8738,90.9256,-126.816,-1556.08,-808.509,-1349.72,-691.335
-1364.0,-704.0,-173.784,1.80464e-06,89.0627,38.1248,90.9373,-126.816,-1556.08,-808.509,-1349.67,-692.753
-1362.0,-704.0,-173.692,1.79941e-06,89.051,38.3786,90.949,-126.816,-1556.08,-808.509,-1349.62,-694.196
-1360.0,-704.0,-173.865,1.64511e-06,88.9522,-145.878,91.0478,-126.816,-1556.08,-808.509,-1369.55,-710.469
-1358.0,-704.0,-173.336,1.65064e-06,88.9459,-146.152,91.0541,-126.816,-1556.08,-808.509,-1367.51,-710.378
-1356.0,-704.0,-172.882,1.6562e-06,88.9397,-146.423,91.0603,-126.816,-1556.08,-808.509,-1365.47,-710.287
-1354.0,-704.0,-172.515,1.66177e-06,88.9336,-146.69,91.0664,-126.816,-1556.08,-808.509,-1363.43,-710.196
-1352.0,-704.0,-182.084,3.06246e-06,89.4161,11.456,90.5839,-124.21,-1548.4,-818.284,-1325.84,-698.699
-1350.0,-704.0,-182.037,3.05592e-06,89.4095,11.4909,90.5905,-124.21,-1548.4,-818.284,-1323.55,-698.624
-1348.0,-704.0,-181.991,3.04939e-06,89.403,11.526,90.597,-124.21,-1548.4,-818.284,-1321.27,-698.549
-1346.0,-704.0,-177.922,1.42172e-06,88.708,-20.5736,91.292,-7.72819,-1239.86,-621.732,-1332.44,-709.089
-1344.0,-704.0,-178.035,1.41549e-06,88.6909,-20.7829,91.3091,-7.72819,-1239.86,-621.732,-1330.79,-709.015
-1342.0,-704.0,-163.054,9.92984e-07,85.7812,-22.6925,68.9969,23.4606,-1375.98,-589.575,-1330.08,-708.983
-1340.0,-704.0,-162.619,9.86869e-07,85.7362,-22.842,68.8941,23.583,-1376.13,-589.58,-1328.35,-708.906
-1338.0,-704.0,-162.101,9.8076e-07,85.6907,-22.9935,68.7901,23.7072,-1376.28,-589.584,-1326.62,-708.829
-1336.0,-704.0,-161.577,9.74659e-07,85.6446,-23.1469,68.6849,23.8331,-1376.43,-589.589,-1324.89,-708.751
-1334.0,-704.0,-159.209,1.02781e-06,85.8981,-28.8729,85.6984,-32.1473,-1372.61,-617.212,-1325.35,-708.772
-1332.0,-704.0,-157.002,1.0205e-06,88.0892,-27.8768,91.9108,-35.9954,-1376.1,-617.359,-1323.16,-708.674
-1330.0,-704.0,-154.371,1.01462e-06,88.0622,-28.1102,91.9378,-35.9954,-1376.1,-617.359,-1321.4,-708.595
-1328.0,-704.0,-152.155,1.00875e-06,88.0349,-28.3471,91.9651,-35.9954,-1376.1,-617.359,-1319.63,-708.516
-1326.0,-704.0,-150.322,1.0029e-06,88.0073,-28.5878,91.9927,-35.9954,-1376.1,-617.359,-1317.86,-708.437
-1324.0,-704.0,-145.173,9.97315e-07,88.7308,-28.7962,94.2916,-36.1038,-1376.19,-617.363,-1316.07,-708.358
-1322.0,-704.0,-144.907,9.91479e-07,88.7009,-28.9818,94.3098,-36.2898,-1376.35,-617.369,-1314.28,-708.278
-1320.0,-704.0,-166.469,1.34199e-06,88.4749,25.9638,91.5251,15.8832,-1361.84,-589.142,-1239.87,-664.979
-1318.0,-704.0,-121.115,9.63578e-07,87.8589,34.0089,92.1411,-32.1919,-1372.66,-617.214,-1239.87,-651.28
-1316.0,-704.0,-119.422,9.58067e-07,87.8297,34.2323,92.1703,-32.4153,-1372.88,-617.223,-1239.87,-652.196
-1314.0,-704.0,-118.056,9.52572e-07,87.8003,34.4583,92.1997,-32.6412,-1373.1,-617.232,-1239.87,-653.128
-1312.0,-704.0,-116.98,9.47092e-07,87.7705,34.6869,92.2295,-32.8698,-1373.32,-617.242,-1239.87,-654.076
-1310.0,-704.0,-116.14,9.41628e-07,87.7404,34.9181,92.2596,-33.1011,-1373.54,-617.251,-1239.87,-655.041
-1308.0,-704.0,-115.485,9.36179e-07,87.71,35.1521,92.29,-33.3351,-1373.76,-617.26,-1239.87,-656.022
-1306.0,-704.0,-114.974,9.30746e-07,87.6792,35.3888,92.3208,-33.5718,-1373.98,-617.27,-1239.87,-657.02
-1304.0,-704.0,-114.577,9.2533e-07,87.6482,35.6283,92.3518,-33.8113,-1374.2,-617.279,-1239.87,-658.037
-1302.0,-704.0,-114.274,9.1993e-07,87.6168,35.8707,92.3832,-34.0536,-1374.42,-617.288,-1239.87,-659.071
-1300.0,-704.0,-114.051,9.1455e-07,87.5814,36.1159,92.4186,-34.2988,-1374.64,-617.297,-1239.87,-660.124
-1298.0,-704.0,-113.897,9.09184e-07,87.5493,36.364,92.4507,-34.5469,-1374.86,-617.307,-1239.87,-661.197
-1296.0,-704.0,-113.809,9.03836e-07,87.5169,36.615,92.4831,-34.798,-1375.08,-617.316,-1239.87,-662.289
-1294.0,-704.0,-113.786,8.98506e-07,87.4842,36.8691,92.5158,-35.0521,-1375.3,-617.325,-1239.87,-663.401
-1292.0,-704.0,-113.833,8.93193e-07,87.4512,37.1262,92.5488,-35.3092,-1375.53,-617.335,-1239.87,-664.535
-1290.0,-704.0,-113.959,8.879e-07,87.4178,37.3864,92.5822,-35.5693,-1375.75,-617.344,-1239.87,-665.69
-1288.0,-704.0,-114.18,8.82625e-07,87.384,37.6497,92.616,-35.8326,-1375.97,-617.353,-1239.87,-666.866
-1286.0,-704.0,-122.722,8.7737e-07,87.3499,37.9571,92.6501,-35.9954,-1376.1,-617.359,-1239.87,-668.013
-1284.0,-704.0,-128.509,8.7214e-07,87.3155,38.3344,92.6845,-35.9954,-1376.1,-617.359,-1239.87,-669.104
-1282.0,-704.0,-133.507,8.66938e-07,87.2807,38.7181,92.7193,-35.9954,-1376.1,-617.359,-1239.87,-670.224
-1280.0,-704.0,-138.281,8.61765e-07,87.2457,39.1083,92.7543,-35.9954,-1376.1,-617.359,-1239.87,-671.376
-1278.0,-704.0,-143.541,8.56621e-07,87.2102,39.5052,92.7898,-35.9954,-1376.1,-617.359,-1239.87,-672.561
-1276.0,-704.0,-155.555,1.04212e-06,87.6984,153.998,92.3016,-35.9954,-1376.1,-617.359,-1310.52,-687.164
-1274.0,-704.0,-155.479,1.04812e-06,87.7115,154.208,92.2885,-35.9954,-1376.1,-617.359,-1310.54,-686.34
-1272.0,-704.0,-155.481,1.05413e-06,87.7246,154.414,92.2754,-35.9954,-1376.1,-617.359,-1310.57,-685.532
-1270.0,-704.0,-158.474,8.82407e-07,84.6953,43.4393,82.852,44.918,-1389.97,-590.003,-1239.87,-675.467
-1268.0,-704.0,-156.592,8.77594e-07,84.666,43.7402,82.8134,45.2188,-1390.08,-590.006,-1239.87,-677.08
-1266.0,-704.0,-155.267,8.72806e-07,84.6365,44.0444,82.7745,45.5231,-1390.19,-590.01,-1239.87,-678.727
-1264.0,-704.0,-154.368,8.68042e-07,84.6068,44.3519,82.7355,45.8307,-1390.3,-590.013,-1239.87,-680.41
-1262.0,-704.0,-153.792,8.63304e-07,84.5769,44.6629,82.6962,46.1418,-1390.41,-590.016,-1239.87,-682.129
-1260.0,-704.0,-160.255,1.20936e-06,88.0168,107.839,91.9832,-43.3117,-1381.35,-617.58,-1323.66,-506.191
-1258.0,-704.0,-158.488,8.7303e-07,87.2523,119.909,92.7477,-43.396,-1381.4,-617.583,-1324.93,-587.652
-1256.0,-704.0,-158.99,8.76379e-07,87.2628,120.41,92.7372,-43.396,-1381.4,-617.583,-1324.3,-587.635
-1254.0,-704.0,-159.866,8.94183e-07,87.3173,117.586,92.6827,-35.9954,-1376.1,-617.359,-1314.93,-587.391
-1252.0,-704.0,-159.363,8.97289e-07,87.3372,118.109,92.6628,-35.9954,-1376.1,-617.359,-1314.29,-587.374
-1250.0,-704.0,-159.094,9.00444e-07,87.3645,118.626,92.6355,-35.9954,-1376.1,-617.359,-1313.66,-587.358
-1248.0,-704.0,-159.04,9.03651e-07,87.3917,119.139,92.6083,-35.9954,-1376.1,-617.359,-1313.03,-587.341
-1246.0,-704.0,-154.763,8.94391e-07,83.824,125.408,85.6844,-51.5526,-1385.89,-617.772,-1328.64,-587.749
-1244.0,-704.0,-154.344,8.98221e-07,83.8779,125.757,85.7026,-51.2028,-1385.72,-617.764,-1327.73,-587.725
-1242.0,-704.0,-154.144,9.02085e-07,83.9315,126.102,85.7209,-50.856,-1385.55,-617.757,-1326.81,-587.701
-1240.0,-704.0,-154.14,9.05982e-07,83.9849,126.444,85.7392,-50.5122,-1385.37,-617.75,-1325.9,-587.677
-1238.0,-704.0,0.0,0.0,0.0,0.0,0.0,0.0,0.0,0.0,0.0,0.0
-1236.0,-704.0,0.0,0.0,0.0,0.0,0.0,0.0,0.0,0.0,0.0,0.0
-1234.0,-704.0,0.0,0.0,0.0,0.0,0.0,0.0,0.0,0.0,0.0,0.0
-1232.0,-704.0,0.0,0.0,0.0,0.0,0.0,0.0,0.0,0.0,0.0,0.0
-1230.0,-704.0,0.0,0.0,0.0,0.0,0.0,0.0,0.0,0.0,0.0,0.0
-1228.0,-704.0,0.0,0.0,0.0,0.0,0.0,0.0,0.0,0.0,0.0,0.0
-1226.0,-704.0,0.0,0.0,0.0,0.0,0.0,0.0,0.0,0.0,0.0,0.0
-1224.0,-704.0,0.0,0.0,0.0,0.0,0.0,0.0,0.0,0.0,0.0,0.0
-1222.0,-704.0,0.0,0.0,0.0,0.0,0.0,0.0,0.0,0.0,0.0,0.0
-1220.0,-704.0,0.0,0.0,0.0,0.0,0.0,0.0,0.0,0.0,0.0,0.0
-1218.0,-704.0,-163.105,9.43283e-07,61.96,43.7919,88.613,-32.6245,-1373.08,-617.232,-1196.15,-683.056
-1216.0,-704.0,-160.372,9.38689e-07,60.4862,44.8105,88.6169,-32.8458,-1373.29,-617.241,-1196.12,-684.248
-1214.0,-704.0,-159.614,9.34218e-07,58.8258,46.0187,88.6208,-33.0643,-1373.5,-617.25,-1196.08,-685.431
-1212.0,-704.0,-160.595,9.29893e-07,56.9532,47.4799,88.6247,-33.2787,-1373.71,-617.258,-1196.04,-686.6
-1210.0,-704.0,-163.286,9.25746e-07,54.8439,49.2841,88.6284,-33.4875,-1373.9,-617.266,-1196.01,-687.743
-1208.0,-704.0,-160.201,9.21817e-07,52.481,51.5601,88.6321,-33.6884,-1374.09,-617.274,-1195.97,-688.85
-1206.0,-704.0,-161.332,9.18155e-07,49.8669,54.4922,88.6356,-33.8788,-1374.26,-617.281,-1195.94,-689.903
-1204.0,-704.0,-163.664,9.15169e-07,46.8893,58.5273,88.6385,-34.0385,-1374.41,-617.288,-1195.91,-690.792
-1202.0,-704.0,-164.129,9.12673e-07,43.8806,63.8482,88.641,-34.1758,-1374.53,-617.293,-1195.89,-691.558
-1600.0,-702.0,-108.455,7.49664e-07,87.8209,27.0216,92.1791,-152.978,-1600.0,-702.0,-1400.0,-600.0
-1598.0,-702.0,-108.386,7.43729e-07,87.8035,27.2553,92.1965,-152.745,-1598.0,-702.0,-1400.0,-600.0
-1596.0,-702.0,-108.316,7.37807e-07,87.7858,27.4928,92.2142,-152.507,-1596.0,-702.0,-1400.0,-600.0
-1594.0,-702.0,-108.246,7.31899e-07,87.7679,27.7342,92.2321,-152.266,-1594.0,-702.0,-1400.0,-600.0
-1592.0,-702.0,-108.176,7.26003e-07,87.7498,27.9795,92.2502,-152.021,-1592.0,-702.0,-1400.0,-600.0
-1590.0,-702.0,-108.105,7.20121e-07,87.7314,28.2288,92.2686,-151.771,-1590.0,-702.0,-1400.0,-600.0
-1588.0,-702.0,-108.034,7.14253e-07,87.7128,28.4822,92.2872,-151.518,-1588.0,-702.0,-1400.0,-600.0
-1586.0,-702.0,-107.962,7.08399e-07,87.6939,28.7398,92.3061,-151.26,-1586.0,-702.0,-1400.0,-600.0
-1584.0,-702.0,-107.89,7.02565e-07,87.6648,29.0017,92.3352,-150.998,-1584.0,-702.0,-1400.0,-600.0
-1582.0,-702.0,-107.817,6.96752e-07,87.6221,29.268,92.3779,-150.732,-1582.0,-702.0,-1400.0,-600.0
-1580.0,-702.0,-107.745,6.90955e-07,87.5787,29.5388,92.4213,-150.461,-1580.0,-702.0,-1400.0,-600.0
-1578.0,-702.0,-107.671,6.85174e-07,87.5347,29.8142,92.4653,-150.186,-1578.0,-702.0,-1400.0,-600.0
-1576.0,-702.0,-107.598,6.7941e-07,87.49,30.0942,92.51,-149.906,-1576.0,-702.0,-1400.0,-600.0
-1574.0,-702.0,-107.524,6.73662e-07,87.4446,30.3791,92.5554,-149.621,-1574.0,-702.0,-1400.0,-600.0
-1572.0,-702.0,-107.449,6.67932e-07,87.3985,30.6689,92.6015,-149.331,-1572.0,-702.0,-1400.0,-600.0
-1570.0,-702.0,-107.374,6.6222e-07,87.3516,30.9638,92.6484,-149.036,-1570.0,-702.0,-1400.0,-600.0
-1568.0,-702.0,-107.299,6.56526e-07,87.304,31.2637,92.696,-148.736,-1568.0,-702.0,-1400.0,-600.0
-1566.0,-702.0,-107.224,6.5085e-07,87.2557,31.569,92.7443,-148.431,-1566.0,-702.0,-1400.0,-600.0
-1564.0,-702.0,-107.147,6.45194e-07,87.2066,31.8796,92.7934,-148.12,-1564.0,-702.0,-1400.0,-600.0
-1562.0,-702.0,-107.071,6.3956e-07,87.1536,32.1957,92.8464,-147.804,-1562.0,-702.0,-1400.0,-600.0
-1560.0,-702.0,-106.994,6.33933e-07,87.1209,32.5175,92.8791,-147.482,-1560.0,-702.0,-1400.0,-600.0
-1558.0,-702.0,-106.917,6.28324e-07,87.0952,32.8451,92.9048,-147.155,-1558.0,-702.0,-1400.0,-600.0
-1556.0,-702.0,-106.839,6.22735e-07,87.0691,33.1785,92.9309,-146.821,-1556.0,-702.0,-1400.0,-600.0
-1554.0,-702.0,-106.761,6.17168e-07,87.0426,33.518,92.9574,-146.482,-1554.0,-702.0,-1400.0,-600.0
-1552.0,-702.0,-106.682,6.11622e-07,87.0158,33.8637,92.9842,-146.136,-1552.0,-702.0,-1400.0,-600.0
-1550.0,-702.0,-106.603,6.061e-07,86.9885,34.2157,93.0115,-145.784,-1550.0,-702.0,-1400.0,-600.0
-1548.0,-702.0,-106.524,6.00601e-07,86.9609,34.5742,93.0391,-145.426,-1548.0,-702.0,-1400.0,-600.0
-1546.0,-702.0,-106.444,5.95126e-07,86.933,34.9393,93.067,-145.061,-1546.0,-702.0,-1400.0,-600.0
-1544.0,-702.0,-106.364,5.89676e-07,86.9046,35.3112,93.0954,-144.689,-1544.0,-702.0,-1400.0,-600.0
-1542.0,-702.0,-106.283,5.84251e-07,86.8758,35.6901,93.1242,-144.31,-1542.0,-702.0,-1400.0,-600.0
-1540.0,-702.0,-106.202,5.78852e-07,86.8466,36.076,93.1534,-143.924,-1540.0,-702.0,-1400.0,-600.0
-1538.0,-702.0,-106.121,5.7348e-07,86.8171,36.4692,93.1829,-143.531,-1538.0,-702.0,-1400.0,-600.0
-1536.0,-702.0,-106.039,5.68124e-07,86.8081,36.8699,93.1919,-143.13,-1536.0,-702.0,-1400.0,-600.0
-1534.0,-702.0,-105.957,5.62792e-07,86.8066,37.2782,93.1934,-142.722,-1534.0,-702.0,-1400.0,-600.0
-1532.0,-702.0,-105.875,5.57489e-07,86.8051,37.6942,93.1949,-142.306,-1532.0,-702.0,-1400.0,-600.0
-1530.0,-702.0,-105.792,5.52216e-07,86.8039,38.1183,93.1961,-141.882,-1530.0,-702.0,-1400.0,-600.0
-1528.0,-702.0,-105.709,5.46974e-07,86.8028,38.5505,93.1972,-141.45,-1528.0,-702.0,-1400.0,-600.0
-1526.0,-702.0,-105.626,5.41763e-07,86.8018,38.991,93.1982,-141.009,-1526.0,-702.0,-1400.0,-600.0
-1524.0,-702.0,-105.542,5.36585e-07,86.801,39.4401,93.199,-140.56,-1524.0,-702.0,-1400.0,-600.0
-1522.0,-702.0,-105.458,5.3144e-07,86.8005,39.8978,93.1995,-140.102,-1522.0,-702.0,-1400.0,-600.0
-1520.0,-702.0,-105.374,5.2633e-07,86.8001,40.3645,93.1999,-139.635,-1520.0,-702.0,-1400.0,-600.0
-1518.0,-702.0,-105.29,5.21256e-07,86.7999,40.8404,93.2001,-139.16,-1518.0,-702.0,-1400.0,-600.0
-1516.0,-702.0,-105.205,5.16217e-07,86.7999,41.3255,93.2001,-138.674,-1516.0,-702.0,-1400.0,-600.0
-1514.0,-702.0,-105.12,5.1121e-07,86.8139,41.8202,93.1861,-138.18,-1514.0,-702.0,-1400.0,-600.0
-1512.0,-702.0,-105.035,5.06247e-07,86.818,42.3246,93.182,-137.675,-1512.0,-702.0,-1400.0,-600.0
-1510.0,-702.0,-104.95,5.01325e-07,86.8189,42.8389,93.1811,-137.161,-1510.0,-702.0,-1400.0,-600.0
-1508.0,-702.0,-104.865,4.96444e-07,86.8202,43.3634,93.1798,-136.637,-1508.0,-702.0,-1400.0,-600.0
-1506.0,-702.0,-104.78,4.91606e-07,86.8217,43.8983,93.1783,-136.102,-1506.0,-702.0,-1400.0,-600.0
-1504.0,-702.0,-104.694,4.86811e-07,86.8236,44.4437,93.1764,-135.556,-1504.0,-702.0,-1400.0,-600.0
-1502.0,-702.0,-104.609,4.82061e-07,86.8258,45.0,93.1742,-135.0,-1502.0,-702.0,-1400.0,-600.0
-1500.0,-702.0,-104.524,4.77357e-07,86.8284,45.5673,93.1716,-134.433,-1500.0,-702.0,-1400.0,-600.0
-1498.0,-702.0,-104.438,4.72701e-07,86.8313,46.1458,93.1687,-133.854,-1498.0,-702.0,-1400.0,-600.0
-1496.0,-702.0,-104.353,4.68093e-07,86.8346,46.7357,93.1654,-133.264,-1496.0,-702.0,-1400.0,-600.0
-1494.0,-702.0,-104.268,4.63536e-07,86.8383,47.3373,93.1617,-132.663,-1494.0,-702.0,-1400.0,-600.0
-1492.0,-702.0,-104.183,4.59032e-07,86.8425,47.9508,93.1575,-132.049,-1492.0,-702.0,-1400.0,-600.0
-1490.0,-702.0,-104.098,4.54589e-07,86.8262,48.5763,93.1738,-131.424,-1490.0,-702.0,-1400.0,-600.0
-1488.0,-702.0,-104.014,4.50209e-07,86.7953,49.2142,93.2047,-130.786,-1488.0,-702.0,-1400.0,-600.0
-1486.0,-702.0,-103.93,4.45885e-07,86.7642,49.8645,93.2358,-130.135,-1486.0,-702.0,-1400.0,-600.0
-1484.0,-702.0,-103.846,4.4162e-07,86.7329,50.5275,93.2671,-129.472,-1484.0,-702.0,-1400.0,-600.0
-1482.0,-702.0,-103.763,4.37415e-07,86.7014,51.2034,93.2986,-128.797,-1482.0,-702.0,-1400.0,-600.0
-1480.0,-702.0,-103.68,4.33271e-07,86.6699,51.8924,93.3301,-128.108,-1480.0,-702.0,-1400.0,-600.0
-1478.0,-702.0,-103.598,4.29192e-07,86.6382,52.5946,93.3618,-127.405,-1478.0,-702.0,-1400.0,-600.0
-1476.0,-702.0,-103.516,4.25178e-07,86.6064,53.3103,93.3936,-126.69,-1476.0,-702.0,-1400.0,-600.0
-1474.0,-702.0,-103.435,4.21232e-07,86.5746,54.0395,93.4254,-125.961,-1474.0,-702.0,-1400.0,-600.0
-1472.0,-702.0,-103.355,4.17355e-07,86.5427,54.7824,93.4573,-125.218,-1472.0,-702.0,-1400.0,-600.0
-1470.0,-702.0,-103.275,4.1355e-07,86.5109,55.5392,93.4891,-124.461,-1470.0,-702.0,-1400.0,-600.0
-1468.0,-702.0,-103.196,4.09818e-07,86.479,56.3099,93.521,-123.69,-1468.0,-702.0,-1400.0,-600.0
-1466.0,-702.0,-103.118,4.06161e-07,86.4473,57.0948,93.5527,-122.905,-1466.0,-702.0,-1400.0,-600.0
-1464.0,-702.0,-103.041,4.02593e-07,86.3893,57.8937,93.6107,-122.106,-1464.0,-702.0,-1400.0,-600.0
-1462.0,-702.0,-102.966,3.99112e-07,86.3173,58.707,93.6827,-121.293,-1462.0,-702.0,-1400.0,-600.0
-1460.0,-702.0,-102.891,3.95712e-07,86.2447,59.5345,93.7553,-120.466,-1460.0,-702.0,-1400.0,-600.0
-1458.0,-702.0,-102.818,3.92397e-07,86.1717,60.3763,93.8283,-119.624,-1458.0,-702.0,-1400.0,-600.0
-1456.0,-702.0,-102.746,3.89168e-07,86.0984,61.2324,93.9016,-118.768,-1456.0,-702.0,-1400.0,-600.0
-1454.0,-702.0,-102.675,3.86027e-07,86.0247,62.1027,93.9753,-117.897,-1454.0,-702.0,-1400.0,-600.0
-1452.0,-702.0,-102.606,3.82978e-07,85.9507,62.9873,94.0493,-117.013,-1452.0,-702.0,-1400.0,-600.0
-1450.0,-702.0,-102.539,3.80021e-07,85.8766,63.8861,94.1234,-116.114,-1450.0,-702.0,-1400.0,-600.0
-1448.0,-702.0,-102.473,3.77159e-07,85.8024,64.7989,94.1976,-115.201,-1448.0,-702.0,-1400.0,-600.0
-1446.0,-702.0,-102.409,3.74395e-07,85.7281,65.7256,94.2719,-114.274,-1446.0,-702.0,-1400.0,-600.0
-1444.0,-702.0,-102.347,3.7173e-07,85.6539,66.666,94.3461,-113.334,-1444.0,-702.0,-1400.0,-600.0
-1442.0,-702.0,-102.287,3.69167e-07,85.5798,67.6199,94.4202,-112.38,-1442.0,-702.0,-1400.0,-600.0
-1440.0,-702.0,-102.228,3.6669e-07,85.5415,68.587,94.4585,-111.413,-1440.0,-702.0,-1400.0,-600.0
-1438.0,-702.0,-102.172,3.64314e-07,85.5124,69.5672,94.4876,-110.433,-1438.0,-702.0,-1400.0,-600.0
-1436.0,-702.0,-102.117,3.62045e-07,85.4842,70.56,94.5158,-109.44,-1436.0,-702.0,-1400.0,-600.0
-1434.0,-702.0,-102.065,3.59886e-07,85.4571,71.5651,94.5429,-108.435,-1434.0,-702.0,-1400.0,-600.0
-1432.0,-702.0,-102.016,3.57839e-07,85.431,72.582,94.569,-107.418,-1432.0,-702.0,-1400.0,-600.0
-1430.0,-702.0,-101.969,3.55904e-07,85.4061,73.6105,94.5939,-106.39,-1430.0,-702.0,-1400.0,-600.0
-1428.0,-702.0,-101.924,3.54085e-07,85.3825,74.6499,94.6175,-105.35,-1428.0,-702.0,-1400.0,-600.0
-1426.0,-702.0,-101.882,3.52383e-07,85.3601,75.6997,94.6399,-104.3,-1426.0,-702.0,-1400.0,-600.0
-1424.0,-702.0,-114.869,3.50806e-07,85.3392,76.9208,94.6608,-103.963,-1404.61,-618.561,-1404.61,-618.561
-1422.0,-702.0,-121.731,3.49375e-07,85.3201,78.2305,94.6799,-103.963,-1404.61,-618.561,-1404.61,-618.561
-1420.0,-702.0,-122.439,1.01061e-06,88.3837,86.2511,91.6163,93.8662,-1406.76,-499.954,-1406.76,-499.954
-1418.0,-702.0,-122.413,1.01019e-06,88.383,86.629,91.617,93.4883,-1406.1,-499.953,-1406.1,-499.953
-1416.0,-702.0,-122.341,1.00982e-06,88.3824,87.0071,91.6176,93.1102,-1405.44,-499.953,-1405.44,-499.953
-1414.0,-702.0,-122.241,1.00949e-06,88.3819,87.3855,91.6181,92.7318,-1404.77,-499.952,-1404.77,-499.952
-1412.0,-702.0,-122.129,1.00921e-06,88.3815,87.7641,91.6185,92.3532,-1404.11,-499.951,-1404.11,-499.951
-1410.0,-702.0,-122.017,1.00897e-06,88.3811,88.1429,91.6189,91.9743,-1403.45,-499.951,-1403.45,-499.951
-1408.0,-702.0,-121.914,1.00878e-06,88.3808,88.5219,91.6192,91.5954,-1402.79,-499.95,-1402.79,-499.95
-1406.0,-702.0,-145.547,3.43454e-07,85.2392,89.049,94.7608,-103.963,-1404.61,-618.561,-1404.61,-618.561
-1404.0,-702.0,-150.308,3.43424e-07,85.2388,90.4223,94.7612,-103.963,-1404.61,-618.561,-1404.61,-618.561
-1402.0,-702.0,-152.479,1.1553e-06,88.5862,100.613,91.4138,113.553,-1429.64,-532.017,-1425.43,-576.952
-1400.0,-702.0,-166.978,2.17189e-06,89.248,116.391,90.752,-124.304,-1548.93,-818.293,-1458.0,-585.106
-1398.0,-702.0,-165.543,8.10021e-07,87.9833,-95.2039,92.0167,117.862,-1429.33,-544.506,-1398.89,-711.779
-1396.0,-702.0,-168.179,1.52066e-06,88.9237,-142.656,91.0763,-124.21,-1548.4,-818.284,-1548.4,-818.284
-1394.0,-702.0,-168.221,1.52598e-06,88.9239,-143.016,91.0761,-124.21,-1548.4,-818.284,-1548.4,-818.284
-1392.0,-702.0,-168.285,1.53132e-06,88.9276,-143.37,91.0724,-124.21,-1548.4,-818.284,-1548.4,-818.284
-1390.0,-702.0,-171.495,1.54289e-06,88.9356,146.685,91.0644,-124.21,-1548.4,-818.284,-1392.36,-700.448
-1388.0,-702.0,-172.259,1.53909e-06,88.933,150.549,91.067,-126.816,-1556.08,-808.509,-1390.84,-700.398
-1386.0,-702.0,-171.956,1.5449e-06,88.937,150.827,91.063,-126.816,-1556.08,-808.509,-1388.98,-700.337
-1384.0,-702.0,-171.595,1.55074e-06,88.941,151.1,91.059,-126.816,-1556.08,-808.509,-1387.12,-700.277
-1382.0,-702.0,-171.241,1.55659e-06,88.945,151.369,91.055,-126.816,-1556.08,-808.509,-1385.27,-700.216
-1380.0,-702.0,-170.933,1.56245e-06,88.949,151.634,91.051,-126.816,-1556.08,-808.509,-1383.42,-700.156
-1378.0,-702.0,-170.686,1.56833e-06,88.9529,151.893,91.0471,-126.816,-1556.08,-808.509,-1381.57,-700.095
-1376.0,-702.0,-195.311,1.88564e-06,89.1291,158.631,90.8709,-135.73,-1615.4,-809.977,-1380.92,-700.074
-1374.0,-702.0,-171.73,1.62156e-06,88.9873,-140.22,91.0127,-124.21,-1548.4,-818.284,-1385.0,-711.159
-1372.0,-702.0,-171.998,1.6267e-06,88.9905,-140.548,91.0095,-124.21,-1548.4,-818.284,-1383.02,-711.07
-1370.0,-702.0,-172.428,1.63186e-06,88.9856,-140.871,91.0144,-124.21,-1548.4,-818.284,-1381.04,-710.982
-1368.0,-702.0,-173.072,1.63706e-06,88.9789,-141.19,91.0211,-124.21,-1548.4,-818.284,-1379.06,-710.893
-1366.0,-702.0,-174.015,1.64227e-06,88.9723,-141.505,91.0277,-124.21,-1548.4,-818.284,-1377.07,-710.805
-1364.0,-702.0,-173.942,1.80054e-06,89.0537,37.8018,90.9463,-126.816,-1556.08,-808.509,-1349.73,-690.93
-1362.0,-702.0,-173.747,1.79528e-06,89.042,38.0549,90.958,-126.816,-1556.08,-808.509,-1349.68,-692.357
-1360.0,-702.0,-173.633,1.79004e-06,89.0301,38.3109,90.9699,-126.816,-1556.08,-808.509,-1349.63,-693.81
-1358.0,-702.0,-174.227,1.65438e-06,88.9408,-145.748,91.0592,-126.816,-1556.08,-808.509,-1370.5,-710.511
-1356.0,-702.0,-173.682,1.65991e-06,88.9346,-146.02,91.0654,-126.816,-1556.08,-808.509,-1368.5,-710.422
-1354.0,-702.0,-173.196,1.66546e-06,88.9285,-146.288,91.0715,-126.816,-1556.08,-808.509,-1366.49,-710.332
-1352.0,-702.0,-172.791,1.67102e-06,88.9224,-146.553,91.0776,-126.816,-1556.08,-808.509,-1364.48,-710.243
-1350.0,-702.0,-172.472,1.6766e-06,88.9164,-146.814,91.0836,-126.816,-1556.08,-808.509,-1362.47,-710.153
-1348.0,-702.0,-178.355,1.43032e-06,88.7185,-20.9141,91.2815,-7.72819,-1239.86,-621.732,-1329.76,-708.969
-1346.0,-702.0,-162.992,1.00781e-06,85.8722,-22.7511,68.9659,23.4975,-1376.02,-589.576,-1329.42,-708.954
-1344.0,-702.0,-162.519,1.00169e-06,85.8285,-22.8988,68.8645,23.6184,-1376.17,-589.581,-1327.72,-708.878
-1342.0,-702.0,-161.998,9.95587e-07,85.7843,-23.0483,68.7619,23.7409,-1376.32,-589.585,-1326.01,-708.802
-1340.0,-702.0,-161.492,9.89487e-07,85.7395,-23.1997,68.6581,23.8651,-1376.47,-589.59,-1324.31,-708.725
-1338.0,-702.0,-159.573,1.04265e-06,86.0017,-28.8424,85.7027,-32.1069,-1372.57,-617.21,-1325.68,-708.786
-1336.0,-702.0,-157.449,1.0354e-06,88.1359,-27.8519,91.8641,-35.9954,-1376.1,-617.359,-1323.35,-708.683
-1334.0,-702.0,-154.822,1.02951e-06,88.1096,-28.0806,91.8904,-35.9954,-1376.1,-617.359,-1321.62,-708.605
-1332.0,-702.0,-152.591,1.02365e-06,88.083,-28.3128,91.917,-35.9954,-1376.1,-617.359,-1319.88,-708.528
-1330.0,-702.0,-150.737,1.01779e-06,88.0561,-28.5485,91.9439,-35.9954,-1376.1,-617.359,-1318.14,-708.45
-1328.0,-702.0,-145.509,1.01221e-06,88.7813,-28.7636,94.2883,-36.0699,-1376.16,-617.362,-1316.39,-708.372
-1326.0,-702.0,-145.23,1.00638e-06,88.7523,-28.9463,94.3062,-36.2529,-1376.32,-617.368,-1314.62,-708.293
-1324.0,-702.0,-145.04,1.00055e-06,88.723,-29.1312,94.3242,-36.4381,-1376.47,-617.374,-1312.85,-708.214
-1322.0,-702.0,-144.94,9.94734e-07,88.6933,-29.3181,94.3425,-36.6255,-1376.62,-617.381,-1311.08,-708.135
-1320.0,-702.0,-175.955,1.61921e-06,88.7284,-48.5865,91.2716,30.6399,-1382.75,-589.782,-1314.46,-708.286
-1318.0,-702.0,-166.433,1.33309e-06,88.4433,25.6409,91.5567,15.8832,-1361.84,-589.142,-1239.87,-664.496
-1316.0,-702.0,-160.73,9.55119e-07,87.8101,32.5294,92.1899,-35.9954,-1376.1,-617.359,-1239.87,-653.442
-1314.0,-702.0,-120.085,9.48823e-07,87.7785,34.1258,92.2215,-32.3087,-1372.77,-617.219,-1239.87,-651.758
-1312.0,-702.0,-118.546,9.43322e-07,87.7484,34.3533,92.2516,-32.5363,-1373.0,-617.228,-1239.87,-652.695
-1310.0,-702.0,-117.328,9.37835e-07,87.718,34.5836,92.282,-32.7665,-1373.22,-617.238,-1239.87,-653.647
-1308.0,-702.0,-116.378,9.32364e-07,87.6873,34.8165,92.3127,-32.9995,-1373.44,-617.247,-1239.87,-654.616
-1306.0,-702.0,-115.639,9.26909e-07,87.6563,35.0523,92.3437,-33.2352,-1373.66,-617.256,-1239.87,-655.602
-1304.0,-702.0,-115.064,9.21471e-07,87.6249,35.2908,92.3751,-33.4737,-1373.89,-617.266,-1239.87,-656.606
-1302.0,-702.0,-114.617,9.16048e-07,87.5932,35.5321,92.4068,-33.7151,-1374.11,-617.275,-1239.87,-657.628
-1300.0,-702.0,-114.275,9.10632e-07,87.5759,35.7764,92.4241,-33.9593,-1374.34,-617.285,-1239.87,-658.668
-1298.0,-702.0,-114.019,9.0524e-07,87.5486,36.0235,92.4514,-34.2065,-1374.56,-617.294,-1239.87,-659.727
-1296.0,-702.0,-113.837,8.99869e-07,87.516,36.2737,92.484,-34.4566,-1374.78,-617.303,-1239.87,-660.806
-1294.0,-702.0,-113.725,8.94515e-07,87.483,36.5268,92.517,-34.7098,-1375.01,-617.313,-1239.87,-661.904
-1292.0,-702.0,-113.679,8.89179e-07,87.4498,36.783,92.5502,-34.966,-1375.23,-617.322,-1239.87,-663.024
-1290.0,-702.0,-113.702,8.83861e-07,87.4161,37.0423,92.5839,-35.2253,-1375.45,-617.332,-1239.87,-664.164
-1288.0,-702.0,-113.803,8.78561e-07,87.3821,37.3048,92.6179,-35.4877,-1375.68,-617.341,-1239.87,-665.326
-1286.0,-702.0,-113.996,8.73281e-07,87.3478,37.5704,92.6522,-35.7533,-1375.9,-617.351,-1239.87,-666.511
-1284.0,-702.0,-120.869,8.6802e-07,87.3131,37.85,92.6869,-35.9954,-1376.1,-617.359,-1239.87,-667.706
-1282.0,-702.0,-126.913,8.62784e-07,87.2781,38.2322,92.7219,-35.9954,-1376.1,-617.359,-1239.87,-668.807
-1280.0,-702.0,-132.207,8.57575e-07,87.2427,38.6209,92.7573,-35.9954,-1376.1,-617.359,-1239.87,-669.939
-1278.0,-702.0,-137.022,8.52395e-07,87.207,39.0164,92.793,-35.9954,-1376.1,-617.359,-1239.87,-671.103
-1276.0,-702.0,-142.211,8.47239e-07,87.1792,39.4187,92.8208,-35.9954,-1376.1,-617.359,-1239.87,-672.301
-1274.0,-702.0,-160.589,1.27133e-06,88.1206,61.0267,91.8794,-43.396,-1381.4,-617.583,-1239.86,-640.348
-1272.0,-702.0,-160.8,1.26812e-06,88.1158,61.3441,91.8842,-43.396,-1381.4,-617.583,-1239.86,-643.195
-1270.0,-702.0,-161.053,1.26493e-06,88.1111,61.6634,91.8889,-43.396,-1381.4,-617.583,-1239.86,-646.117
-1268.0,-702.0,-158.502,8.72999e-07,84.6355,43.4211,82.8535,44.9057,-1389.97,-590.003,-1239.87,-675.378
-1266.0,-702.0,-156.575,8.68185e-07,84.6055,43.7252,82.8145,45.2097,-1390.08,-590.006,-1239.87,-677.007
-1264.0,-702.0,-155.222,8.63396e-07,84.5754,44.0326,82.7753,45.5172,-1390.19,-590.01,-1239.87,-678.671
-1262.0,-702.0,-154.306,8.58633e-07,84.545,44.3435,82.7358,45.8282,-1390.3,-590.013,-1239.87,-680.371
-1260.0,-702.0,-153.722,8.53895e-07,84.5145,44.658,82.6961,46.1427,-1390.41,-590.016,-1239.87,-682.109
-1258.0,-702.0,-158.642,8.67253e-07,87.2443,120.201,92.7557,-43.396,-1381.4,-617.583,-1324.56,-587.642
-1256.0,-702.0,-159.434,8.70632e-07,87.255,120.705,92.745,-43.396,-1381.4,-617.583,-1323.92,-587.626
-1254.0,-702.0,-159.479,8.88275e-07,87.3096,117.863,92.6904,-35.9954,-1376.1,-617.359,-1314.59,-587.382
-1252.0,-702.0,-159.102,8.9141e-07,87.3297,118.389,92.6703,-35.9954,-1376.1,-617.359,-1313.95,-587.365
-1250.0,-702.0,-158.95,8.94593e-07,87.3573,118.91,92.6427,-35.9954,-1376.1,-617.359,-1313.32,-587.349
-1248.0,-702.0,-154.878,8.85155e-07,83.7175,125.309,85.6788,-51.6597,-1385.94,-617.774,-1328.91,-587.756
-1246.0,-702.0,-154.392,8.88975e-07,83.7725,125.661,85.6972,-51.3058,-1385.77,-617.766,-1327.99,-587.732
-1244.0,-702.0,-154.137,8.92828e-07,83.8272,126.01,85.7157,-50.9549,-1385.6,-617.759,-1327.07,-587.708
-1242.0,-702.0,-154.084,8.96715e-07,83.8817,126.356,85.7341,-50.6071,-1385.42,-617.752,-1326.15,-587.684
-1240.0,-702.0,-154.229,9.00635e-07,83.936,126.699,85.7525,-50.2623,-1385.25,-617.745,-1325.22,-587.66
-1238.0,-702.0,0.0,0.0,0.0,0.0,0.0,0.0,0.0,0.0,0.0,0.0
-1236.0,-702.0,0.0,0.0,0.0,0.0,0.0,0.0,0.0,0.0,0.0,0.0
-1234.0,-702.0,0.0,0.0,0.0,0.0,0.0,0.0,0.0,0.0,0.0,0.0
-1232.0,-702.0,0.0,0.0,0.0,0.0,0.0,0.0,0.0,0.0,0.0,0.0
-1230.0,-702.0,0.0,0.0,0.0,0.0,0.0,0.0,0.0,0.0,0.0,0.0
-1228.0,-702.0,0.0,0.0,0.0,0.0,0.0,0.0,0.0,0.0,0.0,0.0
-1226.0,-702.0,0.0,0.0,0.0,0.0,0.0,0.0,0.0,0.0,0.0,0.0
-1224.0,-702.0,0.0,0.0,0.0,0.0,0.0,0.0,0.0,0.0,0.0,0.0
-1222.0,-702.0,0.0,0.0,0.0,0.0,0.0,0.0,0.0,0.0,0.0,0.0
-1220.0,-702.0,0.0,0.0,0.0,0.0,0.0,0.0,0.0,0.0,0.0,0.0
-1218.0,-702.0,-165.325,1.57116e-06,88.7666,-105.956,91.2334,-43.3117,-1381.35,-617.58,-1232.62,-753.141
-1216.0,-702.0,-165.602,1.57299e-06,88.7988,-106.241,91.2012,-43.3117,-1381.35,-617.58,-1230.88,-753.083
-1214.0,-702.0,-160.607,9.30176e-07,58.5722,45.7407,88.615,-32.738,-1373.19,-617.236,-1196.13,-683.667
-1212.0,-702.0,-161.3,9.2584e-07,56.6795,47.2147,88.6188,-32.9515,-1373.4,-617.245,-1196.1,-684.82
-1210.0,-702.0,-163.978,9.21684e-07,54.548,49.0369,88.6225,-33.1592,-1373.59,-617.253,-1196.06,-685.948
-1208.0,-702.0,-160.692,9.17747e-07,52.1612,51.3385,88.6261,-33.3591,-1373.78,-617.261,-1196.03,-687.039
-1206.0,-702.0,-161.752,9.14081e-07,49.5223,54.3072,88.6296,-33.5484,-1373.96,-617.269,-1196.0,-688.078
-1204.0,-702.0,-163.931,9.11207e-07,46.4733,58.4553,88.6323,-33.7017,-1374.1,-617.275,-1195.97,-688.923
-1202.0,-702.0,-164.517,9.08723e-07,43.4585,63.8535,88.6348,-33.8375,-1374.22,-617.28,-1195.95,-689.674
-1600.0,-700.0,-108.42,7.46658e-07,87.8121,26.5651,92.1879,-153.435,-1600.0,-700.0,-1400.0,-600.0
-1598.0,-700.0,-108.35,7.40699e-07,87.7945,26.7961,92.2055,-153.204,-1598.0,-700.0,-1400.0,-600.0
-1596.0,-700.0,-108.28,7.34753e-07,87.7766,27.0309,92.2234,-152.969,-1596.0,-700.0,-1400.0,-600.0
-1594.0,-700.0,-108.209,7.28819e-07,87.7585,27.2695,92.2415,-152.731,-1594.0,-700.0,-1400.0,-600.0
-1592.0,-700.0,-108.138,7.22899e-07,87.7401,27.512,92.2599,-152.488,-1592.0,-700.0,-1400.0,-600.0
-1590.0,-700.0,-108.067,7.16991e-07,87.7215,27.7585,92.2785,-152.241,-1590.0,-700.0,-1400.0,-600.0
-1588.0,-700.0,-107.995,7.11097e-07,87.7026,28.0092,92.2974,-151.991,-1588.0,-700.0,-1400.0,-600.0
-1586.0,-700.0,-107.923,7.05217e-07,87.6835,28.264,92.3165,-151.736,-1586.0,-700.0,-1400.0,-600.0
-1584.0,-700.0,-107.85,6.99356e-07,87.654,28.5231,92.346,-151.477,-1584.0,-700.0,-1400.0,-600.0
-1582.0,-700.0,-107.777,6.93517e-07,87.611,28.7866,92.389,-151.213,-1582.0,-700.0,-1400.0,-600.0
-1580.0,-700.0,-107.703,6.87692e-07,87.5673,29.0546,92.4327,-150.945,-1580.0,-700.0,-1400.0,-600.0
-1578.0,-700.0,-107.629,6.81884e-07,87.5228,29.3272,92.4772,-150.673,-1578.0,-700.0,-1400.0,-600.0
-1576.0,-700.0,-107.555,6.76092e-07,87.4777,29.6045,92.5223,-150.396,-1576.0,-700.0,-1400.0,-600.0
-1574.0,-700.0,-107.48,6.70316e-07,87.4319,29.8865,92.5681,-150.113,-1574.0,-700.0,-1400.0,-600.0
-1572.0,-700.0,-107.405,6.64557e-07,87.3853,30.1735,92.6147,-149.826,-1572.0,-700.0,-1400.0,-600.0
-1570.0,-700.0,-107.33,6.58815e-07,87.3379,30.4655,92.6621,-149.534,-1570.0,-700.0,-1400.0,-600.0
-1568.0,-700.0,-107.253,6.53091e-07,87.2899,30.7627,92.7101,-149.237,-1568.0,-700.0,-1400.0,-600.0
-1566.0,-700.0,-107.177,6.47386e-07,87.241,31.0652,92.759,-148.935,-1566.0,-700.0,-1400.0,-600.0
-1564.0,-700.0,-107.1,6.41699e-07,87.1914,31.373,92.8086,-148.627,-1564.0,-700.0,-1400.0,-600.0
-1562.0,-700.0,-107.023,6.36044e-07,87.1184,31.6864,92.8816,-148.314,-1562.0,-700.0,-1400.0,-600.0
-1560.0,-700.0,-106.945,6.30386e-07,87.0863,32.0054,92.9137,-147.995,-1560.0,-700.0,-1400.0,-600.0
-1558.0,-700.0,-106.867,6.24734e-07,87.0784,32.3302,92.9216,-147.67,-1558.0,-700.0,-1400.0,-600.0
-1556.0,-700.0,-106.788,6.19113e-07,87.0519,32.6609,92.9481,-147.339,-1556.0,-700.0,-1400.0,-600.0
-1554.0,-700.0,-106.709,6.13513e-07,87.025,32.9977,92.975,-147.002,-1554.0,-700.0,-1400.0,-600.0
-1552.0,-700.0,-106.629,6.07934e-07,86.9976,33.3407,93.0024,-146.659,-1552.0,-700.0,-1400.0,-600.0
-1550.0,-700.0,-106.549,6.02378e-07,86.9699,33.6901,93.0301,-146.31,-1550.0,-700.0,-1400.0,-600.0
-1548.0,-700.0,-106.469,5.96845e-07,86.9418,34.0459,93.0582,-145.954,-1548.0,-700.0,-1400.0,-600.0
-1546.0,-700.0,-106.388,5.91335e-07,86.9133,34.4085,93.0867,-145.592,-1546.0,-700.0,-1400.0,-600.0
-1544.0,-700.0,-106.307,5.85849e-07,86.8843,34.7778,93.1157,-145.222,-1544.0,-700.0,-1400.0,-600.0
-1542.0,-700.0,-106.225,5.80389e-07,86.855,35.1542,93.145,-144.846,-1542.0,-700.0,-1400.0,-600.0
-1540.0,-700.0,-106.143,5.74953e-07,86.8252,35.5377,93.1748,-144.462,-1540.0,-700.0,-1400.0,-600.0
-1538.0,-700.0,-106.061,5.69545e-07,86.7951,35.9285,93.2049,-144.071,-1538.0,-700.0,-1400.0,-600.0
-1536.0,-700.0,-105.978,5.64151e-07,86.7856,36.3268,93.2144,-143.673,-1536.0,-700.0,-1400.0,-600.0
-1534.0,-700.0,-105.895,5.58781e-07,86.7836,36.7328,93.2164,-143.267,-1534.0,-700.0,-1400.0,-600.0
-1532.0,-700.0,-105.811,5.5344e-07,86.7817,37.1467,93.2183,-142.853,-1532.0,-700.0,-1400.0,-600.0
-1530.0,-700.0,-105.727,5.48128e-07,86.78,37.5686,93.22,-142.431,-1530.0,-700.0,-1400.0,-600.0
-1528.0,-700.0,-105.643,5.42846e-07,86.7784,37.9987,93.2216,-142.001,-1528.0,-700.0,-1400.0,-600.0
-1526.0,-700.0,-105.558,5.37596e-07,86.777,38.4373,93.223,-141.563,-1526.0,-700.0,-1400.0,-600.0
-1524.0,-700.0,-105.473,5.32377e-07,86.7757,38.8845,93.2243,-141.116,-1524.0,-700.0,-1400.0,-600.0
-1522.0,-700.0,-105.388,5.27191e-07,86.7746,39.3405,93.2254,-140.659,-1522.0,-700.0,-1400.0,-600.0
-1520.0,-700.0,-105.303,5.2204e-07,86.7737,39.8056,93.2263,-140.194,-1520.0,-700.0,-1400.0,-600.0
-1518.0,-700.0,-105.217,5.16923e-07,86.773,40.2799,93.227,-139.72,-1518.0,-700.0,-1400.0,-600.0
-1516.0,-700.0,-105.131,5.11839e-07,86.7789,40.7636,93.2211,-139.236,-1516.0,-700.0,-1400.0,-600.0
-1514.0,-700.0,-105.044,5.0678e-07,86.8105,41.257,93.1895,-138.743,-1514.0,-700.0,-1400.0,-600.0
-1512.0,-700.0,-104.958,5.01773e-07,86.8142,41.7603,93.1858,-138.24,-1512.0,-700.0,-1400.0,-600.0
-1510.0,-700.0,-104.871,4.96807e-07,86.8149,42.2737,93.1851,-137.726,-1510.0,-700.0,-1400.0,-600.0
-1508.0,-700.0,-104.785,4.91881e-07,86.8158,42.7974,93.1842,-137.203,-1508.0,-700.0,-1400.0,-600.0
-1506.0,-700.0,-104.698,4.86997e-07,86.8171,43.3317,93.1829,-136.668,-1506.0,-700.0,-1400.0,-600.0
-1504.0,-700.0,-104.611,4.82157e-07,86.8186,43.8767,93.1814,-136.123,-1504.0,-700.0,-1400.0,-600.0
-1502.0,-700.0,-104.524,4.7736e-07,86.8205,44.4327,93.1795,-135.567,-1502.0,-700.0,-1400.0,-600.0
-1500.0,-700.0,-104.437,4.7261e-07,86.8227,45.0,93.1773,-135.0,-1500.0,-700.0,-1400.0,-600.0
-1498.0,-700.0,-104.35,4.67907e-07,86.8253,45.5787,93.1747,-134.421,-1498.0,-700.0,-1400.0,-600.0
-1496.0,-700.0,-104.263,4.63252e-07,86.8282,46.1691,93.1718,-133.831,-1496.0,-700.0,-1400.0,-600.0
-1494.0,-700.0,-104.176,4.58647e-07,86.8316,46.7715,93.1684,-133.229,-1494.0,-700.0,-1400.0,-600.0
-1492.0,-700.0,-104.089,4.54099e-07,86.8228,47.3859,93.1772,-132.614,-1492.0,-700.0,-1400.0,-600.0
-1490.0,-700.0,-104.003,4.49615e-07,86.791,48.0128,93.209,-131.987,-1490.0,-700.0,-1400.0,-600.0
-1488.0,-700.0,-103.916,4.45185e-07,86.7591,48.6522,93.2409,-131.348,-1488.0,-700.0,-1400.0,-600.0
-1486.0,-700.0,-103.83,4.40812e-07,86.7269,49.3045,93.2731,-130.696,-1486.0,-700.0,-1400.0,-600.0
-1484.0,-700.0,-103.745,4.36497e-07,86.6945,49.9697,93.3055,-130.03,-1484.0,-700.0,-1400.0,-600.0
-1482.0,-700.0,-103.66,4.32242e-07,86.6619,50.6482,93.3381,-129.352,-1482.0,-700.0,-1400.0,-600.0
-1480.0,-700.0,-103.575,4.28049e-07,86.6292,51.3402,93.3708,-128.66,-1480.0,-700.0,-1400.0,-600.0
-1478.0,-700.0,-103.49,4.2392e-07,86.5963,52.0458,93.4037,-127.954,-1478.0,-700.0,-1400.0,-600.0
-1476.0,-700.0,-103.406,4.19856e-07,86.5633,52.7652,93.4367,-127.235,-1476.0,-700.0,-1400.0,-600.0
-1474.0,-700.0,-103.323,4.15859e-07,86.5303,53.4986,93.4697,-126.501,-1474.0,-700.0,-1400.0,-600.0
-1472.0,-700.0,-103.241,4.11931e-07,86.4971,54.2461,93.5029,-125.754,-1472.0,-700.0,-1400.0,-600.0
-1470.0,-700.0,-103.159,4.08075e-07,86.464,55.008,93.536,-124.992,-1470.0,-700.0,-1400.0,-600.0
-1468.0,-700.0,-103.078,4.04293e-07,86.4309,55.7843,93.5691,-124.216,-1468.0,-700.0,-1400.0,-600.0
-1466.0,-700.0,-102.998,4.00586e-07,86.3978,56.5752,93.6022,-123.425,-1466.0,-700.0,-1400.0,-600.0
-1464.0,-700.0,-102.918,3.96956e-07,86.3648,57.3808,93.6352,-122.619,-1464.0,-700.0,-1400.0,-600.0
-1462.0,-700.0,-102.841,3.93422e-07,86.2954,58.2011,93.7046,-121.799,-1462.0,-700.0,-1400.0,-600.0
-1460.0,-700.0,-102.764,3.89973e-07,86.2212,59.0362,93.7788,-120.964,-1460.0,-700.0,-1400.0,-600.0
-1458.0,-700.0,-102.689,3.86608e-07,86.1464,59.8863,93.8536,-120.114,-1458.0,-700.0,-1400.0,-600.0
-1456.0,-700.0,-102.614,3.8333e-07,86.0712,60.7512,93.9288,-119.249,-1456.0,-700.0,-1400.0,-600.0
-1454.0,-700.0,-102.542,3.80142e-07,85.9956,61.631,94.0044,-118.369,-1454.0,-700.0,-1400.0,-600.0
-1452.0,-700.0,-102.471,3.77044e-07,85.9198,62.5256,94.0802,-117.474,-1452.0,-700.0,-1400.0,-600.0
-1450.0,-700.0,-102.401,3.7404e-07,85.8437,63.4349,94.1563,-116.565,-1450.0,-700.0,-1400.0,-600.0
-1448.0,-700.0,-102.333,3.71132e-07,85.7675,64.359,94.2325,-115.641,-1448.0,-700.0,-1400.0,-600.0
-1446.0,-700.0,-102.267,3.68323e-07,85.6912,65.2976,94.3088,-114.702,-1446.0,-700.0,-1400.0,-600.0
-1444.0,-700.0,-102.203,3.65614e-07,85.615,66.2505,94.385,-113.749,-1444.0,-700.0,-1400.0,-600.0
-1442.0,-700.0,-102.14,3.63007e-07,85.5388,67.2176,94.4612,-112.782,-1442.0,-700.0,-1400.0,-600.0
-1440.0,-700.0,-102.08,3.60504e-07,85.4649,68.1986,94.5351,-111.801,-1440.0,-700.0,-1400.0,-600.0
-1438.0,-700.0,-102.022,3.58087e-07,85.4342,69.1932,94.5658,-110.807,-1438.0,-700.0,-1400.0,-600.0
-1436.0,-700.0,-101.965,3.55779e-07,85.4045,70.2011,94.5955,-109.799,-1436.0,-700.0,-1400.0,-600.0
-1434.0,-700.0,-101.912,3.53582e-07,85.3759,71.222,94.6241,-108.778,-1434.0,-700.0,-1400.0,-600.0
-1432.0,-700.0,-101.86,3.51497e-07,85.3484,72.2553,94.6516,-107.745,-1432.0,-700.0,-1400.0,-600.0
-1430.0,-700.0,-101.811,3.49528e-07,85.3222,73.3008,94.6778,-106.699,-1430.0,-700.0,-1400.0,-600.0
-1428.0,-700.0,-101.765,3.47676e-07,85.2972,74.3578,94.7028,-105.642,-1428.0,-700.0,-1400.0,-600.0
-1426.0,-700.0,-101.722,3.45942e-07,85.2736,75.4258,94.7264,-104.574,-1426.0,-700.0,-1400.0,-600.0
-1424.0,-700.0,-112.485,3.44332e-07,85.2514,76.611,94.7486,-103.963,-1404.61,-618.561,-1404.61,-618.561
-1422.0,-700.0,-120.369,3.42867e-07,85.2311,77.9498,94.7689,-103.963,-1404.61,-618.561,-1404.61,-618.561
-1420.0,-700.0,-122.38,1.00395e-06,88.373,86.2262,91.627,93.8911,-1406.8,-499.954,-1406.8,-499.954
-1418.0,-700.0,-122.359,1.00353e-06,88.3723,86.6065,91.6277,93.5108,-1406.14,-499.953,-1406.14,-499.953
-1416.0,-700.0,-122.289,1.00316e-06,88.3717,86.9872,91.6283,93.1301,-1405.47,-499.953,-1405.47,-499.953
-1414.0,-700.0,-122.19,1.00283e-06,88.3712,87.3681,91.6288,92.7492,-1404.8,-499.952,-1404.8,-499.952
-1412.0,-700.0,-122.078,1.00255e-06,88.3707,87.7492,91.6293,92.3681,-1404.14,-499.951,-1404.14,-499.951
-1410.0,-700.0,-121.965,1.00231e-06,88.3703,88.1306,91.6297,91.9867,-1403.47,-499.951,-1403.47,-499.951
-1408.0,-700.0,-119.53,1.11867e-06,88.5399,98.2253,91.4601,81.7305,-1396.73,-577.509,-1425.36,-579.896
-1406.0,-700.0,-145.291,3.36805e-07,85.145,89.0257,94.855,-103.963,-1404.61,-618.561,-1404.61,-618.561
-1404.0,-700.0,-150.163,3.36774e-07,85.1446,90.4327,94.8554,-103.963,-1404.61,-618.561,-1404.61,-618.561
-1402.0,-700.0,-152.797,4.93648e-07,86.6897,101.369,93.3103,148.195,-1425.26,-584.337,-1425.26,-584.337
-1400.0,-700.0,0.0,0.0,0.0,0.0,0.0,0.0,0.0,0.0,0.0,0.0
-1398.0,-700.0,0.0,0.0,0.0,0.0,0.0,0.0,0.0,0.0,0.0,0.0
-1396.0,-700.0,0.0,0.0,0.0,0.0,0.0,0.0,0.0,0.0,0.0,0.0
-1394.0,-700.0,0.0,0.0,0.0,0.0,0.0,0.0,0.0,0.0,0.0,0.0
-1392.0,-700.0,0.0,0.0,0.0,0.0,0.0,0.0,0.0,0.0,0.0,0.0
-1390.0,-700.0,0.0,0.0,0.0,0.0,0.0,0.0,0.0,0.0,0.0,0.0
-1388.0,-700.0,0.0,0.0,0.0,0.0,0.0,0.0,0.0,0.0,0.0,0.0
-1386.0,-700.0,0.0,0.0,0.0,0.0,0.0,0.0,0.0,0.0,0.0,0.0
-1384.0,-700.0,0.0,0.0,0.0,0.0,0.0,0.0,0.0,0.0,0.0,0.0
-1382.0,-700.0,0.0,0.0,0.0,0.0,0.0,0.0,0.0,0.0,0.0,0.0
-1380.0,-700.0,0.0,0.0,0.0,0.0,0.0,0.0,0.0,0.0,0.0,0.0
-1378.0,-700.0,-198.269,3.20555e-06,89.4839,-6.04889,90.5161,-124.304,-1548.93,-818.293,-1129.52,-726.331
-1376.0,-700.0,-198.214,3.19892e-06,89.4828,-6.06658,90.5172,-124.304,-1548.93,-818.293,-1129.52,-726.195
-1374.0,-700.0,-198.159,3.19228e-06,89.4817,-6.08439,90.5183,-124.304,-1548.93,-818.293,-1129.53,-726.059
-1372.0,-700.0,-171.782,1.63096e-06,88.9855,-140.154,91.0145,-124.21,-1548.4,-818.284,-1385.39,-711.176
-1370.0,-700.0,-172.018,1.6361e-06,88.9806,-140.478,91.0194,-124.21,-1548.4,-818.284,-1383.44,-711.089
-1368.0,-700.0,-172.404,1.64126e-06,88.974,-140.798,91.026,-124.21,-1548.4,-818.284,-1381.49,-711.002
-1366.0,-700.0,-172.984,1.64645e-06,88.9674,-141.114,91.0326,-124.21,-1548.4,-818.284,-1379.53,-710.915
-1364.0,-700.0,-173.831,1.65166e-06,88.9609,-141.426,91.0391,-124.21,-1548.4,-818.284,-1377.58,-710.827
-1362.0,-700.0,-175.054,1.65689e-06,88.9545,-141.733,91.0455,-124.21,-1548.4,-818.284,-1375.61,-710.74
-1360.0,-700.0,-173.716,1.78592e-06,89.021,37.9836,90.979,-126.816,-1556.08,-808.509,-1349.7,-691.954
-1358.0,-700.0,-173.579,1.78068e-06,89.009,38.2418,90.991,-126.816,-1556.08,-808.509,-1349.65,-693.417
-1356.0,-700.0,-174.583,1.66367e-06,88.9296,-145.621,91.0704,-126.816,-1556.08,-808.509,-1371.42,-710.553
-1354.0,-700.0,-174.034,1.66919e-06,88.9235,-145.891,91.0765,-126.816,-1556.08,-808.509,-1369.45,-710.465
-1352.0,-700.0,-157.829,5.54383e-07,91.3334,74.5454,101.324,-69.284,-1393.16,-618.078,-1349.7,-691.694
-1350.0,-700.0,-162.911,1.02264e-06,85.9602,-22.8079,68.9355,23.5336,-1376.07,-589.578,-1328.78,-708.925
-1348.0,-700.0,-162.417,1.01652e-06,85.9177,-22.9538,68.8355,23.6529,-1376.21,-589.582,-1327.1,-708.85
-1346.0,-700.0,-161.903,1.01042e-06,85.8748,-23.1015,68.7343,23.7739,-1376.36,-589.587,-1325.43,-708.775
-1344.0,-700.0,-161.42,1.00432e-06,85.8313,-23.251,68.632,23.8965,-1376.51,-589.591,-1323.75,-708.7
-1342.0,-700.0,-160.66,1.05619e-06,88.2068,-27.607,91.7932,-35.9954,-1376.1,-617.359,-1325.24,-708.767
-1340.0,-700.0,-157.886,1.0503e-06,88.1814,-27.828,91.8186,-35.9954,-1376.1,-617.359,-1323.54,-708.691
-1338.0,-700.0,-155.266,1.04441e-06,88.1556,-28.0522,91.8444,-35.9954,-1376.1,-617.359,-1321.83,-708.615
-1336.0,-700.0,-153.021,1.03854e-06,88.1297,-28.2798,91.8703,-35.9954,-1376.1,-617.359,-1320.13,-708.539
-1334.0,-700.0,-151.149,1.03268e-06,88.1034,-28.5108,91.8966,-35.9954,-1376.1,-617.359,-1318.42,-708.463
-1332.0,-700.0,-145.836,1.02712e-06,88.8299,-28.732,94.2851,-36.037,-1376.14,-617.361,-1316.7,-708.386
-1330.0,-700.0,-145.546,1.02128e-06,88.8017,-28.9119,94.3027,-36.2172,-1376.29,-617.367,-1314.96,-708.308
-1328.0,-700.0,-145.343,1.01545e-06,88.7732,-29.0938,94.3205,-36.3994,-1376.44,-617.373,-1313.21,-708.23
-1326.0,-700.0,-145.227,1.00963e-06,88.7444,-29.2778,94.3384,-36.5838,-1376.58,-617.379,-1311.46,-708.152
-1324.0,-700.0,-145.202,1.00382e-06,88.7152,-29.464,94.3565,-36.7703,-1376.73,-617.386,-1309.71,-708.074
-1322.0,-700.0,-144.535,9.97821e-07,87.94,-29.9724,92.06,-35.9954,-1376.1,-617.359,-1308.12,-708.003
-1320.0,-700.0,-175.034,1.68817e-06,88.773,-56.8799,91.227,-15.5937,-1342.83,-615.957,-1314.59,-708.292
-1318.0,-700.0,-174.173,1.68455e-06,88.7608,-57.2241,91.2392,-15.5937,-1342.83,-615.957,-1312.72,-708.208
-1316.0,-700.0,-173.614,1.68096e-06,88.7485,-57.5709,91.2515,-15.5937,-1342.83,-615.957,-1310.84,-708.124
-1314.0,-700.0,-173.261,1.67741e-06,88.7363,-57.9204,91.2637,-15.5937,-1342.83,-615.957,-1308.96,-708.04
-1312.0,-700.0,-120.843,9.39584e-07,87.7263,34.0171,92.2737,-32.2,-1372.66,-617.214,-1239.87,-651.313
-1310.0,-700.0,-119.122,9.34075e-07,87.6956,34.2463,92.3044,-32.4292,-1372.89,-617.224,-1239.87,-652.254
-1308.0,-700.0,-117.743,9.28582e-07,87.6646,34.4782,92.3354,-32.6611,-1373.12,-617.233,-1239.87,-653.211
-1306.0,-700.0,-116.665,9.23105e-07,87.6332,34.7129,92.3668,-32.8958,-1373.34,-617.243,-1239.87,-654.184
-1304.0,-700.0,-115.828,9.17644e-07,87.6015,34.9504,92.3985,-33.1333,-1373.57,-617.252,-1239.87,-655.175
-1302.0,-700.0,-115.179,9.12191e-07,87.5801,35.1907,92.4199,-33.3737,-1373.79,-617.262,-1239.87,-656.184
-1300.0,-700.0,-114.676,9.06751e-07,87.5656,35.434,92.4344,-33.6169,-1374.02,-617.271,-1239.87,-657.211
-1298.0,-700.0,-114.289,9.01326e-07,87.5509,35.6801,92.4491,-33.8631,-1374.25,-617.281,-1239.87,-658.257
-1296.0,-700.0,-113.998,8.95931e-07,87.5189,35.9293,92.4811,-34.1122,-1374.47,-617.29,-1239.87,-659.322
-1294.0,-700.0,-113.787,8.90553e-07,87.4857,36.1815,92.5143,-34.3644,-1374.7,-617.3,-1239.87,-660.407
-1292.0,-700.0,-113.648,8.85193e-07,87.4523,36.4367,92.5477,-34.6197,-1374.93,-617.31,-1239.87,-661.512
-1290.0,-700.0,-113.578,8.79851e-07,87.4184,36.6951,92.5816,-34.878,-1375.15,-617.319,-1239.87,-662.639
-1288.0,-700.0,-113.578,8.74527e-07,87.3842,36.9566,92.6158,-35.1396,-1375.38,-617.329,-1239.87,-663.786
-1286.0,-700.0,-113.654,8.69223e-07,87.3497,37.2214,92.6503,-35.4043,-1375.61,-617.338,-1239.87,-664.956
-1284.0,-700.0,-113.818,8.63937e-07,87.3147,37.4894,92.6853,-35.6723,-1375.83,-617.348,-1239.87,-666.149
-1282.0,-700.0,-114.092,8.5867e-07,87.2794,37.7607,92.7206,-35.9436,-1376.06,-617.357,-1239.87,-667.365
-1280.0,-700.0,-125.216,8.53427e-07,87.2438,38.1268,92.7562,-35.9954,-1376.1,-617.359,-1239.87,-668.502
-1278.0,-700.0,-130.755,8.48211e-07,87.2078,38.5207,92.7922,-35.9954,-1376.1,-617.359,-1239.87,-669.646
-1276.0,-700.0,-135.734,8.43018e-07,87.1797,38.9215,92.8203,-35.9954,-1376.1,-617.359,-1239.87,-670.823
-1274.0,-700.0,-140.875,8.37847e-07,87.1623,39.3294,92.8377,-35.9954,-1376.1,-617.359,-1239.87,-672.034
-1272.0,-700.0,-160.621,1.26226e-06,88.1169,61.1692,91.8831,-43.396,-1381.4,-617.583,-1239.86,-641.618
-1270.0,-700.0,-160.406,1.18686e-06,87.9972,106.09,92.0028,-43.3117,-1381.35,-617.58,-1325.89,-506.236
-1268.0,-700.0,-160.307,1.18873e-06,88.0003,106.494,91.9997,-43.3117,-1381.35,-617.58,-1325.38,-506.225
-1266.0,-700.0,-158.531,8.63586e-07,84.579,43.4026,82.8552,44.8928,-1389.97,-590.003,-1239.87,-675.287
-1264.0,-700.0,-156.558,8.58772e-07,84.5484,43.7099,82.8157,45.2001,-1390.08,-590.006,-1239.87,-676.932
-1262.0,-700.0,-155.174,8.53982e-07,84.5175,44.0207,82.7761,45.511,-1390.19,-590.01,-1239.87,-678.613
-1260.0,-700.0,-154.242,8.49218e-07,84.4865,44.335,82.7362,45.8253,-1390.3,-590.013,-1239.87,-680.332
-1258.0,-700.0,-153.648,8.4448e-07,84.4553,44.6529,82.696,46.1433,-1390.41,-590.016,-1239.87,-682.088
-1256.0,-700.0,-159.659,8.79262e-07,87.2961,117.61,92.7039,-35.9954,-1376.1,-617.359,-1314.9,-587.39
-1254.0,-700.0,-159.159,8.82379e-07,87.3056,118.145,92.6944,-35.9954,-1376.1,-617.359,-1314.25,-587.373
-1252.0,-700.0,-158.903,8.85543e-07,87.326,118.674,92.674,-35.9954,-1376.1,-617.359,-1313.61,-587.356
-1250.0,-700.0,-157.703,8.78503e-07,83.7531,125.078,79.9978,-51.3844,-1385.81,-617.768,-1328.82,-587.754
-1248.0,-700.0,-154.453,8.79726e-07,83.6697,125.563,85.6918,-51.4107,-1385.82,-617.769,-1328.26,-587.739
-1246.0,-700.0,-154.139,8.8357e-07,83.7256,125.916,85.7104,-51.0557,-1385.65,-617.761,-1327.33,-587.715
-1244.0,-700.0,-154.036,8.87447e-07,83.7812,126.267,85.729,-50.7038,-1385.47,-617.754,-1326.4,-587.69
-1242.0,-700.0,-154.132,8.91358e-07,83.8365,126.614,85.7476,-50.355,-1385.3,-617.746,-1325.47,-587.666
-1240.0,-700.0,-153.26,1.13069e-06,85.7904,155.058,86.2773,-26.8048,-1366.45,-616.952,-1308.88,-667.965
-1238.0,-700.0,0.0,0.0,0.0,0.0,0.0,0.0,0.0,0.0,0.0,0.0
-1236.0,-700.0,0.0,0.0,0.0,0.0,0.0,0.0,0.0,0.0,0.0,0.0
-1234.0,-700.0,0.0,0.0,0.0,0.0,0.0,0.0,0.0,0.0,0.0,0.0
-1232.0,-700.0,0.0,0.0,0.0,0.0,0.0,0.0,0.0,0.0,0.0,0.0
-1230.0,-700.0,0.0,0.0,0.0,0.0,0.0,0.0,0.0,0.0,0.0,0.0
-1228.0,-700.0,0.0,0.0,0.0,0.0,0.0,0.0,0.0,0.0,0.0,0.0
-1226.0,-700.0,0.0,0.0,0.0,0.0,0.0,0.0,0.0,0.0,0.0,0.0
-1224.0,-700.0,0.0,0.0,0.0,0.0,0.0,0.0,0.0,0.0,0.0,0.0
-1222.0,-700.0,0.0,0.0,0.0,0.0,0.0,0.0,0.0,0.0,0.0,0.0
-1220.0,-700.0,0.0,0.0,0.0,0.0,0.0,0.0,0.0,0.0,0.0,0.0
-1218.0,-700.0,0.0,0.0,0.0,0.0,0.0,0.0,0.0,0.0,0.0,0.0
-1216.0,-700.0,-165.557,1.5794e-06,88.7958,-106.158,91.2042,-43.3117,-1381.35,-617.58,-1231.39,-753.1
-1214.0,-700.0,-165.882,1.58126e-06,88.8279,-106.44,91.1721,-43.3117,-1381.35,-617.58,-1229.65,-753.043
-1212.0,-700.0,-162.478,9.21882e-07,56.3571,46.9732,88.6129,-32.6185,-1373.08,-617.231,-1196.15,-683.024
-1210.0,-700.0,-164.91,9.1772e-07,54.2038,48.8173,88.6166,-32.825,-1373.27,-617.24,-1196.12,-684.136
-1208.0,-700.0,-161.437,9.13781e-07,51.7944,51.1489,88.6201,-33.0235,-1373.46,-617.248,-1196.09,-685.21
-1206.0,-700.0,-162.429,9.10115e-07,49.1338,54.1592,88.6235,-33.2114,-1373.64,-617.255,-1196.06,-686.232
-1204.0,-700.0,-164.37,9.07314e-07,46.0395,58.4008,88.6261,-33.3602,-1373.78,-617.261,-1196.03,-687.045
-1202.0,-700.0,-165.116,9.04934e-07,42.9944,63.9235,88.6285,-33.49,-1373.9,-617.266,-1196.01,-687.757
-1600.0,-698.0,-108.386,7.43699e-07,87.8034,26.1049,92.1966,-153.895,-1600.0,-698.0,-1400.0,-600.0
-1598.0,-698.0,-108.315,7.37717e-07,87.7856,26.3331,92.2144,-153.667,-1598.0,-698.0,-1400.0,-600.0
-1596.0,-698.0,-108.244,7.31746e-07,87.7675,26.5651,92.2325,-153.435,-1596.0,-698.0,-1400.0,-600.0
-1594.0,-698.0,-108.173,7.25788e-07,87.7491,26.8008,92.2509,-153.199,-1594.0,-698.0,-1400.0,-600.0
-1592.0,-698.0,-108.101,7.19843e-07,87.7305,27.0405,92.2695,-152.959,-1592.0,-698.0,-1400.0,-600.0
-1590.0,-698.0,-108.029,7.1391e-07,87.7117,27.2842,92.2883,-152.716,-1590.0,-698.0,-1400.0,-600.0
-1588.0,-698.0,-107.957,7.0799e-07,87.6925,27.532,92.3075,-152.468,-1588.0,-698.0,-1400.0,-600.0
-1586.0,-698.0,-107.884,7.02084e-07,87.6731,27.7839,92.3269,-152.216,-1586.0,-698.0,-1400.0,-600.0
-1584.0,-698.0,-107.81,6.96197e-07,87.6434,28.0402,92.3566,-151.96,-1584.0,-698.0,-1400.0,-600.0
-1582.0,-698.0,-107.737,6.90331e-07,87.6,28.3008,92.4,-151.699,-1582.0,-698.0,-1400.0,-600.0
-1580.0,-698.0,-107.662,6.84479e-07,87.5558,28.5658,92.4442,-151.434,-1580.0,-698.0,-1400.0,-600.0
-1578.0,-698.0,-107.588,6.78643e-07,87.511,28.8355,92.489,-151.164,-1578.0,-698.0,-1400.0,-600.0
-1576.0,-698.0,-107.513,6.72823e-07,87.4654,29.1099,92.5346,-150.89,-1576.0,-698.0,-1400.0,-600.0
-1574.0,-698.0,-107.437,6.67019e-07,87.4192,29.389,92.5808,-150.611,-1574.0,-698.0,-1400.0,-600.0
-1572.0,-698.0,-107.361,6.61231e-07,87.3721,29.6731,92.6279,-150.327,-1572.0,-698.0,-1400.0,-600.0
-1570.0,-698.0,-107.285,6.5546e-07,87.3243,29.9622,92.6757,-150.038,-1570.0,-698.0,-1400.0,-600.0
-1568.0,-698.0,-107.208,6.49707e-07,87.2757,30.2564,92.7243,-149.744,-1568.0,-698.0,-1400.0,-600.0
-1566.0,-698.0,-107.131,6.43972e-07,87.2264,30.556,92.7736,-149.444,-1566.0,-698.0,-1400.0,-600.0
-1564.0,-698.0,-107.053,6.38264e-07,87.1597,30.8609,92.8403,-149.139,-1564.0,-698.0,-1400.0,-600.0
-1562.0,-698.0,-106.975,6.3258e-07,87.083,31.1713,92.917,-148.829,-1562.0,-698.0,-1400.0,-600.0
-1560.0,-698.0,-106.897,6.2689e-07,87.0503,31.4875,92.9497,-148.513,-1560.0,-698.0,-1400.0,-600.0
-1558.0,-698.0,-106.817,6.21202e-07,87.0493,31.8094,92.9507,-148.191,-1558.0,-698.0,-1400.0,-600.0
-1556.0,-698.0,-106.738,6.15542e-07,87.0348,32.1372,92.9652,-147.863,-1556.0,-698.0,-1400.0,-600.0
-1554.0,-698.0,-106.658,6.09909e-07,87.0074,32.4712,92.9926,-147.529,-1554.0,-698.0,-1400.0,-600.0
-1552.0,-698.0,-106.577,6.04297e-07,86.9796,32.8114,93.0204,-147.189,-1552.0,-698.0,-1400.0,-600.0
-1550.0,-698.0,-106.496,5.98707e-07,86.9513,33.1579,93.0487,-146.842,-1550.0,-698.0,-1400.0,-600.0
-1548.0,-698.0,-106.415,5.9314e-07,86.9227,33.511,93.0773,-146.489,-1548.0,-698.0,-1400.0,-600.0
-1546.0,-698.0,-106.333,5.87595e-07,86.8936,33.8708,93.1064,-146.129,-1546.0,-698.0,-1400.0,-600.0
-1544.0,-698.0,-106.251,5.82074e-07,86.8641,34.2375,93.1359,-145.763,-1544.0,-698.0,-1400.0,-600.0
-1542.0,-698.0,-106.168,5.76578e-07,86.8342,34.6111,93.1658,-145.389,-1542.0,-698.0,-1400.0,-600.0
-1540.0,-698.0,-106.085,5.71106e-07,86.8038,34.992,93.1962,-145.008,-1540.0,-698.0,-1400.0,-600.0
-1538.0,-698.0,-106.002,5.65661e-07,86.773,35.3803,93.227,-144.62,-1538.0,-698.0,-1400.0,-600.0
-1536.0,-698.0,-105.918,5.6023e-07,86.7631,35.7761,93.2369,-144.224,-1536.0,-698.0,-1400.0,-600.0
-1534.0,-698.0,-105.833,5.54822e-07,86.7606,36.1796,93.2394,-143.82,-1534.0,-698.0,-1400.0,-600.0
-1532.0,-698.0,-105.748,5.49442e-07,86.7583,36.5911,93.2417,-143.409,-1532.0,-698.0,-1400.0,-600.0
-1530.0,-698.0,-105.663,5.44091e-07,86.7561,37.0107,93.2439,-142.989,-1530.0,-698.0,-1400.0,-600.0
-1528.0,-698.0,-105.577,5.3877e-07,86.754,37.4386,93.246,-142.561,-1528.0,-698.0,-1400.0,-600.0
-1526.0,-698.0,-105.491,5.33479e-07,86.7521,37.875,93.2479,-142.125,-1526.0,-698.0,-1400.0,-600.0
-1524.0,-698.0,-105.405,5.2822e-07,86.7503,38.3201,93.2497,-141.68,-1524.0,-698.0,-1400.0,-600.0
-1522.0,-698.0,-105.319,5.22993e-07,86.7487,38.7742,93.2513,-141.226,-1522.0,-698.0,-1400.0,-600.0
-1520.0,-698.0,-105.232,5.178e-07,86.7473,39.2374,93.2527,-140.763,-1520.0,-698.0,-1400.0,-600.0
-1518.0,-698.0,-105.145,5.12641e-07,86.746,39.7099,93.254,-140.29,-1518.0,-698.0,-1400.0,-600.0
-1516.0,-698.0,-105.057,5.07502e-07,86.7757,40.192,93.2243,-139.808,-1516.0,-698.0,-1400.0,-600.0
-1514.0,-698.0,-104.969,5.02399e-07,86.8073,40.684,93.1927,-139.316,-1514.0,-698.0,-1400.0,-600.0
-1512.0,-698.0,-104.881,4.97348e-07,86.8108,41.1859,93.1892,-138.814,-1512.0,-698.0,-1400.0,-600.0
-1510.0,-698.0,-104.793,4.92337e-07,86.8111,41.6981,93.1889,-138.302,-1510.0,-698.0,-1400.0,-600.0
-1508.0,-698.0,-104.704,4.87367e-07,86.8117,42.2208,93.1883,-137.779,-1508.0,-698.0,-1400.0,-600.0
-1506.0,-698.0,-104.616,4.82437e-07,86.8126,42.7543,93.1874,-137.246,-1506.0,-698.0,-1400.0,-600.0
-1504.0,-698.0,-104.527,4.77551e-07,86.8138,43.2986,93.1862,-136.701,-1504.0,-698.0,-1400.0,-600.0
-1502.0,-698.0,-104.438,4.72708e-07,86.8153,43.8542,93.1847,-136.146,-1502.0,-698.0,-1400.0,-600.0
-1500.0,-698.0,-104.35,4.6791e-07,86.8172,44.4213,93.1828,-135.579,-1500.0,-698.0,-1400.0,-600.0
-1498.0,-698.0,-104.261,4.63159e-07,86.8194,45.0,93.1806,-135.0,-1498.0,-698.0,-1400.0,-600.0
-1496.0,-698.0,-104.172,4.58456e-07,86.822,45.5907,93.178,-134.409,-1496.0,-698.0,-1400.0,-600.0
-1494.0,-698.0,-104.083,4.53805e-07,86.8207,46.1935,93.1793,-133.807,-1494.0,-698.0,-1400.0,-600.0
-1492.0,-698.0,-103.995,4.49218e-07,86.7882,46.8087,93.2118,-133.191,-1492.0,-698.0,-1400.0,-600.0
-1490.0,-698.0,-103.907,4.44685e-07,86.7554,47.4366,93.2446,-132.563,-1490.0,-698.0,-1400.0,-600.0
-1488.0,-698.0,-103.818,4.40206e-07,86.7224,48.0775,93.2776,-131.923,-1488.0,-698.0,-1400.0,-600.0
-1486.0,-698.0,-103.731,4.35782e-07,86.6891,48.7314,93.3109,-131.269,-1486.0,-698.0,-1400.0,-600.0
-1484.0,-698.0,-103.643,4.31417e-07,86.6555,49.3987,93.3445,-130.601,-1484.0,-698.0,-1400.0,-600.0
-1482.0,-698.0,-103.556,4.27112e-07,86.6218,50.0796,93.3782,-129.92,-1482.0,-698.0,-1400.0,-600.0
-1480.0,-698.0,-103.469,4.22868e-07,86.5878,50.7743,93.4122,-129.226,-1480.0,-698.0,-1400.0,-600.0
-1478.0,-698.0,-103.382,4.18687e-07,86.5537,51.4831,93.4463,-128.517,-1478.0,-698.0,-1400.0,-600.0
-1476.0,-698.0,-103.296,4.14572e-07,86.5195,52.2061,93.4805,-127.794,-1476.0,-698.0,-1400.0,-600.0
-1474.0,-698.0,-103.211,4.10524e-07,86.4851,52.9435,93.5149,-127.057,-1474.0,-698.0,-1400.0,-600.0
-1472.0,-698.0,-103.126,4.06545e-07,86.4507,53.6955,93.5493,-126.304,-1472.0,-698.0,-1400.0,-600.0
-1470.0,-698.0,-103.042,4.02637e-07,86.4162,54.4623,93.5838,-125.538,-1470.0,-698.0,-1400.0,-600.0
-1468.0,-698.0,-102.959,3.98803e-07,86.3817,55.2441,93.6183,-124.756,-1468.0,-698.0,-1400.0,-600.0
-1466.0,-698.0,-102.876,3.95044e-07,86.3472,56.0409,93.6528,-123.959,-1466.0,-698.0,-1400.0,-600.0
-1464.0,-698.0,-102.795,3.91363e-07,86.3128,56.853,93.6872,-123.147,-1464.0,-698.0,-1400.0,-600.0
-1462.0,-698.0,-102.715,3.87764e-07,86.2733,57.6804,93.7267,-122.32,-1462.0,-698.0,-1400.0,-600.0
-1460.0,-698.0,-102.636,3.84264e-07,86.1972,58.5232,93.8028,-121.477,-1460.0,-698.0,-1400.0,-600.0
-1458.0,-698.0,-102.558,3.80849e-07,86.1206,59.3814,93.8794,-120.619,-1458.0,-698.0,-1400.0,-600.0
-1456.0,-698.0,-102.482,3.77521e-07,86.0435,60.2551,93.9565,-119.745,-1456.0,-698.0,-1400.0,-600.0
-1454.0,-698.0,-102.407,3.74282e-07,85.966,61.1443,94.034,-118.856,-1454.0,-698.0,-1400.0,-600.0
-1452.0,-698.0,-102.333,3.71136e-07,85.8881,62.049,94.1119,-117.951,-1452.0,-698.0,-1400.0,-600.0
-1450.0,-698.0,-102.261,3.68084e-07,85.81,62.9691,94.19,-117.031,-1450.0,-698.0,-1400.0,-600.0
-1448.0,-698.0,-102.191,3.65128e-07,85.7317,63.9046,94.2683,-116.095,-1448.0,-698.0,-1400.0,-600.0
-1446.0,-698.0,-102.123,3.62272e-07,85.6533,64.8552,94.3467,-115.145,-1446.0,-698.0,-1400.0,-600.0
-1444.0,-698.0,-102.056,3.59517e-07,85.575,65.8209,94.425,-114.179,-1444.0,-698.0,-1400.0,-600.0
-1442.0,-698.0,-101.992,3.56866e-07,85.4967,66.8014,94.5033,-113.199,-1442.0,-698.0,-1400.0,-600.0
-1440.0,-698.0,-101.93,3.5432e-07,85.4186,67.7965,94.5814,-112.203,-1440.0,-698.0,-1400.0,-600.0
-1438.0,-698.0,-101.87,3.51877e-07,85.3535,68.8059,94.6465,-111.194,-1438.0,-698.0,-1400.0,-600.0
-1436.0,-698.0,-101.811,3.49528e-07,85.3222,69.8293,94.6778,-110.171,-1436.0,-698.0,-1400.0,-600.0
-1434.0,-698.0,-101.755,3.47291e-07,85.292,70.8664,94.708,-109.134,-1434.0,-698.0,-1400.0,-600.0
-1432.0,-698.0,-101.702,3.45169e-07,85.2629,71.9166,94.7371,-108.083,-1432.0,-698.0,-1400.0,-600.0
-1430.0,-698.0,-101.651,3.43163e-07,85.2352,72.9795,94.7648,-107.021,-1430.0,-698.0,-1400.0,-600.0
-1428.0,-698.0,-101.603,3.41276e-07,85.2088,74.0546,94.7912,-105.945,-1428.0,-698.0,-1400.0,-600.0
-1426.0,-698.0,-101.558,3.3951e-07,85.1838,75.1414,94.8162,-104.859,-1426.0,-698.0,-1400.0,-600.0
-1424.0,-698.0,-109.695,3.37867e-07,85.1603,76.2865,94.8397,-103.963,-1404.61,-618.561,-1404.61,-618.561
-1422.0,-698.0,-118.809,3.36368e-07,85.1387,77.6556,94.8613,-103.963,-1404.61,-618.561,-1404.61,-618.561
-1420.0,-698.0,-122.321,9.97293e-07,88.3621,86.201,91.6379,93.9163,-1406.85,-499.954,-1406.85,-499.954
-1418.0,-698.0,-122.304,9.96873e-07,88.3614,86.5838,91.6386,93.5335,-1406.18,-499.953,-1406.18,-499.953
-1416.0,-698.0,-122.237,9.96498e-07,88.3608,86.967,91.6392,93.1503,-1405.51,-499.953,-1405.51,-499.953
-1414.0,-698.0,-122.139,9.96167e-07,88.3603,87.3505,91.6397,92.7668,-1404.84,-499.952,-1404.84,-499.952
-1412.0,-698.0,-122.027,9.95881e-07,88.3598,87.7342,91.6402,92.3831,-1404.16,-499.951,-1404.16,-499.951
-1410.0,-698.0,-121.913,9.9564e-07,88.3594,88.118,91.6406,91.9992,-1403.49,-499.951,-1403.49,-499.951
-1408.0,-698.0,-119.454,1.11207e-06,88.5312,98.2745,91.4688,81.6813,-1396.73,-577.62,-1425.4,-578.374
-1406.0,-698.0,-145.028,3.30157e-07,85.047,89.0012,94.953,-103.963,-1404.61,-618.561,-1404.61,-618.561
-1404.0,-698.0,-150.017,3.30125e-07,85.0466,90.4436,94.9534,-103.963,-1404.61,-618.561,-1404.61,-618.561
-1402.0,-698.0,-152.593,4.87118e-07,86.6453,101.564,93.3547,148.195,-1425.26,-584.337,-1425.26,-584.337
-1400.0,-698.0,0.0,0.0,0.0,0.0,0.0,0.0,0.0,0.0,0.0,0.0
-1398.0,-698.0,0.0,0.0,0.0,0.0,0.0,0.0,0.0,0.0,0.0,0.0
-1396.0,-698.0,0.0,0.0,0.0,0.0,0.0,0.0,0.0,0.0,0.0,0.0
-1394.0,-698.0,0.0,0.0,0.0,0.0,0.0,0.0,0.0,0.0,0.0,0.0
-1392.0,-698.0,0.0,0.0,0.0,0.0,0.0,0.0,0.0,0.0,0.0,0.0
-1390.0,-698.0,0.0,0.0,0.0,0.0,0.0,0.0,0.0,0.0,0.0,0.0
-1388.0,-698.0,0.0,0.0,0.0,0.0,0.0,0.0,0.0,0.0,0.0,0.0
-1386.0,-698.0,0.0,0.0,0.0,0.0,0.0,0.0,0.0,0.0,0.0,0.0
-1384.0,-698.0,0.0,0.0,0.0,0.0,0.0,0.0,0.0,0.0,0.0,0.0
-1382.0,-698.0,0.0,0.0,0.0,0.0,0.0,0.0,0.0,0.0,0.0,0.0
-1380.0,-698.0,0.0,0.0,0.0,0.0,0.0,0.0,0.0,0.0,0.0,0.0
-1378.0,-698.0,0.0,0.0,0.0,0.0,0.0,0.0,0.0,0.0,0.0,0.0
-1376.0,-698.0,0.0,0.0,0.0,0.0,0.0,0.0,0.0,0.0,0.0,0.0
-1374.0,-698.0,0.0,0.0,0.0,0.0,0.0,0.0,0.0,0.0,0.0,0.0
-1372.0,-698.0,0.0,0.0,0.0,0.0,0.0,0.0,0.0,0.0,0.0,0.0
-1370.0,-698.0,0.0,0.0,0.0,0.0,0.0,0.0,0.0,0.0,0.0,0.0
-1368.0,-698.0,0.0,0.0,0.0,0.0,0.0,0.0,0.0,0.0,0.0,0.0
-1366.0,-698.0,0.0,0.0,0.0,0.0,0.0,0.0,0.0,0.0,0.0,0.0
-1364.0,-698.0,0.0,0.0,0.0,0.0,0.0,0.0,0.0,0.0,0.0,0.0
-1362.0,-698.0,0.0,0.0,0.0,0.0,0.0,0.0,0.0,0.0,0.0,0.0
-1360.0,-698.0,-173.944,1.78184e-06,89.0118,37.6533,90.9882,-126.816,-1556.08,-808.509,-1349.76,-690.096
-1358.0,-698.0,-173.692,1.77657e-06,88.9998,37.9107,91.0002,-126.816,-1556.08,-808.509,-1349.71,-691.543
-1356.0,-698.0,-163.264,1.04358e-06,86.0862,-22.7206,69.0036,23.4526,-1375.97,-589.575,-1329.8,-708.971
-1354.0,-698.0,-162.821,1.03747e-06,86.0454,-22.863,68.906,23.5689,-1376.11,-589.579,-1328.16,-708.897
-1352.0,-698.0,-158.818,5.47951e-07,91.3312,74.359,101.312,-69.095,-1393.1,-618.075,-1349.76,-689.998
-1350.0,-698.0,-173.86,1.68399e-06,88.9064,-146.029,91.0936,-126.816,-1556.08,-808.509,-1368.43,-710.419
-1348.0,-698.0,0.0,0.0,0.0,0.0,0.0,0.0,0.0,0.0,0.0,0.0
-1346.0,-698.0,0.0,0.0,0.0,0.0,0.0,0.0,0.0,0.0,0.0,0.0
-1344.0,-698.0,0.0,0.0,0.0,0.0,0.0,0.0,0.0,0.0,0.0,0.0
-1342.0,-698.0,0.0,0.0,0.0,0.0,0.0,0.0,0.0,0.0,0.0,0.0
-1340.0,-698.0,0.0,0.0,0.0,0.0,0.0,0.0,0.0,0.0,0.0,0.0
-1338.0,-698.0,0.0,0.0,0.0,0.0,0.0,0.0,0.0,0.0,0.0,0.0
-1336.0,-698.0,0.0,0.0,0.0,0.0,0.0,0.0,0.0,0.0,0.0,0.0
-1334.0,-698.0,0.0,0.0,0.0,0.0,0.0,0.0,0.0,0.0,0.0,0.0
-1332.0,-698.0,0.0,0.0,0.0,0.0,0.0,0.0,0.0,0.0,0.0,0.0
-1330.0,-698.0,0.0,0.0,0.0,0.0,0.0,0.0,0.0,0.0,0.0,0.0
-1328.0,-698.0,0.0,0.0,0.0,0.0,0.0,0.0,0.0,0.0,0.0,0.0
-1326.0,-698.0,0.0,0.0,0.0,0.0,0.0,0.0,0.0,0.0,0.0,0.0
-1324.0,-698.0,0.0,0.0,0.0,0.0,0.0,0.0,0.0,0.0,0.0,0.0
-1322.0,-698.0,0.0,0.0,0.0,0.0,0.0,0.0,0.0,0.0,0.0,0.0
-1320.0,-698.0,0.0,0.0,0.0,0.0,0.0,0.0,0.0,0.0,0.0,0.0
-1318.0,-698.0,0.0,0.0,0.0,0.0,0.0,0.0,0.0,0.0,0.0,0.0
-1316.0,-698.0,0.0,0.0,0.0,0.0,0.0,0.0,0.0,0.0,0.0,0.0
-1314.0,-698.0,0.0,0.0,0.0,0.0,0.0,0.0,0.0,0.0,0.0,0.0
-1312.0,-698.0,0.0,0.0,0.0,0.0,0.0,0.0,0.0,0.0,0.0,0.0
-1310.0,-698.0,-121.695,9.30348e-07,87.6731,33.9063,92.3269,-32.0892,-1372.55,-617.21,-1239.86,-650.86
-1308.0,-698.0,-119.793,9.24833e-07,87.6417,34.1371,92.3583,-32.32,-1372.78,-617.219,-1239.87,-651.805
-1306.0,-698.0,-118.234,9.19333e-07,87.61,34.3707,92.39,-32.5536,-1373.01,-617.229,-1239.87,-652.766
-1304.0,-698.0,-117.009,9.13845e-07,87.5845,34.6071,92.4155,-32.7901,-1373.24,-617.238,-1239.87,-653.745
-1302.0,-698.0,-116.059,9.08365e-07,87.5699,34.8464,92.4301,-33.0293,-1373.47,-617.248,-1239.87,-654.741
-1300.0,-698.0,-115.324,9.02901e-07,87.5552,35.0886,92.4448,-33.2715,-1373.7,-617.258,-1239.87,-655.755
-1298.0,-698.0,-114.757,8.97454e-07,87.5403,35.3337,92.4597,-33.5167,-1373.93,-617.267,-1239.87,-656.787
-1296.0,-698.0,-114.32,8.92026e-07,87.5219,35.5819,92.4781,-33.7648,-1374.16,-617.277,-1239.87,-657.839
-1294.0,-698.0,-113.99,8.86624e-07,87.4885,35.833,92.5115,-34.016,-1374.39,-617.287,-1239.87,-658.91
-1292.0,-698.0,-113.746,8.8124e-07,87.4549,36.0873,92.5451,-34.2702,-1374.62,-617.296,-1239.87,-660.001
-1290.0,-698.0,-113.58,8.75874e-07,87.4208,36.3447,92.5792,-34.5276,-1374.85,-617.306,-1239.87,-661.113
-1288.0,-698.0,-113.485,8.70526e-07,87.3864,36.6053,92.6136,-34.7882,-1375.07,-617.316,-1239.87,-662.246
-1286.0,-698.0,-113.46,8.65197e-07,87.3516,36.8691,92.6484,-35.052,-1375.3,-617.325,-1239.87,-663.401
-1284.0,-698.0,-113.511,8.59886e-07,87.3165,37.1362,92.6835,-35.3191,-1375.53,-617.335,-1239.87,-664.579
-1282.0,-698.0,-113.647,8.54595e-07,87.2809,37.4066,92.7191,-35.5895,-1375.76,-617.345,-1239.87,-665.78
-1280.0,-698.0,-113.889,8.49323e-07,87.245,37.6804,92.755,-35.8633,-1375.99,-617.354,-1239.87,-667.004
-1278.0,-698.0,-123.363,8.44072e-07,87.2087,38.018,92.7913,-35.9954,-1376.1,-617.359,-1239.87,-668.188
-1276.0,-698.0,-129.279,8.38843e-07,87.1804,38.4172,92.8196,-35.9954,-1376.1,-617.359,-1239.87,-669.344
-1274.0,-698.0,-134.424,8.33635e-07,87.1628,38.8236,92.8372,-35.9954,-1376.1,-617.359,-1239.87,-670.534
-1272.0,-698.0,-139.537,8.28458e-07,87.1451,39.2372,92.8549,-35.9954,-1376.1,-617.359,-1239.87,-671.759
-1270.0,-698.0,-160.316,1.18044e-06,87.9968,106.208,92.0032,-43.3117,-1381.35,-617.58,-1325.74,-506.233
-1268.0,-698.0,-160.222,1.18233e-06,88.0,106.615,92.0,-43.3117,-1381.35,-617.58,-1325.22,-506.222
-1266.0,-698.0,-160.15,1.18426e-06,88.0032,107.02,91.9968,-43.3117,-1381.35,-617.58,-1324.71,-506.212
-1264.0,-698.0,-158.563,8.54175e-07,84.5209,43.3836,82.8569,44.8797,-1389.96,-590.003,-1239.87,-675.193
-1262.0,-698.0,-156.541,8.49359e-07,84.4896,43.6942,82.817,45.1903,-1390.07,-590.006,-1239.87,-676.856
-1260.0,-698.0,-155.127,8.44569e-07,84.458,44.0084,82.7769,45.5046,-1390.18,-590.01,-1239.87,-678.554
-1258.0,-698.0,-154.177,8.39805e-07,84.4263,44.3262,82.7365,45.8224,-1390.3,-590.013,-1239.87,-680.291
-1256.0,-698.0,-153.574,8.35066e-07,84.3944,44.6477,82.6959,46.144,-1390.41,-590.016,-1239.87,-682.067
-1254.0,-698.0,-158.902,8.76499e-07,87.3017,118.432,92.6983,-35.9954,-1376.1,-617.359,-1313.9,-587.364
-1252.0,-698.0,-158.769,8.79693e-07,87.3223,118.965,92.6777,-35.9954,-1376.1,-617.359,-1313.25,-587.347
-1250.0,-698.0,-154.532,8.70483e-07,83.5639,125.463,85.6862,-51.518,-1385.87,-617.771,-1328.54,-587.746
-1248.0,-698.0,-154.156,8.74316e-07,83.6209,125.821,85.705,-51.1587,-1385.7,-617.763,-1327.6,-587.722
-1246.0,-698.0,-154.0,8.78183e-07,83.6776,126.175,85.7237,-50.8026,-1385.52,-617.756,-1326.66,-587.697
-1244.0,-698.0,-153.223,1.11585e-06,85.6869,155.084,86.2787,-26.7928,-1366.43,-616.951,-1308.89,-667.859
-1242.0,-698.0,-153.177,1.12186e-06,85.7317,155.227,86.295,-26.6461,-1366.23,-616.943,-1308.91,-667.122
-1240.0,-698.0,-153.156,1.12789e-06,85.7761,155.368,86.3113,-26.5011,-1366.04,-616.935,-1308.93,-666.395
-1238.0,-698.0,0.0,0.0,0.0,0.0,0.0,0.0,0.0,0.0,0.0,0.0
-1236.0,-698.0,0.0,0.0,0.0,0.0,0.0,0.0,0.0,0.0,0.0,0.0
-1234.0,-698.0,0.0,0.0,0.0,0.0,0.0,0.0,0.0,0.0,0.0,0.0
-1232.0,-698.0,0.0,0.0,0.0,0.0,0.0,0.0,0.0,0.0,0.0,0.0
-1230.0,-698.0,0.0,0.0,0.0,0.0,0.0,0.0,0.0,0.0,0.0,0.0
-1228.0,-698.0,0.0,0.0,0.0,0.0,0.0,0.0,0.0,0.0,0.0,0.0
-1226.0,-698.0,0.0,0.0,0.0,0.0,0.0,0.0,0.0,0.0,0.0,0.0
-1224.0,-698.0,0.0,0.0,0.0,0.0,0.0,0.0,0.0,0.0,0.0,0.0
-1222.0,-698.0,0.0,0.0,0.0,0.0,0.0,0.0,0.0,0.0,0.0,0.0
-1220.0,-698.0,0.0,0.0,0.0,0.0,0.0,0.0,0.0,0.0,0.0,0.0
-1218.0,-698.0,0.0,0.0,0.0,0.0,0.0,0.0,0.0,0.0,0.0,0.0
-1216.0,-698.0,-165.518,1.58582e-06,88.7929,-106.077,91.2071,-43.3117,-1381.35,-617.58,-1231.88,-753.116
-1214.0,-698.0,-165.82,1.58766e-06,88.8248,-106.358,91.1752,-43.3117,-1381.35,-617.58,-1230.16,-753.06
-1212.0,-698.0,-166.199,1.58954e-06,88.8566,-106.638,91.1434,-43.3117,-1381.35,-617.58,-1228.44,-753.003
-1210.0,-698.0,-166.67,1.59145e-06,88.8884,-106.917,91.1116,-43.3117,-1381.35,-617.58,-1226.71,-752.946
-1208.0,-698.0,-162.556,9.09847e-07,51.4253,50.9562,88.6141,-32.685,-1373.14,-617.234,-1196.14,-683.381
-1206.0,-698.0,-163.409,9.06182e-07,48.7429,54.0084,88.6174,-32.8715,-1373.32,-617.242,-1196.11,-684.387
-1204.0,-698.0,-165.074,9.03389e-07,45.6317,58.309,88.62,-33.0188,-1373.46,-617.248,-1196.09,-685.185
-1202.0,-698.0,-165.923,9.01139e-07,42.5419,63.9713,88.6222,-33.1415,-1373.58,-617.253,-1196.07,-685.852
-1600.0,-696.0,-108.351,7.40789e-07,87.7948,25.641,92.2052,-154.359,-1600.0,-696.0,-1400.0,-600.0
-1598.0,-696.0,-108.281,7.34783e-07,87.7767,25.8664,92.2233,-154.134,-1598.0,-696.0,-1400.0,-600.0
-1596.0,-696.0,-108.209,7.28789e-07,87.7584,26.0954,92.2416,-153.905,-1596.0,-696.0,-1400.0,-600.0
-1594.0,-696.0,-108.137,7.22806e-07,87.7399,26.3283,92.2601,-153.672,-1594.0,-696.0,-1400.0,-600.0
-1592.0,-696.0,-108.065,7.16836e-07,87.721,26.5651,92.279,-153.435,-1592.0,-696.0,-1400.0,-600.0
-1590.0,-696.0,-107.992,7.10878e-07,87.7019,26.8058,92.2981,-153.194,-1590.0,-696.0,-1400.0,-600.0
-1588.0,-696.0,-107.919,7.04933e-07,87.6825,27.0506,92.3175,-152.949,-1588.0,-696.0,-1400.0,-600.0
-1586.0,-696.0,-107.845,6.99001e-07,87.6628,27.2996,92.3372,-152.7,-1586.0,-696.0,-1400.0,-600.0
-1584.0,-696.0,-107.771,6.93087e-07,87.6328,27.5528,92.3672,-152.447,-1584.0,-696.0,-1400.0,-600.0
-1582.0,-696.0,-107.697,6.87195e-07,87.589,27.8104,92.411,-152.19,-1582.0,-696.0,-1400.0,-600.0
-1580.0,-696.0,-107.622,6.81316e-07,87.5445,28.0725,92.4555,-151.928,-1580.0,-696.0,-1400.0,-600.0
-1578.0,-696.0,-107.547,6.75453e-07,87.4992,28.3391,92.5008,-151.661,-1578.0,-696.0,-1400.0,-600.0
-1576.0,-696.0,-107.471,6.69605e-07,87.4533,28.6105,92.5467,-151.39,-1576.0,-696.0,-1400.0,-600.0
-1574.0,-696.0,-107.395,6.63773e-07,87.4065,28.8866,92.5935,-151.113,-1574.0,-696.0,-1400.0,-600.0
-1572.0,-696.0,-107.318,6.57956e-07,87.359,29.1676,92.641,-150.832,-1572.0,-696.0,-1400.0,-600.0
-1570.0,-696.0,-107.241,6.52157e-07,87.3108,29.4537,92.6892,-150.546,-1570.0,-696.0,-1400.0,-600.0
-1568.0,-696.0,-107.163,6.46374e-07,87.2617,29.7449,92.7383,-150.255,-1568.0,-696.0,-1400.0,-600.0
-1566.0,-696.0,-107.085,6.40614e-07,87.2012,30.0414,92.7988,-149.959,-1566.0,-696.0,-1400.0,-600.0
-1564.0,-696.0,-107.007,6.34881e-07,87.125,30.3432,92.875,-149.657,-1564.0,-696.0,-1400.0,-600.0
-1562.0,-696.0,-106.928,6.29167e-07,87.0475,30.6507,92.9525,-149.349,-1562.0,-696.0,-1400.0,-600.0
-1560.0,-696.0,-106.849,6.23447e-07,87.0141,30.9638,92.9859,-149.036,-1560.0,-696.0,-1400.0,-600.0
-1558.0,-696.0,-106.768,6.17727e-07,87.0126,31.2827,92.9874,-148.717,-1558.0,-696.0,-1400.0,-600.0
-1556.0,-696.0,-106.688,6.12026e-07,87.0111,31.6075,92.9889,-148.392,-1556.0,-696.0,-1400.0,-600.0
-1554.0,-696.0,-106.607,6.06357e-07,86.9898,31.9384,93.0102,-148.062,-1554.0,-696.0,-1400.0,-600.0
-1552.0,-696.0,-106.525,6.00712e-07,86.9615,32.2756,93.0385,-147.724,-1552.0,-696.0,-1400.0,-600.0
-1550.0,-696.0,-106.443,5.95089e-07,86.9328,32.6192,93.0672,-147.381,-1550.0,-696.0,-1400.0,-600.0
-1548.0,-696.0,-106.361,5.89487e-07,86.9036,32.9694,93.0964,-147.031,-1548.0,-696.0,-1400.0,-600.0
-1546.0,-696.0,-106.278,5.83908e-07,86.874,33.3263,93.126,-146.674,-1546.0,-696.0,-1400.0,-600.0
-1544.0,-696.0,-106.195,5.78352e-07,86.8439,33.6901,93.1561,-146.31,-1544.0,-696.0,-1400.0,-600.0
-1542.0,-696.0,-106.111,5.72819e-07,86.8134,34.0609,93.1866,-145.939,-1542.0,-696.0,-1400.0,-600.0
-1540.0,-696.0,-106.027,5.67312e-07,86.7824,34.439,93.2176,-145.561,-1540.0,-696.0,-1400.0,-600.0
-1538.0,-696.0,-105.942,5.61829e-07,86.751,34.8245,93.249,-145.176,-1538.0,-696.0,-1400.0,-600.0
-1536.0,-696.0,-105.857,5.56361e-07,86.7405,35.2176,93.2595,-144.782,-1536.0,-696.0,-1400.0,-600.0
-1534.0,-696.0,-105.772,5.50915e-07,86.7376,35.6185,93.2624,-144.382,-1534.0,-696.0,-1400.0,-600.0
-1532.0,-696.0,-105.685,5.45497e-07,86.7348,36.0274,93.2652,-143.973,-1532.0,-696.0,-1400.0,-600.0
-1530.0,-696.0,-105.599,5.40107e-07,86.7321,36.4444,93.2679,-143.556,-1530.0,-696.0,-1400.0,-600.0
-1528.0,-696.0,-105.512,5.34746e-07,86.7296,36.8699,93.2704,-143.13,-1528.0,-696.0,-1400.0,-600.0
-1526.0,-696.0,-105.425,5.29415e-07,86.7271,37.3039,93.2729,-142.696,-1526.0,-696.0,-1400.0,-600.0
-1524.0,-696.0,-105.337,5.24115e-07,86.7248,37.7468,93.2752,-142.253,-1524.0,-696.0,-1400.0,-600.0
-1522.0,-696.0,-105.249,5.18847e-07,86.7227,38.1987,93.2773,-141.801,-1522.0,-696.0,-1400.0,-600.0
-1520.0,-696.0,-105.161,5.13611e-07,86.7207,38.6598,93.2793,-141.34,-1520.0,-696.0,-1400.0,-600.0
-1518.0,-696.0,-105.072,5.08398e-07,86.7421,39.1304,93.2579,-140.87,-1518.0,-696.0,-1400.0,-600.0
-1516.0,-696.0,-104.983,5.03215e-07,86.7728,39.6107,93.2272,-140.389,-1516.0,-696.0,-1400.0,-600.0
-1514.0,-696.0,-104.893,4.98069e-07,86.8043,40.1009,93.1957,-139.899,-1514.0,-696.0,-1400.0,-600.0
-1512.0,-696.0,-104.804,4.92974e-07,86.8075,40.6013,93.1925,-139.399,-1512.0,-696.0,-1400.0,-600.0
-1510.0,-696.0,-104.714,4.87918e-07,86.8076,41.1121,93.1924,-138.888,-1510.0,-696.0,-1400.0,-600.0
-1508.0,-696.0,-104.624,4.82902e-07,86.8078,41.6335,93.1922,-138.366,-1508.0,-696.0,-1400.0,-600.0
-1506.0,-696.0,-104.534,4.77927e-07,86.8084,42.1659,93.1916,-137.834,-1506.0,-696.0,-1400.0,-600.0
-1504.0,-696.0,-104.444,4.72994e-07,86.8093,42.7094,93.1907,-137.291,-1504.0,-696.0,-1400.0,-600.0
-1502.0,-696.0,-104.353,4.68104e-07,86.8104,43.2643,93.1896,-136.736,-1502.0,-696.0,-1400.0,-600.0
-1500.0,-696.0,-104.263,4.63259e-07,86.8119,43.8309,93.1881,-136.169,-1500.0,-696.0,-1400.0,-600.0
-1498.0,-696.0,-104.172,4.5846e-07,86.8138,44.4093,93.1862,-135.591,-1498.0,-696.0,-1400.0,-600.0
-1496.0,-696.0,-104.081,4.53709e-07,86.816,45.0,93.184,-135.0,-1496.0,-696.0,-1400.0,-600.0
-1494.0,-696.0,-103.991,4.4902e-07,86.7868,45.6031,93.2132,-134.397,-1494.0,-696.0,-1400.0,-600.0
-1492.0,-696.0,-103.901,4.44384e-07,86.7532,46.2189,93.2468,-133.781,-1492.0,-696.0,-1400.0,-600.0
-1490.0,-696.0,-103.81,4.39801e-07,86.7194,46.8476,93.2806,-133.152,-1490.0,-696.0,-1400.0,-600.0
-1488.0,-696.0,-103.72,4.35271e-07,86.6852,47.4896,93.3148,-132.51,-1488.0,-696.0,-1400.0,-600.0
-1486.0,-696.0,-103.63,4.30797e-07,86.6507,48.145,93.3493,-131.855,-1486.0,-696.0,-1400.0,-600.0
-1484.0,-696.0,-103.541,4.26381e-07,86.616,48.8141,93.384,-131.186,-1484.0,-696.0,-1400.0,-600.0
-1482.0,-696.0,-103.451,4.22024e-07,86.581,49.4972,93.419,-130.503,-1482.0,-696.0,-1400.0,-600.0
-1480.0,-696.0,-103.362,4.17729e-07,86.5458,50.1944,93.4542,-129.806,-1480.0,-696.0,-1400.0,-600.0
-1478.0,-696.0,-103.274,4.13496e-07,86.5104,50.9061,93.4896,-129.094,-1478.0,-696.0,-1400.0,-600.0
-1476.0,-696.0,-103.185,4.09329e-07,86.4748,51.6325,93.5252,-128.367,-1476.0,-696.0,-1400.0,-600.0
-1474.0,-696.0,-103.098,4.05228e-07,86.4391,52.3738,93.5609,-127.626,-1474.0,-696.0,-1400.0,-600.0
-1472.0,-696.0,-103.011,4.01197e-07,86.4033,53.1301,93.5967,-126.87,-1472.0,-696.0,-1400.0,-600.0
-1470.0,-696.0,-102.925,3.97236e-07,86.3674,53.9017,93.6326,-126.098,-1470.0,-696.0,-1400.0,-600.0
-1468.0,-696.0,-102.839,3.9335e-07,86.3314,54.6888,93.6686,-125.311,-1468.0,-696.0,-1400.0,-600.0
-1466.0,-696.0,-102.754,3.89538e-07,86.2955,55.4915,93.7045,-124.509,-1466.0,-696.0,-1400.0,-600.0
-1464.0,-696.0,-102.67,3.85805e-07,86.2596,56.3099,93.7404,-123.69,-1464.0,-696.0,-1400.0,-600.0
-1462.0,-696.0,-102.588,3.82151e-07,86.2238,57.1443,93.7762,-122.856,-1462.0,-696.0,-1400.0,-600.0
-1460.0,-696.0,-102.506,3.78587e-07,86.1728,57.9946,93.8272,-122.005,-1460.0,-696.0,-1400.0,-600.0
-1458.0,-696.0,-102.426,3.7512e-07,86.0943,58.861,93.9057,-121.139,-1458.0,-696.0,-1400.0,-600.0
-1456.0,-696.0,-102.347,3.7174e-07,86.0152,59.7436,93.9848,-120.256,-1456.0,-696.0,-1400.0,-600.0
-1454.0,-696.0,-102.27,3.68451e-07,85.9357,60.6422,94.0643,-119.358,-1454.0,-696.0,-1400.0,-600.0
-1452.0,-696.0,-102.194,3.65254e-07,85.8558,61.5571,94.1442,-118.443,-1452.0,-696.0,-1400.0,-600.0
-1450.0,-696.0,-102.12,3.62152e-07,85.7755,62.488,94.2245,-117.512,-1450.0,-696.0,-1400.0,-600.0
-1448.0,-696.0,-102.047,3.59148e-07,85.6951,63.4349,94.3049,-116.565,-1448.0,-696.0,-1400.0,-600.0
-1446.0,-696.0,-101.977,3.56243e-07,85.6145,64.3978,94.3855,-115.602,-1446.0,-696.0,-1400.0,-600.0
-1444.0,-696.0,-101.908,3.53441e-07,85.5338,65.3764,94.4662,-114.624,-1444.0,-696.0,-1400.0,-600.0
-1442.0,-696.0,-101.841,3.50744e-07,85.4533,66.3706,94.5467,-113.629,-1442.0,-696.0,-1400.0,-600.0
-1440.0,-696.0,-101.777,3.48154e-07,85.3729,67.3801,94.6271,-112.62,-1440.0,-696.0,-1400.0,-600.0
-1438.0,-696.0,-101.715,3.45673e-07,85.2928,68.4047,94.7072,-111.595,-1438.0,-696.0,-1400.0,-600.0
-1436.0,-696.0,-101.655,3.43293e-07,85.237,69.444,94.763,-110.556,-1436.0,-696.0,-1400.0,-600.0
-1434.0,-696.0,-101.597,3.41015e-07,85.2051,70.4976,94.7949,-109.502,-1434.0,-696.0,-1400.0,-600.0
-1432.0,-696.0,-101.541,3.38853e-07,85.1744,71.5651,94.8256,-108.435,-1432.0,-696.0,-1400.0,-600.0
-1430.0,-696.0,-101.489,3.3681e-07,85.1451,72.646,94.8549,-107.354,-1430.0,-696.0,-1400.0,-600.0
-1428.0,-696.0,-101.439,3.34887e-07,85.1172,73.7398,94.8828,-106.26,-1428.0,-696.0,-1400.0,-600.0
-1426.0,-696.0,-101.392,3.33087e-07,85.0907,74.8459,94.9093,-105.154,-1426.0,-696.0,-1400.0,-600.0
-1424.0,-696.0,-101.348,3.31412e-07,85.0658,75.9638,94.9342,-104.036,-1424.0,-696.0,-1400.0,-600.0
-1422.0,-696.0,-116.938,3.29876e-07,85.0428,77.347,94.9572,-103.963,-1404.61,-618.561,-1404.61,-618.561
-1420.0,-696.0,-122.261,9.90637e-07,88.3511,86.1754,91.6489,93.9419,-1406.89,-499.954,-1406.89,-499.954
-1418.0,-696.0,-122.249,9.90214e-07,88.3504,86.5608,91.6496,93.5565,-1406.22,-499.953,-1406.22,-499.953
-1416.0,-696.0,-122.184,9.89837e-07,88.3498,86.9466,91.6502,93.1707,-1405.54,-499.953,-1405.54,-499.953
-1414.0,-696.0,-122.087,9.89504e-07,88.3492,87.3326,91.6508,92.7847,-1404.87,-499.952,-1404.87,-499.952
-1412.0,-696.0,-121.975,9.89216e-07,88.3487,87.7189,91.6513,92.3984,-1404.19,-499.951,-1404.19,-499.951
-1410.0,-696.0,-121.861,9.88973e-07,88.3483,88.1053,91.6517,92.0119,-1403.51,-499.951,-1403.51,-499.951
-1408.0,-696.0,-119.38,1.10547e-06,88.5224,98.3243,91.4776,81.6315,-1396.72,-577.732,-1425.43,-576.856
-1406.0,-696.0,-144.757,3.2351e-07,84.945,88.9754,95.055,-103.963,-1404.61,-618.561,-1404.61,-618.561
-1404.0,-696.0,-149.869,3.23477e-07,84.9445,90.455,95.0555,-103.963,-1404.61,-618.561,-1404.61,-618.561
-1402.0,-696.0,-152.388,4.80594e-07,86.5997,101.765,93.4003,148.195,-1425.26,-584.337,-1425.26,-584.337
-1400.0,-696.0,0.0,0.0,0.0,0.0,0.0,0.0,0.0,0.0,0.0,0.0
-1398.0,-696.0,0.0,0.0,0.0,0.0,0.0,0.0,0.0,0.0,0.0,0.0
-1396.0,-696.0,0.0,0.0,0.0,0.0,0.0,0.0,0.0,0.0,0.0,0.0
-1394.0,-696.0,0.0,0.0,0.0,0.0,0.0,0.0,0.0,0.0,0.0,0.0
-1392.0,-696.0,0.0,0.0,0.0,0.0,0.0,0.0,0.0,0.0,0.0,0.0
-1390.0,-696.0,0.0,0.0,0.0,0.0,0.0,0.0,0.0,0.0,0.0,0.0
-1388.0,-696.0,0.0,0.0,0.0,0.0,0.0,0.0,0.0,0.0,0.0,0.0
-1386.0,-696.0,0.0,0.0,0.0,0.0,0.0,0.0,0.0,0.0,0.0,0.0
-1384.0,-696.0,0.0,0.0,0.0,0.0,0.0,0.0,0.0,0.0,0.0,0.0
-1382.0,-696.0,0.0,0.0,0.0,0.0,0.0,0.0,0.0,0.0,0.0,0.0
-1380.0,-696.0,0.0,0.0,0.0,0.0,0.0,0.0,0.0,0.0,0.0,0.0
-1378.0,-696.0,0.0,0.0,0.0,0.0,0.0,0.0,0.0,0.0,0.0,0.0
-1376.0,-696.0,0.0,0.0,0.0,0.0,0.0,0.0,0.0,0.0,0.0,0.0
-1374.0,-696.0,0.0,0.0,0.0,0.0,0.0,0.0,0.0,0.0,0.0,0.0
-1372.0,-696.0,0.0,0.0,0.0,0.0,0.0,0.0,0.0,0.0,0.0,0.0
-1370.0,-696.0,0.0,0.0,0.0,0.0,0.0,0.0,0.0,0.0,0.0,0.0
-1368.0,-696.0,0.0,0.0,0.0,0.0,0.0,0.0,0.0,0.0,0.0,0.0
-1366.0,-696.0,0.0,0.0,0.0,0.0,0.0,0.0,0.0,0.0,0.0,0.0
-1364.0,-696.0,0.0,0.0,0.0,0.0,0.0,0.0,0.0,0.0,0.0,0.0
-1362.0,-696.0,0.0,0.0,0.0,0.0,0.0,0.0,0.0,0.0,0.0,0.0
-1360.0,-696.0,-163.195,1.05842e-06,86.1677,-22.7758,68.9734,23.4885,-1376.01,-589.576,-1329.17,-708.943
-1358.0,-696.0,-162.726,1.0523e-06,86.128,-22.9165,68.8771,23.6033,-1376.15,-589.58,-1327.56,-708.87
-1356.0,-696.0,-173.676,1.76721e-06,88.9783,37.8364,91.0217,-126.816,-1556.08,-808.509,-1349.72,-691.124
-1354.0,-696.0,-173.487,1.76196e-06,88.9661,38.0992,91.0339,-126.816,-1556.08,-808.509,-1349.67,-692.608
-1352.0,-696.0,-159.859,5.41524e-07,91.3291,74.1681,101.3,-68.9014,-1393.03,-618.072,-1349.82,-688.297
-1350.0,-696.0,-174.733,1.68774e-06,88.9015,-145.641,91.0985,-126.816,-1556.08,-808.509,-1371.28,-710.546
-1348.0,-696.0,0.0,0.0,0.0,0.0,0.0,0.0,0.0,0.0,0.0,0.0
-1346.0,-696.0,0.0,0.0,0.0,0.0,0.0,0.0,0.0,0.0,0.0,0.0
-1344.0,-696.0,0.0,0.0,0.0,0.0,0.0,0.0,0.0,0.0,0.0,0.0
-1342.0,-696.0,0.0,0.0,0.0,0.0,0.0,0.0,0.0,0.0,0.0,0.0
-1340.0,-696.0,0.0,0.0,0.0,0.0,0.0,0.0,0.0,0.0,0.0,0.0
-1338.0,-696.0,0.0,0.0,0.0,0.0,0.0,0.0,0.0,0.0,0.0,0.0
-1336.0,-696.0,0.0,0.0,0.0,0.0,0.0,0.0,0.0,0.0,0.0,0.0
-1334.0,-696.0,0.0,0.0,0.0,0.0,0.0,0.0,0.0,0.0,0.0,0.0
-1332.0,-696.0,0.0,0.0,0.0,0.0,0.0,0.0,0.0,0.0,0.0,0.0
-1330.0,-696.0,0.0,0.0,0.0,0.0,0.0,0.0,0.0,0.0,0.0,0.0
-1328.0,-696.0,0.0,0.0,0.0,0.0,0.0,0.0,0.0,0.0,0.0,0.0
-1326.0,-696.0,0.0,0.0,0.0,0.0,0.0,0.0,0.0,0.0,0.0,0.0
-1324.0,-696.0,0.0,0.0,0.0,0.0,0.0,0.0,0.0,0.0,0.0,0.0
-1322.0,-696.0,0.0,0.0,0.0,0.0,0.0,0.0,0.0,0.0,0.0,0.0
-1320.0,-696.0,0.0,0.0,0.0,0.0,0.0,0.0,0.0,0.0,0.0,0.0
-1318.0,-696.0,0.0,0.0,0.0,0.0,0.0,0.0,0.0,0.0,0.0,0.0
-1316.0,-696.0,0.0,0.0,0.0,0.0,0.0,0.0,0.0,0.0,0.0,0.0
-1314.0,-696.0,0.0,0.0,0.0,0.0,0.0,0.0,0.0,0.0,0.0,0.0
-1312.0,-696.0,0.0,0.0,0.0,0.0,0.0,0.0,0.0,0.0,0.0,0.0
-1310.0,-696.0,-124.676,9.26654e-07,87.6504,33.5635,92.3496,-31.7465,-1372.21,-617.195,-1239.86,-649.467
-1308.0,-696.0,-122.619,9.21117e-07,87.6188,33.7932,92.3812,-31.9762,-1372.44,-617.205,-1239.86,-650.399
-1306.0,-696.0,-120.565,9.15593e-07,87.5891,34.0257,92.4109,-32.2086,-1372.67,-617.215,-1239.87,-651.348
-1304.0,-696.0,-118.812,9.10075e-07,87.5745,34.261,92.4255,-32.4439,-1372.9,-617.224,-1239.87,-652.314
-1302.0,-696.0,-117.419,9.04572e-07,87.5597,34.4992,92.4403,-32.6821,-1373.14,-617.234,-1239.87,-653.297
-1300.0,-696.0,-116.338,8.99085e-07,87.5448,34.7403,92.4552,-32.9232,-1373.37,-617.244,-1239.87,-654.298
-1298.0,-696.0,-115.505,8.93615e-07,87.5298,34.9843,92.4702,-33.1673,-1373.6,-617.254,-1239.87,-655.318
-1296.0,-696.0,-114.864,8.8816e-07,87.5146,35.2314,92.4854,-33.4143,-1373.83,-617.263,-1239.87,-656.356
-1294.0,-696.0,-114.371,8.82728e-07,87.4915,35.4815,92.5085,-33.6645,-1374.07,-617.273,-1239.87,-657.413
-1292.0,-696.0,-113.996,8.7732e-07,87.4576,35.7347,92.5424,-33.9177,-1374.3,-617.283,-1239.87,-658.49
-1290.0,-696.0,-113.717,8.7193e-07,87.4233,35.9911,92.5767,-34.1741,-1374.53,-617.293,-1239.87,-659.588
-1288.0,-696.0,-113.521,8.66558e-07,87.3887,36.2507,92.6113,-34.4336,-1374.76,-617.303,-1239.87,-660.706
-1286.0,-696.0,-113.399,8.61203e-07,87.3537,36.5135,92.6463,-34.6964,-1374.99,-617.312,-1239.87,-661.846
-1284.0,-696.0,-113.349,8.55868e-07,87.3183,36.7796,92.6817,-34.9626,-1375.23,-617.322,-1239.87,-663.009
-1282.0,-696.0,-113.374,8.50551e-07,87.2826,37.0491,92.7174,-35.232,-1375.46,-617.332,-1239.87,-664.194
-1280.0,-696.0,-113.484,8.45254e-07,87.2464,37.3219,92.7536,-35.5049,-1375.69,-617.342,-1239.87,-665.403
-1278.0,-696.0,-113.693,8.39977e-07,87.2099,37.5983,92.7901,-35.7812,-1375.92,-617.352,-1239.87,-666.636
-1276.0,-696.0,-121.44,8.34714e-07,87.1813,37.9058,92.8187,-35.9954,-1376.1,-617.359,-1239.87,-667.866
-1274.0,-696.0,-127.676,8.29469e-07,87.1635,38.3105,92.8365,-35.9954,-1376.1,-617.359,-1239.87,-669.034
-1272.0,-696.0,-133.056,8.24254e-07,87.1455,38.7224,92.8545,-35.9954,-1376.1,-617.359,-1239.87,-670.237
-1270.0,-696.0,-138.193,8.19069e-07,87.1274,39.142,92.8726,-35.9954,-1376.1,-617.359,-1239.87,-671.476
-1268.0,-696.0,-143.946,8.13916e-07,87.1092,39.5691,92.8908,-35.9954,-1376.1,-617.359,-1239.87,-672.753
-1266.0,-696.0,-160.073,1.17788e-06,88.0029,107.144,91.9971,-43.3117,-1381.35,-617.58,-1324.55,-506.209
-1264.0,-696.0,-160.032,1.17986e-06,88.0063,107.55,91.9937,-43.3117,-1381.35,-617.58,-1324.03,-506.198
-1262.0,-696.0,-158.244,8.43235e-07,87.2098,120.068,92.7902,-43.396,-1381.4,-617.583,-1324.73,-587.647
-1260.0,-696.0,-156.526,8.39947e-07,84.4291,43.6782,82.8183,45.1804,-1390.07,-590.006,-1239.87,-676.777
-1258.0,-696.0,-155.08,8.35156e-07,84.3968,43.9958,82.7777,45.4981,-1390.18,-590.009,-1239.87,-678.494
-1256.0,-696.0,-154.112,8.30392e-07,84.3644,44.3172,82.7369,45.8195,-1390.29,-590.013,-1239.87,-680.25
-1254.0,-696.0,-153.5,8.25653e-07,84.3318,44.6423,82.6958,46.1447,-1390.41,-590.016,-1239.87,-682.045
-1252.0,-696.0,-154.632,8.61244e-07,83.4548,125.361,85.6805,-51.6277,-1385.93,-617.773,-1328.82,-587.753
-1250.0,-696.0,-154.188,8.65066e-07,83.5129,125.723,85.6994,-51.264,-1385.75,-617.766,-1327.87,-587.729
-1248.0,-696.0,-153.186,1.101e-06,85.5793,155.11,86.28,-26.7806,-1366.41,-616.951,-1308.89,-667.75
-1246.0,-696.0,-153.142,1.10702e-06,85.6256,155.255,86.2966,-26.6321,-1366.21,-616.942,-1308.91,-667.004
-1244.0,-696.0,-153.124,1.11304e-06,85.6714,155.398,86.3131,-26.4851,-1366.01,-616.934,-1308.94,-666.268
-1242.0,-696.0,-153.128,1.11908e-06,85.7166,155.54,86.3293,-26.3397,-1365.81,-616.925,-1308.96,-665.542
-1240.0,-696.0,-153.156,1.12512e-06,85.7614,155.68,86.3455,-26.196,-1365.61,-616.917,-1308.98,-664.825
-1238.0,-696.0,0.0,0.0,0.0,0.0,0.0,0.0,0.0,0.0,0.0,0.0
-1236.0,-696.0,0.0,0.0,0.0,0.0,0.0,0.0,0.0,0.0,0.0,0.0
-1234.0,-696.0,0.0,0.0,0.0,0.0,0.0,0.0,0.0,0.0,0.0,0.0
-1232.0,-696.0,0.0,0.0,0.0,0.0,0.0,0.0,0.0,0.0,0.0,0.0
-1230.0,-696.0,0.0,0.0,0.0,0.0,0.0,0.0,0.0,0.0,0.0,0.0
-1228.0,-696.0,0.0,0.0,0.0,0.0,0.0,0.0,0.0,0.0,0.0,0.0
-1226.0,-696.0,0.0,0.0,0.0,0.0,0.0,0.0,0.0,0.0,0.0,0.0
-1224.0,-696.0,0.0,0.0,0.0,0.0,0.0,0.0,0.0,0.0,0.0,0.0
-1222.0,-696.0,0.0,0.0,0.0,0.0,0.0,0.0,0.0,0.0,0.0,0.0
-1220.0,-696.0,0.0,0.0,0.0,0.0,0.0,0.0,0.0,0.0,0.0,0.0
-1218.0,-696.0,0.0,0.0,0.0,0.0,0.0,0.0,0.0,0.0,0.0,0.0
-1216.0,-696.0,-165.485,1.59223e-06,88.79,-105.996,91.21,-43.3117,-1381.35,-617.58,-1232.38,-753.133
-1214.0,-696.0,-165.766,1.59407e-06,88.8218,-106.276,91.1782,-43.3117,-1381.35,-617.58,-1230.66,-753.076
-1212.0,-696.0,-166.119,1.59594e-06,88.8535,-106.555,91.1465,-43.3117,-1381.35,-617.58,-1228.95,-753.02
-1210.0,-696.0,-166.558,1.59784e-06,88.8851,-106.833,91.1149,-43.3117,-1381.35,-617.58,-1227.23,-752.963
-1208.0,-696.0,-167.102,1.59977e-06,88.9168,-107.11,91.0832,-43.3117,-1381.35,-617.58,-1225.52,-752.907
-1206.0,-696.0,-167.773,1.60173e-06,88.9483,-107.386,91.0517,-43.3117,-1381.35,-617.58,-1223.8,-752.85
-1204.0,-696.0,-166.174,8.99497e-07,45.2215,58.215,88.6139,-32.6744,-1373.13,-617.234,-1196.15,-683.324
-1202.0,-696.0,-167.014,8.9726e-07,42.1235,63.9579,88.616,-32.7956,-1373.25,-617.239,-1196.13,-683.977
-1600.0,-694.0,-108.318,7.37928e-07,87.7862,25.1735,92.2138,-154.826,-1600.0,-694.0,-1400.0,-600.0
-1598.0,-694.0,-108.246,7.31899e-07,87.7679,25.3959,92.2321,-154.604,-1598.0,-694.0,-1400.0,-600.0
-1596.0,-694.0,-108.174,7.2588e-07,87.7494,25.622,92.2506,-154.378,-1596.0,-694.0,-1400.0,-600.0
-1594.0,-694.0,-108.102,7.19874e-07,87.7306,25.8519,92.2694,-154.148,-1594.0,-694.0,-1400.0,-600.0
-1592.0,-694.0,-108.029,7.13879e-07,87.7116,26.0856,92.2884,-153.914,-1592.0,-694.0,-1400.0,-600.0
-1590.0,-694.0,-107.956,7.07896e-07,87.6922,26.3233,92.3078,-153.677,-1590.0,-694.0,-1400.0,-600.0
-1588.0,-694.0,-107.882,7.01926e-07,87.6726,26.5651,92.3274,-153.435,-1588.0,-694.0,-1400.0,-600.0
-1586.0,-694.0,-107.808,6.95968e-07,87.6527,26.811,92.3473,-153.189,-1586.0,-694.0,-1400.0,-600.0
-1584.0,-694.0,-107.733,6.90029e-07,87.6223,27.0611,92.3777,-152.939,-1584.0,-694.0,-1400.0,-600.0
-1582.0,-694.0,-107.658,6.84109e-07,87.5781,27.3156,92.4219,-152.684,-1582.0,-694.0,-1400.0,-600.0
-1580.0,-694.0,-107.582,6.78204e-07,87.5332,27.5746,92.4668,-152.425,-1580.0,-694.0,-1400.0,-600.0
-1578.0,-694.0,-107.506,6.72314e-07,87.4876,27.8381,92.5124,-152.162,-1578.0,-694.0,-1400.0,-600.0
-1576.0,-694.0,-107.43,6.66438e-07,87.4412,28.1063,92.5588,-151.894,-1576.0,-694.0,-1400.0,-600.0
-1574.0,-694.0,-107.353,6.60578e-07,87.394,28.3792,92.606,-151.621,-1574.0,-694.0,-1400.0,-600.0
-1572.0,-694.0,-107.275,6.54733e-07,87.346,28.6571,92.654,-151.343,-1572.0,-694.0,-1400.0,-600.0
-1570.0,-694.0,-107.197,6.48905e-07,87.2973,28.94,92.7027,-151.06,-1570.0,-694.0,-1400.0,-600.0
-1568.0,-694.0,-107.119,6.43095e-07,87.243,29.2281,92.757,-150.772,-1568.0,-694.0,-1400.0,-600.0
-1566.0,-694.0,-107.04,6.37314e-07,87.1673,29.5214,92.8327,-150.479,-1566.0,-694.0,-1400.0,-600.0
-1564.0,-694.0,-106.961,6.31551e-07,87.0903,29.8201,92.9097,-150.18,-1564.0,-694.0,-1400.0,-600.0
-1562.0,-694.0,-106.882,6.25807e-07,87.0119,30.1243,92.9881,-149.876,-1562.0,-694.0,-1400.0,-600.0
-1560.0,-694.0,-106.801,6.20056e-07,86.9778,30.4342,93.0222,-149.566,-1560.0,-694.0,-1400.0,-600.0
-1558.0,-694.0,-106.72,6.14304e-07,86.9758,30.75,93.0242,-149.25,-1558.0,-694.0,-1400.0,-600.0
-1556.0,-694.0,-106.638,6.08572e-07,86.9738,31.0717,93.0262,-148.928,-1556.0,-694.0,-1400.0,-600.0
-1554.0,-694.0,-106.556,6.02859e-07,86.9719,31.3995,93.0281,-148.601,-1554.0,-694.0,-1400.0,-600.0
-1552.0,-694.0,-106.474,5.9718e-07,86.9435,31.7335,93.0565,-148.266,-1552.0,-694.0,-1400.0,-600.0
-1550.0,-694.0,-106.391,5.91523e-07,86.9143,32.074,93.0857,-147.926,-1550.0,-694.0,-1400.0,-600.0
-1548.0,-694.0,-106.308,5.85887e-07,86.8846,32.4211,93.1154,-147.579,-1548.0,-694.0,-1400.0,-600.0
-1546.0,-694.0,-106.224,5.80273e-07,86.8544,32.7749,93.1456,-147.225,-1546.0,-694.0,-1400.0,-600.0
-1544.0,-694.0,-106.139,5.74682e-07,86.8237,33.1356,93.1763,-146.864,-1544.0,-694.0,-1400.0,-600.0
-1542.0,-694.0,-106.055,5.69114e-07,86.7926,33.5034,93.2074,-146.497,-1542.0,-694.0,-1400.0,-600.0
-1540.0,-694.0,-105.969,5.63571e-07,86.7611,33.8785,93.2389,-146.121,-1540.0,-694.0,-1400.0,-600.0
-1538.0,-694.0,-105.884,5.58051e-07,86.729,34.2611,93.271,-145.739,-1538.0,-694.0,-1400.0,-600.0
-1536.0,-694.0,-105.797,5.52546e-07,86.718,34.6513,93.282,-145.349,-1536.0,-694.0,-1400.0,-600.0
-1534.0,-694.0,-105.71,5.47062e-07,86.7146,35.0494,93.2854,-144.951,-1534.0,-694.0,-1400.0,-600.0
-1532.0,-694.0,-105.623,5.41605e-07,86.7113,35.4555,93.2887,-144.545,-1532.0,-694.0,-1400.0,-600.0
-1530.0,-694.0,-105.535,5.36176e-07,86.7081,35.8698,93.2919,-144.13,-1530.0,-694.0,-1400.0,-600.0
-1528.0,-694.0,-105.447,5.30775e-07,86.7051,36.2926,93.2949,-143.707,-1528.0,-694.0,-1400.0,-600.0
-1526.0,-694.0,-105.359,5.25404e-07,86.7021,36.7241,93.2979,-143.276,-1526.0,-694.0,-1400.0,-600.0
-1524.0,-694.0,-105.27,5.20063e-07,86.6993,37.1645,93.3007,-142.836,-1524.0,-694.0,-1400.0,-600.0
-1522.0,-694.0,-105.18,5.14754e-07,86.6966,37.614,93.3034,-142.386,-1522.0,-694.0,-1400.0,-600.0
-1520.0,-694.0,-105.09,5.09468e-07,86.7098,38.0728,93.2902,-141.927,-1520.0,-694.0,-1400.0,-600.0
-1518.0,-694.0,-105.0,5.04208e-07,86.7396,38.5412,93.2604,-141.459,-1518.0,-694.0,-1400.0,-600.0
-1516.0,-694.0,-104.909,4.98982e-07,86.7702,39.0194,93.2298,-140.981,-1516.0,-694.0,-1400.0,-600.0
-1514.0,-694.0,-104.818,4.93791e-07,86.8017,39.5077,93.1983,-140.492,-1514.0,-694.0,-1400.0,-600.0
-1512.0,-694.0,-104.727,4.88652e-07,86.8046,40.0063,93.1954,-139.994,-1512.0,-694.0,-1400.0,-600.0
-1510.0,-694.0,-104.636,4.83551e-07,86.8043,40.5154,93.1957,-139.485,-1510.0,-694.0,-1400.0,-600.0
-1508.0,-694.0,-104.544,4.7849e-07,86.8043,41.0353,93.1957,-138.965,-1508.0,-694.0,-1400.0,-600.0
-1506.0,-694.0,-104.452,4.73468e-07,86.8045,41.5664,93.1955,-138.434,-1506.0,-694.0,-1400.0,-600.0
-1504.0,-694.0,-104.36,4.68488e-07,86.805,42.1087,93.195,-137.891,-1504.0,-694.0,-1400.0,-600.0
-1502.0,-694.0,-104.268,4.63551e-07,86.8058,42.6627,93.1942,-137.337,-1502.0,-694.0,-1400.0,-600.0
-1500.0,-694.0,-104.176,4.58658e-07,86.8069,43.2285,93.1931,-136.771,-1500.0,-694.0,-1400.0,-600.0
-1498.0,-694.0,-104.083,4.5381e-07,86.8084,43.8065,93.1916,-136.193,-1498.0,-694.0,-1400.0,-600.0
-1496.0,-694.0,-103.991,4.4902e-07,86.7868,44.3969,93.2132,-135.603,-1496.0,-694.0,-1400.0,-600.0
-1494.0,-694.0,-103.899,4.44284e-07,86.7525,45.0,93.2475,-135.0,-1494.0,-694.0,-1400.0,-600.0
-1492.0,-694.0,-103.806,4.39598e-07,86.7178,45.6161,93.2822,-134.384,-1492.0,-694.0,-1400.0,-600.0
-1490.0,-694.0,-103.714,4.34964e-07,86.6828,46.2454,93.3172,-133.755,-1490.0,-694.0,-1400.0,-600.0
-1488.0,-694.0,-103.622,4.30384e-07,86.6475,46.8882,93.3525,-133.112,-1488.0,-694.0,-1400.0,-600.0
-1486.0,-694.0,-103.53,4.25859e-07,86.6118,47.5448,93.3882,-132.455,-1486.0,-694.0,-1400.0,-600.0
-1484.0,-694.0,-103.438,4.21391e-07,86.5759,48.2155,93.4241,-131.785,-1484.0,-694.0,-1400.0,-600.0
-1482.0,-694.0,-103.347,4.16982e-07,86.5396,48.9005,93.4604,-131.1,-1482.0,-694.0,-1400.0,-600.0
-1480.0,-694.0,-103.255,4.12634e-07,86.5031,49.6001,93.4969,-130.4,-1480.0,-694.0,-1400.0,-600.0
-1478.0,-694.0,-103.165,4.08348e-07,86.4664,50.3145,93.5336,-129.685,-1478.0,-694.0,-1400.0,-600.0
-1476.0,-694.0,-103.074,4.04128e-07,86.4294,51.0441,93.5706,-128.956,-1476.0,-694.0,-1400.0,-600.0
-1474.0,-694.0,-102.984,3.99974e-07,86.3923,51.789,93.6077,-128.211,-1474.0,-694.0,-1400.0,-600.0
-1472.0,-694.0,-102.895,3.95889e-07,86.355,52.5494,93.645,-127.451,-1472.0,-694.0,-1400.0,-600.0
-1470.0,-694.0,-102.806,3.91875e-07,86.3176,53.3257,93.6824,-126.674,-1470.0,-694.0,-1400.0,-600.0
-1468.0,-694.0,-102.718,3.87934e-07,86.2802,54.1179,93.7198,-125.882,-1468.0,-694.0,-1400.0,-600.0
-1466.0,-694.0,-102.631,3.84069e-07,86.2427,54.9262,93.7573,-125.074,-1466.0,-694.0,-1400.0,-600.0
-1464.0,-694.0,-102.545,3.80282e-07,86.2052,55.751,93.7948,-124.249,-1464.0,-694.0,-1400.0,-600.0
-1462.0,-694.0,-102.46,3.76575e-07,86.1678,56.5922,93.8322,-123.408,-1462.0,-694.0,-1400.0,-600.0
-1460.0,-694.0,-102.376,3.72951e-07,86.1305,57.45,93.8695,-122.55,-1460.0,-694.0,-1400.0,-600.0
-1458.0,-694.0,-102.293,3.69423e-07,86.0675,58.3245,93.9325,-121.675,-1458.0,-694.0,-1400.0,-600.0
-1456.0,-694.0,-102.212,3.6599e-07,85.9864,59.2159,94.0136,-120.784,-1456.0,-694.0,-1400.0,-600.0
-1454.0,-694.0,-102.132,3.62649e-07,85.9047,60.124,94.0953,-119.876,-1454.0,-694.0,-1400.0,-600.0
-1452.0,-694.0,-102.054,3.594e-07,85.8226,61.049,94.1774,-118.951,-1452.0,-694.0,-1400.0,-600.0
-1450.0,-694.0,-101.977,3.56247e-07,85.7402,61.9908,94.2598,-118.009,-1450.0,-694.0,-1400.0,-600.0
-1448.0,-694.0,-101.902,3.53192e-07,85.6574,62.9494,94.3426,-117.051,-1448.0,-694.0,-1400.0,-600.0
-1446.0,-694.0,-101.829,3.50238e-07,85.5745,63.9246,94.4255,-116.075,-1446.0,-694.0,-1400.0,-600.0
-1444.0,-694.0,-101.758,3.47387e-07,85.4916,64.9164,94.5084,-115.084,-1444.0,-694.0,-1400.0,-600.0
-1442.0,-694.0,-101.689,3.44642e-07,85.4086,65.9245,94.5914,-114.075,-1442.0,-694.0,-1400.0,-600.0
-1440.0,-694.0,-101.622,3.42006e-07,85.3258,66.9487,94.6742,-113.051,-1440.0,-694.0,-1400.0,-600.0
-1438.0,-694.0,-101.558,3.3948e-07,85.2432,67.9887,94.7568,-112.011,-1438.0,-694.0,-1400.0,-600.0
-1436.0,-694.0,-101.495,3.37068e-07,85.1611,69.0442,94.8389,-110.956,-1436.0,-694.0,-1400.0,-600.0
-1434.0,-694.0,-101.436,3.34754e-07,85.1152,70.1148,94.8848,-109.885,-1434.0,-694.0,-1400.0,-600.0
-1432.0,-694.0,-101.378,3.32552e-07,85.0828,71.2001,94.9172,-108.8,-1432.0,-694.0,-1400.0,-600.0
-1430.0,-694.0,-101.323,3.3047e-07,85.0517,72.2996,94.9483,-107.7,-1430.0,-694.0,-1400.0,-600.0
-1428.0,-694.0,-101.272,3.2851e-07,85.0221,73.4127,94.9779,-106.587,-1428.0,-694.0,-1400.0,-600.0
-1426.0,-694.0,-101.223,3.26675e-07,84.9941,74.5388,95.0059,-105.461,-1426.0,-694.0,-1400.0,-600.0
-1424.0,-694.0,-101.177,3.24966e-07,84.9677,75.6773,95.0323,-104.323,-1424.0,-694.0,-1400.0,-600.0
-1422.0,-694.0,-114.793,3.23394e-07,84.9432,77.0227,95.0568,-103.963,-1404.61,-618.561,-1404.61,-618.561
-1420.0,-694.0,-121.868,3.21983e-07,84.921,78.4732,95.079,-103.963,-1404.61,-618.561,-1404.61,-618.561
-1418.0,-694.0,-122.193,9.83556e-07,88.3392,86.5375,91.6608,93.5798,-1406.26,-499.954,-1406.26,-499.954
-1416.0,-694.0,-122.131,9.83175e-07,88.3386,86.9258,91.6614,93.1915,-1405.58,-499.953,-1405.58,-499.953
-1414.0,-694.0,-122.035,9.8284e-07,88.338,87.3145,91.662,92.8028,-1404.9,-499.952,-1404.9,-499.952
-1412.0,-694.0,-121.923,9.8255e-07,88.3375,87.7034,91.6625,92.4139,-1404.22,-499.951,-1404.22,-499.951
-1410.0,-694.0,-121.808,9.82306e-07,88.3371,88.0925,91.6629,92.0248,-1403.54,-499.951,-1403.54,-499.951
-1408.0,-694.0,-119.308,1.09887e-06,88.5136,98.3747,91.4864,81.5811,-1396.72,-577.844,-1425.47,-575.341
-1406.0,-694.0,-144.479,3.16865e-07,84.8387,88.9482,95.1613,-103.963,-1404.61,-618.561,-1404.61,-618.561
-1404.0,-694.0,-149.719,3.16831e-07,84.8381,90.4671,95.1619,-103.963,-1404.61,-618.561,-1404.61,-618.561
-1402.0,-694.0,-152.183,4.7408e-07,86.5435,101.974,93.4565,148.195,-1425.26,-584.337,-1425.26,-584.337
-1400.0,-694.0,0.0,0.0,0.0,0.0,0.0,0.0,0.0,0.0,0.0,0.0
-1398.0,-694.0,0.0,0.0,0.0,0.0,0.0,0.0,0.0,0.0,0.0,0.0
-1396.0,-694.0,0.0,0.0,0.0,0.0,0.0,0.0,0.0,0.0,0.0,0.0
-1394.0,-694.0,0.0,0.0,0.0,0.0,0.0,0.0,0.0,0.0,0.0,0.0
-1392.0,-694.0,0.0,0.0,0.0,0.0,0.0,0.0,0.0,0.0,0.0,0.0
-1390.0,-694.0,0.0,0.0,0.0,0.0,0.0,0.0,0.0,0.0,0.0,0.0
-1388.0,-694.0,0.0,0.0,0.0,0.0,0.0,0.0,0.0,0.0,0.0,0.0
-1386.0,-694.0,0.0,0.0,0.0,0.0,0.0,0.0,0.0,0.0,0.0,0.0
-1384.0,-694.0,0.0,0.0,0.0,0.0,0.0,0.0,0.0,0.0,0.0,0.0
-1382.0,-694.0,0.0,0.0,0.0,0.0,0.0,0.0,0.0,0.0,0.0,0.0
-1380.0,-694.0,0.0,0.0,0.0,0.0,0.0,0.0,0.0,0.0,0.0,0.0
-1378.0,-694.0,0.0,0.0,0.0,0.0,0.0,0.0,0.0,0.0,0.0,0.0
-1376.0,-694.0,0.0,0.0,0.0,0.0,0.0,0.0,0.0,0.0,0.0,0.0
-1374.0,-694.0,0.0,0.0,0.0,0.0,0.0,0.0,0.0,0.0,0.0,0.0
-1372.0,-694.0,0.0,0.0,0.0,0.0,0.0,0.0,0.0,0.0,0.0,0.0
-1370.0,-694.0,0.0,0.0,0.0,0.0,0.0,0.0,0.0,0.0,0.0,0.0
-1368.0,-694.0,0.0,0.0,0.0,0.0,0.0,0.0,0.0,0.0,0.0,0.0
-1366.0,-694.0,0.0,0.0,0.0,0.0,0.0,0.0,0.0,0.0,0.0,0.0
-1364.0,-694.0,0.0,0.0,0.0,0.0,0.0,0.0,0.0,0.0,0.0,0.0
-1362.0,-694.0,0.0,0.0,0.0,0.0,0.0,0.0,0.0,0.0,0.0,0.0
-1360.0,-694.0,-155.074,5.4156e-07,92.0504,71.6546,101.127,-66.3177,-1392.09,-618.033,-1351.15,-667.325
-1358.0,-694.0,-176.273,1.0937e-06,88.3525,45.4974,91.6475,-2.76158,-1239.86,-607.725,-1333.33,-668.902
-1356.0,-694.0,-173.99,1.76314e-06,88.969,37.4986,91.031,-126.816,-1556.08,-808.509,-1349.78,-689.231
-1354.0,-694.0,-173.669,1.75786e-06,88.9567,37.7605,91.0433,-126.816,-1556.08,-808.509,-1349.74,-690.698
-1352.0,-694.0,-160.877,5.35104e-07,91.3271,73.9726,101.287,-68.7032,-1392.96,-618.069,-1349.87,-686.592
-1350.0,-694.0,-156.722,5.33294e-07,91.2603,74.6658,101.331,-69.3989,-1393.2,-618.08,-1349.67,-692.788
-1348.0,-694.0,0.0,0.0,0.0,0.0,0.0,0.0,0.0,0.0,0.0,0.0
-1346.0,-694.0,0.0,0.0,0.0,0.0,0.0,0.0,0.0,0.0,0.0,0.0
-1344.0,-694.0,0.0,0.0,0.0,0.0,0.0,0.0,0.0,0.0,0.0,0.0
-1342.0,-694.0,0.0,0.0,0.0,0.0,0.0,0.0,0.0,0.0,0.0,0.0
-1340.0,-694.0,0.0,0.0,0.0,0.0,0.0,0.0,0.0,0.0,0.0,0.0
-1338.0,-694.0,0.0,0.0,0.0,0.0,0.0,0.0,0.0,0.0,0.0,0.0
-1336.0,-694.0,0.0,0.0,0.0,0.0,0.0,0.0,0.0,0.0,0.0,0.0
-1334.0,-694.0,0.0,0.0,0.0,0.0,0.0,0.0,0.0,0.0,0.0,0.0
-1332.0,-694.0,0.0,0.0,0.0,0.0,0.0,0.0,0.0,0.0,0.0,0.0
-1330.0,-694.0,0.0,0.0,0.0,0.0,0.0,0.0,0.0,0.0,0.0,0.0
-1328.0,-694.0,0.0,0.0,0.0,0.0,0.0,0.0,0.0,0.0,0.0,0.0
-1326.0,-694.0,0.0,0.0,0.0,0.0,0.0,0.0,0.0,0.0,0.0,0.0
-1324.0,-694.0,0.0,0.0,0.0,0.0,0.0,0.0,0.0,0.0,0.0,0.0
-1322.0,-694.0,0.0,0.0,0.0,0.0,0.0,0.0,0.0,0.0,0.0,0.0
-1320.0,-694.0,0.0,0.0,0.0,0.0,0.0,0.0,0.0,0.0,0.0,0.0
-1318.0,-694.0,0.0,0.0,0.0,0.0,0.0,0.0,0.0,0.0,0.0,0.0
-1316.0,-694.0,0.0,0.0,0.0,0.0,0.0,0.0,0.0,0.0,0.0,0.0
-1314.0,-694.0,0.0,0.0,0.0,0.0,0.0,0.0,0.0,0.0,0.0,0.0
-1312.0,-694.0,0.0,0.0,0.0,0.0,0.0,0.0,0.0,0.0,0.0,0.0
-1310.0,-694.0,-126.704,9.22993e-07,87.6277,33.218,92.3723,-31.401,-1371.86,-617.18,-1239.86,-648.073
-1308.0,-694.0,-125.45,9.17434e-07,87.5957,33.4466,92.4043,-31.6295,-1372.09,-617.19,-1239.86,-648.994
-1306.0,-694.0,-123.57,9.11879e-07,87.5793,33.6779,92.4207,-31.8608,-1372.33,-617.2,-1239.86,-649.93
-1304.0,-694.0,-121.43,9.06338e-07,87.5645,33.912,92.4355,-32.095,-1372.56,-617.21,-1239.86,-650.884
-1302.0,-694.0,-119.488,9.00813e-07,87.5495,34.149,92.4505,-32.332,-1372.79,-617.22,-1239.87,-651.854
-1300.0,-694.0,-117.907,8.95303e-07,87.5344,34.389,92.4656,-32.572,-1373.03,-617.23,-1239.87,-652.842
-1298.0,-694.0,-116.676,8.89809e-07,87.5192,34.6319,92.4808,-32.8149,-1373.26,-617.239,-1239.87,-653.848
-1296.0,-694.0,-115.728,8.84331e-07,87.5038,34.8779,92.4962,-33.0608,-1373.5,-617.249,-1239.87,-654.872
-1294.0,-694.0,-115.001,8.7887e-07,87.4883,35.1269,92.5117,-33.3099,-1373.74,-617.259,-1239.87,-655.916
-1292.0,-694.0,-114.444,8.73434e-07,87.4605,35.379,92.5395,-33.562,-1373.97,-617.269,-1239.87,-656.979
-1290.0,-694.0,-114.019,8.68019e-07,87.426,35.6343,92.574,-33.8173,-1374.21,-617.279,-1239.87,-658.062
-1288.0,-694.0,-113.701,8.62622e-07,87.3911,35.8929,92.6089,-34.0758,-1374.44,-617.289,-1239.87,-659.166
-1286.0,-694.0,-113.471,8.57244e-07,87.3559,36.1546,92.6441,-34.3376,-1374.68,-617.299,-1239.87,-660.291
-1284.0,-694.0,-113.321,8.51883e-07,87.3203,36.4197,92.6797,-34.6027,-1374.91,-617.309,-1239.87,-661.439
-1282.0,-694.0,-113.245,8.46542e-07,87.2843,36.6882,92.7157,-34.8711,-1375.15,-617.319,-1239.87,-662.608
-1280.0,-694.0,-113.244,8.41219e-07,87.2479,36.9601,92.7521,-35.143,-1375.38,-617.329,-1239.87,-663.801
-1278.0,-694.0,-113.327,8.35916e-07,87.2111,37.2354,92.7889,-35.4184,-1375.62,-617.339,-1239.87,-665.019
-1276.0,-694.0,-113.505,8.30627e-07,87.1823,37.5143,92.8177,-35.6972,-1375.85,-617.349,-1239.87,-666.26
-1274.0,-694.0,-113.804,8.2535e-07,87.1643,37.7968,92.8357,-35.9797,-1376.09,-617.359,-1239.87,-667.527
-1272.0,-694.0,-125.911,8.20098e-07,87.1461,38.2002,92.8539,-35.9954,-1376.1,-617.359,-1239.87,-668.714
-1270.0,-694.0,-131.654,8.14875e-07,87.1278,38.618,92.8722,-35.9954,-1376.1,-617.359,-1239.87,-669.93
-1268.0,-694.0,-136.835,8.09683e-07,87.1094,39.0435,92.8906,-35.9954,-1376.1,-617.359,-1239.87,-671.184
-1266.0,-694.0,-142.502,8.04522e-07,87.0908,39.477,92.9092,-35.9954,-1376.1,-617.359,-1239.87,-672.476
-1264.0,-694.0,-157.997,8.34121e-07,87.1941,119.843,92.8059,-43.396,-1381.4,-617.583,-1325.01,-587.654
-1262.0,-694.0,-158.492,8.37465e-07,87.2054,120.376,92.7946,-43.396,-1381.4,-617.583,-1324.34,-587.637
-1260.0,-694.0,-158.638,8.35353e-07,84.3996,43.3442,82.8603,44.8527,-1389.95,-590.002,-1239.87,-675.0
-1258.0,-694.0,-156.513,8.30536e-07,84.3668,43.6617,82.8196,45.1703,-1390.07,-590.006,-1239.87,-676.697
-1256.0,-694.0,-155.034,8.25745e-07,84.3338,43.9829,82.7785,45.4915,-1390.18,-590.009,-1239.87,-678.432
-1254.0,-694.0,-154.046,8.20979e-07,84.3006,44.3079,82.7373,45.8166,-1390.29,-590.013,-1239.87,-680.207
-1252.0,-694.0,-153.15,1.08616e-06,85.4677,155.138,86.2814,-26.7684,-1366.4,-616.95,-1308.89,-667.637
-1250.0,-694.0,-153.109,1.09217e-06,85.5154,155.285,86.2982,-26.6178,-1366.19,-616.942,-1308.92,-666.882
-1248.0,-694.0,-153.092,1.0982e-06,85.5625,155.43,86.3149,-26.4689,-1365.99,-616.933,-1308.94,-666.138
-1246.0,-694.0,-153.1,1.10423e-06,85.6092,155.573,86.3314,-26.3216,-1365.79,-616.924,-1308.96,-665.403
-1244.0,-694.0,-153.131,1.11027e-06,85.6554,155.715,86.3477,-26.176,-1365.59,-616.916,-1308.99,-664.678
-1242.0,-694.0,-153.185,1.11632e-06,85.7011,155.855,86.3639,-26.0319,-1365.38,-616.907,-1309.01,-663.962
-1240.0,-694.0,-153.26,1.12238e-06,85.7462,155.994,86.38,-25.8894,-1365.18,-616.899,-1309.03,-663.256
-1238.0,-694.0,0.0,0.0,0.0,0.0,0.0,0.0,0.0,0.0,0.0,0.0
-1236.0,-694.0,0.0,0.0,0.0,0.0,0.0,0.0,0.0,0.0,0.0,0.0
-1234.0,-694.0,0.0,0.0,0.0,0.0,0.0,0.0,0.0,0.0,0.0,0.0
-1232.0,-694.0,0.0,0.0,0.0,0.0,0.0,0.0,0.0,0.0,0.0,0.0
-1230.0,-694.0,0.0,0.0,0.0,0.0,0.0,0.0,0.0,0.0,0.0,0.0
-1228.0,-694.0,0.0,0.0,0.0,0.0,0.0,0.0,0.0,0.0,0.0,0.0
-1226.0,-694.0,0.0,0.0,0.0,0.0,0.0,0.0,0.0,0.0,0.0,0.0
-1224.0,-694.0,0.0,0.0,0.0,0.0,0.0,0.0,0.0,0.0,0.0,0.0
-1222.0,-694.0,0.0,0.0,0.0,0.0,0.0,0.0,0.0,0.0,0.0,0.0
-1220.0,-694.0,0.0,0.0,0.0,0.0,0.0,0.0,0.0,0.0,0.0,0.0
-1218.0,-694.0,0.0,0.0,0.0,0.0,0.0,0.0,0.0,0.0,0.0,0.0
-1216.0,-694.0,-165.458,1.59865e-06,88.7871,-105.916,91.2129,-43.3117,-1381.35,-617.58,-1232.87,-753.149
-1214.0,-694.0,-165.719,1.60048e-06,88.8187,-106.195,91.1813,-43.3117,-1381.35,-617.58,-1231.16,-753.093
-1212.0,-694.0,-166.048,1.60234e-06,88.8503,-106.472,91.1497,-43.3117,-1381.35,-617.58,-1229.46,-753.037
-1210.0,-694.0,-166.457,1.60423e-06,88.8819,-106.749,91.1181,-43.3117,-1381.35,-617.58,-1227.75,-752.98
-1208.0,-694.0,-166.964,1.60615e-06,88.9134,-107.025,91.0866,-43.3117,-1381.35,-617.58,-1226.04,-752.924
-1206.0,-694.0,-167.59,1.6081e-06,88.9448,-107.3,91.0552,-43.3117,-1381.35,-617.58,-1224.34,-752.868
-1204.0,-694.0,-168.365,1.6101e-06,88.9492,-107.575,91.0508,-43.3117,-1381.35,-617.58,-1222.63,-752.812
-1202.0,-694.0,-175.05,1.48967e-06,88.8643,-118.063,91.1357,15.8832,-1361.84,-589.142,-1233.55,-753.171
-1600.0,-692.0,-108.284,7.35116e-07,87.7796,24.7024,92.2204,-155.298,-1600.0,-692.0,-1400.0,-600.0
-1598.0,-692.0,-108.212,7.29064e-07,87.7593,24.9218,92.2407,-155.078,-1598.0,-692.0,-1400.0,-600.0
-1596.0,-692.0,-108.14,7.23022e-07,87.7405,25.1448,92.2595,-154.855,-1596.0,-692.0,-1400.0,-600.0
-1594.0,-692.0,-108.067,7.16991e-07,87.7215,25.3716,92.2785,-154.628,-1594.0,-692.0,-1400.0,-600.0
-1592.0,-692.0,-107.993,7.10972e-07,87.7022,25.6022,92.2978,-154.398,-1592.0,-692.0,-1400.0,-600.0
-1590.0,-692.0,-107.919,7.04964e-07,87.6826,25.8368,92.3174,-154.163,-1590.0,-692.0,-1400.0,-600.0
-1588.0,-692.0,-107.845,6.98969e-07,87.6627,26.0754,92.3373,-153.925,-1588.0,-692.0,-1400.0,-600.0
-1586.0,-692.0,-107.77,6.92986e-07,87.6425,26.3181,92.3575,-153.682,-1586.0,-692.0,-1400.0,-600.0
-1584.0,-692.0,-107.695,6.87021e-07,87.6119,26.5651,92.3881,-153.435,-1584.0,-692.0,-1400.0,-600.0
-1582.0,-692.0,-107.619,6.81076e-07,87.5673,26.8163,92.4327,-153.184,-1582.0,-692.0,-1400.0,-600.0
-1580.0,-692.0,-107.543,6.75144e-07,87.522,27.0721,92.478,-152.928,-1580.0,-692.0,-1400.0,-600.0
-1578.0,-692.0,-107.466,6.69227e-07,87.476,27.3324,92.524,-152.668,-1578.0,-692.0,-1400.0,-600.0
-1576.0,-692.0,-107.389,6.63324e-07,87.4291,27.5973,92.5709,-152.403,-1576.0,-692.0,-1400.0,-600.0
-1574.0,-692.0,-107.311,6.57436e-07,87.3815,27.867,92.6185,-152.133,-1574.0,-692.0,-1400.0,-600.0
-1572.0,-692.0,-107.233,6.51563e-07,87.3331,28.1416,92.6669,-151.858,-1572.0,-692.0,-1400.0,-600.0
-1570.0,-692.0,-107.154,6.45706e-07,87.2839,28.4212,92.7161,-151.579,-1570.0,-692.0,-1400.0,-600.0
-1568.0,-692.0,-107.075,6.39878e-07,87.2098,28.706,92.7902,-151.294,-1568.0,-692.0,-1400.0,-600.0
-1566.0,-692.0,-106.996,6.34067e-07,87.1333,28.996,92.8667,-151.004,-1566.0,-692.0,-1400.0,-600.0
-1564.0,-692.0,-106.916,6.28275e-07,87.0554,29.2914,92.9446,-150.709,-1564.0,-692.0,-1400.0,-600.0
-1562.0,-692.0,-106.836,6.225e-07,86.9761,29.5923,93.0239,-150.408,-1562.0,-692.0,-1400.0,-600.0
-1560.0,-692.0,-106.754,6.16718e-07,86.9413,29.8989,93.0587,-150.101,-1560.0,-692.0,-1400.0,-600.0
-1558.0,-692.0,-106.672,6.10935e-07,86.9388,30.2113,93.0612,-149.789,-1558.0,-692.0,-1400.0,-600.0
-1556.0,-692.0,-106.59,6.05171e-07,86.9363,30.5297,93.0637,-149.47,-1556.0,-692.0,-1400.0,-600.0
-1554.0,-692.0,-106.507,5.99425e-07,86.9339,30.8542,93.0661,-149.146,-1554.0,-692.0,-1400.0,-600.0
-1552.0,-692.0,-106.423,5.93702e-07,86.9256,31.185,93.0744,-148.815,-1552.0,-692.0,-1400.0,-600.0
-1550.0,-692.0,-106.339,5.88012e-07,86.8958,31.5222,93.1042,-148.478,-1550.0,-692.0,-1400.0,-600.0
-1548.0,-692.0,-106.255,5.82342e-07,86.8656,31.866,93.1344,-148.134,-1548.0,-692.0,-1400.0,-600.0
-1546.0,-692.0,-106.17,5.76694e-07,86.8348,32.2165,93.1652,-147.783,-1546.0,-692.0,-1400.0,-600.0
-1544.0,-692.0,-106.084,5.71067e-07,86.8036,32.5741,93.1964,-147.426,-1544.0,-692.0,-1400.0,-600.0
-1542.0,-692.0,-105.999,5.65464e-07,86.7719,32.9387,93.2281,-147.061,-1542.0,-692.0,-1400.0,-600.0
-1540.0,-692.0,-105.912,5.59884e-07,86.7397,33.3106,93.2603,-146.689,-1540.0,-692.0,-1400.0,-600.0
-1538.0,-692.0,-105.825,5.54328e-07,86.707,33.6901,93.293,-146.31,-1538.0,-692.0,-1400.0,-600.0
-1536.0,-692.0,-105.738,5.48785e-07,86.6955,34.0772,93.3045,-145.923,-1536.0,-692.0,-1400.0,-600.0
-1534.0,-692.0,-105.65,5.43264e-07,86.6916,34.4722,93.3084,-145.528,-1534.0,-692.0,-1400.0,-600.0
-1532.0,-692.0,-105.561,5.37768e-07,86.6878,34.8753,93.3122,-145.125,-1532.0,-692.0,-1400.0,-600.0
-1530.0,-692.0,-105.472,5.323e-07,86.6841,35.2867,93.3159,-144.713,-1530.0,-692.0,-1400.0,-600.0
-1528.0,-692.0,-105.383,5.26859e-07,86.6805,35.7067,93.3195,-144.293,-1528.0,-692.0,-1400.0,-600.0
-1526.0,-692.0,-105.293,5.21448e-07,86.677,36.1354,93.323,-143.865,-1526.0,-692.0,-1400.0,-600.0
-1524.0,-692.0,-105.203,5.16066e-07,86.6737,36.573,93.3263,-143.427,-1524.0,-692.0,-1400.0,-600.0
-1522.0,-692.0,-105.112,5.1071e-07,86.6788,37.0199,93.3212,-142.98,-1522.0,-692.0,-1400.0,-600.0
-1520.0,-692.0,-105.02,5.05374e-07,86.7076,37.4762,93.2924,-142.524,-1520.0,-692.0,-1400.0,-600.0
-1518.0,-692.0,-104.928,5.00071e-07,86.7373,37.9422,93.2627,-142.058,-1518.0,-692.0,-1400.0,-600.0
-1516.0,-692.0,-104.836,4.94802e-07,86.7679,38.4181,93.2321,-141.582,-1516.0,-692.0,-1400.0,-600.0
-1514.0,-692.0,-104.744,4.89568e-07,86.7993,38.9041,93.2007,-141.096,-1514.0,-692.0,-1400.0,-600.0
-1512.0,-692.0,-104.651,4.84383e-07,86.802,39.4007,93.198,-140.599,-1512.0,-692.0,-1400.0,-600.0
-1510.0,-692.0,-104.558,4.79237e-07,86.8013,39.9079,93.1987,-140.092,-1510.0,-692.0,-1400.0,-600.0
-1508.0,-692.0,-104.465,4.7413e-07,86.801,40.4261,93.199,-139.574,-1508.0,-692.0,-1400.0,-600.0
-1506.0,-692.0,-104.371,4.69062e-07,86.8008,40.9555,93.1992,-139.044,-1506.0,-692.0,-1400.0,-600.0
-1504.0,-692.0,-104.277,4.64035e-07,86.801,41.4965,93.199,-138.504,-1504.0,-692.0,-1400.0,-600.0
-1502.0,-692.0,-104.183,4.5905e-07,86.8014,42.0492,93.1986,-137.951,-1502.0,-692.0,-1400.0,-600.0
-1500.0,-692.0,-104.089,4.54108e-07,86.8022,42.6141,93.1978,-137.386,-1500.0,-692.0,-1400.0,-600.0
-1498.0,-692.0,-103.995,4.49218e-07,86.7882,43.1913,93.2118,-136.809,-1498.0,-692.0,-1400.0,-600.0
-1496.0,-692.0,-103.901,4.44384e-07,86.7532,43.7811,93.2468,-136.219,-1496.0,-692.0,-1400.0,-600.0
-1494.0,-692.0,-103.806,4.39598e-07,86.7178,44.3839,93.2822,-135.616,-1494.0,-692.0,-1400.0,-600.0
-1492.0,-692.0,-103.712,4.34862e-07,86.6821,45.0,93.3179,-135.0,-1492.0,-692.0,-1400.0,-600.0
-1490.0,-692.0,-103.618,4.30177e-07,86.6459,45.6296,93.3541,-134.37,-1490.0,-692.0,-1400.0,-600.0
-1488.0,-692.0,-103.524,4.25545e-07,86.6093,46.273,93.3907,-133.727,-1488.0,-692.0,-1400.0,-600.0
-1486.0,-692.0,-103.43,4.20968e-07,86.5724,46.9306,93.4276,-133.069,-1486.0,-692.0,-1400.0,-600.0
-1484.0,-692.0,-103.336,4.16447e-07,86.5352,47.6026,93.4648,-132.397,-1484.0,-692.0,-1400.0,-600.0
-1482.0,-692.0,-103.242,4.11986e-07,86.4976,48.2892,93.5024,-131.711,-1482.0,-692.0,-1400.0,-600.0
-1480.0,-692.0,-103.148,4.07584e-07,86.4597,48.9909,93.5403,-131.009,-1480.0,-692.0,-1400.0,-600.0
-1478.0,-692.0,-103.055,4.03245e-07,86.4216,49.7079,93.5784,-130.292,-1478.0,-692.0,-1400.0,-600.0
-1476.0,-692.0,-102.962,3.9897e-07,86.3832,50.4403,93.6168,-129.56,-1476.0,-692.0,-1400.0,-600.0
-1474.0,-692.0,-102.87,3.94762e-07,86.3446,51.1886,93.6554,-128.811,-1474.0,-692.0,-1400.0,-600.0
-1472.0,-692.0,-102.778,3.90623e-07,86.3058,51.953,93.6942,-128.047,-1472.0,-692.0,-1400.0,-600.0
-1470.0,-692.0,-102.687,3.86554e-07,86.2669,52.7336,93.7331,-127.266,-1470.0,-692.0,-1400.0,-600.0
-1468.0,-692.0,-102.597,3.82559e-07,86.2278,53.5308,93.7722,-126.469,-1468.0,-692.0,-1400.0,-600.0
-1466.0,-692.0,-102.507,3.78639e-07,86.1887,54.3447,93.8113,-125.655,-1466.0,-692.0,-1400.0,-600.0
-1464.0,-692.0,-102.419,3.74797e-07,86.1496,55.1755,93.8504,-124.824,-1464.0,-692.0,-1400.0,-600.0
-1462.0,-692.0,-102.331,3.71035e-07,86.1105,56.0235,93.8895,-123.977,-1462.0,-692.0,-1400.0,-600.0
-1460.0,-692.0,-102.244,3.67356e-07,86.0715,56.8887,93.9285,-123.111,-1460.0,-692.0,-1400.0,-600.0
-1458.0,-692.0,-102.159,3.63762e-07,86.0326,57.7712,93.9674,-122.229,-1458.0,-692.0,-1400.0,-600.0
-1456.0,-692.0,-102.075,3.60272e-07,85.957,58.6713,94.043,-121.329,-1456.0,-692.0,-1400.0,-600.0
-1454.0,-692.0,-101.992,3.56877e-07,85.8731,59.5889,94.1269,-120.411,-1454.0,-692.0,-1400.0,-600.0
-1452.0,-692.0,-101.911,3.53575e-07,85.7888,60.5241,94.2112,-119.476,-1452.0,-692.0,-1400.0,-600.0
-1450.0,-692.0,-101.832,3.50369e-07,85.704,61.4769,94.296,-118.523,-1450.0,-692.0,-1400.0,-600.0
-1448.0,-692.0,-101.755,3.47263e-07,85.6189,62.4472,94.3811,-117.553,-1448.0,-692.0,-1400.0,-600.0
-1446.0,-692.0,-101.679,3.44258e-07,85.5335,63.4349,94.4665,-116.565,-1446.0,-692.0,-1400.0,-600.0
-1444.0,-692.0,-101.605,3.41357e-07,85.4481,64.44,94.5519,-115.56,-1444.0,-692.0,-1400.0,-600.0
-1442.0,-692.0,-101.534,3.38563e-07,85.3626,65.4623,94.6374,-114.538,-1442.0,-692.0,-1400.0,-600.0
-1440.0,-692.0,-101.465,3.35878e-07,85.2773,66.5014,94.7227,-113.499,-1440.0,-692.0,-1400.0,-600.0
-1438.0,-692.0,-101.398,3.33306e-07,85.1922,67.5572,94.8078,-112.443,-1438.0,-692.0,-1400.0,-600.0
-1436.0,-692.0,-101.333,3.30849e-07,85.1074,68.6294,94.8926,-111.371,-1436.0,-692.0,-1400.0,-600.0
-1434.0,-692.0,-101.272,3.28509e-07,85.0232,69.7174,94.9768,-110.283,-1434.0,-692.0,-1400.0,-600.0
-1432.0,-692.0,-101.212,3.26265e-07,84.9878,70.821,95.0122,-109.179,-1432.0,-692.0,-1400.0,-600.0
-1430.0,-692.0,-101.155,3.24143e-07,84.9549,71.9395,95.0451,-108.06,-1430.0,-692.0,-1400.0,-600.0
-1428.0,-692.0,-101.102,3.22144e-07,84.9235,73.0725,95.0765,-106.928,-1428.0,-692.0,-1400.0,-600.0
-1426.0,-692.0,-101.051,3.20273e-07,84.8938,74.2192,95.1062,-105.781,-1426.0,-692.0,-1400.0,-600.0
-1424.0,-692.0,-101.003,3.1853e-07,84.8658,75.3791,95.1342,-104.621,-1424.0,-692.0,-1400.0,-600.0
-1422.0,-692.0,-112.226,3.16921e-07,84.8396,76.6817,95.1604,-103.963,-1404.61,-618.561,-1404.61,-618.561
-1420.0,-692.0,-120.484,3.15474e-07,84.8159,78.168,95.1841,-103.963,-1404.61,-618.561,-1404.61,-618.561
-1418.0,-692.0,-122.136,9.76897e-07,88.3279,86.5138,91.6721,93.6035,-1406.3,-499.954,-1406.3,-499.954
-1416.0,-692.0,-122.077,9.76514e-07,88.3273,86.9048,91.6727,93.2125,-1405.62,-499.953,-1405.62,-499.953
-1414.0,-692.0,-121.982,9.76177e-07,88.3267,87.2961,91.6733,92.8212,-1404.93,-499.952,-1404.93,-499.952
-1412.0,-692.0,-121.87,9.75885e-07,88.3262,87.6877,91.6738,92.4296,-1404.25,-499.951,-1404.25,-499.951
-1410.0,-692.0,-121.755,9.75639e-07,88.3258,88.0794,91.6742,92.0379,-1403.56,-499.951,-1403.56,-499.951
-1408.0,-692.0,-119.237,1.09227e-06,88.5046,98.4257,91.4954,81.5301,-1396.72,-577.957,-1425.5,-573.83
-1406.0,-692.0,-144.192,3.1022e-07,84.7278,88.9196,95.2722,-103.963,-1404.61,-618.561,-1404.61,-618.561
-1404.0,-692.0,-149.568,3.10186e-07,84.725,90.4798,95.275,-103.963,-1404.61,-618.561,-1404.61,-618.561
-1402.0,-692.0,-151.974,4.67579e-07,86.4688,102.19,93.5312,148.195,-1425.26,-584.337,-1425.26,-584.337
-1400.0,-692.0,0.0,0.0,0.0,0.0,0.0,0.0,0.0,0.0,0.0,0.0
-1398.0,-692.0,0.0,0.0,0.0,0.0,0.0,0.0,0.0,0.0,0.0,0.0
-1396.0,-692.0,0.0,0.0,0.0,0.0,0.0,0.0,0.0,0.0,0.0,0.0
-1394.0,-692.0,0.0,0.0,0.0,0.0,0.0,0.0,0.0,0.0,0.0,0.0
-1392.0,-692.0,0.0,0.0,0.0,0.0,0.0,0.0,0.0,0.0,0.0,0.0
-1390.0,-692.0,0.0,0.0,0.0,0.0,0.0,0.0,0.0,0.0,0.0,0.0
-1388.0,-692.0,0.0,0.0,0.0,0.0,0.0,0.0,0.0,0.0,0.0,0.0
-1386.0,-692.0,0.0,0.0,0.0,0.0,0.0,0.0,0.0,0.0,0.0,0.0
-1384.0,-692.0,0.0,0.0,0.0,0.0,0.0,0.0,0.0,0.0,0.0,0.0
-1382.0,-692.0,0.0,0.0,0.0,0.0,0.0,0.0,0.0,0.0,0.0,0.0
-1380.0,-692.0,0.0,0.0,0.0,0.0,0.0,0.0,0.0,0.0,0.0,0.0
-1378.0,-692.0,0.0,0.0,0.0,0.0,0.0,0.0,0.0,0.0,0.0,0.0
-1376.0,-692.0,0.0,0.0,0.0,0.0,0.0,0.0,0.0,0.0,0.0,0.0
-1374.0,-692.0,0.0,0.0,0.0,0.0,0.0,0.0,0.0,0.0,0.0,0.0
-1372.0,-692.0,0.0,0.0,0.0,0.0,0.0,0.0,0.0,0.0,0.0,0.0
-1370.0,-692.0,0.0,0.0,0.0,0.0,0.0,0.0,0.0,0.0,0.0,0.0
-1368.0,-692.0,0.0,0.0,0.0,0.0,0.0,0.0,0.0,0.0,0.0,0.0
-1366.0,-692.0,0.0,0.0,0.0,0.0,0.0,0.0,0.0,0.0,0.0,0.0
-1364.0,-692.0,0.0,0.0,0.0,0.0,0.0,0.0,0.0,0.0,0.0,0.0
-1362.0,-692.0,0.0,0.0,0.0,0.0,0.0,0.0,0.0,0.0,0.0,0.0
-1360.0,-692.0,-153.815,5.35226e-07,92.0534,71.4296,101.111,-66.0892,-1392.01,-618.029,-1351.2,-665.814
-1358.0,-692.0,-177.803,1.08897e-06,88.334,45.0132,91.666,-2.76158,-1239.86,-607.725,-1334.96,-668.954
-1356.0,-692.0,-166.261,1.01195e-06,88.1912,162.333,91.8088,-9.41385,-1309.77,-614.96,-1361.55,-690.234
-1354.0,-692.0,-165.263,1.01832e-06,88.1867,162.496,91.8133,-9.41385,-1309.77,-614.96,-1361.57,-689.614
-1352.0,-692.0,-164.34,1.02469e-06,88.1822,162.656,91.8178,-9.41385,-1309.77,-614.96,-1361.59,-689.006
-1350.0,-692.0,-121.629,5.2584e-07,90.7462,109.189,99.3166,-69.6782,-1393.3,-618.084,-1379.47,-607.308
-1348.0,-692.0,0.0,0.0,0.0,0.0,0.0,0.0,0.0,0.0,0.0,0.0
-1346.0,-692.0,0.0,0.0,0.0,0.0,0.0,0.0,0.0,0.0,0.0,0.0
-1344.0,-692.0,0.0,0.0,0.0,0.0,0.0,0.0,0.0,0.0,0.0,0.0
-1342.0,-692.0,0.0,0.0,0.0,0.0,0.0,0.0,0.0,0.0,0.0,0.0
-1340.0,-692.0,0.0,0.0,0.0,0.0,0.0,0.0,0.0,0.0,0.0,0.0
-1338.0,-692.0,0.0,0.0,0.0,0.0,0.0,0.0,0.0,0.0,0.0,0.0
-1336.0,-692.0,0.0,0.0,0.0,0.0,0.0,0.0,0.0,0.0,0.0,0.0
-1334.0,-692.0,0.0,0.0,0.0,0.0,0.0,0.0,0.0,0.0,0.0,0.0
-1332.0,-692.0,0.0,0.0,0.0,0.0,0.0,0.0,0.0,0.0,0.0,0.0
-1330.0,-692.0,0.0,0.0,0.0,0.0,0.0,0.0,0.0,0.0,0.0,0.0
-1328.0,-692.0,0.0,0.0,0.0,0.0,0.0,0.0,0.0,0.0,0.0,0.0
-1326.0,-692.0,0.0,0.0,0.0,0.0,0.0,0.0,0.0,0.0,0.0,0.0
-1324.0,-692.0,0.0,0.0,0.0,0.0,0.0,0.0,0.0,0.0,0.0,0.0
-1322.0,-692.0,0.0,0.0,0.0,0.0,0.0,0.0,0.0,0.0,0.0,0.0
-1320.0,-692.0,0.0,0.0,0.0,0.0,0.0,0.0,0.0,0.0,0.0,0.0
-1318.0,-692.0,0.0,0.0,0.0,0.0,0.0,0.0,0.0,0.0,0.0,0.0
-1316.0,-692.0,0.0,0.0,0.0,0.0,0.0,0.0,0.0,0.0,0.0,0.0
-1314.0,-692.0,0.0,0.0,0.0,0.0,0.0,0.0,0.0,0.0,0.0,0.0
-1312.0,-692.0,0.0,0.0,0.0,0.0,0.0,0.0,0.0,0.0,0.0,0.0
-1310.0,-692.0,-128.011,9.19366e-07,87.6049,32.8698,92.3951,-31.0527,-1371.49,-617.165,-1239.86,-646.68
-1308.0,-692.0,-127.075,9.13777e-07,87.5843,33.0971,92.4157,-31.28,-1371.73,-617.175,-1239.86,-647.588
-1306.0,-692.0,-126.057,9.08199e-07,87.5694,33.3272,92.4306,-31.5101,-1371.97,-617.185,-1239.86,-648.512
-1304.0,-692.0,-124.478,9.02635e-07,87.5545,33.5601,92.4455,-31.7431,-1372.21,-617.195,-1239.86,-649.453
-1302.0,-692.0,-122.373,8.97087e-07,87.5393,33.796,92.4607,-31.9789,-1372.44,-617.205,-1239.86,-650.41
-1300.0,-692.0,-120.268,8.91554e-07,87.524,34.0348,92.476,-32.2177,-1372.68,-617.215,-1239.87,-651.385
-1298.0,-692.0,-118.487,8.86037e-07,87.5086,34.2765,92.4914,-32.4595,-1372.92,-617.225,-1239.87,-652.378
-1296.0,-692.0,-117.082,8.80536e-07,87.493,34.5213,92.507,-32.7043,-1373.16,-617.235,-1239.87,-653.389
-1294.0,-692.0,-116.001,8.75051e-07,87.4773,34.7692,92.5227,-32.9521,-1373.4,-617.245,-1239.87,-654.419
-1292.0,-692.0,-115.174,8.69583e-07,87.4614,35.0202,92.5386,-33.2031,-1373.63,-617.255,-1239.87,-655.468
-1290.0,-692.0,-114.542,8.64142e-07,87.4288,35.2744,92.5712,-33.4573,-1373.87,-617.265,-1239.87,-656.537
-1288.0,-692.0,-114.061,8.58721e-07,87.3937,35.5318,92.6063,-33.7147,-1374.11,-617.275,-1239.87,-657.626
-1286.0,-692.0,-113.698,8.53318e-07,87.3583,35.7924,92.6417,-33.9754,-1374.35,-617.285,-1239.87,-658.737
-1284.0,-692.0,-113.433,8.47933e-07,87.3224,36.0565,92.6776,-34.2394,-1374.59,-617.295,-1239.87,-659.869
-1282.0,-692.0,-113.252,8.42566e-07,87.2862,36.3239,92.7138,-34.5068,-1374.83,-617.305,-1239.87,-661.023
-1280.0,-692.0,-113.148,8.37218e-07,87.2495,36.5947,92.7505,-34.7777,-1375.07,-617.315,-1239.87,-662.2
-1278.0,-692.0,-113.122,8.3189e-07,87.2125,36.869,92.7875,-35.052,-1375.3,-617.325,-1239.87,-663.401
-1276.0,-692.0,-113.176,8.26575e-07,87.1835,37.1469,92.8165,-35.3299,-1375.54,-617.335,-1239.87,-664.626
-1274.0,-692.0,-113.324,8.21272e-07,87.1653,37.4284,92.8347,-35.6114,-1375.78,-617.346,-1239.87,-665.877
-1272.0,-692.0,-113.587,8.15989e-07,87.1469,37.7136,92.8531,-35.8965,-1376.02,-617.356,-1239.87,-667.153
-1270.0,-692.0,-124.135,8.10728e-07,87.1284,38.0862,92.8716,-35.9954,-1376.1,-617.359,-1239.87,-668.385
-1268.0,-692.0,-130.095,8.05498e-07,87.1097,38.51,92.8903,-35.9954,-1376.1,-617.359,-1239.87,-669.615
-1266.0,-692.0,-135.451,8.00298e-07,87.0909,38.9418,92.9091,-35.9954,-1376.1,-617.359,-1239.87,-670.883
-1264.0,-692.0,-141.051,7.9513e-07,87.072,39.3818,92.928,-35.9954,-1376.1,-617.359,-1239.87,-672.191
-1262.0,-692.0,-158.948,8.31713e-07,87.2009,120.689,92.7991,-43.396,-1381.4,-617.583,-1323.94,-587.626
-1260.0,-692.0,-159.231,8.49416e-07,87.2593,117.662,92.7407,-35.9954,-1376.1,-617.359,-1314.83,-587.388
-1258.0,-692.0,-158.68,8.25944e-07,84.3362,43.3237,82.8621,44.8389,-1389.95,-590.002,-1239.87,-674.9
-1256.0,-692.0,-153.084,1.07128e-06,85.3814,155.165,86.2831,-26.7533,-1366.38,-616.949,-1308.9,-667.52
-1254.0,-692.0,-153.067,1.07732e-06,85.4095,155.315,86.2999,-26.6027,-1366.17,-616.941,-1308.92,-666.756
-1252.0,-692.0,-153.062,1.08336e-06,85.4495,155.462,86.3167,-26.4526,-1365.97,-616.932,-1308.94,-666.003
-1250.0,-692.0,-153.073,1.08939e-06,85.4976,155.607,86.3334,-26.3033,-1365.76,-616.923,-1308.97,-665.26
-1248.0,-692.0,-153.108,1.09543e-06,85.5452,155.75,86.35,-26.1557,-1365.56,-616.915,-1308.99,-664.526
-1246.0,-692.0,-153.166,1.10148e-06,85.5923,155.892,86.3664,-26.0098,-1365.35,-616.906,-1309.01,-663.802
-1244.0,-692.0,-153.247,1.10754e-06,85.6389,156.033,86.3827,-25.8654,-1365.15,-616.897,-1309.04,-663.088
-1242.0,-692.0,-153.35,1.1136e-06,85.685,156.171,86.3988,-25.7227,-1364.94,-616.889,-1309.06,-662.384
-1240.0,-692.0,-152.937,8.72321e-07,87.4533,126.45,92.5467,-43.396,-1381.4,-617.583,-1317.22,-587.451
-1238.0,-692.0,0.0,0.0,0.0,0.0,0.0,0.0,0.0,0.0,0.0,0.0
-1236.0,-692.0,0.0,0.0,0.0,0.0,0.0,0.0,0.0,0.0,0.0,0.0
-1234.0,-692.0,0.0,0.0,0.0,0.0,0.0,0.0,0.0,0.0,0.0,0.0
-1232.0,-692.0,0.0,0.0,0.0,0.0,0.0,0.0,0.0,0.0,0.0,0.0
-1230.0,-692.0,0.0,0.0,0.0,0.0,0.0,0.0,0.0,0.0,0.0,0.0
-1228.0,-692.0,0.0,0.0,0.0,0.0,0.0,0.0,0.0,0.0,0.0,0.0
-1226.0,-692.0,0.0,0.0,0.0,0.0,0.0,0.0,0.0,0.0,0.0,0.0
-1224.0,-692.0,0.0,0.0,0.0,0.0,0.0,0.0,0.0,0.0,0.0,0.0
-1222.0,-692.0,0.0,0.0,0.0,0.0,0.0,0.0,0.0,0.0,0.0,0.0
-1220.0,-692.0,0.0,0.0,0.0,0.0,0.0,0.0,0.0,0.0,0.0,0.0
-1218.0,-692.0,0.0,0.0,0.0,0.0,0.0,0.0,0.0,0.0,0.0,0.0
-1216.0,-692.0,0.0,0.0,0.0,0.0,0.0,0.0,0.0,0.0,0.0,0.0
-1214.0,-692.0,-165.679,1.60689e-06,88.8158,-106.114,91.1842,-43.3117,-1381.35,-617.58,-1231.65,-753.109
-1212.0,-692.0,-165.985,1.60874e-06,88.8472,-106.391,91.1528,-43.3117,-1381.35,-617.58,-1229.96,-753.053
-1210.0,-692.0,-166.367,1.61062e-06,88.8786,-106.666,91.1214,-43.3117,-1381.35,-617.58,-1228.26,-752.997
-1208.0,-692.0,-166.84,1.61254e-06,88.91,-106.941,91.09,-43.3117,-1381.35,-617.58,-1226.56,-752.941
-1206.0,-692.0,-167.423,1.61448e-06,88.9413,-107.215,91.0587,-43.3117,-1381.35,-617.58,-1224.86,-752.885
-1204.0,-692.0,-168.146,1.61647e-06,88.9457,-107.488,91.0543,-43.3117,-1381.35,-617.58,-1223.17,-752.829
-1202.0,-692.0,-174.663,1.49557e-06,88.8605,-117.809,91.1395,15.8832,-1361.84,-589.142,-1234.28,-753.195
-1600.0,-690.0,-108.252,7.32345e-07,87.7881,24.2277,92.2119,-155.772,-1600.0,-690.0,-1400.0,-600.0
-1598.0,-690.0,-108.179,7.26279e-07,87.7507,24.444,92.2493,-155.556,-1598.0,-690.0,-1400.0,-600.0
-1596.0,-690.0,-108.106,7.20214e-07,87.7317,24.6638,92.2683,-155.336,-1596.0,-690.0,-1400.0,-600.0
-1594.0,-690.0,-108.032,7.14159e-07,87.7125,24.8874,92.2875,-155.113,-1594.0,-690.0,-1400.0,-600.0
-1592.0,-690.0,-107.958,7.08116e-07,87.6929,25.1148,92.3071,-154.885,-1592.0,-690.0,-1400.0,-600.0
-1590.0,-690.0,-107.884,7.02084e-07,87.6731,25.3462,92.3269,-154.654,-1590.0,-690.0,-1400.0,-600.0
-1588.0,-690.0,-107.809,6.96064e-07,87.653,25.5815,92.347,-154.418,-1588.0,-690.0,-1400.0,-600.0
-1586.0,-690.0,-107.733,6.90056e-07,87.6325,25.821,92.3675,-154.179,-1586.0,-690.0,-1400.0,-600.0
-1584.0,-690.0,-107.657,6.84065e-07,87.6016,26.0647,92.3984,-153.935,-1584.0,-690.0,-1400.0,-600.0
-1582.0,-690.0,-107.581,6.78094e-07,87.5566,26.3126,92.4434,-153.687,-1582.0,-690.0,-1400.0,-600.0
-1580.0,-690.0,-107.504,6.72136e-07,87.5109,26.5651,92.4891,-153.435,-1580.0,-690.0,-1400.0,-600.0
-1578.0,-690.0,-107.427,6.66192e-07,87.4645,26.822,92.5355,-153.178,-1578.0,-690.0,-1400.0,-600.0
-1576.0,-690.0,-107.349,6.60262e-07,87.4172,27.0836,92.5828,-152.916,-1576.0,-690.0,-1400.0,-600.0
-1574.0,-690.0,-107.27,6.54346e-07,87.3692,27.3499,92.6308,-152.65,-1574.0,-690.0,-1400.0,-600.0
-1572.0,-690.0,-107.191,6.48445e-07,87.3203,27.6211,92.6797,-152.379,-1572.0,-690.0,-1400.0,-600.0
-1570.0,-690.0,-107.112,6.4257e-07,87.2526,27.8973,92.7474,-152.103,-1570.0,-690.0,-1400.0,-600.0
-1568.0,-690.0,-107.032,6.36714e-07,87.1765,28.1786,92.8235,-151.821,-1568.0,-690.0,-1400.0,-600.0
-1566.0,-690.0,-106.952,6.30874e-07,87.0991,28.4652,92.9009,-151.535,-1566.0,-690.0,-1400.0,-600.0
-1564.0,-690.0,-106.871,6.25053e-07,87.0204,28.7571,92.9796,-151.243,-1564.0,-690.0,-1400.0,-600.0
-1562.0,-690.0,-106.79,6.19248e-07,86.9402,29.0546,93.0598,-150.945,-1562.0,-690.0,-1400.0,-600.0
-1560.0,-690.0,-106.708,6.13435e-07,86.9048,29.3578,93.0952,-150.642,-1560.0,-690.0,-1400.0,-600.0
-1558.0,-690.0,-106.625,6.07621e-07,86.9017,29.6667,93.0983,-150.333,-1558.0,-690.0,-1400.0,-600.0
-1556.0,-690.0,-106.541,6.01825e-07,86.8987,29.9816,93.1013,-150.018,-1556.0,-690.0,-1400.0,-600.0
-1554.0,-690.0,-106.457,5.96047e-07,86.8957,30.3027,93.1043,-149.697,-1554.0,-690.0,-1400.0,-600.0
-1552.0,-690.0,-106.373,5.90288e-07,86.8928,30.63,93.1072,-149.37,-1552.0,-690.0,-1400.0,-600.0
-1550.0,-690.0,-106.288,5.84556e-07,86.8774,30.9638,93.1226,-149.036,-1550.0,-690.0,-1400.0,-600.0
-1548.0,-690.0,-106.202,5.78852e-07,86.8466,31.3041,93.1534,-148.696,-1548.0,-690.0,-1400.0,-600.0
-1546.0,-690.0,-106.116,5.73169e-07,86.8154,31.6513,93.1846,-148.349,-1546.0,-690.0,-1400.0,-600.0
-1544.0,-690.0,-106.03,5.67508e-07,86.7836,32.0054,93.2164,-147.995,-1544.0,-690.0,-1400.0,-600.0
-1542.0,-690.0,-105.943,5.61869e-07,86.7512,32.3666,93.2488,-147.633,-1542.0,-690.0,-1400.0,-600.0
-1540.0,-690.0,-105.855,5.56253e-07,86.7184,32.7352,93.2816,-147.265,-1540.0,-690.0,-1400.0,-600.0
-1538.0,-690.0,-105.768,5.50661e-07,86.685,33.1113,93.315,-146.889,-1538.0,-690.0,-1400.0,-600.0
-1536.0,-690.0,-105.679,5.4508e-07,86.673,33.4952,93.327,-146.505,-1536.0,-690.0,-1400.0,-600.0
-1534.0,-690.0,-105.59,5.39521e-07,86.6686,33.887,93.3314,-146.113,-1534.0,-690.0,-1400.0,-600.0
-1532.0,-690.0,-105.5,5.33987e-07,86.6643,34.2869,93.3357,-145.713,-1532.0,-690.0,-1400.0,-600.0
-1530.0,-690.0,-105.409,5.28479e-07,86.6601,34.6952,93.3399,-145.305,-1530.0,-690.0,-1400.0,-600.0
-1528.0,-690.0,-105.319,5.22999e-07,86.656,35.112,93.344,-144.888,-1528.0,-690.0,-1400.0,-600.0
-1526.0,-690.0,-105.227,5.17547e-07,86.652,35.5377,93.348,-144.462,-1526.0,-690.0,-1400.0,-600.0
-1524.0,-690.0,-105.136,5.12124e-07,86.649,35.9724,93.351,-144.028,-1524.0,-690.0,-1400.0,-600.0
-1522.0,-690.0,-105.043,5.06715e-07,86.677,36.4164,93.323,-143.584,-1522.0,-690.0,-1400.0,-600.0
-1520.0,-690.0,-104.95,5.01336e-07,86.7058,36.8699,93.2942,-143.13,-1520.0,-690.0,-1400.0,-600.0
-1518.0,-690.0,-104.857,4.9599e-07,86.7354,37.3332,93.2646,-142.667,-1518.0,-690.0,-1400.0,-600.0
-1516.0,-690.0,-104.763,4.90677e-07,86.7659,37.8065,93.2341,-142.193,-1516.0,-690.0,-1400.0,-600.0
-1514.0,-690.0,-104.669,4.85399e-07,86.7973,38.2902,93.2027,-141.71,-1514.0,-690.0,-1400.0,-600.0
-1512.0,-690.0,-104.575,4.80169e-07,86.7997,38.7844,93.2003,-141.216,-1512.0,-690.0,-1400.0,-600.0
-1510.0,-690.0,-104.48,4.74978e-07,86.7987,39.2894,93.2013,-140.711,-1510.0,-690.0,-1400.0,-600.0
-1508.0,-690.0,-104.385,4.69825e-07,86.798,39.8056,93.202,-140.194,-1508.0,-690.0,-1400.0,-600.0
-1506.0,-690.0,-104.29,4.6471e-07,86.7975,40.3331,93.2025,-139.667,-1506.0,-690.0,-1400.0,-600.0
-1504.0,-690.0,-104.194,4.59635e-07,86.7972,40.8724,93.2028,-139.128,-1504.0,-690.0,-1400.0,-600.0
-1502.0,-690.0,-104.099,4.54602e-07,86.7973,41.4237,93.2027,-138.576,-1502.0,-690.0,-1400.0,-600.0
-1500.0,-690.0,-104.003,4.49615e-07,86.791,41.9872,93.209,-138.013,-1500.0,-690.0,-1400.0,-600.0
-1498.0,-690.0,-103.907,4.44685e-07,86.7554,42.5634,93.2446,-137.437,-1498.0,-690.0,-1400.0,-600.0
-1496.0,-690.0,-103.81,4.39801e-07,86.7194,43.1524,93.2806,-136.848,-1496.0,-690.0,-1400.0,-600.0
-1494.0,-690.0,-103.714,4.34964e-07,86.6828,43.7546,93.3172,-136.245,-1494.0,-690.0,-1400.0,-600.0
-1492.0,-690.0,-103.618,4.30177e-07,86.6459,44.3704,93.3541,-135.63,-1492.0,-690.0,-1400.0,-600.0
-1490.0,-690.0,-103.521,4.2544e-07,86.6085,45.0,93.3915,-135.0,-1490.0,-690.0,-1400.0,-600.0
-1488.0,-690.0,-103.425,4.20756e-07,86.5707,45.6437,93.4293,-134.356,-1488.0,-690.0,-1400.0,-600.0
-1486.0,-690.0,-103.329,4.16127e-07,86.5325,46.302,93.4675,-133.698,-1486.0,-690.0,-1400.0,-600.0
-1484.0,-690.0,-103.233,4.11553e-07,86.4939,46.9749,93.5061,-133.025,-1484.0,-690.0,-1400.0,-600.0
-1482.0,-690.0,-103.137,4.07037e-07,86.455,47.663,93.545,-132.337,-1482.0,-690.0,-1400.0,-600.0
-1480.0,-690.0,-103.041,4.02582e-07,86.4157,48.3665,93.5843,-131.634,-1480.0,-690.0,-1400.0,-600.0
-1478.0,-690.0,-102.945,3.98188e-07,86.3761,49.0856,93.6239,-130.914,-1478.0,-690.0,-1400.0,-600.0
-1476.0,-690.0,-102.85,3.93859e-07,86.3362,49.8208,93.6638,-130.179,-1476.0,-690.0,-1400.0,-600.0
-1474.0,-690.0,-102.756,3.89595e-07,86.296,50.5722,93.704,-129.428,-1474.0,-690.0,-1400.0,-600.0
-1472.0,-690.0,-102.661,3.854e-07,86.2557,51.3402,93.7443,-128.66,-1472.0,-690.0,-1400.0,-600.0
-1470.0,-690.0,-102.568,3.81276e-07,86.2151,52.125,93.7849,-127.875,-1470.0,-690.0,-1400.0,-600.0
-1468.0,-690.0,-102.475,3.77225e-07,86.1744,52.9269,93.8256,-127.073,-1468.0,-690.0,-1400.0,-600.0
-1466.0,-690.0,-102.383,3.73249e-07,86.1336,53.7462,93.8664,-126.254,-1466.0,-690.0,-1400.0,-600.0
-1464.0,-690.0,-102.291,3.69351e-07,86.0927,54.5829,93.9073,-125.417,-1464.0,-690.0,-1400.0,-600.0
-1462.0,-690.0,-102.201,3.65533e-07,86.0518,55.4375,93.9482,-124.563,-1462.0,-690.0,-1400.0,-600.0
-1460.0,-690.0,-102.111,3.61798e-07,86.011,56.3099,93.989,-123.69,-1460.0,-690.0,-1400.0,-600.0
-1458.0,-690.0,-102.023,3.58148e-07,85.9703,57.2005,94.0297,-122.8,-1458.0,-690.0,-1400.0,-600.0
-1456.0,-690.0,-101.936,3.54588e-07,85.927,58.1092,94.073,-121.891,-1456.0,-690.0,-1400.0,-600.0
-1454.0,-690.0,-101.851,3.51137e-07,85.8409,59.0362,94.1591,-120.964,-1454.0,-690.0,-1400.0,-600.0
-1452.0,-690.0,-101.768,3.47781e-07,85.7541,59.9816,94.2459,-120.018,-1452.0,-690.0,-1400.0,-600.0
-1450.0,-690.0,-101.686,3.44521e-07,85.6669,60.9454,94.3331,-119.055,-1450.0,-690.0,-1400.0,-600.0
-1448.0,-690.0,-101.606,3.41361e-07,85.5793,61.9275,94.4207,-118.072,-1448.0,-690.0,-1400.0,-600.0
-1446.0,-690.0,-101.527,3.38303e-07,85.4914,62.9279,94.5086,-117.072,-1446.0,-690.0,-1400.0,-600.0
-1444.0,-690.0,-101.451,3.35351e-07,85.4034,63.9465,94.5966,-116.053,-1444.0,-690.0,-1400.0,-600.0
-1442.0,-690.0,-101.377,3.32506e-07,85.3153,64.9831,94.6847,-115.017,-1442.0,-690.0,-1400.0,-600.0
-1440.0,-690.0,-101.305,3.29772e-07,85.2273,66.0375,94.7727,-113.962,-1440.0,-690.0,-1400.0,-600.0
-1438.0,-690.0,-101.236,3.27152e-07,85.1394,67.1094,94.8606,-112.891,-1438.0,-690.0,-1400.0,-600.0
-1436.0,-690.0,-101.169,3.24648e-07,85.052,68.1986,94.948,-111.801,-1436.0,-690.0,-1400.0,-600.0
-1434.0,-690.0,-101.105,3.22263e-07,84.965,69.3045,95.035,-110.695,-1434.0,-690.0,-1400.0,-600.0
-1432.0,-690.0,-101.043,3.19994e-07,84.8893,70.4269,95.1107,-109.573,-1432.0,-690.0,-1400.0,-600.0
-1430.0,-690.0,-100.984,3.1783e-07,84.8544,71.5651,95.1456,-108.435,-1430.0,-690.0,-1400.0,-600.0
-1428.0,-690.0,-100.928,3.15792e-07,84.8211,72.7185,95.1789,-107.281,-1428.0,-690.0,-1400.0,-600.0
-1426.0,-690.0,-100.875,3.13882e-07,84.7895,73.8866,95.2105,-106.113,-1426.0,-690.0,-1400.0,-600.0
-1424.0,-690.0,-100.826,3.12103e-07,84.7597,75.0686,95.2403,-104.931,-1424.0,-690.0,-1400.0,-600.0
-1422.0,-690.0,-109.231,3.10459e-07,84.7319,76.3227,95.2681,-103.963,-1404.61,-618.561,-1404.61,-618.561
-1420.0,-690.0,-118.887,3.08973e-07,84.7065,77.8465,95.2935,-103.963,-1404.61,-618.561,-1404.61,-618.561
-1418.0,-690.0,-122.078,9.70239e-07,88.3164,86.4899,91.6836,93.6274,-1406.34,-499.954,-1406.34,-499.954
-1416.0,-690.0,-122.023,9.69854e-07,88.3158,86.8835,91.6842,93.2338,-1405.65,-499.953,-1405.65,-499.953
-1414.0,-690.0,-121.929,9.69514e-07,88.3152,87.2775,91.6848,92.8398,-1404.96,-499.952,-1404.96,-499.952
-1412.0,-690.0,-121.817,9.6922e-07,88.3147,87.6717,91.6853,92.4456,-1404.27,-499.951,-1404.27,-499.951
-1410.0,-690.0,-119.299,1.08471e-06,88.4941,98.1285,91.5059,81.8272,-1396.74,-577.286,-1425.29,-582.952
-1408.0,-690.0,-119.169,1.08567e-06,88.4955,98.4773,91.5045,81.4785,-1396.71,-578.07,-1425.54,-572.323
-1406.0,-690.0,-125.375,9.68981e-07,92.3861,89.0275,92.2964,91.2875,-1402.25,-499.949,-1405.36,-652.177
-1404.0,-690.0,-149.415,3.03562e-07,84.5687,90.4932,95.4313,-103.963,-1404.61,-618.561,-1404.61,-618.561
-1402.0,-690.0,-141.575,9.85988e-07,88.3137,102.035,91.6863,82.1554,-1396.76,-576.497,-1425.35,-580.491
-1400.0,-690.0,0.0,0.0,0.0,0.0,0.0,0.0,0.0,0.0,0.0,0.0
-1398.0,-690.0,0.0,0.0,0.0,0.0,0.0,0.0,0.0,0.0,0.0,0.0
-1396.0,-690.0,0.0,0.0,0.0,0.0,0.0,0.0,0.0,0.0,0.0,0.0
-1394.0,-690.0,0.0,0.0,0.0,0.0,0.0,0.0,0.0,0.0,0.0,0.0
-1392.0,-690.0,0.0,0.0,0.0,0.0,0.0,0.0,0.0,0.0,0.0,0.0
-1390.0,-690.0,0.0,0.0,0.0,0.0,0.0,0.0,0.0,0.0,0.0,0.0
-1388.0,-690.0,0.0,0.0,0.0,0.0,0.0,0.0,0.0,0.0,0.0,0.0
-1386.0,-690.0,0.0,0.0,0.0,0.0,0.0,0.0,0.0,0.0,0.0,0.0
-1384.0,-690.0,0.0,0.0,0.0,0.0,0.0,0.0,0.0,0.0,0.0,0.0
-1382.0,-690.0,0.0,0.0,0.0,0.0,0.0,0.0,0.0,0.0,0.0,0.0
-1380.0,-690.0,0.0,0.0,0.0,0.0,0.0,0.0,0.0,0.0,0.0,0.0
-1378.0,-690.0,0.0,0.0,0.0,0.0,0.0,0.0,0.0,0.0,0.0,0.0
-1376.0,-690.0,0.0,0.0,0.0,0.0,0.0,0.0,0.0,0.0,0.0,0.0
-1374.0,-690.0,0.0,0.0,0.0,0.0,0.0,0.0,0.0,0.0,0.0,0.0
-1372.0,-690.0,0.0,0.0,0.0,0.0,0.0,0.0,0.0,0.0,0.0,0.0
-1370.0,-690.0,0.0,0.0,0.0,0.0,0.0,0.0,0.0,0.0,0.0,0.0
-1368.0,-690.0,0.0,0.0,0.0,0.0,0.0,0.0,0.0,0.0,0.0,0.0
-1366.0,-690.0,0.0,0.0,0.0,0.0,0.0,0.0,0.0,0.0,0.0,0.0
-1364.0,-690.0,0.0,0.0,0.0,0.0,0.0,0.0,0.0,0.0,0.0,0.0
-1362.0,-690.0,0.0,0.0,0.0,0.0,0.0,0.0,0.0,0.0,0.0,0.0
-1360.0,-690.0,-152.669,5.28901e-07,92.0566,71.1991,101.094,-65.8553,-1391.92,-618.026,-1351.25,-664.3
-1358.0,-690.0,-163.924,1.00358e-06,88.1799,162.689,91.8201,-9.41385,-1309.77,-614.96,-1361.59,-688.881
-1356.0,-690.0,-175.273,1.45883e-06,88.7369,167.022,91.2631,-7.72819,-1239.86,-621.732,-1361.6,-688.71
-1354.0,-690.0,-171.696,1.7268e-06,88.9236,145.615,91.0764,-126.816,-1556.08,-808.509,-1383.29,-669.956
-1352.0,-690.0,-171.85,1.73232e-06,88.9177,145.865,91.0823,-126.816,-1556.08,-808.509,-1381.66,-669.894
-1350.0,-690.0,-122.226,5.1954e-07,90.7315,109.43,99.3108,-69.4327,-1393.22,-618.08,-1379.16,-607.344
-1348.0,-690.0,0.0,0.0,0.0,0.0,0.0,0.0,0.0,0.0,0.0,0.0
-1346.0,-690.0,0.0,0.0,0.0,0.0,0.0,0.0,0.0,0.0,0.0,0.0
-1344.0,-690.0,0.0,0.0,0.0,0.0,0.0,0.0,0.0,0.0,0.0,0.0
-1342.0,-690.0,0.0,0.0,0.0,0.0,0.0,0.0,0.0,0.0,0.0,0.0
-1340.0,-690.0,0.0,0.0,0.0,0.0,0.0,0.0,0.0,0.0,0.0,0.0
-1338.0,-690.0,0.0,0.0,0.0,0.0,0.0,0.0,0.0,0.0,0.0,0.0
-1336.0,-690.0,0.0,0.0,0.0,0.0,0.0,0.0,0.0,0.0,0.0,0.0
-1334.0,-690.0,0.0,0.0,0.0,0.0,0.0,0.0,0.0,0.0,0.0,0.0
-1332.0,-690.0,0.0,0.0,0.0,0.0,0.0,0.0,0.0,0.0,0.0,0.0
-1330.0,-690.0,0.0,0.0,0.0,0.0,0.0,0.0,0.0,0.0,0.0,0.0
-1328.0,-690.0,0.0,0.0,0.0,0.0,0.0,0.0,0.0,0.0,0.0,0.0
-1326.0,-690.0,0.0,0.0,0.0,0.0,0.0,0.0,0.0,0.0,0.0,0.0
-1324.0,-690.0,0.0,0.0,0.0,0.0,0.0,0.0,0.0,0.0,0.0,0.0
-1322.0,-690.0,0.0,0.0,0.0,0.0,0.0,0.0,0.0,0.0,0.0,0.0
-1320.0,-690.0,0.0,0.0,0.0,0.0,0.0,0.0,0.0,0.0,0.0,0.0
-1318.0,-690.0,0.0,0.0,0.0,0.0,0.0,0.0,0.0,0.0,0.0,0.0
-1316.0,-690.0,0.0,0.0,0.0,0.0,0.0,0.0,0.0,0.0,0.0,0.0
-1314.0,-690.0,0.0,0.0,0.0,0.0,0.0,0.0,0.0,0.0,0.0,0.0
-1312.0,-690.0,0.0,0.0,0.0,0.0,0.0,0.0,0.0,0.0,0.0,0.0
-1310.0,-690.0,-129.241,9.15769e-07,87.5896,32.5188,92.4104,-30.7017,-1371.12,-617.149,-1239.86,-645.286
-1308.0,-690.0,-128.432,9.10153e-07,87.5747,32.7448,92.4253,-30.9278,-1371.36,-617.159,-1239.86,-646.182
-1306.0,-690.0,-127.443,9.04553e-07,87.5596,32.9737,92.4404,-31.1566,-1371.6,-617.169,-1239.86,-647.094
-1304.0,-690.0,-126.512,8.98967e-07,87.5445,33.2054,92.4555,-31.3883,-1371.84,-617.18,-1239.86,-648.022
-1302.0,-690.0,-125.26,8.93396e-07,87.5292,33.44,92.4708,-31.6229,-1372.08,-617.19,-1239.86,-648.967
-1300.0,-690.0,-123.346,8.8784e-07,87.5137,33.6775,92.4863,-31.8605,-1372.32,-617.2,-1239.86,-649.929
-1298.0,-690.0,-121.152,8.82299e-07,87.4981,33.9181,92.5019,-32.101,-1372.57,-617.21,-1239.86,-650.908
-1296.0,-690.0,-119.17,8.76775e-07,87.4823,34.1617,92.5177,-32.3446,-1372.81,-617.22,-1239.87,-651.906
-1294.0,-690.0,-117.57,8.71266e-07,87.4664,34.4083,92.5336,-32.5913,-1373.05,-617.23,-1239.87,-652.922
-1292.0,-690.0,-116.333,8.65774e-07,87.4503,34.6581,92.5497,-32.8411,-1373.29,-617.241,-1239.87,-653.957
-1290.0,-690.0,-115.39,8.603e-07,87.4317,34.9111,92.5683,-33.0941,-1373.53,-617.251,-1239.87,-655.011
-1288.0,-690.0,-114.671,8.54854e-07,87.3964,35.1674,92.6036,-33.3503,-1373.77,-617.261,-1239.87,-656.086
-1286.0,-690.0,-114.125,8.49426e-07,87.3607,35.4269,92.6393,-33.6099,-1374.01,-617.271,-1239.87,-657.182
-1284.0,-690.0,-113.712,8.44016e-07,87.3247,35.6898,92.6753,-33.8728,-1374.26,-617.281,-1239.87,-658.299
-1282.0,-690.0,-113.407,8.38624e-07,87.2882,35.9561,92.7118,-34.1391,-1374.5,-617.291,-1239.87,-659.437
-1280.0,-690.0,-113.193,8.33251e-07,87.2513,36.2259,92.7487,-34.4088,-1374.74,-617.302,-1239.87,-660.599
-1278.0,-690.0,-113.06,8.27897e-07,87.214,36.4991,92.786,-34.6821,-1374.98,-617.312,-1239.87,-661.784
-1276.0,-690.0,-113.006,8.22556e-07,87.1848,36.776,92.8152,-34.9589,-1375.22,-617.322,-1239.87,-662.993
-1274.0,-690.0,-113.032,8.17227e-07,87.1664,37.0564,92.8336,-35.2394,-1375.47,-617.332,-1239.87,-664.226
-1272.0,-690.0,-113.151,8.11918e-07,87.1478,37.3405,92.8522,-35.5235,-1375.71,-617.342,-1239.87,-665.486
-1270.0,-690.0,-113.379,8.06629e-07,87.1291,37.6284,92.8709,-35.8114,-1375.95,-617.353,-1239.87,-666.771
-1268.0,-690.0,-122.085,8.01362e-07,87.1102,37.9684,92.8898,-35.9954,-1376.1,-617.359,-1239.87,-668.046
-1266.0,-690.0,-128.474,7.96123e-07,87.0912,38.3983,92.9088,-35.9954,-1376.1,-617.359,-1239.87,-669.289
-1264.0,-690.0,-134.043,7.90915e-07,87.072,38.8365,92.928,-35.9954,-1376.1,-617.359,-1239.87,-670.572
-1262.0,-690.0,-139.598,7.8574e-07,87.0528,39.2831,92.9472,-35.9954,-1376.1,-617.359,-1239.87,-671.896
-1260.0,-690.0,-153.006,1.0564e-06,85.3043,155.193,86.2849,-26.7366,-1366.36,-616.948,-1308.9,-667.398
-1258.0,-690.0,-152.991,1.06244e-06,85.3333,155.344,86.302,-26.584,-1366.15,-616.94,-1308.92,-666.625
-1256.0,-690.0,-153.003,1.06849e-06,85.3619,155.494,86.3189,-26.4331,-1365.94,-616.931,-1308.95,-665.863
-1254.0,-690.0,-153.039,1.07455e-06,85.3903,155.642,86.3356,-26.2839,-1365.74,-616.922,-1308.97,-665.112
-1252.0,-690.0,-153.087,1.0806e-06,85.4307,155.787,86.3523,-26.1352,-1365.53,-616.913,-1309.0,-664.37
-1250.0,-690.0,-153.149,1.08665e-06,85.4793,155.931,86.3689,-25.9873,-1365.32,-616.905,-1309.02,-663.638
-1248.0,-690.0,-153.235,1.0927e-06,85.5273,156.073,86.3854,-25.841,-1365.11,-616.896,-1309.04,-662.915
-1246.0,-690.0,-153.345,1.09876e-06,85.5749,156.213,86.4017,-25.6964,-1364.91,-616.887,-1309.06,-662.203
-1244.0,-690.0,-153.479,1.10483e-06,85.6219,156.352,86.4179,-25.5534,-1364.7,-616.878,-1309.09,-661.5
-1242.0,-690.0,-153.083,8.63002e-07,87.4214,126.326,92.5786,-43.396,-1381.4,-617.583,-1317.4,-587.455
-1240.0,-690.0,-152.228,8.6696e-07,87.4519,126.798,92.5481,-43.396,-1381.4,-617.583,-1316.72,-587.438
-1238.0,-690.0,0.0,0.0,0.0,0.0,0.0,0.0,0.0,0.0,0.0,0.0
-1236.0,-690.0,0.0,0.0,0.0,0.0,0.0,0.0,0.0,0.0,0.0,0.0
-1234.0,-690.0,0.0,0.0,0.0,0.0,0.0,0.0,0.0,0.0,0.0,0.0
-1232.0,-690.0,0.0,0.0,0.0,0.0,0.0,0.0,0.0,0.0,0.0,0.0
-1230.0,-690.0,0.0,0.0,0.0,0.0,0.0,0.0,0.0,0.0,0.0,0.0
-1228.0,-690.0,0.0,0.0,0.0,0.0,0.0,0.0,0.0,0.0,0.0,0.0
-1226.0,-690.0,0.0,0.0,0.0,0.0,0.0,0.0,0.0,0.0,0.0,0.0
-1224.0,-690.0,0.0,0.0,0.0,0.0,0.0,0.0,0.0,0.0,0.0,0.0
-1222.0,-690.0,0.0,0.0,0.0,0.0,0.0,0.0,0.0,0.0,0.0,0.0
-1220.0,-690.0,0.0,0.0,0.0,0.0,0.0,0.0,0.0,0.0,0.0,0.0
-1218.0,-690.0,0.0,0.0,0.0,0.0,0.0,0.0,0.0,0.0,0.0,0.0
-1216.0,-690.0,0.0,0.0,0.0,0.0,0.0,0.0,0.0,0.0,0.0,0.0
-1214.0,-690.0,-165.644,1.61331e-06,88.8128,-106.035,91.1872,-43.3117,-1381.35,-617.58,-1232.14,-753.125
-1212.0,-690.0,-165.929,1.61515e-06,88.8441,-106.31,91.1559,-43.3117,-1381.35,-617.58,-1230.45,-753.069
-1210.0,-690.0,-166.285,1.61702e-06,88.8754,-106.584,91.1246,-43.3117,-1381.35,-617.58,-1228.77,-753.014
-1208.0,-690.0,-166.726,1.61893e-06,88.9066,-106.858,91.0934,-43.3117,-1381.35,-617.58,-1227.08,-752.958
-1206.0,-690.0,-167.271,1.62086e-06,88.9378,-107.131,91.0622,-43.3117,-1381.35,-617.58,-1225.39,-752.903
-1204.0,-690.0,-167.945,1.62284e-06,88.9422,-107.403,91.0578,-43.3117,-1381.35,-617.58,-1223.7,-752.847
-1202.0,-690.0,-168.774,1.62485e-06,88.9436,-107.674,91.0564,-43.3117,-1381.35,-617.58,-1222.01,-752.791
-1600.0,-688.0,-108.219,7.29626e-07,87.7968,23.7495,92.2032,-156.251,-1600.0,-688.0,-1400.0,-600.0
-1598.0,-688.0,-108.146,7.23538e-07,87.756,23.9625,92.244,-156.038,-1598.0,-688.0,-1400.0,-600.0
-1596.0,-688.0,-108.073,7.17457e-07,87.723,24.1791,92.277,-155.821,-1596.0,-688.0,-1400.0,-600.0
-1594.0,-688.0,-107.998,7.11379e-07,87.7035,24.3994,92.2965,-155.601,-1594.0,-688.0,-1400.0,-600.0
-1592.0,-688.0,-107.924,7.05312e-07,87.6838,24.6236,92.3162,-155.376,-1592.0,-688.0,-1400.0,-600.0
-1590.0,-688.0,-107.849,6.99256e-07,87.6637,24.8516,92.3363,-155.148,-1590.0,-688.0,-1400.0,-600.0
-1588.0,-688.0,-107.773,6.93211e-07,87.6433,25.0836,92.3567,-154.916,-1588.0,-688.0,-1400.0,-600.0
-1586.0,-688.0,-107.697,6.87178e-07,87.6226,25.3197,92.3774,-154.68,-1586.0,-688.0,-1400.0,-600.0
-1584.0,-688.0,-107.62,6.81162e-07,87.5914,25.56,92.4086,-154.44,-1584.0,-688.0,-1400.0,-600.0
-1582.0,-688.0,-107.543,6.75165e-07,87.546,25.8045,92.454,-154.195,-1582.0,-688.0,-1400.0,-600.0
-1580.0,-688.0,-107.466,6.69181e-07,87.4999,26.0535,92.5001,-153.947,-1580.0,-688.0,-1400.0,-600.0
-1578.0,-688.0,-107.387,6.6321e-07,87.4531,26.307,92.5469,-153.693,-1578.0,-688.0,-1400.0,-600.0
-1576.0,-688.0,-107.309,6.57253e-07,87.4054,26.5651,92.5946,-153.435,-1576.0,-688.0,-1400.0,-600.0
-1574.0,-688.0,-107.23,6.51311e-07,87.3569,26.8279,92.6431,-153.172,-1574.0,-688.0,-1400.0,-600.0
-1572.0,-688.0,-107.15,6.45388e-07,87.2955,27.0956,92.7045,-152.904,-1572.0,-688.0,-1400.0,-600.0
-1570.0,-688.0,-107.07,6.39488e-07,87.22,27.3682,92.78,-152.632,-1570.0,-688.0,-1400.0,-600.0
-1568.0,-688.0,-106.99,6.33604e-07,87.1431,27.646,92.8569,-152.354,-1568.0,-688.0,-1400.0,-600.0
-1566.0,-688.0,-106.909,6.27736e-07,87.0649,27.929,92.9351,-152.071,-1566.0,-688.0,-1400.0,-600.0
-1564.0,-688.0,-106.827,6.21885e-07,86.9853,28.2174,93.0147,-151.783,-1564.0,-688.0,-1400.0,-600.0
-1562.0,-688.0,-106.745,6.16051e-07,86.9042,28.5112,93.0958,-151.489,-1562.0,-688.0,-1400.0,-600.0
-1560.0,-688.0,-106.662,6.10208e-07,86.8681,28.8108,93.1319,-151.189,-1560.0,-688.0,-1400.0,-600.0
-1558.0,-688.0,-106.578,6.04362e-07,86.8645,29.1161,93.1355,-150.884,-1558.0,-688.0,-1400.0,-600.0
-1556.0,-688.0,-106.494,5.98534e-07,86.8609,29.4275,93.1391,-150.573,-1556.0,-688.0,-1400.0,-600.0
-1554.0,-688.0,-106.409,5.92724e-07,86.8574,29.7449,93.1426,-150.255,-1554.0,-688.0,-1400.0,-600.0
-1552.0,-688.0,-106.323,5.86933e-07,86.8539,30.0686,93.1461,-149.931,-1552.0,-688.0,-1400.0,-600.0
-1550.0,-688.0,-106.237,5.8116e-07,86.8504,30.3987,93.1496,-149.601,-1550.0,-688.0,-1400.0,-600.0
-1548.0,-688.0,-106.151,5.75418e-07,86.8278,30.7355,93.1722,-149.265,-1548.0,-688.0,-1400.0,-600.0
-1546.0,-688.0,-106.064,5.69701e-07,86.7959,31.079,93.2041,-148.921,-1546.0,-688.0,-1400.0,-600.0
-1544.0,-688.0,-105.976,5.64005e-07,86.7636,31.4296,93.2364,-148.57,-1544.0,-688.0,-1400.0,-600.0
-1542.0,-688.0,-105.888,5.58331e-07,86.7306,31.7873,93.2694,-148.213,-1542.0,-688.0,-1400.0,-600.0
-1540.0,-688.0,-105.799,5.52679e-07,86.6972,32.1523,93.3028,-147.848,-1540.0,-688.0,-1400.0,-600.0
-1538.0,-688.0,-105.71,5.4705e-07,86.6631,32.5249,93.3369,-147.475,-1538.0,-688.0,-1400.0,-600.0
-1536.0,-688.0,-105.62,5.41432e-07,86.6505,32.9052,93.3495,-147.095,-1536.0,-688.0,-1400.0,-600.0
-1534.0,-688.0,-105.53,5.35835e-07,86.6457,33.2936,93.3543,-146.706,-1534.0,-688.0,-1400.0,-600.0
-1532.0,-688.0,-105.439,5.30263e-07,86.6409,33.6901,93.3591,-146.31,-1532.0,-688.0,-1400.0,-600.0
-1530.0,-688.0,-105.347,5.24716e-07,86.6361,34.095,93.3639,-145.905,-1530.0,-688.0,-1400.0,-600.0
-1528.0,-688.0,-105.255,5.19196e-07,86.6315,34.5085,93.3685,-145.491,-1528.0,-688.0,-1400.0,-600.0
-1526.0,-688.0,-105.163,5.13704e-07,86.6269,34.9309,93.3731,-145.069,-1526.0,-688.0,-1400.0,-600.0
-1524.0,-688.0,-105.069,5.08227e-07,86.6476,35.3625,93.3524,-144.638,-1524.0,-688.0,-1400.0,-600.0
-1522.0,-688.0,-104.975,5.02776e-07,86.6755,35.8033,93.3245,-144.197,-1522.0,-688.0,-1400.0,-600.0
-1520.0,-688.0,-104.881,4.97355e-07,86.7043,36.2538,93.2957,-143.746,-1520.0,-688.0,-1400.0,-600.0
-1518.0,-688.0,-104.786,4.91966e-07,86.7339,36.7142,93.2661,-143.286,-1518.0,-688.0,-1400.0,-600.0
-1516.0,-688.0,-104.691,4.8661e-07,86.7643,37.1847,93.2357,-142.815,-1516.0,-688.0,-1400.0,-600.0
-1514.0,-688.0,-104.595,4.81287e-07,86.7957,37.6656,93.2043,-142.334,-1514.0,-688.0,-1400.0,-600.0
-1512.0,-688.0,-104.499,4.76012e-07,86.7977,38.1572,93.2023,-141.843,-1512.0,-688.0,-1400.0,-600.0
-1510.0,-688.0,-104.403,4.70775e-07,86.7964,38.6598,93.2036,-141.34,-1510.0,-688.0,-1400.0,-600.0
-1508.0,-688.0,-104.306,4.65575e-07,86.7953,39.1737,93.2047,-140.826,-1508.0,-688.0,-1400.0,-600.0
-1506.0,-688.0,-104.209,4.60413e-07,86.7944,39.6991,93.2056,-140.301,-1506.0,-688.0,-1400.0,-600.0
-1504.0,-688.0,-104.112,4.55291e-07,86.7938,40.2364,93.2062,-139.764,-1504.0,-688.0,-1400.0,-600.0
-1502.0,-688.0,-104.014,4.50209e-07,86.7935,40.7858,93.2065,-139.214,-1502.0,-688.0,-1400.0,-600.0
-1500.0,-688.0,-103.916,4.45185e-07,86.7591,41.3478,93.2409,-138.652,-1500.0,-688.0,-1400.0,-600.0
-1498.0,-688.0,-103.818,4.40206e-07,86.7224,41.9225,93.2776,-138.077,-1498.0,-688.0,-1400.0,-600.0
-1496.0,-688.0,-103.72,4.35271e-07,86.6852,42.5104,93.3148,-137.49,-1496.0,-688.0,-1400.0,-600.0
-1494.0,-688.0,-103.622,4.30384e-07,86.6475,43.1118,93.3525,-136.888,-1494.0,-688.0,-1400.0,-600.0
-1492.0,-688.0,-103.524,4.25545e-07,86.6093,43.727,93.3907,-136.273,-1492.0,-688.0,-1400.0,-600.0
-1490.0,-688.0,-103.425,4.20756e-07,86.5707,44.3563,93.4293,-135.644,-1490.0,-688.0,-1400.0,-600.0
-1488.0,-688.0,-103.327,4.16019e-07,86.5316,45.0,93.4684,-135.0,-1488.0,-688.0,-1400.0,-600.0
-1486.0,-688.0,-103.228,4.11336e-07,86.4921,45.6585,93.5079,-134.341,-1486.0,-688.0,-1400.0,-600.0
-1484.0,-688.0,-103.13,4.06709e-07,86.4521,46.3322,93.5479,-133.668,-1484.0,-688.0,-1400.0,-600.0
-1482.0,-688.0,-103.031,4.02139e-07,86.4117,47.0214,93.5883,-132.979,-1482.0,-688.0,-1400.0,-600.0
-1480.0,-688.0,-102.933,3.97629e-07,86.371,47.7263,93.629,-132.274,-1480.0,-688.0,-1400.0,-600.0
-1478.0,-688.0,-102.835,3.9318e-07,86.3298,48.4474,93.6702,-131.553,-1478.0,-688.0,-1400.0,-600.0
-1476.0,-688.0,-102.738,3.88794e-07,86.2884,49.1849,93.7116,-130.815,-1476.0,-688.0,-1400.0,-600.0
-1474.0,-688.0,-102.64,3.84475e-07,86.2466,49.9392,93.7534,-130.061,-1474.0,-688.0,-1400.0,-600.0
-1472.0,-688.0,-102.544,3.80224e-07,86.2046,50.7106,93.7954,-129.289,-1472.0,-688.0,-1400.0,-600.0
-1470.0,-688.0,-102.447,3.76042e-07,86.1623,51.4993,93.8377,-128.501,-1470.0,-688.0,-1400.0,-600.0
-1468.0,-688.0,-102.352,3.71934e-07,86.1199,52.3058,93.8801,-127.694,-1468.0,-688.0,-1400.0,-600.0
-1466.0,-688.0,-102.257,3.67901e-07,86.0773,53.1301,93.9227,-126.87,-1466.0,-688.0,-1400.0,-600.0
-1464.0,-688.0,-102.163,3.63946e-07,86.0346,53.9726,93.9654,-126.027,-1464.0,-688.0,-1400.0,-600.0
-1462.0,-688.0,-102.07,3.60071e-07,85.9918,54.8336,94.0082,-125.166,-1462.0,-688.0,-1400.0,-600.0
-1460.0,-688.0,-101.978,3.56278e-07,85.9491,55.7131,94.0509,-124.287,-1460.0,-688.0,-1400.0,-600.0
-1458.0,-688.0,-101.887,3.52571e-07,85.9064,56.6115,94.0936,-123.389,-1458.0,-688.0,-1400.0,-600.0
-1456.0,-688.0,-101.797,3.48953e-07,85.8639,57.5288,94.1361,-122.471,-1456.0,-688.0,-1400.0,-600.0
-1454.0,-688.0,-101.709,3.45431e-07,85.808,58.4652,94.192,-121.535,-1454.0,-688.0,-1400.0,-600.0
-1452.0,-688.0,-101.622,3.42019e-07,85.7187,59.4208,94.2813,-120.579,-1452.0,-688.0,-1400.0,-600.0
-1450.0,-688.0,-101.538,3.38703e-07,85.629,60.3955,94.371,-119.604,-1450.0,-688.0,-1400.0,-600.0
-1448.0,-688.0,-101.455,3.35488e-07,85.5388,61.3895,94.4612,-118.61,-1448.0,-688.0,-1400.0,-600.0
-1446.0,-688.0,-101.374,3.32376e-07,85.4482,62.4027,94.5518,-117.597,-1446.0,-688.0,-1400.0,-600.0
-1444.0,-688.0,-101.294,3.29371e-07,85.3574,63.4349,94.6426,-116.565,-1444.0,-688.0,-1400.0,-600.0
-1442.0,-688.0,-101.218,3.26474e-07,85.2665,64.4861,94.7335,-115.514,-1442.0,-688.0,-1400.0,-600.0
-1440.0,-688.0,-101.143,3.23689e-07,85.1757,65.556,94.8243,-114.444,-1440.0,-688.0,-1400.0,-600.0
-1438.0,-688.0,-101.071,3.21019e-07,85.085,66.6444,94.915,-113.356,-1438.0,-688.0,-1400.0,-600.0
-1436.0,-688.0,-101.002,3.18466e-07,84.9947,67.751,95.0053,-112.249,-1436.0,-688.0,-1400.0,-600.0
-1434.0,-688.0,-100.935,3.16034e-07,84.9048,68.8753,95.0952,-111.125,-1434.0,-688.0,-1400.0,-600.0
-1432.0,-688.0,-100.871,3.13726e-07,84.8156,70.0169,95.1844,-109.983,-1432.0,-688.0,-1400.0,-600.0
-1430.0,-688.0,-100.81,3.11532e-07,84.7501,71.1753,95.2499,-108.825,-1430.0,-688.0,-1400.0,-600.0
-1428.0,-688.0,-100.752,3.09452e-07,84.7147,72.3499,95.2853,-107.65,-1428.0,-688.0,-1400.0,-600.0
-1426.0,-688.0,-100.697,3.07503e-07,84.6811,73.54,95.3189,-106.46,-1426.0,-688.0,-1400.0,-600.0
-1424.0,-688.0,-100.645,3.05688e-07,84.6494,74.7449,95.3506,-105.255,-1424.0,-688.0,-1400.0,-600.0
-1422.0,-688.0,-100.597,3.04008e-07,84.6198,75.9638,95.3802,-104.036,-1422.0,-688.0,-1400.0,-600.0
-1420.0,-688.0,-117.029,3.02482e-07,84.5926,77.5073,95.4074,-103.963,-1404.61,-618.561,-1404.61,-618.561
-1418.0,-688.0,-122.02,9.63581e-07,88.3048,86.4655,91.6952,93.6517,-1406.39,-499.954,-1406.39,-499.954
-1416.0,-688.0,-121.968,9.63193e-07,88.3041,86.8619,91.6959,93.2554,-1405.69,-499.953,-1405.69,-499.953
-1414.0,-688.0,-121.876,9.62851e-07,88.3035,87.2586,91.6965,92.8587,-1405.0,-499.952,-1405.0,-499.952
-1412.0,-688.0,-121.764,9.62555e-07,88.303,87.6556,91.697,92.4617,-1404.3,-499.952,-1404.3,-499.952
-1410.0,-688.0,-119.217,1.0781e-06,88.4849,98.1787,91.5151,81.7771,-1396.73,-577.402,-1425.33,-581.357
-1408.0,-688.0,-121.54,9.62102e-07,88.3022,88.4501,91.6978,91.6671,-1402.91,-499.95,-1402.91,-499.95
-1406.0,-688.0,-125.329,9.62308e-07,92.393,89.0208,92.3028,91.2948,-1402.26,-499.949,-1405.38,-651.464
-1404.0,-688.0,-142.967,9.78092e-07,88.304,101.574,91.696,82.1554,-1396.76,-576.497,-1425.26,-584.189
-1402.0,-688.0,-141.043,9.79472e-07,88.2899,102.16,91.7101,82.1554,-1396.76,-576.497,-1425.37,-579.544
-1400.0,-688.0,0.0,0.0,0.0,0.0,0.0,0.0,0.0,0.0,0.0,0.0
-1398.0,-688.0,0.0,0.0,0.0,0.0,0.0,0.0,0.0,0.0,0.0,0.0
-1396.0,-688.0,0.0,0.0,0.0,0.0,0.0,0.0,0.0,0.0,0.0,0.0
-1394.0,-688.0,0.0,0.0,0.0,0.0,0.0,0.0,0.0,0.0,0.0,0.0
-1392.0,-688.0,0.0,0.0,0.0,0.0,0.0,0.0,0.0,0.0,0.0,0.0
-1390.0,-688.0,0.0,0.0,0.0,0.0,0.0,0.0,0.0,0.0,0.0,0.0
-1388.0,-688.0,0.0,0.0,0.0,0.0,0.0,0.0,0.0,0.0,0.0,0.0
-1386.0,-688.0,0.0,0.0,0.0,0.0,0.0,0.0,0.0,0.0,0.0,0.0
-1384.0,-688.0,0.0,0.0,0.0,0.0,0.0,0.0,0.0,0.0,0.0,0.0
-1382.0,-688.0,0.0,0.0,0.0,0.0,0.0,0.0,0.0,0.0,0.0,0.0
-1380.0,-688.0,0.0,0.0,0.0,0.0,0.0,0.0,0.0,0.0,0.0,0.0
-1378.0,-688.0,0.0,0.0,0.0,0.0,0.0,0.0,0.0,0.0,0.0,0.0
-1376.0,-688.0,0.0,0.0,0.0,0.0,0.0,0.0,0.0,0.0,0.0,0.0
-1374.0,-688.0,0.0,0.0,0.0,0.0,0.0,0.0,0.0,0.0,0.0,0.0
-1372.0,-688.0,0.0,0.0,0.0,0.0,0.0,0.0,0.0,0.0,0.0,0.0
-1370.0,-688.0,0.0,0.0,0.0,0.0,0.0,0.0,0.0,0.0,0.0,0.0
-1368.0,-688.0,0.0,0.0,0.0,0.0,0.0,0.0,0.0,0.0,0.0,0.0
-1366.0,-688.0,0.0,0.0,0.0,0.0,0.0,0.0,0.0,0.0,0.0,0.0
-1364.0,-688.0,0.0,0.0,0.0,0.0,0.0,0.0,0.0,0.0,0.0,0.0
-1362.0,-688.0,0.0,0.0,0.0,0.0,0.0,0.0,0.0,0.0,0.0,0.0
-1360.0,-688.0,-151.64,5.22584e-07,92.0599,70.9632,101.076,-65.6157,-1391.83,-618.022,-1351.3,-662.782
-1358.0,-688.0,-154.643,5.20437e-07,92.0221,71.6583,101.127,-66.3212,-1392.09,-618.033,-1351.15,-667.35
-1356.0,-688.0,-162.272,9.72621e-07,88.0926,21.4279,91.9074,-9.41385,-1309.77,-614.96,-1239.86,-642.421
-1354.0,-688.0,-171.855,1.72306e-06,88.9141,145.985,91.0859,-126.816,-1556.08,-808.509,-1380.87,-669.865
-1352.0,-688.0,-172.108,1.7286e-06,88.9082,146.233,91.0918,-126.816,-1556.08,-808.509,-1379.22,-669.802
-1350.0,-688.0,-122.971,5.13249e-07,90.7163,109.678,99.3047,-69.1811,-1393.13,-618.077,-1378.83,-607.382
-1348.0,-688.0,0.0,0.0,0.0,0.0,0.0,0.0,0.0,0.0,0.0,0.0
-1346.0,-688.0,0.0,0.0,0.0,0.0,0.0,0.0,0.0,0.0,0.0,0.0
-1344.0,-688.0,0.0,0.0,0.0,0.0,0.0,0.0,0.0,0.0,0.0,0.0
-1342.0,-688.0,0.0,0.0,0.0,0.0,0.0,0.0,0.0,0.0,0.0,0.0
-1340.0,-688.0,0.0,0.0,0.0,0.0,0.0,0.0,0.0,0.0,0.0,0.0
-1338.0,-688.0,0.0,0.0,0.0,0.0,0.0,0.0,0.0,0.0,0.0,0.0
-1336.0,-688.0,0.0,0.0,0.0,0.0,0.0,0.0,0.0,0.0,0.0,0.0
-1334.0,-688.0,0.0,0.0,0.0,0.0,0.0,0.0,0.0,0.0,0.0,0.0
-1332.0,-688.0,0.0,0.0,0.0,0.0,0.0,0.0,0.0,0.0,0.0,0.0
-1330.0,-688.0,0.0,0.0,0.0,0.0,0.0,0.0,0.0,0.0,0.0,0.0
-1328.0,-688.0,0.0,0.0,0.0,0.0,0.0,0.0,0.0,0.0,0.0,0.0
-1326.0,-688.0,0.0,0.0,0.0,0.0,0.0,0.0,0.0,0.0,0.0,0.0
-1324.0,-688.0,0.0,0.0,0.0,0.0,0.0,0.0,0.0,0.0,0.0,0.0
-1322.0,-688.0,0.0,0.0,0.0,0.0,0.0,0.0,0.0,0.0,0.0,0.0
-1320.0,-688.0,0.0,0.0,0.0,0.0,0.0,0.0,0.0,0.0,0.0,0.0
-1318.0,-688.0,0.0,0.0,0.0,0.0,0.0,0.0,0.0,0.0,0.0,0.0
-1316.0,-688.0,0.0,0.0,0.0,0.0,0.0,0.0,0.0,0.0,0.0,0.0
-1314.0,-688.0,0.0,0.0,0.0,0.0,0.0,0.0,0.0,0.0,0.0,0.0
-1312.0,-688.0,0.0,0.0,0.0,0.0,0.0,0.0,0.0,0.0,0.0,0.0
-1310.0,-688.0,-129.122,9.12202e-07,87.5801,32.165,92.4199,-30.348,-1370.74,-617.133,-1239.86,-643.893
-1308.0,-688.0,-129.304,9.06564e-07,87.5651,32.3898,92.4349,-30.5727,-1370.98,-617.143,-1239.86,-644.777
-1306.0,-688.0,-128.811,9.00941e-07,87.5499,32.6173,92.4501,-30.8003,-1371.23,-617.153,-1239.86,-645.676
-1304.0,-688.0,-127.852,8.95333e-07,87.5345,32.8477,92.4655,-31.0307,-1371.47,-617.164,-1239.86,-646.592
-1302.0,-688.0,-126.887,8.89739e-07,87.519,33.081,92.481,-31.264,-1371.71,-617.174,-1239.86,-647.524
-1300.0,-688.0,-125.866,8.8416e-07,87.5033,33.3173,92.4967,-31.5003,-1371.96,-617.184,-1239.86,-648.472
-1298.0,-688.0,-124.273,8.78596e-07,87.4875,33.5566,92.5125,-31.7395,-1372.2,-617.195,-1239.86,-649.438
-1296.0,-688.0,-122.118,8.73048e-07,87.4715,33.7989,92.5285,-31.9819,-1372.45,-617.205,-1239.86,-650.422
-1294.0,-688.0,-119.963,8.67516e-07,87.4554,34.0443,92.5446,-32.2273,-1372.69,-617.215,-1239.87,-651.425
-1292.0,-688.0,-118.152,8.62e-07,87.4391,34.2929,92.5609,-32.4759,-1372.94,-617.226,-1239.87,-652.446
-1290.0,-688.0,-116.736,8.56501e-07,87.4226,34.5447,92.5774,-32.7276,-1373.18,-617.236,-1239.87,-653.486
-1288.0,-688.0,-115.656,8.51022e-07,87.3992,34.7997,92.6008,-32.9827,-1373.43,-617.246,-1239.87,-654.546
-1286.0,-688.0,-114.837,8.4557e-07,87.3633,35.0581,92.6367,-33.241,-1373.67,-617.257,-1239.87,-655.627
-1284.0,-688.0,-114.215,8.40135e-07,87.327,35.3198,92.673,-33.5027,-1373.92,-617.267,-1239.87,-656.728
-1282.0,-688.0,-113.745,8.34718e-07,87.2903,35.5849,92.7097,-33.7678,-1374.16,-617.277,-1239.87,-657.852
-1280.0,-688.0,-113.395,8.29319e-07,87.2532,35.8535,92.7468,-34.0364,-1374.41,-617.288,-1239.87,-658.998
-1278.0,-688.0,-113.145,8.23939e-07,87.2156,36.1256,92.7844,-34.3086,-1374.65,-617.298,-1239.87,-660.166
-1276.0,-688.0,-112.981,8.18573e-07,87.1862,36.4014,92.8138,-34.5843,-1374.9,-617.308,-1239.87,-661.359
-1274.0,-688.0,-112.897,8.13217e-07,87.1676,36.6807,92.8324,-34.8637,-1375.14,-617.319,-1239.87,-662.576
-1272.0,-688.0,-112.896,8.07882e-07,87.1489,36.9638,92.8511,-35.1467,-1375.39,-617.329,-1239.87,-663.818
-1270.0,-688.0,-112.984,8.02566e-07,87.13,37.2506,92.87,-35.4336,-1375.63,-617.339,-1239.87,-665.086
-1268.0,-688.0,-113.179,7.97271e-07,87.1109,37.5413,92.8891,-35.7242,-1375.88,-617.35,-1239.87,-666.381
-1266.0,-688.0,-120.013,7.91997e-07,87.0917,37.8465,92.9083,-35.9954,-1376.1,-617.359,-1239.87,-667.696
-1264.0,-688.0,-126.715,7.8675e-07,87.0723,38.2827,92.9277,-35.9954,-1376.1,-617.359,-1239.87,-668.953
-1262.0,-688.0,-132.575,7.81534e-07,87.0527,38.7275,92.9473,-35.9954,-1376.1,-617.359,-1239.87,-670.252
-1260.0,-688.0,-138.14,7.76352e-07,87.033,39.181,92.967,-35.9954,-1376.1,-617.359,-1239.87,-671.592
-1258.0,-688.0,-152.972,1.05967e-06,85.3128,155.676,86.3382,-26.2608,-1365.7,-616.921,-1308.98,-664.958
-1256.0,-688.0,-153.037,1.06573e-06,85.3418,155.824,86.355,-26.1114,-1365.5,-616.912,-1309.0,-664.207
-1254.0,-688.0,-153.125,1.0718e-06,85.3705,155.971,86.3716,-25.9636,-1365.29,-616.903,-1309.02,-663.468
-1252.0,-688.0,-153.226,1.07787e-06,85.4113,156.115,86.3882,-25.8163,-1365.08,-616.894,-1309.05,-662.737
-1250.0,-688.0,-153.342,1.08393e-06,85.4604,156.257,86.4047,-25.6698,-1364.87,-616.886,-1309.07,-662.017
-1248.0,-688.0,-153.483,1.09e-06,85.5089,156.397,86.4211,-25.5249,-1364.66,-616.877,-1309.09,-661.306
-1246.0,-688.0,-153.651,1.09608e-06,85.5569,156.536,86.4373,-25.3817,-1364.45,-616.868,-1309.11,-660.604
-1244.0,-688.0,-153.25,8.53686e-07,87.3888,126.198,92.6112,-43.396,-1381.4,-617.583,-1317.58,-587.46
-1242.0,-688.0,-151.427,1.10703e-06,89.5688,156.625,95.6006,-24.6732,-1363.38,-616.823,-1309.17,-658.969
-1240.0,-688.0,-120.883,1.06015e-06,87.9281,163.04,92.0719,24.1052,-1376.75,-589.599,-1308.91,-666.983
-1238.0,-688.0,0.0,0.0,0.0,0.0,0.0,0.0,0.0,0.0,0.0,0.0
-1236.0,-688.0,0.0,0.0,0.0,0.0,0.0,0.0,0.0,0.0,0.0,0.0
-1234.0,-688.0,0.0,0.0,0.0,0.0,0.0,0.0,0.0,0.0,0.0,0.0
-1232.0,-688.0,0.0,0.0,0.0,0.0,0.0,0.0,0.0,0.0,0.0,0.0
-1230.0,-688.0,0.0,0.0,0.0,0.0,0.0,0.0,0.0,0.0,0.0,0.0
-1228.0,-688.0,0.0,0.0,0.0,0.0,0.0,0.0,0.0,0.0,0.0,0.0
-1226.0,-688.0,0.0,0.0,0.0,0.0,0.0,0.0,0.0,0.0,0.0,0.0
-1224.0,-688.0,0.0,0.0,0.0,0.0,0.0,0.0,0.0,0.0,0.0,0.0
-1222.0,-688.0,0.0,0.0,0.0,0.0,0.0,0.0,0.0,0.0,0.0,0.0
-1220.0,-688.0,0.0,0.0,0.0,0.0,0.0,0.0,0.0,0.0,0.0,0.0
-1218.0,-688.0,0.0,0.0,0.0,0.0,0.0,0.0,0.0,0.0,0.0,0.0
-1216.0,-688.0,0.0,0.0,0.0,0.0,0.0,0.0,0.0,0.0,0.0,0.0
-1214.0,-688.0,-165.615,1.61973e-06,88.8099,-105.956,91.1901,-43.3117,-1381.35,-617.58,-1232.62,-753.141
-1212.0,-688.0,-165.88,1.62156e-06,88.8411,-106.23,91.1589,-43.3117,-1381.35,-617.58,-1230.95,-753.086
-1210.0,-688.0,-166.212,1.62342e-06,88.8722,-106.503,91.1278,-43.3117,-1381.35,-617.58,-1229.27,-753.03
-1208.0,-688.0,-166.624,1.62532e-06,88.9033,-106.776,91.0967,-43.3117,-1381.35,-617.58,-1227.59,-752.975
-1206.0,-688.0,-167.132,1.62724e-06,88.9344,-107.047,91.0656,-43.3117,-1381.35,-617.58,-1225.91,-752.92
-1204.0,-688.0,-167.762,1.62921e-06,88.9388,-107.318,91.0612,-43.3117,-1381.35,-617.58,-1224.23,-752.864
-1202.0,-688.0,-168.535,1.63121e-06,88.9401,-107.588,91.0599,-43.3117,-1381.35,-617.58,-1222.54,-752.809
-1600.0,-686.0,-108.187,7.26958e-07,87.8058,23.2677,92.1942,-156.732,-1600.0,-686.0,-1400.0,-600.0
-1598.0,-686.0,-108.114,7.20847e-07,87.7648,23.4774,92.2352,-156.523,-1598.0,-686.0,-1400.0,-600.0
-1596.0,-686.0,-108.04,7.14747e-07,87.7231,23.6907,92.2769,-156.309,-1596.0,-686.0,-1400.0,-600.0
-1594.0,-686.0,-107.965,7.0865e-07,87.6947,23.9077,92.3053,-156.092,-1594.0,-686.0,-1400.0,-600.0
-1592.0,-686.0,-107.89,7.0256e-07,87.6747,24.1284,92.3253,-155.872,-1592.0,-686.0,-1400.0,-600.0
-1590.0,-686.0,-107.814,6.9648e-07,87.6544,24.353,92.3456,-155.647,-1590.0,-686.0,-1400.0,-600.0
-1588.0,-686.0,-107.738,6.90411e-07,87.6337,24.5816,92.3663,-155.418,-1588.0,-686.0,-1400.0,-600.0
-1586.0,-686.0,-107.661,6.84353e-07,87.6128,24.8142,92.3872,-155.186,-1586.0,-686.0,-1400.0,-600.0
-1584.0,-686.0,-107.584,6.78312e-07,87.5813,25.051,92.4187,-154.949,-1584.0,-686.0,-1400.0,-600.0
-1582.0,-686.0,-107.506,6.7229e-07,87.5355,25.292,92.4645,-154.708,-1582.0,-686.0,-1400.0,-600.0
-1580.0,-686.0,-107.428,6.6628e-07,87.4891,25.5374,92.5109,-154.463,-1580.0,-686.0,-1400.0,-600.0
-1578.0,-686.0,-107.349,6.60283e-07,87.4418,25.7873,92.5582,-154.213,-1578.0,-686.0,-1400.0,-600.0
-1576.0,-686.0,-107.27,6.54299e-07,87.3937,26.0418,92.6063,-153.958,-1576.0,-686.0,-1400.0,-600.0
-1574.0,-686.0,-107.19,6.48333e-07,87.3385,26.301,92.6615,-153.699,-1574.0,-686.0,-1400.0,-600.0
-1572.0,-686.0,-107.11,6.4239e-07,87.2636,26.5651,92.7364,-153.435,-1572.0,-686.0,-1400.0,-600.0
-1570.0,-686.0,-107.029,6.36462e-07,87.1873,26.834,92.8127,-153.166,-1570.0,-686.0,-1400.0,-600.0
-1568.0,-686.0,-106.947,6.3055e-07,87.1096,27.1081,92.8904,-152.892,-1568.0,-686.0,-1400.0,-600.0
-1566.0,-686.0,-106.866,6.24654e-07,87.0306,27.3874,92.9694,-152.613,-1566.0,-686.0,-1400.0,-600.0
-1564.0,-686.0,-106.783,6.18774e-07,86.9501,27.6721,93.0499,-152.328,-1564.0,-686.0,-1400.0,-600.0
-1562.0,-686.0,-106.7,6.1291e-07,86.8682,27.9622,93.1318,-152.038,-1562.0,-686.0,-1400.0,-600.0
-1560.0,-686.0,-106.616,6.07037e-07,86.8313,28.258,93.1687,-151.742,-1560.0,-686.0,-1400.0,-600.0
-1558.0,-686.0,-106.532,6.0116e-07,86.8272,28.5596,93.1728,-151.44,-1558.0,-686.0,-1400.0,-600.0
-1556.0,-686.0,-106.446,5.95301e-07,86.823,28.8672,93.177,-151.133,-1556.0,-686.0,-1400.0,-600.0
-1554.0,-686.0,-106.36,5.89459e-07,86.8189,29.1808,93.1811,-150.819,-1554.0,-686.0,-1400.0,-600.0
-1552.0,-686.0,-106.274,5.83635e-07,86.8149,29.5007,93.1851,-150.499,-1552.0,-686.0,-1400.0,-600.0
-1550.0,-686.0,-106.187,5.77829e-07,86.8108,29.8271,93.1892,-150.173,-1550.0,-686.0,-1400.0,-600.0
-1548.0,-686.0,-106.099,5.72043e-07,86.8068,30.1601,93.1932,-149.84,-1548.0,-686.0,-1400.0,-600.0
-1546.0,-686.0,-106.011,5.6629e-07,86.7766,30.4998,93.2234,-149.5,-1546.0,-686.0,-1400.0,-600.0
-1544.0,-686.0,-105.923,5.6056e-07,86.7436,30.8466,93.2564,-149.153,-1544.0,-686.0,-1400.0,-600.0
-1542.0,-686.0,-105.834,5.5485e-07,86.7101,31.2005,93.2899,-148.799,-1542.0,-686.0,-1400.0,-600.0
-1540.0,-686.0,-105.744,5.49162e-07,86.676,31.5618,93.324,-148.438,-1540.0,-686.0,-1400.0,-600.0
-1538.0,-686.0,-105.653,5.43497e-07,86.6413,31.9307,93.3587,-148.069,-1538.0,-686.0,-1400.0,-600.0
-1536.0,-686.0,-105.562,5.37842e-07,86.6281,32.3073,93.3719,-147.693,-1536.0,-686.0,-1400.0,-600.0
-1534.0,-686.0,-105.471,5.32207e-07,86.6228,32.692,93.3772,-147.308,-1534.0,-686.0,-1400.0,-600.0
-1532.0,-686.0,-105.378,5.26596e-07,86.6175,33.0849,93.3825,-146.915,-1532.0,-686.0,-1400.0,-600.0
-1530.0,-686.0,-105.286,5.21011e-07,86.6122,33.4862,93.3878,-146.514,-1530.0,-686.0,-1400.0,-600.0
-1528.0,-686.0,-105.192,5.15451e-07,86.607,33.8962,93.393,-146.104,-1528.0,-686.0,-1400.0,-600.0
-1526.0,-686.0,-105.098,5.09909e-07,86.6195,34.3151,93.3805,-145.685,-1526.0,-686.0,-1400.0,-600.0
-1524.0,-686.0,-105.003,5.04388e-07,86.6466,34.7432,93.3534,-145.257,-1524.0,-686.0,-1400.0,-600.0
-1522.0,-686.0,-104.908,4.98895e-07,86.6745,35.1807,93.3255,-144.819,-1522.0,-686.0,-1400.0,-600.0
-1520.0,-686.0,-104.812,4.93432e-07,86.7031,35.6279,93.2969,-144.372,-1520.0,-686.0,-1400.0,-600.0
-1518.0,-686.0,-104.716,4.88e-07,86.7326,36.0851,93.2674,-143.915,-1518.0,-686.0,-1400.0,-600.0
-1516.0,-686.0,-104.619,4.826e-07,86.763,36.5525,93.237,-143.448,-1516.0,-686.0,-1400.0,-600.0
-1514.0,-686.0,-104.521,4.77232e-07,86.7943,37.0304,93.2057,-142.97,-1514.0,-686.0,-1400.0,-600.0
-1512.0,-686.0,-104.424,4.71913e-07,86.7961,37.5191,93.2039,-142.481,-1512.0,-686.0,-1400.0,-600.0
-1510.0,-686.0,-104.326,4.6663e-07,86.7944,38.0189,93.2056,-141.981,-1510.0,-686.0,-1400.0,-600.0
-1508.0,-686.0,-104.227,4.61383e-07,86.793,38.5302,93.207,-141.47,-1508.0,-686.0,-1400.0,-600.0
-1506.0,-686.0,-104.129,4.56174e-07,86.7918,39.0531,93.2082,-140.947,-1506.0,-686.0,-1400.0,-600.0
-1504.0,-686.0,-104.029,4.51004e-07,86.7908,39.5881,93.2092,-140.412,-1504.0,-686.0,-1400.0,-600.0
-1502.0,-686.0,-103.93,4.45885e-07,86.7642,40.1355,93.2358,-139.865,-1502.0,-686.0,-1400.0,-600.0
-1500.0,-686.0,-103.83,4.40812e-07,86.7269,40.6955,93.2731,-139.304,-1500.0,-686.0,-1400.0,-600.0
-1498.0,-686.0,-103.731,4.35782e-07,86.6891,41.2686,93.3109,-138.731,-1498.0,-686.0,-1400.0,-600.0
-1496.0,-686.0,-103.63,4.30797e-07,86.6507,41.855,93.3493,-138.145,-1496.0,-686.0,-1400.0,-600.0
-1494.0,-686.0,-103.53,4.25859e-07,86.6118,42.4552,93.3882,-137.545,-1494.0,-686.0,-1400.0,-600.0
-1492.0,-686.0,-103.43,4.20968e-07,86.5724,43.0694,93.4276,-136.931,-1492.0,-686.0,-1400.0,-600.0
-1490.0,-686.0,-103.329,4.16127e-07,86.5325,43.698,93.4675,-136.302,-1490.0,-686.0,-1400.0,-600.0
-1488.0,-686.0,-103.228,4.11336e-07,86.4921,44.3415,93.5079,-135.659,-1488.0,-686.0,-1400.0,-600.0
-1486.0,-686.0,-103.127,4.06599e-07,86.4511,45.0,93.5489,-135.0,-1486.0,-686.0,-1400.0,-600.0
-1484.0,-686.0,-103.026,4.01918e-07,86.4097,45.674,93.5903,-134.326,-1484.0,-686.0,-1400.0,-600.0
-1482.0,-686.0,-102.926,3.97292e-07,86.3679,46.3639,93.6321,-133.636,-1482.0,-686.0,-1400.0,-600.0
-1480.0,-686.0,-102.825,3.92726e-07,86.3256,47.07,93.6744,-132.93,-1480.0,-686.0,-1400.0,-600.0
-1478.0,-686.0,-102.725,3.88221e-07,86.2829,47.7927,93.7171,-132.207,-1478.0,-686.0,-1400.0,-600.0
-1476.0,-686.0,-102.625,3.83779e-07,86.2398,48.5323,93.7602,-131.468,-1476.0,-686.0,-1400.0,-600.0
-1474.0,-686.0,-102.525,3.79403e-07,86.1964,49.2892,93.8036,-130.711,-1474.0,-686.0,-1400.0,-600.0
-1472.0,-686.0,-102.425,3.75094e-07,86.1526,50.0636,93.8474,-129.936,-1472.0,-686.0,-1400.0,-600.0
-1470.0,-686.0,-102.327,3.70855e-07,86.1086,50.856,93.8914,-129.144,-1470.0,-686.0,-1400.0,-600.0
-1468.0,-686.0,-102.228,3.66689e-07,86.0643,51.6667,93.9357,-128.333,-1468.0,-686.0,-1400.0,-600.0
-1466.0,-686.0,-102.131,3.62597e-07,86.0198,52.4959,93.9802,-127.504,-1466.0,-686.0,-1400.0,-600.0
-1464.0,-686.0,-102.034,3.58583e-07,85.9752,53.3439,94.0248,-126.656,-1464.0,-686.0,-1400.0,-600.0
-1462.0,-686.0,-101.938,3.54649e-07,85.9305,54.211,94.0695,-125.789,-1462.0,-686.0,-1400.0,-600.0
-1460.0,-686.0,-101.843,3.50799e-07,85.8857,55.0975,94.1143,-124.902,-1460.0,-686.0,-1400.0,-600.0
-1458.0,-686.0,-101.749,3.47033e-07,85.841,56.0035,94.159,-123.996,-1458.0,-686.0,-1400.0,-600.0
-1456.0,-686.0,-101.656,3.43356e-07,85.7964,56.9293,94.2036,-123.071,-1456.0,-686.0,-1400.0,-600.0
-1454.0,-686.0,-101.565,3.39771e-07,85.7519,57.875,94.2481,-122.125,-1454.0,-686.0,-1400.0,-600.0
-1452.0,-686.0,-101.475,3.36291e-07,85.6826,58.8407,94.3174,-121.159,-1452.0,-686.0,-1400.0,-600.0
-1450.0,-686.0,-101.388,3.32918e-07,85.5901,59.8265,94.4099,-120.174,-1450.0,-686.0,-1400.0,-600.0
-1448.0,-686.0,-101.302,3.29646e-07,85.4972,60.8324,94.5028,-119.168,-1448.0,-686.0,-1400.0,-600.0
-1446.0,-686.0,-101.218,3.26478e-07,85.4038,61.8584,94.5962,-118.142,-1446.0,-686.0,-1400.0,-600.0
-1444.0,-686.0,-101.136,3.23418e-07,85.3101,62.9044,94.6899,-117.096,-1444.0,-686.0,-1400.0,-600.0
-1442.0,-686.0,-101.056,3.20467e-07,85.2163,63.9704,94.7837,-116.03,-1442.0,-686.0,-1400.0,-600.0
-1440.0,-686.0,-100.979,3.17629e-07,85.1225,65.0561,94.8775,-114.944,-1440.0,-686.0,-1400.0,-600.0
-1438.0,-686.0,-100.904,3.14907e-07,85.0288,66.1613,94.9712,-113.839,-1438.0,-686.0,-1400.0,-600.0
-1436.0,-686.0,-100.832,3.12305e-07,84.9354,67.2856,95.0646,-112.714,-1436.0,-686.0,-1400.0,-600.0
-1434.0,-686.0,-100.762,3.09824e-07,84.8425,68.4287,95.1575,-111.571,-1434.0,-686.0,-1400.0,-600.0
-1432.0,-686.0,-100.696,3.07469e-07,84.7502,69.5901,95.2498,-110.41,-1432.0,-686.0,-1400.0,-600.0
-1430.0,-686.0,-100.633,3.05242e-07,84.6586,70.7693,95.3414,-109.231,-1430.0,-686.0,-1400.0,-600.0
-1428.0,-686.0,-100.572,3.03127e-07,84.6041,71.9657,95.3959,-108.034,-1428.0,-686.0,-1400.0,-600.0
-1426.0,-686.0,-100.515,3.01137e-07,84.5684,73.1786,95.4316,-106.821,-1426.0,-686.0,-1400.0,-600.0
-1424.0,-686.0,-100.461,2.99283e-07,84.5346,74.4072,95.4654,-105.593,-1424.0,-686.0,-1400.0,-600.0
-1422.0,-686.0,-100.411,2.97567e-07,84.503,75.6507,95.497,-104.349,-1422.0,-686.0,-1400.0,-600.0
-1420.0,-686.0,-114.738,2.96001e-07,84.4738,77.149,95.5262,-103.963,-1404.61,-618.561,-1404.61,-618.561
-1418.0,-686.0,-121.961,9.56924e-07,88.293,86.4409,91.707,93.6764,-1406.43,-499.954,-1406.43,-499.954
-1416.0,-686.0,-121.912,9.56533e-07,88.2923,86.8401,91.7077,93.2772,-1405.73,-499.953,-1405.73,-499.953
-1414.0,-686.0,-121.822,9.56188e-07,88.2917,87.2395,91.7083,92.8778,-1405.03,-499.952,-1405.03,-499.952
-1412.0,-686.0,-121.711,9.5589e-07,88.2912,87.6392,91.7088,92.4781,-1404.33,-499.952,-1404.33,-499.952
-1410.0,-686.0,-119.137,1.0715e-06,88.4756,98.2295,91.5244,81.7263,-1396.73,-577.518,-1425.36,-579.765
-1408.0,-686.0,-121.487,9.55437e-07,88.2846,88.4393,91.7154,91.678,-1402.93,-499.95,-1402.93,-499.95
-1406.0,-686.0,-121.399,9.55287e-07,88.2674,88.8396,91.7326,91.2777,-1402.23,-499.949,-1402.23,-499.949
-1404.0,-686.0,-142.525,9.71565e-07,88.2798,101.696,91.7202,82.1554,-1396.76,-576.497,-1425.28,-583.183
-1402.0,-686.0,-131.664,9.72879e-07,88.2656,102.784,91.7344,82.4644,-1396.79,-575.704,-1425.28,-583.406
-1400.0,-686.0,-128.428,9.74387e-07,88.2517,103.202,91.7483,82.4644,-1396.79,-575.704,-1425.41,-577.665
-1398.0,-686.0,-151.185,4.51365e-07,86.1878,105.009,93.8122,148.195,-1425.26,-584.337,-1425.26,-584.337
-1396.0,-686.0,-183.023,6.96502e-07,87.5074,-124.321,92.4926,169.301,-1476.53,-585.541,-1396.83,-687.209
-1394.0,-686.0,-183.205,7.003e-07,87.5131,-125.039,92.4869,169.301,-1476.53,-585.541,-1394.8,-687.142
-1392.0,-686.0,-183.626,7.04161e-07,87.5268,-125.745,92.4732,169.301,-1476.53,-585.541,-1392.77,-687.075
-1390.0,-686.0,-184.467,7.08089e-07,87.5405,-126.438,92.4595,169.301,-1476.53,-585.541,-1390.74,-687.008
-1388.0,-686.0,-186.192,7.12081e-07,87.5543,-127.119,92.4457,169.301,-1476.53,-585.541,-1388.71,-686.941
-1386.0,-686.0,-194.388,1.77587e-06,89.0196,134.791,90.9804,-121.37,-1548.0,-842.753,-1401.25,-670.637
-1384.0,-686.0,-173.378,1.65365e-06,88.9471,139.151,91.0529,-124.21,-1548.4,-818.284,-1401.75,-670.656
-1382.0,-686.0,-172.552,1.69541e-06,88.973,141.872,91.027,-124.21,-1548.4,-818.284,-1401.56,-670.649
-1380.0,-686.0,-171.501,1.70168e-06,88.9768,142.821,91.0232,-124.304,-1548.93,-818.293,-1400.3,-670.601
-1378.0,-686.0,-171.676,1.70701e-06,88.98,143.116,91.02,-124.304,-1548.93,-818.293,-1398.61,-670.537
-1376.0,-686.0,-171.882,1.71236e-06,88.9832,143.406,91.0168,-124.304,-1548.93,-818.293,-1396.91,-670.472
-1374.0,-686.0,-172.085,1.66461e-06,88.954,143.693,91.046,-126.816,-1556.08,-808.509,-1395.22,-670.408
-1372.0,-686.0,-171.787,1.67e-06,88.9574,143.976,91.0426,-126.816,-1556.08,-808.509,-1393.53,-670.344
-1370.0,-686.0,-171.453,1.72727e-06,88.9843,143.546,91.0157,-124.21,-1548.4,-818.284,-1391.31,-670.26
-1368.0,-686.0,-150.598,4.2619e-07,92.0903,61.6698,127.819,52.2295,-1392.31,-590.075,-1351.53,-655.451
-1366.0,-686.0,-150.429,4.23056e-07,92.062,62.466,128.175,53.1318,-1392.56,-590.082,-1351.45,-658.085
-1364.0,-686.0,-150.418,4.20005e-07,92.0329,63.2739,128.528,54.0564,-1392.81,-590.09,-1351.36,-660.893
-1362.0,-686.0,-147.487,5.18609e-07,91.4346,70.2948,100.983,-64.3837,-1391.37,-618.002,-1351.49,-656.661
-1360.0,-686.0,-150.723,5.16277e-07,92.0634,70.7214,101.058,-65.3703,-1391.74,-618.018,-1351.35,-661.26
-1358.0,-686.0,-153.332,5.14103e-07,92.0249,71.4241,101.11,-66.0833,-1392.0,-618.029,-1351.2,-665.777
-1356.0,-686.0,-161.212,1.43244e-06,88.6964,16.4627,91.3036,15.8832,-1361.84,-589.142,-1239.87,-651.681
-1354.0,-686.0,-160.483,9.64003e-07,88.046,21.0994,91.954,-9.41385,-1309.77,-614.96,-1239.86,-641.96
-1352.0,-686.0,-121.33,5.04736e-07,90.7359,109.22,99.3075,-69.6459,-1393.29,-618.083,-1379.4,-607.42
-1350.0,-686.0,-123.898,5.06968e-07,90.7008,109.932,99.2983,-68.9234,-1393.03,-618.073,-1378.5,-607.42
-1348.0,-686.0,-127.899,5.09278e-07,90.6659,110.638,99.2879,-68.2074,-1392.78,-618.062,-1377.6,-607.42
-1346.0,-686.0,0.0,0.0,0.0,0.0,0.0,0.0,0.0,0.0,0.0,0.0
-1344.0,-686.0,0.0,0.0,0.0,0.0,0.0,0.0,0.0,0.0,0.0,0.0
-1342.0,-686.0,0.0,0.0,0.0,0.0,0.0,0.0,0.0,0.0,0.0,0.0
-1340.0,-686.0,0.0,0.0,0.0,0.0,0.0,0.0,0.0,0.0,0.0,0.0
-1338.0,-686.0,0.0,0.0,0.0,0.0,0.0,0.0,0.0,0.0,0.0,0.0
-1336.0,-686.0,0.0,0.0,0.0,0.0,0.0,0.0,0.0,0.0,0.0,0.0
-1334.0,-686.0,0.0,0.0,0.0,0.0,0.0,0.0,0.0,0.0,0.0,0.0
-1332.0,-686.0,0.0,0.0,0.0,0.0,0.0,0.0,0.0,0.0,0.0,0.0
-1330.0,-686.0,0.0,0.0,0.0,0.0,0.0,0.0,0.0,0.0,0.0,0.0
-1328.0,-686.0,0.0,0.0,0.0,0.0,0.0,0.0,0.0,0.0,0.0,0.0
-1326.0,-686.0,0.0,0.0,0.0,0.0,0.0,0.0,0.0,0.0,0.0,0.0
-1324.0,-686.0,0.0,0.0,0.0,0.0,0.0,0.0,0.0,0.0,0.0,0.0
-1322.0,-686.0,0.0,0.0,0.0,0.0,0.0,0.0,0.0,0.0,0.0,0.0
-1320.0,-686.0,0.0,0.0,0.0,0.0,0.0,0.0,0.0,0.0,0.0,0.0
-1318.0,-686.0,0.0,0.0,0.0,0.0,0.0,0.0,0.0,0.0,0.0,0.0
-1316.0,-686.0,0.0,0.0,0.0,0.0,0.0,0.0,0.0,0.0,0.0,0.0
-1314.0,-686.0,0.0,0.0,0.0,0.0,0.0,0.0,0.0,0.0,0.0,0.0
-1312.0,-686.0,0.0,0.0,0.0,0.0,0.0,0.0,0.0,0.0,0.0,0.0
-1310.0,-686.0,-127.363,9.0867e-07,87.5707,31.8085,92.4293,-29.9914,-1370.34,-617.116,-1239.86,-642.499
-1308.0,-686.0,-128.587,9.0301e-07,87.5555,32.0319,92.4445,-30.2148,-1370.59,-617.127,-1239.86,-643.371
-1306.0,-686.0,-129.134,8.97365e-07,87.5401,32.2581,92.4599,-30.441,-1370.84,-617.137,-1239.86,-644.258
-1304.0,-686.0,-129.039,8.91734e-07,87.5245,32.4872,92.4755,-30.6701,-1371.09,-617.148,-1239.86,-645.161
-1302.0,-686.0,-128.28,8.86118e-07,87.5088,32.7191,92.4912,-30.9021,-1371.33,-617.158,-1239.86,-646.08
-1300.0,-686.0,-127.267,8.80516e-07,87.493,32.9541,92.507,-31.137,-1371.58,-617.169,-1239.86,-647.016
-1298.0,-686.0,-126.317,8.74929e-07,87.477,33.192,92.523,-31.375,-1371.83,-617.179,-1239.86,-647.969
-1296.0,-686.0,-125.065,8.69357e-07,87.4608,33.4331,92.5392,-31.616,-1372.08,-617.189,-1239.86,-648.939
-1294.0,-686.0,-123.117,8.63802e-07,87.4444,33.6772,92.5556,-31.8601,-1372.32,-617.2,-1239.86,-649.927
-1292.0,-686.0,-120.865,8.58262e-07,87.4279,33.9245,92.5721,-32.1074,-1372.57,-617.21,-1239.86,-650.934
-1290.0,-686.0,-118.841,8.52738e-07,87.4113,34.175,92.5887,-32.3579,-1372.82,-617.221,-1239.87,-651.96
-1288.0,-686.0,-117.223,8.47231e-07,87.3944,34.4287,92.6056,-32.6117,-1373.07,-617.231,-1239.87,-653.006
-1286.0,-686.0,-115.983,8.41748e-07,87.3661,34.6858,92.6339,-32.8688,-1373.32,-617.242,-1239.87,-654.072
-1284.0,-686.0,-115.045,8.36288e-07,87.3295,34.9463,92.6705,-33.1293,-1373.56,-617.252,-1239.87,-655.158
-1282.0,-686.0,-114.335,8.30846e-07,87.2926,35.2102,92.7074,-33.3932,-1373.81,-617.263,-1239.87,-656.266
-1280.0,-686.0,-113.8,8.25422e-07,87.2552,35.4776,92.7448,-33.6606,-1374.06,-617.273,-1239.87,-657.396
-1278.0,-686.0,-113.4,8.20017e-07,87.2174,35.7486,92.7826,-33.9315,-1374.31,-617.284,-1239.87,-658.549
-1276.0,-686.0,-113.109,8.14624e-07,87.1877,36.0231,92.8123,-34.2061,-1374.56,-617.294,-1239.87,-659.725
-1274.0,-686.0,-112.911,8.09243e-07,87.169,36.3013,92.831,-34.4843,-1374.81,-617.304,-1239.87,-660.925
-1272.0,-686.0,-112.797,8.03881e-07,87.1501,36.5833,92.8499,-34.7662,-1375.06,-617.315,-1239.87,-662.15
-1270.0,-686.0,-112.767,7.98539e-07,87.131,36.869,92.869,-35.052,-1375.3,-617.325,-1239.87,-663.401
-1268.0,-686.0,-112.826,7.93217e-07,87.1118,37.1586,92.8882,-35.3415,-1375.55,-617.336,-1239.87,-664.678
-1266.0,-686.0,-112.987,7.87916e-07,87.0923,37.4521,92.9077,-35.635,-1375.8,-617.346,-1239.87,-665.982
-1264.0,-686.0,-113.277,7.82635e-07,87.0727,37.7496,92.9273,-35.9325,-1376.05,-617.357,-1239.87,-667.315
-1262.0,-686.0,-124.861,7.77379e-07,87.0529,38.163,92.9471,-35.9954,-1376.1,-617.359,-1239.87,-668.607
-1260.0,-686.0,-131.056,7.72155e-07,87.0329,38.6146,92.9671,-35.9954,-1376.1,-617.359,-1239.87,-669.92
-1258.0,-686.0,-136.67,7.66965e-07,87.0128,39.0752,92.9872,-35.9954,-1376.1,-617.359,-1239.87,-671.278
-1256.0,-686.0,-142.914,7.61808e-07,86.9926,39.5451,93.0074,-35.9954,-1376.1,-617.359,-1239.87,-672.681
-1254.0,-686.0,-153.333,1.06909e-06,85.35,156.301,86.4079,-25.6418,-1364.83,-616.884,-1309.08,-661.825
-1252.0,-686.0,-153.49,1.07518e-06,85.3913,156.444,86.4244,-25.4959,-1364.61,-616.875,-1309.1,-661.106
-1250.0,-686.0,-153.667,1.08125e-06,85.4408,156.584,86.4408,-25.3508,-1364.4,-616.866,-1309.12,-660.397
-1248.0,-686.0,-121.026,1.03272e-06,87.8225,162.962,92.1775,24.1831,-1376.84,-589.601,-1308.9,-667.336
-1246.0,-686.0,-120.613,1.03909e-06,87.8513,163.07,92.1487,24.0752,-1376.72,-589.598,-1308.92,-666.848
-1244.0,-686.0,-120.241,1.04546e-06,87.8799,163.176,92.1201,23.9686,-1376.59,-589.594,-1308.93,-666.366
-1242.0,-686.0,-119.907,1.05183e-06,87.9081,163.282,92.0919,23.8633,-1376.47,-589.59,-1308.95,-665.891
-1240.0,-686.0,-119.608,1.05821e-06,87.936,163.386,92.064,23.7593,-1376.34,-589.586,-1308.96,-665.423
-1238.0,-686.0,0.0,0.0,0.0,0.0,0.0,0.0,0.0,0.0,0.0,0.0
-1236.0,-686.0,0.0,0.0,0.0,0.0,0.0,0.0,0.0,0.0,0.0,0.0
-1234.0,-686.0,0.0,0.0,0.0,0.0,0.0,0.0,0.0,0.0,0.0,0.0
-1232.0,-686.0,0.0,0.0,0.0,0.0,0.0,0.0,0.0,0.0,0.0,0.0
-1230.0,-686.0,0.0,0.0,0.0,0.0,0.0,0.0,0.0,0.0,0.0,0.0
-1228.0,-686.0,0.0,0.0,0.0,0.0,0.0,0.0,0.0,0.0,0.0,0.0
-1226.0,-686.0,0.0,0.0,0.0,0.0,0.0,0.0,0.0,0.0,0.0,0.0
-1224.0,-686.0,0.0,0.0,0.0,0.0,0.0,0.0,0.0,0.0,0.0,0.0
-1222.0,-686.0,0.0,0.0,0.0,0.0,0.0,0.0,0.0,0.0,0.0,0.0
-1220.0,-686.0,0.0,0.0,0.0,0.0,0.0,0.0,0.0,0.0,0.0,0.0
-1218.0,-686.0,0.0,0.0,0.0,0.0,0.0,0.0,0.0,0.0,0.0,0.0
-1216.0,-686.0,0.0,0.0,0.0,0.0,0.0,0.0,0.0,0.0,0.0,0.0
-1214.0,-686.0,0.0,0.0,0.0,0.0,0.0,0.0,0.0,0.0,0.0,0.0
-1212.0,-686.0,-165.838,1.62797e-06,88.838,-106.151,91.162,-43.3117,-1381.35,-617.58,-1231.43,-753.102
-1210.0,-686.0,-166.148,1.62983e-06,88.8691,-106.423,91.1309,-43.3117,-1381.35,-617.58,-1229.76,-753.047
-1208.0,-686.0,-166.532,1.63171e-06,88.9,-106.694,91.1,-43.3117,-1381.35,-617.58,-1228.09,-752.992
-1206.0,-686.0,-167.007,1.63363e-06,88.931,-106.964,91.069,-43.3117,-1381.35,-617.58,-1226.42,-752.937
-1204.0,-686.0,-167.594,1.63559e-06,88.9354,-107.234,91.0646,-43.3117,-1381.35,-617.58,-1224.75,-752.881
-1202.0,-686.0,-168.315,1.63758e-06,88.9367,-107.503,91.0633,-43.3117,-1381.35,-617.58,-1223.07,-752.826
-1600.0,-684.0,-108.156,7.24341e-07,87.8149,22.7824,92.1851,-157.218,-1600.0,-684.0,-1400.0,-600.0
-1598.0,-684.0,-108.082,7.18208e-07,87.7738,22.9887,92.2262,-157.011,-1598.0,-684.0,-1400.0,-600.0
-1596.0,-684.0,-108.007,7.12086e-07,87.732,23.1986,92.268,-156.801,-1596.0,-684.0,-1400.0,-600.0
-1594.0,-684.0,-107.932,7.05973e-07,87.6894,23.4121,92.3106,-156.588,-1594.0,-684.0,-1400.0,-600.0
-1592.0,-684.0,-107.856,6.9986e-07,87.6657,23.6294,92.3343,-156.371,-1592.0,-684.0,-1400.0,-600.0
-1590.0,-684.0,-107.78,6.93757e-07,87.6452,23.8505,92.3548,-156.15,-1590.0,-684.0,-1400.0,-600.0
-1588.0,-684.0,-107.703,6.87664e-07,87.6243,24.0755,92.3757,-155.925,-1588.0,-684.0,-1400.0,-600.0
-1586.0,-684.0,-107.626,6.81582e-07,87.6031,24.3045,92.3969,-155.695,-1586.0,-684.0,-1400.0,-600.0
-1584.0,-684.0,-107.548,6.75516e-07,87.5712,24.5377,92.4288,-155.462,-1584.0,-684.0,-1400.0,-600.0
-1582.0,-684.0,-107.469,6.69468e-07,87.5252,24.7751,92.4748,-155.225,-1582.0,-684.0,-1400.0,-600.0
-1580.0,-684.0,-107.39,6.63433e-07,87.4783,25.0169,92.5217,-154.983,-1580.0,-684.0,-1400.0,-600.0
-1578.0,-684.0,-107.311,6.5741e-07,87.4306,25.2631,92.5694,-154.737,-1578.0,-684.0,-1400.0,-600.0
-1576.0,-684.0,-107.231,6.514e-07,87.3817,25.5139,92.6183,-154.486,-1576.0,-684.0,-1400.0,-600.0
-1574.0,-684.0,-107.15,6.45417e-07,87.3073,25.7693,92.6927,-154.231,-1574.0,-684.0,-1400.0,-600.0
-1572.0,-684.0,-107.07,6.39447e-07,87.2316,26.0296,92.7684,-153.97,-1572.0,-684.0,-1400.0,-600.0
-1570.0,-684.0,-106.988,6.33492e-07,87.1546,26.2948,92.8454,-153.705,-1570.0,-684.0,-1400.0,-600.0
-1568.0,-684.0,-106.906,6.27552e-07,87.0761,26.5651,92.9239,-153.435,-1568.0,-684.0,-1400.0,-600.0
-1566.0,-684.0,-106.823,6.21627e-07,86.9962,26.8405,93.0038,-153.159,-1566.0,-684.0,-1400.0,-600.0
-1564.0,-684.0,-106.74,6.15719e-07,86.9149,27.1213,93.0851,-152.879,-1564.0,-684.0,-1400.0,-600.0
-1562.0,-684.0,-106.656,6.09826e-07,86.832,27.4076,93.168,-152.592,-1562.0,-684.0,-1400.0,-600.0
-1560.0,-684.0,-106.572,6.03923e-07,86.7944,27.6995,93.2056,-152.301,-1560.0,-684.0,-1400.0,-600.0
-1558.0,-684.0,-106.486,5.98016e-07,86.7897,27.9971,93.2103,-152.003,-1558.0,-684.0,-1400.0,-600.0
-1556.0,-684.0,-106.4,5.92125e-07,86.7851,28.3008,93.2149,-151.699,-1556.0,-684.0,-1400.0,-600.0
-1554.0,-684.0,-106.313,5.86251e-07,86.7804,28.6105,93.2196,-151.39,-1554.0,-684.0,-1400.0,-600.0
-1552.0,-684.0,-106.226,5.80395e-07,86.7757,28.9264,93.2243,-151.074,-1552.0,-684.0,-1400.0,-600.0
-1550.0,-684.0,-106.137,5.74556e-07,86.7711,29.2488,93.2289,-150.751,-1550.0,-684.0,-1400.0,-600.0
-1548.0,-684.0,-106.049,5.68736e-07,86.7664,29.5778,93.2336,-150.422,-1548.0,-684.0,-1400.0,-600.0
-1546.0,-684.0,-105.96,5.62938e-07,86.7574,29.9136,93.2426,-150.086,-1546.0,-684.0,-1400.0,-600.0
-1544.0,-684.0,-105.87,5.57173e-07,86.7238,30.2564,93.2762,-149.744,-1544.0,-684.0,-1400.0,-600.0
-1542.0,-684.0,-105.78,5.51428e-07,86.6897,30.6064,93.3103,-149.394,-1542.0,-684.0,-1400.0,-600.0
-1540.0,-684.0,-105.689,5.45705e-07,86.6549,30.9638,93.3451,-149.036,-1540.0,-684.0,-1400.0,-600.0
-1538.0,-684.0,-105.597,5.40003e-07,86.6195,31.3287,93.3805,-148.671,-1538.0,-684.0,-1400.0,-600.0
-1536.0,-684.0,-105.505,5.34312e-07,86.6058,31.7014,93.3942,-148.299,-1536.0,-684.0,-1400.0,-600.0
-1534.0,-684.0,-105.412,5.28639e-07,86.6,32.0822,93.4,-147.918,-1534.0,-684.0,-1400.0,-600.0
-1532.0,-684.0,-105.319,5.2299e-07,86.5941,32.4712,93.4059,-147.529,-1532.0,-684.0,-1400.0,-600.0
-1530.0,-684.0,-105.224,5.17365e-07,86.5883,32.8687,93.4117,-147.131,-1530.0,-684.0,-1400.0,-600.0
-1528.0,-684.0,-105.13,5.11761e-07,86.5928,33.2749,93.4072,-146.725,-1528.0,-684.0,-1400.0,-600.0
-1526.0,-684.0,-105.034,5.06171e-07,86.619,33.6901,93.381,-146.31,-1526.0,-684.0,-1400.0,-600.0
-1524.0,-684.0,-104.938,5.00609e-07,86.646,34.1145,93.354,-145.886,-1524.0,-684.0,-1400.0,-600.0
-1522.0,-684.0,-104.841,4.95074e-07,86.6738,34.5484,93.3262,-145.452,-1522.0,-684.0,-1400.0,-600.0
-1520.0,-684.0,-104.744,4.89569e-07,86.7024,34.992,93.2976,-145.008,-1520.0,-684.0,-1400.0,-600.0
-1518.0,-684.0,-104.646,4.84094e-07,86.7318,35.4457,93.2682,-144.554,-1518.0,-684.0,-1400.0,-600.0
-1516.0,-684.0,-104.547,4.78649e-07,86.7622,35.9097,93.2378,-144.09,-1516.0,-684.0,-1400.0,-600.0
-1514.0,-684.0,-104.448,4.73237e-07,86.7934,36.3844,93.2066,-143.616,-1514.0,-684.0,-1400.0,-600.0
-1512.0,-684.0,-104.349,4.67873e-07,86.7949,36.8699,93.2051,-143.13,-1512.0,-684.0,-1400.0,-600.0
-1510.0,-684.0,-104.249,4.62544e-07,86.7929,37.3667,93.2071,-142.633,-1510.0,-684.0,-1400.0,-600.0
-1508.0,-684.0,-104.149,4.5725e-07,86.791,37.875,93.209,-142.125,-1508.0,-684.0,-1400.0,-600.0
-1506.0,-684.0,-104.048,4.51994e-07,86.7895,38.3952,93.2105,-141.605,-1506.0,-684.0,-1400.0,-600.0
-1504.0,-684.0,-103.948,4.46783e-07,86.7707,38.9275,93.2293,-141.072,-1504.0,-684.0,-1400.0,-600.0
-1502.0,-684.0,-103.846,4.4162e-07,86.7329,39.4725,93.2671,-140.528,-1502.0,-684.0,-1400.0,-600.0
-1500.0,-684.0,-103.745,4.36497e-07,86.6945,40.0303,93.3055,-139.97,-1500.0,-684.0,-1400.0,-600.0
-1498.0,-684.0,-103.643,4.31417e-07,86.6555,40.6013,93.3445,-139.399,-1498.0,-684.0,-1400.0,-600.0
-1496.0,-684.0,-103.541,4.26381e-07,86.616,41.1859,93.384,-138.814,-1496.0,-684.0,-1400.0,-600.0
-1494.0,-684.0,-103.438,4.21391e-07,86.5759,41.7845,93.4241,-138.215,-1494.0,-684.0,-1400.0,-600.0
-1492.0,-684.0,-103.336,4.16447e-07,86.5352,42.3974,93.4648,-137.603,-1492.0,-684.0,-1400.0,-600.0
-1490.0,-684.0,-103.233,4.11553e-07,86.4939,43.0251,93.5061,-136.975,-1490.0,-684.0,-1400.0,-600.0
-1488.0,-684.0,-103.13,4.06709e-07,86.4521,43.6678,93.5479,-136.332,-1488.0,-684.0,-1400.0,-600.0
-1486.0,-684.0,-103.026,4.01918e-07,86.4097,44.326,93.5903,-135.674,-1486.0,-684.0,-1400.0,-600.0
-1484.0,-684.0,-102.923,3.9718e-07,86.3669,45.0,93.6331,-135.0,-1484.0,-684.0,-1400.0,-600.0
-1482.0,-684.0,-102.82,3.92499e-07,86.3235,45.6903,93.6765,-134.31,-1482.0,-684.0,-1400.0,-600.0
-1480.0,-684.0,-102.717,3.87877e-07,86.2796,46.3972,93.7204,-133.603,-1480.0,-684.0,-1400.0,-600.0
-1478.0,-684.0,-102.614,3.83315e-07,86.2353,47.1211,93.7647,-132.879,-1478.0,-684.0,-1400.0,-600.0
-1476.0,-684.0,-102.511,3.78815e-07,86.1905,47.8624,93.8095,-132.138,-1476.0,-684.0,-1400.0,-600.0
-1474.0,-684.0,-102.409,3.74381e-07,86.1453,48.6215,93.8547,-131.379,-1474.0,-684.0,-1400.0,-600.0
-1472.0,-684.0,-102.307,3.70013e-07,86.0997,49.3987,93.9003,-130.601,-1472.0,-684.0,-1400.0,-600.0
-1470.0,-684.0,-102.205,3.65716e-07,86.0538,50.1944,93.9462,-129.806,-1470.0,-684.0,-1400.0,-600.0
-1468.0,-684.0,-102.104,3.6149e-07,86.0076,51.009,93.9924,-128.991,-1468.0,-684.0,-1400.0,-600.0
-1466.0,-684.0,-102.004,3.57339e-07,85.9612,51.8428,94.0388,-128.157,-1466.0,-684.0,-1400.0,-600.0
-1464.0,-684.0,-101.904,3.53265e-07,85.9145,52.6961,94.0855,-127.304,-1464.0,-684.0,-1400.0,-600.0
-1462.0,-684.0,-101.805,3.49272e-07,85.8677,53.5691,94.1323,-126.431,-1462.0,-684.0,-1400.0,-600.0
-1460.0,-684.0,-101.707,3.45361e-07,85.8208,54.4623,94.1792,-125.538,-1460.0,-684.0,-1400.0,-600.0
-1458.0,-684.0,-101.61,3.41536e-07,85.7739,55.3758,94.2261,-124.624,-1458.0,-684.0,-1400.0,-600.0
-1456.0,-684.0,-101.514,3.37799e-07,85.7271,56.3099,94.2729,-123.69,-1456.0,-684.0,-1400.0,-600.0
-1454.0,-684.0,-101.42,3.34154e-07,85.6804,57.2648,94.3196,-122.735,-1454.0,-684.0,-1400.0,-600.0
-1452.0,-684.0,-101.327,3.30603e-07,85.6339,58.2405,94.3661,-121.759,-1452.0,-684.0,-1400.0,-600.0
-1450.0,-684.0,-101.236,3.27166e-07,85.5504,59.2373,94.4496,-120.763,-1450.0,-684.0,-1400.0,-600.0
-1448.0,-684.0,-101.147,3.23837e-07,85.4545,60.2551,94.5455,-119.745,-1448.0,-684.0,-1400.0,-600.0
-1446.0,-684.0,-101.06,3.20611e-07,85.3582,61.294,94.6418,-118.706,-1446.0,-684.0,-1400.0,-600.0
-1444.0,-684.0,-100.975,3.17493e-07,85.2615,62.354,94.7385,-117.646,-1444.0,-684.0,-1400.0,-600.0
-1442.0,-684.0,-100.892,3.14487e-07,85.1646,63.4349,94.8354,-116.565,-1442.0,-684.0,-1400.0,-600.0
-1440.0,-684.0,-100.812,3.11594e-07,85.0677,64.5367,94.9323,-115.463,-1440.0,-684.0,-1400.0,-600.0
-1438.0,-684.0,-100.734,3.08819e-07,84.9708,65.6589,95.0292,-114.341,-1438.0,-684.0,-1400.0,-600.0
-1436.0,-684.0,-100.659,3.06165e-07,84.8741,66.8014,95.1259,-113.199,-1436.0,-684.0,-1400.0,-600.0
-1434.0,-684.0,-100.587,3.03634e-07,84.7779,67.9638,95.2221,-112.036,-1434.0,-684.0,-1400.0,-600.0
-1432.0,-684.0,-100.518,3.0123e-07,84.6824,69.1455,95.3176,-110.854,-1432.0,-684.0,-1400.0,-600.0
-1430.0,-684.0,-100.452,2.98956e-07,84.5876,70.3462,95.4124,-109.654,-1430.0,-684.0,-1400.0,-600.0
-1428.0,-684.0,-100.389,2.96815e-07,84.4938,71.5651,95.5062,-108.435,-1428.0,-684.0,-1400.0,-600.0
-1426.0,-684.0,-100.329,2.94785e-07,84.4509,72.8015,95.5491,-107.199,-1426.0,-684.0,-1400.0,-600.0
-1424.0,-684.0,-100.273,2.92891e-07,84.4149,74.0546,95.5851,-105.945,-1424.0,-684.0,-1400.0,-600.0
-1422.0,-684.0,-100.221,2.91137e-07,84.3812,75.3236,95.6188,-104.676,-1422.0,-684.0,-1400.0,-600.0
-1420.0,-684.0,-111.989,2.8953e-07,84.3499,76.7698,95.6501,-103.963,-1404.61,-618.561,-1404.61,-618.561
-1418.0,-684.0,-120.649,2.88105e-07,84.3219,78.4401,95.6781,-103.963,-1404.61,-618.561,-1404.61,-618.561
-1416.0,-684.0,-121.856,9.49872e-07,88.2803,86.8179,91.7197,93.2994,-1405.77,-499.953,-1405.77,-499.953
-1414.0,-684.0,-121.768,9.49526e-07,88.2797,87.2201,91.7203,92.8972,-1405.06,-499.952,-1405.06,-499.952
-1412.0,-684.0,-121.657,9.49225e-07,88.2792,87.6226,91.7208,92.4947,-1404.36,-499.952,-1404.36,-499.952
-1410.0,-684.0,-119.058,1.0649e-06,88.4645,98.2809,91.5355,81.6749,-1396.73,-577.635,-1425.4,-578.178
-1408.0,-684.0,-121.435,9.48775e-07,88.2595,88.4283,91.7405,91.689,-1402.95,-499.95,-1402.95,-499.95
-1406.0,-684.0,-121.347,9.48624e-07,88.2422,88.8314,91.7578,91.2858,-1402.25,-499.949,-1402.25,-499.949
-1404.0,-684.0,-142.059,9.65041e-07,88.2554,101.82,91.7446,82.1554,-1396.76,-576.497,-1425.31,-582.18
-1402.0,-684.0,-130.905,9.66381e-07,88.2411,102.88,91.7589,82.4644,-1396.79,-575.704,-1425.31,-582.055
-1400.0,-684.0,-127.44,9.67901e-07,88.2272,103.301,91.7728,82.4644,-1396.79,-575.704,-1425.44,-576.369
-1398.0,-684.0,-159.974,7.08436e-07,87.5547,-98.4189,92.4453,117.862,-1429.33,-544.506,-1398.48,-687.263
-1396.0,-684.0,-187.739,7.02286e-07,92.8967,-124.105,92.9263,169.301,-1476.53,-585.541,-1398.2,-687.254
-1394.0,-684.0,-183.189,7.05784e-07,87.5149,-124.546,92.4851,169.301,-1476.53,-585.541,-1396.19,-687.188
-1392.0,-684.0,-183.429,7.09599e-07,87.5283,-125.247,92.4717,169.301,-1476.53,-585.541,-1394.21,-687.123
-1390.0,-684.0,-167.122,1.16357e-06,88.4929,26.9051,91.5071,-7.72819,-1239.86,-621.732,-1351.25,-664.336
-1388.0,-684.0,-166.237,1.15763e-06,88.4852,27.3555,91.5148,-7.72819,-1239.86,-621.732,-1351.23,-664.976
-1386.0,-684.0,-173.493,1.64424e-06,88.9336,139.202,91.0664,-124.21,-1548.4,-818.284,-1401.47,-670.645
-1384.0,-684.0,-171.315,1.68703e-06,88.9606,142.615,91.0394,-124.304,-1548.93,-818.293,-1401.48,-670.645
-1382.0,-684.0,-171.463,1.69234e-06,88.9639,142.917,91.0361,-124.304,-1548.93,-818.293,-1399.75,-670.58
-1380.0,-684.0,-171.653,1.69767e-06,88.9671,143.214,91.0329,-124.304,-1548.93,-818.293,-1398.04,-670.515
-1378.0,-684.0,-171.87,1.70303e-06,88.9704,143.507,91.0296,-124.304,-1548.93,-818.293,-1396.32,-670.45
-1376.0,-684.0,-171.875,1.65529e-06,88.9407,143.797,91.0593,-126.816,-1556.08,-808.509,-1394.6,-670.385
-1374.0,-684.0,-171.604,1.66068e-06,88.9441,144.082,91.0559,-126.816,-1556.08,-808.509,-1392.89,-670.32
-1372.0,-684.0,-170.951,1.71794e-06,88.9793,143.642,91.0207,-124.21,-1548.4,-818.284,-1390.7,-670.237
-1370.0,-684.0,-170.044,1.72333e-06,88.9748,143.911,91.0252,-124.21,-1548.4,-818.284,-1388.97,-670.172
-1368.0,-684.0,-150.574,4.20324e-07,92.0914,61.2378,127.623,51.7433,-1392.17,-590.07,-1351.57,-654.074
-1366.0,-684.0,-150.312,4.17146e-07,92.0628,62.042,127.986,52.6499,-1392.43,-590.078,-1351.49,-656.666
-1364.0,-684.0,-150.215,4.14051e-07,92.0334,62.8583,128.347,53.5794,-1392.69,-590.086,-1351.4,-659.43
-1362.0,-684.0,-147.041,5.12328e-07,91.4032,70.0387,100.964,-64.1333,-1391.27,-617.998,-1351.54,-655.197
-1360.0,-684.0,-149.916,5.09978e-07,92.067,70.4737,101.039,-65.1188,-1391.65,-618.014,-1351.39,-659.735
-1358.0,-684.0,-152.143,5.07778e-07,92.0278,71.1841,101.093,-65.8395,-1391.91,-618.025,-1351.25,-664.201
-1356.0,-684.0,-160.539,1.43059e-06,88.686,15.8932,91.314,15.8832,-1361.84,-589.142,-1239.86,-650.933
-1354.0,-684.0,-160.663,1.42418e-06,88.6688,16.0575,91.3312,15.8832,-1361.84,-589.142,-1239.87,-651.148
-1352.0,-684.0,-121.97,4.98437e-07,90.7204,109.473,99.3013,-69.3896,-1393.2,-618.08,-1379.06,-607.459
-1350.0,-684.0,-125.047,5.00697e-07,90.6849,110.193,99.2916,-68.6592,-1392.94,-618.069,-1378.15,-607.459
-1348.0,-684.0,-129.66,5.03036e-07,90.6496,110.906,99.2805,-67.9355,-1392.68,-618.058,-1377.24,-607.46
-1346.0,-684.0,-133.825,5.05453e-07,90.6146,111.613,99.2681,-67.2187,-1392.42,-618.047,-1376.32,-607.46
-1344.0,-684.0,-149.071,4.05451e-07,91.6192,117.836,129.579,56.9858,-1393.58,-590.113,-1363.9,-646.308
-1342.0,-684.0,-152.566,1.00539e-06,85.4488,-25.07,86.2413,-27.128,-1366.88,-616.97,-1338.31,-685.726
-1340.0,-684.0,-152.531,9.45091e-07,87.8741,25.3298,92.1259,11.6373,-1342.24,-588.104,-1239.86,-636.602
-1338.0,-684.0,-150.665,9.88228e-07,85.2696,28.573,86.2686,-26.8832,-1366.55,-616.957,-1239.86,-630.553
-1336.0,-684.0,-114.466,9.80058e-07,87.917,28.8003,92.083,-26.9833,-1366.69,-616.962,-1239.86,-631.147
-1334.0,-684.0,-114.559,9.7423e-07,87.888,28.9895,92.112,-27.1725,-1366.94,-616.973,-1239.86,-631.841
-1332.0,-684.0,-114.694,9.68412e-07,87.8586,29.181,92.1414,-27.364,-1367.19,-616.983,-1239.86,-632.546
-1330.0,-684.0,-114.877,9.62606e-07,87.8289,29.3748,92.1711,-27.5578,-1367.44,-616.994,-1239.86,-633.262
-1328.0,-684.0,-115.119,9.56811e-07,87.7989,29.571,92.2011,-27.7539,-1367.69,-617.004,-1239.86,-633.99
-1326.0,-684.0,-115.435,9.51028e-07,87.7685,29.7696,92.2315,-27.9525,-1367.94,-617.015,-1239.86,-634.729
-1324.0,-684.0,-115.841,9.45257e-07,87.7378,29.9706,92.2622,-28.1535,-1368.19,-617.025,-1239.86,-635.481
-1322.0,-684.0,-116.362,9.39497e-07,87.7067,30.174,92.2933,-28.357,-1368.44,-617.036,-1239.86,-636.245
-1320.0,-684.0,-117.029,9.3375e-07,87.6753,30.38,92.3247,-28.563,-1368.69,-617.047,-1239.86,-637.021
-1318.0,-684.0,-117.883,9.28015e-07,87.6435,30.5886,92.3565,-28.7715,-1368.94,-617.057,-1239.86,-637.811
-1316.0,-684.0,-118.975,9.22293e-07,87.6114,30.7997,92.3886,-28.9827,-1369.19,-617.068,-1239.86,-638.614
-1314.0,-684.0,-120.355,9.16576e-07,87.5917,31.0135,92.4083,-29.1965,-1369.44,-617.078,-1239.86,-639.43
-1312.0,-684.0,-122.065,9.10868e-07,87.5766,31.23,92.4234,-29.4129,-1369.69,-617.089,-1239.86,-640.261
-1310.0,-684.0,-124.071,9.05173e-07,87.5613,31.4492,92.4387,-29.6321,-1369.94,-617.099,-1239.86,-641.106
-1308.0,-684.0,-126.141,8.99492e-07,87.5459,31.6712,92.4541,-29.8541,-1370.19,-617.11,-1239.86,-641.965
-1306.0,-684.0,-127.802,8.93824e-07,87.5303,31.896,92.4697,-30.0789,-1370.44,-617.12,-1239.86,-642.84
-1304.0,-684.0,-128.744,8.88171e-07,87.5146,32.1237,92.4854,-30.3066,-1370.69,-617.131,-1239.86,-643.731
-1302.0,-684.0,-129.037,8.82532e-07,87.4987,32.3543,92.5013,-30.5372,-1370.94,-617.142,-1239.86,-644.637
-1300.0,-684.0,-128.639,8.76907e-07,87.4827,32.5879,92.5173,-30.7708,-1371.19,-617.152,-1239.86,-645.559
-1298.0,-684.0,-127.69,8.71297e-07,87.4664,32.8244,92.5336,-31.0074,-1371.44,-617.163,-1239.86,-646.499
-1296.0,-684.0,-126.696,8.65702e-07,87.4501,33.0641,92.5499,-31.247,-1371.7,-617.173,-1239.86,-647.456
-1294.0,-684.0,-125.669,8.60123e-07,87.4335,33.3069,92.5665,-31.4898,-1371.95,-617.184,-1239.86,-648.43
-1292.0,-684.0,-124.064,8.54559e-07,87.4168,33.5528,92.5832,-31.7358,-1372.2,-617.195,-1239.86,-649.423
-1290.0,-684.0,-121.856,8.49011e-07,87.3999,33.802,92.6001,-31.9849,-1372.45,-617.205,-1239.86,-650.435
-1288.0,-684.0,-119.648,8.4348e-07,87.3828,34.0544,92.6172,-32.2374,-1372.7,-617.216,-1239.87,-651.466
-1286.0,-684.0,-117.807,8.37965e-07,87.3656,34.3102,92.6344,-32.4932,-1372.95,-617.226,-1239.87,-652.517
-1284.0,-684.0,-116.382,8.32478e-07,87.3322,34.5694,92.6678,-32.7524,-1373.2,-617.237,-1239.87,-653.588
-1282.0,-684.0,-115.304,8.2701e-07,87.295,34.832,92.705,-33.015,-1373.46,-617.248,-1239.87,-654.681
-1280.0,-684.0,-114.492,8.21561e-07,87.2574,35.0982,92.7426,-33.2811,-1373.71,-617.258,-1239.87,-655.795
-1278.0,-684.0,-113.881,8.1613e-07,87.2193,35.3679,92.7807,-33.5508,-1373.96,-617.269,-1239.87,-656.932
-1276.0,-684.0,-113.423,8.10712e-07,87.1894,35.6412,92.8106,-33.8241,-1374.21,-617.279,-1239.87,-658.091
-1274.0,-684.0,-113.087,8.05304e-07,87.1705,35.9182,92.8295,-34.1012,-1374.46,-617.29,-1239.87,-659.275
-1272.0,-684.0,-112.852,7.99916e-07,87.1514,36.199,92.8486,-34.3819,-1374.72,-617.301,-1239.87,-660.483
-1270.0,-684.0,-112.706,7.94547e-07,87.1322,36.4835,92.8678,-34.6665,-1374.97,-617.311,-1239.87,-661.716
-1268.0,-684.0,-112.646,7.89198e-07,87.1127,36.772,92.8873,-34.9549,-1375.22,-617.322,-1239.87,-662.975
-1266.0,-684.0,-112.675,7.8387e-07,87.0931,37.0644,92.9069,-35.2473,-1375.47,-617.333,-1239.87,-664.261
-1264.0,-684.0,-112.804,7.78562e-07,87.0733,37.3607,92.9267,-35.5437,-1375.72,-617.343,-1239.87,-665.575
-1262.0,-684.0,-113.054,7.73275e-07,87.0532,37.6612,92.9468,-35.8441,-1375.98,-617.354,-1239.87,-666.918
-1260.0,-684.0,-122.819,7.68011e-07,87.033,38.039,92.967,-35.9954,-1376.1,-617.359,-1239.87,-668.249
-1258.0,-684.0,-129.392,7.62779e-07,87.0127,38.4975,92.9873,-35.9954,-1376.1,-617.359,-1239.87,-669.578
-1256.0,-684.0,-135.174,7.5758e-07,86.9921,38.9655,93.0079,-35.9954,-1376.1,-617.359,-1239.87,-670.953
-1254.0,-684.0,-120.749,1.01166e-06,87.748,162.991,92.252,24.1539,-1376.81,-589.6,-1308.91,-667.204
-1252.0,-684.0,-120.338,1.01803e-06,87.7714,163.101,92.2286,24.044,-1376.68,-589.596,-1308.92,-666.707
-1250.0,-684.0,-119.967,1.0244e-06,87.8011,163.21,92.1989,23.9354,-1376.55,-589.593,-1308.94,-666.217
-1248.0,-684.0,-119.635,1.03078e-06,87.8303,163.317,92.1697,23.8282,-1376.43,-589.589,-1308.95,-665.733
-1246.0,-684.0,-119.338,1.03716e-06,87.8593,163.423,92.1407,23.7223,-1376.3,-589.585,-1308.97,-665.256
-1244.0,-684.0,-119.072,1.04354e-06,87.8879,163.527,92.1121,23.6177,-1376.17,-589.581,-1308.98,-664.785
-1242.0,-684.0,-118.835,1.04993e-06,87.9161,163.631,92.0839,23.5143,-1376.05,-589.577,-1309.0,-664.321
-1240.0,-684.0,-112.687,7.60006e-07,87.1418,135.009,92.8582,46.6596,-1390.58,-590.022,-1336.09,-587.943
-1238.0,-684.0,0.0,0.0,0.0,0.0,0.0,0.0,0.0,0.0,0.0,0.0
-1236.0,-684.0,0.0,0.0,0.0,0.0,0.0,0.0,0.0,0.0,0.0,0.0
-1234.0,-684.0,0.0,0.0,0.0,0.0,0.0,0.0,0.0,0.0,0.0,0.0
-1232.0,-684.0,0.0,0.0,0.0,0.0,0.0,0.0,0.0,0.0,0.0,0.0
-1230.0,-684.0,0.0,0.0,0.0,0.0,0.0,0.0,0.0,0.0,0.0,0.0
-1228.0,-684.0,0.0,0.0,0.0,0.0,0.0,0.0,0.0,0.0,0.0,0.0
-1226.0,-684.0,0.0,0.0,0.0,0.0,0.0,0.0,0.0,0.0,0.0,0.0
-1224.0,-684.0,0.0,0.0,0.0,0.0,0.0,0.0,0.0,0.0,0.0,0.0
-1222.0,-684.0,0.0,0.0,0.0,0.0,0.0,0.0,0.0,0.0,0.0,0.0
-1220.0,-684.0,0.0,0.0,0.0,0.0,0.0,0.0,0.0,0.0,0.0,0.0
-1218.0,-684.0,0.0,0.0,0.0,0.0,0.0,0.0,0.0,0.0,0.0,0.0
-1216.0,-684.0,-202.841,1.27863e-06,88.4531,164.881,91.5469,-1.7875,-1159.57,-607.503,-1219.74,-682.989
-1214.0,-684.0,-202.936,1.28506e-06,88.4806,165.088,91.5194,-1.7875,-1159.57,-607.503,-1219.74,-682.471
-1212.0,-684.0,-165.801,1.63439e-06,88.835,-106.072,91.165,-43.3117,-1381.35,-617.58,-1231.91,-753.117
-1210.0,-684.0,-166.09,1.63623e-06,88.8659,-106.343,91.1341,-43.3117,-1381.35,-617.58,-1230.25,-753.063
-1208.0,-684.0,-166.449,1.63811e-06,88.8968,-106.613,91.1032,-43.3117,-1381.35,-617.58,-1228.59,-753.008
-1206.0,-684.0,-166.892,1.64001e-06,88.9276,-106.882,91.0724,-43.3117,-1381.35,-617.58,-1226.93,-752.953
-1204.0,-684.0,-167.441,1.64196e-06,88.932,-107.151,91.068,-43.3117,-1381.35,-617.58,-1225.26,-752.898
-1202.0,-684.0,-168.115,1.64395e-06,88.9333,-107.419,91.0667,-43.3117,-1381.35,-617.58,-1223.6,-752.844
-1600.0,-682.0,-108.125,7.21777e-07,87.8243,22.2936,92.1757,-157.706,-1600.0,-682.0,-1400.0,-600.0
-1598.0,-682.0,-108.05,7.15622e-07,87.783,22.4965,92.217,-157.504,-1598.0,-682.0,-1400.0,-600.0
-1596.0,-682.0,-107.975,7.09477e-07,87.7411,22.7028,92.2589,-157.297,-1596.0,-682.0,-1400.0,-600.0
-1594.0,-682.0,-107.899,7.03341e-07,87.6984,22.9128,92.3016,-157.087,-1594.0,-682.0,-1400.0,-600.0
-1592.0,-682.0,-107.823,6.97215e-07,87.6569,23.1265,92.3431,-156.873,-1592.0,-682.0,-1400.0,-600.0
-1590.0,-682.0,-107.746,6.91088e-07,87.6361,23.344,92.3639,-156.656,-1590.0,-682.0,-1400.0,-600.0
-1588.0,-682.0,-107.669,6.84971e-07,87.6149,23.5654,92.3851,-156.435,-1588.0,-682.0,-1400.0,-600.0
-1586.0,-682.0,-107.591,6.78865e-07,87.5935,23.7908,92.4065,-156.209,-1586.0,-682.0,-1400.0,-600.0
-1584.0,-682.0,-107.512,6.72774e-07,87.5613,24.0202,92.4387,-155.98,-1584.0,-682.0,-1400.0,-600.0
-1582.0,-682.0,-107.433,6.66702e-07,87.5149,24.2539,92.4851,-155.746,-1582.0,-682.0,-1400.0,-600.0
-1580.0,-682.0,-107.354,6.60641e-07,87.4676,24.4919,92.5324,-155.508,-1580.0,-682.0,-1400.0,-600.0
-1578.0,-682.0,-107.273,6.54593e-07,87.4195,24.7343,92.5805,-155.266,-1578.0,-682.0,-1400.0,-600.0
-1576.0,-682.0,-107.193,6.48567e-07,87.3512,24.9812,92.6488,-155.019,-1576.0,-682.0,-1400.0,-600.0
-1574.0,-682.0,-107.112,6.42557e-07,87.2761,25.2328,92.7239,-154.767,-1574.0,-682.0,-1400.0,-600.0
-1572.0,-682.0,-107.03,6.36561e-07,87.1996,25.4892,92.8004,-154.511,-1572.0,-682.0,-1400.0,-600.0
-1570.0,-682.0,-106.948,6.30579e-07,87.1218,25.7505,92.8782,-154.25,-1570.0,-682.0,-1400.0,-600.0
-1568.0,-682.0,-106.865,6.24611e-07,87.0425,26.0168,92.9575,-153.983,-1568.0,-682.0,-1400.0,-600.0
-1566.0,-682.0,-106.782,6.18659e-07,86.9618,26.2883,93.0382,-153.712,-1566.0,-682.0,-1400.0,-600.0
-1564.0,-682.0,-106.698,6.12721e-07,86.8796,26.5651,93.1204,-153.435,-1564.0,-682.0,-1400.0,-600.0
-1562.0,-682.0,-106.613,6.068e-07,86.7958,26.8473,93.2042,-153.153,-1562.0,-682.0,-1400.0,-600.0
-1560.0,-682.0,-106.527,6.00867e-07,86.7575,27.1351,93.2425,-152.865,-1560.0,-682.0,-1400.0,-600.0
-1558.0,-682.0,-106.441,5.94929e-07,86.7523,27.4287,93.2477,-152.571,-1558.0,-682.0,-1400.0,-600.0
-1556.0,-682.0,-106.354,5.89008e-07,86.747,27.7283,93.253,-152.272,-1556.0,-682.0,-1400.0,-600.0
-1554.0,-682.0,-106.266,5.83102e-07,86.7417,28.0339,93.2583,-151.966,-1554.0,-682.0,-1400.0,-600.0
-1552.0,-682.0,-106.178,5.77214e-07,86.7365,28.3457,93.2635,-151.654,-1552.0,-682.0,-1400.0,-600.0
-1550.0,-682.0,-106.089,5.71343e-07,86.7312,28.664,93.2688,-151.336,-1550.0,-682.0,-1400.0,-600.0
-1548.0,-682.0,-105.999,5.6549e-07,86.7259,28.9888,93.2741,-151.011,-1548.0,-682.0,-1400.0,-600.0
-1546.0,-682.0,-105.909,5.59655e-07,86.7206,29.3205,93.2794,-150.68,-1546.0,-682.0,-1400.0,-600.0
-1544.0,-682.0,-105.818,5.53846e-07,86.7041,29.6591,93.2959,-150.341,-1544.0,-682.0,-1400.0,-600.0
-1542.0,-682.0,-105.726,5.48066e-07,86.6693,30.0049,93.3307,-149.995,-1542.0,-682.0,-1400.0,-600.0
-1540.0,-682.0,-105.634,5.42308e-07,86.6339,30.3581,93.3661,-149.642,-1540.0,-682.0,-1400.0,-600.0
-1538.0,-682.0,-105.542,5.3657e-07,86.5979,30.7189,93.4021,-149.281,-1538.0,-682.0,-1400.0,-600.0
-1536.0,-682.0,-105.448,5.30841e-07,86.5836,31.0875,93.4164,-148.912,-1536.0,-682.0,-1400.0,-600.0
-1534.0,-682.0,-105.354,5.25131e-07,86.5772,31.4641,93.4228,-148.536,-1534.0,-682.0,-1400.0,-600.0
-1532.0,-682.0,-105.259,5.19444e-07,86.5708,31.8491,93.4292,-148.151,-1532.0,-682.0,-1400.0,-600.0
-1530.0,-682.0,-105.164,5.13779e-07,86.5674,32.2425,93.4326,-147.758,-1530.0,-682.0,-1400.0,-600.0
-1528.0,-682.0,-105.067,5.08124e-07,86.5927,32.6446,93.4073,-147.355,-1528.0,-682.0,-1400.0,-600.0
-1526.0,-682.0,-104.97,5.02494e-07,86.6189,33.0558,93.3811,-146.944,-1526.0,-682.0,-1400.0,-600.0
-1524.0,-682.0,-104.873,4.9689e-07,86.6458,33.4763,93.3542,-146.524,-1524.0,-682.0,-1400.0,-600.0
-1522.0,-682.0,-104.775,4.91314e-07,86.6735,33.9063,93.3265,-146.094,-1522.0,-682.0,-1400.0,-600.0
-1520.0,-682.0,-104.676,4.85767e-07,86.702,34.3461,93.298,-145.654,-1520.0,-682.0,-1400.0,-600.0
-1518.0,-682.0,-104.576,4.80248e-07,86.7314,34.796,93.2686,-145.204,-1518.0,-682.0,-1400.0,-600.0
-1516.0,-682.0,-104.476,4.7476e-07,86.7617,35.2564,93.2383,-144.744,-1516.0,-682.0,-1400.0,-600.0
-1514.0,-682.0,-104.376,4.69304e-07,86.7929,35.7274,93.2071,-144.273,-1514.0,-682.0,-1400.0,-600.0
-1512.0,-682.0,-104.275,4.63894e-07,86.794,36.2095,93.206,-143.791,-1512.0,-682.0,-1400.0,-600.0
-1510.0,-682.0,-104.173,4.58519e-07,86.7917,36.7029,93.2083,-143.297,-1510.0,-682.0,-1400.0,-600.0
-1508.0,-682.0,-104.071,4.53178e-07,86.7895,37.2079,93.2105,-142.792,-1508.0,-682.0,-1400.0,-600.0
-1506.0,-682.0,-103.969,4.47878e-07,86.7786,37.725,93.2214,-142.275,-1506.0,-682.0,-1400.0,-600.0
-1504.0,-682.0,-103.866,4.42627e-07,86.7403,38.2544,93.2597,-141.746,-1504.0,-682.0,-1400.0,-600.0
-1502.0,-682.0,-103.763,4.37415e-07,86.7014,38.7966,93.2986,-141.203,-1502.0,-682.0,-1400.0,-600.0
-1500.0,-682.0,-103.66,4.32242e-07,86.6619,39.3518,93.3381,-140.648,-1500.0,-682.0,-1400.0,-600.0
-1498.0,-682.0,-103.556,4.27112e-07,86.6218,39.9204,93.3782,-140.08,-1498.0,-682.0,-1400.0,-600.0
-1496.0,-682.0,-103.451,4.22024e-07,86.581,40.5028,93.419,-139.497,-1496.0,-682.0,-1400.0,-600.0
-1494.0,-682.0,-103.347,4.16982e-07,86.5396,41.0995,93.4604,-138.9,-1494.0,-682.0,-1400.0,-600.0
-1492.0,-682.0,-103.242,4.11986e-07,86.4976,41.7108,93.5024,-138.289,-1492.0,-682.0,-1400.0,-600.0
-1490.0,-682.0,-103.137,4.07037e-07,86.455,42.337,93.545,-137.663,-1490.0,-682.0,-1400.0,-600.0
-1488.0,-682.0,-103.031,4.02139e-07,86.4117,42.9786,93.5883,-137.021,-1488.0,-682.0,-1400.0,-600.0
-1486.0,-682.0,-102.926,3.97292e-07,86.3679,43.6361,93.6321,-136.364,-1486.0,-682.0,-1400.0,-600.0
-1484.0,-682.0,-102.82,3.92499e-07,86.3235,44.3097,93.6765,-135.69,-1484.0,-682.0,-1400.0,-600.0
-1482.0,-682.0,-102.714,3.87762e-07,86.2785,45.0,93.7215,-135.0,-1482.0,-682.0,-1400.0,-600.0
-1480.0,-682.0,-102.609,3.83082e-07,86.233,45.7073,93.767,-134.293,-1480.0,-682.0,-1400.0,-600.0
-1478.0,-682.0,-102.503,3.78463e-07,86.1869,46.4321,93.8131,-133.568,-1478.0,-682.0,-1400.0,-600.0
-1476.0,-682.0,-102.398,3.73905e-07,86.1404,47.1747,93.8596,-132.825,-1476.0,-682.0,-1400.0,-600.0
-1474.0,-682.0,-102.293,3.69411e-07,86.0933,47.9357,93.9067,-132.064,-1474.0,-682.0,-1400.0,-600.0
-1472.0,-682.0,-102.188,3.64984e-07,86.0459,48.7153,93.9541,-131.285,-1472.0,-682.0,-1400.0,-600.0
-1470.0,-682.0,-102.083,3.60627e-07,85.998,49.514,94.002,-130.486,-1470.0,-682.0,-1400.0,-600.0
-1468.0,-682.0,-101.979,3.56341e-07,85.9498,50.3322,94.0502,-129.668,-1468.0,-682.0,-1400.0,-600.0
-1466.0,-682.0,-101.876,3.52129e-07,85.9013,51.1702,94.0987,-128.83,-1466.0,-682.0,-1400.0,-600.0
-1464.0,-682.0,-101.773,3.47994e-07,85.8525,52.0284,94.1475,-127.972,-1464.0,-682.0,-1400.0,-600.0
-1462.0,-682.0,-101.671,3.4394e-07,85.8035,52.9072,94.1965,-127.093,-1462.0,-682.0,-1400.0,-600.0
-1460.0,-682.0,-101.57,3.39967e-07,85.7544,53.8068,94.2456,-126.193,-1460.0,-682.0,-1400.0,-600.0
-1458.0,-682.0,-101.47,3.36081e-07,85.7052,54.7276,94.2948,-125.272,-1458.0,-682.0,-1400.0,-600.0
-1456.0,-682.0,-101.371,3.32283e-07,85.656,55.6698,94.344,-124.33,-1456.0,-682.0,-1400.0,-600.0
-1454.0,-682.0,-101.273,3.28576e-07,85.6069,56.6336,94.3931,-123.366,-1454.0,-682.0,-1400.0,-600.0
-1452.0,-682.0,-101.177,3.24965e-07,85.558,57.6193,94.442,-122.381,-1452.0,-682.0,-1400.0,-600.0
-1450.0,-682.0,-101.083,3.21451e-07,85.5094,58.627,94.4906,-121.373,-1450.0,-682.0,-1400.0,-600.0
-1448.0,-682.0,-100.991,3.18061e-07,85.4108,59.6568,94.5892,-120.343,-1448.0,-682.0,-1400.0,-600.0
-1446.0,-682.0,-100.9,3.14776e-07,85.3114,60.7086,94.6886,-119.291,-1446.0,-682.0,-1400.0,-600.0
-1444.0,-682.0,-100.812,3.116e-07,85.2115,61.7826,94.7885,-118.217,-1444.0,-682.0,-1400.0,-600.0
-1442.0,-682.0,-100.726,3.08536e-07,85.1114,62.8787,94.8886,-117.121,-1442.0,-682.0,-1400.0,-600.0
-1440.0,-682.0,-100.643,3.05587e-07,85.0111,63.9967,94.9889,-116.003,-1440.0,-682.0,-1400.0,-600.0
-1438.0,-682.0,-100.562,3.02756e-07,84.9108,65.1363,95.0892,-114.864,-1438.0,-682.0,-1400.0,-600.0
-1436.0,-682.0,-100.483,3.00048e-07,84.8107,66.2974,95.1893,-113.703,-1436.0,-682.0,-1400.0,-600.0
-1434.0,-682.0,-100.408,2.97465e-07,84.7111,67.4794,95.2889,-112.521,-1434.0,-682.0,-1400.0,-600.0
-1432.0,-682.0,-100.336,2.95011e-07,84.612,68.6821,95.388,-111.318,-1432.0,-682.0,-1400.0,-600.0
-1430.0,-682.0,-100.267,2.92688e-07,84.5138,69.9048,95.4862,-110.095,-1430.0,-682.0,-1400.0,-600.0
-1428.0,-682.0,-100.202,2.90501e-07,84.4165,71.1468,95.5835,-108.853,-1428.0,-682.0,-1400.0,-600.0
-1426.0,-682.0,-100.14,2.88447e-07,84.3286,72.4076,95.6714,-107.592,-1426.0,-682.0,-1400.0,-600.0
-1424.0,-682.0,-100.082,2.86511e-07,84.2902,73.6861,95.7098,-106.314,-1424.0,-682.0,-1400.0,-600.0
-1422.0,-682.0,-100.027,2.84718e-07,84.2541,74.9816,95.7459,-105.018,-1422.0,-682.0,-1400.0,-600.0
-1420.0,-682.0,-108.76,2.83072e-07,84.2206,76.3681,95.7794,-103.963,-1404.61,-618.561,-1404.61,-618.561
-1418.0,-682.0,-119.018,2.81603e-07,84.1903,78.0859,95.8097,-103.963,-1404.61,-618.561,-1404.61,-618.561
-1416.0,-682.0,-121.8,9.43212e-07,88.2682,86.7953,91.7318,93.322,-1405.81,-499.953,-1405.81,-499.953
-1414.0,-682.0,-121.713,9.42863e-07,88.2675,87.2004,91.7325,92.9169,-1405.1,-499.952,-1405.1,-499.952
-1412.0,-682.0,-121.603,9.42561e-07,88.267,87.6058,91.733,92.5115,-1404.39,-499.952,-1404.39,-499.952
-1410.0,-682.0,-118.978,1.0583e-06,88.4433,98.3329,91.5567,81.6228,-1396.72,-577.752,-1425.44,-576.594
-1408.0,-682.0,-121.384,9.42114e-07,88.2341,88.4172,91.7659,91.7001,-1402.97,-499.95,-1402.97,-499.95
-1406.0,-682.0,-121.295,9.41962e-07,88.2167,88.8232,91.7833,91.2941,-1402.26,-499.949,-1402.26,-499.949
-1404.0,-682.0,-141.563,9.5852e-07,88.2306,101.946,91.7694,82.1554,-1396.76,-576.497,-1425.33,-581.18
-1402.0,-682.0,-130.136,9.59887e-07,88.2163,102.977,91.7837,82.4644,-1396.79,-575.704,-1425.34,-580.707
-1400.0,-682.0,-126.417,9.61418e-07,88.2024,103.401,91.7976,82.4644,-1396.79,-575.704,-1425.47,-575.074
-1398.0,-682.0,-160.212,7.15042e-07,87.56,-98.308,92.44,117.862,-1429.33,-544.506,-1398.77,-687.273
-1396.0,-682.0,-175.772,1.55224e-06,88.8659,-11.4231,91.1341,-7.72819,-1239.86,-621.732,-1373.95,-686.455
-1394.0,-682.0,-175.638,1.5457e-06,88.8576,-11.5212,91.1424,-7.72819,-1239.86,-621.732,-1372.4,-686.404
-1392.0,-682.0,-175.508,1.53917e-06,88.8527,-11.6209,91.1473,-7.72819,-1239.86,-621.732,-1370.84,-686.352
-1390.0,-682.0,-175.382,1.53263e-06,88.8478,-11.7223,91.1522,-7.72819,-1239.86,-621.732,-1369.27,-686.301
-1388.0,-682.0,-168.109,1.15462e-06,88.4705,26.4644,91.5295,-7.72819,-1239.86,-621.732,-1351.27,-663.715
-1386.0,-682.0,-166.855,1.14866e-06,88.4626,26.9186,91.5374,-7.72819,-1239.86,-621.732,-1351.25,-664.355
-1384.0,-682.0,-165.954,1.14272e-06,88.4546,27.3875,91.5454,-7.72819,-1239.86,-621.732,-1351.23,-665.021
-1382.0,-682.0,-171.633,1.68834e-06,88.9541,143.315,91.0459,-124.304,-1548.93,-818.293,-1397.45,-670.493
-1380.0,-682.0,-171.861,1.6937e-06,88.9574,143.611,91.0426,-124.304,-1548.93,-818.293,-1395.7,-670.427
-1378.0,-682.0,-171.671,1.64597e-06,88.9272,143.903,91.0728,-126.816,-1556.08,-808.509,-1393.96,-670.361
-1376.0,-682.0,-171.43,1.65137e-06,88.9307,144.191,91.0693,-126.816,-1556.08,-808.509,-1392.22,-670.295
-1374.0,-682.0,-170.491,1.70862e-06,88.9665,143.74,91.0335,-124.21,-1548.4,-818.284,-1390.07,-670.213
-1372.0,-682.0,-169.704,1.71401e-06,88.9698,144.012,91.0302,-124.21,-1548.4,-818.284,-1388.32,-670.147
-1370.0,-682.0,-169.221,1.71942e-06,88.9653,144.28,91.0347,-124.21,-1548.4,-818.284,-1386.57,-670.081
-1368.0,-682.0,-168.406,7.6731e-07,91.4338,58.4021,94.2168,117.862,-1429.33,-544.506,-1351.54,-655.238
-1366.0,-682.0,-150.24,4.11259e-07,92.0635,61.6058,127.79,52.1567,-1392.29,-590.074,-1351.54,-655.245
-1364.0,-682.0,-150.053,4.0812e-07,92.0338,62.4306,128.159,53.0909,-1392.55,-590.082,-1351.45,-657.964
-1362.0,-682.0,-148.246,5.05996e-07,92.1099,69.5079,100.964,-64.1394,-1391.28,-617.999,-1351.57,-654.1
-1360.0,-682.0,-149.211,5.0369e-07,92.0707,70.2197,101.02,-64.8611,-1391.55,-618.01,-1351.44,-658.207
-1358.0,-682.0,-150.881,3.99225e-07,91.9393,64.9803,129.25,56.0385,-1393.34,-590.106,-1351.15,-667.333
-1356.0,-682.0,-154.189,4.99314e-07,91.9903,71.6624,101.128,-66.3249,-1392.09,-618.033,-1351.15,-667.377
-1354.0,-682.0,-155.138,9.95626e-07,88.0832,-21.5494,91.9168,11.6373,-1342.24,-588.104,-1344.08,-685.917
-1352.0,-682.0,-122.775,4.92148e-07,90.7045,109.732,99.2948,-69.1267,-1393.11,-618.076,-1378.72,-607.5
-1350.0,-682.0,-126.456,4.94437e-07,90.6686,110.46,99.2845,-68.3883,-1392.84,-618.065,-1377.79,-607.5
-1348.0,-682.0,-131.481,4.96806e-07,90.6329,111.181,99.2727,-67.6568,-1392.58,-618.054,-1376.87,-607.5
-1346.0,-682.0,-149.052,3.96449e-07,91.6715,117.433,129.741,57.4653,-1393.7,-590.117,-1365.33,-644.752
-1344.0,-682.0,-152.586,1.01424e-06,85.5216,-25.2563,86.222,-27.3017,-1367.1,-616.98,-1336.25,-685.658
-1342.0,-682.0,-152.653,1.00825e-06,85.4697,-25.4174,86.2037,-27.467,-1367.32,-616.989,-1334.43,-685.598
-1340.0,-682.0,-152.78,1.00227e-06,85.4171,-25.5804,86.1851,-27.6344,-1367.53,-616.998,-1332.61,-685.538
-1338.0,-682.0,-152.761,9.36236e-07,87.8235,25.0835,92.1765,11.6373,-1342.24,-588.104,-1239.86,-636.064
-1336.0,-682.0,-152.398,9.30212e-07,87.7921,25.3047,92.2079,11.6373,-1342.24,-588.104,-1239.86,-636.546
-1334.0,-682.0,-114.294,9.71023e-07,87.8683,28.6449,92.1317,-26.8278,-1366.48,-616.953,-1239.86,-630.578
-1332.0,-682.0,-114.359,9.65187e-07,87.8386,28.8349,92.1614,-27.0178,-1366.73,-616.964,-1239.86,-631.274
-1330.0,-682.0,-114.462,9.59361e-07,87.8087,29.0273,92.1913,-27.2102,-1366.99,-616.975,-1239.86,-631.98
-1328.0,-682.0,-114.609,9.53546e-07,87.7784,29.222,92.2216,-27.4049,-1367.24,-616.985,-1239.86,-632.697
-1326.0,-682.0,-114.807,9.47743e-07,87.7477,29.4191,92.2523,-27.602,-1367.49,-616.996,-1239.86,-633.426
-1324.0,-682.0,-115.07,9.41952e-07,87.7167,29.6186,92.2833,-27.8016,-1367.75,-617.007,-1239.86,-634.167
-1322.0,-682.0,-115.412,9.36172e-07,87.6853,29.8206,92.3147,-28.0036,-1368.0,-617.018,-1239.86,-634.92
-1320.0,-682.0,-115.854,9.30404e-07,87.6536,30.0252,92.3464,-28.2081,-1368.25,-617.028,-1239.86,-635.686
-1318.0,-682.0,-116.422,9.24649e-07,87.6215,30.2323,92.3785,-28.4152,-1368.51,-617.039,-1239.86,-636.464
-1316.0,-682.0,-117.151,9.189e-07,87.5978,30.442,92.4022,-28.6249,-1368.76,-617.05,-1239.86,-637.256
-1314.0,-682.0,-118.084,9.13158e-07,87.5827,30.6543,92.4173,-28.8373,-1369.02,-617.06,-1239.86,-638.061
-1312.0,-682.0,-119.277,9.07429e-07,87.5674,30.8694,92.4326,-29.0523,-1369.27,-617.071,-1239.86,-638.879
-1310.0,-682.0,-120.787,9.01712e-07,87.552,31.0871,92.448,-29.2701,-1369.52,-617.082,-1239.86,-639.712
-1308.0,-682.0,-122.638,8.96009e-07,87.5364,31.3077,92.4636,-29.4906,-1369.78,-617.092,-1239.86,-640.56
-1306.0,-682.0,-124.735,8.9032e-07,87.5206,31.531,92.4794,-29.714,-1370.03,-617.103,-1239.86,-641.422
-1304.0,-682.0,-126.73,8.84644e-07,87.5047,31.7573,92.4953,-29.9402,-1370.29,-617.114,-1239.86,-642.3
-1302.0,-682.0,-128.127,8.78982e-07,87.4886,31.9865,92.5114,-30.1694,-1370.54,-617.125,-1239.86,-643.193
-1300.0,-682.0,-128.797,8.73334e-07,87.4724,32.2186,92.5276,-30.4015,-1370.8,-617.135,-1239.86,-644.103
-1298.0,-682.0,-128.814,8.67701e-07,87.4559,32.4538,92.5441,-30.6367,-1371.05,-617.146,-1239.86,-645.029
-1296.0,-682.0,-128.12,8.62083e-07,87.4393,32.692,92.5607,-30.875,-1371.3,-617.157,-1239.86,-645.972
-1294.0,-682.0,-127.088,8.5648e-07,87.4226,32.9334,92.5774,-31.1163,-1371.56,-617.168,-1239.86,-646.933
-1292.0,-682.0,-126.116,8.50892e-07,87.4056,33.1779,92.5944,-31.3609,-1371.81,-617.178,-1239.86,-647.912
-1290.0,-682.0,-124.864,8.45321e-07,87.3885,33.4257,92.6115,-31.6087,-1372.07,-617.189,-1239.86,-648.91
-1288.0,-682.0,-122.881,8.39765e-07,87.3712,33.6768,92.6288,-31.8598,-1372.32,-617.2,-1239.86,-649.926
-1286.0,-682.0,-120.57,8.34225e-07,87.3538,33.9312,92.6462,-32.1142,-1372.58,-617.211,-1239.86,-650.962
-1284.0,-682.0,-118.503,8.28703e-07,87.3349,34.1891,92.6651,-32.372,-1372.83,-617.221,-1239.87,-652.018
-1282.0,-682.0,-116.867,8.23211e-07,87.2975,34.4504,92.7025,-32.6333,-1373.09,-617.232,-1239.87,-653.095
-1280.0,-682.0,-115.625,8.17736e-07,87.2597,34.7152,92.7403,-32.8981,-1373.34,-617.243,-1239.87,-654.194
-1278.0,-682.0,-114.692,8.1228e-07,87.2214,34.9836,92.7786,-33.1665,-1373.6,-617.254,-1239.87,-655.314
-1276.0,-682.0,-113.991,8.06835e-07,87.1912,35.2556,92.8088,-33.4385,-1373.86,-617.264,-1239.87,-656.458
-1274.0,-682.0,-113.467,8.01402e-07,87.1722,35.5313,92.8278,-33.7143,-1374.11,-617.275,-1239.87,-657.624
-1272.0,-682.0,-113.08,7.95987e-07,87.1529,35.8108,92.8471,-33.9938,-1374.37,-617.286,-1239.87,-658.815
-1270.0,-682.0,-112.805,7.90592e-07,87.1335,36.0942,92.8665,-34.2771,-1374.62,-617.297,-1239.87,-660.031
-1268.0,-682.0,-112.625,7.85216e-07,87.1138,36.3814,92.8862,-34.5644,-1374.88,-617.307,-1239.87,-661.272
-1266.0,-682.0,-112.534,7.7986e-07,87.094,36.6726,92.906,-34.8556,-1375.13,-617.318,-1239.87,-662.54
-1264.0,-682.0,-112.532,7.74525e-07,87.074,36.9678,92.926,-35.1508,-1375.39,-617.329,-1239.87,-663.836
-1262.0,-682.0,-112.628,7.6921e-07,87.0537,37.2672,92.9463,-35.4501,-1375.65,-617.34,-1239.87,-665.159
-1260.0,-682.0,-112.842,7.63917e-07,87.0333,37.5707,92.9667,-35.7536,-1375.9,-617.351,-1239.87,-666.512
-1258.0,-682.0,-120.044,9.96949e-07,87.7272,163.134,92.2728,24.0115,-1376.64,-589.595,-1308.93,-666.56
-1256.0,-682.0,-119.681,1.00333e-06,87.7417,163.244,92.2583,23.9008,-1376.51,-589.591,-1308.94,-666.06
-1254.0,-682.0,-119.357,1.00972e-06,87.7559,163.353,92.2441,23.7915,-1376.38,-589.587,-1308.96,-665.568
-1252.0,-682.0,-119.064,1.0161e-06,87.7794,163.461,92.2206,23.6837,-1376.25,-589.583,-1308.97,-665.082
-1250.0,-682.0,-118.802,1.02249e-06,87.8091,163.568,92.1909,23.5771,-1376.12,-589.579,-1308.99,-664.603
-1248.0,-682.0,-118.567,1.02887e-06,87.8384,163.673,92.1616,23.4719,-1375.99,-589.575,-1309.0,-664.13
-1246.0,-682.0,-118.358,1.03527e-06,87.8673,163.777,92.1327,23.368,-1375.86,-589.571,-1309.02,-663.664
-1244.0,-682.0,-118.172,1.04166e-06,87.8959,163.88,92.1041,23.2654,-1375.74,-589.568,-1309.03,-663.204
-1242.0,-682.0,-112.579,7.50584e-07,87.1009,135.01,92.8991,46.6595,-1390.58,-590.022,-1336.09,-587.943
-1240.0,-682.0,-112.817,7.55298e-07,87.1404,135.368,92.8596,46.3012,-1390.46,-590.018,-1335.29,-587.923
-1238.0,-682.0,0.0,0.0,0.0,0.0,0.0,0.0,0.0,0.0,0.0,0.0
-1236.0,-682.0,0.0,0.0,0.0,0.0,0.0,0.0,0.0,0.0,0.0,0.0
-1234.0,-682.0,0.0,0.0,0.0,0.0,0.0,0.0,0.0,0.0,0.0,0.0
-1232.0,-682.0,0.0,0.0,0.0,0.0,0.0,0.0,0.0,0.0,0.0,0.0
-1230.0,-682.0,0.0,0.0,0.0,0.0,0.0,0.0,0.0,0.0,0.0,0.0
-1228.0,-682.0,0.0,0.0,0.0,0.0,0.0,0.0,0.0,0.0,0.0,0.0
-1226.0,-682.0,0.0,0.0,0.0,0.0,0.0,0.0,0.0,0.0,0.0,0.0
-1224.0,-682.0,0.0,0.0,0.0,0.0,0.0,0.0,0.0,0.0,0.0,0.0
-1222.0,-682.0,0.0,0.0,0.0,0.0,0.0,0.0,0.0,0.0,0.0,0.0
-1220.0,-682.0,0.0,0.0,0.0,0.0,0.0,0.0,0.0,0.0,0.0,0.0
-1218.0,-682.0,0.0,0.0,0.0,0.0,0.0,0.0,0.0,0.0,0.0,0.0
-1216.0,-682.0,-203.044,1.27693e-06,88.4607,165.661,91.5393,-1.7875,-1159.57,-607.503,-1219.74,-681.044
-1214.0,-682.0,-203.277,1.28338e-06,88.4811,165.858,91.5189,-1.7875,-1159.57,-607.503,-1219.74,-680.554
-1212.0,-682.0,-165.77,1.6408e-06,88.832,-105.994,91.168,-43.3117,-1381.35,-617.58,-1232.39,-753.133
-1210.0,-682.0,-166.039,1.64264e-06,88.8628,-106.264,91.1372,-43.3117,-1381.35,-617.58,-1230.74,-753.079
-1208.0,-682.0,-166.375,1.64451e-06,88.8936,-106.533,91.1064,-43.3117,-1381.35,-617.58,-1229.08,-753.024
-1206.0,-682.0,-166.789,1.6464e-06,88.9242,-106.801,91.0758,-43.3117,-1381.35,-617.58,-1227.43,-752.97
-1204.0,-682.0,-167.302,1.64835e-06,88.9286,-107.069,91.0714,-43.3117,-1381.35,-617.58,-1225.77,-752.915
-1202.0,-682.0,-167.931,1.65032e-06,88.9299,-107.335,91.0701,-43.3117,-1381.35,-617.58,-1224.12,-752.861
-1600.0,-680.0,-108.094,7.19265e-07,87.8339,21.8014,92.1661,-158.199,-1600.0,-680.0,-1400.0,-600.0
-1598.0,-680.0,-108.019,7.13089e-07,87.7925,22.0007,92.2075,-157.999,-1598.0,-680.0,-1400.0,-600.0
-1596.0,-680.0,-107.944,7.06921e-07,87.7504,22.2035,92.2496,-157.797,-1596.0,-680.0,-1400.0,-600.0
-1594.0,-680.0,-107.867,7.00763e-07,87.7076,22.4098,92.2924,-157.59,-1594.0,-680.0,-1400.0,-600.0
-1592.0,-680.0,-107.791,6.94615e-07,87.664,22.6199,92.336,-157.38,-1592.0,-680.0,-1400.0,-600.0
-1590.0,-680.0,-107.713,6.88473e-07,87.6271,22.8337,92.3729,-157.166,-1590.0,-680.0,-1400.0,-600.0
-1588.0,-680.0,-107.635,6.82333e-07,87.6057,23.0513,92.3943,-156.949,-1588.0,-680.0,-1400.0,-600.0
-1586.0,-680.0,-107.556,6.76202e-07,87.584,23.2729,92.416,-156.727,-1586.0,-680.0,-1400.0,-600.0
-1584.0,-680.0,-107.477,6.70088e-07,87.5516,23.4986,92.4484,-156.501,-1584.0,-680.0,-1400.0,-600.0
-1582.0,-680.0,-107.398,6.63991e-07,87.5047,23.7284,92.4953,-156.272,-1582.0,-680.0,-1400.0,-600.0
-1580.0,-680.0,-107.317,6.57905e-07,87.4571,23.9625,92.5429,-156.038,-1580.0,-680.0,-1400.0,-600.0
-1578.0,-680.0,-107.237,6.51839e-07,87.3951,24.201,92.6049,-155.799,-1578.0,-680.0,-1400.0,-600.0
-1576.0,-680.0,-107.156,6.4579e-07,87.3206,24.444,92.6794,-155.556,-1576.0,-680.0,-1400.0,-600.0
-1574.0,-680.0,-107.074,6.39754e-07,87.2448,24.6916,92.7552,-155.308,-1574.0,-680.0,-1400.0,-600.0
-1572.0,-680.0,-106.991,6.33732e-07,87.1676,24.9439,92.8324,-155.056,-1572.0,-680.0,-1400.0,-600.0
-1570.0,-680.0,-106.908,6.27723e-07,87.089,25.2011,92.911,-154.799,-1570.0,-680.0,-1400.0,-600.0
-1568.0,-680.0,-106.825,6.21728e-07,87.0089,25.4633,92.9911,-154.537,-1568.0,-680.0,-1400.0,-600.0
-1566.0,-680.0,-106.741,6.15748e-07,86.9273,25.7307,93.0727,-154.269,-1566.0,-680.0,-1400.0,-600.0
-1564.0,-680.0,-106.656,6.09782e-07,86.8442,26.0033,93.1558,-153.997,-1564.0,-680.0,-1400.0,-600.0
-1562.0,-680.0,-106.57,6.03832e-07,86.7595,26.2814,93.2405,-153.719,-1562.0,-680.0,-1400.0,-600.0
-1560.0,-680.0,-106.484,5.9787e-07,86.7205,26.5651,93.2795,-153.435,-1560.0,-680.0,-1400.0,-600.0
-1558.0,-680.0,-106.397,5.91902e-07,86.7147,26.8544,93.2853,-153.146,-1558.0,-680.0,-1400.0,-600.0
-1556.0,-680.0,-106.308,5.8595e-07,86.7089,27.1497,93.2911,-152.85,-1556.0,-680.0,-1400.0,-600.0
-1554.0,-680.0,-106.22,5.80013e-07,86.703,27.451,93.297,-152.549,-1554.0,-680.0,-1400.0,-600.0
-1552.0,-680.0,-106.13,5.74093e-07,86.6971,27.7585,93.3029,-152.241,-1552.0,-680.0,-1400.0,-600.0
-1550.0,-680.0,-106.04,5.6819e-07,86.6912,28.0725,93.3088,-151.928,-1550.0,-680.0,-1400.0,-600.0
-1548.0,-680.0,-105.95,5.62304e-07,86.6853,28.393,93.3147,-151.607,-1548.0,-680.0,-1400.0,-600.0
-1546.0,-680.0,-105.858,5.56436e-07,86.6793,28.7203,93.3207,-151.28,-1546.0,-680.0,-1400.0,-600.0
-1544.0,-680.0,-105.766,5.50586e-07,86.6734,29.0546,93.3266,-150.945,-1544.0,-680.0,-1400.0,-600.0
-1542.0,-680.0,-105.674,5.44766e-07,86.6491,29.3961,93.3509,-150.604,-1542.0,-680.0,-1400.0,-600.0
-1540.0,-680.0,-105.581,5.38971e-07,86.6131,29.7449,93.3869,-150.255,-1540.0,-680.0,-1400.0,-600.0
-1538.0,-680.0,-105.487,5.33198e-07,86.5763,30.1013,93.4237,-149.899,-1538.0,-680.0,-1400.0,-600.0
-1536.0,-680.0,-105.392,5.27433e-07,86.5615,30.4655,93.4385,-149.534,-1536.0,-680.0,-1400.0,-600.0
-1534.0,-680.0,-105.297,5.21685e-07,86.5546,30.8378,93.4454,-149.162,-1534.0,-680.0,-1400.0,-600.0
-1532.0,-680.0,-105.201,5.1596e-07,86.5476,31.2184,93.4524,-148.782,-1532.0,-680.0,-1400.0,-600.0
-1530.0,-680.0,-105.104,5.10243e-07,86.5678,31.6075,93.4322,-148.392,-1530.0,-680.0,-1400.0,-600.0
-1528.0,-680.0,-105.006,5.04549e-07,86.5931,32.0054,93.4069,-147.995,-1528.0,-680.0,-1400.0,-600.0
-1526.0,-680.0,-104.908,4.98879e-07,86.6192,32.4123,93.3808,-147.588,-1526.0,-680.0,-1400.0,-600.0
-1524.0,-680.0,-104.809,4.93234e-07,86.646,32.8285,93.354,-147.171,-1524.0,-680.0,-1400.0,-600.0
-1522.0,-680.0,-104.709,4.87617e-07,86.6736,33.2544,93.3264,-146.746,-1522.0,-680.0,-1400.0,-600.0
-1520.0,-680.0,-104.608,4.82027e-07,86.7021,33.6901,93.2979,-146.31,-1520.0,-680.0,-1400.0,-600.0
-1518.0,-680.0,-104.507,4.76465e-07,86.7314,34.1359,93.2686,-145.864,-1518.0,-680.0,-1400.0,-600.0
-1516.0,-680.0,-104.406,4.70934e-07,86.7616,34.5923,93.2384,-145.408,-1516.0,-680.0,-1400.0,-600.0
-1514.0,-680.0,-104.303,4.65432e-07,86.7928,35.0594,93.2072,-144.941,-1514.0,-680.0,-1400.0,-600.0
-1512.0,-680.0,-104.201,4.59977e-07,86.7936,35.5377,93.2064,-144.462,-1512.0,-680.0,-1400.0,-600.0
-1510.0,-680.0,-104.098,4.54556e-07,86.7909,36.0274,93.2091,-143.973,-1510.0,-680.0,-1400.0,-600.0
-1508.0,-680.0,-103.994,4.49169e-07,86.7878,36.5289,93.2122,-143.471,-1508.0,-680.0,-1400.0,-600.0
-1506.0,-680.0,-103.89,4.43833e-07,86.7492,37.0425,93.2508,-142.958,-1506.0,-680.0,-1400.0,-600.0
-1504.0,-680.0,-103.785,4.38533e-07,86.7099,37.5686,93.2901,-142.431,-1504.0,-680.0,-1400.0,-600.0
-1502.0,-680.0,-103.68,4.33271e-07,86.6699,38.1076,93.3301,-141.892,-1502.0,-680.0,-1400.0,-600.0
-1500.0,-680.0,-103.575,4.28049e-07,86.6292,38.6598,93.3708,-141.34,-1500.0,-680.0,-1400.0,-600.0
-1498.0,-680.0,-103.469,4.22868e-07,86.5878,39.2257,93.4122,-140.774,-1498.0,-680.0,-1400.0,-600.0
-1496.0,-680.0,-103.362,4.17729e-07,86.5458,39.8056,93.4542,-140.194,-1496.0,-680.0,-1400.0,-600.0
-1494.0,-680.0,-103.255,4.12634e-07,86.5031,40.3999,93.4969,-139.6,-1494.0,-680.0,-1400.0,-600.0
-1492.0,-680.0,-103.148,4.07584e-07,86.4597,41.0091,93.5403,-138.991,-1492.0,-680.0,-1400.0,-600.0
-1490.0,-680.0,-103.041,4.02582e-07,86.4157,41.6335,93.5843,-138.366,-1490.0,-680.0,-1400.0,-600.0
-1488.0,-680.0,-102.933,3.97629e-07,86.371,42.2737,93.629,-137.726,-1488.0,-680.0,-1400.0,-600.0
-1486.0,-680.0,-102.825,3.92726e-07,86.3256,42.93,93.6744,-137.07,-1486.0,-680.0,-1400.0,-600.0
-1484.0,-680.0,-102.717,3.87877e-07,86.2796,43.6028,93.7204,-136.397,-1484.0,-680.0,-1400.0,-600.0
-1482.0,-680.0,-102.609,3.83082e-07,86.233,44.2927,93.767,-135.707,-1482.0,-680.0,-1400.0,-600.0
-1480.0,-680.0,-102.501,3.78345e-07,86.1857,45.0,93.8143,-135.0,-1480.0,-680.0,-1400.0,-600.0
-1478.0,-680.0,-102.392,3.73666e-07,86.1379,45.7252,93.8621,-134.275,-1478.0,-680.0,-1400.0,-600.0
-1476.0,-680.0,-102.284,3.69049e-07,86.0895,46.4688,93.9105,-133.531,-1476.0,-680.0,-1400.0,-600.0
-1474.0,-680.0,-102.176,3.64496e-07,86.0406,47.2312,93.9594,-132.769,-1474.0,-680.0,-1400.0,-600.0
-1472.0,-680.0,-102.068,3.60009e-07,85.9912,48.0128,94.0088,-131.987,-1472.0,-680.0,-1400.0,-600.0
-1470.0,-680.0,-101.961,3.5559e-07,85.9413,48.8141,94.0587,-131.186,-1470.0,-680.0,-1400.0,-600.0
-1468.0,-680.0,-101.854,3.51243e-07,85.8909,49.6355,94.1091,-130.365,-1468.0,-680.0,-1400.0,-600.0
-1466.0,-680.0,-101.747,3.46969e-07,85.8402,50.4774,94.1598,-129.523,-1466.0,-680.0,-1400.0,-600.0
-1464.0,-680.0,-101.641,3.42772e-07,85.7892,51.3402,94.2108,-128.66,-1464.0,-680.0,-1400.0,-600.0
-1462.0,-680.0,-101.536,3.38655e-07,85.7379,52.2243,94.2621,-127.776,-1462.0,-680.0,-1400.0,-600.0
-1460.0,-680.0,-101.432,3.3462e-07,85.6864,53.1301,94.3136,-126.87,-1460.0,-680.0,-1400.0,-600.0
-1458.0,-680.0,-101.329,3.3067e-07,85.6348,54.0579,94.3652,-125.942,-1458.0,-680.0,-1400.0,-600.0
-1456.0,-680.0,-101.227,3.26809e-07,85.5831,55.008,94.4169,-124.992,-1456.0,-680.0,-1400.0,-600.0
-1454.0,-680.0,-101.126,3.2304e-07,85.5315,55.9807,94.4685,-124.019,-1454.0,-680.0,-1400.0,-600.0
-1452.0,-680.0,-101.026,3.19366e-07,85.48,56.9761,94.52,-123.024,-1452.0,-680.0,-1400.0,-600.0
-1450.0,-680.0,-100.928,3.1579e-07,85.4287,57.9946,94.5713,-122.005,-1450.0,-680.0,-1400.0,-600.0
-1448.0,-680.0,-100.832,3.12321e-07,85.366,59.0362,94.634,-120.964,-1448.0,-680.0,-1400.0,-600.0
-1446.0,-680.0,-100.738,3.08975e-07,85.2633,60.1011,94.7367,-119.899,-1446.0,-680.0,-1400.0,-600.0
-1444.0,-680.0,-100.647,3.05738e-07,85.1601,61.1892,94.8399,-118.811,-1444.0,-680.0,-1400.0,-600.0
-1442.0,-680.0,-100.557,3.02615e-07,85.0565,62.3005,94.9435,-117.699,-1442.0,-680.0,-1400.0,-600.0
-1440.0,-680.0,-100.471,2.99607e-07,84.9527,63.4349,95.0473,-116.565,-1440.0,-680.0,-1400.0,-600.0
-1438.0,-680.0,-100.386,2.9672e-07,84.8488,64.5923,95.1512,-115.408,-1438.0,-680.0,-1400.0,-600.0
-1436.0,-680.0,-100.305,2.93955e-07,84.7451,65.7723,95.2549,-114.228,-1436.0,-680.0,-1400.0,-600.0
-1434.0,-680.0,-100.227,2.91318e-07,84.6418,66.9745,95.3582,-113.025,-1434.0,-680.0,-1400.0,-600.0
-1432.0,-680.0,-100.151,2.88811e-07,84.539,68.1986,95.461,-111.801,-1432.0,-680.0,-1400.0,-600.0
-1430.0,-680.0,-100.08,2.86439e-07,84.4371,69.444,95.5629,-110.556,-1430.0,-680.0,-1400.0,-600.0
-1428.0,-680.0,-100.012,2.84203e-07,84.3361,70.71,95.6639,-109.29,-1428.0,-680.0,-1400.0,-600.0
-1426.0,-680.0,-99.9472,2.82108e-07,84.2364,71.9958,95.7636,-108.004,-1426.0,-680.0,-1400.0,-600.0
-1424.0,-680.0,-99.8864,2.80145e-07,84.16,73.3008,95.84,-106.699,-1424.0,-680.0,-1400.0,-600.0
-1422.0,-680.0,-99.8293,2.78311e-07,84.1214,74.6237,95.8786,-105.376,-1422.0,-680.0,-1400.0,-600.0
-1420.0,-680.0,-99.7765,2.76626e-07,84.0854,75.9638,95.9146,-104.036,-1420.0,-680.0,-1400.0,-600.0
-1418.0,-680.0,-117.109,2.75113e-07,84.0528,77.7097,95.9472,-103.963,-1404.61,-618.561,-1404.61,-618.561
-1416.0,-680.0,-121.743,9.36553e-07,88.2559,86.7725,91.7441,93.3448,-1405.85,-499.953,-1405.85,-499.953
-1414.0,-680.0,-121.658,9.36201e-07,88.2552,87.1805,91.7448,92.9368,-1405.13,-499.952,-1405.13,-499.952
-1412.0,-680.0,-121.551,9.35902e-07,88.2436,87.5887,91.7564,92.5286,-1404.42,-499.952,-1404.42,-499.952
-1410.0,-680.0,-118.901,1.05171e-06,88.4217,98.3856,91.5783,81.5701,-1396.72,-577.869,-1425.48,-575.014
-1408.0,-680.0,-121.332,9.35453e-07,88.2083,88.4059,91.7917,91.7114,-1402.99,-499.95,-1402.99,-499.95
-1406.0,-680.0,-121.243,9.353e-07,88.1907,88.8148,91.8093,91.3025,-1402.27,-499.949,-1402.27,-499.949
-1404.0,-680.0,-141.031,9.52003e-07,88.2055,102.076,91.7945,82.1554,-1396.76,-576.497,-1425.35,-580.182
-1402.0,-680.0,-129.289,9.53395e-07,88.1912,103.075,91.8088,82.4644,-1396.79,-575.704,-1425.37,-579.361
-1400.0,-680.0,-125.341,9.54937e-07,88.1772,103.502,91.8228,82.4644,-1396.79,-575.704,-1425.51,-573.782
-1398.0,-680.0,-160.45,7.2165e-07,87.5653,-98.2,92.4347,117.862,-1429.33,-544.506,-1399.05,-687.282
-1396.0,-680.0,-175.462,1.55359e-06,88.8589,-11.9035,91.1411,-7.72819,-1239.86,-621.732,-1366.54,-686.21
-1394.0,-680.0,-175.355,1.54707e-06,88.8506,-12.0054,91.1494,-7.72819,-1239.86,-621.732,-1365.03,-686.161
-1392.0,-680.0,-175.257,1.54054e-06,88.8457,-12.1091,91.1543,-7.72819,-1239.86,-621.732,-1363.52,-686.111
-1390.0,-680.0,-173.775,1.62543e-06,88.906,139.308,91.094,-124.21,-1548.4,-818.284,-1400.9,-670.624
-1388.0,-680.0,-171.221,1.66833e-06,88.9341,142.807,91.0659,-124.304,-1548.93,-818.293,-1400.38,-670.604
-1386.0,-680.0,-171.403,1.67366e-06,88.9375,143.115,91.0625,-124.304,-1548.93,-818.293,-1398.61,-670.537
-1384.0,-680.0,-167.878,1.13971e-06,88.4397,26.4603,91.5603,-7.72819,-1239.86,-621.732,-1351.27,-663.709
-1382.0,-680.0,-166.579,1.13375e-06,88.4315,26.9333,91.5685,-7.72819,-1239.86,-621.732,-1351.25,-664.376
-1380.0,-680.0,-165.66,1.12782e-06,88.4232,27.4221,91.5768,-7.72819,-1239.86,-621.732,-1351.23,-665.071
-1378.0,-680.0,-171.116,1.69392e-06,88.9502,143.563,91.0498,-124.21,-1548.4,-818.284,-1391.2,-670.256
-1376.0,-680.0,-170.072,1.69929e-06,88.9536,143.841,91.0464,-124.21,-1548.4,-818.284,-1389.43,-670.189
-1374.0,-680.0,-169.4,1.70469e-06,88.9569,144.114,91.0431,-124.21,-1548.4,-818.284,-1387.65,-670.122
-1372.0,-680.0,-169.006,1.71011e-06,88.9602,144.385,91.0398,-124.21,-1548.4,-818.284,-1385.88,-670.055
-1370.0,-680.0,-168.818,1.71554e-06,88.9558,144.652,91.0442,-124.21,-1548.4,-818.284,-1384.12,-669.988
-1368.0,-680.0,-164.306,1.01506e-06,88.2191,-17.8668,91.7809,-9.41385,-1309.77,-614.96,-1349.13,-686.083
-1366.0,-680.0,-162.857,1.09221e-06,88.3301,-19.5596,91.6699,-43.396,-1381.4,-617.583,-1348.9,-686.076
-1364.0,-680.0,-149.935,4.02212e-07,92.0341,61.9903,127.963,52.5907,-1392.41,-590.078,-1351.5,-656.495
-1362.0,-680.0,-149.826,3.99114e-07,92.0031,62.8368,128.337,53.5541,-1392.68,-590.086,-1351.41,-659.355
-1360.0,-680.0,-146.946,4.97495e-07,91.3602,70.2359,100.98,-64.338,-1391.35,-618.002,-1351.5,-656.349
-1358.0,-680.0,-150.14,4.95156e-07,92.034,70.6856,101.055,-65.3335,-1391.73,-618.018,-1351.35,-661.036
-1356.0,-680.0,-152.821,4.9298e-07,91.9926,71.4182,101.11,-66.0769,-1392.0,-618.029,-1351.2,-665.737
-1354.0,-680.0,-121.022,4.83632e-07,90.7247,109.254,99.2975,-69.6108,-1393.28,-618.083,-1379.31,-607.542
-1352.0,-680.0,-123.786,4.85869e-07,90.6881,109.997,99.288,-68.8571,-1393.01,-618.072,-1378.37,-607.542
-1350.0,-680.0,-128.137,4.88188e-07,90.6518,110.733,99.2769,-68.1105,-1392.74,-618.06,-1377.43,-607.542
-1348.0,-680.0,-132.985,4.90587e-07,90.6157,111.462,99.2645,-67.3711,-1392.48,-618.049,-1376.49,-607.542
-1346.0,-680.0,-148.773,3.90534e-07,91.6652,117.885,129.559,56.9289,-1393.56,-590.113,-1364.66,-644.731
-1344.0,-680.0,-152.806,1.01711e-06,85.5413,-25.5998,86.1848,-27.6374,-1367.54,-616.998,-1332.45,-685.533
-1342.0,-680.0,-152.999,1.01114e-06,85.4899,-25.7626,86.1663,-27.8042,-1367.75,-617.007,-1330.66,-685.474
-1340.0,-680.0,-153.262,1.00517e-06,85.4379,-25.9272,86.1477,-27.9731,-1367.96,-617.016,-1328.86,-685.415
-1338.0,-680.0,-153.606,9.99218e-07,85.3853,-26.0939,86.1289,-28.144,-1368.17,-617.025,-1327.06,-685.356
-1336.0,-680.0,-154.046,9.93272e-07,85.3321,-26.2625,86.1099,-28.317,-1368.39,-617.034,-1325.27,-685.296
-1334.0,-680.0,-152.644,9.2136e-07,87.7399,25.0529,92.2601,11.6373,-1342.24,-588.104,-1239.86,-635.997
-1332.0,-680.0,-152.265,9.15336e-07,87.7074,25.2785,92.2926,11.6373,-1342.24,-588.104,-1239.86,-636.489
-1330.0,-680.0,-114.18,9.56151e-07,87.7884,28.6773,92.2116,-26.8603,-1366.52,-616.955,-1239.86,-630.697
-1328.0,-680.0,-114.253,9.50317e-07,87.7578,28.8706,92.2422,-27.0535,-1366.78,-616.966,-1239.86,-631.404
-1326.0,-680.0,-114.366,9.44494e-07,87.7269,29.0662,92.2731,-27.2491,-1367.04,-616.977,-1239.86,-632.123
-1324.0,-680.0,-114.526,9.38683e-07,87.6956,29.2642,92.3044,-27.4472,-1367.29,-616.988,-1239.86,-632.853
-1322.0,-680.0,-114.742,9.32883e-07,87.6639,29.4648,92.3361,-27.6477,-1367.55,-616.999,-1239.86,-633.595
-1320.0,-680.0,-115.027,9.27095e-07,87.6319,29.6678,92.3681,-27.8507,-1367.81,-617.009,-1239.86,-634.35
-1318.0,-680.0,-115.398,9.21316e-07,87.6041,29.8734,92.3959,-28.0563,-1368.07,-617.02,-1239.86,-635.117
-1316.0,-680.0,-115.877,9.1554e-07,87.5889,30.0816,92.4111,-28.2645,-1368.32,-617.031,-1239.86,-635.897
-1314.0,-680.0,-116.494,9.09777e-07,87.5737,30.2924,92.4263,-28.4754,-1368.58,-617.042,-1239.86,-636.691
-1312.0,-680.0,-117.29,9.04026e-07,87.5582,30.506,92.4418,-28.6889,-1368.84,-617.053,-1239.86,-637.498
-1310.0,-680.0,-118.314,8.98288e-07,87.5426,30.7223,92.4574,-28.9052,-1369.1,-617.064,-1239.86,-638.319
-1308.0,-680.0,-119.625,8.92563e-07,87.5268,30.9413,92.4732,-29.1243,-1369.35,-617.075,-1239.86,-639.154
-1306.0,-680.0,-121.276,8.86851e-07,87.5109,31.1632,92.4891,-29.3461,-1369.61,-617.085,-1239.86,-640.004
-1304.0,-680.0,-123.263,8.81153e-07,87.4948,31.388,92.5052,-29.5709,-1369.87,-617.096,-1239.86,-640.869
-1302.0,-680.0,-125.405,8.75469e-07,87.4785,31.6157,92.5215,-29.7986,-1370.13,-617.107,-1239.86,-641.75
-1300.0,-680.0,-127.234,8.69798e-07,87.4621,31.8463,92.5379,-30.0293,-1370.39,-617.118,-1239.86,-642.647
-1298.0,-680.0,-128.333,8.64142e-07,87.4455,32.08,92.5545,-30.263,-1370.64,-617.129,-1239.86,-643.559
-1296.0,-680.0,-128.742,8.58501e-07,87.4287,32.3168,92.5713,-30.4998,-1370.9,-617.14,-1239.86,-644.489
-1294.0,-680.0,-128.449,8.52874e-07,87.4117,32.5567,92.5883,-30.7397,-1371.16,-617.151,-1239.86,-645.436
-1292.0,-680.0,-127.525,8.47263e-07,87.3945,32.7998,92.6055,-30.9828,-1371.42,-617.162,-1239.86,-646.401
-1290.0,-680.0,-126.499,8.41667e-07,87.3772,33.0462,92.6228,-31.2291,-1371.68,-617.173,-1239.86,-647.384
-1288.0,-680.0,-125.465,8.36087e-07,87.3597,33.2958,92.6403,-31.4788,-1371.94,-617.183,-1239.86,-648.386
-1286.0,-680.0,-123.849,8.30523e-07,87.342,33.5488,92.658,-31.7318,-1372.19,-617.194,-1239.86,-649.407
-1284.0,-680.0,-121.586,8.24975e-07,87.3241,33.8053,92.6759,-31.9882,-1372.45,-617.205,-1239.86,-650.448
-1282.0,-680.0,-119.323,8.19448e-07,87.3002,34.0652,92.6998,-32.2481,-1372.71,-617.216,-1239.87,-651.51
-1280.0,-680.0,-117.454,8.13948e-07,87.2621,34.3286,92.7379,-32.5115,-1372.97,-617.227,-1239.87,-652.593
-1278.0,-680.0,-116.019,8.08466e-07,87.2236,34.5956,92.7764,-32.7786,-1373.23,-617.238,-1239.87,-653.697
-1276.0,-680.0,-114.942,8.02996e-07,87.1932,34.8663,92.8068,-33.0492,-1373.49,-617.249,-1239.87,-654.824
-1274.0,-680.0,-114.137,7.97536e-07,87.174,35.1407,92.826,-33.3237,-1373.75,-617.26,-1239.87,-655.974
-1272.0,-680.0,-113.537,7.92095e-07,87.1546,35.4189,92.8454,-33.6018,-1374.01,-617.271,-1239.87,-657.148
-1270.0,-680.0,-113.093,7.86673e-07,87.1349,35.7009,92.8651,-33.8839,-1374.27,-617.282,-1239.87,-658.346
-1268.0,-680.0,-112.772,7.8127e-07,87.1151,35.9869,92.8849,-34.1698,-1374.53,-617.293,-1239.87,-659.57
-1266.0,-680.0,-112.555,7.75887e-07,87.0951,36.2768,92.9049,-34.4598,-1374.79,-617.304,-1239.87,-660.819
-1264.0,-680.0,-112.431,7.70524e-07,87.0748,36.5708,92.9252,-34.7538,-1375.04,-617.314,-1239.87,-662.096
-1262.0,-680.0,-112.398,7.65182e-07,87.0544,36.869,92.9456,-35.0519,-1375.3,-617.325,-1239.87,-663.401
-1260.0,-680.0,-112.461,7.59861e-07,87.0338,37.1713,92.9662,-35.3542,-1375.56,-617.336,-1239.87,-664.734
-1258.0,-680.0,-112.638,7.54561e-07,87.0129,37.4779,92.9871,-35.6608,-1375.82,-617.347,-1239.87,-666.098
-1256.0,-680.0,-112.958,7.49283e-07,86.9919,37.7888,93.0081,-35.9717,-1376.08,-617.358,-1239.87,-667.492
-1254.0,-680.0,-118.294,1.00782e-06,87.764,163.717,92.236,23.4278,-1375.94,-589.574,-1309.01,-663.932
-1252.0,-680.0,-118.09,1.01422e-06,87.7875,163.823,92.2125,23.322,-1375.81,-589.57,-1309.02,-663.458
-1250.0,-680.0,-117.908,1.02061e-06,87.8171,163.927,92.1829,23.2175,-1375.68,-589.566,-1309.04,-662.99
-1248.0,-680.0,-117.746,1.02701e-06,87.8465,164.031,92.1535,23.1144,-1375.54,-589.562,-1309.05,-662.528
-1246.0,-680.0,-117.603,1.03341e-06,87.8755,164.132,92.1245,23.0125,-1375.41,-589.558,-1309.07,-662.073
-1244.0,-680.0,-112.47,7.41162e-07,87.0589,135.01,92.9411,46.6594,-1390.58,-590.022,-1336.09,-587.943
-1242.0,-680.0,-112.713,7.45876e-07,87.0992,135.373,92.9008,46.2965,-1390.46,-590.018,-1335.28,-587.922
-1240.0,-680.0,-113.151,7.5062e-07,87.139,135.731,92.861,45.9382,-1390.34,-590.014,-1334.48,-587.901
-1238.0,-680.0,0.0,0.0,0.0,0.0,0.0,0.0,0.0,0.0,0.0,0.0
-1236.0,-680.0,0.0,0.0,0.0,0.0,0.0,0.0,0.0,0.0,0.0,0.0
-1234.0,-680.0,0.0,0.0,0.0,0.0,0.0,0.0,0.0,0.0,0.0,0.0
-1232.0,-680.0,0.0,0.0,0.0,0.0,0.0,0.0,0.0,0.0,0.0,0.0
-1230.0,-680.0,0.0,0.0,0.0,0.0,0.0,0.0,0.0,0.0,0.0,0.0
-1228.0,-680.0,0.0,0.0,0.0,0.0,0.0,0.0,0.0,0.0,0.0,0.0
-1226.0,-680.0,0.0,0.0,0.0,0.0,0.0,0.0,0.0,0.0,0.0,0.0
-1224.0,-680.0,0.0,0.0,0.0,0.0,0.0,0.0,0.0,0.0,0.0,0.0
-1222.0,-680.0,0.0,0.0,0.0,0.0,0.0,0.0,0.0,0.0,0.0,0.0
-1220.0,-680.0,0.0,0.0,0.0,0.0,0.0,0.0,0.0,0.0,0.0,0.0
-1218.0,-680.0,0.0,0.0,0.0,0.0,0.0,0.0,0.0,0.0,0.0,0.0
-1216.0,-680.0,-204.017,1.27531e-06,88.4685,166.445,91.5315,-1.7875,-1159.57,-607.503,-1219.74,-679.098
-1214.0,-680.0,-204.551,1.28179e-06,88.4888,166.632,91.5112,-1.7875,-1159.57,-607.503,-1219.74,-678.636
-1212.0,-680.0,-165.744,1.64722e-06,88.8339,-105.917,91.1661,-43.3117,-1381.35,-617.58,-1232.86,-753.149
-1210.0,-680.0,-165.995,1.64905e-06,88.8597,-106.186,91.1403,-43.3117,-1381.35,-617.58,-1231.22,-753.094
-1208.0,-680.0,-166.308,1.65091e-06,88.8904,-106.454,91.1096,-43.3117,-1381.35,-617.58,-1229.57,-753.04
-1206.0,-680.0,-166.695,1.6528e-06,88.9209,-106.721,91.0791,-43.3117,-1381.35,-617.58,-1227.93,-752.986
-1204.0,-680.0,-167.175,1.65473e-06,88.9253,-106.987,91.0747,-43.3117,-1381.35,-617.58,-1226.28,-752.932
-1202.0,-680.0,-167.763,1.65669e-06,88.9265,-107.253,91.0735,-43.3117,-1381.35,-617.58,-1224.63,-752.878
-1600.0,-678.0,-108.065,7.16807e-07,87.8438,21.3058,92.1562,-158.694,-1600.0,-678.0,-1400.0,-600.0
-1598.0,-678.0,-107.989,7.10609e-07,87.8022,21.5014,92.1978,-158.499,-1598.0,-678.0,-1400.0,-600.0
-1596.0,-678.0,-107.913,7.0442e-07,87.76,21.7005,92.24,-158.299,-1596.0,-678.0,-1400.0,-600.0
-1594.0,-678.0,-107.836,6.9824e-07,87.717,21.9032,92.283,-158.097,-1594.0,-678.0,-1400.0,-600.0
-1592.0,-678.0,-107.759,6.92069e-07,87.6733,22.1094,92.3267,-157.891,-1592.0,-678.0,-1400.0,-600.0
-1590.0,-678.0,-107.681,6.85908e-07,87.6289,22.3194,92.3711,-157.681,-1590.0,-678.0,-1400.0,-600.0
-1588.0,-678.0,-107.602,6.7975e-07,87.5966,22.5333,92.4034,-157.467,-1588.0,-678.0,-1400.0,-600.0
-1586.0,-678.0,-107.523,6.73596e-07,87.5746,22.751,92.4254,-157.249,-1586.0,-678.0,-1400.0,-600.0
-1584.0,-678.0,-107.443,6.67457e-07,87.5419,22.9727,92.4581,-157.027,-1584.0,-678.0,-1400.0,-600.0
-1582.0,-678.0,-107.363,6.61336e-07,87.4947,23.1986,92.5053,-156.801,-1582.0,-678.0,-1400.0,-600.0
-1580.0,-678.0,-107.282,6.5523e-07,87.439,23.4287,92.561,-156.571,-1580.0,-678.0,-1400.0,-600.0
-1578.0,-678.0,-107.201,6.49144e-07,87.3652,23.6631,92.6348,-156.337,-1578.0,-678.0,-1400.0,-600.0
-1576.0,-678.0,-107.119,6.4307e-07,87.29,23.9021,92.71,-156.098,-1576.0,-678.0,-1400.0,-600.0
-1574.0,-678.0,-107.036,6.37009e-07,87.2135,24.1455,92.7865,-155.854,-1574.0,-678.0,-1400.0,-600.0
-1572.0,-678.0,-106.953,6.3096e-07,87.1355,24.3937,92.8645,-155.606,-1572.0,-678.0,-1400.0,-600.0
-1570.0,-678.0,-106.869,6.24925e-07,87.0561,24.6468,92.9439,-155.353,-1570.0,-678.0,-1400.0,-600.0
-1568.0,-678.0,-106.785,6.18904e-07,86.9752,24.9048,93.0248,-155.095,-1568.0,-678.0,-1400.0,-600.0
-1566.0,-678.0,-106.7,6.12896e-07,86.8928,25.1679,93.1072,-154.832,-1566.0,-678.0,-1400.0,-600.0
-1564.0,-678.0,-106.614,6.06903e-07,86.8088,25.4362,93.1912,-154.564,-1564.0,-678.0,-1400.0,-600.0
-1562.0,-678.0,-106.528,6.00924e-07,86.7232,25.71,93.2768,-154.29,-1562.0,-678.0,-1400.0,-600.0
-1560.0,-678.0,-106.441,5.94933e-07,86.6835,25.9892,93.3165,-154.011,-1560.0,-678.0,-1400.0,-600.0
-1558.0,-678.0,-106.353,5.88935e-07,86.6771,26.2742,93.3229,-153.726,-1558.0,-678.0,-1400.0,-600.0
-1556.0,-678.0,-106.264,5.82952e-07,86.6707,26.5651,93.3293,-153.435,-1556.0,-678.0,-1400.0,-600.0
-1554.0,-678.0,-106.174,5.76985e-07,86.6642,26.8619,93.3358,-153.138,-1554.0,-678.0,-1400.0,-600.0
-1552.0,-678.0,-106.084,5.71033e-07,86.6577,27.165,93.3423,-152.835,-1552.0,-678.0,-1400.0,-600.0
-1550.0,-678.0,-105.993,5.65098e-07,86.6512,27.4744,93.3488,-152.526,-1550.0,-678.0,-1400.0,-600.0
-1548.0,-678.0,-105.901,5.59179e-07,86.6446,27.7904,93.3554,-152.21,-1548.0,-678.0,-1400.0,-600.0
-1546.0,-678.0,-105.809,5.53278e-07,86.638,28.1132,93.362,-151.887,-1546.0,-678.0,-1400.0,-600.0
-1544.0,-678.0,-105.716,5.47394e-07,86.6313,28.4429,93.3687,-151.557,-1544.0,-678.0,-1400.0,-600.0
-1542.0,-678.0,-105.622,5.41529e-07,86.6247,28.7798,93.3753,-151.22,-1542.0,-678.0,-1400.0,-600.0
-1540.0,-678.0,-105.528,5.35698e-07,86.5923,29.1241,93.4077,-150.876,-1540.0,-678.0,-1400.0,-600.0
-1538.0,-678.0,-105.433,5.29888e-07,86.5549,29.4759,93.4451,-150.524,-1538.0,-678.0,-1400.0,-600.0
-1536.0,-678.0,-105.337,5.24087e-07,86.5395,29.8355,93.4605,-150.164,-1536.0,-678.0,-1400.0,-600.0
-1534.0,-678.0,-105.24,5.18302e-07,86.532,30.2032,93.468,-149.797,-1534.0,-678.0,-1400.0,-600.0
-1532.0,-678.0,-105.143,5.12529e-07,86.5442,30.5792,93.4558,-149.421,-1532.0,-678.0,-1400.0,-600.0
-1530.0,-678.0,-105.044,5.06771e-07,86.5687,30.9638,93.4313,-149.036,-1530.0,-678.0,-1400.0,-600.0
-1528.0,-678.0,-104.945,5.01037e-07,86.5939,31.3571,93.4061,-148.643,-1528.0,-678.0,-1400.0,-600.0
-1526.0,-678.0,-104.845,4.95327e-07,86.6199,31.7595,93.3801,-148.241,-1526.0,-678.0,-1400.0,-600.0
-1524.0,-678.0,-104.745,4.89642e-07,86.6466,32.1712,93.3534,-147.829,-1524.0,-678.0,-1400.0,-600.0
-1522.0,-678.0,-104.644,4.83983e-07,86.6742,32.5926,93.3258,-147.407,-1522.0,-678.0,-1400.0,-600.0
-1520.0,-678.0,-104.542,4.78351e-07,86.7026,33.0239,93.2974,-146.976,-1520.0,-678.0,-1400.0,-600.0
-1518.0,-678.0,-104.439,4.72747e-07,86.7319,33.4654,93.2681,-146.535,-1518.0,-678.0,-1400.0,-600.0
-1516.0,-678.0,-104.336,4.67171e-07,86.762,33.9174,93.238,-146.083,-1516.0,-678.0,-1400.0,-600.0
-1514.0,-678.0,-104.232,4.61625e-07,86.7931,34.3803,93.2069,-145.62,-1514.0,-678.0,-1400.0,-600.0
-1512.0,-678.0,-104.128,4.56124e-07,86.7937,34.8545,93.2063,-145.146,-1512.0,-678.0,-1400.0,-600.0
-1510.0,-678.0,-104.023,4.50657e-07,86.7906,35.3401,93.2094,-144.66,-1510.0,-678.0,-1400.0,-600.0
-1508.0,-678.0,-103.917,4.45235e-07,86.7594,35.8377,93.2406,-144.162,-1508.0,-678.0,-1400.0,-600.0
-1506.0,-678.0,-103.811,4.39851e-07,86.7197,36.3475,93.2803,-143.653,-1506.0,-678.0,-1400.0,-600.0
-1504.0,-678.0,-103.705,4.34503e-07,86.6793,36.8699,93.3207,-143.13,-1504.0,-678.0,-1400.0,-600.0
-1502.0,-678.0,-103.598,4.29192e-07,86.6382,37.4054,93.3618,-142.595,-1502.0,-678.0,-1400.0,-600.0
-1500.0,-678.0,-103.49,4.2392e-07,86.5963,37.9542,93.4037,-142.046,-1500.0,-678.0,-1400.0,-600.0
-1498.0,-678.0,-103.382,4.18687e-07,86.5537,38.5169,93.4463,-141.483,-1498.0,-678.0,-1400.0,-600.0
-1496.0,-678.0,-103.274,4.13496e-07,86.5104,39.0939,93.4896,-140.906,-1496.0,-678.0,-1400.0,-600.0
-1494.0,-678.0,-103.165,4.08348e-07,86.4664,39.6855,93.5336,-140.315,-1494.0,-678.0,-1400.0,-600.0
-1492.0,-678.0,-103.055,4.03245e-07,86.4216,40.2921,93.5784,-139.708,-1492.0,-678.0,-1400.0,-600.0
-1490.0,-678.0,-102.945,3.98188e-07,86.3761,40.9144,93.6239,-139.086,-1490.0,-678.0,-1400.0,-600.0
-1488.0,-678.0,-102.835,3.9318e-07,86.3298,41.5526,93.6702,-138.447,-1488.0,-678.0,-1400.0,-600.0
-1486.0,-678.0,-102.725,3.88221e-07,86.2829,42.2073,93.7171,-137.793,-1486.0,-678.0,-1400.0,-600.0
-1484.0,-678.0,-102.614,3.83315e-07,86.2353,42.8789,93.7647,-137.121,-1484.0,-678.0,-1400.0,-600.0
-1482.0,-678.0,-102.503,3.78463e-07,86.1869,43.5679,93.8131,-136.432,-1482.0,-678.0,-1400.0,-600.0
-1480.0,-678.0,-102.392,3.73666e-07,86.1379,44.2748,93.8621,-135.725,-1480.0,-678.0,-1400.0,-600.0
-1478.0,-678.0,-102.281,3.68929e-07,86.0882,45.0,93.9118,-135.0,-1478.0,-678.0,-1400.0,-600.0
-1476.0,-678.0,-102.17,3.64251e-07,86.0379,45.7441,93.9621,-134.256,-1476.0,-678.0,-1400.0,-600.0
-1474.0,-678.0,-102.059,3.59637e-07,85.987,46.5074,94.013,-133.493,-1474.0,-678.0,-1400.0,-600.0
-1472.0,-678.0,-101.949,3.55089e-07,85.9355,47.2906,94.0645,-132.709,-1472.0,-678.0,-1400.0,-600.0
-1470.0,-678.0,-101.838,3.50608e-07,85.8835,48.0941,94.1165,-131.906,-1470.0,-678.0,-1400.0,-600.0
-1468.0,-678.0,-101.728,3.46198e-07,85.831,48.9182,94.169,-131.082,-1468.0,-678.0,-1400.0,-600.0
-1466.0,-678.0,-101.618,3.41861e-07,85.778,49.7636,94.222,-130.236,-1466.0,-678.0,-1400.0,-600.0
-1464.0,-678.0,-101.509,3.37601e-07,85.7246,50.6307,94.2754,-129.369,-1464.0,-678.0,-1400.0,-600.0
-1462.0,-678.0,-101.401,3.3342e-07,85.6709,51.5198,94.3291,-128.48,-1462.0,-678.0,-1400.0,-600.0
-1460.0,-678.0,-101.293,3.29321e-07,85.6169,52.4314,94.3831,-127.569,-1460.0,-678.0,-1400.0,-600.0
-1458.0,-678.0,-101.186,3.25307e-07,85.5627,53.3659,94.4373,-126.634,-1458.0,-678.0,-1400.0,-600.0
-1456.0,-678.0,-101.081,3.21382e-07,85.5084,54.3236,94.4916,-125.676,-1456.0,-678.0,-1400.0,-600.0
-1454.0,-678.0,-100.977,3.17548e-07,85.4541,55.3048,94.5459,-124.695,-1454.0,-678.0,-1400.0,-600.0
-1452.0,-678.0,-100.873,3.1381e-07,85.3998,56.3099,94.6002,-123.69,-1452.0,-678.0,-1400.0,-600.0
-1450.0,-678.0,-100.772,3.1017e-07,85.3457,57.3391,94.6543,-122.661,-1450.0,-678.0,-1400.0,-600.0
-1448.0,-678.0,-100.672,3.06632e-07,85.2919,58.3925,94.7081,-121.608,-1448.0,-678.0,-1400.0,-600.0
-1446.0,-678.0,-100.575,3.0321e-07,85.214,59.4703,94.786,-120.53,-1446.0,-678.0,-1400.0,-600.0
-1444.0,-678.0,-100.479,2.99911e-07,85.1072,60.5725,94.8928,-119.427,-1444.0,-678.0,-1400.0,-600.0
-1442.0,-678.0,-100.387,2.96726e-07,85.0,61.6992,95.0,-118.301,-1442.0,-678.0,-1400.0,-600.0
-1440.0,-678.0,-100.296,2.93658e-07,84.8924,62.8503,95.1076,-117.15,-1440.0,-678.0,-1400.0,-600.0
-1438.0,-678.0,-100.208,2.90711e-07,84.7848,64.0256,95.2152,-115.974,-1438.0,-678.0,-1400.0,-600.0
-1436.0,-678.0,-100.124,2.87889e-07,84.6772,65.2249,95.3228,-114.775,-1436.0,-678.0,-1400.0,-600.0
-1434.0,-678.0,-100.042,2.85195e-07,84.57,66.4477,95.43,-113.552,-1434.0,-678.0,-1400.0,-600.0
-1432.0,-678.0,-99.9634,2.82634e-07,84.4633,67.6938,95.5367,-112.306,-1432.0,-678.0,-1400.0,-600.0
-1430.0,-678.0,-99.8884,2.80209e-07,84.3573,68.9625,95.6427,-111.038,-1430.0,-678.0,-1400.0,-600.0
-1428.0,-678.0,-99.8172,2.77923e-07,84.2524,70.2532,95.7476,-109.747,-1428.0,-678.0,-1400.0,-600.0
-1426.0,-678.0,-99.7498,2.75779e-07,84.1488,71.5651,95.8512,-108.435,-1426.0,-678.0,-1400.0,-600.0
-1424.0,-678.0,-99.6866,2.73782e-07,84.0467,72.8973,95.9533,-107.103,-1424.0,-678.0,-1400.0,-600.0
-1422.0,-678.0,-99.6272,2.71917e-07,83.9826,74.2488,96.0174,-105.751,-1422.0,-678.0,-1400.0,-600.0
-1420.0,-678.0,-99.5718,2.70192e-07,83.944,75.6186,96.056,-104.381,-1420.0,-678.0,-1400.0,-600.0
-1418.0,-678.0,-114.749,2.68633e-07,83.9088,77.3094,96.0912,-103.963,-1404.61,-618.561,-1404.61,-618.561
-1416.0,-678.0,-121.685,9.29893e-07,88.2434,86.7493,91.7566,93.368,-1405.89,-499.953,-1405.89,-499.953
-1414.0,-678.0,-121.604,9.29542e-07,88.2357,87.1602,91.7643,92.9571,-1405.17,-499.952,-1405.17,-499.952
-1412.0,-678.0,-121.498,9.29244e-07,88.2178,87.5714,91.7822,92.5459,-1404.45,-499.952,-1404.45,-499.952
-1410.0,-678.0,-118.825,1.04512e-06,88.4,98.439,91.6,81.5167,-1396.72,-577.986,-1425.51,-573.438
-1408.0,-678.0,-121.28,9.28792e-07,88.1821,88.3944,91.8179,91.7228,-1403.01,-499.95,-1403.01,-499.95
-1406.0,-678.0,-121.19,9.28638e-07,88.1644,88.8062,91.8356,91.3111,-1402.29,-499.949,-1402.29,-499.949
-1404.0,-678.0,-131.634,9.45401e-07,88.1799,102.744,91.8201,82.4644,-1396.79,-575.704,-1425.27,-583.976
-1402.0,-678.0,-128.439,9.46906e-07,88.1657,103.175,91.8343,82.4644,-1396.79,-575.704,-1425.41,-578.018
-1400.0,-678.0,-150.526,4.2396e-07,85.8622,105.091,94.1378,148.195,-1425.26,-584.337,-1425.26,-584.337
-1398.0,-678.0,-160.688,7.28259e-07,87.5704,-98.0948,92.4296,117.862,-1429.33,-544.506,-1399.32,-687.291
-1396.0,-678.0,-196.813,1.8583e-06,89.0394,-148.972,90.9606,-135.73,-1615.4,-809.977,-1615.4,-809.977
-1394.0,-678.0,-194.1,1.73814e-06,88.9698,134.781,91.0302,-121.37,-1548.0,-842.753,-1401.31,-670.639
-1392.0,-678.0,-173.945,1.61603e-06,88.892,139.364,91.108,-124.21,-1548.4,-818.284,-1400.61,-670.613
-1390.0,-678.0,-166.914,1.62567e-06,88.8986,-140.93,91.1014,-124.21,-1548.4,-818.284,-1555.97,-812.738
-1388.0,-678.0,-171.379,1.66432e-06,88.9241,143.218,91.0759,-124.304,-1548.93,-818.293,-1398.01,-670.514
-1386.0,-678.0,-171.607,1.66968e-06,88.9276,143.524,91.0724,-124.304,-1548.93,-818.293,-1396.22,-670.446
-1384.0,-678.0,-171.562,1.62194e-06,88.896,143.826,91.104,-126.816,-1556.08,-808.509,-1394.42,-670.378
-1382.0,-678.0,-171.29,1.62734e-06,88.8997,144.124,91.1003,-126.816,-1556.08,-808.509,-1392.63,-670.31
-1380.0,-678.0,-167.639,1.1248e-06,88.408,26.4559,91.592,-7.72819,-1239.86,-621.732,-1351.27,-663.703
-1378.0,-678.0,-166.291,1.11884e-06,88.3995,26.9492,91.6005,-7.72819,-1239.86,-621.732,-1351.25,-664.399
-1376.0,-678.0,-165.356,1.11291e-06,88.391,27.4598,91.609,-7.72819,-1239.86,-621.732,-1351.22,-665.125
-1374.0,-678.0,-166.563,1.06232e-06,86.082,-18.2596,72.8926,19.0011,-1369.12,-589.365,-1349.47,-686.094
-1372.0,-678.0,-166.231,1.056e-06,86.0578,-18.3732,72.813,19.089,-1369.28,-589.37,-1347.8,-686.039
-1370.0,-678.0,-162.555,1.10701e-06,88.3705,-19.6764,91.6295,-43.396,-1381.4,-617.583,-1347.54,-686.031
-1368.0,-678.0,-161.994,1.10074e-06,88.3465,-19.8215,91.6535,-43.396,-1381.4,-617.583,-1345.87,-685.976
-1366.0,-678.0,-155.512,1.03771e-06,88.2305,-21.3931,91.7695,11.6373,-1342.24,-588.104,-1345.66,-685.969
-1364.0,-678.0,-149.867,3.96329e-07,92.0344,61.5369,127.759,52.0784,-1392.27,-590.073,-1351.54,-655.023
-1362.0,-678.0,-149.661,3.93184e-07,92.0031,62.3926,128.142,53.0468,-1392.54,-590.082,-1351.45,-657.836
-1360.0,-678.0,-146.495,4.91217e-07,91.3242,69.9676,100.959,-64.0763,-1391.25,-617.998,-1351.55,-654.825
-1358.0,-678.0,-149.315,4.88859e-07,92.0372,70.4267,101.036,-65.0707,-1391.63,-618.013,-1351.4,-659.449
-1356.0,-678.0,-150.553,3.84293e-07,91.9033,65.0404,129.275,56.1084,-1393.35,-590.106,-1351.15,-667.573
-1354.0,-678.0,-121.711,4.77334e-07,90.7084,109.518,99.291,-69.3427,-1393.18,-618.079,-1378.96,-607.585
-1352.0,-678.0,-125.048,4.79602e-07,90.6714,110.27,99.2807,-68.5804,-1392.91,-618.068,-1378.01,-607.585
-1350.0,-678.0,-130.018,4.81951e-07,90.6346,111.014,99.269,-67.8255,-1392.64,-618.056,-1377.05,-607.585
-1348.0,-678.0,-133.696,4.84381e-07,90.5981,111.751,99.2558,-67.078,-1392.37,-618.045,-1376.09,-607.585
-1346.0,-678.0,-153.027,1.02599e-06,85.6106,-25.7789,86.1663,-27.805,-1367.75,-617.007,-1330.53,-685.47
-1344.0,-678.0,-153.289,1.02002e-06,85.5603,-25.9413,86.1479,-27.9713,-1367.96,-617.016,-1328.76,-685.412
-1342.0,-678.0,-153.629,1.01407e-06,85.5095,-26.1056,86.1294,-28.1396,-1368.17,-617.025,-1326.99,-685.353
-1340.0,-678.0,-154.062,1.00812e-06,85.458,-26.2719,86.1107,-28.31,-1368.38,-617.034,-1325.22,-685.295
-1338.0,-678.0,-154.604,1.00218e-06,85.4059,-26.4402,86.0917,-28.4823,-1368.59,-617.042,-1323.45,-685.236
-1336.0,-678.0,-155.253,9.45599e-07,87.8018,-24.1907,92.1982,11.6373,-1342.24,-588.104,-1320.13,-685.127
-1334.0,-678.0,-154.837,9.39532e-07,87.7705,-24.4018,92.2295,11.6373,-1342.24,-588.104,-1318.41,-685.07
-1332.0,-678.0,-154.539,9.33475e-07,87.7387,-24.6164,92.2613,11.6373,-1342.24,-588.104,-1316.69,-685.014
-1330.0,-678.0,-152.527,9.06486e-07,87.6535,25.0211,92.3465,11.6373,-1342.24,-588.104,-1239.86,-635.928
-1328.0,-678.0,-152.131,9.00462e-07,87.6198,25.2512,92.3802,11.6373,-1342.24,-588.104,-1239.86,-636.43
-1326.0,-678.0,-114.066,9.41281e-07,87.706,28.7108,92.294,-26.8938,-1366.57,-616.957,-1239.86,-630.82
-1324.0,-678.0,-114.148,9.3545e-07,87.6744,28.9074,92.3256,-27.0903,-1366.83,-616.968,-1239.86,-631.539
-1322.0,-678.0,-114.272,9.2963e-07,87.6424,29.1063,92.3576,-27.2893,-1367.09,-616.979,-1239.86,-632.271
-1320.0,-678.0,-114.446,9.23821e-07,87.6106,29.3078,92.3894,-27.4908,-1367.35,-616.99,-1239.86,-633.014
-1318.0,-678.0,-114.679,9.18013e-07,87.5954,29.5119,92.4046,-27.6949,-1367.61,-617.001,-1239.86,-633.77
-1316.0,-678.0,-114.987,9.12217e-07,87.5802,29.7186,92.4198,-27.9015,-1367.87,-617.012,-1239.86,-634.539
-1314.0,-678.0,-115.389,9.06432e-07,87.5647,29.9279,92.4353,-28.1108,-1368.13,-617.023,-1239.86,-635.321
-1312.0,-678.0,-115.91,9.0066e-07,87.5491,30.1399,92.4509,-28.3228,-1368.39,-617.034,-1239.86,-636.116
-1310.0,-678.0,-116.585,8.949e-07,87.5333,30.3546,92.4667,-28.5376,-1368.66,-617.045,-1239.86,-636.925
-1308.0,-678.0,-117.457,8.89153e-07,87.5174,30.5721,92.4826,-28.7551,-1368.92,-617.056,-1239.86,-637.749
-1306.0,-678.0,-118.583,8.8342e-07,87.5012,30.7925,92.4988,-28.9754,-1369.18,-617.067,-1239.86,-638.586
-1304.0,-678.0,-120.024,8.77699e-07,87.4849,31.0157,92.5151,-29.1987,-1369.44,-617.078,-1239.86,-639.439
-1302.0,-678.0,-121.824,8.71992e-07,87.4685,31.2419,92.5315,-29.4248,-1369.7,-617.089,-1239.86,-640.307
-1300.0,-678.0,-123.931,8.66299e-07,87.4518,31.471,92.5482,-29.654,-1369.96,-617.1,-1239.86,-641.19
-1298.0,-678.0,-126.044,8.6062e-07,87.435,31.7032,92.565,-29.8861,-1370.23,-617.111,-1239.86,-642.09
-1296.0,-678.0,-127.623,8.54955e-07,87.418,31.9385,92.582,-30.1214,-1370.49,-617.122,-1239.86,-643.006
-1294.0,-678.0,-128.428,8.49305e-07,87.4008,32.1769,92.5992,-30.3598,-1370.75,-617.133,-1239.86,-643.939
-1292.0,-678.0,-128.563,8.4367e-07,87.3834,32.4185,92.6166,-30.6014,-1371.01,-617.145,-1239.86,-644.89
-1290.0,-678.0,-127.95,8.3805e-07,87.3659,32.6633,92.6341,-30.8463,-1371.27,-617.156,-1239.86,-645.859
-1288.0,-678.0,-126.905,8.32446e-07,87.3481,32.9115,92.6519,-31.0944,-1371.54,-617.167,-1239.86,-646.846
-1286.0,-678.0,-125.908,8.26857e-07,87.3302,33.163,92.6698,-31.346,-1371.8,-617.178,-1239.86,-647.852
-1284.0,-678.0,-124.657,8.21285e-07,87.3121,33.418,92.6879,-31.6009,-1372.06,-617.189,-1239.86,-648.878
-1282.0,-678.0,-122.639,8.15729e-07,87.2937,33.6764,92.7063,-31.8594,-1372.32,-617.2,-1239.86,-649.924
-1280.0,-678.0,-120.266,8.10198e-07,87.2647,33.9384,92.7353,-32.1214,-1372.59,-617.211,-1239.86,-650.991
-1278.0,-678.0,-118.158,8.0469e-07,87.2259,34.204,92.7741,-32.387,-1372.85,-617.222,-1239.87,-652.08
-1276.0,-678.0,-116.501,7.99194e-07,87.1953,34.4733,92.8047,-32.6562,-1373.11,-617.233,-1239.87,-653.19
-1274.0,-678.0,-115.254,7.93708e-07,87.1759,34.7463,92.8241,-32.9292,-1373.37,-617.244,-1239.87,-654.323
-1272.0,-678.0,-114.326,7.8824e-07,87.1563,35.0231,92.8437,-33.206,-1373.64,-617.255,-1239.87,-655.48
-1270.0,-678.0,-113.637,7.82791e-07,87.1365,35.3038,92.8635,-33.4867,-1373.9,-617.266,-1239.87,-656.661
-1268.0,-678.0,-113.126,7.77361e-07,87.1165,35.5884,92.8835,-33.7713,-1374.16,-617.277,-1239.87,-657.867
-1266.0,-678.0,-112.755,7.71951e-07,87.0963,35.877,92.9037,-34.06,-1374.43,-617.288,-1239.87,-659.098
-1264.0,-678.0,-112.497,7.66561e-07,87.0759,36.1697,92.9241,-34.3527,-1374.69,-617.3,-1239.87,-660.357
-1262.0,-678.0,-112.338,7.61191e-07,87.0552,36.4666,92.9448,-34.6495,-1374.95,-617.311,-1239.87,-661.642
-1260.0,-678.0,-112.272,7.55841e-07,87.0344,36.7676,92.9656,-34.9506,-1375.22,-617.322,-1239.87,-662.956
-1258.0,-678.0,-112.303,7.50513e-07,87.0133,37.073,92.9867,-35.256,-1375.48,-617.333,-1239.87,-664.3
-1256.0,-678.0,-112.443,7.45207e-07,86.992,37.3827,93.008,-35.5657,-1375.74,-617.344,-1239.87,-665.673
-1254.0,-678.0,-112.72,7.39923e-07,86.9705,37.6969,93.0295,-35.8799,-1376.01,-617.355,-1239.87,-667.078
-1252.0,-678.0,-117.343,1.01237e-06,87.7956,164.186,92.2044,22.959,-1375.35,-589.556,-1309.08,-661.834
-1250.0,-678.0,-117.221,1.01878e-06,87.8254,164.288,92.1746,22.8566,-1375.21,-589.552,-1309.09,-661.377
-1248.0,-678.0,-117.114,1.02519e-06,87.8547,164.389,92.1453,22.7556,-1375.08,-589.547,-1309.1,-660.927
-1246.0,-678.0,-112.36,7.3174e-07,87.0158,135.01,92.9842,46.6593,-1390.58,-590.022,-1336.09,-587.943
-1244.0,-678.0,-112.608,7.36454e-07,87.0569,135.377,92.9431,46.2917,-1390.46,-590.018,-1335.27,-587.922
-1242.0,-678.0,-113.057,7.41198e-07,87.0975,135.74,92.9025,45.9289,-1390.33,-590.014,-1334.46,-587.901
-1240.0,-678.0,-113.766,7.45972e-07,87.1378,136.098,92.8622,45.5707,-1390.21,-590.01,-1333.64,-587.879
-1238.0,-678.0,0.0,0.0,0.0,0.0,0.0,0.0,0.0,0.0,0.0,0.0
-1236.0,-678.0,0.0,0.0,0.0,0.0,0.0,0.0,0.0,0.0,0.0,0.0
-1234.0,-678.0,0.0,0.0,0.0,0.0,0.0,0.0,0.0,0.0,0.0,0.0
-1232.0,-678.0,0.0,0.0,0.0,0.0,0.0,0.0,0.0,0.0,0.0,0.0
-1230.0,-678.0,0.0,0.0,0.0,0.0,0.0,0.0,0.0,0.0,0.0,0.0
-1228.0,-678.0,0.0,0.0,0.0,0.0,0.0,0.0,0.0,0.0,0.0,0.0
-1226.0,-678.0,0.0,0.0,0.0,0.0,0.0,0.0,0.0,0.0,0.0,0.0
-1224.0,-678.0,0.0,0.0,0.0,0.0,0.0,0.0,0.0,0.0,0.0,0.0
-1222.0,-678.0,0.0,0.0,0.0,0.0,0.0,0.0,0.0,0.0,0.0,0.0
-1220.0,-678.0,0.0,0.0,0.0,0.0,0.0,0.0,0.0,0.0,0.0,0.0
-1218.0,-678.0,-205.87,1.26729e-06,88.4558,167.053,91.5442,-1.7875,-1159.57,-607.503,-1219.74,-677.6
-1216.0,-678.0,-206.868,1.27379e-06,88.4764,167.235,91.5236,-1.7875,-1159.57,-607.503,-1219.74,-677.153
-1214.0,-678.0,-207.977,1.28029e-06,88.4967,167.412,91.5033,-1.7875,-1159.57,-607.503,-1219.74,-676.718
-1212.0,-678.0,-200.798,1.23651e-06,88.4565,13.8651,91.5435,-1.7875,-1159.57,-607.503,-1140.45,-660.338
-1210.0,-678.0,-165.957,1.65546e-06,88.857,-106.108,91.143,-43.3117,-1381.35,-617.58,-1231.69,-753.11
-1208.0,-678.0,-166.249,1.65731e-06,88.8872,-106.375,91.1128,-43.3117,-1381.35,-617.58,-1230.05,-753.056
-1206.0,-678.0,-166.611,1.65919e-06,88.9176,-106.641,91.0824,-43.3117,-1381.35,-617.58,-1228.42,-753.002
-1204.0,-678.0,-167.059,1.66112e-06,88.9219,-106.906,91.0781,-43.3117,-1381.35,-617.58,-1226.78,-752.948
-1202.0,-678.0,-167.609,1.66307e-06,88.9232,-107.171,91.0768,-43.3117,-1381.35,-617.58,-1225.14,-752.894
-1600.0,-676.0,-108.035,7.14403e-07,87.8538,20.8068,92.1462,-159.193,-1600.0,-676.0,-1400.0,-600.0
-1598.0,-676.0,-107.959,7.08184e-07,87.8122,20.9987,92.1878,-159.001,-1598.0,-676.0,-1400.0,-600.0
-1596.0,-676.0,-107.882,7.01973e-07,87.7698,21.1941,92.2302,-158.806,-1596.0,-676.0,-1400.0,-600.0
-1594.0,-676.0,-107.805,6.95771e-07,87.7267,21.3929,92.2733,-158.607,-1594.0,-676.0,-1400.0,-600.0
-1592.0,-676.0,-107.727,6.89578e-07,87.6829,21.5953,92.3171,-158.405,-1592.0,-676.0,-1400.0,-600.0
-1590.0,-676.0,-107.649,6.83394e-07,87.6382,21.8014,92.3618,-158.199,-1590.0,-676.0,-1400.0,-600.0
-1588.0,-676.0,-107.57,6.7722e-07,87.5928,22.0113,92.4072,-157.989,-1588.0,-676.0,-1400.0,-600.0
-1586.0,-676.0,-107.49,6.71046e-07,87.5654,22.225,92.4346,-157.775,-1586.0,-676.0,-1400.0,-600.0
-1584.0,-676.0,-107.409,6.64884e-07,87.5324,22.4428,92.4676,-157.557,-1584.0,-676.0,-1400.0,-600.0
-1582.0,-676.0,-107.329,6.5874e-07,87.4829,22.6646,92.5171,-157.335,-1582.0,-676.0,-1400.0,-600.0
-1580.0,-676.0,-107.247,6.52618e-07,87.4098,22.8906,92.5902,-157.109,-1580.0,-676.0,-1400.0,-600.0
-1578.0,-676.0,-107.165,6.46507e-07,87.3353,23.1208,92.6647,-156.879,-1578.0,-676.0,-1400.0,-600.0
-1576.0,-676.0,-107.083,6.40409e-07,87.2594,23.3556,92.7406,-156.644,-1576.0,-676.0,-1400.0,-600.0
-1574.0,-676.0,-106.999,6.34322e-07,87.1822,23.5948,92.8178,-156.405,-1574.0,-676.0,-1400.0,-600.0
-1572.0,-676.0,-106.916,6.28248e-07,87.1035,23.8387,92.8965,-156.161,-1572.0,-676.0,-1400.0,-600.0
-1570.0,-676.0,-106.831,6.22187e-07,87.0233,24.0875,92.9767,-155.913,-1570.0,-676.0,-1400.0,-600.0
-1568.0,-676.0,-106.746,6.16138e-07,86.9416,24.3411,93.0584,-155.659,-1568.0,-676.0,-1400.0,-600.0
-1566.0,-676.0,-106.66,6.10104e-07,86.8583,24.5998,93.1417,-155.4,-1566.0,-676.0,-1400.0,-600.0
-1564.0,-676.0,-106.574,6.04083e-07,86.7734,24.8637,93.2266,-155.136,-1564.0,-676.0,-1400.0,-600.0
-1562.0,-676.0,-106.487,5.98077e-07,86.6869,25.133,93.3131,-154.867,-1562.0,-676.0,-1400.0,-600.0
-1560.0,-676.0,-106.399,5.92056e-07,86.6464,25.4077,93.3536,-154.592,-1560.0,-676.0,-1400.0,-600.0
-1558.0,-676.0,-106.31,5.86029e-07,86.6395,25.6881,93.3605,-154.312,-1558.0,-676.0,-1400.0,-600.0
-1556.0,-676.0,-106.22,5.80016e-07,86.6324,25.9744,93.3676,-154.026,-1556.0,-676.0,-1400.0,-600.0
-1554.0,-676.0,-106.129,5.74018e-07,86.6254,26.2666,93.3746,-153.733,-1554.0,-676.0,-1400.0,-600.0
-1552.0,-676.0,-106.038,5.68035e-07,86.6182,26.5651,93.3818,-153.435,-1552.0,-676.0,-1400.0,-600.0
-1550.0,-676.0,-105.946,5.62068e-07,86.6111,26.8698,93.3889,-153.13,-1550.0,-676.0,-1400.0,-600.0
-1548.0,-676.0,-105.853,5.56117e-07,86.6038,27.1811,93.3962,-152.819,-1548.0,-676.0,-1400.0,-600.0
-1546.0,-676.0,-105.76,5.50183e-07,86.5965,27.4991,93.4035,-152.501,-1546.0,-676.0,-1400.0,-600.0
-1544.0,-676.0,-105.666,5.44266e-07,86.5892,27.8241,93.4108,-152.176,-1544.0,-676.0,-1400.0,-600.0
-1542.0,-676.0,-105.571,5.38367e-07,86.5818,28.1562,93.4182,-151.844,-1542.0,-676.0,-1400.0,-600.0
-1540.0,-676.0,-105.475,5.32487e-07,86.5718,28.4956,93.4282,-151.504,-1540.0,-676.0,-1400.0,-600.0
-1538.0,-676.0,-105.379,5.26643e-07,86.5337,28.8427,93.4663,-151.157,-1538.0,-676.0,-1400.0,-600.0
-1536.0,-676.0,-105.282,5.20805e-07,86.5177,29.1975,93.4823,-150.803,-1536.0,-676.0,-1400.0,-600.0
-1534.0,-676.0,-105.184,5.14977e-07,86.5219,29.5604,93.4781,-150.44,-1534.0,-676.0,-1400.0,-600.0
-1532.0,-676.0,-105.085,5.09159e-07,86.5456,29.9315,93.4544,-150.068,-1532.0,-676.0,-1400.0,-600.0
-1530.0,-676.0,-104.986,5.03363e-07,86.57,30.3112,93.43,-149.689,-1530.0,-676.0,-1400.0,-600.0
-1528.0,-676.0,-104.885,4.9759e-07,86.5952,30.6997,93.4048,-149.3,-1528.0,-676.0,-1400.0,-600.0
-1526.0,-676.0,-104.784,4.91841e-07,86.6211,31.0973,93.3789,-148.903,-1526.0,-676.0,-1400.0,-600.0
-1524.0,-676.0,-104.682,4.86115e-07,86.6478,31.5043,93.3522,-148.496,-1524.0,-676.0,-1400.0,-600.0
-1522.0,-676.0,-104.579,4.80415e-07,86.6752,31.9209,93.3248,-148.079,-1522.0,-676.0,-1400.0,-600.0
-1520.0,-676.0,-104.476,4.74741e-07,86.7036,32.3474,93.2964,-147.653,-1520.0,-676.0,-1400.0,-600.0
-1518.0,-676.0,-104.372,4.69093e-07,86.7328,32.7843,93.2672,-147.216,-1518.0,-676.0,-1400.0,-600.0
-1516.0,-676.0,-104.267,4.63474e-07,86.7629,33.2317,93.2371,-146.768,-1516.0,-676.0,-1400.0,-600.0
-1514.0,-676.0,-104.161,4.57884e-07,86.7939,33.6901,93.2061,-146.31,-1514.0,-676.0,-1400.0,-600.0
-1512.0,-676.0,-104.055,4.52338e-07,86.7942,34.1597,93.2058,-145.84,-1512.0,-676.0,-1400.0,-600.0
-1510.0,-676.0,-103.948,4.46833e-07,86.771,34.6409,93.229,-145.359,-1510.0,-676.0,-1400.0,-600.0
-1508.0,-676.0,-103.841,4.41367e-07,86.731,35.1342,93.269,-144.866,-1508.0,-676.0,-1400.0,-600.0
-1506.0,-676.0,-103.734,4.35936e-07,86.6902,35.6398,93.3098,-144.36,-1506.0,-676.0,-1400.0,-600.0
-1504.0,-676.0,-103.625,4.30539e-07,86.6487,36.1582,93.3513,-143.842,-1504.0,-676.0,-1400.0,-600.0
-1502.0,-676.0,-103.516,4.25178e-07,86.6064,36.6897,93.3936,-143.31,-1502.0,-676.0,-1400.0,-600.0
-1500.0,-676.0,-103.406,4.19856e-07,86.5633,37.2348,93.4367,-142.765,-1500.0,-676.0,-1400.0,-600.0
-1498.0,-676.0,-103.296,4.14572e-07,86.5195,37.7939,93.4805,-142.206,-1498.0,-676.0,-1400.0,-600.0
-1496.0,-676.0,-103.185,4.09329e-07,86.4748,38.3675,93.5252,-141.633,-1496.0,-676.0,-1400.0,-600.0
-1494.0,-676.0,-103.074,4.04128e-07,86.4294,38.9559,93.5706,-141.044,-1494.0,-676.0,-1400.0,-600.0
-1492.0,-676.0,-102.962,3.9897e-07,86.3832,39.5597,93.6168,-140.44,-1492.0,-676.0,-1400.0,-600.0
-1490.0,-676.0,-102.85,3.93859e-07,86.3362,40.1792,93.6638,-139.821,-1490.0,-676.0,-1400.0,-600.0
-1488.0,-676.0,-102.738,3.88794e-07,86.2884,40.8151,93.7116,-139.185,-1488.0,-676.0,-1400.0,-600.0
-1486.0,-676.0,-102.625,3.83779e-07,86.2398,41.4677,93.7602,-138.532,-1486.0,-676.0,-1400.0,-600.0
-1484.0,-676.0,-102.511,3.78815e-07,86.1905,42.1376,93.8095,-137.862,-1484.0,-676.0,-1400.0,-600.0
-1482.0,-676.0,-102.398,3.73905e-07,86.1404,42.8253,93.8596,-137.175,-1482.0,-676.0,-1400.0,-600.0
-1480.0,-676.0,-102.284,3.69049e-07,86.0895,43.5312,93.9105,-136.469,-1480.0,-676.0,-1400.0,-600.0
-1478.0,-676.0,-102.17,3.64251e-07,86.0379,44.2559,93.9621,-135.744,-1478.0,-676.0,-1400.0,-600.0
-1476.0,-676.0,-102.056,3.59514e-07,85.9856,45.0,94.0144,-135.0,-1476.0,-676.0,-1400.0,-600.0
-1474.0,-676.0,-101.942,3.54838e-07,85.9326,45.7639,94.0674,-134.236,-1474.0,-676.0,-1400.0,-600.0
-1472.0,-676.0,-101.829,3.50227e-07,85.879,46.5482,94.121,-133.452,-1472.0,-676.0,-1400.0,-600.0
-1470.0,-676.0,-101.715,3.45683e-07,85.8247,47.3533,94.1753,-132.647,-1470.0,-676.0,-1400.0,-600.0
-1468.0,-676.0,-101.602,3.4121e-07,85.7699,48.1798,94.2301,-131.82,-1468.0,-676.0,-1400.0,-600.0
-1466.0,-676.0,-101.489,3.36809e-07,85.7145,49.0283,94.2855,-130.972,-1466.0,-676.0,-1400.0,-600.0
-1464.0,-676.0,-101.376,3.32484e-07,85.6587,49.8991,94.3413,-130.101,-1464.0,-676.0,-1400.0,-600.0
-1462.0,-676.0,-101.265,3.28237e-07,85.6024,50.7928,94.3976,-129.207,-1462.0,-676.0,-1400.0,-600.0
-1460.0,-676.0,-101.153,3.24073e-07,85.5458,51.7098,94.4542,-128.29,-1460.0,-676.0,-1400.0,-600.0
-1458.0,-676.0,-101.043,3.19993e-07,85.4889,52.6507,94.5111,-127.349,-1458.0,-676.0,-1400.0,-600.0
-1456.0,-676.0,-100.934,3.16002e-07,85.4318,53.6156,94.5682,-126.384,-1456.0,-676.0,-1400.0,-600.0
-1454.0,-676.0,-100.826,3.12102e-07,85.3746,54.6052,94.6254,-125.395,-1454.0,-676.0,-1400.0,-600.0
-1452.0,-676.0,-100.719,3.08297e-07,85.3173,55.6197,94.6827,-124.38,-1452.0,-676.0,-1400.0,-600.0
-1450.0,-676.0,-100.614,3.04591e-07,85.2602,56.6593,94.7398,-123.341,-1450.0,-676.0,-1400.0,-600.0
-1448.0,-676.0,-100.511,3.00988e-07,85.2034,57.7244,94.7966,-122.276,-1448.0,-676.0,-1400.0,-600.0
-1446.0,-676.0,-100.409,2.97491e-07,85.1468,58.815,94.8532,-121.185,-1446.0,-676.0,-1400.0,-600.0
-1444.0,-676.0,-100.31,2.9412e-07,85.0529,59.9314,94.9471,-120.069,-1444.0,-676.0,-1400.0,-600.0
-1442.0,-676.0,-100.213,2.90871e-07,84.9418,61.0736,95.0582,-118.926,-1442.0,-676.0,-1400.0,-600.0
-1440.0,-676.0,-100.119,2.8774e-07,84.8303,62.2415,95.1697,-117.759,-1440.0,-676.0,-1400.0,-600.0
-1438.0,-676.0,-100.028,2.84732e-07,84.7186,63.4349,95.2814,-116.565,-1438.0,-676.0,-1400.0,-600.0
-1436.0,-676.0,-99.9392,2.8185e-07,84.6069,64.6538,95.3931,-115.346,-1436.0,-676.0,-1400.0,-600.0
-1434.0,-676.0,-99.8539,2.79098e-07,84.4955,65.8978,95.5045,-114.102,-1434.0,-676.0,-1400.0,-600.0
-1432.0,-676.0,-99.7719,2.7648e-07,84.3846,67.1663,95.6154,-112.834,-1432.0,-676.0,-1400.0,-600.0
-1430.0,-676.0,-99.6935,2.74e-07,84.2744,68.459,95.7256,-111.541,-1430.0,-676.0,-1400.0,-600.0
-1428.0,-676.0,-99.619,2.71661e-07,84.1652,69.7751,95.8348,-110.225,-1428.0,-676.0,-1400.0,-600.0
-1426.0,-676.0,-99.5485,2.69468e-07,84.0574,71.1139,95.9426,-108.886,-1426.0,-676.0,-1400.0,-600.0
-1424.0,-676.0,-99.4823,2.67424e-07,83.9511,72.4744,96.0489,-107.526,-1424.0,-676.0,-1400.0,-600.0
-1422.0,-676.0,-99.4205,2.65532e-07,83.8467,73.8557,96.1533,-106.144,-1422.0,-676.0,-1400.0,-600.0
-1420.0,-676.0,-99.3626,2.63769e-07,83.796,75.2564,96.204,-104.744,-1420.0,-676.0,-1400.0,-600.0
-1418.0,-676.0,-111.846,2.62166e-07,83.7579,76.8825,96.2421,-103.963,-1404.61,-618.561,-1404.61,-618.561
-1416.0,-676.0,-120.859,2.60773e-07,83.7139,78.7887,96.2861,-103.963,-1404.61,-618.561,-1404.61,-618.561
-1414.0,-676.0,-121.549,9.22887e-07,88.2096,87.1397,91.7904,92.9776,-1405.2,-499.952,-1405.2,-499.952
-1412.0,-676.0,-118.886,1.03755e-06,88.3919,98.1284,91.6081,81.8273,-1396.74,-577.286,-1425.29,-582.955
-1410.0,-676.0,-118.752,1.03853e-06,88.3779,98.4931,91.6221,81.4627,-1396.71,-578.104,-1425.55,-571.866
-1408.0,-676.0,-121.227,9.22132e-07,88.1556,88.3828,91.8444,91.7345,-1403.03,-499.95,-1403.03,-499.95
-1406.0,-676.0,-121.137,9.21977e-07,88.1377,88.7976,91.8623,91.3197,-1402.3,-499.949,-1402.3,-499.949
-1404.0,-676.0,-130.921,9.38904e-07,88.1541,102.843,91.8459,82.4644,-1396.79,-575.704,-1425.3,-582.577
-1402.0,-676.0,-127.392,9.4042e-07,88.1399,103.277,91.8601,82.4644,-1396.79,-575.704,-1425.44,-576.677
-1400.0,-676.0,-196.256,1.8504e-06,89.0461,-148.119,90.9539,-135.73,-1615.4,-809.977,-1615.4,-809.977
-1398.0,-676.0,-160.926,7.3487e-07,87.5754,-97.9922,92.4246,117.862,-1429.33,-544.506,-1399.59,-687.3
-1396.0,-676.0,-194.026,1.72871e-06,88.9602,134.779,91.0398,-121.37,-1548.0,-842.753,-1401.32,-670.639
-1394.0,-676.0,-174.138,1.60662e-06,88.8778,139.42,91.1222,-124.21,-1548.4,-818.284,-1400.3,-670.601
-1392.0,-676.0,-176.087,1.6117e-06,88.8813,139.761,91.1187,-124.21,-1548.4,-818.284,-1398.46,-670.531
-1390.0,-676.0,-166.953,1.6299e-06,88.8938,-140.534,91.1062,-124.21,-1548.4,-818.284,-1555.98,-812.655
-1388.0,-676.0,-166.978,1.63506e-06,88.8973,-140.856,91.1027,-124.21,-1548.4,-818.284,-1555.97,-812.722
-1386.0,-676.0,-171.353,1.61262e-06,88.882,143.938,91.118,-126.816,-1556.08,-808.509,-1393.75,-670.353
-1384.0,-676.0,-171.113,1.61803e-06,88.8857,144.239,91.1143,-126.816,-1556.08,-808.509,-1391.94,-670.284
-1382.0,-676.0,-170.136,1.67527e-06,88.9238,143.766,91.0762,-124.21,-1548.4,-818.284,-1389.91,-670.207
-1380.0,-676.0,-166.72,1.08339e-06,86.1544,-18.2641,72.897,18.9962,-1369.11,-589.365,-1349.42,-686.093
-1378.0,-676.0,-166.405,1.07707e-06,86.1311,-18.3756,72.8191,19.0824,-1369.27,-589.37,-1347.78,-686.039
-1376.0,-676.0,-165.972,1.07075e-06,86.1076,-18.4883,72.7402,19.1696,-1369.44,-589.375,-1346.14,-685.985
-1374.0,-676.0,-165.455,1.06444e-06,86.0838,-18.6024,72.6605,19.258,-1369.6,-589.38,-1344.5,-685.93
-1372.0,-676.0,-155.719,1.05876e-06,88.297,-21.3207,91.703,11.6373,-1342.24,-588.104,-1346.4,-685.993
-1370.0,-676.0,-155.667,1.05256e-06,88.2744,-21.4832,91.7256,11.6373,-1342.24,-588.104,-1344.75,-685.939
-1368.0,-676.0,-155.702,1.04636e-06,88.2487,-21.6481,91.7513,11.6373,-1342.24,-588.104,-1343.1,-685.884
-1366.0,-676.0,-155.833,1.04017e-06,88.2228,-21.8155,91.7772,11.6373,-1342.24,-588.104,-1341.44,-685.83
-1364.0,-676.0,-156.069,1.03399e-06,88.1965,-21.9853,91.8035,11.6373,-1342.24,-588.104,-1339.79,-685.775
-1362.0,-676.0,-149.543,3.87279e-07,92.0029,61.9347,127.938,52.527,-1392.39,-590.077,-1351.5,-656.312
-1360.0,-676.0,-149.42,3.84177e-07,91.9702,62.8137,128.327,53.5268,-1392.67,-590.086,-1351.41,-659.275
-1358.0,-676.0,-148.601,4.82573e-07,92.0407,70.161,101.015,-64.8011,-1391.53,-618.009,-1351.45,-657.857
-1356.0,-676.0,-149.928,3.78249e-07,91.9018,64.6136,129.098,55.6079,-1393.23,-590.103,-1351.2,-665.886
-1354.0,-676.0,-122.586,4.71047e-07,90.6916,109.79,99.284,-69.0674,-1393.09,-618.075,-1378.6,-607.629
-1352.0,-676.0,-126.599,4.73345e-07,90.6541,110.55,99.2731,-68.2964,-1392.81,-618.063,-1377.63,-607.629
-1350.0,-676.0,-131.835,4.75725e-07,90.6169,111.302,99.2606,-67.533,-1392.53,-618.052,-1376.66,-607.63
-1348.0,-676.0,-148.466,3.75618e-07,91.7154,117.937,129.538,56.8675,-1393.55,-590.112,-1365.44,-643.105
-1346.0,-676.0,-153.654,1.02892e-06,85.6286,-26.1167,86.1298,-28.1357,-1368.16,-617.024,-1326.93,-685.351
-1344.0,-676.0,-154.079,1.02297e-06,85.5788,-26.2807,86.1114,-28.3034,-1368.37,-617.033,-1325.18,-685.294
-1342.0,-676.0,-154.611,1.01703e-06,85.5284,-26.4466,86.0927,-28.4732,-1368.58,-617.042,-1323.43,-685.236
-1340.0,-676.0,-155.268,1.0111e-06,85.4775,-26.6144,86.0739,-28.645,-1368.79,-617.051,-1321.68,-685.178
-1338.0,-676.0,-154.934,9.54419e-07,87.8261,-24.4444,92.1739,11.6373,-1342.24,-588.104,-1318.07,-685.059
-1336.0,-676.0,-154.661,9.48364e-07,87.7952,-24.6552,92.2048,11.6373,-1342.24,-588.104,-1316.38,-685.004
-1334.0,-676.0,-154.487,9.4232e-07,87.7639,-24.8693,92.2361,11.6373,-1342.24,-588.104,-1314.7,-684.948
-1332.0,-676.0,-154.403,9.36286e-07,87.7323,-25.087,92.2677,11.6373,-1342.24,-588.104,-1313.01,-684.892
-1330.0,-676.0,-154.404,9.30264e-07,87.7002,-25.3082,92.2998,11.6373,-1342.24,-588.104,-1311.31,-684.836
-1328.0,-676.0,-159.467,1.33358e-06,88.3838,15.884,91.6162,15.8832,-1361.84,-589.142,-1239.86,-650.921
-1326.0,-676.0,-159.616,1.32717e-06,88.3639,16.0777,91.6361,15.8832,-1361.84,-589.142,-1239.87,-651.175
-1324.0,-676.0,-151.995,8.8559e-07,87.5294,25.2227,92.4706,11.6373,-1342.24,-588.104,-1239.86,-636.367
-1322.0,-676.0,-113.951,9.26414e-07,87.6209,28.7454,92.3791,-26.9284,-1366.61,-616.959,-1239.86,-630.946
-1320.0,-676.0,-150.986,9.23271e-07,84.4991,28.8657,86.2237,-27.2862,-1367.08,-616.979,-1239.86,-631.824
-1318.0,-676.0,-114.177,9.14747e-07,87.5869,29.1478,92.4131,-27.3308,-1367.14,-616.981,-1239.86,-632.423
-1316.0,-676.0,-114.365,9.0893e-07,87.5714,29.3529,92.4286,-27.5358,-1367.41,-616.993,-1239.86,-633.181
-1314.0,-676.0,-114.618,9.03124e-07,87.5558,29.5606,92.4442,-27.7436,-1367.67,-617.004,-1239.86,-633.951
-1312.0,-676.0,-114.953,8.97331e-07,87.54,29.771,92.46,-27.954,-1367.94,-617.015,-1239.86,-634.735
-1310.0,-676.0,-115.39,8.9155e-07,87.524,29.9842,92.476,-28.1671,-1368.2,-617.026,-1239.86,-635.532
-1308.0,-676.0,-115.959,8.85781e-07,87.5079,30.2001,92.4921,-28.3831,-1368.47,-617.037,-1239.86,-636.343
-1306.0,-676.0,-116.698,8.80025e-07,87.4916,30.4189,92.5084,-28.6018,-1368.73,-617.048,-1239.86,-637.168
-1304.0,-676.0,-117.657,8.74282e-07,87.4751,30.6405,92.5249,-28.8235,-1369.0,-617.06,-1239.86,-638.008
-1302.0,-676.0,-118.897,8.68553e-07,87.4584,30.8651,92.5416,-29.0481,-1369.26,-617.071,-1239.86,-638.863
-1300.0,-676.0,-120.481,8.62837e-07,87.4416,31.0927,92.5584,-29.2756,-1369.53,-617.082,-1239.86,-639.734
-1298.0,-676.0,-122.432,8.57135e-07,87.4246,31.3233,92.5754,-29.5062,-1369.8,-617.093,-1239.86,-640.62
-1296.0,-676.0,-124.621,8.51447e-07,87.4073,31.557,92.5927,-29.7399,-1370.06,-617.104,-1239.86,-641.523
-1294.0,-676.0,-126.612,8.45774e-07,87.3899,31.7938,92.6101,-29.9768,-1370.33,-617.116,-1239.86,-642.442
-1292.0,-676.0,-127.885,8.40115e-07,87.3723,32.0339,92.6277,-30.2168,-1370.59,-617.127,-1239.86,-643.379
-1290.0,-676.0,-128.415,8.34471e-07,87.3546,32.2772,92.6454,-30.4601,-1370.86,-617.138,-1239.86,-644.333
-1288.0,-676.0,-128.239,8.28843e-07,87.3366,32.5238,92.6634,-30.7067,-1371.13,-617.149,-1239.86,-645.306
-1286.0,-676.0,-127.354,8.2323e-07,87.3184,32.7738,92.6816,-30.9567,-1371.39,-617.161,-1239.86,-646.297
-1284.0,-676.0,-126.297,8.17633e-07,87.3,33.0272,92.7,-31.2102,-1371.66,-617.172,-1239.86,-647.308
-1282.0,-676.0,-125.254,8.12052e-07,87.2815,33.2841,92.7185,-31.4671,-1371.92,-617.183,-1239.86,-648.339
-1280.0,-676.0,-119.95,9.20914e-07,87.603,163.0,92.397,24.1447,-1376.8,-589.6,-1308.91,-667.162
-1278.0,-676.0,-119.509,9.27301e-07,87.6063,163.121,92.3937,24.024,-1376.66,-589.596,-1308.92,-666.617
-1276.0,-676.0,-118.99,7.95429e-07,87.1976,34.0765,92.8024,-32.2595,-1372.72,-617.217,-1239.87,-651.556
-1274.0,-676.0,-117.087,7.89917e-07,87.178,34.3481,92.822,-32.531,-1372.99,-617.228,-1239.87,-652.673
-1272.0,-676.0,-115.641,7.84423e-07,87.1583,34.6234,92.8417,-32.8064,-1373.26,-617.239,-1239.87,-653.812
-1270.0,-676.0,-114.567,7.78948e-07,87.1383,34.9027,92.8617,-33.0856,-1373.52,-617.25,-1239.87,-654.976
-1268.0,-676.0,-113.772,7.73491e-07,87.1181,35.1859,92.8819,-33.3688,-1373.79,-617.262,-1239.87,-656.164
-1266.0,-676.0,-113.185,7.68053e-07,87.0977,35.4731,92.9023,-33.6561,-1374.06,-617.273,-1239.87,-657.377
-1264.0,-676.0,-112.756,7.62635e-07,87.077,35.7645,92.923,-33.9474,-1374.32,-617.284,-1239.87,-658.617
-1262.0,-676.0,-112.452,7.57238e-07,87.0562,36.06,92.9438,-34.2429,-1374.59,-617.295,-1239.87,-659.884
-1260.0,-676.0,-112.255,7.5186e-07,87.0351,36.3597,92.9649,-34.5427,-1374.86,-617.307,-1239.87,-661.178
-1258.0,-676.0,-112.155,7.46504e-07,87.0138,36.6638,92.9862,-34.8467,-1375.13,-617.318,-1239.87,-662.502
-1256.0,-676.0,-112.153,7.41169e-07,86.9923,36.9723,93.0077,-35.1552,-1375.39,-617.329,-1239.87,-663.855
-1254.0,-676.0,-112.258,7.35855e-07,86.9706,37.2852,93.0294,-35.4682,-1375.66,-617.34,-1239.87,-665.24
-1252.0,-676.0,-112.492,7.30556e-07,86.9615,37.6027,93.0385,-35.7857,-1375.93,-617.352,-1239.87,-666.656
-1250.0,-676.0,-116.694,1.01698e-06,87.8337,164.651,92.1663,22.4944,-1374.73,-589.537,-1309.14,-659.766
-1248.0,-676.0,-112.248,7.22319e-07,86.9716,135.01,93.0284,46.6591,-1390.58,-590.022,-1336.09,-587.943
-1246.0,-676.0,-112.502,7.27032e-07,87.0135,135.382,92.9865,46.2868,-1390.46,-590.018,-1335.26,-587.922
-1244.0,-676.0,-112.963,7.31777e-07,87.055,135.75,92.945,45.9193,-1390.33,-590.014,-1334.44,-587.9
-1242.0,-676.0,-113.693,7.36551e-07,87.096,136.112,92.904,45.5566,-1390.2,-590.01,-1333.61,-587.879
-1240.0,-676.0,-114.805,7.41355e-07,87.1366,136.47,92.8634,45.1986,-1390.08,-590.006,-1332.79,-587.857
-1238.0,-676.0,0.0,0.0,0.0,0.0,0.0,0.0,0.0,0.0,0.0,0.0
-1236.0,-676.0,0.0,0.0,0.0,0.0,0.0,0.0,0.0,0.0,0.0,0.0
-1234.0,-676.0,0.0,0.0,0.0,0.0,0.0,0.0,0.0,0.0,0.0,0.0
-1232.0,-676.0,0.0,0.0,0.0,0.0,0.0,0.0,0.0,0.0,0.0,0.0
-1230.0,-676.0,0.0,0.0,0.0,0.0,0.0,0.0,0.0,0.0,0.0,0.0
-1228.0,-676.0,0.0,0.0,0.0,0.0,0.0,0.0,0.0,0.0,0.0,0.0
-1226.0,-676.0,0.0,0.0,0.0,0.0,0.0,0.0,0.0,0.0,0.0,0.0
-1224.0,-676.0,0.0,0.0,0.0,0.0,0.0,0.0,0.0,0.0,0.0,0.0
-1222.0,-676.0,0.0,0.0,0.0,0.0,0.0,0.0,0.0,0.0,0.0,0.0
-1220.0,-676.0,0.0,0.0,0.0,0.0,0.0,0.0,0.0,0.0,0.0,0.0
-1218.0,-676.0,-209.924,1.26584e-06,88.4638,167.858,91.5362,-1.7875,-1159.57,-607.503,-1219.74,-675.626
-1216.0,-676.0,-209.93,1.27235e-06,88.4844,168.03,91.5156,-1.7875,-1159.57,-607.503,-1219.74,-675.207
-1214.0,-676.0,-203.633,1.24146e-06,88.4597,12.8092,91.5403,-1.7875,-1159.57,-607.503,-1139.8,-659.13
-1212.0,-676.0,-202.703,1.23495e-06,88.4646,13.0055,91.5354,-1.7875,-1159.57,-607.503,-1139.92,-659.351
-1210.0,-676.0,-165.923,1.66187e-06,88.8688,-106.032,91.1312,-43.3117,-1381.35,-617.58,-1232.16,-753.126
-1208.0,-676.0,-166.197,1.66372e-06,88.884,-106.297,91.116,-43.3117,-1381.35,-617.58,-1230.53,-753.072
-1206.0,-676.0,-166.535,1.66559e-06,88.9143,-106.562,91.0857,-43.3117,-1381.35,-617.58,-1228.9,-753.018
-1204.0,-676.0,-166.954,1.66751e-06,88.9187,-106.826,91.0813,-43.3117,-1381.35,-617.58,-1227.28,-752.965
-1202.0,-676.0,-167.469,1.66945e-06,88.9199,-107.089,91.0801,-43.3117,-1381.35,-617.58,-1225.65,-752.911
-1600.0,-674.0,-108.007,7.12054e-07,87.8641,20.3045,92.1359,-159.696,-1600.0,-674.0,-1400.0,-600.0
-1598.0,-674.0,-107.93,7.05814e-07,87.8224,20.4926,92.1776,-159.507,-1598.0,-674.0,-1400.0,-600.0
-1596.0,-674.0,-107.853,6.99582e-07,87.7799,20.6841,92.2201,-159.316,-1596.0,-674.0,-1400.0,-600.0
-1594.0,-674.0,-107.775,6.93358e-07,87.7366,20.879,92.2634,-159.121,-1594.0,-674.0,-1400.0,-600.0
-1592.0,-674.0,-107.696,6.87144e-07,87.6927,21.0775,92.3073,-158.923,-1592.0,-674.0,-1400.0,-600.0
-1590.0,-674.0,-107.617,6.80937e-07,87.6479,21.2796,92.3521,-158.72,-1590.0,-674.0,-1400.0,-600.0
-1588.0,-674.0,-107.538,6.7474e-07,87.6023,21.4854,92.3977,-158.515,-1588.0,-674.0,-1400.0,-600.0
-1586.0,-674.0,-107.457,6.68552e-07,87.5563,21.6951,92.4437,-158.305,-1586.0,-674.0,-1400.0,-600.0
-1584.0,-674.0,-107.376,6.62367e-07,87.523,21.9087,92.477,-158.091,-1584.0,-674.0,-1400.0,-600.0
-1582.0,-674.0,-107.295,6.56209e-07,87.4543,22.1263,92.5457,-157.874,-1582.0,-674.0,-1400.0,-600.0
-1580.0,-674.0,-107.213,6.50064e-07,87.3806,22.3481,92.6194,-157.652,-1580.0,-674.0,-1400.0,-600.0
-1578.0,-674.0,-107.13,6.43929e-07,87.3054,22.5741,92.6946,-157.426,-1578.0,-674.0,-1400.0,-600.0
-1576.0,-674.0,-107.047,6.37806e-07,87.2288,22.8045,92.7712,-157.195,-1576.0,-674.0,-1400.0,-600.0
-1574.0,-674.0,-106.963,6.31695e-07,87.1508,23.0394,92.8492,-156.961,-1574.0,-674.0,-1400.0,-600.0
-1572.0,-674.0,-106.879,6.25595e-07,87.0714,23.2789,92.9286,-156.721,-1572.0,-674.0,-1400.0,-600.0
-1570.0,-674.0,-106.794,6.19508e-07,86.9904,23.5232,93.0096,-156.477,-1570.0,-674.0,-1400.0,-600.0
-1568.0,-674.0,-106.708,6.13433e-07,86.9079,23.7723,93.0921,-156.228,-1568.0,-674.0,-1400.0,-600.0
-1566.0,-674.0,-106.621,6.07372e-07,86.8238,24.0265,93.1762,-155.973,-1566.0,-674.0,-1400.0,-600.0
-1564.0,-674.0,-106.534,6.01324e-07,86.738,24.2858,93.262,-155.714,-1564.0,-674.0,-1400.0,-600.0
-1562.0,-674.0,-106.446,5.9529e-07,86.6506,24.5505,93.3494,-155.45,-1562.0,-674.0,-1400.0,-600.0
-1560.0,-674.0,-106.357,5.89241e-07,86.6093,24.8205,93.3907,-155.179,-1560.0,-674.0,-1400.0,-600.0
-1558.0,-674.0,-106.267,5.83185e-07,86.6018,25.0963,93.3982,-154.904,-1558.0,-674.0,-1400.0,-600.0
-1556.0,-674.0,-106.177,5.77142e-07,86.5942,25.3777,93.4058,-154.622,-1556.0,-674.0,-1400.0,-600.0
-1554.0,-674.0,-106.085,5.71114e-07,86.5865,25.6652,93.4135,-154.335,-1554.0,-674.0,-1400.0,-600.0
-1552.0,-674.0,-105.993,5.651e-07,86.5787,25.9588,93.4213,-154.041,-1552.0,-674.0,-1400.0,-600.0
-1550.0,-674.0,-105.9,5.59102e-07,86.5709,26.2587,93.4291,-153.741,-1550.0,-674.0,-1400.0,-600.0
-1548.0,-674.0,-105.806,5.53119e-07,86.563,26.5651,93.437,-153.435,-1548.0,-674.0,-1400.0,-600.0
-1546.0,-674.0,-105.712,5.47152e-07,86.555,26.8781,93.445,-153.122,-1546.0,-674.0,-1400.0,-600.0
-1544.0,-674.0,-105.617,5.41202e-07,86.547,27.1981,93.453,-152.802,-1544.0,-674.0,-1400.0,-600.0
-1542.0,-674.0,-105.521,5.35268e-07,86.5388,27.5252,93.4612,-152.475,-1542.0,-674.0,-1400.0,-600.0
-1540.0,-674.0,-105.424,5.29353e-07,86.5306,27.8597,93.4694,-152.14,-1540.0,-674.0,-1400.0,-600.0
-1538.0,-674.0,-105.326,5.23462e-07,86.5126,28.2016,93.4874,-151.798,-1538.0,-674.0,-1400.0,-600.0
-1536.0,-674.0,-105.228,5.17586e-07,86.5009,28.5514,93.4991,-151.449,-1536.0,-674.0,-1400.0,-600.0
-1534.0,-674.0,-105.129,5.1171e-07,86.5239,28.9092,93.4761,-151.091,-1534.0,-674.0,-1400.0,-600.0
-1532.0,-674.0,-105.029,5.05855e-07,86.5475,29.2753,93.4525,-150.725,-1532.0,-674.0,-1400.0,-600.0
-1530.0,-674.0,-104.928,5.00022e-07,86.5718,29.6499,93.4282,-150.35,-1530.0,-674.0,-1400.0,-600.0
-1528.0,-674.0,-104.826,4.9421e-07,86.5969,30.0333,93.4031,-149.967,-1528.0,-674.0,-1400.0,-600.0
-1526.0,-674.0,-104.723,4.88421e-07,86.6227,30.4258,93.3773,-149.574,-1526.0,-674.0,-1400.0,-600.0
-1524.0,-674.0,-104.62,4.82655e-07,86.6493,30.8277,93.3507,-149.172,-1524.0,-674.0,-1400.0,-600.0
-1522.0,-674.0,-104.516,4.76913e-07,86.6768,31.2392,93.3232,-148.761,-1522.0,-674.0,-1400.0,-600.0
-1520.0,-674.0,-104.411,4.71197e-07,86.705,31.6608,93.295,-148.339,-1520.0,-674.0,-1400.0,-600.0
-1518.0,-674.0,-104.305,4.65507e-07,86.7342,32.0926,93.2658,-147.907,-1518.0,-674.0,-1400.0,-600.0
-1516.0,-674.0,-104.198,4.59844e-07,86.7642,32.5351,93.2358,-147.465,-1516.0,-674.0,-1400.0,-600.0
-1514.0,-674.0,-104.091,4.5421e-07,86.7952,32.9885,93.2048,-147.011,-1514.0,-674.0,-1400.0,-600.0
-1512.0,-674.0,-103.983,4.48623e-07,86.7839,33.4533,93.2161,-146.547,-1512.0,-674.0,-1400.0,-600.0
-1510.0,-674.0,-103.875,4.43079e-07,86.7437,33.9298,93.2563,-146.07,-1510.0,-674.0,-1400.0,-600.0
-1508.0,-674.0,-103.766,4.37567e-07,86.7026,34.4184,93.2974,-145.582,-1508.0,-674.0,-1400.0,-600.0
-1506.0,-674.0,-103.656,4.32088e-07,86.6607,34.9194,93.3393,-145.081,-1506.0,-674.0,-1400.0,-600.0
-1504.0,-674.0,-103.546,4.26642e-07,86.6181,35.4333,93.3819,-144.567,-1504.0,-674.0,-1400.0,-600.0
-1502.0,-674.0,-103.435,4.21232e-07,86.5746,35.9605,93.4254,-144.039,-1502.0,-674.0,-1400.0,-600.0
-1500.0,-674.0,-103.323,4.15859e-07,86.5303,36.5014,93.4697,-143.499,-1500.0,-674.0,-1400.0,-600.0
-1498.0,-674.0,-103.211,4.10524e-07,86.4851,37.0565,93.5149,-142.943,-1498.0,-674.0,-1400.0,-600.0
-1496.0,-674.0,-103.098,4.05228e-07,86.4391,37.6262,93.5609,-142.374,-1496.0,-674.0,-1400.0,-600.0
-1494.0,-674.0,-102.984,3.99974e-07,86.3923,38.211,93.6077,-141.789,-1494.0,-674.0,-1400.0,-600.0
-1492.0,-674.0,-102.87,3.94762e-07,86.3446,38.8114,93.6554,-141.189,-1492.0,-674.0,-1400.0,-600.0
-1490.0,-674.0,-102.756,3.89595e-07,86.296,39.4278,93.704,-140.572,-1490.0,-674.0,-1400.0,-600.0
-1488.0,-674.0,-102.64,3.84475e-07,86.2466,40.0608,93.7534,-139.939,-1488.0,-674.0,-1400.0,-600.0
-1486.0,-674.0,-102.525,3.79403e-07,86.1964,40.7108,93.8036,-139.289,-1486.0,-674.0,-1400.0,-600.0
-1484.0,-674.0,-102.409,3.74381e-07,86.1453,41.3785,93.8547,-138.621,-1484.0,-674.0,-1400.0,-600.0
-1482.0,-674.0,-102.293,3.69411e-07,86.0933,42.0643,93.9067,-137.936,-1482.0,-674.0,-1400.0,-600.0
-1480.0,-674.0,-102.176,3.64496e-07,86.0406,42.7688,93.9594,-137.231,-1480.0,-674.0,-1400.0,-600.0
-1478.0,-674.0,-102.059,3.59637e-07,85.987,43.4926,94.013,-136.507,-1478.0,-674.0,-1400.0,-600.0
-1476.0,-674.0,-101.942,3.54838e-07,85.9326,44.2361,94.0674,-135.764,-1476.0,-674.0,-1400.0,-600.0
-1474.0,-674.0,-101.825,3.501e-07,85.8775,45.0,94.1225,-135.0,-1474.0,-674.0,-1400.0,-600.0
-1472.0,-674.0,-101.709,3.45425e-07,85.8216,45.7848,94.1784,-134.215,-1472.0,-674.0,-1400.0,-600.0
-1470.0,-674.0,-101.592,3.40818e-07,85.765,46.5911,94.235,-133.409,-1470.0,-674.0,-1400.0,-600.0
-1468.0,-674.0,-101.475,3.36279e-07,85.7078,47.4195,94.2922,-132.58,-1468.0,-674.0,-1400.0,-600.0
-1466.0,-674.0,-101.359,3.31813e-07,85.6499,48.2705,94.3501,-131.73,-1466.0,-674.0,-1400.0,-600.0
-1464.0,-674.0,-101.243,3.27422e-07,85.5914,49.1446,94.4086,-130.855,-1464.0,-674.0,-1400.0,-600.0
-1462.0,-674.0,-101.128,3.23109e-07,85.5325,50.0425,94.4675,-129.958,-1462.0,-674.0,-1400.0,-600.0
-1460.0,-674.0,-101.013,3.18878e-07,85.473,50.9645,94.527,-129.036,-1460.0,-674.0,-1400.0,-600.0
-1458.0,-674.0,-100.899,3.14731e-07,85.4133,51.9112,94.5867,-128.089,-1458.0,-674.0,-1400.0,-600.0
-1456.0,-674.0,-100.786,3.10672e-07,85.3532,52.8831,94.6468,-127.117,-1456.0,-674.0,-1400.0,-600.0
-1454.0,-674.0,-100.674,3.06704e-07,85.293,53.8807,94.707,-126.119,-1454.0,-674.0,-1400.0,-600.0
-1452.0,-674.0,-100.564,3.02832e-07,85.2326,54.9042,94.7674,-125.096,-1452.0,-674.0,-1400.0,-600.0
-1450.0,-674.0,-100.455,2.99058e-07,85.1723,55.9541,94.8277,-124.046,-1450.0,-674.0,-1400.0,-600.0
-1448.0,-674.0,-100.347,2.95387e-07,85.1122,57.0306,94.8878,-122.969,-1448.0,-674.0,-1400.0,-600.0
-1446.0,-674.0,-100.242,2.91823e-07,85.0524,58.134,94.9476,-121.866,-1446.0,-674.0,-1400.0,-600.0
-1444.0,-674.0,-100.138,2.88369e-07,84.9929,59.2645,95.0071,-120.735,-1444.0,-674.0,-1400.0,-600.0
-1442.0,-674.0,-100.037,2.85052e-07,84.8818,60.4222,95.1182,-119.578,-1442.0,-674.0,-1400.0,-600.0
-1440.0,-674.0,-99.9394,2.81857e-07,84.7661,61.607,95.2339,-118.393,-1440.0,-674.0,-1400.0,-600.0
-1438.0,-674.0,-99.8441,2.78785e-07,84.6502,62.8189,95.3498,-117.181,-1438.0,-674.0,-1400.0,-600.0
-1436.0,-674.0,-99.7518,2.7584e-07,84.5341,64.0577,95.4659,-115.942,-1436.0,-674.0,-1400.0,-600.0
-1434.0,-674.0,-99.6626,2.73027e-07,84.4183,65.3231,95.5817,-114.677,-1434.0,-674.0,-1400.0,-600.0
-1432.0,-674.0,-99.5769,2.7035e-07,84.3028,66.6148,95.6972,-113.385,-1432.0,-674.0,-1400.0,-600.0
-1430.0,-674.0,-99.4949,2.67813e-07,84.1881,67.9321,95.8119,-112.068,-1430.0,-674.0,-1400.0,-600.0
-1428.0,-674.0,-99.4169,2.6542e-07,84.0744,69.2744,95.9256,-110.726,-1428.0,-674.0,-1400.0,-600.0
-1426.0,-674.0,-99.343,2.63175e-07,83.962,70.641,96.038,-109.359,-1426.0,-674.0,-1400.0,-600.0
-1424.0,-674.0,-99.2735,2.61081e-07,83.8512,72.0309,96.1488,-107.969,-1424.0,-674.0,-1400.0,-600.0
-1422.0,-674.0,-99.2087,2.59142e-07,83.7424,73.4429,96.2576,-106.557,-1422.0,-674.0,-1400.0,-600.0
-1420.0,-674.0,-99.1487,2.5736e-07,83.6409,74.876,96.3591,-105.124,-1420.0,-674.0,-1400.0,-600.0
-1418.0,-674.0,-108.29,2.55712e-07,83.5997,76.4265,96.4003,-103.963,-1404.61,-618.561,-1404.61,-618.561
-1416.0,-674.0,-119.223,2.54296e-07,83.5042,78.3951,96.4958,-103.963,-1404.61,-618.561,-1404.61,-618.561
-1414.0,-674.0,-121.495,9.16232e-07,88.1831,87.1189,91.8169,92.9984,-1405.24,-499.952,-1405.24,-499.952
-1412.0,-674.0,-118.798,1.03096e-06,88.3696,98.1809,91.6304,81.7748,-1396.73,-577.407,-1425.33,-581.287
-1410.0,-674.0,-121.281,9.15676e-07,88.1467,87.9534,91.8533,92.1639,-1403.78,-499.951,-1403.78,-499.951
-1408.0,-674.0,-121.175,9.15472e-07,88.1286,88.371,91.8714,91.7463,-1403.05,-499.95,-1403.05,-499.95
-1406.0,-674.0,-121.084,9.15315e-07,88.1107,88.7888,91.8893,91.3285,-1402.32,-499.949,-1402.32,-499.949
-1404.0,-674.0,-130.129,9.32409e-07,88.128,102.943,91.872,82.4644,-1396.79,-575.704,-1425.33,-581.18
-1402.0,-674.0,-126.349,9.33937e-07,88.1138,103.38,91.8862,82.4644,-1396.79,-575.704,-1425.47,-575.338
-1400.0,-674.0,-195.859,1.85394e-06,89.0412,-147.737,90.9588,-135.73,-1615.4,-809.977,-1615.4,-809.977
-1398.0,-674.0,-161.163,7.41483e-07,87.5804,-97.8921,92.4196,117.862,-1429.33,-544.506,-1399.84,-687.308
-1396.0,-674.0,-174.352,1.59722e-06,88.8669,139.479,91.1331,-124.21,-1548.4,-818.284,-1399.99,-670.589
-1394.0,-674.0,-176.366,1.6023e-06,88.8671,139.823,91.1329,-124.21,-1548.4,-818.284,-1398.12,-670.518
-1392.0,-674.0,-177.617,1.60741e-06,88.8707,140.163,91.1293,-124.21,-1548.4,-818.284,-1396.26,-670.448
-1390.0,-674.0,-167.236,1.63416e-06,88.8891,-140.142,91.1109,-124.21,-1548.4,-818.284,-1555.98,-812.573
-1388.0,-674.0,-167.056,1.6393e-06,88.8926,-140.465,91.1074,-124.21,-1548.4,-818.284,-1555.98,-812.641
-1386.0,-674.0,-166.874,1.10446e-06,86.2237,-18.2685,72.9012,18.9916,-1369.1,-589.364,-1349.37,-686.091
-1384.0,-674.0,-166.574,1.09814e-06,86.2013,-18.3778,72.8248,19.0761,-1369.26,-589.369,-1347.76,-686.038
-1382.0,-674.0,-166.158,1.09182e-06,86.1787,-18.4883,72.7475,19.1616,-1369.42,-589.374,-1346.16,-685.985
-1380.0,-674.0,-165.658,1.08551e-06,86.1558,-18.6002,72.6693,19.2482,-1369.58,-589.379,-1344.55,-685.932
-1378.0,-674.0,-155.935,1.07983e-06,88.3187,-21.2517,91.6813,11.6373,-1342.24,-588.104,-1347.1,-686.016
-1376.0,-674.0,-155.848,1.07362e-06,88.309,-21.4099,91.691,11.6373,-1342.24,-588.104,-1345.49,-685.963
-1374.0,-674.0,-155.843,1.06741e-06,88.2992,-21.5703,91.7008,11.6373,-1342.24,-588.104,-1343.87,-685.91
-1372.0,-674.0,-155.926,1.06121e-06,88.2892,-21.733,91.7108,11.6373,-1342.24,-588.104,-1342.26,-685.857
-1370.0,-674.0,-156.105,1.05503e-06,88.2667,-21.898,91.7333,11.6373,-1342.24,-588.104,-1340.64,-685.803
-1368.0,-674.0,-156.388,1.04885e-06,88.2411,-22.0655,91.7589,11.6373,-1342.24,-588.104,-1339.01,-685.75
-1366.0,-674.0,-152.718,1.09167e-06,86.11,-24.8976,86.2694,-26.8757,-1366.54,-616.956,-1340.57,-685.801
-1364.0,-674.0,-152.657,1.08566e-06,86.0658,-25.0454,86.2526,-27.0266,-1366.74,-616.965,-1338.87,-685.745
-1362.0,-674.0,-149.479,3.81399e-07,92.0026,61.4627,127.725,51.9941,-1392.24,-590.072,-1351.55,-654.786
-1360.0,-674.0,-149.251,3.78249e-07,91.9695,62.3515,128.123,52.9994,-1392.53,-590.081,-1351.46,-657.697
-1358.0,-674.0,-147.993,4.76297e-07,92.0443,69.8884,100.994,-64.5244,-1391.42,-618.005,-1351.5,-656.262
-1356.0,-674.0,-120.705,4.62528e-07,90.7125,109.292,99.2867,-69.5725,-1393.27,-618.082,-1379.22,-607.675
-1354.0,-674.0,-123.695,4.64771e-07,90.6743,110.068,99.2766,-68.7848,-1392.99,-618.071,-1378.23,-607.675
-1352.0,-674.0,-128.434,4.671e-07,90.6364,110.837,99.265,-68.0048,-1392.71,-618.059,-1377.24,-607.675
-1350.0,-674.0,-133.086,4.69512e-07,90.5987,111.598,99.2518,-67.2328,-1392.43,-618.047,-1376.26,-607.676
-1348.0,-674.0,-154.099,1.03782e-06,85.6948,-26.2889,86.112,-28.2974,-1368.36,-617.033,-1325.14,-685.292
-1346.0,-674.0,-154.621,1.03188e-06,85.646,-26.4525,86.0937,-28.4646,-1368.57,-617.041,-1323.42,-685.235
-1344.0,-674.0,-155.264,1.02595e-06,85.5967,-26.618,86.0752,-28.6337,-1368.77,-617.05,-1321.69,-685.179
-1342.0,-674.0,-155.034,9.69308e-07,87.8801,-24.4854,92.1199,11.6373,-1342.24,-588.104,-1317.74,-685.048
-1340.0,-674.0,-154.786,9.63254e-07,87.85,-24.6924,92.15,11.6373,-1342.24,-588.104,-1316.09,-684.994
-1338.0,-674.0,-154.63,9.57211e-07,87.8196,-24.9026,92.1804,11.6373,-1342.24,-588.104,-1314.44,-684.939
-1336.0,-674.0,-154.559,9.51179e-07,87.7887,-25.1162,92.2113,11.6373,-1342.24,-588.104,-1312.78,-684.885
-1334.0,-674.0,-154.568,9.96217e-07,87.8725,-25.3333,92.1275,-35.9954,-1376.1,-617.359,-1311.12,-684.83
-1332.0,-674.0,-162.295,9.90559e-07,85.2889,-27.6526,85.9601,-29.6917,-1370.01,-617.102,-1311.32,-684.836
-1330.0,-674.0,-158.493,1.33823e-06,88.3923,15.0271,91.6077,15.8832,-1361.84,-589.142,-1239.86,-649.803
-1328.0,-674.0,-158.641,1.33179e-06,88.3724,15.2091,91.6276,15.8832,-1361.84,-589.142,-1239.86,-650.039
-1326.0,-674.0,-158.791,1.32537e-06,88.3523,15.3953,91.6477,15.8832,-1361.84,-589.142,-1239.86,-650.282
-1324.0,-674.0,-158.776,8.565e-07,87.431,20.9619,92.569,-9.41385,-1309.77,-614.96,-1239.86,-641.767
-1322.0,-674.0,-159.096,1.31253e-06,88.3185,15.7816,91.6815,15.8832,-1361.84,-589.142,-1239.86,-650.787
-1320.0,-674.0,-151.86,8.70701e-07,87.4647,25.1929,92.5353,11.6373,-1342.24,-588.104,-1239.86,-636.302
-1318.0,-674.0,-150.814,9.14252e-07,84.4039,28.6938,86.2407,-27.1335,-1366.88,-616.971,-1239.86,-631.232
-1316.0,-674.0,-113.935,9.0568e-07,87.5627,28.9846,92.4373,-27.1675,-1366.93,-616.972,-1239.86,-631.823
-1314.0,-674.0,-114.082,8.99854e-07,87.5469,29.1907,92.4531,-27.3736,-1367.2,-616.984,-1239.86,-632.582
-1312.0,-674.0,-114.287,8.94039e-07,87.5309,29.3995,92.4691,-27.5824,-1367.47,-616.995,-1239.86,-633.353
-1310.0,-674.0,-114.562,8.88236e-07,87.5148,29.611,92.4852,-27.7939,-1367.74,-617.006,-1239.86,-634.138
-1308.0,-674.0,-114.926,8.82446e-07,87.4985,29.8253,92.5015,-28.0082,-1368.01,-617.018,-1239.86,-634.937
-1306.0,-674.0,-115.403,8.76668e-07,87.482,30.0424,92.518,-28.2254,-1368.27,-617.029,-1239.86,-635.75
-1304.0,-674.0,-116.026,8.70904e-07,87.4653,30.2624,92.5347,-28.4454,-1368.54,-617.04,-1239.86,-636.578
-1302.0,-674.0,-116.837,8.65152e-07,87.4484,30.4854,92.5516,-28.6683,-1368.81,-617.052,-1239.86,-637.42
-1300.0,-674.0,-117.894,8.59413e-07,87.4314,30.7113,92.5686,-28.8943,-1369.08,-617.063,-1239.86,-638.277
-1298.0,-674.0,-119.261,8.53688e-07,87.4141,30.9403,92.5859,-29.1232,-1369.35,-617.075,-1239.86,-639.15
-1296.0,-674.0,-120.999,8.47977e-07,87.3967,31.1724,92.6033,-29.3553,-1369.62,-617.086,-1239.86,-640.039
-1294.0,-674.0,-123.093,8.42281e-07,87.3791,31.4076,92.6209,-29.5905,-1369.89,-617.097,-1239.86,-640.945
-1292.0,-674.0,-125.303,8.36598e-07,87.3613,31.646,92.6387,-29.829,-1370.16,-617.109,-1239.86,-641.868
-1290.0,-674.0,-127.07,8.3093e-07,87.3433,31.8877,92.6567,-30.0706,-1370.43,-617.12,-1239.86,-642.808
-1288.0,-674.0,-128.026,8.25278e-07,87.3251,32.1327,92.6749,-30.3157,-1370.7,-617.131,-1239.86,-643.766
-1286.0,-674.0,-119.628,8.99836e-07,87.5468,163.034,92.4532,24.111,-1376.76,-589.599,-1308.91,-667.01
-1284.0,-674.0,-119.183,9.06216e-07,87.5641,163.157,92.4359,23.9878,-1376.62,-589.594,-1308.93,-666.453
-1282.0,-674.0,-118.789,9.12599e-07,87.5812,163.279,92.4188,23.8663,-1376.47,-589.59,-1308.95,-665.905
-1280.0,-674.0,-118.441,9.18987e-07,87.598,163.399,92.402,23.7464,-1376.33,-589.586,-1308.96,-665.365
-1278.0,-674.0,-118.133,9.25379e-07,87.6146,163.517,92.3854,23.6283,-1376.18,-589.581,-1308.98,-664.833
-1276.0,-674.0,-117.865,9.31781e-07,87.6212,163.633,92.3788,23.5118,-1376.04,-589.577,-1309.0,-664.309
-1274.0,-674.0,-117.625,9.3818e-07,87.6375,163.748,92.3625,23.3968,-1375.9,-589.573,-1309.01,-663.793
-1272.0,-674.0,-117.413,9.44583e-07,87.6535,163.862,92.3465,23.2834,-1375.76,-589.568,-1309.03,-663.285
-1270.0,-674.0,-116.118,7.75143e-07,87.1402,34.4976,92.8598,-32.6806,-1373.14,-617.234,-1239.87,-653.291
-1268.0,-674.0,-114.871,7.69659e-07,87.1198,34.7793,92.8802,-32.9623,-1373.41,-617.245,-1239.87,-654.461
-1266.0,-674.0,-113.951,7.64194e-07,87.0992,35.0651,92.9008,-33.2481,-1373.68,-617.257,-1239.87,-655.656
-1264.0,-674.0,-113.274,7.58748e-07,87.0784,35.355,92.9216,-33.538,-1373.95,-617.268,-1239.87,-656.877
-1262.0,-674.0,-112.778,7.53323e-07,87.0573,35.6491,92.9427,-33.832,-1374.22,-617.28,-1239.87,-658.125
-1260.0,-674.0,-112.424,7.47917e-07,87.036,35.9475,92.964,-34.1304,-1374.49,-617.291,-1239.87,-659.4
-1258.0,-674.0,-112.185,7.42532e-07,87.0145,36.2502,92.9855,-34.4331,-1374.76,-617.303,-1239.87,-660.704
-1256.0,-674.0,-112.049,7.37168e-07,86.9928,36.5573,93.0072,-34.7402,-1375.03,-617.314,-1239.87,-662.037
-1254.0,-674.0,-112.012,7.31826e-07,86.9708,36.8689,93.0292,-35.0519,-1375.3,-617.325,-1239.87,-663.401
-1252.0,-674.0,-112.081,7.26497e-07,86.9616,37.1851,93.0384,-35.3681,-1375.58,-617.337,-1239.87,-664.796
-1250.0,-674.0,-112.135,7.12898e-07,86.9263,135.01,93.0737,46.659,-1390.58,-590.022,-1336.09,-587.943
-1248.0,-674.0,-112.394,7.17611e-07,86.969,135.387,93.031,46.2818,-1390.45,-590.018,-1335.25,-587.921
-1246.0,-674.0,-112.868,7.22356e-07,87.0113,135.76,92.9887,45.9095,-1390.33,-590.014,-1334.41,-587.9
-1244.0,-674.0,-113.621,7.27131e-07,87.0532,136.127,92.9468,45.5422,-1390.2,-590.01,-1333.58,-587.878
-1242.0,-674.0,-114.773,7.31936e-07,87.0946,136.489,92.9054,45.1796,-1390.07,-590.006,-1332.74,-587.856
-1240.0,-674.0,-116.517,7.36769e-07,87.1356,136.847,92.8644,44.8219,-1389.94,-590.002,-1331.91,-587.834
-1238.0,-674.0,0.0,0.0,0.0,0.0,0.0,0.0,0.0,0.0,0.0,0.0
-1236.0,-674.0,0.0,0.0,0.0,0.0,0.0,0.0,0.0,0.0,0.0,0.0
-1234.0,-674.0,0.0,0.0,0.0,0.0,0.0,0.0,0.0,0.0,0.0,0.0
-1232.0,-674.0,0.0,0.0,0.0,0.0,0.0,0.0,0.0,0.0,0.0,0.0
-1230.0,-674.0,0.0,0.0,0.0,0.0,0.0,0.0,0.0,0.0,0.0,0.0
-1228.0,-674.0,0.0,0.0,0.0,0.0,0.0,0.0,0.0,0.0,0.0,0.0
-1226.0,-674.0,0.0,0.0,0.0,0.0,0.0,0.0,0.0,0.0,0.0,0.0
-1224.0,-674.0,0.0,0.0,0.0,0.0,0.0,0.0,0.0,0.0,0.0,0.0
-1222.0,-674.0,0.0,0.0,0.0,0.0,0.0,0.0,0.0,0.0,0.0,0.0
-1220.0,-674.0,0.0,0.0,0.0,0.0,0.0,0.0,0.0,0.0,0.0,0.0
-1218.0,-674.0,-206.396,1.26447e-06,88.4719,168.668,91.5281,-1.7875,-1159.57,-607.503,-1219.74,-673.651
-1216.0,-674.0,-205.672,1.27101e-06,88.4925,168.829,91.5075,-1.7875,-1159.57,-607.503,-1219.74,-673.261
-1214.0,-674.0,-205.085,1.27755e-06,88.5129,168.985,91.4871,-1.7875,-1159.57,-607.503,-1219.74,-672.883
-1212.0,-674.0,-204.614,1.28409e-06,88.533,169.137,91.467,-1.7875,-1159.57,-607.503,-1219.74,-672.515
-1210.0,-674.0,-165.894,1.66828e-06,88.8806,-105.956,91.1194,-43.3117,-1381.35,-617.58,-1232.63,-753.141
-1208.0,-674.0,-166.15,1.67012e-06,88.8915,-106.22,91.1085,-43.3117,-1381.35,-617.58,-1231.01,-753.088
-1206.0,-674.0,-166.467,1.67199e-06,88.9111,-106.484,91.0889,-43.3117,-1381.35,-617.58,-1229.39,-753.034
-1204.0,-674.0,-166.859,1.6739e-06,88.9154,-106.747,91.0846,-43.3117,-1381.35,-617.58,-1227.77,-752.981
-1202.0,-674.0,-167.341,1.67583e-06,88.9167,-107.009,91.0833,-43.3117,-1381.35,-617.58,-1226.14,-752.927
-1600.0,-672.0,-107.979,7.09759e-07,87.8747,19.7989,92.1253,-160.201,-1600.0,-672.0,-1400.0,-600.0
-1598.0,-672.0,-107.901,7.03499e-07,87.8328,19.9831,92.1672,-160.017,-1598.0,-672.0,-1400.0,-600.0
-1596.0,-672.0,-107.824,6.97246e-07,87.7902,20.1707,92.2098,-159.829,-1596.0,-672.0,-1400.0,-600.0
-1594.0,-672.0,-107.745,6.91002e-07,87.7468,20.3616,92.2532,-159.638,-1594.0,-672.0,-1400.0,-600.0
-1592.0,-672.0,-107.666,6.84765e-07,87.7027,20.556,92.2973,-159.444,-1592.0,-672.0,-1400.0,-600.0
-1590.0,-672.0,-107.587,6.78537e-07,87.6578,20.7541,92.3422,-159.246,-1590.0,-672.0,-1400.0,-600.0
-1588.0,-672.0,-107.506,6.72318e-07,87.6121,20.9558,92.3879,-159.044,-1588.0,-672.0,-1400.0,-600.0
-1586.0,-672.0,-107.425,6.66107e-07,87.5656,21.1613,92.4344,-158.839,-1586.0,-672.0,-1400.0,-600.0
-1584.0,-672.0,-107.344,6.59911e-07,87.5077,21.3706,92.4923,-158.629,-1584.0,-672.0,-1400.0,-600.0
-1582.0,-672.0,-107.262,6.53732e-07,87.4347,21.584,92.5653,-158.416,-1582.0,-672.0,-1400.0,-600.0
-1580.0,-672.0,-107.179,6.47563e-07,87.3604,21.8014,92.6396,-158.199,-1580.0,-672.0,-1400.0,-600.0
-1578.0,-672.0,-107.096,6.41405e-07,87.2847,22.0231,92.7153,-157.977,-1578.0,-672.0,-1400.0,-600.0
-1576.0,-672.0,-107.012,6.35258e-07,87.2075,22.249,92.7925,-157.751,-1576.0,-672.0,-1400.0,-600.0
-1574.0,-672.0,-106.928,6.29122e-07,87.1289,22.4794,92.8711,-157.521,-1574.0,-672.0,-1400.0,-600.0
-1572.0,-672.0,-106.842,6.22997e-07,87.0487,22.7144,92.9513,-157.286,-1572.0,-672.0,-1400.0,-600.0
-1570.0,-672.0,-106.757,6.16884e-07,86.9671,22.9541,93.0329,-157.046,-1570.0,-672.0,-1400.0,-600.0
-1568.0,-672.0,-106.67,6.10784e-07,86.8838,23.1986,93.1162,-156.801,-1568.0,-672.0,-1400.0,-600.0
-1566.0,-672.0,-106.583,6.04696e-07,86.799,23.4481,93.201,-156.552,-1566.0,-672.0,-1400.0,-600.0
-1564.0,-672.0,-106.495,5.98621e-07,86.7125,23.7026,93.2875,-156.297,-1564.0,-672.0,-1400.0,-600.0
-1562.0,-672.0,-106.406,5.9256e-07,86.6242,23.9625,93.3758,-156.038,-1562.0,-672.0,-1400.0,-600.0
-1560.0,-672.0,-106.316,5.86483e-07,86.5823,24.2277,93.4177,-155.772,-1560.0,-672.0,-1400.0,-600.0
-1558.0,-672.0,-106.226,5.80398e-07,86.5743,24.4986,93.4257,-155.501,-1558.0,-672.0,-1400.0,-600.0
-1556.0,-672.0,-106.134,5.74326e-07,86.5662,24.7751,93.4338,-155.225,-1556.0,-672.0,-1400.0,-600.0
-1554.0,-672.0,-106.042,5.68267e-07,86.558,25.0576,93.442,-154.942,-1554.0,-672.0,-1400.0,-600.0
-1552.0,-672.0,-105.948,5.62223e-07,86.5497,25.3462,93.4503,-154.654,-1552.0,-672.0,-1400.0,-600.0
-1550.0,-672.0,-105.855,5.56194e-07,86.5414,25.641,93.4586,-154.359,-1550.0,-672.0,-1400.0,-600.0
-1548.0,-672.0,-105.76,5.50179e-07,86.5329,25.9423,93.4671,-154.058,-1548.0,-672.0,-1400.0,-600.0
-1546.0,-672.0,-105.664,5.4418e-07,86.5243,26.2502,93.4757,-153.75,-1546.0,-672.0,-1400.0,-600.0
-1544.0,-672.0,-105.568,5.38196e-07,86.5157,26.5651,93.4843,-153.435,-1544.0,-672.0,-1400.0,-600.0
-1542.0,-672.0,-105.471,5.3223e-07,86.507,26.8869,93.493,-153.113,-1542.0,-672.0,-1400.0,-600.0
-1540.0,-672.0,-105.373,5.2628e-07,86.4982,27.2161,93.5018,-152.784,-1540.0,-672.0,-1400.0,-600.0
-1538.0,-672.0,-105.274,5.20349e-07,86.4893,27.5528,93.5107,-152.447,-1538.0,-672.0,-1400.0,-600.0
-1536.0,-672.0,-105.175,5.14429e-07,86.4918,27.8973,93.5082,-152.103,-1536.0,-672.0,-1400.0,-600.0
-1534.0,-672.0,-105.074,5.08517e-07,86.5146,28.2497,93.4854,-151.75,-1534.0,-672.0,-1400.0,-600.0
-1532.0,-672.0,-104.973,5.02625e-07,86.538,28.6105,93.462,-151.39,-1532.0,-672.0,-1400.0,-600.0
-1530.0,-672.0,-104.87,4.96753e-07,86.5621,28.9797,93.4379,-151.02,-1530.0,-672.0,-1400.0,-600.0
-1528.0,-672.0,-104.767,4.90903e-07,86.5869,29.3578,93.4131,-150.642,-1528.0,-672.0,-1400.0,-600.0
-1526.0,-672.0,-104.663,4.85074e-07,86.6125,29.7449,93.3875,-150.255,-1526.0,-672.0,-1400.0,-600.0
-1524.0,-672.0,-104.558,4.79269e-07,86.6389,30.1414,93.3611,-149.859,-1524.0,-672.0,-1400.0,-600.0
-1522.0,-672.0,-104.453,4.73486e-07,86.6661,30.5476,93.3339,-149.452,-1522.0,-672.0,-1400.0,-600.0
-1520.0,-672.0,-104.346,4.67728e-07,86.6941,30.9638,93.3059,-149.036,-1520.0,-672.0,-1400.0,-600.0
-1518.0,-672.0,-104.239,4.61996e-07,86.7231,31.3903,93.2769,-148.61,-1518.0,-672.0,-1400.0,-600.0
-1516.0,-672.0,-104.131,4.5629e-07,86.7529,31.8274,93.2471,-148.173,-1516.0,-672.0,-1400.0,-600.0
-1514.0,-672.0,-104.022,4.50611e-07,86.7836,32.2756,93.2164,-147.724,-1514.0,-672.0,-1400.0,-600.0
-1512.0,-672.0,-103.912,4.44985e-07,86.7576,32.7352,93.2424,-147.265,-1512.0,-672.0,-1400.0,-600.0
-1510.0,-672.0,-103.802,4.39395e-07,86.7163,33.2066,93.2837,-146.793,-1510.0,-672.0,-1400.0,-600.0
-1508.0,-672.0,-103.692,4.33836e-07,86.6742,33.6901,93.3258,-146.31,-1508.0,-672.0,-1400.0,-600.0
-1506.0,-672.0,-103.58,4.28309e-07,86.6312,34.1861,93.3688,-145.814,-1506.0,-672.0,-1400.0,-600.0
-1504.0,-672.0,-103.468,4.22815e-07,86.5874,34.6952,93.4126,-145.305,-1504.0,-672.0,-1400.0,-600.0
-1502.0,-672.0,-103.355,4.17355e-07,86.5427,35.2176,93.4573,-144.782,-1502.0,-672.0,-1400.0,-600.0
-1500.0,-672.0,-103.241,4.11931e-07,86.4971,35.7539,93.5029,-144.246,-1500.0,-672.0,-1400.0,-600.0
-1498.0,-672.0,-103.126,4.06545e-07,86.4507,36.3045,93.5493,-143.696,-1498.0,-672.0,-1400.0,-600.0
-1496.0,-672.0,-103.011,4.01197e-07,86.4033,36.8699,93.5967,-143.13,-1496.0,-672.0,-1400.0,-600.0
-1494.0,-672.0,-102.895,3.95889e-07,86.355,37.4506,93.645,-142.549,-1494.0,-672.0,-1400.0,-600.0
-1492.0,-672.0,-102.778,3.90623e-07,86.3058,38.047,93.6942,-141.953,-1492.0,-672.0,-1400.0,-600.0
-1490.0,-672.0,-102.661,3.854e-07,86.2557,38.6598,93.7443,-141.34,-1490.0,-672.0,-1400.0,-600.0
-1488.0,-672.0,-102.544,3.80224e-07,86.2046,39.2894,93.7954,-140.711,-1488.0,-672.0,-1400.0,-600.0
-1486.0,-672.0,-102.425,3.75094e-07,86.1526,39.9364,93.8474,-140.064,-1486.0,-672.0,-1400.0,-600.0
-1484.0,-672.0,-102.307,3.70013e-07,86.0997,40.6013,93.9003,-139.399,-1484.0,-672.0,-1400.0,-600.0
-1482.0,-672.0,-102.188,3.64984e-07,86.0459,41.2847,93.9541,-138.715,-1482.0,-672.0,-1400.0,-600.0
-1480.0,-672.0,-102.068,3.60009e-07,85.9912,41.9872,94.0088,-138.013,-1480.0,-672.0,-1400.0,-600.0
-1478.0,-672.0,-101.949,3.55089e-07,85.9355,42.7094,94.0645,-137.291,-1478.0,-672.0,-1400.0,-600.0
-1476.0,-672.0,-101.829,3.50227e-07,85.879,43.4518,94.121,-136.548,-1476.0,-672.0,-1400.0,-600.0
-1474.0,-672.0,-101.709,3.45425e-07,85.8216,44.2152,94.1784,-135.785,-1474.0,-672.0,-1400.0,-600.0
-1472.0,-672.0,-101.588,3.40687e-07,85.7634,45.0,94.2366,-135.0,-1472.0,-672.0,-1400.0,-600.0
-1470.0,-672.0,-101.468,3.36014e-07,85.7044,45.8069,94.2956,-134.193,-1470.0,-672.0,-1400.0,-600.0
-1468.0,-672.0,-101.348,3.3141e-07,85.6446,46.6366,94.3554,-133.363,-1468.0,-672.0,-1400.0,-600.0
-1466.0,-672.0,-101.228,3.26878e-07,85.5841,47.4896,94.4159,-132.51,-1466.0,-672.0,-1400.0,-600.0
-1464.0,-672.0,-101.109,3.22419e-07,85.5229,48.3665,94.4771,-131.634,-1464.0,-672.0,-1400.0,-600.0
-1462.0,-672.0,-100.99,3.18039e-07,85.4611,49.2679,94.5389,-130.732,-1462.0,-672.0,-1400.0,-600.0
-1460.0,-672.0,-100.872,3.13739e-07,85.3987,50.1944,94.6013,-129.806,-1460.0,-672.0,-1400.0,-600.0
-1458.0,-672.0,-100.754,3.09523e-07,85.3359,51.1466,94.6641,-128.853,-1458.0,-672.0,-1400.0,-600.0
-1456.0,-672.0,-100.637,3.05395e-07,85.2727,52.125,94.7273,-127.875,-1456.0,-672.0,-1400.0,-600.0
-1454.0,-672.0,-100.521,3.01358e-07,85.2093,53.1301,94.7907,-126.87,-1454.0,-672.0,-1400.0,-600.0
-1452.0,-672.0,-100.407,2.97416e-07,85.1456,54.1623,94.8544,-125.838,-1452.0,-672.0,-1400.0,-600.0
-1450.0,-672.0,-100.294,2.93572e-07,85.0819,55.2222,94.9181,-124.778,-1450.0,-672.0,-1400.0,-600.0
-1448.0,-672.0,-100.182,2.89832e-07,85.0183,56.3099,94.9817,-123.69,-1448.0,-672.0,-1400.0,-600.0
-1446.0,-672.0,-100.072,2.86198e-07,84.9549,57.4259,95.0451,-122.574,-1446.0,-672.0,-1400.0,-600.0
-1444.0,-672.0,-99.9647,2.82675e-07,84.8918,58.5704,95.1082,-121.43,-1444.0,-672.0,-1400.0,-600.0
-1442.0,-672.0,-99.8594,2.79277e-07,84.809,59.7436,95.191,-120.256,-1442.0,-672.0,-1400.0,-600.0
-1440.0,-672.0,-99.7572,2.76014e-07,84.6887,60.9454,95.3113,-119.055,-1440.0,-672.0,-1400.0,-600.0
-1438.0,-672.0,-99.6578,2.72876e-07,84.5681,62.1759,95.4319,-117.824,-1438.0,-672.0,-1400.0,-600.0
-1436.0,-672.0,-99.5614,2.69867e-07,84.4472,63.4349,95.5528,-116.565,-1436.0,-672.0,-1400.0,-600.0
-1434.0,-672.0,-99.4682,2.66991e-07,84.3265,64.7223,95.6735,-115.278,-1434.0,-672.0,-1400.0,-600.0
-1432.0,-672.0,-99.3785,2.64253e-07,84.2061,66.0375,95.7939,-113.962,-1432.0,-672.0,-1400.0,-600.0
-1430.0,-672.0,-99.2927,2.61657e-07,84.0864,67.3801,95.9136,-112.62,-1430.0,-672.0,-1400.0,-600.0
-1428.0,-672.0,-99.2108,2.59206e-07,83.9677,68.7495,96.0323,-111.251,-1428.0,-672.0,-1400.0,-600.0
-1426.0,-672.0,-99.1333,2.56906e-07,83.8503,70.1448,96.1497,-109.855,-1426.0,-672.0,-1400.0,-600.0
-1424.0,-672.0,-99.0604,2.54761e-07,83.7346,71.5651,96.2654,-108.435,-1424.0,-672.0,-1400.0,-600.0
-1422.0,-672.0,-98.9923,2.52774e-07,83.6209,73.0092,96.3791,-106.991,-1422.0,-672.0,-1400.0,-600.0
-1420.0,-672.0,-98.9293,2.50949e-07,83.5096,74.4759,96.4904,-105.524,-1420.0,-672.0,-1400.0,-600.0
-1418.0,-672.0,-98.8716,2.49289e-07,83.4011,75.9638,96.5989,-104.036,-1418.0,-672.0,-1400.0,-600.0
-1416.0,-672.0,-117.26,2.47826e-07,83.2963,77.9732,96.7037,-103.963,-1404.61,-618.561,-1404.61,-618.561
-1414.0,-672.0,-121.439,9.09575e-07,88.1596,87.0977,91.8404,93.0196,-1405.28,-499.953,-1405.28,-499.953
-1412.0,-672.0,-118.711,1.02436e-06,88.3501,98.234,91.6499,81.7217,-1396.73,-577.529,-1425.37,-579.623
-1410.0,-672.0,-121.227,9.09016e-07,88.1229,87.9384,91.8771,92.1789,-1403.81,-499.951,-1403.81,-499.951
-1408.0,-672.0,-121.121,9.0881e-07,88.1048,88.3591,91.8952,91.7582,-1403.07,-499.95,-1403.07,-499.95
-1406.0,-672.0,-121.029,9.08653e-07,88.0867,88.7799,91.9133,91.3374,-1402.34,-499.95,-1402.34,-499.95
-1404.0,-672.0,-129.275,9.25915e-07,88.1049,103.044,91.8951,82.4644,-1396.79,-575.704,-1425.36,-579.787
-1402.0,-672.0,-125.249,9.27455e-07,88.0906,103.485,91.9094,82.4644,-1396.79,-575.704,-1425.5,-574.002
-1400.0,-672.0,-172.898,1.58274e-06,88.8711,139.185,91.1289,-124.21,-1548.4,-818.284,-1401.56,-670.649
-1398.0,-672.0,-161.401,7.48095e-07,87.5894,-97.7946,92.4106,117.862,-1429.33,-544.506,-1400.1,-687.317
-1396.0,-672.0,-160.466,7.49051e-07,87.5709,-98.4975,92.4291,117.862,-1429.33,-544.506,-1398.28,-687.257
-1394.0,-672.0,-177.498,1.59802e-06,88.8583,140.231,91.1417,-124.21,-1548.4,-818.284,-1395.88,-670.433
-1392.0,-672.0,-176.142,1.60316e-06,88.8619,140.569,91.1381,-124.21,-1548.4,-818.284,-1393.99,-670.362
-1390.0,-672.0,-166.738,1.11921e-06,86.2717,-18.3799,72.8304,19.0698,-1369.25,-589.369,-1347.75,-686.038
-1388.0,-672.0,-166.339,1.11289e-06,86.2499,-18.4884,72.7546,19.1537,-1369.41,-589.374,-1346.17,-685.986
-1386.0,-672.0,-165.856,1.10658e-06,86.2279,-18.5981,72.678,19.2385,-1369.57,-589.379,-1344.59,-685.934
-1384.0,-672.0,-165.32,1.10027e-06,86.2056,-18.7091,72.6005,19.3245,-1369.73,-589.384,-1343.01,-685.881
-1382.0,-672.0,-156.042,1.09469e-06,88.3332,-21.3399,91.6668,11.6373,-1342.24,-588.104,-1346.2,-685.987
-1380.0,-672.0,-156.0,1.08848e-06,88.3237,-21.496,91.6763,11.6373,-1342.24,-588.104,-1344.62,-685.934
-1378.0,-672.0,-156.04,1.08228e-06,88.3141,-21.6544,91.6859,11.6373,-1342.24,-588.104,-1343.03,-685.882
-1376.0,-672.0,-156.168,1.07608e-06,88.3043,-21.8149,91.6957,11.6373,-1342.24,-588.104,-1341.45,-685.83
-1374.0,-672.0,-156.392,1.06989e-06,88.2945,-21.9777,91.7055,11.6373,-1342.24,-588.104,-1339.86,-685.778
-1372.0,-672.0,-156.721,1.06371e-06,88.2844,-22.1429,91.7156,11.6373,-1342.24,-588.104,-1338.27,-685.725
-1370.0,-672.0,-152.727,1.10653e-06,86.2087,-24.9234,86.2678,-26.89,-1366.56,-616.957,-1340.32,-685.793
-1368.0,-672.0,-152.674,1.10051e-06,86.1659,-25.0693,86.2512,-27.0389,-1366.76,-616.965,-1338.63,-685.737
-1366.0,-672.0,-152.666,1.09451e-06,86.1226,-25.2169,86.2345,-27.1894,-1366.96,-616.974,-1336.95,-685.682
-1364.0,-672.0,-152.705,1.08851e-06,86.0789,-25.366,86.2176,-27.3416,-1367.16,-616.982,-1335.26,-685.626
-1362.0,-672.0,-152.791,1.08251e-06,86.0347,-25.5168,86.2005,-27.4955,-1367.36,-616.99,-1333.57,-685.57
-1360.0,-672.0,-149.132,3.72346e-07,91.9687,61.8747,127.91,52.4582,-1392.37,-590.077,-1351.51,-656.115
-1358.0,-672.0,-145.917,4.70107e-07,91.2335,69.8893,100.954,-64.0142,-1391.23,-617.997,-1351.56,-654.42
-1356.0,-672.0,-121.45,4.56232e-07,90.6952,109.569,99.2797,-69.2914,-1393.17,-618.078,-1378.85,-607.723
-1354.0,-672.0,-125.088,4.58507e-07,90.6566,110.354,99.2688,-68.4944,-1392.88,-618.066,-1377.85,-607.723
-1352.0,-672.0,-130.412,4.60867e-07,90.6182,111.132,99.2564,-67.7054,-1392.6,-618.054,-1376.84,-607.723
-1350.0,-672.0,-154.633,1.04673e-06,85.759,-26.458,86.0946,-28.4565,-1368.56,-617.041,-1323.41,-685.235
-1348.0,-672.0,-155.258,1.0408e-06,85.7149,-26.6213,86.0764,-28.6228,-1368.76,-617.05,-1321.71,-685.179
-1346.0,-672.0,-155.137,9.84196e-07,87.9357,-24.5249,92.0643,11.6373,-1342.24,-588.104,-1317.42,-685.038
-1344.0,-672.0,-154.911,9.78144e-07,87.9064,-24.7282,92.0936,11.6373,-1342.24,-588.104,-1315.81,-684.984
-1342.0,-672.0,-154.772,9.72102e-07,87.8768,-24.9346,92.1232,11.6373,-1342.24,-588.104,-1314.19,-684.931
-1340.0,-672.0,-154.714,9.6607e-07,87.8468,-25.1444,92.1532,11.6373,-1342.24,-588.104,-1312.56,-684.878
-1338.0,-672.0,-154.694,1.01111e-06,87.9268,-25.3574,92.0732,-35.9954,-1376.1,-617.359,-1310.94,-684.824
-1336.0,-672.0,-162.18,1.0054e-06,85.4177,-27.641,85.963,-29.6642,-1369.98,-617.101,-1311.48,-684.842
-1334.0,-672.0,-171.958,1.60657e-06,88.6753,-44.8115,91.3247,30.6399,-1382.75,-589.782,-1320.77,-685.148
-1332.0,-672.0,-172.005,1.60186e-06,88.6613,-45.1656,91.3387,30.6399,-1382.75,-589.782,-1318.99,-685.089
-1330.0,-672.0,-172.104,9.61389e-07,87.7523,-41.825,92.2477,-2.76158,-1239.86,-607.725,-1315.5,-684.974
-1328.0,-672.0,-172.354,9.56454e-07,87.7238,-42.431,92.2762,-2.76158,-1239.86,-607.725,-1313.87,-684.92
-1326.0,-672.0,-172.975,1.5879e-06,88.619,-46.2543,91.381,30.6399,-1382.75,-589.782,-1313.64,-684.913
-1324.0,-672.0,-173.82,1.58331e-06,88.6089,-46.6263,91.3911,30.6399,-1382.75,-589.782,-1311.86,-684.854
-1322.0,-672.0,-158.232,1.31075e-06,88.3186,15.0792,91.6814,15.8832,-1361.84,-589.142,-1239.86,-649.87
-1320.0,-672.0,-158.391,1.30431e-06,88.3103,15.2714,91.6897,15.8832,-1361.84,-589.142,-1239.86,-650.12
-1318.0,-672.0,-158.551,1.29788e-06,88.302,15.4685,91.698,15.8832,-1361.84,-589.142,-1239.86,-650.377
-1316.0,-672.0,-150.663,9.05236e-07,84.3105,28.5182,86.258,-26.9775,-1366.68,-616.962,-1239.86,-630.629
-1314.0,-672.0,-150.795,8.99407e-07,84.2723,28.722,86.2352,-27.183,-1366.95,-616.973,-1239.86,-631.374
-1312.0,-672.0,-113.828,8.90783e-07,87.5255,29.0251,92.4745,-27.2081,-1366.98,-616.975,-1239.86,-631.972
-1310.0,-672.0,-113.989,8.84959e-07,87.5093,29.235,92.4907,-27.4179,-1367.26,-616.986,-1239.86,-632.745
-1308.0,-672.0,-114.212,8.79147e-07,87.4928,29.4476,92.5072,-27.6305,-1367.53,-616.998,-1239.86,-633.532
-1306.0,-672.0,-114.512,8.73347e-07,87.4761,29.663,92.5239,-27.846,-1367.8,-617.009,-1239.86,-634.332
-1304.0,-672.0,-114.909,8.6756e-07,87.4593,29.8814,92.5407,-28.0643,-1368.08,-617.021,-1239.86,-635.147
-1302.0,-672.0,-115.43,8.61786e-07,87.4422,30.1026,92.5578,-28.2856,-1368.35,-617.032,-1239.86,-635.976
-1300.0,-672.0,-116.113,8.56025e-07,87.425,30.3269,92.575,-28.5098,-1368.62,-617.044,-1239.86,-636.821
-1298.0,-672.0,-117.006,8.50278e-07,87.4076,30.5542,92.5924,-28.7371,-1368.9,-617.055,-1239.86,-637.68
-1296.0,-672.0,-118.172,8.44543e-07,87.39,30.7846,92.61,-28.9675,-1369.17,-617.067,-1239.86,-638.556
-1294.0,-672.0,-119.681,8.38823e-07,87.3722,31.0181,92.6278,-29.2011,-1369.44,-617.078,-1239.86,-639.448
-1292.0,-672.0,-119.298,8.78758e-07,87.4917,163.069,92.5083,24.0757,-1376.72,-589.598,-1308.92,-666.85
-1290.0,-672.0,-118.855,8.85138e-07,87.5098,163.195,92.4902,23.9498,-1376.57,-589.593,-1308.94,-666.281
-1288.0,-672.0,-118.464,8.91522e-07,87.5276,163.319,92.4724,23.8257,-1376.42,-589.589,-1308.95,-665.722
-1286.0,-672.0,-118.12,8.97911e-07,87.5452,163.442,92.4548,23.7033,-1376.28,-589.584,-1308.97,-665.17
-1284.0,-672.0,-117.817,9.04304e-07,87.5626,163.562,92.4374,23.5827,-1376.13,-589.58,-1308.99,-664.628
-1282.0,-672.0,-117.55,9.10701e-07,87.5797,163.681,92.4203,23.4638,-1375.98,-589.575,-1309.0,-664.094
-1280.0,-672.0,-117.316,9.17102e-07,87.5966,163.798,92.4034,23.3466,-1375.84,-589.571,-1309.02,-663.568
-1278.0,-672.0,-117.11,9.23506e-07,87.6133,163.914,92.3867,23.2309,-1375.69,-589.566,-1309.04,-663.05
-1276.0,-672.0,-116.93,9.29915e-07,87.6298,164.028,92.3702,23.1169,-1375.55,-589.562,-1309.05,-662.54
-1274.0,-672.0,-116.772,9.36327e-07,87.646,164.141,92.354,23.0044,-1375.4,-589.557,-1309.07,-662.037
-1272.0,-672.0,-116.634,9.42743e-07,87.6621,164.251,92.3379,22.8935,-1375.26,-589.553,-1309.09,-661.542
-1270.0,-672.0,-116.514,9.49162e-07,87.6779,164.361,92.3221,22.7841,-1375.12,-589.549,-1309.1,-661.054
-1268.0,-672.0,-116.411,9.55585e-07,87.6935,164.469,92.3065,22.6761,-1374.98,-589.544,-1309.12,-660.574
-1266.0,-672.0,-115.25,7.60374e-07,87.1009,34.653,92.8991,-32.8359,-1373.29,-617.24,-1239.87,-653.935
-1264.0,-672.0,-114.182,7.54901e-07,87.0799,34.9414,92.9201,-33.1243,-1373.56,-617.252,-1239.87,-655.138
-1262.0,-672.0,-113.398,7.49447e-07,87.0586,35.234,92.9414,-33.4169,-1373.84,-617.264,-1239.87,-656.366
-1260.0,-672.0,-112.825,7.44013e-07,87.0371,35.5309,92.9629,-33.7138,-1374.11,-617.275,-1239.87,-657.622
-1258.0,-672.0,-112.413,7.386e-07,87.0154,35.8321,92.9846,-34.0151,-1374.39,-617.287,-1239.87,-658.906
-1256.0,-672.0,-112.128,7.33207e-07,86.9934,36.1378,93.0066,-34.3208,-1374.66,-617.298,-1239.87,-660.219
-1254.0,-672.0,-111.953,7.27836e-07,86.9712,36.4481,93.0288,-34.631,-1374.94,-617.31,-1239.87,-661.562
-1252.0,-672.0,-111.88,7.22478e-07,86.9618,36.7629,93.0382,-34.9459,-1375.21,-617.322,-1239.87,-662.936
-1250.0,-672.0,-111.912,7.17135e-07,86.9617,37.0825,93.0383,-35.2654,-1375.49,-617.333,-1239.87,-664.341
-1248.0,-672.0,-112.066,7.11815e-07,86.9617,37.4068,93.0383,-35.5898,-1375.76,-617.345,-1239.87,-665.781
-1246.0,-672.0,-112.371,7.06518e-07,86.9617,37.736,93.0383,-35.919,-1376.04,-617.356,-1239.87,-667.254
-1244.0,-672.0,-114.743,7.22517e-07,87.0515,136.509,92.9485,45.1602,-1390.06,-590.006,-1332.7,-587.855
-1242.0,-672.0,-115.984,1.03931e-06,87.9662,165.75,92.0338,21.3946,-1373.17,-589.489,-1309.29,-654.91
-1240.0,-672.0,-115.996,1.04577e-06,87.9942,165.84,92.0058,21.3045,-1373.04,-589.485,-1309.31,-654.515
-1238.0,-672.0,0.0,0.0,0.0,0.0,0.0,0.0,0.0,0.0,0.0,0.0
-1236.0,-672.0,0.0,0.0,0.0,0.0,0.0,0.0,0.0,0.0,0.0,0.0
-1234.0,-672.0,0.0,0.0,0.0,0.0,0.0,0.0,0.0,0.0,0.0,0.0
-1232.0,-672.0,0.0,0.0,0.0,0.0,0.0,0.0,0.0,0.0,0.0,0.0
-1230.0,-672.0,0.0,0.0,0.0,0.0,0.0,0.0,0.0,0.0,0.0,0.0
-1228.0,-672.0,0.0,0.0,0.0,0.0,0.0,0.0,0.0,0.0,0.0,0.0
-1226.0,-672.0,0.0,0.0,0.0,0.0,0.0,0.0,0.0,0.0,0.0,0.0
-1224.0,-672.0,0.0,0.0,0.0,0.0,0.0,0.0,0.0,0.0,0.0,0.0
-1222.0,-672.0,0.0,0.0,0.0,0.0,0.0,0.0,0.0,0.0,0.0,0.0
-1220.0,-672.0,0.0,0.0,0.0,0.0,0.0,0.0,0.0,0.0,0.0,0.0
-1218.0,-672.0,-203.379,1.26321e-06,88.4696,169.483,91.5304,-1.7875,-1159.57,-607.503,-1219.74,-671.677
-1216.0,-672.0,-203.14,1.26976e-06,88.4902,169.633,91.5098,-1.7875,-1159.57,-607.503,-1219.74,-671.316
-1214.0,-672.0,-202.95,1.27632e-06,88.5106,169.778,91.4894,-1.7875,-1159.57,-607.503,-1219.74,-670.965
-1212.0,-672.0,-196.038,1.61981e-06,88.8365,-58.4948,91.1635,-3.72613,-1239.86,-610.429,-1195.67,-698.639
-1210.0,-672.0,-177.546,1.1524e-06,88.3784,-58.8798,91.6216,-9.41385,-1309.77,-614.96,-1195.77,-695.576
-1208.0,-672.0,-166.109,1.67653e-06,88.8951,-106.144,91.1049,-43.3117,-1381.35,-617.58,-1231.48,-753.103
-1206.0,-672.0,-166.406,1.6784e-06,88.9059,-106.406,91.0941,-43.3117,-1381.35,-617.58,-1229.86,-753.05
-1204.0,-672.0,-166.774,1.68029e-06,88.9082,-106.668,91.0918,-43.3117,-1381.35,-617.58,-1228.25,-752.997
-1202.0,-672.0,-167.225,1.68222e-06,88.9094,-106.929,91.0906,-43.3117,-1381.35,-617.58,-1226.64,-752.944
-1600.0,-670.0,-107.951,7.0752e-07,87.8854,19.29,92.1146,-160.71,-1600.0,-670.0,-1400.0,-600.0
-1598.0,-670.0,-107.873,7.0124e-07,87.8434,19.4703,92.1566,-160.53,-1598.0,-670.0,-1400.0,-600.0
-1596.0,-670.0,-107.795,6.94967e-07,87.8007,19.6538,92.1993,-160.346,-1596.0,-670.0,-1400.0,-600.0
-1594.0,-670.0,-107.716,6.88701e-07,87.7573,19.8407,92.2427,-160.159,-1594.0,-670.0,-1400.0,-600.0
-1592.0,-670.0,-107.637,6.82444e-07,87.713,20.031,92.287,-159.969,-1592.0,-670.0,-1400.0,-600.0
-1590.0,-670.0,-107.556,6.76194e-07,87.668,20.2249,92.332,-159.775,-1590.0,-670.0,-1400.0,-600.0
-1588.0,-670.0,-107.476,6.69953e-07,87.6222,20.4223,92.3778,-159.578,-1588.0,-670.0,-1400.0,-600.0
-1586.0,-670.0,-107.394,6.63721e-07,87.5755,20.6235,92.4245,-159.376,-1586.0,-670.0,-1400.0,-600.0
-1584.0,-670.0,-107.312,6.57502e-07,87.5174,20.8286,92.4826,-159.171,-1584.0,-670.0,-1400.0,-600.0
-1582.0,-670.0,-107.23,6.513e-07,87.4442,21.0375,92.5558,-158.962,-1582.0,-670.0,-1400.0,-600.0
-1580.0,-670.0,-107.146,6.45107e-07,87.3695,21.2505,92.6305,-158.749,-1580.0,-670.0,-1400.0,-600.0
-1578.0,-670.0,-107.062,6.38925e-07,87.2935,21.4677,92.7065,-158.532,-1578.0,-670.0,-1400.0,-600.0
-1576.0,-670.0,-106.978,6.32754e-07,87.216,21.6891,92.784,-158.311,-1576.0,-670.0,-1400.0,-600.0
-1574.0,-670.0,-106.893,6.26593e-07,87.137,21.9149,92.863,-158.085,-1574.0,-670.0,-1400.0,-600.0
-1572.0,-670.0,-106.807,6.20443e-07,87.0566,22.1452,92.9434,-157.855,-1572.0,-670.0,-1400.0,-600.0
-1570.0,-670.0,-106.72,6.14305e-07,86.9745,22.3801,93.0255,-157.62,-1570.0,-670.0,-1400.0,-600.0
-1568.0,-670.0,-106.633,6.08178e-07,86.8909,22.6199,93.1091,-157.38,-1568.0,-670.0,-1400.0,-600.0
-1566.0,-670.0,-106.545,6.02064e-07,86.8056,22.8645,93.1944,-157.135,-1566.0,-670.0,-1400.0,-600.0
-1564.0,-670.0,-106.456,5.95962e-07,86.7186,23.1142,93.2814,-156.886,-1564.0,-670.0,-1400.0,-600.0
-1562.0,-670.0,-106.367,5.89873e-07,86.6299,23.3691,93.3701,-156.631,-1562.0,-670.0,-1400.0,-600.0
-1560.0,-670.0,-106.276,5.83768e-07,86.5876,23.6294,93.4124,-156.371,-1560.0,-670.0,-1400.0,-600.0
-1558.0,-670.0,-106.184,5.77654e-07,86.5795,23.8952,93.4205,-156.105,-1558.0,-670.0,-1400.0,-600.0
-1556.0,-670.0,-106.092,5.71553e-07,86.5712,24.1666,93.4288,-155.833,-1556.0,-670.0,-1400.0,-600.0
-1554.0,-670.0,-105.999,5.65466e-07,86.5629,24.444,93.4371,-155.556,-1554.0,-670.0,-1400.0,-600.0
-1552.0,-670.0,-105.904,5.59391e-07,86.5544,24.7273,93.4456,-155.273,-1552.0,-670.0,-1400.0,-600.0
-1550.0,-670.0,-105.81,5.53331e-07,86.5458,25.0169,93.4542,-154.983,-1550.0,-670.0,-1400.0,-600.0
-1548.0,-670.0,-105.714,5.47285e-07,86.5372,25.3129,93.4628,-154.687,-1548.0,-670.0,-1400.0,-600.0
-1546.0,-670.0,-105.617,5.41253e-07,86.5284,25.6155,93.4716,-154.385,-1546.0,-670.0,-1400.0,-600.0
-1544.0,-670.0,-105.52,5.35238e-07,86.5196,25.9249,93.4804,-154.075,-1544.0,-670.0,-1400.0,-600.0
-1542.0,-670.0,-105.422,5.29238e-07,86.5106,26.2413,93.4894,-153.759,-1542.0,-670.0,-1400.0,-600.0
-1540.0,-670.0,-105.323,5.23254e-07,86.5016,26.5651,93.4984,-153.435,-1540.0,-670.0,-1400.0,-600.0
-1538.0,-670.0,-105.223,5.173e-07,86.471,26.8962,93.529,-153.104,-1538.0,-670.0,-1400.0,-600.0
-1536.0,-670.0,-105.123,5.11356e-07,86.4532,27.2351,93.5468,-152.765,-1536.0,-670.0,-1400.0,-600.0
-1534.0,-670.0,-105.021,5.05412e-07,86.4686,27.582,93.5314,-152.418,-1534.0,-670.0,-1400.0,-600.0
-1532.0,-670.0,-104.918,4.99483e-07,86.4914,27.9371,93.5086,-152.063,-1532.0,-670.0,-1400.0,-600.0
-1530.0,-670.0,-104.815,4.93574e-07,86.5148,28.3008,93.4852,-151.699,-1530.0,-670.0,-1400.0,-600.0
-1528.0,-670.0,-104.71,4.87685e-07,86.539,28.6731,93.461,-151.327,-1528.0,-670.0,-1400.0,-600.0
-1526.0,-670.0,-104.605,4.81817e-07,86.5639,29.0546,93.4361,-150.945,-1526.0,-670.0,-1400.0,-600.0
-1524.0,-670.0,-104.498,4.75971e-07,86.5896,29.4454,93.4104,-150.555,-1524.0,-670.0,-1400.0,-600.0
-1522.0,-670.0,-104.391,4.70148e-07,86.6161,29.8459,93.3839,-150.154,-1522.0,-670.0,-1400.0,-600.0
-1520.0,-670.0,-104.283,4.64349e-07,86.6434,30.2564,93.3566,-149.744,-1520.0,-670.0,-1400.0,-600.0
-1518.0,-670.0,-104.174,4.58574e-07,86.6715,30.6773,93.3285,-149.323,-1518.0,-670.0,-1400.0,-600.0
-1516.0,-670.0,-104.064,4.52824e-07,86.7006,31.1088,93.2994,-148.891,-1516.0,-670.0,-1400.0,-600.0
-1514.0,-670.0,-103.954,4.47101e-07,86.7307,31.5514,93.2693,-148.449,-1514.0,-670.0,-1400.0,-600.0
-1512.0,-670.0,-103.842,4.41419e-07,86.7291,32.0054,93.2709,-147.995,-1512.0,-670.0,-1400.0,-600.0
-1510.0,-670.0,-103.731,4.35782e-07,86.6891,32.4712,93.3109,-147.529,-1510.0,-670.0,-1400.0,-600.0
-1508.0,-670.0,-103.618,4.30177e-07,86.6459,32.9492,93.3541,-147.051,-1508.0,-670.0,-1400.0,-600.0
-1506.0,-670.0,-103.504,4.24602e-07,86.6018,33.4399,93.3982,-146.56,-1506.0,-670.0,-1400.0,-600.0
-1504.0,-670.0,-103.39,4.19059e-07,86.5568,33.9436,93.4432,-146.056,-1504.0,-670.0,-1400.0,-600.0
-1502.0,-670.0,-103.275,4.1355e-07,86.5109,34.4608,93.4891,-145.539,-1502.0,-670.0,-1400.0,-600.0
-1500.0,-670.0,-103.159,4.08075e-07,86.464,34.992,93.536,-145.008,-1500.0,-670.0,-1400.0,-600.0
-1498.0,-670.0,-103.042,4.02637e-07,86.4162,35.5377,93.5838,-144.462,-1498.0,-670.0,-1400.0,-600.0
-1496.0,-670.0,-102.925,3.97236e-07,86.3674,36.0983,93.6326,-143.902,-1496.0,-670.0,-1400.0,-600.0
-1494.0,-670.0,-102.806,3.91875e-07,86.3176,36.6743,93.6824,-143.326,-1494.0,-670.0,-1400.0,-600.0
-1492.0,-670.0,-102.687,3.86554e-07,86.2669,37.2664,93.7331,-142.734,-1492.0,-670.0,-1400.0,-600.0
-1490.0,-670.0,-102.568,3.81276e-07,86.2151,37.875,93.7849,-142.125,-1490.0,-670.0,-1400.0,-600.0
-1488.0,-670.0,-102.447,3.76042e-07,86.1623,38.5007,93.8377,-141.499,-1488.0,-670.0,-1400.0,-600.0
-1486.0,-670.0,-102.327,3.70855e-07,86.1086,39.144,93.8914,-140.856,-1486.0,-670.0,-1400.0,-600.0
-1484.0,-670.0,-102.205,3.65716e-07,86.0538,39.8056,93.9462,-140.194,-1484.0,-670.0,-1400.0,-600.0
-1482.0,-670.0,-102.083,3.60627e-07,85.998,40.486,94.002,-139.514,-1482.0,-670.0,-1400.0,-600.0
-1480.0,-670.0,-101.961,3.5559e-07,85.9413,41.1859,94.0587,-138.814,-1480.0,-670.0,-1400.0,-600.0
-1478.0,-670.0,-101.838,3.50608e-07,85.8835,41.9059,94.1165,-138.094,-1478.0,-670.0,-1400.0,-600.0
-1476.0,-670.0,-101.715,3.45683e-07,85.8247,42.6467,94.1753,-137.353,-1476.0,-670.0,-1400.0,-600.0
-1474.0,-670.0,-101.592,3.40818e-07,85.765,43.4089,94.235,-136.591,-1474.0,-670.0,-1400.0,-600.0
-1472.0,-670.0,-101.468,3.36014e-07,85.7044,44.1931,94.2956,-135.807,-1472.0,-670.0,-1400.0,-600.0
-1470.0,-670.0,-101.345,3.31276e-07,85.6428,45.0,94.3572,-135.0,-1470.0,-670.0,-1400.0,-600.0
-1468.0,-670.0,-101.221,3.26602e-07,85.588,45.8303,94.412,-134.17,-1468.0,-670.0,-1400.0,-600.0
-1466.0,-670.0,-101.097,3.21988e-07,85.5549,46.6847,94.4451,-133.315,-1466.0,-670.0,-1400.0,-600.0
-1464.0,-670.0,-100.975,3.17478e-07,85.453,47.5638,94.547,-132.436,-1464.0,-670.0,-1400.0,-600.0
-1462.0,-670.0,-100.852,3.13028e-07,85.3883,48.4682,94.6117,-131.532,-1462.0,-670.0,-1400.0,-600.0
-1460.0,-670.0,-100.73,3.08658e-07,85.3228,49.3987,94.6772,-130.601,-1460.0,-670.0,-1400.0,-600.0
-1458.0,-670.0,-100.608,3.04372e-07,85.2568,50.3558,94.7432,-129.644,-1458.0,-670.0,-1400.0,-600.0
-1456.0,-670.0,-100.487,3.00173e-07,85.1903,51.3402,94.8097,-128.66,-1456.0,-670.0,-1400.0,-600.0
-1454.0,-670.0,-100.367,2.96065e-07,85.1234,52.3524,94.8766,-127.648,-1454.0,-670.0,-1400.0,-600.0
-1452.0,-670.0,-100.248,2.92052e-07,85.0562,53.3929,94.9438,-126.607,-1452.0,-670.0,-1400.0,-600.0
-1450.0,-670.0,-100.131,2.88137e-07,84.9889,54.4623,95.0111,-125.538,-1450.0,-670.0,-1400.0,-600.0
-1448.0,-670.0,-100.015,2.84325e-07,84.9215,55.561,95.0785,-124.439,-1448.0,-670.0,-1400.0,-600.0
-1446.0,-670.0,-99.9012,2.8062e-07,84.8543,56.6894,95.1457,-123.311,-1446.0,-670.0,-1400.0,-600.0
-1444.0,-670.0,-99.7891,2.77026e-07,84.7874,57.8477,95.2126,-122.152,-1444.0,-670.0,-1400.0,-600.0
-1442.0,-670.0,-99.6795,2.73557e-07,84.7002,59.0362,95.2998,-120.964,-1442.0,-670.0,-1400.0,-600.0
-1440.0,-670.0,-99.5729,2.70226e-07,84.5746,60.2551,95.4254,-119.745,-1440.0,-670.0,-1400.0,-600.0
-1438.0,-670.0,-99.4691,2.6702e-07,84.4486,61.5044,95.5514,-118.496,-1438.0,-670.0,-1400.0,-600.0
-1436.0,-670.0,-99.3684,2.63944e-07,84.3222,62.7839,95.6778,-117.216,-1436.0,-670.0,-1400.0,-600.0
-1434.0,-670.0,-99.2709,2.61003e-07,84.1959,64.0935,95.8041,-115.907,-1434.0,-670.0,-1400.0,-600.0
-1432.0,-670.0,-99.177,2.58201e-07,84.0698,65.4328,95.9302,-114.567,-1432.0,-670.0,-1400.0,-600.0
-1430.0,-670.0,-99.0871,2.55543e-07,83.9444,66.8014,96.0556,-113.199,-1430.0,-670.0,-1400.0,-600.0
-1428.0,-670.0,-99.0012,2.53033e-07,83.82,68.1986,96.18,-111.801,-1428.0,-670.0,-1400.0,-600.0
-1426.0,-670.0,-98.9199,2.50677e-07,83.6969,69.6236,96.3031,-110.376,-1426.0,-670.0,-1400.0,-600.0
-1424.0,-670.0,-98.8432,2.48478e-07,83.5755,71.0754,96.4245,-108.925,-1424.0,-670.0,-1400.0,-600.0
-1422.0,-670.0,-98.7716,2.4644e-07,83.4563,72.5528,96.5437,-107.447,-1422.0,-670.0,-1400.0,-600.0
-1420.0,-670.0,-98.7053,2.44567e-07,83.3395,74.0546,96.6605,-105.945,-1420.0,-670.0,-1400.0,-600.0
-1418.0,-670.0,-98.6445,2.42864e-07,83.2257,75.5792,96.7743,-104.421,-1418.0,-670.0,-1400.0,-600.0
-1416.0,-670.0,-114.85,2.4135e-07,83.1156,77.52,96.8844,-103.963,-1404.61,-618.561,-1404.61,-618.561
-1414.0,-670.0,-121.381,9.02914e-07,88.146,87.0763,91.854,93.041,-1405.32,-499.953,-1405.32,-499.953
-1412.0,-670.0,-121.282,9.02608e-07,88.1275,87.4996,91.8725,92.6177,-1404.57,-499.952,-1404.57,-499.952
-1410.0,-670.0,-121.171,9.0235e-07,88.1091,87.9231,91.8909,92.1942,-1403.83,-499.951,-1403.83,-499.951
-1408.0,-670.0,-121.063,9.02143e-07,88.0907,88.3469,91.9093,91.7704,-1403.09,-499.95,-1403.09,-499.95
-1406.0,-670.0,-120.971,9.01984e-07,88.0725,88.7709,91.9275,91.3464,-1402.35,-499.95,-1402.35,-499.95
-1404.0,-670.0,-147.84,2.37451e-07,82.591,90.685,97.409,-103.963,-1404.61,-618.561,-1404.61,-618.561
-1402.0,-670.0,-149.816,3.9655e-07,85.5307,105.189,94.4693,148.195,-1425.26,-584.337,-1425.26,-584.337
-1400.0,-670.0,0.0,0.0,0.0,0.0,0.0,0.0,0.0,0.0,0.0,0.0
-1398.0,-670.0,0.0,0.0,0.0,0.0,0.0,0.0,0.0,0.0,0.0,0.0
-1396.0,-670.0,0.0,0.0,0.0,0.0,0.0,0.0,0.0,0.0,0.0,0.0
-1394.0,-670.0,0.0,0.0,0.0,0.0,0.0,0.0,0.0,0.0,0.0,0.0
-1392.0,-670.0,0.0,0.0,0.0,0.0,0.0,0.0,0.0,0.0,0.0,0.0
-1390.0,-670.0,0.0,0.0,0.0,0.0,0.0,0.0,0.0,0.0,0.0,0.0
-1388.0,-670.0,0.0,0.0,0.0,0.0,0.0,0.0,0.0,0.0,0.0,0.0
-1386.0,-670.0,0.0,0.0,0.0,0.0,0.0,0.0,0.0,0.0,0.0,0.0
-1384.0,-670.0,-156.173,1.10334e-06,88.3462,-21.5794,91.6538,11.6373,-1342.24,-588.104,-1343.78,-685.907
-1382.0,-670.0,-156.255,1.09714e-06,88.3369,-21.7357,91.6631,11.6373,-1342.24,-588.104,-1342.23,-685.856
-1380.0,-670.0,-156.427,1.09095e-06,88.3275,-21.8941,91.6725,11.6373,-1342.24,-588.104,-1340.67,-685.804
-1378.0,-670.0,-156.695,1.08476e-06,88.3179,-22.0548,91.6821,11.6373,-1342.24,-588.104,-1339.12,-685.753
-1376.0,-670.0,-157.066,1.07858e-06,88.3083,-22.2177,91.6917,11.6373,-1342.24,-588.104,-1337.56,-685.702
-1374.0,-670.0,-152.737,1.1214e-06,86.2994,-24.9482,86.2662,-26.9044,-1366.58,-616.958,-1340.07,-685.784
-1372.0,-670.0,-152.685,1.11538e-06,86.2622,-25.0925,86.2499,-27.051,-1366.78,-616.966,-1338.41,-685.73
-1370.0,-670.0,-152.692,1.10937e-06,86.2202,-25.2382,86.2334,-27.1995,-1366.97,-616.974,-1336.75,-685.675
-1368.0,-670.0,-152.735,1.10337e-06,86.1778,-25.3854,86.2167,-27.3497,-1367.17,-616.982,-1335.08,-685.62
-1366.0,-670.0,-152.824,1.09737e-06,86.1349,-25.5343,86.1998,-27.5015,-1367.36,-616.991,-1333.42,-685.565
-1364.0,-670.0,-152.963,1.09139e-06,86.0916,-25.6849,86.1828,-27.655,-1367.56,-616.999,-1331.75,-685.51
-1362.0,-670.0,-153.157,1.08541e-06,86.0477,-25.8371,86.1657,-27.8102,-1367.76,-617.007,-1330.08,-685.455
-1360.0,-670.0,-149.075,3.6647e-07,91.9679,61.3825,127.688,51.903,-1392.22,-590.072,-1351.56,-654.53
-1358.0,-670.0,-148.82,3.63314e-07,91.9328,62.3071,128.103,52.948,-1392.51,-590.081,-1351.46,-657.547
-1356.0,-670.0,-122.407,4.49947e-07,90.6774,109.853,99.2722,-69.0026,-1393.06,-618.074,-1378.47,-607.772
-1354.0,-670.0,-126.801,4.52254e-07,90.6383,110.648,99.2606,-68.196,-1392.77,-618.062,-1377.45,-607.772
-1352.0,-670.0,-132.125,4.54647e-07,90.5994,111.436,99.2474,-67.3977,-1392.49,-618.05,-1376.43,-607.772
-1350.0,-670.0,-155.244,9.99089e-07,87.9832,-24.5628,92.0168,11.6373,-1342.24,-588.104,-1317.12,-685.028
-1348.0,-670.0,-155.037,9.93029e-07,87.9698,-24.7626,92.0302,11.6373,-1342.24,-588.104,-1315.53,-684.976
-1346.0,-670.0,-154.914,9.86987e-07,87.9415,-24.9654,92.0585,11.6373,-1342.24,-588.104,-1313.95,-684.923
-1344.0,-670.0,-154.867,9.80957e-07,87.9124,-25.1714,92.0876,11.6373,-1342.24,-588.104,-1312.36,-684.871
-1342.0,-670.0,-154.819,1.026e-06,87.9884,-25.3806,92.0116,-35.9954,-1376.1,-617.359,-1310.77,-684.818
-1340.0,-670.0,-162.046,1.02023e-06,85.5538,-27.6298,85.966,-29.6368,-1369.94,-617.1,-1311.64,-684.847
-1338.0,-670.0,-172.08,1.62074e-06,88.7068,-44.4684,91.2932,30.6399,-1382.75,-589.782,-1322.51,-685.206
-1336.0,-670.0,-172.037,1.616e-06,88.693,-44.8138,91.307,30.6399,-1382.75,-589.782,-1320.75,-685.148
-1334.0,-670.0,-172.084,1.61128e-06,88.6792,-45.1636,91.3208,30.6399,-1382.75,-589.782,-1319.0,-685.09
-1332.0,-670.0,-172.219,9.70794e-07,87.7907,-41.8938,92.2093,-2.76158,-1239.86,-607.725,-1315.31,-684.968
-1330.0,-670.0,-172.529,1.60195e-06,88.6513,-45.8759,91.3487,30.6399,-1382.75,-589.782,-1315.48,-684.974
-1328.0,-670.0,-173.027,1.59732e-06,88.6373,-46.2387,91.3627,30.6399,-1382.75,-589.782,-1313.72,-684.916
-1326.0,-670.0,-173.843,1.59273e-06,88.6251,-46.6059,91.3749,30.6399,-1382.75,-589.782,-1311.95,-684.857
-1324.0,-670.0,-179.826,2.28156e-06,89.0455,-20.7032,90.9545,-124.21,-1548.4,-818.284,-1239.87,-701.794
-1322.0,-670.0,-180.154,2.27532e-06,89.0369,-20.8001,90.9631,-124.21,-1548.4,-818.284,-1239.87,-701.197
-1320.0,-670.0,-180.509,2.26909e-06,89.0343,-20.898,90.9657,-124.21,-1548.4,-818.284,-1239.87,-700.594
-1318.0,-670.0,-180.892,2.26286e-06,89.0316,-20.9967,90.9684,-124.21,-1548.4,-818.284,-1239.87,-699.985
-1316.0,-670.0,-181.304,2.25663e-06,89.029,-21.0963,90.971,-124.21,-1548.4,-818.284,-1239.87,-699.369
-1314.0,-670.0,-157.971,1.28325e-06,88.2922,15.137,91.7078,15.8832,-1361.84,-589.142,-1239.86,-649.945
-1312.0,-670.0,-150.621,8.90376e-07,84.1896,28.5442,86.2529,-27.0235,-1366.74,-616.964,-1239.86,-630.76
-1310.0,-670.0,-113.601,8.81712e-07,87.5141,28.8562,92.4859,-27.0391,-1366.76,-616.965,-1239.86,-631.352
-1308.0,-670.0,-113.722,8.75879e-07,87.4976,29.0671,92.5024,-27.25,-1367.04,-616.977,-1239.86,-632.126
-1306.0,-670.0,-113.898,8.70058e-07,87.4808,29.2808,92.5192,-27.4637,-1367.31,-616.989,-1239.86,-632.914
-1304.0,-670.0,-114.141,8.64249e-07,87.4639,29.4974,92.5361,-27.6803,-1367.59,-617.0,-1239.86,-633.716
-1302.0,-670.0,-114.467,8.58452e-07,87.4467,29.7169,92.5533,-27.8999,-1367.87,-617.012,-1239.86,-634.533
-1300.0,-670.0,-114.9,8.52669e-07,87.4294,29.9394,92.5706,-28.1224,-1368.15,-617.024,-1239.86,-635.364
-1298.0,-670.0,-115.471,8.46898e-07,87.4119,30.165,92.5881,-28.3479,-1368.42,-617.035,-1239.86,-636.211
-1296.0,-670.0,-116.221,8.41141e-07,87.3941,30.3937,92.6059,-28.5766,-1368.7,-617.047,-1239.86,-637.073
-1294.0,-670.0,-117.206,8.35398e-07,87.3762,30.6255,92.6238,-28.8084,-1368.98,-617.059,-1239.86,-637.951
-1292.0,-670.0,-117.789,8.7683e-07,87.5003,163.487,92.4997,23.6581,-1376.22,-589.582,-1308.98,-664.967
-1290.0,-670.0,-117.491,8.83224e-07,87.5184,163.61,92.4816,23.535,-1376.07,-589.578,-1308.99,-664.413
-1288.0,-670.0,-117.23,8.89622e-07,87.5363,163.731,92.4637,23.4136,-1375.92,-589.573,-1309.01,-663.868
-1286.0,-670.0,-117.002,8.96025e-07,87.5539,163.851,92.4461,23.2939,-1375.77,-589.569,-1309.03,-663.332
-1284.0,-670.0,-116.802,9.02431e-07,87.5713,163.969,92.4287,23.176,-1375.62,-589.564,-1309.05,-662.804
-1282.0,-670.0,-116.627,9.08841e-07,87.5884,164.085,92.4116,23.0597,-1375.47,-589.56,-1309.06,-662.284
-1280.0,-670.0,-116.475,9.15255e-07,87.6053,164.2,92.3947,22.945,-1375.33,-589.555,-1309.08,-661.772
-1278.0,-670.0,-116.343,9.21672e-07,87.622,164.313,92.378,22.832,-1375.18,-589.551,-1309.09,-661.268
-1276.0,-670.0,-116.229,9.28093e-07,87.6385,164.424,92.3615,22.7205,-1375.03,-589.546,-1309.11,-660.771
-1274.0,-670.0,-116.131,9.34518e-07,87.6547,164.534,92.3453,22.6105,-1374.89,-589.542,-1309.12,-660.282
-1272.0,-670.0,-116.048,9.40946e-07,87.6707,164.643,92.3293,22.5021,-1374.74,-589.537,-1309.14,-659.8
-1270.0,-670.0,-115.977,9.47378e-07,87.6866,164.75,92.3134,22.3951,-1374.6,-589.533,-1309.16,-659.325
-1268.0,-670.0,-115.918,9.53813e-07,87.7022,164.855,92.2978,22.2896,-1374.45,-589.528,-1309.17,-658.857
-1266.0,-670.0,-115.869,9.60251e-07,87.7176,164.96,92.2824,22.1855,-1374.31,-589.524,-1309.18,-658.396
-1264.0,-670.0,-115.723,7.51092e-07,87.0815,34.5235,92.9185,-32.7065,-1373.16,-617.235,-1239.87,-653.398
-1262.0,-670.0,-114.476,7.45611e-07,87.06,34.8145,92.94,-32.9975,-1373.44,-617.247,-1239.87,-654.608
-1260.0,-670.0,-113.566,7.40149e-07,87.0383,35.1099,92.9617,-33.2928,-1373.72,-617.259,-1239.87,-655.844
-1258.0,-670.0,-112.902,7.34707e-07,87.0164,35.4096,92.9836,-33.5925,-1374.0,-617.27,-1239.87,-657.108
-1256.0,-670.0,-112.423,7.29286e-07,86.9942,35.7138,93.0058,-33.8968,-1374.28,-617.282,-1239.87,-658.401
-1254.0,-670.0,-111.903,6.94051e-07,86.8414,135.01,93.1586,46.6587,-1390.58,-590.022,-1336.09,-587.943
-1252.0,-670.0,-111.869,7.18498e-07,86.9622,36.336,93.0378,-34.5189,-1374.84,-617.306,-1239.87,-661.075
-1250.0,-670.0,-111.758,7.13125e-07,86.962,36.6541,93.038,-34.8371,-1375.12,-617.318,-1239.87,-662.46
-1248.0,-670.0,-111.754,7.07775e-07,86.9618,36.9771,93.0382,-35.16,-1375.4,-617.329,-1239.87,-663.876
-1246.0,-670.0,-111.868,7.02448e-07,86.9618,37.305,93.0382,-35.4879,-1375.68,-617.341,-1239.87,-665.327
-1244.0,-670.0,-112.126,6.97144e-07,86.9618,37.6378,93.0382,-35.8208,-1375.96,-617.353,-1239.87,-666.813
-1242.0,-670.0,-115.831,1.03768e-06,87.9749,166.108,92.0251,21.0372,-1372.63,-589.472,-1309.34,-653.344
-1240.0,-670.0,-115.859,1.04415e-06,88.003,166.196,91.997,20.9493,-1372.49,-589.468,-1309.36,-652.959
-1238.0,-670.0,0.0,0.0,0.0,0.0,0.0,0.0,0.0,0.0,0.0,0.0
-1236.0,-670.0,0.0,0.0,0.0,0.0,0.0,0.0,0.0,0.0,0.0,0.0
-1234.0,-670.0,0.0,0.0,0.0,0.0,0.0,0.0,0.0,0.0,0.0,0.0
-1232.0,-670.0,0.0,0.0,0.0,0.0,0.0,0.0,0.0,0.0,0.0,0.0
-1230.0,-670.0,0.0,0.0,0.0,0.0,0.0,0.0,0.0,0.0,0.0,0.0
-1228.0,-670.0,0.0,0.0,0.0,0.0,0.0,0.0,0.0,0.0,0.0,0.0
-1226.0,-670.0,0.0,0.0,0.0,0.0,0.0,0.0,0.0,0.0,0.0,0.0
-1224.0,-670.0,0.0,0.0,0.0,0.0,0.0,0.0,0.0,0.0,0.0,0.0
-1222.0,-670.0,0.0,0.0,0.0,0.0,0.0,0.0,0.0,0.0,0.0,0.0
-1220.0,-670.0,0.0,0.0,0.0,0.0,0.0,0.0,0.0,0.0,0.0,0.0
-1218.0,-670.0,0.0,0.0,0.0,0.0,0.0,0.0,0.0,0.0,0.0,0.0
-1216.0,-670.0,0.0,0.0,0.0,0.0,0.0,0.0,0.0,0.0,0.0,0.0
-1214.0,-670.0,-201.924,1.2752e-06,88.4802,170.575,91.5198,-1.7875,-1159.57,-607.503,-1219.74,-669.047
-1212.0,-670.0,-195.842,1.62552e-06,88.8177,-58.7283,91.1823,-3.72613,-1239.86,-610.429,-1195.73,-696.79
-1210.0,-670.0,-177.485,1.15814e-06,88.3544,-59.1116,91.6456,-9.41385,-1309.77,-614.96,-1195.82,-693.696
-1208.0,-670.0,-172.998,1.67724e-06,88.8734,-107.14,91.1266,-43.396,-1381.4,-617.583,-1233.65,-753.175
-1206.0,-670.0,-173.463,1.67922e-06,88.8844,-107.39,91.1156,-43.396,-1381.4,-617.583,-1232.03,-753.121
-1204.0,-670.0,-174.053,1.68122e-06,88.8867,-107.638,91.1133,-43.396,-1381.4,-617.583,-1230.41,-753.068
-1202.0,-670.0,-167.121,1.68862e-06,88.8916,-106.85,91.1084,-43.3117,-1381.35,-617.58,-1227.13,-752.96
-1600.0,-668.0,-107.924,7.05337e-07,87.8964,18.778,92.1036,-161.222,-1600.0,-668.0,-1400.0,-600.0
-1598.0,-668.0,-107.846,6.99037e-07,87.8544,18.9542,92.1456,-161.046,-1598.0,-668.0,-1400.0,-600.0
-1596.0,-668.0,-107.767,6.92744e-07,87.8115,19.1336,92.1885,-160.866,-1596.0,-668.0,-1400.0,-600.0
-1594.0,-668.0,-107.688,6.86458e-07,87.768,19.3164,92.232,-160.684,-1594.0,-668.0,-1400.0,-600.0
-1592.0,-668.0,-107.608,6.8018e-07,87.7236,19.5024,92.2764,-160.498,-1592.0,-668.0,-1400.0,-600.0
-1590.0,-668.0,-107.527,6.7391e-07,87.6785,19.692,92.3215,-160.308,-1590.0,-668.0,-1400.0,-600.0
-1588.0,-668.0,-107.446,6.67647e-07,87.6325,19.8852,92.3675,-160.115,-1588.0,-668.0,-1400.0,-600.0
-1586.0,-668.0,-107.364,6.61392e-07,87.5857,20.082,92.4143,-159.918,-1586.0,-668.0,-1400.0,-600.0
-1584.0,-668.0,-107.281,6.55152e-07,87.5274,20.2826,92.4726,-159.717,-1584.0,-668.0,-1400.0,-600.0
-1582.0,-668.0,-107.198,6.48927e-07,87.4539,20.487,92.5461,-159.513,-1582.0,-668.0,-1400.0,-600.0
-1580.0,-668.0,-107.114,6.42711e-07,87.379,20.6955,92.621,-159.305,-1580.0,-668.0,-1400.0,-600.0
-1578.0,-668.0,-107.029,6.36506e-07,87.3027,20.908,92.6973,-159.092,-1578.0,-668.0,-1400.0,-600.0
-1576.0,-668.0,-106.944,6.3031e-07,87.2249,21.1247,92.7751,-158.875,-1576.0,-668.0,-1400.0,-600.0
-1574.0,-668.0,-106.858,6.24125e-07,87.1456,21.3458,92.8544,-158.654,-1574.0,-668.0,-1400.0,-600.0
-1572.0,-668.0,-106.772,6.17951e-07,87.0647,21.5713,92.9353,-158.429,-1572.0,-668.0,-1400.0,-600.0
-1570.0,-668.0,-106.684,6.11787e-07,86.9823,21.8014,93.0177,-158.199,-1570.0,-668.0,-1400.0,-600.0
-1568.0,-668.0,-106.596,6.05635e-07,86.8982,22.0362,93.1018,-157.964,-1568.0,-668.0,-1400.0,-600.0
-1566.0,-668.0,-106.508,5.99494e-07,86.8125,22.2759,93.1875,-157.724,-1566.0,-668.0,-1400.0,-600.0
-1564.0,-668.0,-106.418,5.93366e-07,86.7251,22.5206,93.2749,-157.479,-1564.0,-668.0,-1400.0,-600.0
-1562.0,-668.0,-106.328,5.8725e-07,86.6359,22.7704,93.3641,-157.23,-1562.0,-668.0,-1400.0,-600.0
-1560.0,-668.0,-106.236,5.81117e-07,86.5934,23.0255,93.4066,-156.975,-1560.0,-668.0,-1400.0,-600.0
-1558.0,-668.0,-106.144,5.74976e-07,86.5851,23.2861,93.4149,-156.714,-1558.0,-668.0,-1400.0,-600.0
-1556.0,-668.0,-106.05,5.68846e-07,86.5766,23.5523,93.4234,-156.448,-1556.0,-668.0,-1400.0,-600.0
-1554.0,-668.0,-105.956,5.62729e-07,86.5681,23.8243,93.4319,-156.176,-1554.0,-668.0,-1400.0,-600.0
-1552.0,-668.0,-105.861,5.56625e-07,86.5595,24.1022,93.4405,-155.898,-1552.0,-668.0,-1400.0,-600.0
-1550.0,-668.0,-105.765,5.50534e-07,86.5508,24.3864,93.4492,-155.614,-1550.0,-668.0,-1400.0,-600.0
-1548.0,-668.0,-105.669,5.44457e-07,86.5419,24.6769,93.4581,-155.323,-1548.0,-668.0,-1400.0,-600.0
-1546.0,-668.0,-105.571,5.38394e-07,86.533,24.9739,93.467,-155.026,-1546.0,-668.0,-1400.0,-600.0
-1544.0,-668.0,-105.473,5.32346e-07,86.5239,25.2777,93.4761,-154.722,-1544.0,-668.0,-1400.0,-600.0
-1542.0,-668.0,-105.374,5.26313e-07,86.5147,25.5885,93.4853,-154.411,-1542.0,-668.0,-1400.0,-600.0
-1540.0,-668.0,-105.274,5.20304e-07,86.4914,25.9065,93.5086,-154.093,-1540.0,-668.0,-1400.0,-600.0
-1538.0,-668.0,-105.173,5.14321e-07,86.4505,26.2319,93.5495,-153.768,-1538.0,-668.0,-1400.0,-600.0
-1536.0,-668.0,-105.071,5.08342e-07,86.4322,26.5651,93.5678,-153.435,-1536.0,-668.0,-1400.0,-600.0
-1534.0,-668.0,-104.968,5.02376e-07,86.4226,26.9061,93.5774,-153.094,-1534.0,-668.0,-1400.0,-600.0
-1532.0,-668.0,-104.864,4.96411e-07,86.4447,27.2553,93.5553,-152.745,-1532.0,-668.0,-1400.0,-600.0
-1530.0,-668.0,-104.76,4.90464e-07,86.4674,27.613,93.5326,-152.387,-1530.0,-668.0,-1400.0,-600.0
-1528.0,-668.0,-104.654,4.84537e-07,86.4909,27.9795,93.5091,-152.021,-1528.0,-668.0,-1400.0,-600.0
-1526.0,-668.0,-104.547,4.78631e-07,86.5151,28.355,93.4849,-151.645,-1526.0,-668.0,-1400.0,-600.0
-1524.0,-668.0,-104.439,4.72745e-07,86.5401,28.7398,93.4599,-151.26,-1524.0,-668.0,-1400.0,-600.0
-1522.0,-668.0,-104.331,4.66882e-07,86.5658,29.1343,93.4342,-150.866,-1522.0,-668.0,-1400.0,-600.0
-1520.0,-668.0,-104.221,4.61041e-07,86.5924,29.5388,93.4076,-150.461,-1520.0,-668.0,-1400.0,-600.0
-1518.0,-668.0,-104.11,4.55223e-07,86.6198,29.9536,93.3802,-150.046,-1518.0,-668.0,-1400.0,-600.0
-1516.0,-668.0,-103.999,4.49431e-07,86.6481,30.3791,93.3519,-149.621,-1516.0,-668.0,-1400.0,-600.0
-1514.0,-668.0,-103.887,4.43663e-07,86.6774,30.8157,93.3226,-149.184,-1514.0,-668.0,-1400.0,-600.0
-1512.0,-668.0,-103.773,4.37937e-07,86.6748,31.2637,93.3252,-148.736,-1512.0,-668.0,-1400.0,-600.0
-1510.0,-668.0,-103.66,4.32242e-07,86.6619,31.7236,93.3381,-148.276,-1510.0,-668.0,-1400.0,-600.0
-1508.0,-668.0,-103.545,4.2659e-07,86.6176,32.1957,93.3824,-147.804,-1508.0,-668.0,-1400.0,-600.0
-1506.0,-668.0,-103.43,4.20968e-07,86.5724,32.6806,93.4276,-147.319,-1506.0,-668.0,-1400.0,-600.0
-1504.0,-668.0,-103.313,4.15377e-07,86.5262,33.1785,93.4738,-146.821,-1504.0,-668.0,-1400.0,-600.0
-1502.0,-668.0,-103.196,4.09818e-07,86.479,33.6901,93.521,-146.31,-1502.0,-668.0,-1400.0,-600.0
-1500.0,-668.0,-103.078,4.04293e-07,86.4309,34.2157,93.5691,-145.784,-1500.0,-668.0,-1400.0,-600.0
-1498.0,-668.0,-102.959,3.98803e-07,86.3817,34.7559,93.6183,-145.244,-1498.0,-668.0,-1400.0,-600.0
-1496.0,-668.0,-102.839,3.9335e-07,86.3314,35.3112,93.6686,-144.689,-1496.0,-668.0,-1400.0,-600.0
-1494.0,-668.0,-102.718,3.87934e-07,86.2802,35.8821,93.7198,-144.118,-1494.0,-668.0,-1400.0,-600.0
-1492.0,-668.0,-102.597,3.82559e-07,86.2278,36.4692,93.7722,-143.531,-1492.0,-668.0,-1400.0,-600.0
-1490.0,-668.0,-102.475,3.77225e-07,86.1744,37.0731,93.8256,-142.927,-1490.0,-668.0,-1400.0,-600.0
-1488.0,-668.0,-102.352,3.71934e-07,86.1199,37.6942,93.8801,-142.306,-1488.0,-668.0,-1400.0,-600.0
-1486.0,-668.0,-102.228,3.66689e-07,86.0643,38.3333,93.9357,-141.667,-1486.0,-668.0,-1400.0,-600.0
-1484.0,-668.0,-102.104,3.6149e-07,86.0076,38.991,93.9924,-141.009,-1484.0,-668.0,-1400.0,-600.0
-1482.0,-668.0,-101.979,3.56341e-07,85.9498,39.6678,94.0502,-140.332,-1482.0,-668.0,-1400.0,-600.0
-1480.0,-668.0,-101.854,3.51243e-07,85.8909,40.3645,94.1091,-139.635,-1480.0,-668.0,-1400.0,-600.0
-1478.0,-668.0,-101.728,3.46198e-07,85.831,41.0818,94.169,-138.918,-1478.0,-668.0,-1400.0,-600.0
-1476.0,-668.0,-101.602,3.4121e-07,85.7699,41.8202,94.2301,-138.18,-1476.0,-668.0,-1400.0,-600.0
-1474.0,-668.0,-101.475,3.36279e-07,85.7078,42.5805,94.2922,-137.42,-1474.0,-668.0,-1400.0,-600.0
-1472.0,-668.0,-101.348,3.3141e-07,85.6446,43.3634,94.3554,-136.637,-1472.0,-668.0,-1400.0,-600.0
-1470.0,-668.0,-101.221,3.26605e-07,85.5804,44.1697,94.4196,-135.83,-1470.0,-668.0,-1400.0,-600.0
-1468.0,-668.0,-101.093,3.21846e-07,85.5612,45.0,94.4388,-135.0,-1468.0,-668.0,-1400.0,-600.0
-1466.0,-668.0,-100.966,3.17163e-07,85.5263,45.8551,94.4737,-134.145,-1466.0,-668.0,-1400.0,-600.0
-1464.0,-668.0,-100.84,3.12589e-07,85.4089,46.7357,94.5911,-133.264,-1464.0,-668.0,-1400.0,-600.0
-1462.0,-668.0,-100.713,3.08081e-07,85.314,47.6425,94.686,-132.357,-1462.0,-668.0,-1400.0,-600.0
-1460.0,-668.0,-100.587,3.0364e-07,85.2454,48.5763,94.7546,-131.424,-1460.0,-668.0,-1400.0,-600.0
-1458.0,-668.0,-100.461,2.99282e-07,85.176,49.5378,94.824,-130.462,-1458.0,-668.0,-1400.0,-600.0
-1456.0,-668.0,-100.336,2.9501e-07,85.1059,50.5275,94.8941,-129.472,-1456.0,-668.0,-1400.0,-600.0
-1454.0,-668.0,-100.212,2.90829e-07,85.0354,51.5463,94.9646,-128.454,-1454.0,-668.0,-1400.0,-600.0
-1452.0,-668.0,-100.089,2.86742e-07,84.9645,52.5946,95.0355,-127.405,-1452.0,-668.0,-1400.0,-600.0
-1450.0,-668.0,-99.9671,2.82754e-07,84.8933,53.6732,95.1067,-126.327,-1450.0,-668.0,-1400.0,-600.0
-1448.0,-668.0,-99.8467,2.78869e-07,84.8219,54.7824,95.1781,-125.218,-1448.0,-668.0,-1400.0,-600.0
-1446.0,-668.0,-99.7281,2.7509e-07,84.7506,55.9228,95.2494,-124.077,-1446.0,-668.0,-1400.0,-600.0
-1444.0,-668.0,-99.6114,2.71423e-07,84.6795,57.0948,95.3205,-122.905,-1444.0,-668.0,-1400.0,-600.0
-1442.0,-668.0,-99.4971,2.67882e-07,84.5875,58.2986,95.4125,-121.701,-1442.0,-668.0,-1400.0,-600.0
-1440.0,-668.0,-99.386,2.64479e-07,84.4564,59.5345,95.5436,-120.466,-1440.0,-668.0,-1400.0,-600.0
-1438.0,-668.0,-99.2775,2.61202e-07,84.3245,60.8025,95.6755,-119.197,-1438.0,-668.0,-1400.0,-600.0
-1436.0,-668.0,-99.1722,2.58057e-07,84.1923,62.1027,95.8077,-117.897,-1436.0,-668.0,-1400.0,-600.0
-1434.0,-668.0,-99.0702,2.55048e-07,84.0599,63.4349,95.9401,-116.565,-1434.0,-668.0,-1400.0,-600.0
-1432.0,-668.0,-98.9719,2.5218e-07,83.9277,64.7989,96.0723,-115.201,-1432.0,-668.0,-1400.0,-600.0
-1430.0,-668.0,-98.8775,2.49458e-07,83.7962,66.1941,96.2038,-113.806,-1430.0,-668.0,-1400.0,-600.0
-1428.0,-668.0,-98.7874,2.46887e-07,83.6655,67.6199,96.3345,-112.38,-1428.0,-668.0,-1400.0,-600.0
-1426.0,-668.0,-98.7019,2.44471e-07,83.5362,69.0755,96.4638,-110.925,-1426.0,-668.0,-1400.0,-600.0
-1424.0,-668.0,-98.6213,2.42215e-07,83.4087,70.56,96.5913,-109.44,-1424.0,-668.0,-1400.0,-600.0
-1422.0,-668.0,-98.5459,2.40124e-07,83.2834,72.0721,96.7166,-107.928,-1422.0,-668.0,-1400.0,-600.0
-1420.0,-668.0,-98.476,2.38202e-07,83.1607,73.6105,96.8393,-106.39,-1420.0,-668.0,-1400.0,-600.0
-1418.0,-668.0,-98.4119,2.36453e-07,83.0411,75.1735,96.9589,-104.826,-1418.0,-668.0,-1400.0,-600.0
-1416.0,-668.0,-111.765,2.34889e-07,82.9253,77.0319,97.0747,-103.963,-1404.61,-618.561,-1404.61,-618.561
-1414.0,-668.0,-121.129,2.33563e-07,82.8153,79.2515,97.1847,-103.963,-1404.61,-618.561,-1404.61,-618.561
-1412.0,-668.0,-121.225,8.95944e-07,88.1136,87.4809,91.8864,92.6364,-1404.61,-499.952,-1404.61,-499.952
-1410.0,-668.0,-121.114,8.95685e-07,88.095,87.9076,91.905,92.2097,-1403.86,-499.951,-1403.86,-499.951
-1408.0,-668.0,-121.006,8.95476e-07,88.0765,88.3346,91.9235,91.7827,-1403.11,-499.95,-1403.11,-499.95
-1406.0,-668.0,-120.913,8.95316e-07,88.0581,88.7617,91.9419,91.3556,-1402.37,-499.95,-1402.37,-499.95
-1404.0,-668.0,-147.685,2.30835e-07,82.3774,90.7127,97.6226,-103.963,-1404.61,-618.561,-1404.61,-618.561
-1402.0,-668.0,-149.643,3.90135e-07,85.457,105.535,94.543,148.195,-1425.26,-584.337,-1425.26,-584.337
-1400.0,-668.0,0.0,0.0,0.0,0.0,0.0,0.0,0.0,0.0,0.0,0.0
-1398.0,-668.0,0.0,0.0,0.0,0.0,0.0,0.0,0.0,0.0,0.0,0.0
-1396.0,-668.0,0.0,0.0,0.0,0.0,0.0,0.0,0.0,0.0,0.0,0.0
-1394.0,-668.0,0.0,0.0,0.0,0.0,0.0,0.0,0.0,0.0,0.0,0.0
-1392.0,-668.0,0.0,0.0,0.0,0.0,0.0,0.0,0.0,0.0,0.0,0.0
-1390.0,-668.0,0.0,0.0,0.0,0.0,0.0,0.0,0.0,0.0,0.0,0.0
-1388.0,-668.0,0.0,0.0,0.0,0.0,0.0,0.0,0.0,0.0,0.0,0.0
-1386.0,-668.0,0.0,0.0,0.0,0.0,0.0,0.0,0.0,0.0,0.0,0.0
-1384.0,-668.0,0.0,0.0,0.0,0.0,0.0,0.0,0.0,0.0,0.0,0.0
-1382.0,-668.0,0.0,0.0,0.0,0.0,0.0,0.0,0.0,0.0,0.0,0.0
-1380.0,-668.0,0.0,0.0,0.0,0.0,0.0,0.0,0.0,0.0,0.0,0.0
-1378.0,-668.0,0.0,0.0,0.0,0.0,0.0,0.0,0.0,0.0,0.0,0.0
-1376.0,-668.0,0.0,0.0,0.0,0.0,0.0,0.0,0.0,0.0,0.0,0.0
-1374.0,-668.0,0.0,0.0,0.0,0.0,0.0,0.0,0.0,0.0,0.0,0.0
-1372.0,-668.0,0.0,0.0,0.0,0.0,0.0,0.0,0.0,0.0,0.0,0.0
-1370.0,-668.0,0.0,0.0,0.0,0.0,0.0,0.0,0.0,0.0,0.0,0.0
-1368.0,-668.0,0.0,0.0,0.0,0.0,0.0,0.0,0.0,0.0,0.0,0.0
-1366.0,-668.0,0.0,0.0,0.0,0.0,0.0,0.0,0.0,0.0,0.0,0.0
-1364.0,-668.0,0.0,0.0,0.0,0.0,0.0,0.0,0.0,0.0,0.0,0.0
-1362.0,-668.0,-157.03,1.03827e-06,88.1408,-23.8423,91.8592,11.6373,-1342.24,-588.104,-1323.03,-685.223
-1360.0,-668.0,-154.17,1.08239e-06,86.0165,-26.3108,86.1138,-28.2816,-1368.34,-617.032,-1325.04,-685.289
-1358.0,-668.0,-120.38,4.41424e-07,90.6991,109.333,99.2749,-69.5305,-1393.25,-618.082,-1379.11,-607.822
-1356.0,-668.0,-123.63,4.43674e-07,90.6592,110.146,99.2642,-68.7056,-1392.96,-618.069,-1378.08,-607.822
-1354.0,-668.0,-128.793,4.46014e-07,90.6195,110.951,99.2518,-67.8892,-1392.66,-618.057,-1377.04,-607.822
-1352.0,-668.0,-132.975,4.4844e-07,90.5802,111.747,99.2378,-67.0816,-1392.37,-618.045,-1376.0,-607.823
-1350.0,-668.0,0.0,0.0,0.0,0.0,0.0,0.0,0.0,0.0,0.0,0.0
-1348.0,-668.0,0.0,0.0,0.0,0.0,0.0,0.0,0.0,0.0,0.0,0.0
-1346.0,-668.0,0.0,0.0,0.0,0.0,0.0,0.0,0.0,0.0,0.0,0.0
-1344.0,-668.0,0.0,0.0,0.0,0.0,0.0,0.0,0.0,0.0,0.0,0.0
-1342.0,-668.0,0.0,0.0,0.0,0.0,0.0,0.0,0.0,0.0,0.0,0.0
-1340.0,-668.0,0.0,0.0,0.0,0.0,0.0,0.0,0.0,0.0,0.0,0.0
-1338.0,-668.0,0.0,0.0,0.0,0.0,0.0,0.0,0.0,0.0,0.0,0.0
-1336.0,-668.0,0.0,0.0,0.0,0.0,0.0,0.0,0.0,0.0,0.0,0.0
-1334.0,-668.0,0.0,0.0,0.0,0.0,0.0,0.0,0.0,0.0,0.0,0.0
-1332.0,-668.0,0.0,0.0,0.0,0.0,0.0,0.0,0.0,0.0,0.0,0.0
-1330.0,-668.0,0.0,0.0,0.0,0.0,0.0,0.0,0.0,0.0,0.0,0.0
-1328.0,-668.0,0.0,0.0,0.0,0.0,0.0,0.0,0.0,0.0,0.0,0.0
-1326.0,-668.0,0.0,0.0,0.0,0.0,0.0,0.0,0.0,0.0,0.0,0.0
-1324.0,-668.0,0.0,0.0,0.0,0.0,0.0,0.0,0.0,0.0,0.0,0.0
-1322.0,-668.0,0.0,0.0,0.0,0.0,0.0,0.0,0.0,0.0,0.0,0.0
-1320.0,-668.0,0.0,0.0,0.0,0.0,0.0,0.0,0.0,0.0,0.0,0.0
-1318.0,-668.0,0.0,0.0,0.0,0.0,0.0,0.0,0.0,0.0,0.0,0.0
-1316.0,-668.0,0.0,0.0,0.0,0.0,0.0,0.0,0.0,0.0,0.0,0.0
-1314.0,-668.0,0.0,0.0,0.0,0.0,0.0,0.0,0.0,0.0,0.0,0.0
-1312.0,-668.0,0.0,0.0,0.0,0.0,0.0,0.0,0.0,0.0,0.0,0.0
-1310.0,-668.0,0.0,0.0,0.0,0.0,0.0,0.0,0.0,0.0,0.0,0.0
-1308.0,-668.0,-113.398,8.7265e-07,87.5025,28.6837,92.4975,-26.8667,-1366.53,-616.956,-1239.86,-630.721
-1306.0,-668.0,-113.483,8.66807e-07,87.4856,28.8957,92.5144,-27.0786,-1366.81,-616.968,-1239.86,-631.496
-1304.0,-668.0,-113.617,8.60976e-07,87.4686,29.1105,92.5314,-27.2934,-1367.09,-616.979,-1239.86,-632.286
-1302.0,-668.0,-113.809,8.55157e-07,87.4514,29.3282,92.5486,-27.5112,-1367.38,-616.991,-1239.86,-633.09
-1300.0,-668.0,-114.074,8.49351e-07,87.4339,29.5489,92.5661,-27.7319,-1367.66,-617.003,-1239.86,-633.908
-1298.0,-668.0,-114.43,8.43558e-07,87.4163,29.7727,92.5837,-27.9557,-1367.94,-617.015,-1239.86,-634.741
-1296.0,-668.0,-114.904,8.37778e-07,87.3985,29.9996,92.6015,-28.1825,-1368.22,-617.027,-1239.86,-635.59
-1294.0,-668.0,-115.53,8.32012e-07,87.3804,30.2296,92.6196,-28.4125,-1368.5,-617.039,-1239.86,-636.454
-1292.0,-668.0,-116.356,8.26258e-07,87.3622,30.4628,92.6378,-28.6458,-1368.79,-617.051,-1239.86,-637.334
-1290.0,-668.0,-116.488,8.81357e-07,87.5272,164.027,92.4728,23.1184,-1375.55,-589.562,-1309.05,-662.546
-1288.0,-668.0,-116.319,8.87768e-07,87.5451,164.145,92.4549,22.9997,-1375.4,-589.557,-1309.07,-662.016
-1286.0,-668.0,-116.174,8.94184e-07,87.5627,164.262,92.4373,22.8828,-1375.25,-589.553,-1309.09,-661.494
-1284.0,-668.0,-116.048,9.00603e-07,87.5801,164.377,92.4199,22.7675,-1375.1,-589.548,-1309.1,-660.98
-1282.0,-668.0,-115.94,9.07026e-07,87.5972,164.491,92.4028,22.6539,-1374.95,-589.543,-1309.12,-660.475
-1280.0,-668.0,-115.848,9.13453e-07,87.6141,164.603,92.3859,22.5419,-1374.8,-589.539,-1309.13,-659.977
-1278.0,-668.0,-115.77,9.19883e-07,87.6308,164.714,92.3692,22.4314,-1374.65,-589.534,-1309.15,-659.486
-1276.0,-668.0,-115.705,9.26317e-07,87.6473,164.822,92.3527,22.3225,-1374.5,-589.53,-1309.17,-659.003
-1274.0,-668.0,-115.651,9.32753e-07,87.6635,164.93,92.3365,22.2151,-1374.35,-589.525,-1309.18,-658.527
-1272.0,-668.0,-115.608,9.39194e-07,87.6796,165.036,92.3204,22.1092,-1374.2,-589.521,-1309.2,-658.058
-1270.0,-668.0,-115.574,9.45637e-07,87.6954,165.14,92.3046,22.0047,-1374.06,-589.516,-1309.21,-657.597
-1268.0,-668.0,-115.549,9.52084e-07,87.711,165.243,92.289,21.9016,-1373.91,-589.512,-1309.22,-657.141
-1266.0,-668.0,-115.531,9.58533e-07,87.7264,165.345,92.2736,21.7999,-1373.77,-589.507,-1309.24,-656.693
-1264.0,-668.0,-115.521,9.64986e-07,87.7416,165.445,92.2584,21.6996,-1373.62,-589.503,-1309.25,-656.251
-1262.0,-668.0,-116.307,7.41815e-07,87.0617,34.3908,92.9383,-32.5737,-1373.03,-617.23,-1239.87,-652.849
-1260.0,-668.0,-114.848,7.36325e-07,87.0398,34.6845,92.9602,-32.8675,-1373.32,-617.242,-1239.87,-654.066
-1258.0,-668.0,-113.786,7.30855e-07,87.0176,34.9826,92.9824,-33.1656,-1373.6,-617.254,-1239.87,-655.31
-1256.0,-668.0,-111.785,6.84616e-07,86.816,135.01,93.184,46.6586,-1390.58,-590.022,-1336.09,-587.943
-1254.0,-668.0,-112.064,6.89345e-07,86.8378,135.403,93.1622,46.2658,-1390.45,-590.018,-1335.21,-587.92
-1252.0,-668.0,-112.063,7.14558e-07,86.9628,35.9043,93.0372,-34.0873,-1374.45,-617.289,-1239.87,-659.215
-1250.0,-668.0,-111.798,7.09156e-07,86.9624,36.221,93.0376,-34.4039,-1374.74,-617.301,-1239.87,-660.578
-1248.0,-668.0,-111.647,7.03776e-07,86.9621,36.5424,93.0379,-34.7254,-1375.02,-617.313,-1239.87,-661.972
-1246.0,-668.0,-111.605,6.98418e-07,86.9619,36.8689,93.0381,-35.0518,-1375.3,-617.325,-1239.87,-663.4
-1244.0,-668.0,-111.68,6.93083e-07,86.9618,37.2003,93.0382,-35.3833,-1375.59,-617.337,-1239.87,-664.863
-1242.0,-668.0,-111.893,6.87772e-07,86.9619,37.5369,93.0381,-35.7199,-1375.87,-617.349,-1239.87,-666.361
-1240.0,-668.0,-118.572,6.8179e-07,86.9589,141.993,93.0411,-35.9954,-1376.1,-617.359,-1342.24,-588.104
-1238.0,-668.0,0.0,0.0,0.0,0.0,0.0,0.0,0.0,0.0,0.0,0.0
-1236.0,-668.0,0.0,0.0,0.0,0.0,0.0,0.0,0.0,0.0,0.0,0.0
-1234.0,-668.0,0.0,0.0,0.0,0.0,0.0,0.0,0.0,0.0,0.0,0.0
-1232.0,-668.0,0.0,0.0,0.0,0.0,0.0,0.0,0.0,0.0,0.0,0.0
-1230.0,-668.0,0.0,0.0,0.0,0.0,0.0,0.0,0.0,0.0,0.0,0.0
-1228.0,-668.0,0.0,0.0,0.0,0.0,0.0,0.0,0.0,0.0,0.0,0.0
-1226.0,-668.0,0.0,0.0,0.0,0.0,0.0,0.0,0.0,0.0,0.0,0.0
-1224.0,-668.0,0.0,0.0,0.0,0.0,0.0,0.0,0.0,0.0,0.0,0.0
-1222.0,-668.0,0.0,0.0,0.0,0.0,0.0,0.0,0.0,0.0,0.0,0.0
-1220.0,-668.0,0.0,0.0,0.0,0.0,0.0,0.0,0.0,0.0,0.0,0.0
-1218.0,-668.0,0.0,0.0,0.0,0.0,0.0,0.0,0.0,0.0,0.0,0.0
-1216.0,-668.0,0.0,0.0,0.0,0.0,0.0,0.0,0.0,0.0,0.0,0.0
-1214.0,-668.0,0.0,0.0,0.0,0.0,0.0,0.0,0.0,0.0,0.0,0.0
-1212.0,-668.0,-177.637,1.16732e-06,88.3217,-58.9586,91.6783,-9.41385,-1309.77,-614.96,-1195.79,-694.94
-1210.0,-668.0,-177.471,1.16389e-06,88.3307,-59.3403,91.6693,-9.41385,-1309.77,-614.96,-1195.88,-691.814
-1208.0,-668.0,-177.411,1.1605e-06,88.3397,-59.7251,91.6603,-9.41385,-1309.77,-614.96,-1195.98,-688.586
-1206.0,-668.0,-173.347,1.6856e-06,88.8666,-107.312,91.1334,-43.396,-1381.4,-617.583,-1232.54,-753.138
-1204.0,-668.0,-173.893,1.68759e-06,88.8689,-107.56,91.1311,-43.396,-1381.4,-617.583,-1230.92,-753.085
-1202.0,-668.0,-167.026,1.69502e-06,88.8739,-106.772,91.1261,-43.3117,-1381.35,-617.58,-1227.61,-752.976
-1600.0,-666.0,-107.898,7.03211e-07,87.9077,18.2629,92.0923,-161.737,-1600.0,-666.0,-1400.0,-600.0
-1598.0,-666.0,-107.819,6.96891e-07,87.8655,18.4349,92.1345,-161.565,-1598.0,-666.0,-1400.0,-600.0
-1596.0,-666.0,-107.74,6.90579e-07,87.8226,18.6102,92.1774,-161.39,-1596.0,-666.0,-1400.0,-600.0
-1594.0,-666.0,-107.66,6.84273e-07,87.7789,18.7886,92.2211,-161.211,-1594.0,-666.0,-1400.0,-600.0
-1592.0,-666.0,-107.579,6.77975e-07,87.7345,18.9704,92.2655,-161.03,-1592.0,-666.0,-1400.0,-600.0
-1590.0,-666.0,-107.498,6.71683e-07,87.6892,19.1556,92.3108,-160.844,-1590.0,-666.0,-1400.0,-600.0
-1588.0,-666.0,-107.416,6.654e-07,87.6431,19.3443,92.3569,-160.656,-1588.0,-666.0,-1400.0,-600.0
-1586.0,-666.0,-107.334,6.59124e-07,87.5961,19.5367,92.4039,-160.463,-1586.0,-666.0,-1400.0,-600.0
-1584.0,-666.0,-107.25,6.52861e-07,87.5377,19.7327,92.4623,-160.267,-1584.0,-666.0,-1400.0,-600.0
-1582.0,-666.0,-107.167,6.46614e-07,87.4639,19.9325,92.5361,-160.067,-1582.0,-666.0,-1400.0,-600.0
-1580.0,-666.0,-107.082,6.40376e-07,87.3888,20.1363,92.6112,-159.864,-1580.0,-666.0,-1400.0,-600.0
-1578.0,-666.0,-106.997,6.34147e-07,87.3122,20.3441,92.6878,-159.656,-1578.0,-666.0,-1400.0,-600.0
-1576.0,-666.0,-106.911,6.27928e-07,87.2341,20.556,92.7659,-159.444,-1576.0,-666.0,-1400.0,-600.0
-1574.0,-666.0,-106.825,6.21719e-07,87.1544,20.7723,92.8456,-159.228,-1574.0,-666.0,-1400.0,-600.0
-1572.0,-666.0,-106.737,6.15521e-07,87.0732,20.9929,92.9268,-159.007,-1572.0,-666.0,-1400.0,-600.0
-1570.0,-666.0,-106.649,6.09332e-07,86.9905,21.218,93.0095,-158.782,-1570.0,-666.0,-1400.0,-600.0
-1568.0,-666.0,-106.561,6.03155e-07,86.906,21.4477,93.094,-158.552,-1568.0,-666.0,-1400.0,-600.0
-1566.0,-666.0,-106.471,5.96989e-07,86.8199,21.6823,93.1801,-158.318,-1566.0,-666.0,-1400.0,-600.0
-1564.0,-666.0,-106.381,5.90834e-07,86.732,21.9218,93.268,-158.078,-1564.0,-666.0,-1400.0,-600.0
-1562.0,-666.0,-106.29,5.84691e-07,86.6423,22.1663,93.3577,-157.834,-1562.0,-666.0,-1400.0,-600.0
-1560.0,-666.0,-106.197,5.78531e-07,86.5995,22.4161,93.4005,-157.584,-1560.0,-666.0,-1400.0,-600.0
-1558.0,-666.0,-106.104,5.72362e-07,86.5911,22.6713,93.4089,-157.329,-1558.0,-666.0,-1400.0,-600.0
-1556.0,-666.0,-106.01,5.66204e-07,86.5825,22.9321,93.4175,-157.068,-1556.0,-666.0,-1400.0,-600.0
-1554.0,-666.0,-105.915,5.60058e-07,86.5739,23.1986,93.4261,-156.801,-1554.0,-666.0,-1400.0,-600.0
-1552.0,-666.0,-105.819,5.53925e-07,86.5651,23.471,93.4349,-156.529,-1552.0,-666.0,-1400.0,-600.0
-1550.0,-666.0,-105.722,5.47804e-07,86.5562,23.7495,93.4438,-156.251,-1550.0,-666.0,-1400.0,-600.0
-1548.0,-666.0,-105.625,5.41697e-07,86.5471,24.0343,93.4529,-155.966,-1548.0,-666.0,-1400.0,-600.0
-1546.0,-666.0,-105.526,5.35603e-07,86.538,24.3256,93.462,-155.674,-1546.0,-666.0,-1400.0,-600.0
-1544.0,-666.0,-105.427,5.29523e-07,86.5287,24.6236,93.4713,-155.376,-1544.0,-666.0,-1400.0,-600.0
-1542.0,-666.0,-105.326,5.23462e-07,86.5126,24.9285,93.4874,-155.072,-1542.0,-666.0,-1400.0,-600.0
-1540.0,-666.0,-105.225,5.17429e-07,86.4719,25.2405,93.5281,-154.759,-1540.0,-666.0,-1400.0,-600.0
-1538.0,-666.0,-105.124,5.11412e-07,86.4303,25.56,93.5697,-154.44,-1538.0,-666.0,-1400.0,-600.0
-1536.0,-666.0,-105.021,5.05399e-07,86.4114,25.887,93.5886,-154.113,-1536.0,-666.0,-1400.0,-600.0
-1534.0,-666.0,-104.917,4.99398e-07,86.4006,26.222,93.5994,-153.778,-1534.0,-666.0,-1400.0,-600.0
-1532.0,-666.0,-104.812,4.9341e-07,86.3979,26.5651,93.6021,-153.435,-1532.0,-666.0,-1400.0,-600.0
-1530.0,-666.0,-104.705,4.87426e-07,86.4199,26.9166,93.5801,-153.083,-1530.0,-666.0,-1400.0,-600.0
-1528.0,-666.0,-104.598,4.81462e-07,86.4427,27.2768,93.5573,-152.723,-1528.0,-666.0,-1400.0,-600.0
-1526.0,-666.0,-104.49,4.75517e-07,86.4662,27.646,93.5338,-152.354,-1526.0,-666.0,-1400.0,-600.0
-1524.0,-666.0,-104.381,4.69592e-07,86.4904,28.0245,93.5096,-151.975,-1524.0,-666.0,-1400.0,-600.0
-1522.0,-666.0,-104.271,4.63688e-07,86.5154,28.4127,93.4846,-151.587,-1522.0,-666.0,-1400.0,-600.0
-1520.0,-666.0,-104.16,4.57806e-07,86.5412,28.8108,93.4588,-151.189,-1520.0,-666.0,-1400.0,-600.0
-1518.0,-666.0,-104.048,4.51947e-07,86.5678,29.2192,93.4322,-150.781,-1518.0,-666.0,-1400.0,-600.0
-1516.0,-666.0,-103.934,4.46111e-07,86.5954,29.6384,93.4046,-150.362,-1516.0,-666.0,-1400.0,-600.0
-1514.0,-666.0,-103.82,4.403e-07,86.6238,30.0686,93.3762,-149.931,-1514.0,-666.0,-1400.0,-600.0
-1512.0,-666.0,-103.705,4.34529e-07,86.6202,30.5102,93.3798,-149.49,-1512.0,-666.0,-1400.0,-600.0
-1510.0,-666.0,-103.59,4.28787e-07,86.6126,30.9638,93.3874,-149.036,-1510.0,-666.0,-1400.0,-600.0
-1508.0,-666.0,-103.473,4.23078e-07,86.5895,31.4296,93.4105,-148.57,-1508.0,-666.0,-1400.0,-600.0
-1506.0,-666.0,-103.356,4.17409e-07,86.5432,31.9081,93.4568,-148.092,-1506.0,-666.0,-1400.0,-600.0
-1504.0,-666.0,-103.237,4.11769e-07,86.4958,32.3998,93.5042,-147.6,-1504.0,-666.0,-1400.0,-600.0
-1502.0,-666.0,-103.118,4.06161e-07,86.4473,32.9052,93.5527,-147.095,-1502.0,-666.0,-1400.0,-600.0
-1500.0,-666.0,-102.998,4.00586e-07,86.3978,33.4248,93.6022,-146.575,-1500.0,-666.0,-1400.0,-600.0
-1498.0,-666.0,-102.876,3.95044e-07,86.3472,33.9591,93.6528,-146.041,-1498.0,-666.0,-1400.0,-600.0
-1496.0,-666.0,-102.754,3.89538e-07,86.2955,34.5085,93.7045,-145.491,-1496.0,-666.0,-1400.0,-600.0
-1494.0,-666.0,-102.631,3.84069e-07,86.2427,35.0738,93.7573,-144.926,-1494.0,-666.0,-1400.0,-600.0
-1492.0,-666.0,-102.507,3.78639e-07,86.1887,35.6553,93.8113,-144.345,-1492.0,-666.0,-1400.0,-600.0
-1490.0,-666.0,-102.383,3.73249e-07,86.1336,36.2538,93.8664,-143.746,-1490.0,-666.0,-1400.0,-600.0
-1488.0,-666.0,-102.257,3.67901e-07,86.0773,36.8699,93.9227,-143.13,-1488.0,-666.0,-1400.0,-600.0
-1486.0,-666.0,-102.131,3.62597e-07,86.0198,37.5041,93.9802,-142.496,-1486.0,-666.0,-1400.0,-600.0
-1484.0,-666.0,-102.004,3.57339e-07,85.9612,38.1572,94.0388,-141.843,-1484.0,-666.0,-1400.0,-600.0
-1482.0,-666.0,-101.876,3.52129e-07,85.9013,38.8298,94.0987,-141.17,-1482.0,-666.0,-1400.0,-600.0
-1480.0,-666.0,-101.747,3.46969e-07,85.8402,39.5226,94.1598,-140.477,-1480.0,-666.0,-1400.0,-600.0
-1478.0,-666.0,-101.618,3.41861e-07,85.778,40.2364,94.222,-139.764,-1478.0,-666.0,-1400.0,-600.0
-1476.0,-666.0,-101.489,3.36809e-07,85.7145,40.9717,94.2855,-139.028,-1476.0,-666.0,-1400.0,-600.0
-1474.0,-666.0,-101.359,3.31813e-07,85.6499,41.7295,94.3501,-138.27,-1474.0,-666.0,-1400.0,-600.0
-1472.0,-666.0,-101.228,3.26878e-07,85.5841,42.5104,94.4159,-137.49,-1472.0,-666.0,-1400.0,-600.0
-1470.0,-666.0,-101.097,3.2199e-07,85.5515,43.3153,94.4485,-136.685,-1470.0,-666.0,-1400.0,-600.0
-1468.0,-666.0,-100.966,3.1716e-07,85.5346,44.1449,94.4654,-135.855,-1468.0,-666.0,-1400.0,-600.0
-1466.0,-666.0,-100.835,3.12407e-07,85.4978,45.0,94.5022,-135.0,-1466.0,-666.0,-1400.0,-600.0
-1464.0,-666.0,-100.704,3.07762e-07,85.3771,45.8814,94.6229,-134.119,-1464.0,-666.0,-1400.0,-600.0
-1462.0,-666.0,-100.574,3.03192e-07,85.2538,46.7899,94.7462,-133.21,-1462.0,-666.0,-1400.0,-600.0
-1460.0,-666.0,-100.444,2.98686e-07,85.1663,47.7263,94.8337,-132.274,-1460.0,-666.0,-1400.0,-600.0
-1458.0,-666.0,-100.314,2.94254e-07,85.0933,48.6914,94.9067,-131.309,-1458.0,-666.0,-1400.0,-600.0
-1456.0,-666.0,-100.184,2.89909e-07,85.0196,49.6859,94.9804,-130.314,-1456.0,-666.0,-1400.0,-600.0
-1454.0,-666.0,-100.056,2.85653e-07,84.9452,50.7106,95.0548,-129.289,-1454.0,-666.0,-1400.0,-600.0
-1452.0,-666.0,-99.9281,2.81491e-07,84.8703,51.7662,95.1297,-128.234,-1452.0,-666.0,-1400.0,-600.0
-1450.0,-666.0,-99.8017,2.77428e-07,84.7949,52.8533,95.2051,-127.147,-1450.0,-666.0,-1400.0,-600.0
-1448.0,-666.0,-99.6766,2.73466e-07,84.7193,53.9726,95.2807,-126.027,-1448.0,-666.0,-1400.0,-600.0
-1446.0,-666.0,-99.5531,2.69612e-07,84.6436,55.1247,95.3564,-124.875,-1446.0,-666.0,-1400.0,-600.0
-1444.0,-666.0,-99.4316,2.6587e-07,84.568,56.3099,95.432,-123.69,-1444.0,-666.0,-1400.0,-600.0
-1442.0,-666.0,-99.3125,2.62253e-07,84.471,57.5288,95.529,-122.471,-1442.0,-666.0,-1400.0,-600.0
-1440.0,-666.0,-99.1964,2.58776e-07,84.3338,58.7816,95.6662,-121.218,-1440.0,-666.0,-1400.0,-600.0
-1438.0,-666.0,-99.0831,2.55427e-07,84.1958,60.0685,95.8042,-119.932,-1438.0,-666.0,-1400.0,-600.0
-1436.0,-666.0,-98.9729,2.52209e-07,84.0572,61.3895,95.9428,-118.61,-1436.0,-666.0,-1400.0,-600.0
-1434.0,-666.0,-98.866,2.4913e-07,83.9183,62.7447,96.0817,-117.255,-1434.0,-666.0,-1400.0,-600.0
-1432.0,-666.0,-98.7629,2.46193e-07,83.7795,64.1336,96.2205,-115.866,-1432.0,-666.0,-1400.0,-600.0
-1430.0,-666.0,-98.6638,2.43404e-07,83.6412,65.556,96.3588,-114.444,-1430.0,-666.0,-1400.0,-600.0
-1428.0,-666.0,-98.5692,2.40768e-07,83.5039,67.0113,96.4961,-112.989,-1428.0,-666.0,-1400.0,-600.0
-1426.0,-666.0,-98.4792,2.3829e-07,83.3679,68.4986,96.6321,-111.501,-1426.0,-666.0,-1400.0,-600.0
-1424.0,-666.0,-98.3943,2.35975e-07,83.2336,70.0169,96.7664,-109.983,-1424.0,-666.0,-1400.0,-600.0
-1422.0,-666.0,-98.3149,2.33829e-07,83.1017,71.5651,96.8983,-108.435,-1422.0,-666.0,-1400.0,-600.0
-1420.0,-666.0,-98.2411,2.31855e-07,82.9725,73.1416,97.0275,-106.858,-1420.0,-666.0,-1400.0,-600.0
-1418.0,-666.0,-98.1735,2.30057e-07,82.8467,74.7449,97.1533,-105.255,-1418.0,-666.0,-1400.0,-600.0
-1416.0,-666.0,-107.838,2.28443e-07,82.7246,76.5047,97.2754,-103.963,-1404.61,-618.561,-1404.61,-618.561
-1414.0,-666.0,-119.496,2.27064e-07,82.6085,78.8096,97.3915,-103.963,-1404.61,-618.561,-1404.61,-618.561
-1412.0,-666.0,-121.167,8.89281e-07,88.0994,87.462,91.9006,92.6553,-1404.64,-499.952,-1404.64,-499.952
-1410.0,-666.0,-121.056,8.8902e-07,88.0807,87.8919,91.9193,92.2254,-1403.89,-499.951,-1403.89,-499.951
-1408.0,-666.0,-120.948,8.88809e-07,88.0621,88.3221,91.9379,91.7952,-1403.14,-499.95,-1403.14,-499.95
-1406.0,-666.0,-120.854,8.88648e-07,88.0436,88.7524,91.9564,91.3649,-1402.38,-499.95,-1402.38,-499.95
-1404.0,-666.0,-147.535,2.24223e-07,82.1512,90.7427,97.8488,-103.963,-1404.61,-618.561,-1404.61,-618.561
-1402.0,-666.0,0.0,0.0,0.0,0.0,0.0,0.0,0.0,0.0,0.0,0.0
-1400.0,-666.0,0.0,0.0,0.0,0.0,0.0,0.0,0.0,0.0,0.0,0.0
-1398.0,-666.0,0.0,0.0,0.0,0.0,0.0,0.0,0.0,0.0,0.0,0.0
-1396.0,-666.0,0.0,0.0,0.0,0.0,0.0,0.0,0.0,0.0,0.0,0.0
-1394.0,-666.0,0.0,0.0,0.0,0.0,0.0,0.0,0.0,0.0,0.0,0.0
-1392.0,-666.0,0.0,0.0,0.0,0.0,0.0,0.0,0.0,0.0,0.0,0.0
-1390.0,-666.0,0.0,0.0,0.0,0.0,0.0,0.0,0.0,0.0,0.0,0.0
-1388.0,-666.0,0.0,0.0,0.0,0.0,0.0,0.0,0.0,0.0,0.0,0.0
-1386.0,-666.0,0.0,0.0,0.0,0.0,0.0,0.0,0.0,0.0,0.0,0.0
-1384.0,-666.0,0.0,0.0,0.0,0.0,0.0,0.0,0.0,0.0,0.0,0.0
-1382.0,-666.0,0.0,0.0,0.0,0.0,0.0,0.0,0.0,0.0,0.0,0.0
-1380.0,-666.0,0.0,0.0,0.0,0.0,0.0,0.0,0.0,0.0,0.0,0.0
-1378.0,-666.0,0.0,0.0,0.0,0.0,0.0,0.0,0.0,0.0,0.0,0.0
-1376.0,-666.0,0.0,0.0,0.0,0.0,0.0,0.0,0.0,0.0,0.0,0.0
-1374.0,-666.0,0.0,0.0,0.0,0.0,0.0,0.0,0.0,0.0,0.0,0.0
-1372.0,-666.0,0.0,0.0,0.0,0.0,0.0,0.0,0.0,0.0,0.0,0.0
-1370.0,-666.0,0.0,0.0,0.0,0.0,0.0,0.0,0.0,0.0,0.0,0.0
-1368.0,-666.0,0.0,0.0,0.0,0.0,0.0,0.0,0.0,0.0,0.0,0.0
-1366.0,-666.0,0.0,0.0,0.0,0.0,0.0,0.0,0.0,0.0,0.0,0.0
-1364.0,-666.0,0.0,0.0,0.0,0.0,0.0,0.0,0.0,0.0,0.0,0.0
-1362.0,-666.0,-156.054,1.041e-06,88.1338,-24.2569,91.8662,11.6373,-1342.24,-588.104,-1319.59,-685.109
-1360.0,-666.0,-155.714,1.03493e-06,88.1072,-24.4444,91.8928,11.6373,-1342.24,-588.104,-1318.07,-685.059
-1358.0,-666.0,-121.19,4.3513e-07,90.6808,109.624,99.2672,-69.2352,-1393.15,-618.077,-1378.72,-607.874
-1356.0,-666.0,-125.176,4.37413e-07,90.6403,110.447,99.2558,-68.4001,-1392.85,-618.065,-1377.67,-607.875
-1354.0,-666.0,-130.812,4.39786e-07,90.6002,111.262,99.2426,-67.5738,-1392.55,-618.052,-1376.62,-607.875
-1352.0,-666.0,-132.594,4.42248e-07,90.5773,112.068,99.2447,-66.7571,-1392.25,-618.04,-1375.65,-607.651
-1350.0,-666.0,0.0,0.0,0.0,0.0,0.0,0.0,0.0,0.0,0.0,0.0
-1348.0,-666.0,0.0,0.0,0.0,0.0,0.0,0.0,0.0,0.0,0.0,0.0
-1346.0,-666.0,0.0,0.0,0.0,0.0,0.0,0.0,0.0,0.0,0.0,0.0
-1344.0,-666.0,0.0,0.0,0.0,0.0,0.0,0.0,0.0,0.0,0.0,0.0
-1342.0,-666.0,0.0,0.0,0.0,0.0,0.0,0.0,0.0,0.0,0.0,0.0
-1340.0,-666.0,0.0,0.0,0.0,0.0,0.0,0.0,0.0,0.0,0.0,0.0
-1338.0,-666.0,0.0,0.0,0.0,0.0,0.0,0.0,0.0,0.0,0.0,0.0
-1336.0,-666.0,0.0,0.0,0.0,0.0,0.0,0.0,0.0,0.0,0.0,0.0
-1334.0,-666.0,0.0,0.0,0.0,0.0,0.0,0.0,0.0,0.0,0.0,0.0
-1332.0,-666.0,0.0,0.0,0.0,0.0,0.0,0.0,0.0,0.0,0.0,0.0
-1330.0,-666.0,0.0,0.0,0.0,0.0,0.0,0.0,0.0,0.0,0.0,0.0
-1328.0,-666.0,0.0,0.0,0.0,0.0,0.0,0.0,0.0,0.0,0.0,0.0
-1326.0,-666.0,0.0,0.0,0.0,0.0,0.0,0.0,0.0,0.0,0.0,0.0
-1324.0,-666.0,0.0,0.0,0.0,0.0,0.0,0.0,0.0,0.0,0.0,0.0
-1322.0,-666.0,0.0,0.0,0.0,0.0,0.0,0.0,0.0,0.0,0.0,0.0
-1320.0,-666.0,0.0,0.0,0.0,0.0,0.0,0.0,0.0,0.0,0.0,0.0
-1318.0,-666.0,0.0,0.0,0.0,0.0,0.0,0.0,0.0,0.0,0.0,0.0
-1316.0,-666.0,0.0,0.0,0.0,0.0,0.0,0.0,0.0,0.0,0.0,0.0
-1314.0,-666.0,0.0,0.0,0.0,0.0,0.0,0.0,0.0,0.0,0.0,0.0
-1312.0,-666.0,0.0,0.0,0.0,0.0,0.0,0.0,0.0,0.0,0.0,0.0
-1310.0,-666.0,0.0,0.0,0.0,0.0,0.0,0.0,0.0,0.0,0.0,0.0
-1308.0,-666.0,-113.206,8.6946e-07,87.5075,28.2976,92.4925,-26.4805,-1366.01,-616.934,-1239.86,-629.315
-1306.0,-666.0,-113.22,8.63596e-07,87.4906,28.5077,92.5094,-26.6906,-1366.29,-616.946,-1239.86,-630.078
-1304.0,-666.0,-113.271,8.57743e-07,87.4735,28.7206,92.5265,-26.9036,-1366.58,-616.958,-1239.86,-630.855
-1302.0,-666.0,-113.366,8.51902e-07,87.4561,28.9365,92.5439,-27.1195,-1366.87,-616.97,-1239.86,-631.646
-1300.0,-666.0,-113.513,8.46074e-07,87.4386,29.1554,92.5614,-27.3383,-1367.15,-616.982,-1239.86,-632.451
-1298.0,-666.0,-113.724,8.40258e-07,87.4209,29.3773,92.5791,-27.5603,-1367.44,-616.994,-1239.86,-633.271
-1296.0,-666.0,-114.013,8.34455e-07,87.4029,29.6023,92.5971,-27.7853,-1367.73,-617.006,-1239.86,-634.106
-1294.0,-666.0,-114.402,8.28665e-07,87.3848,29.8305,92.6152,-28.0134,-1368.01,-617.018,-1239.86,-634.957
-1292.0,-666.0,-114.921,8.22889e-07,87.3664,30.0619,92.6336,-28.2448,-1368.3,-617.03,-1239.86,-635.823
-1290.0,-666.0,-115.61,8.17126e-07,87.3478,30.2965,92.6522,-28.4795,-1368.59,-617.042,-1239.86,-636.706
-1288.0,-666.0,-115.646,8.85961e-07,87.554,164.561,92.446,22.5842,-1374.85,-589.541,-1309.13,-660.165
-1286.0,-666.0,-115.56,8.92389e-07,87.5716,164.675,92.4284,22.47,-1374.7,-589.536,-1309.14,-659.657
-1284.0,-666.0,-115.488,8.98822e-07,87.589,164.787,92.411,22.3575,-1374.55,-589.531,-1309.16,-659.158
-1282.0,-666.0,-115.429,9.05257e-07,87.6062,164.898,92.3938,22.2466,-1374.39,-589.526,-1309.18,-658.667
-1280.0,-666.0,-115.381,9.11696e-07,87.6231,165.008,92.3769,22.1372,-1374.24,-589.522,-1309.19,-658.182
-1278.0,-666.0,-115.344,9.18139e-07,87.6398,165.116,92.3602,22.0294,-1374.09,-589.517,-1309.21,-657.706
-1276.0,-666.0,-115.315,9.24584e-07,87.6563,165.222,92.3437,21.9231,-1373.94,-589.513,-1309.22,-657.236
-1274.0,-666.0,-115.295,9.31033e-07,87.6725,165.327,92.3275,21.8182,-1373.79,-589.508,-1309.24,-656.774
-1272.0,-666.0,-115.283,9.37485e-07,87.6885,165.43,92.3115,21.7148,-1373.64,-589.504,-1309.25,-656.318
-1270.0,-666.0,-115.278,9.4394e-07,87.7044,165.532,92.2956,21.6128,-1373.49,-589.499,-1309.26,-655.869
-1268.0,-666.0,-125.252,7.54727e-07,87.1284,33.1126,92.8716,-31.2955,-1371.75,-617.175,-1239.86,-647.65
-1266.0,-666.0,-123.996,7.49153e-07,87.107,33.3917,92.893,-31.5747,-1372.03,-617.188,-1239.86,-648.772
-1264.0,-666.0,-121.866,7.43597e-07,87.0854,33.6751,92.9146,-31.858,-1372.32,-617.2,-1239.86,-649.919
-1262.0,-666.0,-119.278,7.3806e-07,87.0635,33.9627,92.9365,-32.1457,-1372.61,-617.212,-1239.87,-651.091
-1260.0,-666.0,-115.336,9.7626e-07,87.7804,166.022,92.2196,21.1232,-1372.76,-589.476,-1309.33,-653.72
-1258.0,-666.0,-111.664,6.75181e-07,86.7898,135.011,93.2102,46.6584,-1390.58,-590.022,-1336.09,-587.943
-1256.0,-666.0,-111.95,6.7991e-07,86.8121,135.409,93.1879,46.2602,-1390.45,-590.018,-1335.2,-587.92
-1254.0,-666.0,-112.481,6.84671e-07,86.8343,135.801,93.1657,45.8676,-1390.31,-590.013,-1334.32,-587.897
-1252.0,-666.0,-112.522,7.10659e-07,86.9635,35.4679,93.0365,-33.6508,-1374.05,-617.273,-1239.87,-657.355
-1250.0,-666.0,-112.059,7.05227e-07,86.963,35.7829,93.037,-33.9659,-1374.34,-617.285,-1239.87,-658.696
-1248.0,-666.0,-111.742,6.99817e-07,86.9626,36.1029,93.0374,-34.2858,-1374.63,-617.297,-1239.87,-660.068
-1246.0,-666.0,-111.548,6.94429e-07,86.9623,36.4278,93.0377,-34.6107,-1374.92,-617.309,-1239.87,-661.474
-1244.0,-666.0,-111.467,6.89063e-07,86.9621,36.7577,93.0379,-34.9407,-1375.21,-617.321,-1239.87,-662.913
-1242.0,-666.0,-111.502,6.83721e-07,86.962,37.0929,93.038,-35.2758,-1375.5,-617.334,-1239.87,-664.387
-1240.0,-666.0,-109.815,6.77701e-07,86.9588,142.503,93.0412,-35.6618,-1375.82,-617.347,-1341.55,-588.086
-1238.0,-666.0,0.0,0.0,0.0,0.0,0.0,0.0,0.0,0.0,0.0,0.0
-1236.0,-666.0,0.0,0.0,0.0,0.0,0.0,0.0,0.0,0.0,0.0,0.0
-1234.0,-666.0,0.0,0.0,0.0,0.0,0.0,0.0,0.0,0.0,0.0,0.0
-1232.0,-666.0,0.0,0.0,0.0,0.0,0.0,0.0,0.0,0.0,0.0,0.0
-1230.0,-666.0,0.0,0.0,0.0,0.0,0.0,0.0,0.0,0.0,0.0,0.0
-1228.0,-666.0,0.0,0.0,0.0,0.0,0.0,0.0,0.0,0.0,0.0,0.0
-1226.0,-666.0,0.0,0.0,0.0,0.0,0.0,0.0,0.0,0.0,0.0,0.0
-1224.0,-666.0,0.0,0.0,0.0,0.0,0.0,0.0,0.0,0.0,0.0,0.0
-1222.0,-666.0,0.0,0.0,0.0,0.0,0.0,0.0,0.0,0.0,0.0,0.0
-1220.0,-666.0,0.0,0.0,0.0,0.0,0.0,0.0,0.0,0.0,0.0,0.0
-1218.0,-666.0,0.0,0.0,0.0,0.0,0.0,0.0,0.0,0.0,0.0,0.0
-1216.0,-666.0,0.0,0.0,0.0,0.0,0.0,0.0,0.0,0.0,0.0,0.0
-1214.0,-666.0,0.0,0.0,0.0,0.0,0.0,0.0,0.0,0.0,0.0,0.0
-1212.0,-666.0,-177.593,1.17306e-06,88.2983,-59.1859,91.7017,-9.41385,-1309.77,-614.96,-1195.84,-693.087
-1210.0,-666.0,-177.494,1.16965e-06,88.3072,-59.566,91.6928,-9.41385,-1309.77,-614.96,-1195.94,-689.93
-1208.0,-666.0,-177.486,1.16629e-06,88.3161,-59.9491,91.6839,-9.41385,-1309.77,-614.96,-1196.04,-686.669
-1206.0,-666.0,-173.244,1.69198e-06,88.8489,-107.235,91.1511,-43.396,-1381.4,-617.583,-1233.04,-753.154
-1204.0,-666.0,-173.749,1.69397e-06,88.8513,-107.482,91.1487,-43.396,-1381.4,-617.583,-1231.43,-753.102
-1202.0,-666.0,-166.94,1.70142e-06,88.8563,-106.694,91.1437,-43.3117,-1381.35,-617.58,-1228.09,-752.992
-1600.0,-664.0,-107.872,7.01142e-07,87.9191,17.7447,92.0809,-162.255,-1600.0,-664.0,-1400.0,-600.0
-1598.0,-664.0,-107.793,6.94803e-07,87.8769,17.9125,92.1231,-162.087,-1598.0,-664.0,-1400.0,-600.0
-1596.0,-664.0,-107.713,6.88472e-07,87.8339,18.0834,92.1661,-161.917,-1596.0,-664.0,-1400.0,-600.0
-1594.0,-664.0,-107.633,6.82146e-07,87.7901,18.2576,92.2099,-161.742,-1594.0,-664.0,-1400.0,-600.0
-1592.0,-664.0,-107.552,6.75828e-07,87.7456,18.4349,92.2544,-161.565,-1592.0,-664.0,-1400.0,-600.0
-1590.0,-664.0,-107.47,6.69516e-07,87.7002,18.6157,92.2998,-161.384,-1590.0,-664.0,-1400.0,-600.0
-1588.0,-664.0,-107.387,6.63212e-07,87.654,18.7999,92.346,-161.2,-1588.0,-664.0,-1400.0,-600.0
-1586.0,-664.0,-107.304,6.56915e-07,87.6069,18.9876,92.3931,-161.012,-1586.0,-664.0,-1400.0,-600.0
-1584.0,-664.0,-107.221,6.50631e-07,87.5483,19.179,92.4517,-160.821,-1584.0,-664.0,-1400.0,-600.0
-1582.0,-664.0,-107.136,6.44362e-07,87.4743,19.3741,92.5257,-160.626,-1582.0,-664.0,-1400.0,-600.0
-1580.0,-664.0,-107.051,6.38102e-07,87.3989,19.5731,92.6011,-160.427,-1580.0,-664.0,-1400.0,-600.0
-1578.0,-664.0,-106.965,6.31851e-07,87.322,19.7761,92.678,-160.224,-1578.0,-664.0,-1400.0,-600.0
-1576.0,-664.0,-106.879,6.25609e-07,87.2436,19.9831,92.7564,-160.017,-1576.0,-664.0,-1400.0,-600.0
-1574.0,-664.0,-106.792,6.19376e-07,87.1637,20.1943,92.8363,-159.806,-1574.0,-664.0,-1400.0,-600.0
-1572.0,-664.0,-106.704,6.13154e-07,87.0821,20.4099,92.9179,-159.59,-1572.0,-664.0,-1400.0,-600.0
-1570.0,-664.0,-106.615,6.06941e-07,86.999,20.6299,93.001,-159.37,-1570.0,-664.0,-1400.0,-600.0
-1568.0,-664.0,-106.526,6.00739e-07,86.9142,20.8545,93.0858,-159.146,-1568.0,-664.0,-1400.0,-600.0
-1566.0,-664.0,-106.435,5.94547e-07,86.8277,21.0838,93.1723,-158.916,-1566.0,-664.0,-1400.0,-600.0
-1564.0,-664.0,-106.344,5.88367e-07,86.7394,21.3179,93.2606,-158.682,-1564.0,-664.0,-1400.0,-600.0
-1562.0,-664.0,-106.253,5.82198e-07,86.6492,21.5571,93.3508,-158.443,-1562.0,-664.0,-1400.0,-600.0
-1560.0,-664.0,-106.159,5.76011e-07,86.6061,21.8014,93.3939,-158.199,-1560.0,-664.0,-1400.0,-600.0
-1558.0,-664.0,-106.065,5.69815e-07,86.5976,22.0511,93.4024,-157.949,-1558.0,-664.0,-1400.0,-600.0
-1556.0,-664.0,-105.97,5.63629e-07,86.5889,22.3062,93.4111,-157.694,-1556.0,-664.0,-1400.0,-600.0
-1554.0,-664.0,-105.874,5.57455e-07,86.5801,22.567,93.4199,-157.433,-1554.0,-664.0,-1400.0,-600.0
-1552.0,-664.0,-105.777,5.51293e-07,86.5711,22.8337,93.4289,-157.166,-1552.0,-664.0,-1400.0,-600.0
-1550.0,-664.0,-105.68,5.45143e-07,86.562,23.1063,93.438,-156.894,-1550.0,-664.0,-1400.0,-600.0
-1548.0,-664.0,-105.581,5.39005e-07,86.5528,23.3852,93.4472,-156.615,-1548.0,-664.0,-1400.0,-600.0
-1546.0,-664.0,-105.482,5.32881e-07,86.5435,23.6705,93.4565,-156.329,-1546.0,-664.0,-1400.0,-600.0
-1544.0,-664.0,-105.381,5.2677e-07,86.5341,23.9625,93.4659,-156.038,-1544.0,-664.0,-1400.0,-600.0
-1542.0,-664.0,-105.28,5.20689e-07,86.494,24.2613,93.506,-155.739,-1542.0,-664.0,-1400.0,-600.0
-1540.0,-664.0,-105.178,5.14624e-07,86.4526,24.5672,93.5474,-155.433,-1540.0,-664.0,-1400.0,-600.0
-1538.0,-664.0,-105.075,5.08574e-07,86.4104,24.8804,93.5896,-155.12,-1538.0,-664.0,-1400.0,-600.0
-1536.0,-664.0,-104.971,5.02527e-07,86.3908,25.2011,93.6092,-154.799,-1536.0,-664.0,-1400.0,-600.0
-1534.0,-664.0,-104.866,4.96491e-07,86.3795,25.5297,93.6205,-154.47,-1534.0,-664.0,-1400.0,-600.0
-1532.0,-664.0,-104.76,4.90472e-07,86.3679,25.8664,93.6321,-154.134,-1532.0,-664.0,-1400.0,-600.0
-1530.0,-664.0,-104.652,4.84461e-07,86.3724,26.2114,93.6276,-153.789,-1530.0,-664.0,-1400.0,-600.0
-1528.0,-664.0,-104.544,4.7846e-07,86.3944,26.5651,93.6056,-153.435,-1528.0,-664.0,-1400.0,-600.0
-1526.0,-664.0,-104.434,4.72476e-07,86.4172,26.9277,93.5828,-153.072,-1526.0,-664.0,-1400.0,-600.0
-1524.0,-664.0,-104.324,4.66513e-07,86.4406,27.2996,93.5594,-152.7,-1524.0,-664.0,-1400.0,-600.0
-1522.0,-664.0,-104.212,4.60569e-07,86.4649,27.6811,93.5351,-152.319,-1522.0,-664.0,-1400.0,-600.0
-1520.0,-664.0,-104.099,4.54647e-07,86.4899,28.0725,93.5101,-151.928,-1520.0,-664.0,-1400.0,-600.0
-1518.0,-664.0,-103.986,4.48746e-07,86.5157,28.4742,93.4843,-151.526,-1518.0,-664.0,-1400.0,-600.0
-1516.0,-664.0,-103.871,4.42868e-07,86.5424,28.8866,93.4576,-151.113,-1516.0,-664.0,-1400.0,-600.0
-1514.0,-664.0,-103.755,4.37014e-07,86.57,29.31,93.43,-150.69,-1514.0,-664.0,-1400.0,-600.0
-1512.0,-664.0,-103.638,4.31198e-07,86.5653,29.7449,93.4347,-150.255,-1512.0,-664.0,-1400.0,-600.0
-1510.0,-664.0,-103.521,4.25411e-07,86.5565,30.1916,93.4435,-149.808,-1510.0,-664.0,-1400.0,-600.0
-1508.0,-664.0,-103.402,4.1965e-07,86.5477,30.6507,93.4523,-149.349,-1508.0,-664.0,-1400.0,-600.0
-1506.0,-664.0,-103.283,4.13927e-07,86.514,31.1225,93.486,-148.878,-1506.0,-664.0,-1400.0,-600.0
-1504.0,-664.0,-103.162,4.08239e-07,86.4654,31.6075,93.5346,-148.392,-1504.0,-664.0,-1400.0,-600.0
-1502.0,-664.0,-103.041,4.02582e-07,86.4157,32.1063,93.5843,-147.894,-1502.0,-664.0,-1400.0,-600.0
-1500.0,-664.0,-102.918,3.96956e-07,86.3648,32.6192,93.6352,-147.381,-1500.0,-664.0,-1400.0,-600.0
-1498.0,-664.0,-102.795,3.91363e-07,86.3128,33.147,93.6872,-146.853,-1498.0,-664.0,-1400.0,-600.0
-1496.0,-664.0,-102.67,3.85805e-07,86.2596,33.6901,93.7404,-146.31,-1496.0,-664.0,-1400.0,-600.0
-1494.0,-664.0,-102.545,3.80282e-07,86.2052,34.249,93.7948,-145.751,-1494.0,-664.0,-1400.0,-600.0
-1492.0,-664.0,-102.419,3.74797e-07,86.1496,34.8245,93.8504,-145.176,-1492.0,-664.0,-1400.0,-600.0
-1490.0,-664.0,-102.291,3.69351e-07,86.0927,35.4171,93.9073,-144.583,-1490.0,-664.0,-1400.0,-600.0
-1488.0,-664.0,-102.163,3.63946e-07,86.0346,36.0274,93.9654,-143.973,-1488.0,-664.0,-1400.0,-600.0
-1486.0,-664.0,-102.034,3.58583e-07,85.9752,36.6561,94.0248,-143.344,-1486.0,-664.0,-1400.0,-600.0
-1484.0,-664.0,-101.904,3.53265e-07,85.9145,37.3039,94.0855,-142.696,-1484.0,-664.0,-1400.0,-600.0
-1482.0,-664.0,-101.773,3.47994e-07,85.8525,37.9716,94.1475,-142.028,-1482.0,-664.0,-1400.0,-600.0
-1480.0,-664.0,-101.641,3.42772e-07,85.7892,38.6598,94.2108,-141.34,-1480.0,-664.0,-1400.0,-600.0
-1478.0,-664.0,-101.509,3.37601e-07,85.7246,39.3693,94.2754,-140.631,-1478.0,-664.0,-1400.0,-600.0
-1476.0,-664.0,-101.376,3.32484e-07,85.6587,40.1009,94.3413,-139.899,-1476.0,-664.0,-1400.0,-600.0
-1474.0,-664.0,-101.243,3.27422e-07,85.5914,40.8554,94.4086,-139.145,-1474.0,-664.0,-1400.0,-600.0
-1472.0,-664.0,-101.109,3.22409e-07,85.5455,41.6335,94.4545,-138.366,-1472.0,-664.0,-1400.0,-600.0
-1470.0,-664.0,-100.974,3.17446e-07,85.5267,42.4362,94.4733,-137.564,-1470.0,-664.0,-1400.0,-600.0
-1468.0,-664.0,-100.838,3.12546e-07,85.5082,43.2643,94.4918,-136.736,-1468.0,-664.0,-1400.0,-600.0
-1466.0,-664.0,-100.703,3.07722e-07,85.4694,44.1186,94.5306,-135.881,-1466.0,-664.0,-1400.0,-600.0
-1464.0,-664.0,-100.569,3.03005e-07,85.3453,45.0,94.6547,-135.0,-1464.0,-664.0,-1400.0,-600.0
-1462.0,-664.0,-100.434,2.98362e-07,85.2184,45.9094,94.7816,-134.091,-1462.0,-664.0,-1400.0,-600.0
-1460.0,-664.0,-100.3,2.93799e-07,85.0888,46.8476,94.9112,-133.152,-1460.0,-664.0,-1400.0,-600.0
-1458.0,-664.0,-100.166,2.89294e-07,85.009,47.8156,94.991,-132.184,-1458.0,-664.0,-1400.0,-600.0
-1456.0,-664.0,-100.032,2.84873e-07,84.9313,48.8141,95.0687,-131.186,-1456.0,-664.0,-1400.0,-600.0
-1454.0,-664.0,-99.8987,2.8054e-07,84.8529,49.844,95.1471,-130.156,-1454.0,-664.0,-1400.0,-600.0
-1452.0,-664.0,-99.7663,2.76302e-07,84.7737,50.9061,95.2263,-129.094,-1452.0,-664.0,-1400.0,-600.0
-1450.0,-664.0,-99.635,2.7216e-07,84.6939,52.0013,95.3061,-127.999,-1450.0,-664.0,-1400.0,-600.0
-1448.0,-664.0,-99.5049,2.68121e-07,84.6138,53.1301,95.3862,-126.87,-1448.0,-664.0,-1400.0,-600.0
-1446.0,-664.0,-99.3764,2.64189e-07,84.5333,54.2933,95.4667,-125.707,-1446.0,-664.0,-1400.0,-600.0
-1444.0,-664.0,-99.2498,2.60369e-07,84.4529,55.4915,95.5471,-124.509,-1444.0,-664.0,-1400.0,-600.0
-1442.0,-664.0,-99.1255,2.56675e-07,84.3505,56.7251,95.6495,-123.275,-1442.0,-664.0,-1400.0,-600.0
-1440.0,-664.0,-99.0043,2.53121e-07,84.2068,57.9946,95.7932,-122.005,-1440.0,-664.0,-1400.0,-600.0
-1438.0,-664.0,-98.8858,2.49696e-07,84.0621,59.3003,95.9379,-120.7,-1438.0,-664.0,-1400.0,-600.0
-1436.0,-664.0,-98.7704,2.46404e-07,83.9166,60.6422,96.0834,-119.358,-1436.0,-664.0,-1400.0,-600.0
-1434.0,-664.0,-98.6584,2.43251e-07,83.7707,62.0205,96.2293,-117.979,-1434.0,-664.0,-1400.0,-600.0
-1432.0,-664.0,-98.5501,2.40242e-07,83.6248,63.4349,96.3752,-116.565,-1432.0,-664.0,-1400.0,-600.0
-1430.0,-664.0,-98.446,2.37383e-07,83.4793,64.8852,96.5207,-115.115,-1430.0,-664.0,-1400.0,-600.0
-1428.0,-664.0,-98.3464,2.34679e-07,83.3346,66.3706,96.6654,-113.629,-1428.0,-664.0,-1400.0,-600.0
-1426.0,-664.0,-98.2517,2.32137e-07,83.1912,67.8906,96.8088,-112.109,-1426.0,-664.0,-1400.0,-600.0
-1424.0,-664.0,-98.1622,2.2976e-07,83.0497,69.444,96.9503,-110.556,-1424.0,-664.0,-1400.0,-600.0
-1422.0,-664.0,-98.0784,2.27555e-07,82.9105,71.0296,97.0895,-108.97,-1422.0,-664.0,-1400.0,-600.0
-1420.0,-664.0,-98.0005,2.25526e-07,82.7743,72.646,97.2257,-107.354,-1420.0,-664.0,-1400.0,-600.0
-1418.0,-664.0,-97.9289,2.23678e-07,82.6415,74.2914,97.3585,-105.709,-1418.0,-664.0,-1400.0,-600.0
-1416.0,-664.0,-97.8641,2.22015e-07,82.5128,75.9638,97.4872,-104.036,-1416.0,-664.0,-1400.0,-600.0
-1414.0,-664.0,-117.504,2.20579e-07,82.39,78.3302,97.61,-103.963,-1404.61,-618.561,-1404.61,-618.561
-1412.0,-664.0,-121.109,8.82618e-07,88.0851,87.4428,91.9149,92.6745,-1404.67,-499.952,-1404.67,-499.952
-1410.0,-664.0,-120.998,8.82355e-07,88.0662,87.876,91.9338,92.2413,-1403.92,-499.951,-1403.92,-499.951
-1408.0,-664.0,-120.889,8.82142e-07,88.0474,88.3094,91.9526,91.8079,-1403.16,-499.95,-1403.16,-499.95
-1406.0,-664.0,-120.795,8.8198e-07,88.0288,88.743,91.9712,91.3743,-1402.4,-499.95,-1402.4,-499.95
-1404.0,-664.0,-147.389,2.17615e-07,81.9113,90.7754,98.0887,-103.963,-1404.61,-618.561,-1404.61,-618.561
-1402.0,-664.0,0.0,0.0,0.0,0.0,0.0,0.0,0.0,0.0,0.0,0.0
-1400.0,-664.0,0.0,0.0,0.0,0.0,0.0,0.0,0.0,0.0,0.0,0.0
-1398.0,-664.0,0.0,0.0,0.0,0.0,0.0,0.0,0.0,0.0,0.0,0.0
-1396.0,-664.0,0.0,0.0,0.0,0.0,0.0,0.0,0.0,0.0,0.0,0.0
-1394.0,-664.0,0.0,0.0,0.0,0.0,0.0,0.0,0.0,0.0,0.0,0.0
-1392.0,-664.0,0.0,0.0,0.0,0.0,0.0,0.0,0.0,0.0,0.0,0.0
-1390.0,-664.0,0.0,0.0,0.0,0.0,0.0,0.0,0.0,0.0,0.0,0.0
-1388.0,-664.0,0.0,0.0,0.0,0.0,0.0,0.0,0.0,0.0,0.0,0.0
-1386.0,-664.0,0.0,0.0,0.0,0.0,0.0,0.0,0.0,0.0,0.0,0.0
-1384.0,-664.0,0.0,0.0,0.0,0.0,0.0,0.0,0.0,0.0,0.0,0.0
-1382.0,-664.0,0.0,0.0,0.0,0.0,0.0,0.0,0.0,0.0,0.0,0.0
-1380.0,-664.0,0.0,0.0,0.0,0.0,0.0,0.0,0.0,0.0,0.0,0.0
-1378.0,-664.0,0.0,0.0,0.0,0.0,0.0,0.0,0.0,0.0,0.0,0.0
-1376.0,-664.0,0.0,0.0,0.0,0.0,0.0,0.0,0.0,0.0,0.0,0.0
-1374.0,-664.0,0.0,0.0,0.0,0.0,0.0,0.0,0.0,0.0,0.0,0.0
-1372.0,-664.0,0.0,0.0,0.0,0.0,0.0,0.0,0.0,0.0,0.0,0.0
-1370.0,-664.0,0.0,0.0,0.0,0.0,0.0,0.0,0.0,0.0,0.0,0.0
-1368.0,-664.0,0.0,0.0,0.0,0.0,0.0,0.0,0.0,0.0,0.0,0.0
-1366.0,-664.0,0.0,0.0,0.0,0.0,0.0,0.0,0.0,0.0,0.0,0.0
-1364.0,-664.0,0.0,0.0,0.0,0.0,0.0,0.0,0.0,0.0,0.0,0.0
-1362.0,-664.0,-169.792,1.07926e-06,88.1885,56.4005,91.8115,-7.72819,-1239.86,-621.732,-1340.77,-632.044
-1360.0,-664.0,-170.589,1.07563e-06,88.1674,57.4552,91.8326,-7.72819,-1239.86,-621.732,-1339.58,-631.998
-1358.0,-664.0,-122.242,4.28848e-07,90.6619,109.923,99.2591,-68.9314,-1393.04,-618.073,-1378.32,-607.929
-1356.0,-664.0,-127.07,4.31165e-07,90.6209,110.757,99.2469,-68.0857,-1392.73,-618.06,-1377.25,-607.929
-1354.0,-664.0,-132.304,4.33572e-07,90.5889,111.582,99.2414,-67.2496,-1392.43,-618.047,-1376.22,-607.815
-1352.0,-664.0,-130.848,4.36071e-07,90.5855,112.397,99.2625,-66.4237,-1392.13,-618.035,-1375.35,-607.331
-1350.0,-664.0,0.0,0.0,0.0,0.0,0.0,0.0,0.0,0.0,0.0,0.0
-1348.0,-664.0,0.0,0.0,0.0,0.0,0.0,0.0,0.0,0.0,0.0,0.0
-1346.0,-664.0,0.0,0.0,0.0,0.0,0.0,0.0,0.0,0.0,0.0,0.0
-1344.0,-664.0,0.0,0.0,0.0,0.0,0.0,0.0,0.0,0.0,0.0,0.0
-1342.0,-664.0,0.0,0.0,0.0,0.0,0.0,0.0,0.0,0.0,0.0,0.0
-1340.0,-664.0,0.0,0.0,0.0,0.0,0.0,0.0,0.0,0.0,0.0,0.0
-1338.0,-664.0,0.0,0.0,0.0,0.0,0.0,0.0,0.0,0.0,0.0,0.0
-1336.0,-664.0,0.0,0.0,0.0,0.0,0.0,0.0,0.0,0.0,0.0,0.0
-1334.0,-664.0,0.0,0.0,0.0,0.0,0.0,0.0,0.0,0.0,0.0,0.0
-1332.0,-664.0,0.0,0.0,0.0,0.0,0.0,0.0,0.0,0.0,0.0,0.0
-1330.0,-664.0,0.0,0.0,0.0,0.0,0.0,0.0,0.0,0.0,0.0,0.0
-1328.0,-664.0,0.0,0.0,0.0,0.0,0.0,0.0,0.0,0.0,0.0,0.0
-1326.0,-664.0,0.0,0.0,0.0,0.0,0.0,0.0,0.0,0.0,0.0,0.0
-1324.0,-664.0,0.0,0.0,0.0,0.0,0.0,0.0,0.0,0.0,0.0,0.0
-1322.0,-664.0,0.0,0.0,0.0,0.0,0.0,0.0,0.0,0.0,0.0,0.0
-1320.0,-664.0,0.0,0.0,0.0,0.0,0.0,0.0,0.0,0.0,0.0,0.0
-1318.0,-664.0,0.0,0.0,0.0,0.0,0.0,0.0,0.0,0.0,0.0,0.0
-1316.0,-664.0,0.0,0.0,0.0,0.0,0.0,0.0,0.0,0.0,0.0,0.0
-1314.0,-664.0,0.0,0.0,0.0,0.0,0.0,0.0,0.0,0.0,0.0,0.0
-1312.0,-664.0,0.0,0.0,0.0,0.0,0.0,0.0,0.0,0.0,0.0,0.0
-1310.0,-664.0,0.0,0.0,0.0,0.0,0.0,0.0,0.0,0.0,0.0,0.0
-1308.0,-664.0,-113.129,8.6631e-07,87.5128,27.9086,92.4872,-26.0915,-1365.47,-616.911,-1239.86,-627.909
-1306.0,-664.0,-113.081,8.60424e-07,87.4957,28.1168,92.5043,-26.2997,-1365.76,-616.923,-1239.86,-628.66
-1304.0,-664.0,-113.065,8.5455e-07,87.4785,28.3279,92.5215,-26.5108,-1366.05,-616.935,-1239.86,-629.425
-1302.0,-664.0,-113.084,8.48687e-07,87.4611,28.5418,92.5389,-26.7248,-1366.34,-616.948,-1239.86,-630.203
-1300.0,-664.0,-113.144,8.42837e-07,87.4434,28.7588,92.5566,-26.9418,-1366.63,-616.96,-1239.86,-630.995
-1298.0,-664.0,-113.25,8.36998e-07,87.4256,28.9788,92.5744,-27.1618,-1366.92,-616.972,-1239.86,-631.802
-1296.0,-664.0,-113.412,8.31173e-07,87.4076,29.2019,92.5924,-27.3849,-1367.21,-616.984,-1239.86,-632.623
-1294.0,-664.0,-113.642,8.2536e-07,87.3893,29.4282,92.6107,-27.6111,-1367.5,-616.997,-1239.86,-633.46
-1292.0,-664.0,-113.958,8.1956e-07,87.3708,29.6577,92.6292,-27.8406,-1367.8,-617.009,-1239.86,-634.312
-1290.0,-664.0,-114.385,8.13774e-07,87.3521,29.8904,92.6479,-28.0734,-1368.09,-617.021,-1239.86,-635.181
-1288.0,-664.0,-114.955,8.08001e-07,87.3332,30.1265,92.6668,-28.3094,-1368.38,-617.034,-1239.86,-636.066
-1286.0,-664.0,-115.108,8.90641e-07,87.5808,165.089,92.4192,22.0556,-1374.13,-589.518,-1309.2,-657.822
-1284.0,-664.0,-115.076,8.97086e-07,87.5982,165.199,92.4018,21.9458,-1373.97,-589.514,-1309.22,-657.337
-1282.0,-664.0,-115.053,9.03534e-07,87.6153,165.307,92.3847,21.8376,-1373.82,-589.509,-1309.23,-656.859
-1280.0,-664.0,-115.039,9.09985e-07,87.6322,165.414,92.3678,21.731,-1373.67,-589.504,-1309.25,-656.389
-1278.0,-664.0,-115.032,9.1644e-07,87.6489,165.519,92.3511,21.6258,-1373.51,-589.5,-1309.26,-655.926
-1276.0,-664.0,-124.378,7.73669e-07,87.2147,31.6167,92.7853,-29.7997,-1370.13,-617.107,-1239.86,-641.754
-1274.0,-664.0,-126.287,7.68001e-07,87.1942,31.878,92.8058,-30.061,-1370.42,-617.12,-1239.86,-642.77
-1272.0,-664.0,-115.05,9.35821e-07,87.6976,165.826,92.3024,21.3191,-1373.06,-589.486,-1309.31,-654.578
-1270.0,-664.0,-127.483,7.56714e-07,87.1523,32.4124,92.8477,-30.5954,-1371.01,-617.144,-1239.86,-644.866
-1268.0,-664.0,-126.82,7.51096e-07,87.131,32.6856,92.869,-30.8686,-1371.3,-617.157,-1239.86,-645.947
-1266.0,-664.0,-125.678,7.45495e-07,87.1094,32.963,92.8906,-31.1459,-1371.59,-617.169,-1239.86,-647.051
-1264.0,-664.0,-124.582,7.39912e-07,87.0876,33.2445,92.9124,-31.4274,-1371.88,-617.181,-1239.86,-648.179
-1262.0,-664.0,-122.926,7.34347e-07,87.0655,33.5303,92.9345,-31.7133,-1372.18,-617.194,-1239.86,-649.332
-1260.0,-664.0,-111.543,6.65746e-07,86.7628,135.011,93.2372,46.6583,-1390.58,-590.022,-1336.09,-587.943
-1258.0,-664.0,-111.835,6.70475e-07,86.7857,135.415,93.2143,46.2545,-1390.45,-590.018,-1335.19,-587.92
-1256.0,-664.0,-112.38,6.75237e-07,86.8084,135.813,93.1916,45.8564,-1390.31,-590.013,-1334.29,-587.896
-1254.0,-664.0,-113.268,6.80031e-07,86.8309,136.205,93.1691,45.4639,-1390.17,-590.009,-1333.4,-587.873
-1252.0,-664.0,-113.378,7.06802e-07,86.9644,35.0267,93.0356,-33.2096,-1373.64,-617.255,-1239.87,-655.495
-1250.0,-664.0,-112.62,7.0134e-07,86.9638,35.34,93.0362,-33.523,-1373.93,-617.268,-1239.87,-656.814
-1248.0,-664.0,-112.08,6.959e-07,86.9633,35.6583,93.0367,-33.8412,-1374.23,-617.28,-1239.87,-658.164
-1246.0,-664.0,-111.704,6.90481e-07,86.9628,35.9816,93.0372,-34.1645,-1374.52,-617.292,-1239.87,-659.547
-1244.0,-664.0,-109.729,6.63096e-07,86.8617,142.258,93.1383,-35.9067,-1376.03,-617.356,-1342.06,-588.099
-1242.0,-664.0,-109.662,6.68362e-07,86.9106,142.609,93.0894,-35.556,-1375.74,-617.344,-1341.33,-588.08
-1240.0,-664.0,-109.676,6.73654e-07,86.9589,142.954,93.0411,-35.2108,-1375.44,-617.331,-1340.6,-588.061
-1238.0,-664.0,0.0,0.0,0.0,0.0,0.0,0.0,0.0,0.0,0.0,0.0
-1236.0,-664.0,0.0,0.0,0.0,0.0,0.0,0.0,0.0,0.0,0.0,0.0
-1234.0,-664.0,0.0,0.0,0.0,0.0,0.0,0.0,0.0,0.0,0.0,0.0
-1232.0,-664.0,0.0,0.0,0.0,0.0,0.0,0.0,0.0,0.0,0.0,0.0
-1230.0,-664.0,0.0,0.0,0.0,0.0,0.0,0.0,0.0,0.0,0.0,0.0
-1228.0,-664.0,0.0,0.0,0.0,0.0,0.0,0.0,0.0,0.0,0.0,0.0
-1226.0,-664.0,0.0,0.0,0.0,0.0,0.0,0.0,0.0,0.0,0.0,0.0
-1224.0,-664.0,0.0,0.0,0.0,0.0,0.0,0.0,0.0,0.0,0.0,0.0
-1222.0,-664.0,0.0,0.0,0.0,0.0,0.0,0.0,0.0,0.0,0.0,0.0
-1220.0,-664.0,0.0,0.0,0.0,0.0,0.0,0.0,0.0,0.0,0.0,0.0
-1218.0,-664.0,0.0,0.0,0.0,0.0,0.0,0.0,0.0,0.0,0.0,0.0
-1216.0,-664.0,0.0,0.0,0.0,0.0,0.0,0.0,0.0,0.0,0.0,0.0
-1214.0,-664.0,0.0,0.0,0.0,0.0,0.0,0.0,0.0,0.0,0.0,0.0
-1212.0,-664.0,-177.591,1.17881e-06,88.2752,-59.4103,91.7248,-9.41385,-1309.77,-614.96,-1195.9,-691.233
-1210.0,-664.0,-177.548,1.17543e-06,88.2839,-59.7887,91.7161,-9.41385,-1309.77,-614.96,-1196.0,-688.044
-1208.0,-664.0,-177.586,1.17209e-06,88.2928,-60.1701,91.7072,-9.41385,-1309.77,-614.96,-1196.1,-684.751
-1206.0,-664.0,-173.151,1.69837e-06,88.8314,-107.159,91.1686,-43.396,-1381.4,-617.583,-1233.53,-753.171
-1204.0,-664.0,-173.619,1.70035e-06,88.8338,-107.404,91.1662,-43.396,-1381.4,-617.583,-1231.94,-753.118
-1202.0,-664.0,-166.863,1.70783e-06,88.8389,-106.617,91.1611,-43.3117,-1381.35,-617.58,-1228.56,-753.007
-1600.0,-662.0,-107.847,6.9913e-07,87.9308,17.2234,92.0692,-162.777,-1600.0,-662.0,-1400.0,-600.0
-1598.0,-662.0,-107.767,6.92773e-07,87.8885,17.387,92.1115,-162.613,-1598.0,-662.0,-1400.0,-600.0
-1596.0,-662.0,-107.687,6.86423e-07,87.8455,17.5535,92.1545,-162.446,-1596.0,-662.0,-1400.0,-600.0
-1594.0,-662.0,-107.606,6.80078e-07,87.8016,17.7232,92.1984,-162.277,-1594.0,-662.0,-1400.0,-600.0
-1592.0,-662.0,-107.525,6.7374e-07,87.757,17.8961,92.243,-162.104,-1592.0,-662.0,-1400.0,-600.0
-1590.0,-662.0,-107.442,6.67409e-07,87.7115,18.0723,92.2885,-161.928,-1590.0,-662.0,-1400.0,-600.0
-1588.0,-662.0,-107.359,6.61085e-07,87.6651,18.2519,92.3349,-161.748,-1588.0,-662.0,-1400.0,-600.0
-1586.0,-662.0,-107.276,6.54767e-07,87.6179,18.4349,92.3821,-161.565,-1586.0,-662.0,-1400.0,-600.0
-1584.0,-662.0,-107.192,6.48462e-07,87.5592,18.6216,92.4408,-161.378,-1584.0,-662.0,-1400.0,-600.0
-1582.0,-662.0,-107.107,6.42172e-07,87.485,18.8119,92.515,-161.188,-1582.0,-662.0,-1400.0,-600.0
-1580.0,-662.0,-107.021,6.3589e-07,87.4093,19.006,92.5907,-160.994,-1580.0,-662.0,-1400.0,-600.0
-1578.0,-662.0,-106.935,6.29617e-07,87.3321,19.204,92.6679,-160.796,-1578.0,-662.0,-1400.0,-600.0
-1576.0,-662.0,-106.847,6.23352e-07,87.2535,19.406,92.7465,-160.594,-1576.0,-662.0,-1400.0,-600.0
-1574.0,-662.0,-106.76,6.17096e-07,87.1732,19.6121,92.8268,-160.388,-1574.0,-662.0,-1400.0,-600.0
-1572.0,-662.0,-106.671,6.1085e-07,87.0914,19.8225,92.9086,-160.178,-1572.0,-662.0,-1400.0,-600.0
-1570.0,-662.0,-106.582,6.04614e-07,87.0079,20.0372,92.9921,-159.963,-1570.0,-662.0,-1400.0,-600.0
-1568.0,-662.0,-106.491,5.98387e-07,86.9228,20.2565,93.0772,-159.744,-1568.0,-662.0,-1400.0,-600.0
-1566.0,-662.0,-106.4,5.92171e-07,86.8358,20.4804,93.1642,-159.52,-1566.0,-662.0,-1400.0,-600.0
-1564.0,-662.0,-106.309,5.85965e-07,86.7471,20.709,93.2529,-159.291,-1564.0,-662.0,-1400.0,-600.0
-1562.0,-662.0,-106.216,5.79771e-07,86.6566,20.9427,93.3434,-159.057,-1562.0,-662.0,-1400.0,-600.0
-1560.0,-662.0,-106.122,5.73558e-07,86.6132,21.1813,93.3868,-158.819,-1560.0,-662.0,-1400.0,-600.0
-1558.0,-662.0,-106.027,5.67335e-07,86.6045,21.4253,93.3955,-158.575,-1558.0,-662.0,-1400.0,-600.0
-1556.0,-662.0,-105.931,5.61122e-07,86.5957,21.6746,93.4043,-158.325,-1556.0,-662.0,-1400.0,-600.0
-1554.0,-662.0,-105.835,5.5492e-07,86.5867,21.9296,93.4133,-158.07,-1554.0,-662.0,-1400.0,-600.0
-1552.0,-662.0,-105.737,5.48729e-07,86.5776,22.1903,93.4224,-157.81,-1552.0,-662.0,-1400.0,-600.0
-1550.0,-662.0,-105.638,5.4255e-07,86.5684,22.4569,93.4316,-157.543,-1550.0,-662.0,-1400.0,-600.0
-1548.0,-662.0,-105.539,5.36383e-07,86.5591,22.7297,93.4409,-157.27,-1548.0,-662.0,-1400.0,-600.0
-1546.0,-662.0,-105.438,5.30229e-07,86.5496,23.0089,93.4504,-156.991,-1546.0,-662.0,-1400.0,-600.0
-1544.0,-662.0,-105.337,5.24099e-07,86.5168,23.2946,93.4832,-156.705,-1544.0,-662.0,-1400.0,-600.0
-1542.0,-662.0,-105.235,5.17988e-07,86.4757,23.587,93.5243,-156.413,-1542.0,-662.0,-1400.0,-600.0
-1540.0,-662.0,-105.132,5.11891e-07,86.4337,23.8865,93.5663,-156.114,-1540.0,-662.0,-1400.0,-600.0
-1538.0,-662.0,-105.028,5.05808e-07,86.3907,24.1932,93.6093,-155.807,-1538.0,-662.0,-1400.0,-600.0
-1536.0,-662.0,-104.922,4.99728e-07,86.3706,24.5074,93.6294,-155.493,-1536.0,-662.0,-1400.0,-600.0
-1534.0,-662.0,-104.816,4.93657e-07,86.3586,24.8293,93.6414,-155.171,-1534.0,-662.0,-1400.0,-600.0
-1532.0,-662.0,-104.709,4.87603e-07,86.3465,25.1593,93.6535,-154.841,-1532.0,-662.0,-1400.0,-600.0
-1530.0,-662.0,-104.6,4.81566e-07,86.3342,25.4976,93.6658,-154.502,-1530.0,-662.0,-1400.0,-600.0
-1528.0,-662.0,-104.49,4.75532e-07,86.3462,25.8444,93.6538,-154.156,-1528.0,-662.0,-1400.0,-600.0
-1526.0,-662.0,-104.379,4.69512e-07,86.3681,26.2001,93.6319,-153.8,-1526.0,-662.0,-1400.0,-600.0
-1524.0,-662.0,-104.267,4.6351e-07,86.3908,26.5651,93.6092,-153.435,-1524.0,-662.0,-1400.0,-600.0
-1522.0,-662.0,-104.154,4.57527e-07,86.4142,26.9395,93.5858,-153.06,-1522.0,-662.0,-1400.0,-600.0
-1520.0,-662.0,-104.04,4.51564e-07,86.4384,27.3239,93.5616,-152.676,-1520.0,-662.0,-1400.0,-600.0
-1518.0,-662.0,-103.925,4.45622e-07,86.4634,27.7185,93.5366,-152.281,-1518.0,-662.0,-1400.0,-600.0
-1516.0,-662.0,-103.808,4.39702e-07,86.4893,28.1237,93.5107,-151.876,-1516.0,-662.0,-1400.0,-600.0
-1514.0,-662.0,-103.691,4.33805e-07,86.5161,28.54,93.4839,-151.46,-1514.0,-662.0,-1400.0,-600.0
-1512.0,-662.0,-103.573,4.27946e-07,86.5102,28.9677,93.4898,-151.032,-1512.0,-662.0,-1400.0,-600.0
-1510.0,-662.0,-103.453,4.22113e-07,86.5002,29.4072,93.4998,-150.593,-1510.0,-662.0,-1400.0,-600.0
-1508.0,-662.0,-103.333,4.16306e-07,86.4902,29.859,93.5098,-150.141,-1508.0,-662.0,-1400.0,-600.0
-1506.0,-662.0,-103.211,4.10526e-07,86.4801,30.3236,93.5199,-149.676,-1506.0,-662.0,-1400.0,-600.0
-1504.0,-662.0,-103.088,4.04788e-07,86.4352,30.8014,93.5648,-149.199,-1504.0,-662.0,-1400.0,-600.0
-1502.0,-662.0,-102.965,3.99082e-07,86.3842,31.293,93.6158,-148.707,-1502.0,-662.0,-1400.0,-600.0
-1500.0,-662.0,-102.84,3.93406e-07,86.332,31.7989,93.668,-148.201,-1500.0,-662.0,-1400.0,-600.0
-1498.0,-662.0,-102.714,3.87762e-07,86.2785,32.3196,93.7215,-147.68,-1498.0,-662.0,-1400.0,-600.0
-1496.0,-662.0,-102.588,3.82151e-07,86.2238,32.8557,93.7762,-147.144,-1496.0,-662.0,-1400.0,-600.0
-1494.0,-662.0,-102.46,3.76575e-07,86.1678,33.4078,93.8322,-146.592,-1494.0,-662.0,-1400.0,-600.0
-1492.0,-662.0,-102.331,3.71035e-07,86.1105,33.9765,93.8895,-146.023,-1492.0,-662.0,-1400.0,-600.0
-1490.0,-662.0,-102.201,3.65533e-07,86.0518,34.5625,93.9482,-145.437,-1490.0,-662.0,-1400.0,-600.0
-1488.0,-662.0,-102.07,3.60071e-07,85.9918,35.1664,94.0082,-144.834,-1488.0,-662.0,-1400.0,-600.0
-1486.0,-662.0,-101.938,3.54649e-07,85.9305,35.789,94.0695,-144.211,-1486.0,-662.0,-1400.0,-600.0
-1484.0,-662.0,-101.805,3.49272e-07,85.8677,36.4309,94.1323,-143.569,-1484.0,-662.0,-1400.0,-600.0
-1482.0,-662.0,-101.671,3.4394e-07,85.8035,37.0928,94.1965,-142.907,-1482.0,-662.0,-1400.0,-600.0
-1480.0,-662.0,-101.536,3.38655e-07,85.7379,37.7757,94.2621,-142.224,-1480.0,-662.0,-1400.0,-600.0
-1478.0,-662.0,-101.401,3.3342e-07,85.6709,38.4802,94.3291,-141.52,-1478.0,-662.0,-1400.0,-600.0
-1476.0,-662.0,-101.265,3.28237e-07,85.6024,39.2072,94.3976,-140.793,-1476.0,-662.0,-1400.0,-600.0
-1474.0,-662.0,-101.127,3.23104e-07,85.5434,39.9575,94.4566,-140.042,-1474.0,-662.0,-1400.0,-600.0
-1472.0,-662.0,-100.989,3.18012e-07,85.5228,40.7321,94.4772,-139.268,-1472.0,-662.0,-1400.0,-600.0
-1470.0,-662.0,-100.85,3.12978e-07,85.5023,41.5318,94.4977,-138.468,-1470.0,-662.0,-1400.0,-600.0
-1468.0,-662.0,-100.711,3.08008e-07,85.4822,42.3575,94.5178,-137.643,-1468.0,-662.0,-1400.0,-600.0
-1466.0,-662.0,-100.572,3.03112e-07,85.4413,43.2101,94.5587,-136.79,-1466.0,-662.0,-1400.0,-600.0
-1464.0,-662.0,-100.433,2.98321e-07,85.3136,44.0906,94.6864,-135.909,-1464.0,-662.0,-1400.0,-600.0
-1462.0,-662.0,-100.295,2.93605e-07,85.183,45.0,94.817,-135.0,-1462.0,-662.0,-1400.0,-600.0
-1460.0,-662.0,-100.156,2.88966e-07,85.0495,45.9392,94.9505,-134.061,-1460.0,-662.0,-1400.0,-600.0
-1458.0,-662.0,-100.018,2.84403e-07,84.9229,46.9092,95.0771,-133.091,-1458.0,-662.0,-1400.0,-600.0
-1456.0,-662.0,-99.879,2.79905e-07,84.8411,47.9108,95.1589,-132.089,-1456.0,-662.0,-1400.0,-600.0
-1454.0,-662.0,-99.7409,2.75495e-07,84.7583,48.9452,95.2417,-131.055,-1454.0,-662.0,-1400.0,-600.0
-1452.0,-662.0,-99.6035,2.71177e-07,84.6746,50.0131,95.3254,-129.987,-1452.0,-662.0,-1400.0,-600.0
-1450.0,-662.0,-99.4671,2.66956e-07,84.5902,51.1155,95.4098,-128.884,-1450.0,-662.0,-1400.0,-600.0
-1448.0,-662.0,-99.3318,2.62837e-07,84.5051,52.2532,95.4949,-127.747,-1448.0,-662.0,-1400.0,-600.0
-1446.0,-662.0,-99.198,2.58825e-07,84.4197,53.427,95.5803,-126.573,-1446.0,-662.0,-1400.0,-600.0
-1444.0,-662.0,-99.066,2.54924e-07,84.334,54.6375,95.666,-125.362,-1444.0,-662.0,-1400.0,-600.0
-1442.0,-662.0,-98.9363,2.5115e-07,84.2258,55.8855,95.7742,-124.114,-1442.0,-662.0,-1400.0,-600.0
-1440.0,-662.0,-98.8096,2.47517e-07,84.0752,57.1715,95.9248,-122.829,-1440.0,-662.0,-1400.0,-600.0
-1438.0,-662.0,-98.6856,2.44013e-07,83.9233,58.4957,96.0767,-121.504,-1438.0,-662.0,-1400.0,-600.0
-1436.0,-662.0,-98.5646,2.40643e-07,83.7704,59.8586,96.2296,-120.141,-1436.0,-662.0,-1400.0,-600.0
-1434.0,-662.0,-98.4472,2.37413e-07,83.617,61.2602,96.383,-118.74,-1434.0,-662.0,-1400.0,-600.0
-1432.0,-662.0,-98.3335,2.3433e-07,83.4633,62.7004,96.5367,-117.3,-1432.0,-662.0,-1400.0,-600.0
-1430.0,-662.0,-98.224,2.31398e-07,83.3099,64.179,96.6901,-115.821,-1430.0,-662.0,-1400.0,-600.0
-1428.0,-662.0,-98.1191,2.28624e-07,83.1572,65.6955,96.8428,-114.305,-1428.0,-662.0,-1400.0,-600.0
-1426.0,-662.0,-98.0192,2.26013e-07,83.0058,67.249,96.9942,-112.751,-1426.0,-662.0,-1400.0,-600.0
-1424.0,-662.0,-97.9248,2.23571e-07,82.8563,68.8387,97.1437,-111.161,-1424.0,-662.0,-1400.0,-600.0
-1422.0,-662.0,-97.8362,2.21304e-07,82.7092,70.4633,97.2908,-109.537,-1422.0,-662.0,-1400.0,-600.0
-1420.0,-662.0,-97.7538,2.19217e-07,82.5652,72.1213,97.4348,-107.879,-1420.0,-662.0,-1400.0,-600.0
-1418.0,-662.0,-97.678,2.17315e-07,82.4249,73.8108,97.5751,-106.189,-1418.0,-662.0,-1400.0,-600.0
-1416.0,-662.0,-97.6093,2.15604e-07,82.2889,75.5297,97.7111,-104.47,-1416.0,-662.0,-1400.0,-600.0
-1414.0,-662.0,-115.019,2.14109e-07,82.1586,77.8087,97.8414,-103.963,-1404.61,-618.561,-1404.61,-618.561
-1412.0,-662.0,-121.05,8.75955e-07,88.0705,87.4233,91.9295,92.694,-1404.71,-499.952,-1404.71,-499.952
-1410.0,-662.0,-118.883,7.22517e-07,87.6382,85.328,92.3618,88.0216,-1397.69,-533.124,-1398.65,-523.099
-1408.0,-662.0,-120.831,8.75476e-07,88.0326,88.2965,91.9674,91.8208,-1403.18,-499.95,-1403.18,-499.95
-1406.0,-662.0,-120.736,8.75312e-07,88.0138,88.7334,91.9862,91.3839,-1402.42,-499.95,-1402.42,-499.95
-1404.0,-662.0,-147.251,2.1101e-07,81.6564,90.8111,98.3436,-103.963,-1404.61,-618.561,-1404.61,-618.561
-1402.0,-662.0,0.0,0.0,0.0,0.0,0.0,0.0,0.0,0.0,0.0,0.0
-1400.0,-662.0,0.0,0.0,0.0,0.0,0.0,0.0,0.0,0.0,0.0,0.0
-1398.0,-662.0,0.0,0.0,0.0,0.0,0.0,0.0,0.0,0.0,0.0,0.0
-1396.0,-662.0,0.0,0.0,0.0,0.0,0.0,0.0,0.0,0.0,0.0,0.0
-1394.0,-662.0,0.0,0.0,0.0,0.0,0.0,0.0,0.0,0.0,0.0,0.0
-1392.0,-662.0,0.0,0.0,0.0,0.0,0.0,0.0,0.0,0.0,0.0,0.0
-1390.0,-662.0,0.0,0.0,0.0,0.0,0.0,0.0,0.0,0.0,0.0,0.0
-1388.0,-662.0,0.0,0.0,0.0,0.0,0.0,0.0,0.0,0.0,0.0,0.0
-1386.0,-662.0,0.0,0.0,0.0,0.0,0.0,0.0,0.0,0.0,0.0,0.0
-1384.0,-662.0,0.0,0.0,0.0,0.0,0.0,0.0,0.0,0.0,0.0,0.0
-1382.0,-662.0,0.0,0.0,0.0,0.0,0.0,0.0,0.0,0.0,0.0,0.0
-1380.0,-662.0,0.0,0.0,0.0,0.0,0.0,0.0,0.0,0.0,0.0,0.0
-1378.0,-662.0,0.0,0.0,0.0,0.0,0.0,0.0,0.0,0.0,0.0,0.0
-1376.0,-662.0,0.0,0.0,0.0,0.0,0.0,0.0,0.0,0.0,0.0,0.0
-1374.0,-662.0,0.0,0.0,0.0,0.0,0.0,0.0,0.0,0.0,0.0,0.0
-1372.0,-662.0,0.0,0.0,0.0,0.0,0.0,0.0,0.0,0.0,0.0,0.0
-1370.0,-662.0,0.0,0.0,0.0,0.0,0.0,0.0,0.0,0.0,0.0,0.0
-1368.0,-662.0,0.0,0.0,0.0,0.0,0.0,0.0,0.0,0.0,0.0,0.0
-1366.0,-662.0,0.0,0.0,0.0,0.0,0.0,0.0,0.0,0.0,0.0,0.0
-1364.0,-662.0,0.0,0.0,0.0,0.0,0.0,0.0,0.0,0.0,0.0,0.0
-1362.0,-662.0,-169.696,1.07373e-06,88.1676,55.6954,91.8324,-7.72819,-1239.86,-621.732,-1341.58,-632.076
-1360.0,-662.0,-120.046,4.2032e-07,90.6844,109.378,99.2618,-69.4843,-1393.23,-618.081,-1379.0,-607.985
-1358.0,-662.0,-123.599,4.22578e-07,90.6425,110.231,99.2505,-68.6185,-1392.93,-618.068,-1377.91,-607.985
-1356.0,-662.0,-129.208,4.24929e-07,90.601,111.076,99.2374,-67.7621,-1392.62,-618.055,-1376.82,-607.985
-1354.0,-662.0,-132.626,4.27374e-07,90.5974,111.911,99.26,-66.9166,-1392.31,-618.042,-1375.92,-607.49
-1352.0,-662.0,-128.159,4.29909e-07,90.5939,112.736,99.2806,-66.0807,-1392.0,-618.029,-1375.05,-607.002
-1350.0,-662.0,0.0,0.0,0.0,0.0,0.0,0.0,0.0,0.0,0.0,0.0
-1348.0,-662.0,0.0,0.0,0.0,0.0,0.0,0.0,0.0,0.0,0.0,0.0
-1346.0,-662.0,0.0,0.0,0.0,0.0,0.0,0.0,0.0,0.0,0.0,0.0
-1344.0,-662.0,0.0,0.0,0.0,0.0,0.0,0.0,0.0,0.0,0.0,0.0
-1342.0,-662.0,0.0,0.0,0.0,0.0,0.0,0.0,0.0,0.0,0.0,0.0
-1340.0,-662.0,0.0,0.0,0.0,0.0,0.0,0.0,0.0,0.0,0.0,0.0
-1338.0,-662.0,0.0,0.0,0.0,0.0,0.0,0.0,0.0,0.0,0.0,0.0
-1336.0,-662.0,0.0,0.0,0.0,0.0,0.0,0.0,0.0,0.0,0.0,0.0
-1334.0,-662.0,0.0,0.0,0.0,0.0,0.0,0.0,0.0,0.0,0.0,0.0
-1332.0,-662.0,0.0,0.0,0.0,0.0,0.0,0.0,0.0,0.0,0.0,0.0
-1330.0,-662.0,0.0,0.0,0.0,0.0,0.0,0.0,0.0,0.0,0.0,0.0
-1328.0,-662.0,0.0,0.0,0.0,0.0,0.0,0.0,0.0,0.0,0.0,0.0
-1326.0,-662.0,0.0,0.0,0.0,0.0,0.0,0.0,0.0,0.0,0.0,0.0
-1324.0,-662.0,0.0,0.0,0.0,0.0,0.0,0.0,0.0,0.0,0.0,0.0
-1322.0,-662.0,0.0,0.0,0.0,0.0,0.0,0.0,0.0,0.0,0.0,0.0
-1320.0,-662.0,0.0,0.0,0.0,0.0,0.0,0.0,0.0,0.0,0.0,0.0
-1318.0,-662.0,0.0,0.0,0.0,0.0,0.0,0.0,0.0,0.0,0.0,0.0
-1316.0,-662.0,0.0,0.0,0.0,0.0,0.0,0.0,0.0,0.0,0.0,0.0
-1314.0,-662.0,0.0,0.0,0.0,0.0,0.0,0.0,0.0,0.0,0.0,0.0
-1312.0,-662.0,0.0,0.0,0.0,0.0,0.0,0.0,0.0,0.0,0.0,0.0
-1310.0,-662.0,0.0,0.0,0.0,0.0,0.0,0.0,0.0,0.0,0.0,0.0
-1308.0,-662.0,-113.164,8.632e-07,87.5181,27.5168,92.4819,-25.6997,-1364.91,-616.887,-1239.86,-626.504
-1306.0,-662.0,-113.055,8.57293e-07,87.501,27.723,92.499,-25.906,-1365.21,-616.9,-1239.86,-627.242
-1304.0,-662.0,-112.978,8.51397e-07,87.4837,27.9322,92.5163,-26.1151,-1365.5,-616.912,-1239.86,-627.994
-1302.0,-662.0,-112.933,8.45512e-07,87.4662,28.1442,92.5338,-26.3271,-1365.8,-616.925,-1239.86,-628.759
-1300.0,-662.0,-112.921,8.3964e-07,87.4484,28.3592,92.5516,-26.5422,-1366.09,-616.937,-1239.86,-629.539
-1298.0,-662.0,-112.947,8.33779e-07,87.4305,28.5773,92.5695,-26.7602,-1366.39,-616.95,-1239.86,-630.332
-1296.0,-662.0,-113.016,8.27931e-07,87.4123,28.7984,92.5877,-26.9813,-1366.68,-616.962,-1239.86,-631.14
-1294.0,-662.0,-113.134,8.22095e-07,87.394,29.0227,92.606,-27.2056,-1366.98,-616.975,-1239.86,-631.963
-1292.0,-662.0,-113.312,8.16272e-07,87.3754,29.2502,92.6246,-27.4331,-1367.28,-616.987,-1239.86,-632.801
-1290.0,-662.0,-113.564,8.10462e-07,87.3565,29.4809,92.6435,-27.6639,-1367.57,-617.0,-1239.86,-633.655
-1288.0,-662.0,-113.911,8.04666e-07,87.3375,29.7151,92.6625,-27.898,-1367.87,-617.012,-1239.86,-634.526
-1286.0,-662.0,-114.379,7.98883e-07,87.3182,29.9526,92.6818,-28.1355,-1368.16,-617.024,-1239.86,-635.413
-1284.0,-662.0,-114.778,8.95397e-07,87.6075,165.612,92.3925,21.5326,-1373.38,-589.495,-1309.28,-655.516
-1282.0,-662.0,-114.783,9.01857e-07,87.6246,165.718,92.3754,21.4272,-1373.22,-589.491,-1309.29,-655.053
-1280.0,-662.0,-116.973,7.8162e-07,87.2589,30.6861,92.7411,-28.8691,-1369.05,-617.062,-1239.86,-638.181
-1278.0,-662.0,-114.812,9.14786e-07,87.6582,165.924,92.3418,21.2208,-1372.91,-589.481,-1309.32,-654.147
-1276.0,-662.0,-114.834,9.21256e-07,87.6747,166.025,92.3253,21.1198,-1372.76,-589.476,-1309.33,-653.705
-1274.0,-662.0,-114.861,9.27728e-07,87.6909,166.125,92.3091,21.0201,-1372.6,-589.472,-1309.35,-653.269
-1272.0,-662.0,-114.892,9.34202e-07,87.7069,166.223,92.2931,20.9219,-1372.45,-589.467,-1309.36,-652.839
-1270.0,-662.0,-126.627,7.53152e-07,87.1553,31.9833,92.8447,-30.1662,-1370.54,-617.125,-1239.86,-643.181
-1268.0,-662.0,-127.287,7.47507e-07,87.1338,32.2546,92.8662,-30.4375,-1370.83,-617.137,-1239.86,-644.244
-1266.0,-662.0,-127.144,7.41879e-07,87.112,32.53,92.888,-30.7129,-1371.13,-617.15,-1239.86,-645.33
-1264.0,-662.0,-126.159,7.36268e-07,87.09,32.8096,92.91,-30.9925,-1371.43,-617.162,-1239.86,-646.44
-1262.0,-662.0,-111.419,6.56312e-07,86.7351,135.011,93.2649,46.6581,-1390.58,-590.022,-1336.08,-587.943
-1260.0,-662.0,-111.718,6.61041e-07,86.7585,135.42,93.2415,46.2486,-1390.44,-590.017,-1335.18,-587.919
-1258.0,-662.0,-112.279,6.65803e-07,86.7817,135.824,93.2183,45.8448,-1390.3,-590.013,-1334.27,-587.896
-1256.0,-662.0,-113.196,6.70598e-07,86.8047,136.222,93.1953,45.4469,-1390.16,-590.009,-1333.36,-587.872
-1254.0,-662.0,-114.646,6.75424e-07,86.8276,136.614,93.1724,45.0546,-1390.02,-590.005,-1332.45,-587.848
-1252.0,-662.0,-114.891,7.02986e-07,86.9655,34.5807,93.0345,-32.7636,-1373.22,-617.237,-1239.87,-653.635
-1250.0,-662.0,-113.649,6.97495e-07,86.9648,34.8922,93.0352,-33.0752,-1373.51,-617.25,-1239.87,-654.932
-1248.0,-662.0,-112.761,6.92025e-07,86.9641,35.2087,93.0359,-33.3917,-1373.81,-617.263,-1239.87,-656.26
-1246.0,-662.0,-109.554,6.53753e-07,86.811,142.363,93.189,-35.802,-1375.94,-617.352,-1341.84,-588.093
-1244.0,-662.0,-109.514,6.59026e-07,86.861,142.717,93.139,-35.4472,-1375.64,-617.34,-1341.1,-588.074
-1242.0,-662.0,-109.553,6.64325e-07,86.9104,143.067,93.0896,-35.098,-1375.34,-617.327,-1340.37,-588.055
-1240.0,-662.0,-109.663,6.69649e-07,86.9592,143.41,93.0408,-34.7544,-1375.05,-617.315,-1339.63,-588.036
-1238.0,-662.0,0.0,0.0,0.0,0.0,0.0,0.0,0.0,0.0,0.0,0.0
-1236.0,-662.0,0.0,0.0,0.0,0.0,0.0,0.0,0.0,0.0,0.0,0.0
-1234.0,-662.0,0.0,0.0,0.0,0.0,0.0,0.0,0.0,0.0,0.0,0.0
-1232.0,-662.0,0.0,0.0,0.0,0.0,0.0,0.0,0.0,0.0,0.0,0.0
-1230.0,-662.0,0.0,0.0,0.0,0.0,0.0,0.0,0.0,0.0,0.0,0.0
-1228.0,-662.0,0.0,0.0,0.0,0.0,0.0,0.0,0.0,0.0,0.0,0.0
-1226.0,-662.0,0.0,0.0,0.0,0.0,0.0,0.0,0.0,0.0,0.0,0.0
-1224.0,-662.0,0.0,0.0,0.0,0.0,0.0,0.0,0.0,0.0,0.0,0.0
-1222.0,-662.0,0.0,0.0,0.0,0.0,0.0,0.0,0.0,0.0,0.0,0.0
-1220.0,-662.0,0.0,0.0,0.0,0.0,0.0,0.0,0.0,0.0,0.0,0.0
-1218.0,-662.0,0.0,0.0,0.0,0.0,0.0,0.0,0.0,0.0,0.0,0.0
-1216.0,-662.0,0.0,0.0,0.0,0.0,0.0,0.0,0.0,0.0,0.0,0.0
-1214.0,-662.0,0.0,0.0,0.0,0.0,0.0,0.0,0.0,0.0,0.0,0.0
-1212.0,-662.0,-177.623,1.18458e-06,88.2522,-59.6317,91.7478,-9.41385,-1309.77,-614.96,-1195.96,-689.377
-1210.0,-662.0,-177.628,1.18122e-06,88.2609,-60.0085,91.7391,-9.41385,-1309.77,-614.96,-1196.06,-686.157
-1208.0,-662.0,-191.074,1.26472e-06,88.3885,-63.7966,91.6115,7.79523,-1306.24,-587.164,-1196.05,-686.273
-1206.0,-662.0,0.0,0.0,0.0,0.0,0.0,0.0,0.0,0.0,0.0,0.0
-1204.0,-662.0,-173.502,1.70673e-06,88.8164,-107.328,91.1836,-43.396,-1381.4,-617.583,-1232.43,-753.135
-1202.0,-662.0,-166.793,1.71423e-06,88.8216,-106.541,91.1784,-43.3117,-1381.35,-617.58,-1229.03,-753.023
-1600.0,-660.0,-107.823,6.97182e-07,87.9312,16.6992,92.0688,-163.301,-1600.0,-660.0,-1400.0,-600.0
-1598.0,-660.0,-107.743,6.90802e-07,87.9004,16.8584,92.0996,-163.142,-1598.0,-660.0,-1400.0,-600.0
-1596.0,-660.0,-107.662,6.84433e-07,87.8573,17.0205,92.1427,-162.979,-1596.0,-660.0,-1400.0,-600.0
-1594.0,-660.0,-107.581,6.7807e-07,87.8134,17.1857,92.1866,-162.814,-1594.0,-660.0,-1400.0,-600.0
-1592.0,-660.0,-107.498,6.71713e-07,87.7686,17.354,92.2314,-162.646,-1592.0,-660.0,-1400.0,-600.0
-1590.0,-660.0,-107.416,6.65362e-07,87.723,17.5256,92.277,-162.474,-1590.0,-660.0,-1400.0,-600.0
-1588.0,-660.0,-107.332,6.59018e-07,87.6766,17.7004,92.3234,-162.3,-1588.0,-660.0,-1400.0,-600.0
-1586.0,-660.0,-107.248,6.5268e-07,87.6293,17.8787,92.3707,-162.121,-1586.0,-660.0,-1400.0,-600.0
-1584.0,-660.0,-107.163,6.46355e-07,87.5704,18.0605,92.4296,-161.94,-1584.0,-660.0,-1400.0,-600.0
-1582.0,-660.0,-107.078,6.40044e-07,87.4959,18.2459,92.5041,-161.754,-1582.0,-660.0,-1400.0,-600.0
-1580.0,-660.0,-106.991,6.3374e-07,87.42,18.4349,92.58,-161.565,-1580.0,-660.0,-1400.0,-600.0
-1578.0,-660.0,-106.904,6.27445e-07,87.3426,18.6279,92.6574,-161.372,-1578.0,-660.0,-1400.0,-600.0
-1576.0,-660.0,-106.817,6.21159e-07,87.2637,18.8247,92.7363,-161.175,-1576.0,-660.0,-1400.0,-600.0
-1574.0,-660.0,-106.728,6.14881e-07,87.1832,19.0256,92.8168,-160.974,-1574.0,-660.0,-1400.0,-600.0
-1572.0,-660.0,-106.639,6.08612e-07,87.1011,19.2307,92.8989,-160.769,-1572.0,-660.0,-1400.0,-600.0
-1570.0,-660.0,-106.549,6.02352e-07,87.0173,19.44,92.9827,-160.56,-1570.0,-660.0,-1400.0,-600.0
-1568.0,-660.0,-106.458,5.96101e-07,86.9317,19.6538,93.0683,-160.346,-1568.0,-660.0,-1400.0,-600.0
-1566.0,-660.0,-106.366,5.89861e-07,86.8444,19.8722,93.1556,-160.128,-1566.0,-660.0,-1400.0,-600.0
-1564.0,-660.0,-106.274,5.8363e-07,86.7553,20.0952,93.2447,-159.905,-1564.0,-660.0,-1400.0,-600.0
-1562.0,-660.0,-106.181,5.77411e-07,86.6643,20.3231,93.3357,-159.677,-1562.0,-660.0,-1400.0,-600.0
-1560.0,-660.0,-106.086,5.71172e-07,86.6207,20.556,93.3793,-159.444,-1560.0,-660.0,-1400.0,-600.0
-1558.0,-660.0,-105.99,5.64923e-07,86.6119,20.7941,93.3881,-159.206,-1558.0,-660.0,-1400.0,-600.0
-1556.0,-660.0,-105.893,5.58683e-07,86.603,21.0375,93.397,-158.962,-1556.0,-660.0,-1400.0,-600.0
-1554.0,-660.0,-105.796,5.52454e-07,86.5939,21.2864,93.4061,-158.714,-1554.0,-660.0,-1400.0,-600.0
-1552.0,-660.0,-105.697,5.46236e-07,86.5847,21.541,93.4153,-158.459,-1552.0,-660.0,-1400.0,-600.0
-1550.0,-660.0,-105.598,5.40028e-07,86.5753,21.8014,93.4247,-158.199,-1550.0,-660.0,-1400.0,-600.0
-1548.0,-660.0,-105.497,5.33832e-07,86.5658,22.0679,93.4342,-157.932,-1548.0,-660.0,-1400.0,-600.0
-1546.0,-660.0,-105.396,5.27656e-07,86.5403,22.3406,93.4597,-157.659,-1546.0,-660.0,-1400.0,-600.0
-1544.0,-660.0,-105.294,5.21501e-07,86.4995,22.6199,93.5005,-157.38,-1544.0,-660.0,-1400.0,-600.0
-1542.0,-660.0,-105.191,5.15359e-07,86.4577,22.9058,93.5423,-157.094,-1542.0,-660.0,-1400.0,-600.0
-1540.0,-660.0,-105.086,5.09231e-07,86.415,23.1986,93.585,-156.801,-1540.0,-660.0,-1400.0,-600.0
-1538.0,-660.0,-104.981,5.03116e-07,86.3714,23.4986,93.6286,-156.501,-1538.0,-660.0,-1400.0,-600.0
-1536.0,-660.0,-104.875,4.97002e-07,86.3506,23.8059,93.6494,-156.194,-1536.0,-660.0,-1400.0,-600.0
-1534.0,-660.0,-104.767,4.90898e-07,86.3381,24.121,93.6619,-155.879,-1534.0,-660.0,-1400.0,-600.0
-1532.0,-660.0,-104.659,4.8481e-07,86.3254,24.444,93.6746,-155.556,-1532.0,-660.0,-1400.0,-600.0
-1530.0,-660.0,-104.549,4.78737e-07,86.3125,24.7751,93.6875,-155.225,-1530.0,-660.0,-1400.0,-600.0
-1528.0,-660.0,-104.438,4.7268e-07,86.2994,25.1148,93.7006,-154.885,-1528.0,-660.0,-1400.0,-600.0
-1526.0,-660.0,-104.326,4.66623e-07,86.319,25.4633,93.681,-154.537,-1526.0,-660.0,-1400.0,-600.0
-1524.0,-660.0,-104.212,4.60583e-07,86.3409,25.821,93.6591,-154.179,-1524.0,-660.0,-1400.0,-600.0
-1522.0,-660.0,-104.098,4.54562e-07,86.3635,26.1881,93.6365,-153.812,-1522.0,-660.0,-1400.0,-600.0
-1520.0,-660.0,-103.982,4.4856e-07,86.3869,26.5651,93.6131,-153.435,-1520.0,-660.0,-1400.0,-600.0
-1518.0,-660.0,-103.865,4.42577e-07,86.4111,26.9522,93.5889,-153.048,-1518.0,-660.0,-1400.0,-600.0
-1516.0,-660.0,-103.747,4.36615e-07,86.4361,27.3499,93.5639,-152.65,-1516.0,-660.0,-1400.0,-600.0
-1514.0,-660.0,-103.628,4.30675e-07,86.4619,27.7585,93.5381,-152.241,-1514.0,-660.0,-1400.0,-600.0
-1512.0,-660.0,-103.508,4.24773e-07,86.4549,28.1786,93.5451,-151.821,-1512.0,-660.0,-1400.0,-600.0
-1510.0,-660.0,-103.387,4.18896e-07,86.4437,28.6105,93.5563,-151.39,-1510.0,-660.0,-1400.0,-600.0
-1508.0,-660.0,-103.264,4.13044e-07,86.4324,29.0546,93.5676,-150.945,-1508.0,-660.0,-1400.0,-600.0
-1506.0,-660.0,-103.14,4.07217e-07,86.421,29.5115,93.579,-150.489,-1506.0,-660.0,-1400.0,-600.0
-1504.0,-660.0,-103.016,4.01419e-07,86.4053,29.9816,93.5947,-150.018,-1504.0,-660.0,-1400.0,-600.0
-1502.0,-660.0,-102.89,3.95664e-07,86.3529,30.4655,93.6471,-149.534,-1502.0,-660.0,-1400.0,-600.0
-1500.0,-660.0,-102.763,3.89938e-07,86.2993,30.9638,93.7007,-149.036,-1500.0,-660.0,-1400.0,-600.0
-1498.0,-660.0,-102.635,3.84243e-07,86.2444,31.4768,93.7556,-148.523,-1498.0,-660.0,-1400.0,-600.0
-1496.0,-660.0,-102.506,3.7858e-07,86.1881,32.0054,93.8119,-147.995,-1496.0,-660.0,-1400.0,-600.0
-1494.0,-660.0,-102.376,3.72951e-07,86.1305,32.55,93.8695,-147.45,-1494.0,-660.0,-1400.0,-600.0
-1492.0,-660.0,-102.244,3.67356e-07,86.0715,33.1113,93.9285,-146.889,-1492.0,-660.0,-1400.0,-600.0
-1490.0,-660.0,-102.111,3.61798e-07,86.011,33.6901,93.989,-146.31,-1490.0,-660.0,-1400.0,-600.0
-1488.0,-660.0,-101.978,3.56278e-07,85.9491,34.2869,94.0509,-145.713,-1488.0,-660.0,-1400.0,-600.0
-1486.0,-660.0,-101.843,3.50799e-07,85.8857,34.9025,94.1143,-145.098,-1486.0,-660.0,-1400.0,-600.0
-1484.0,-660.0,-101.707,3.45361e-07,85.8208,35.5377,94.1792,-144.462,-1484.0,-660.0,-1400.0,-600.0
-1482.0,-660.0,-101.57,3.39967e-07,85.7544,36.1932,94.2456,-143.807,-1482.0,-660.0,-1400.0,-600.0
-1480.0,-660.0,-101.432,3.3462e-07,85.6864,36.8699,94.3136,-143.13,-1480.0,-660.0,-1400.0,-600.0
-1478.0,-660.0,-101.293,3.29321e-07,85.6169,37.5686,94.3831,-142.431,-1478.0,-660.0,-1400.0,-600.0
-1476.0,-660.0,-101.153,3.24073e-07,85.5458,38.2902,94.4542,-141.71,-1476.0,-660.0,-1400.0,-600.0
-1474.0,-660.0,-101.012,3.18856e-07,85.5228,39.0355,94.4772,-140.964,-1474.0,-660.0,-1400.0,-600.0
-1472.0,-660.0,-100.87,3.13694e-07,85.5005,39.8056,94.4995,-140.194,-1472.0,-660.0,-1400.0,-600.0
-1470.0,-660.0,-100.728,3.08591e-07,85.4785,40.6013,94.5215,-139.399,-1470.0,-660.0,-1400.0,-600.0
-1468.0,-660.0,-100.584,3.03549e-07,85.4565,41.4237,94.5435,-138.576,-1468.0,-660.0,-1400.0,-600.0
-1466.0,-660.0,-100.441,2.9858e-07,85.4135,42.2737,94.5865,-137.726,-1466.0,-660.0,-1400.0,-600.0
-1464.0,-660.0,-100.298,2.93715e-07,85.2822,43.1524,94.7178,-136.848,-1464.0,-660.0,-1400.0,-600.0
-1462.0,-660.0,-100.155,2.88923e-07,85.1477,44.0608,94.8523,-135.939,-1462.0,-660.0,-1400.0,-600.0
-1460.0,-660.0,-100.012,2.84207e-07,85.01,45.0,94.99,-135.0,-1460.0,-660.0,-1400.0,-600.0
-1458.0,-660.0,-99.8686,2.79571e-07,84.8691,45.971,95.1309,-134.029,-1458.0,-660.0,-1400.0,-600.0
-1456.0,-660.0,-99.7255,2.75009e-07,84.749,46.9749,95.251,-133.025,-1456.0,-660.0,-1400.0,-600.0
-1454.0,-660.0,-99.5824,2.70519e-07,84.6616,48.0128,95.3384,-131.987,-1454.0,-660.0,-1400.0,-600.0
-1452.0,-660.0,-99.4398,2.66121e-07,84.5731,49.0856,95.4269,-130.914,-1452.0,-660.0,-1400.0,-600.0
-1450.0,-660.0,-99.2981,2.61819e-07,84.4837,50.1944,95.5163,-129.806,-1450.0,-660.0,-1400.0,-600.0
-1448.0,-660.0,-99.1574,2.57618e-07,84.3934,51.3402,95.6066,-128.66,-1448.0,-660.0,-1400.0,-600.0
-1446.0,-660.0,-99.018,2.53523e-07,84.3026,52.5238,95.6974,-127.476,-1446.0,-660.0,-1400.0,-600.0
-1444.0,-660.0,-98.8803,2.49539e-07,84.2113,53.7462,95.7887,-126.254,-1444.0,-660.0,-1400.0,-600.0
-1442.0,-660.0,-98.7448,2.45682e-07,84.0969,55.008,95.9031,-124.992,-1442.0,-660.0,-1400.0,-600.0
-1440.0,-660.0,-98.6124,2.41967e-07,83.9388,56.3099,96.0612,-123.69,-1440.0,-660.0,-1400.0,-600.0
-1438.0,-660.0,-98.4825,2.38381e-07,83.7792,57.6526,96.2208,-122.347,-1438.0,-660.0,-1400.0,-600.0
-1436.0,-660.0,-98.3557,2.34931e-07,83.6184,59.0362,96.3816,-120.964,-1436.0,-660.0,-1400.0,-600.0
-1434.0,-660.0,-98.2324,2.31622e-07,83.4567,60.4612,96.5433,-119.539,-1434.0,-660.0,-1400.0,-600.0
-1432.0,-660.0,-98.1129,2.2846e-07,83.2946,61.9275,96.7054,-118.072,-1432.0,-660.0,-1400.0,-600.0
-1430.0,-660.0,-97.9976,2.25451e-07,83.1326,63.4349,96.8674,-116.565,-1430.0,-660.0,-1400.0,-600.0
-1428.0,-660.0,-97.8871,2.22603e-07,82.9712,64.9831,97.0288,-115.017,-1428.0,-660.0,-1400.0,-600.0
-1426.0,-660.0,-97.7817,2.19921e-07,82.8111,66.5713,97.1889,-113.429,-1426.0,-660.0,-1400.0,-600.0
-1424.0,-660.0,-97.6818,2.17411e-07,82.6528,68.1986,97.3472,-111.801,-1424.0,-660.0,-1400.0,-600.0
-1422.0,-660.0,-97.5881,2.15079e-07,82.497,69.8637,97.503,-110.136,-1422.0,-660.0,-1400.0,-600.0
-1420.0,-660.0,-97.5008,2.12931e-07,82.3444,71.5651,97.6556,-108.435,-1420.0,-660.0,-1400.0,-600.0
-1418.0,-660.0,-97.4205,2.10972e-07,82.1957,73.3008,97.8043,-106.699,-1418.0,-660.0,-1400.0,-600.0
-1416.0,-660.0,-97.3475,2.09209e-07,82.0517,75.0686,97.9483,-104.931,-1416.0,-660.0,-1400.0,-600.0
-1414.0,-660.0,-111.76,2.07655e-07,81.9133,77.2391,98.0867,-103.963,-1404.61,-618.561,-1404.61,-618.561
-1412.0,-660.0,-120.991,8.69292e-07,88.0557,87.4036,91.9443,92.7137,-1404.74,-499.952,-1404.74,-499.952
-1410.0,-660.0,-118.753,7.15871e-07,87.6163,85.2845,92.3837,87.978,-1397.67,-533.898,-1398.71,-523.099
-1408.0,-660.0,-120.771,8.68809e-07,88.0175,88.2834,91.9825,91.8339,-1403.2,-499.95,-1403.2,-499.95
-1406.0,-660.0,-120.676,8.68645e-07,87.9985,88.7237,92.0015,91.3936,-1402.43,-499.95,-1402.43,-499.95
-1404.0,-660.0,-124.842,8.86981e-07,88.0217,103.688,91.9783,82.4644,-1396.79,-575.704,-1425.56,-571.477
-1402.0,-660.0,0.0,0.0,0.0,0.0,0.0,0.0,0.0,0.0,0.0,0.0
-1400.0,-660.0,0.0,0.0,0.0,0.0,0.0,0.0,0.0,0.0,0.0,0.0
-1398.0,-660.0,0.0,0.0,0.0,0.0,0.0,0.0,0.0,0.0,0.0,0.0
-1396.0,-660.0,0.0,0.0,0.0,0.0,0.0,0.0,0.0,0.0,0.0,0.0
-1394.0,-660.0,0.0,0.0,0.0,0.0,0.0,0.0,0.0,0.0,0.0,0.0
-1392.0,-660.0,0.0,0.0,0.0,0.0,0.0,0.0,0.0,0.0,0.0,0.0
-1390.0,-660.0,0.0,0.0,0.0,0.0,0.0,0.0,0.0,0.0,0.0,0.0
-1388.0,-660.0,0.0,0.0,0.0,0.0,0.0,0.0,0.0,0.0,0.0,0.0
-1386.0,-660.0,0.0,0.0,0.0,0.0,0.0,0.0,0.0,0.0,0.0,0.0
-1384.0,-660.0,0.0,0.0,0.0,0.0,0.0,0.0,0.0,0.0,0.0,0.0
-1382.0,-660.0,0.0,0.0,0.0,0.0,0.0,0.0,0.0,0.0,0.0,0.0
-1380.0,-660.0,0.0,0.0,0.0,0.0,0.0,0.0,0.0,0.0,0.0,0.0
-1378.0,-660.0,0.0,0.0,0.0,0.0,0.0,0.0,0.0,0.0,0.0,0.0
-1376.0,-660.0,0.0,0.0,0.0,0.0,0.0,0.0,0.0,0.0,0.0,0.0
-1374.0,-660.0,0.0,0.0,0.0,0.0,0.0,0.0,0.0,0.0,0.0,0.0
-1372.0,-660.0,0.0,0.0,0.0,0.0,0.0,0.0,0.0,0.0,0.0,0.0
-1370.0,-660.0,0.0,0.0,0.0,0.0,0.0,0.0,0.0,0.0,0.0,0.0
-1368.0,-660.0,0.0,0.0,0.0,0.0,0.0,0.0,0.0,0.0,0.0,0.0
-1366.0,-660.0,0.0,0.0,0.0,0.0,0.0,0.0,0.0,0.0,0.0,0.0
-1364.0,-660.0,0.0,0.0,0.0,0.0,0.0,0.0,0.0,0.0,0.0,0.0
-1362.0,-660.0,-156.228,9.93342e-07,88.0068,156.472,91.9932,15.8832,-1361.84,-589.142,-1363.01,-659.56
-1360.0,-660.0,-120.932,4.14029e-07,90.6649,109.684,99.2535,-69.1733,-1393.12,-618.076,-1378.59,-608.043
-1358.0,-660.0,-125.324,4.16321e-07,90.6225,110.549,99.2414,-68.2962,-1392.81,-618.063,-1377.48,-608.043
-1356.0,-660.0,-131.286,4.18709e-07,90.6098,111.404,99.2567,-67.4298,-1392.5,-618.05,-1376.52,-607.657
-1354.0,-660.0,-131.424,4.2119e-07,90.6062,112.249,99.2789,-66.5737,-1392.18,-618.037,-1375.62,-607.158
-1352.0,-660.0,-125.31,4.23762e-07,90.6025,113.085,99.2988,-65.7277,-1391.87,-618.024,-1374.73,-606.667
-1350.0,-660.0,0.0,0.0,0.0,0.0,0.0,0.0,0.0,0.0,0.0,0.0
-1348.0,-660.0,0.0,0.0,0.0,0.0,0.0,0.0,0.0,0.0,0.0,0.0
-1346.0,-660.0,0.0,0.0,0.0,0.0,0.0,0.0,0.0,0.0,0.0,0.0
-1344.0,-660.0,0.0,0.0,0.0,0.0,0.0,0.0,0.0,0.0,0.0,0.0
-1342.0,-660.0,0.0,0.0,0.0,0.0,0.0,0.0,0.0,0.0,0.0,0.0
-1340.0,-660.0,0.0,0.0,0.0,0.0,0.0,0.0,0.0,0.0,0.0,0.0
-1338.0,-660.0,0.0,0.0,0.0,0.0,0.0,0.0,0.0,0.0,0.0,0.0
-1336.0,-660.0,0.0,0.0,0.0,0.0,0.0,0.0,0.0,0.0,0.0,0.0
-1334.0,-660.0,0.0,0.0,0.0,0.0,0.0,0.0,0.0,0.0,0.0,0.0
-1332.0,-660.0,0.0,0.0,0.0,0.0,0.0,0.0,0.0,0.0,0.0,0.0
-1330.0,-660.0,0.0,0.0,0.0,0.0,0.0,0.0,0.0,0.0,0.0,0.0
-1328.0,-660.0,0.0,0.0,0.0,0.0,0.0,0.0,0.0,0.0,0.0,0.0
-1326.0,-660.0,0.0,0.0,0.0,0.0,0.0,0.0,0.0,0.0,0.0,0.0
-1324.0,-660.0,0.0,0.0,0.0,0.0,0.0,0.0,0.0,0.0,0.0,0.0
-1322.0,-660.0,0.0,0.0,0.0,0.0,0.0,0.0,0.0,0.0,0.0,0.0
-1320.0,-660.0,0.0,0.0,0.0,0.0,0.0,0.0,0.0,0.0,0.0,0.0
-1318.0,-660.0,0.0,0.0,0.0,0.0,0.0,0.0,0.0,0.0,0.0,0.0
-1316.0,-660.0,0.0,0.0,0.0,0.0,0.0,0.0,0.0,0.0,0.0,0.0
-1314.0,-660.0,0.0,0.0,0.0,0.0,0.0,0.0,0.0,0.0,0.0,0.0
-1312.0,-660.0,0.0,0.0,0.0,0.0,0.0,0.0,0.0,0.0,0.0,0.0
-1310.0,-660.0,0.0,0.0,0.0,0.0,0.0,0.0,0.0,0.0,0.0,0.0
-1308.0,-660.0,-112.841,8.09129e-07,87.3675,19.1116,92.6325,22.6346,-1374.92,-589.543,-1239.86,-636.39
-1306.0,-660.0,-112.967,8.02833e-07,87.3468,19.2677,92.6532,22.7907,-1375.13,-589.549,-1239.86,-636.881
-1304.0,-660.0,-113.007,8.48285e-07,87.4891,27.5335,92.5109,-25.7165,-1364.93,-616.888,-1239.86,-626.564
-1302.0,-660.0,-112.9,8.42379e-07,87.4714,27.7436,92.5286,-25.9265,-1365.23,-616.901,-1239.86,-627.316
-1300.0,-660.0,-112.825,8.36484e-07,87.4536,27.9566,92.5464,-26.1395,-1365.54,-616.914,-1239.86,-628.082
-1298.0,-660.0,-112.783,8.30601e-07,87.4356,28.1726,92.5644,-26.3555,-1365.84,-616.926,-1239.86,-628.862
-1296.0,-660.0,-112.777,8.2473e-07,87.4173,28.3917,92.5827,-26.5746,-1366.14,-616.939,-1239.86,-629.657
-1294.0,-660.0,-112.81,8.18872e-07,87.3988,28.614,92.6012,-26.7969,-1366.44,-616.952,-1239.86,-630.466
-1292.0,-660.0,-112.888,8.13026e-07,87.3801,28.8394,92.6199,-27.0224,-1366.74,-616.964,-1239.86,-631.29
-1290.0,-660.0,-113.019,8.07192e-07,87.3612,29.0681,92.6388,-27.2511,-1367.04,-616.977,-1239.86,-632.13
-1288.0,-660.0,-113.215,8.01372e-07,87.342,29.3002,92.658,-27.4832,-1367.34,-616.99,-1239.86,-632.986
-1286.0,-660.0,-113.492,7.95566e-07,87.3226,29.5357,92.6774,-27.7186,-1367.64,-617.002,-1239.86,-633.859
-1284.0,-660.0,-113.873,7.89773e-07,87.3029,29.7746,92.6971,-27.9575,-1367.94,-617.015,-1239.86,-634.748
-1282.0,-660.0,-114.388,7.83994e-07,87.283,30.0171,92.717,-28.2,-1368.24,-617.028,-1239.86,-635.655
-1280.0,-660.0,-114.631,9.06701e-07,87.6509,166.231,92.3491,20.914,-1372.44,-589.467,-1309.36,-652.805
-1278.0,-660.0,-116.016,7.72479e-07,87.2425,30.5129,92.7575,-28.6958,-1368.85,-617.053,-1239.86,-637.524
-1276.0,-660.0,-117.268,7.66744e-07,87.2219,30.7664,92.7781,-28.9493,-1369.15,-617.066,-1239.86,-638.487
-1274.0,-660.0,-118.931,7.61024e-07,87.201,31.0237,92.799,-29.2066,-1369.45,-617.079,-1239.86,-639.469
-1272.0,-660.0,-121.059,7.5532e-07,87.1798,31.2849,92.8202,-29.4679,-1369.75,-617.091,-1239.86,-640.472
-1270.0,-660.0,-123.502,7.49632e-07,87.1584,31.5501,92.8416,-29.7331,-1370.05,-617.104,-1239.86,-641.496
-1268.0,-660.0,-125.637,7.4396e-07,87.1367,31.8194,92.8633,-30.0023,-1370.36,-617.117,-1239.86,-642.542
-1266.0,-660.0,-126.821,7.38305e-07,87.1148,32.0928,92.8852,-30.2757,-1370.66,-617.13,-1239.86,-643.609
-1264.0,-660.0,-111.294,6.46877e-07,86.7066,135.011,93.2934,46.658,-1390.58,-590.022,-1336.08,-587.943
-1262.0,-660.0,-111.6,6.51606e-07,86.7305,135.427,93.2695,46.2425,-1390.44,-590.017,-1335.16,-587.919
-1260.0,-660.0,-112.177,6.56369e-07,86.7543,135.836,93.2457,45.833,-1390.3,-590.013,-1334.24,-587.895
-1258.0,-660.0,-113.126,6.61165e-07,86.7778,136.24,93.2222,45.4294,-1390.16,-590.009,-1333.32,-587.871
-1256.0,-660.0,-114.634,6.65993e-07,86.8012,136.637,93.1988,45.0317,-1390.02,-590.004,-1332.4,-587.847
-1254.0,-660.0,-117.005,6.70853e-07,86.8244,137.029,93.1756,44.6397,-1389.87,-590.0,-1331.48,-587.823
-1252.0,-660.0,-117.498,6.99214e-07,86.9669,34.1298,93.0331,-32.3127,-1372.78,-617.219,-1239.87,-651.775
-1250.0,-660.0,-115.468,6.93693e-07,86.966,34.4395,93.034,-32.6224,-1373.08,-617.232,-1239.87,-653.05
-1248.0,-660.0,-109.386,6.44412e-07,86.7588,142.47,93.2412,-35.6943,-1375.85,-617.349,-1341.62,-588.088
-1246.0,-660.0,-109.372,6.49693e-07,86.8101,142.829,93.1899,-35.3352,-1375.55,-617.336,-1340.87,-588.068
-1244.0,-660.0,-109.436,6.55e-07,86.8606,143.183,93.1394,-34.982,-1375.24,-617.323,-1340.12,-588.049
-1242.0,-660.0,-109.573,6.60331e-07,86.9105,143.53,93.0895,-34.6345,-1374.94,-617.31,-1339.37,-588.029
-1240.0,-660.0,-109.789,6.65687e-07,86.9596,143.872,93.0404,-34.2926,-1374.64,-617.297,-1338.62,-588.009
-1238.0,-660.0,0.0,0.0,0.0,0.0,0.0,0.0,0.0,0.0,0.0,0.0
-1236.0,-660.0,0.0,0.0,0.0,0.0,0.0,0.0,0.0,0.0,0.0,0.0
-1234.0,-660.0,0.0,0.0,0.0,0.0,0.0,0.0,0.0,0.0,0.0,0.0
-1232.0,-660.0,0.0,0.0,0.0,0.0,0.0,0.0,0.0,0.0,0.0,0.0
-1230.0,-660.0,0.0,0.0,0.0,0.0,0.0,0.0,0.0,0.0,0.0,0.0
-1228.0,-660.0,0.0,0.0,0.0,0.0,0.0,0.0,0.0,0.0,0.0,0.0
-1226.0,-660.0,0.0,0.0,0.0,0.0,0.0,0.0,0.0,0.0,0.0,0.0
-1224.0,-660.0,0.0,0.0,0.0,0.0,0.0,0.0,0.0,0.0,0.0,0.0
-1222.0,-660.0,0.0,0.0,0.0,0.0,0.0,0.0,0.0,0.0,0.0,0.0
-1220.0,-660.0,0.0,0.0,0.0,0.0,0.0,0.0,0.0,0.0,0.0,0.0
-1218.0,-660.0,0.0,0.0,0.0,0.0,0.0,0.0,0.0,0.0,0.0,0.0
-1216.0,-660.0,0.0,0.0,0.0,0.0,0.0,0.0,0.0,0.0,0.0,0.0
-1214.0,-660.0,0.0,0.0,0.0,0.0,0.0,0.0,0.0,0.0,0.0,0.0
-1212.0,-660.0,0.0,0.0,0.0,0.0,0.0,0.0,0.0,0.0,0.0,0.0
-1210.0,-660.0,-177.733,1.18702e-06,88.2381,-60.2254,91.7619,-9.41385,-1309.77,-614.96,-1196.12,-684.267
-1208.0,-660.0,0.0,0.0,0.0,0.0,0.0,0.0,0.0,0.0,0.0,0.0
-1206.0,-660.0,0.0,0.0,0.0,0.0,0.0,0.0,0.0,0.0,0.0,0.0
-1204.0,-660.0,-173.398,1.71311e-06,88.7991,-107.252,91.2009,-43.396,-1381.4,-617.583,-1232.93,-753.151
-1202.0,-660.0,-173.905,1.71511e-06,88.8005,-107.495,91.1995,-43.396,-1381.4,-617.583,-1231.35,-753.099
-1600.0,-658.0,-107.799,6.95295e-07,87.9255,16.1722,92.0745,-163.828,-1600.0,-658.0,-1400.0,-600.0
-1598.0,-658.0,-107.718,6.88892e-07,87.9063,16.3269,92.0937,-163.673,-1598.0,-658.0,-1400.0,-600.0
-1596.0,-658.0,-107.637,6.82503e-07,87.8694,16.4845,92.1306,-163.516,-1596.0,-658.0,-1400.0,-600.0
-1594.0,-658.0,-107.555,6.76121e-07,87.8254,16.645,92.1746,-163.355,-1594.0,-658.0,-1400.0,-600.0
-1592.0,-658.0,-107.473,6.69746e-07,87.7805,16.8087,92.2195,-163.191,-1592.0,-658.0,-1400.0,-600.0
-1590.0,-658.0,-107.39,6.63376e-07,87.7349,16.9755,92.2651,-163.025,-1590.0,-658.0,-1400.0,-600.0
-1588.0,-658.0,-107.306,6.57013e-07,87.6883,17.1456,92.3117,-162.854,-1588.0,-658.0,-1400.0,-600.0
-1586.0,-658.0,-107.221,6.50655e-07,87.6409,17.3189,92.3591,-162.681,-1586.0,-658.0,-1400.0,-600.0
-1584.0,-658.0,-107.136,6.4431e-07,87.5819,17.4958,92.4181,-162.504,-1584.0,-658.0,-1400.0,-600.0
-1582.0,-658.0,-107.05,6.37978e-07,87.5072,17.6761,92.4928,-162.324,-1582.0,-658.0,-1400.0,-600.0
-1580.0,-658.0,-106.963,6.31654e-07,87.4311,17.8601,92.5689,-162.14,-1580.0,-658.0,-1400.0,-600.0
-1578.0,-658.0,-106.875,6.25338e-07,87.3535,18.0478,92.6465,-161.952,-1578.0,-658.0,-1400.0,-600.0
-1576.0,-658.0,-106.787,6.1903e-07,87.2743,18.2394,92.7257,-161.761,-1576.0,-658.0,-1400.0,-600.0
-1574.0,-658.0,-106.698,6.1273e-07,87.1935,18.4349,92.8065,-161.565,-1574.0,-658.0,-1400.0,-600.0
-1572.0,-658.0,-106.608,6.06438e-07,87.1111,18.6346,92.8889,-161.365,-1572.0,-658.0,-1400.0,-600.0
-1570.0,-658.0,-106.517,6.00156e-07,87.027,18.8384,92.973,-161.162,-1570.0,-658.0,-1400.0,-600.0
-1568.0,-658.0,-106.426,5.93882e-07,86.9411,19.0466,93.0589,-160.953,-1568.0,-658.0,-1400.0,-600.0
-1566.0,-658.0,-106.333,5.87618e-07,86.8535,19.2593,93.1465,-160.741,-1566.0,-658.0,-1400.0,-600.0
-1564.0,-658.0,-106.24,5.81363e-07,86.764,19.4766,93.236,-160.523,-1564.0,-658.0,-1400.0,-600.0
-1562.0,-658.0,-106.146,5.75118e-07,86.6726,19.6986,93.3274,-160.301,-1562.0,-658.0,-1400.0,-600.0
-1560.0,-658.0,-106.051,5.68855e-07,86.6287,19.9256,93.3713,-160.074,-1560.0,-658.0,-1400.0,-600.0
-1558.0,-658.0,-105.954,5.6258e-07,86.6198,20.1576,93.3802,-159.842,-1558.0,-658.0,-1400.0,-600.0
-1556.0,-658.0,-105.856,5.56314e-07,86.6107,20.3949,93.3893,-159.605,-1556.0,-658.0,-1400.0,-600.0
-1554.0,-658.0,-105.758,5.50058e-07,86.6015,20.6375,93.3985,-159.362,-1554.0,-658.0,-1400.0,-600.0
-1552.0,-658.0,-105.659,5.43812e-07,86.5922,20.8858,93.4078,-159.114,-1552.0,-658.0,-1400.0,-600.0
-1550.0,-658.0,-105.558,5.37577e-07,86.5827,21.1398,93.4173,-158.86,-1550.0,-658.0,-1400.0,-600.0
-1548.0,-658.0,-105.457,5.31357e-07,86.5645,21.3998,93.4355,-158.6,-1548.0,-658.0,-1400.0,-600.0
-1546.0,-658.0,-105.355,5.25161e-07,86.5239,21.666,93.4761,-158.334,-1546.0,-658.0,-1400.0,-600.0
-1544.0,-658.0,-105.251,5.18976e-07,86.4824,21.9385,93.5176,-158.062,-1544.0,-658.0,-1400.0,-600.0
-1542.0,-658.0,-105.147,5.12804e-07,86.44,22.2176,93.56,-157.782,-1542.0,-658.0,-1400.0,-600.0
-1540.0,-658.0,-105.042,5.06644e-07,86.3967,22.5035,93.6033,-157.496,-1540.0,-658.0,-1400.0,-600.0
-1538.0,-658.0,-104.936,5.00498e-07,86.3524,22.7965,93.6476,-157.203,-1538.0,-658.0,-1400.0,-600.0
-1536.0,-658.0,-104.828,4.94352e-07,86.331,23.0968,93.669,-156.903,-1536.0,-658.0,-1400.0,-600.0
-1534.0,-658.0,-104.719,4.88215e-07,86.318,23.4047,93.682,-156.595,-1534.0,-658.0,-1400.0,-600.0
-1532.0,-658.0,-104.61,4.82092e-07,86.3047,23.7204,93.6953,-156.28,-1532.0,-658.0,-1400.0,-600.0
-1530.0,-658.0,-104.499,4.75985e-07,86.2912,24.0442,93.7088,-155.956,-1530.0,-658.0,-1400.0,-600.0
-1528.0,-658.0,-104.386,4.69893e-07,86.2775,24.3765,93.7225,-155.624,-1528.0,-658.0,-1400.0,-600.0
-1526.0,-658.0,-104.273,4.63813e-07,86.27,24.7174,93.73,-155.283,-1526.0,-658.0,-1400.0,-600.0
-1524.0,-658.0,-104.158,4.57736e-07,86.291,25.0675,93.709,-154.933,-1524.0,-658.0,-1400.0,-600.0
-1522.0,-658.0,-104.042,4.51676e-07,86.3128,25.4269,93.6872,-154.573,-1522.0,-658.0,-1400.0,-600.0
-1520.0,-658.0,-103.925,4.45635e-07,86.3353,25.796,93.6647,-154.204,-1520.0,-658.0,-1400.0,-600.0
-1518.0,-658.0,-103.807,4.39612e-07,86.3586,26.1753,93.6414,-153.825,-1518.0,-658.0,-1400.0,-600.0
-1516.0,-658.0,-103.687,4.3361e-07,86.3827,26.5651,93.6173,-153.435,-1516.0,-658.0,-1400.0,-600.0
-1514.0,-658.0,-103.566,4.27627e-07,86.4077,26.9657,93.5923,-153.034,-1514.0,-658.0,-1400.0,-600.0
-1512.0,-658.0,-103.444,4.21683e-07,86.3995,27.3777,93.6005,-152.622,-1512.0,-658.0,-1400.0,-600.0
-1510.0,-658.0,-103.321,4.15762e-07,86.3871,27.8015,93.6129,-152.199,-1510.0,-658.0,-1400.0,-600.0
-1508.0,-658.0,-103.197,4.09865e-07,86.3745,28.2374,93.6255,-151.763,-1508.0,-658.0,-1400.0,-600.0
-1506.0,-658.0,-103.071,4.03992e-07,86.3617,28.6861,93.6383,-151.314,-1506.0,-658.0,-1400.0,-600.0
-1504.0,-658.0,-102.944,3.98144e-07,86.3488,29.1481,93.6512,-150.852,-1504.0,-658.0,-1400.0,-600.0
-1502.0,-658.0,-102.816,3.92329e-07,86.3219,29.6237,93.6781,-150.376,-1502.0,-658.0,-1400.0,-600.0
-1500.0,-658.0,-102.687,3.86554e-07,86.2669,30.1137,93.7331,-149.886,-1500.0,-658.0,-1400.0,-600.0
-1498.0,-658.0,-102.557,3.80809e-07,86.2104,30.6186,93.7896,-149.381,-1498.0,-658.0,-1400.0,-600.0
-1496.0,-658.0,-102.425,3.75094e-07,86.1526,31.139,93.8474,-148.861,-1496.0,-658.0,-1400.0,-600.0
-1494.0,-658.0,-102.293,3.69411e-07,86.0933,31.6755,93.9067,-148.325,-1494.0,-658.0,-1400.0,-600.0
-1492.0,-658.0,-102.159,3.63762e-07,86.0326,32.2288,93.9674,-147.771,-1492.0,-658.0,-1400.0,-600.0
-1490.0,-658.0,-102.023,3.58148e-07,85.9703,32.7995,94.0297,-147.2,-1490.0,-658.0,-1400.0,-600.0
-1488.0,-658.0,-101.887,3.52571e-07,85.9064,33.3885,94.0936,-146.611,-1488.0,-658.0,-1400.0,-600.0
-1486.0,-658.0,-101.749,3.47033e-07,85.841,33.9965,94.159,-146.004,-1486.0,-658.0,-1400.0,-600.0
-1484.0,-658.0,-101.61,3.41536e-07,85.7739,34.6242,94.2261,-145.376,-1484.0,-658.0,-1400.0,-600.0
-1482.0,-658.0,-101.47,3.36081e-07,85.7052,35.2724,94.2948,-144.728,-1482.0,-658.0,-1400.0,-600.0
-1480.0,-658.0,-101.329,3.3067e-07,85.6348,35.9421,94.3652,-144.058,-1480.0,-658.0,-1400.0,-600.0
-1478.0,-658.0,-101.186,3.25307e-07,85.5627,36.6341,94.4373,-143.366,-1478.0,-658.0,-1400.0,-600.0
-1476.0,-658.0,-101.043,3.19976e-07,85.5266,37.3493,94.4734,-142.651,-1476.0,-658.0,-1400.0,-600.0
-1474.0,-658.0,-100.898,3.14692e-07,85.5028,38.0888,94.4972,-141.911,-1474.0,-658.0,-1400.0,-600.0
-1472.0,-658.0,-100.752,3.09461e-07,85.4789,38.8534,94.5211,-141.147,-1472.0,-658.0,-1400.0,-600.0
-1470.0,-658.0,-100.605,3.04287e-07,85.4551,39.6442,94.5449,-140.356,-1470.0,-658.0,-1400.0,-600.0
-1468.0,-658.0,-100.458,2.99172e-07,85.4314,40.4622,94.5686,-139.538,-1468.0,-658.0,-1400.0,-600.0
-1466.0,-658.0,-100.31,2.94129e-07,85.3861,41.3086,94.6139,-138.691,-1466.0,-658.0,-1400.0,-600.0
-1464.0,-658.0,-100.163,2.8919e-07,85.2511,42.1844,94.7489,-137.816,-1464.0,-658.0,-1400.0,-600.0
-1462.0,-658.0,-100.015,2.84321e-07,85.1127,43.0908,94.8873,-136.909,-1462.0,-658.0,-1400.0,-600.0
-1460.0,-658.0,-99.8672,2.79527e-07,84.9707,44.029,95.0293,-135.971,-1460.0,-658.0,-1400.0,-600.0
-1458.0,-658.0,-99.7193,2.74812e-07,84.8252,45.0,95.1748,-135.0,-1458.0,-658.0,-1400.0,-600.0
-1456.0,-658.0,-99.5715,2.7018e-07,84.6763,46.0051,95.3237,-133.995,-1456.0,-658.0,-1400.0,-600.0
-1454.0,-658.0,-99.4234,2.65618e-07,84.5628,47.0454,95.4372,-132.955,-1454.0,-658.0,-1400.0,-600.0
-1452.0,-658.0,-99.2754,2.61137e-07,84.4693,48.1221,95.5307,-131.878,-1452.0,-658.0,-1400.0,-600.0
-1450.0,-658.0,-99.1281,2.56752e-07,84.3745,49.2364,95.6255,-130.764,-1450.0,-658.0,-1400.0,-600.0
-1448.0,-658.0,-98.9817,2.52466e-07,84.2787,50.3893,95.7213,-129.611,-1448.0,-658.0,-1400.0,-600.0
-1446.0,-658.0,-98.8365,2.48286e-07,84.182,51.5819,95.818,-128.418,-1446.0,-658.0,-1400.0,-600.0
-1444.0,-658.0,-98.6928,2.44217e-07,84.0847,52.8153,95.9153,-127.185,-1444.0,-658.0,-1400.0,-600.0
-1442.0,-658.0,-98.5513,2.40275e-07,83.9635,54.0903,96.0365,-125.91,-1442.0,-658.0,-1400.0,-600.0
-1440.0,-658.0,-98.4127,2.36475e-07,83.7975,55.4077,96.2025,-124.592,-1440.0,-658.0,-1400.0,-600.0
-1438.0,-658.0,-98.2767,2.32805e-07,83.6296,56.7683,96.3704,-123.232,-1438.0,-658.0,-1400.0,-600.0
-1436.0,-658.0,-98.1437,2.2927e-07,83.4601,58.1726,96.5399,-121.827,-1436.0,-658.0,-1400.0,-600.0
-1434.0,-658.0,-98.0141,2.25878e-07,83.2895,59.6209,96.7105,-120.379,-1434.0,-658.0,-1400.0,-600.0
-1432.0,-658.0,-97.8883,2.22635e-07,83.1183,61.1134,96.8817,-118.887,-1432.0,-658.0,-1400.0,-600.0
-1430.0,-658.0,-97.7669,2.19547e-07,82.947,62.6501,97.053,-117.35,-1430.0,-658.0,-1400.0,-600.0
-1428.0,-658.0,-97.6502,2.16621e-07,82.7761,64.2307,97.2239,-115.769,-1428.0,-658.0,-1400.0,-600.0
-1426.0,-658.0,-97.5388,2.13863e-07,82.6064,65.8545,97.3936,-114.146,-1426.0,-658.0,-1400.0,-600.0
-1424.0,-658.0,-97.4332,2.11281e-07,82.4385,67.5206,97.5615,-112.479,-1424.0,-658.0,-1400.0,-600.0
-1422.0,-658.0,-97.3339,2.08881e-07,82.2731,69.2277,97.7269,-110.772,-1422.0,-658.0,-1400.0,-600.0
-1420.0,-658.0,-97.2413,2.06669e-07,82.111,70.9744,97.889,-109.026,-1420.0,-658.0,-1400.0,-600.0
-1418.0,-658.0,-97.156,2.0465e-07,81.9531,72.7585,98.0469,-107.241,-1418.0,-658.0,-1400.0,-600.0
-1416.0,-658.0,-97.0784,2.02832e-07,81.8001,74.5778,98.1999,-105.422,-1416.0,-658.0,-1400.0,-600.0
-1414.0,-658.0,-107.507,2.01222e-07,81.653,76.6148,98.347,-103.963,-1404.61,-618.561,-1404.61,-618.561
-1412.0,-658.0,-119.862,1.9989e-07,81.5153,79.3942,98.4847,-103.963,-1404.61,-618.561,-1404.61,-618.561
-1410.0,-658.0,-118.619,7.09226e-07,87.5939,85.2401,92.4061,87.9337,-1397.64,-534.669,-1398.77,-523.1
-1408.0,-658.0,-120.712,8.62143e-07,88.0021,88.2701,91.9979,91.8472,-1403.23,-499.95,-1403.23,-499.95
-1406.0,-658.0,-120.615,8.61977e-07,87.983,88.7138,92.017,91.4035,-1402.45,-499.95,-1402.45,-499.95
-1404.0,-658.0,-147.007,1.97816e-07,81.0955,90.8934,98.9045,-103.963,-1404.61,-618.561,-1404.61,-618.561
-1402.0,-658.0,0.0,0.0,0.0,0.0,0.0,0.0,0.0,0.0,0.0,0.0
-1400.0,-658.0,0.0,0.0,0.0,0.0,0.0,0.0,0.0,0.0,0.0,0.0
-1398.0,-658.0,0.0,0.0,0.0,0.0,0.0,0.0,0.0,0.0,0.0,0.0
-1396.0,-658.0,0.0,0.0,0.0,0.0,0.0,0.0,0.0,0.0,0.0,0.0
-1394.0,-658.0,0.0,0.0,0.0,0.0,0.0,0.0,0.0,0.0,0.0,0.0
-1392.0,-658.0,0.0,0.0,0.0,0.0,0.0,0.0,0.0,0.0,0.0,0.0
-1390.0,-658.0,0.0,0.0,0.0,0.0,0.0,0.0,0.0,0.0,0.0,0.0
-1388.0,-658.0,0.0,0.0,0.0,0.0,0.0,0.0,0.0,0.0,0.0,0.0
-1386.0,-658.0,0.0,0.0,0.0,0.0,0.0,0.0,0.0,0.0,0.0,0.0
-1384.0,-658.0,0.0,0.0,0.0,0.0,0.0,0.0,0.0,0.0,0.0,0.0
-1382.0,-658.0,0.0,0.0,0.0,0.0,0.0,0.0,0.0,0.0,0.0,0.0
-1380.0,-658.0,0.0,0.0,0.0,0.0,0.0,0.0,0.0,0.0,0.0,0.0
-1378.0,-658.0,0.0,0.0,0.0,0.0,0.0,0.0,0.0,0.0,0.0,0.0
-1376.0,-658.0,0.0,0.0,0.0,0.0,0.0,0.0,0.0,0.0,0.0,0.0
-1374.0,-658.0,0.0,0.0,0.0,0.0,0.0,0.0,0.0,0.0,0.0,0.0
-1372.0,-658.0,0.0,0.0,0.0,0.0,0.0,0.0,0.0,0.0,0.0,0.0
-1370.0,-658.0,0.0,0.0,0.0,0.0,0.0,0.0,0.0,0.0,0.0,0.0
-1368.0,-658.0,0.0,0.0,0.0,0.0,0.0,0.0,0.0,0.0,0.0,0.0
-1366.0,-658.0,0.0,0.0,0.0,0.0,0.0,0.0,0.0,0.0,0.0,0.0
-1364.0,-658.0,0.0,0.0,0.0,0.0,0.0,0.0,0.0,0.0,0.0,0.0
-1362.0,-658.0,-153.907,9.84285e-07,87.9759,27.0178,92.0241,15.8832,-1361.84,-589.142,-1309.31,-631.135
-1360.0,-658.0,-122.096,4.0775e-07,90.6448,110.0,99.2448,-68.8528,-1393.01,-618.072,-1378.16,-608.103
-1358.0,-658.0,-127.521,4.10078e-07,90.6226,110.876,99.2525,-67.9648,-1392.69,-618.058,-1377.13,-607.829
-1356.0,-658.0,-132.34,4.12503e-07,90.619,111.742,99.2764,-67.0876,-1392.37,-618.045,-1376.21,-607.319
-1354.0,-658.0,-128.92,4.15022e-07,90.6152,112.598,99.298,-66.2207,-1392.05,-618.031,-1375.3,-606.817
-1352.0,-658.0,-122.78,4.17631e-07,90.6114,113.444,99.3172,-65.3643,-1391.74,-618.018,-1374.41,-606.323
-1350.0,-658.0,0.0,0.0,0.0,0.0,0.0,0.0,0.0,0.0,0.0,0.0
-1348.0,-658.0,0.0,0.0,0.0,0.0,0.0,0.0,0.0,0.0,0.0,0.0
-1346.0,-658.0,0.0,0.0,0.0,0.0,0.0,0.0,0.0,0.0,0.0,0.0
-1344.0,-658.0,0.0,0.0,0.0,0.0,0.0,0.0,0.0,0.0,0.0,0.0
-1342.0,-658.0,0.0,0.0,0.0,0.0,0.0,0.0,0.0,0.0,0.0,0.0
-1340.0,-658.0,0.0,0.0,0.0,0.0,0.0,0.0,0.0,0.0,0.0,0.0
-1338.0,-658.0,0.0,0.0,0.0,0.0,0.0,0.0,0.0,0.0,0.0,0.0
-1336.0,-658.0,0.0,0.0,0.0,0.0,0.0,0.0,0.0,0.0,0.0,0.0
-1334.0,-658.0,0.0,0.0,0.0,0.0,0.0,0.0,0.0,0.0,0.0,0.0
-1332.0,-658.0,0.0,0.0,0.0,0.0,0.0,0.0,0.0,0.0,0.0,0.0
-1330.0,-658.0,0.0,0.0,0.0,0.0,0.0,0.0,0.0,0.0,0.0,0.0
-1328.0,-658.0,0.0,0.0,0.0,0.0,0.0,0.0,0.0,0.0,0.0,0.0
-1326.0,-658.0,0.0,0.0,0.0,0.0,0.0,0.0,0.0,0.0,0.0,0.0
-1324.0,-658.0,0.0,0.0,0.0,0.0,0.0,0.0,0.0,0.0,0.0,0.0
-1322.0,-658.0,0.0,0.0,0.0,0.0,0.0,0.0,0.0,0.0,0.0,0.0
-1320.0,-658.0,0.0,0.0,0.0,0.0,0.0,0.0,0.0,0.0,0.0,0.0
-1318.0,-658.0,0.0,0.0,0.0,0.0,0.0,0.0,0.0,0.0,0.0,0.0
-1316.0,-658.0,0.0,0.0,0.0,0.0,0.0,0.0,0.0,0.0,0.0,0.0
-1314.0,-658.0,0.0,0.0,0.0,0.0,0.0,0.0,0.0,0.0,0.0,0.0
-1312.0,-658.0,0.0,0.0,0.0,0.0,0.0,0.0,0.0,0.0,0.0,0.0
-1310.0,-658.0,0.0,0.0,0.0,0.0,0.0,0.0,0.0,0.0,0.0,0.0
-1308.0,-658.0,-112.378,8.06961e-07,87.3757,18.6634,92.6243,22.1864,-1374.31,-589.524,-1239.86,-634.985
-1306.0,-658.0,-112.446,8.00648e-07,87.355,18.8164,92.645,22.3394,-1374.52,-589.53,-1239.86,-635.464
-1304.0,-658.0,-112.532,7.94341e-07,87.334,18.9718,92.666,22.4948,-1374.73,-589.537,-1239.86,-635.951
-1302.0,-658.0,-112.64,7.8804e-07,87.3127,19.1298,92.6873,22.6527,-1374.94,-589.543,-1239.86,-636.447
-1300.0,-658.0,-112.773,7.81745e-07,87.291,19.2902,92.709,22.8132,-1375.16,-589.55,-1239.86,-636.952
-1298.0,-658.0,-112.742,8.27465e-07,87.4408,27.7648,92.5592,-25.9478,-1365.26,-616.902,-1239.86,-627.392
-1296.0,-658.0,-112.669,8.21571e-07,87.4224,27.9819,92.5776,-26.1648,-1365.57,-616.915,-1239.86,-628.173
-1294.0,-658.0,-112.631,8.1569e-07,87.4038,28.202,92.5962,-26.385,-1365.88,-616.928,-1239.86,-628.969
-1292.0,-658.0,-112.631,8.09821e-07,87.385,28.4254,92.615,-26.6083,-1366.18,-616.941,-1239.86,-629.779
-1290.0,-658.0,-112.672,8.03965e-07,87.366,28.652,92.634,-26.835,-1366.49,-616.954,-1239.86,-630.605
-1288.0,-658.0,-112.76,7.98121e-07,87.3467,28.882,92.6533,-27.0649,-1366.79,-616.967,-1239.86,-631.446
-1286.0,-658.0,-112.906,7.92291e-07,87.3271,29.1153,92.6729,-27.2983,-1367.1,-616.98,-1239.86,-632.304
-1284.0,-658.0,-113.122,7.86474e-07,87.3073,29.3521,92.6927,-27.5351,-1367.41,-616.993,-1239.86,-633.178
-1282.0,-658.0,-113.426,7.8067e-07,87.2873,29.5925,92.7127,-27.7754,-1367.71,-617.005,-1239.86,-634.07
-1280.0,-658.0,-113.845,7.74881e-07,87.267,29.8364,92.733,-28.0194,-1368.02,-617.018,-1239.86,-634.979
-1278.0,-658.0,-114.413,7.69106e-07,87.2465,30.0841,92.7535,-28.267,-1368.33,-617.031,-1239.86,-635.907
-1276.0,-658.0,-115.182,7.63345e-07,87.2257,30.3355,92.7743,-28.5184,-1368.63,-617.044,-1239.86,-636.853
-1274.0,-658.0,-116.222,7.576e-07,87.2046,30.5907,92.7954,-28.7736,-1368.94,-617.057,-1239.86,-637.819
-1272.0,-658.0,-117.62,7.5187e-07,87.1833,30.8498,92.8167,-29.0327,-1369.25,-617.07,-1239.86,-638.805
-1270.0,-658.0,-119.471,7.46155e-07,87.1617,31.1129,92.8383,-29.2958,-1369.55,-617.083,-1239.86,-639.811
-1268.0,-658.0,-121.785,7.40457e-07,87.1399,31.38,92.8601,-29.563,-1369.86,-617.096,-1239.86,-640.839
-1266.0,-658.0,-111.166,6.37443e-07,86.6772,135.011,93.3228,46.6578,-1390.58,-590.022,-1336.08,-587.943
-1264.0,-658.0,-111.481,6.42172e-07,86.7017,135.433,93.2983,46.2362,-1390.44,-590.017,-1335.15,-587.919
-1262.0,-658.0,-112.075,6.46935e-07,86.726,135.848,93.274,45.8207,-1390.3,-590.013,-1334.21,-587.894
-1260.0,-658.0,-113.056,6.51732e-07,86.7501,136.258,93.2499,45.4114,-1390.15,-590.009,-1333.28,-587.87
-1258.0,-658.0,-114.628,6.56562e-07,86.7741,136.661,93.2259,45.0081,-1390.01,-590.004,-1332.34,-587.846
-1256.0,-658.0,-117.109,6.61424e-07,86.7978,137.058,93.2022,44.6107,-1389.86,-590.0,-1331.41,-587.821
-1254.0,-658.0,-120.75,6.66317e-07,86.8214,137.45,93.1786,44.2192,-1389.72,-589.995,-1330.48,-587.797
-1252.0,-658.0,-109.301,6.29813e-07,86.6519,142.212,93.3481,-35.9529,-1376.07,-617.358,-1342.15,-588.102
-1250.0,-658.0,-109.223,6.35075e-07,86.7052,142.581,93.2948,-35.5834,-1375.76,-617.345,-1341.39,-588.082
-1248.0,-658.0,-109.236,6.40363e-07,86.7576,142.945,93.2424,-35.22,-1375.45,-617.332,-1340.62,-588.062
-1246.0,-658.0,-109.326,6.45677e-07,86.8094,143.302,93.1906,-34.8626,-1375.14,-617.318,-1339.86,-588.042
-1244.0,-658.0,-109.494,6.51016e-07,86.8604,143.653,93.1396,-34.5111,-1374.83,-617.305,-1339.1,-588.022
-1242.0,-658.0,-109.746,6.5638e-07,86.9107,143.999,93.0893,-34.1653,-1374.52,-617.292,-1338.34,-588.002
-1240.0,-658.0,-110.105,6.61777e-07,86.9453,144.339,93.0547,-33.8252,-1374.21,-617.279,-1337.58,-587.982
-1238.0,-658.0,0.0,0.0,0.0,0.0,0.0,0.0,0.0,0.0,0.0,0.0
-1236.0,-658.0,0.0,0.0,0.0,0.0,0.0,0.0,0.0,0.0,0.0,0.0
-1234.0,-658.0,0.0,0.0,0.0,0.0,0.0,0.0,0.0,0.0,0.0,0.0
-1232.0,-658.0,0.0,0.0,0.0,0.0,0.0,0.0,0.0,0.0,0.0,0.0
-1230.0,-658.0,0.0,0.0,0.0,0.0,0.0,0.0,0.0,0.0,0.0,0.0
-1228.0,-658.0,0.0,0.0,0.0,0.0,0.0,0.0,0.0,0.0,0.0,0.0
-1226.0,-658.0,0.0,0.0,0.0,0.0,0.0,0.0,0.0,0.0,0.0,0.0
-1224.0,-658.0,0.0,0.0,0.0,0.0,0.0,0.0,0.0,0.0,0.0,0.0
-1222.0,-658.0,0.0,0.0,0.0,0.0,0.0,0.0,0.0,0.0,0.0,0.0
-1220.0,-658.0,0.0,0.0,0.0,0.0,0.0,0.0,0.0,0.0,0.0,0.0
-1218.0,-658.0,0.0,0.0,0.0,0.0,0.0,0.0,0.0,0.0,0.0,0.0
-1216.0,-658.0,0.0,0.0,0.0,0.0,0.0,0.0,0.0,0.0,0.0,0.0
-1214.0,-658.0,0.0,0.0,0.0,0.0,0.0,0.0,0.0,0.0,0.0,0.0
-1212.0,-658.0,0.0,0.0,0.0,0.0,0.0,0.0,0.0,0.0,0.0,0.0
-1210.0,-658.0,0.0,0.0,0.0,0.0,0.0,0.0,0.0,0.0,0.0,0.0
-1208.0,-658.0,0.0,0.0,0.0,0.0,0.0,0.0,0.0,0.0,0.0,0.0
-1206.0,-658.0,0.0,0.0,0.0,0.0,0.0,0.0,0.0,0.0,0.0,0.0
-1204.0,-658.0,-173.304,1.7195e-06,88.782,-107.177,91.218,-43.396,-1381.4,-617.583,-1233.42,-753.167
-1202.0,-658.0,-178.494,1.29092e-06,95.0635,100.417,92.2783,-2.76158,-1239.86,-607.725,-1208.23,-624.13
-1600.0,-656.0,-107.776,6.93467e-07,87.9201,15.6422,92.0799,-164.358,-1600.0,-656.0,-1400.0,-600.0
-1598.0,-656.0,-107.695,6.87048e-07,87.9006,15.7924,92.0994,-164.208,-1598.0,-656.0,-1400.0,-600.0
-1596.0,-656.0,-107.613,6.80633e-07,87.8808,15.9454,92.1192,-164.055,-1596.0,-656.0,-1400.0,-600.0
-1594.0,-656.0,-107.531,6.74233e-07,87.8376,16.1013,92.1624,-163.899,-1594.0,-656.0,-1400.0,-600.0
-1592.0,-656.0,-107.448,6.6784e-07,87.7927,16.2602,92.2073,-163.74,-1592.0,-656.0,-1400.0,-600.0
-1590.0,-656.0,-107.364,6.61451e-07,87.747,16.4222,92.253,-163.578,-1590.0,-656.0,-1400.0,-600.0
-1588.0,-656.0,-107.28,6.55069e-07,87.7004,16.5873,92.2996,-163.413,-1588.0,-656.0,-1400.0,-600.0
-1586.0,-656.0,-107.195,6.48693e-07,87.6529,16.7557,92.3471,-163.244,-1586.0,-656.0,-1400.0,-600.0
-1584.0,-656.0,-107.109,6.42328e-07,87.5937,16.9275,92.4063,-163.072,-1584.0,-656.0,-1400.0,-600.0
-1582.0,-656.0,-107.022,6.35976e-07,87.5188,17.1027,92.4812,-162.897,-1582.0,-656.0,-1400.0,-600.0
-1580.0,-656.0,-106.935,6.29632e-07,87.4425,17.2815,92.5575,-162.719,-1580.0,-656.0,-1400.0,-600.0
-1578.0,-656.0,-106.847,6.23295e-07,87.3647,17.4639,92.6353,-162.536,-1578.0,-656.0,-1400.0,-600.0
-1576.0,-656.0,-106.758,6.16966e-07,87.2852,17.6501,92.7148,-162.35,-1576.0,-656.0,-1400.0,-600.0
-1574.0,-656.0,-106.668,6.10644e-07,87.2042,17.8402,92.7958,-162.16,-1574.0,-656.0,-1400.0,-600.0
-1572.0,-656.0,-106.578,6.04331e-07,87.1215,18.0343,92.8785,-161.966,-1572.0,-656.0,-1400.0,-600.0
-1570.0,-656.0,-106.486,5.98026e-07,87.0371,18.2325,92.9629,-161.768,-1570.0,-656.0,-1400.0,-600.0
-1568.0,-656.0,-106.394,5.91729e-07,86.9509,18.4349,93.0491,-161.565,-1568.0,-656.0,-1400.0,-600.0
-1566.0,-656.0,-106.301,5.85442e-07,86.8629,18.6418,93.1371,-161.358,-1566.0,-656.0,-1400.0,-600.0
-1564.0,-656.0,-106.207,5.79163e-07,86.7731,18.8532,93.2269,-161.147,-1564.0,-656.0,-1400.0,-600.0
-1562.0,-656.0,-106.112,5.72894e-07,86.6813,19.0692,93.3187,-160.931,-1562.0,-656.0,-1400.0,-600.0
-1560.0,-656.0,-106.016,5.66606e-07,86.6372,19.29,93.3628,-160.71,-1560.0,-656.0,-1400.0,-600.0
-1558.0,-656.0,-105.919,5.60306e-07,86.6282,19.5159,93.3718,-160.484,-1558.0,-656.0,-1400.0,-600.0
-1556.0,-656.0,-105.82,5.54015e-07,86.619,19.7468,93.381,-160.253,-1556.0,-656.0,-1400.0,-600.0
-1554.0,-656.0,-105.721,5.47733e-07,86.6097,19.9831,93.3903,-160.017,-1554.0,-656.0,-1400.0,-600.0
-1552.0,-656.0,-105.621,5.4146e-07,86.6003,20.2249,93.3997,-159.775,-1552.0,-656.0,-1400.0,-600.0
-1550.0,-656.0,-105.519,5.35199e-07,86.5892,20.4723,93.4108,-159.528,-1550.0,-656.0,-1400.0,-600.0
-1548.0,-656.0,-105.417,5.28963e-07,86.5489,20.7256,93.4511,-159.274,-1548.0,-656.0,-1400.0,-600.0
-1546.0,-656.0,-105.314,5.22738e-07,86.5077,20.9849,93.4923,-159.015,-1546.0,-656.0,-1400.0,-600.0
-1544.0,-656.0,-105.21,5.16525e-07,86.4657,21.2505,93.5343,-158.749,-1544.0,-656.0,-1400.0,-600.0
-1542.0,-656.0,-105.105,5.10323e-07,86.4227,21.5226,93.5773,-158.477,-1542.0,-656.0,-1400.0,-600.0
-1540.0,-656.0,-104.999,5.04133e-07,86.3787,21.8014,93.6213,-158.199,-1540.0,-656.0,-1400.0,-600.0
-1538.0,-656.0,-104.891,4.97955e-07,86.3337,22.0872,93.6663,-157.913,-1538.0,-656.0,-1400.0,-600.0
-1536.0,-656.0,-104.783,4.91777e-07,86.3118,22.3801,93.6882,-157.62,-1536.0,-656.0,-1400.0,-600.0
-1534.0,-656.0,-104.673,4.85608e-07,86.2982,22.6806,93.7018,-157.319,-1534.0,-656.0,-1400.0,-600.0
-1532.0,-656.0,-104.562,4.79452e-07,86.2843,22.9887,93.7157,-157.011,-1532.0,-656.0,-1400.0,-600.0
-1530.0,-656.0,-104.45,4.7331e-07,86.2702,23.3049,93.7298,-156.695,-1530.0,-656.0,-1400.0,-600.0
-1528.0,-656.0,-104.336,4.67184e-07,86.2558,23.6294,93.7442,-156.371,-1528.0,-656.0,-1400.0,-600.0
-1526.0,-656.0,-104.222,4.61072e-07,86.2412,23.9625,93.7588,-156.038,-1526.0,-656.0,-1400.0,-600.0
-1524.0,-656.0,-104.106,4.54969e-07,86.2412,24.3045,93.7588,-155.695,-1524.0,-656.0,-1400.0,-600.0
-1522.0,-656.0,-103.988,4.48871e-07,86.2621,24.6559,93.7379,-155.344,-1522.0,-656.0,-1400.0,-600.0
-1520.0,-656.0,-103.869,4.42791e-07,86.2838,25.0169,93.7162,-154.983,-1520.0,-656.0,-1400.0,-600.0
-1518.0,-656.0,-103.749,4.36729e-07,86.3062,25.3879,93.6938,-154.612,-1518.0,-656.0,-1400.0,-600.0
-1516.0,-656.0,-103.628,4.30686e-07,86.3294,25.7693,93.6706,-154.231,-1516.0,-656.0,-1400.0,-600.0
-1514.0,-656.0,-103.506,4.24663e-07,86.3534,26.1616,93.6466,-153.838,-1514.0,-656.0,-1400.0,-600.0
-1512.0,-656.0,-103.382,4.18675e-07,86.344,26.5651,93.656,-153.435,-1512.0,-656.0,-1400.0,-600.0
-1510.0,-656.0,-103.257,4.12712e-07,86.3303,26.9802,93.6697,-153.02,-1510.0,-656.0,-1400.0,-600.0
-1508.0,-656.0,-103.131,4.0677e-07,86.3164,27.4076,93.6836,-152.592,-1508.0,-656.0,-1400.0,-600.0
-1506.0,-656.0,-103.003,4.00851e-07,86.3023,27.8476,93.6977,-152.152,-1506.0,-656.0,-1400.0,-600.0
-1504.0,-656.0,-102.874,3.94957e-07,86.288,28.3008,93.712,-151.699,-1504.0,-656.0,-1400.0,-600.0
-1502.0,-656.0,-102.744,3.89088e-07,86.2734,28.7676,93.7266,-151.232,-1502.0,-656.0,-1400.0,-600.0
-1500.0,-656.0,-102.613,3.83257e-07,86.2347,29.2488,93.7653,-150.751,-1500.0,-656.0,-1400.0,-600.0
-1498.0,-656.0,-102.48,3.77461e-07,86.1768,29.7449,93.8232,-150.255,-1498.0,-656.0,-1400.0,-600.0
-1496.0,-656.0,-102.346,3.71695e-07,86.1174,30.2564,93.8826,-149.744,-1496.0,-656.0,-1400.0,-600.0
-1494.0,-656.0,-102.211,3.65959e-07,86.0564,30.7841,93.9436,-149.216,-1494.0,-656.0,-1400.0,-600.0
-1492.0,-656.0,-102.074,3.60256e-07,85.9939,31.3287,94.0061,-148.671,-1492.0,-656.0,-1400.0,-600.0
-1490.0,-656.0,-101.936,3.54587e-07,85.9298,31.8908,94.0702,-148.109,-1490.0,-656.0,-1400.0,-600.0
-1488.0,-656.0,-101.797,3.48953e-07,85.8639,32.4712,94.1361,-147.529,-1488.0,-656.0,-1400.0,-600.0
-1486.0,-656.0,-101.656,3.43356e-07,85.7964,33.0707,94.2036,-146.929,-1486.0,-656.0,-1400.0,-600.0
-1484.0,-656.0,-101.514,3.37799e-07,85.7271,33.6901,94.2729,-146.31,-1484.0,-656.0,-1400.0,-600.0
-1482.0,-656.0,-101.371,3.32283e-07,85.656,34.3302,94.344,-145.67,-1482.0,-656.0,-1400.0,-600.0
-1480.0,-656.0,-101.227,3.26809e-07,85.5831,34.992,94.4169,-145.008,-1480.0,-656.0,-1400.0,-600.0
-1478.0,-656.0,-101.081,3.2137e-07,85.5343,35.6764,94.4657,-144.324,-1478.0,-656.0,-1400.0,-600.0
-1476.0,-656.0,-100.933,3.15968e-07,85.509,36.3844,94.491,-143.616,-1476.0,-656.0,-1400.0,-600.0
-1474.0,-656.0,-100.784,3.10615e-07,85.4836,37.1169,94.5164,-142.883,-1474.0,-656.0,-1400.0,-600.0
-1472.0,-656.0,-100.635,3.05315e-07,85.458,37.875,94.542,-142.125,-1472.0,-656.0,-1400.0,-600.0
-1470.0,-656.0,-100.484,3.00069e-07,85.4324,38.6598,94.5676,-141.34,-1470.0,-656.0,-1400.0,-600.0
-1468.0,-656.0,-100.332,2.94882e-07,85.4068,39.4725,94.5932,-140.528,-1468.0,-656.0,-1400.0,-600.0
-1466.0,-656.0,-100.18,2.89764e-07,85.3593,40.3141,94.6407,-139.686,-1466.0,-656.0,-1400.0,-600.0
-1464.0,-656.0,-100.028,2.84749e-07,85.2205,41.1859,94.7795,-138.814,-1464.0,-656.0,-1400.0,-600.0
-1462.0,-656.0,-99.8758,2.79803e-07,85.0779,42.0892,94.9221,-137.911,-1462.0,-656.0,-1400.0,-600.0
-1460.0,-656.0,-99.723,2.7493e-07,84.9316,43.0251,95.0684,-136.975,-1460.0,-656.0,-1400.0,-600.0
-1458.0,-656.0,-99.57,2.70135e-07,84.7814,43.9949,95.2186,-136.005,-1458.0,-656.0,-1400.0,-600.0
-1456.0,-656.0,-99.4169,2.65421e-07,84.6273,45.0,95.3727,-135.0,-1456.0,-656.0,-1400.0,-600.0
-1454.0,-656.0,-99.2639,2.60793e-07,84.4695,46.0416,95.5305,-133.958,-1454.0,-656.0,-1400.0,-600.0
-1452.0,-656.0,-99.1104,2.56231e-07,84.363,47.1211,95.637,-132.879,-1452.0,-656.0,-1400.0,-600.0
-1450.0,-656.0,-98.9574,2.5176e-07,84.2626,48.2397,95.7374,-131.76,-1450.0,-656.0,-1400.0,-600.0
-1448.0,-656.0,-98.805,2.47388e-07,84.1608,49.3987,95.8392,-130.601,-1448.0,-656.0,-1400.0,-600.0
-1446.0,-656.0,-98.6537,2.43121e-07,84.058,50.5993,95.942,-129.401,-1446.0,-656.0,-1400.0,-600.0
-1444.0,-656.0,-98.5037,2.38964e-07,83.9542,51.8428,96.0458,-128.157,-1444.0,-656.0,-1400.0,-600.0
-1442.0,-656.0,-98.3558,2.34933e-07,83.8258,53.1301,96.1742,-126.87,-1442.0,-656.0,-1400.0,-600.0
-1440.0,-656.0,-98.2107,2.31045e-07,83.6512,54.4623,96.3488,-125.538,-1440.0,-656.0,-1400.0,-600.0
-1438.0,-656.0,-98.0681,2.27287e-07,83.4743,55.8403,96.5257,-124.16,-1438.0,-656.0,-1400.0,-600.0
-1436.0,-656.0,-97.9285,2.23666e-07,83.2955,57.2648,96.7045,-122.735,-1436.0,-656.0,-1400.0,-600.0
-1434.0,-656.0,-97.7922,2.20187e-07,83.1153,58.7363,96.8847,-121.264,-1434.0,-656.0,-1400.0,-600.0
-1432.0,-656.0,-97.6598,2.16859e-07,82.9341,60.2551,97.0659,-119.745,-1432.0,-656.0,-1400.0,-600.0
-1430.0,-656.0,-97.5317,2.13687e-07,82.7526,61.8214,97.2474,-118.179,-1430.0,-656.0,-1400.0,-600.0
-1428.0,-656.0,-97.4084,2.1068e-07,82.5713,63.4349,97.4287,-116.565,-1428.0,-656.0,-1400.0,-600.0
-1426.0,-656.0,-97.2906,2.07844e-07,82.391,65.0952,97.609,-114.905,-1426.0,-656.0,-1400.0,-600.0
-1424.0,-656.0,-97.1787,2.05186e-07,82.2125,66.8014,97.7875,-113.199,-1424.0,-656.0,-1400.0,-600.0
-1422.0,-656.0,-97.0733,2.02713e-07,82.0365,68.5523,97.9635,-111.448,-1422.0,-656.0,-1400.0,-600.0
-1420.0,-656.0,-96.9749,2.00433e-07,81.864,70.3462,98.136,-109.654,-1420.0,-656.0,-1400.0,-600.0
-1418.0,-656.0,-96.8842,1.98351e-07,81.6958,72.1811,98.3042,-107.819,-1418.0,-656.0,-1400.0,-600.0
-1416.0,-656.0,-96.8015,1.96475e-07,81.5329,74.0546,98.4671,-105.945,-1416.0,-656.0,-1400.0,-600.0
-1414.0,-656.0,-96.7275,1.9481e-07,81.3762,75.9638,98.6238,-104.036,-1414.0,-656.0,-1400.0,-600.0
-1412.0,-656.0,-117.876,1.93411e-07,81.2289,78.8415,98.7711,-103.963,-1404.61,-618.561,-1404.61,-618.561
-1410.0,-656.0,-118.483,7.02582e-07,87.5712,85.1949,92.4288,87.8885,-1397.62,-535.436,-1398.83,-523.1
-1408.0,-656.0,-120.652,8.55476e-07,87.9866,88.2566,92.0134,91.8607,-1403.25,-499.95,-1403.25,-499.95
-1406.0,-656.0,-120.555,8.55309e-07,87.9673,88.7037,92.0327,91.4136,-1402.47,-499.95,-1402.47,-499.95
-1404.0,-656.0,-146.91,1.91226e-07,80.7861,90.9411,99.2139,-103.963,-1404.61,-618.561,-1404.61,-618.561
-1402.0,-656.0,0.0,0.0,0.0,0.0,0.0,0.0,0.0,0.0,0.0,0.0
-1400.0,-656.0,0.0,0.0,0.0,0.0,0.0,0.0,0.0,0.0,0.0,0.0
-1398.0,-656.0,0.0,0.0,0.0,0.0,0.0,0.0,0.0,0.0,0.0,0.0
-1396.0,-656.0,0.0,0.0,0.0,0.0,0.0,0.0,0.0,0.0,0.0,0.0
-1394.0,-656.0,0.0,0.0,0.0,0.0,0.0,0.0,0.0,0.0,0.0,0.0
-1392.0,-656.0,0.0,0.0,0.0,0.0,0.0,0.0,0.0,0.0,0.0,0.0
-1390.0,-656.0,0.0,0.0,0.0,0.0,0.0,0.0,0.0,0.0,0.0,0.0
-1388.0,-656.0,0.0,0.0,0.0,0.0,0.0,0.0,0.0,0.0,0.0,0.0
-1386.0,-656.0,0.0,0.0,0.0,0.0,0.0,0.0,0.0,0.0,0.0,0.0
-1384.0,-656.0,0.0,0.0,0.0,0.0,0.0,0.0,0.0,0.0,0.0,0.0
-1382.0,-656.0,0.0,0.0,0.0,0.0,0.0,0.0,0.0,0.0,0.0,0.0
-1380.0,-656.0,0.0,0.0,0.0,0.0,0.0,0.0,0.0,0.0,0.0,0.0
-1378.0,-656.0,0.0,0.0,0.0,0.0,0.0,0.0,0.0,0.0,0.0,0.0
-1376.0,-656.0,0.0,0.0,0.0,0.0,0.0,0.0,0.0,0.0,0.0,0.0
-1374.0,-656.0,0.0,0.0,0.0,0.0,0.0,0.0,0.0,0.0,0.0,0.0
-1372.0,-656.0,0.0,0.0,0.0,0.0,0.0,0.0,0.0,0.0,0.0,0.0
-1370.0,-656.0,0.0,0.0,0.0,0.0,0.0,0.0,0.0,0.0,0.0,0.0
-1368.0,-656.0,0.0,0.0,0.0,0.0,0.0,0.0,0.0,0.0,0.0,0.0
-1366.0,-656.0,0.0,0.0,0.0,0.0,0.0,0.0,0.0,0.0,0.0,0.0
-1364.0,-656.0,0.0,0.0,0.0,0.0,0.0,0.0,0.0,0.0,0.0,0.0
-1362.0,-656.0,-113.332,9.77411e-07,87.949,14.9077,92.051,18.4306,-1367.98,-589.33,-1239.86,-623.484
-1360.0,-656.0,-113.25,9.70975e-07,87.9237,15.0091,92.0763,18.532,-1368.19,-589.337,-1239.86,-623.788
-1358.0,-656.0,-129.901,4.0385e-07,90.6322,111.214,99.2731,-67.6234,-1392.57,-618.053,-1376.83,-607.487
-1356.0,-656.0,-131.818,4.06313e-07,90.6284,112.091,99.2964,-66.7348,-1392.24,-618.039,-1375.9,-606.974
-1354.0,-656.0,-125.935,4.08869e-07,90.6245,112.958,99.3173,-65.8569,-1391.92,-618.026,-1374.98,-606.468
-1352.0,-656.0,-120.697,4.11518e-07,90.6205,113.813,99.3358,-64.9901,-1391.6,-618.012,-1374.08,-605.971
-1350.0,-656.0,0.0,0.0,0.0,0.0,0.0,0.0,0.0,0.0,0.0,0.0
-1348.0,-656.0,0.0,0.0,0.0,0.0,0.0,0.0,0.0,0.0,0.0,0.0
-1346.0,-656.0,0.0,0.0,0.0,0.0,0.0,0.0,0.0,0.0,0.0,0.0
-1344.0,-656.0,0.0,0.0,0.0,0.0,0.0,0.0,0.0,0.0,0.0,0.0
-1342.0,-656.0,0.0,0.0,0.0,0.0,0.0,0.0,0.0,0.0,0.0,0.0
-1340.0,-656.0,0.0,0.0,0.0,0.0,0.0,0.0,0.0,0.0,0.0,0.0
-1338.0,-656.0,0.0,0.0,0.0,0.0,0.0,0.0,0.0,0.0,0.0,0.0
-1336.0,-656.0,0.0,0.0,0.0,0.0,0.0,0.0,0.0,0.0,0.0,0.0
-1334.0,-656.0,0.0,0.0,0.0,0.0,0.0,0.0,0.0,0.0,0.0,0.0
-1332.0,-656.0,0.0,0.0,0.0,0.0,0.0,0.0,0.0,0.0,0.0,0.0
-1330.0,-656.0,0.0,0.0,0.0,0.0,0.0,0.0,0.0,0.0,0.0,0.0
-1328.0,-656.0,0.0,0.0,0.0,0.0,0.0,0.0,0.0,0.0,0.0,0.0
-1326.0,-656.0,0.0,0.0,0.0,0.0,0.0,0.0,0.0,0.0,0.0,0.0
-1324.0,-656.0,0.0,0.0,0.0,0.0,0.0,0.0,0.0,0.0,0.0,0.0
-1322.0,-656.0,0.0,0.0,0.0,0.0,0.0,0.0,0.0,0.0,0.0,0.0
-1320.0,-656.0,0.0,0.0,0.0,0.0,0.0,0.0,0.0,0.0,0.0,0.0
-1318.0,-656.0,0.0,0.0,0.0,0.0,0.0,0.0,0.0,0.0,0.0,0.0
-1316.0,-656.0,0.0,0.0,0.0,0.0,0.0,0.0,0.0,0.0,0.0,0.0
-1314.0,-656.0,0.0,0.0,0.0,0.0,0.0,0.0,0.0,0.0,0.0,0.0
-1312.0,-656.0,0.0,0.0,0.0,0.0,0.0,0.0,0.0,0.0,0.0,0.0
-1310.0,-656.0,0.0,0.0,0.0,0.0,0.0,0.0,0.0,0.0,0.0,0.0
-1308.0,-656.0,-112.037,8.04843e-07,87.3842,18.2129,92.6158,21.7358,-1373.67,-589.504,-1239.86,-633.58
-1306.0,-656.0,-112.064,7.98513e-07,87.3634,18.3627,92.6366,21.8856,-1373.89,-589.511,-1239.86,-634.047
-1304.0,-656.0,-112.104,7.92189e-07,87.3424,18.5149,92.6576,22.0379,-1374.1,-589.518,-1239.86,-634.521
-1302.0,-656.0,-112.158,7.85871e-07,87.321,18.6696,92.679,22.1925,-1374.32,-589.524,-1239.86,-635.004
-1300.0,-656.0,-112.229,7.79558e-07,87.2993,18.8268,92.7007,22.3497,-1374.54,-589.531,-1239.86,-635.496
-1298.0,-656.0,-112.32,7.73252e-07,87.2773,18.9865,92.7227,22.5095,-1374.75,-589.537,-1239.86,-635.997
-1296.0,-656.0,-112.434,7.66952e-07,87.2549,19.1489,92.7451,22.6719,-1374.97,-589.544,-1239.86,-636.507
-1294.0,-656.0,-112.576,7.60658e-07,87.2321,19.314,92.7679,22.8369,-1375.19,-589.551,-1239.86,-637.027
-1292.0,-656.0,-112.512,8.06659e-07,87.3901,28.0081,92.6099,-26.191,-1365.61,-616.917,-1239.86,-628.268
-1290.0,-656.0,-112.478,8.0078e-07,87.3709,28.2326,92.6291,-26.4155,-1365.92,-616.93,-1239.86,-629.079
-1288.0,-656.0,-112.483,7.94913e-07,87.3515,28.4603,92.6485,-26.6433,-1366.23,-616.943,-1239.86,-629.906
-1286.0,-656.0,-112.533,7.89059e-07,87.3318,28.6915,92.6682,-26.8745,-1366.54,-616.956,-1239.86,-630.749
-1284.0,-656.0,-112.633,7.83217e-07,87.3119,28.9262,92.6881,-27.1091,-1366.85,-616.969,-1239.86,-631.608
-1282.0,-656.0,-112.795,7.7739e-07,87.2918,29.1643,92.7082,-27.3473,-1367.16,-616.982,-1239.86,-632.484
-1280.0,-656.0,-113.033,7.71576e-07,87.2714,29.4061,92.7286,-27.589,-1367.48,-616.995,-1239.86,-633.378
-1278.0,-656.0,-113.367,7.65776e-07,87.2507,29.6515,92.7493,-27.8345,-1367.79,-617.009,-1239.86,-634.289
-1276.0,-656.0,-113.829,7.5999e-07,87.2297,29.9007,92.7703,-28.0837,-1368.1,-617.022,-1239.86,-635.219
-1274.0,-656.0,-114.458,7.54219e-07,87.2085,30.1537,92.7915,-28.3367,-1368.41,-617.035,-1239.86,-636.168
-1272.0,-656.0,-115.313,7.48463e-07,87.187,30.4107,92.813,-28.5936,-1368.72,-617.048,-1239.86,-637.137
-1270.0,-656.0,-116.474,7.42722e-07,87.1653,30.6716,92.8347,-28.8545,-1369.04,-617.061,-1239.86,-638.126
-1268.0,-656.0,-111.037,6.28008e-07,86.6469,135.011,93.3531,46.6576,-1390.58,-590.022,-1336.08,-587.943
-1266.0,-656.0,-111.359,6.32738e-07,86.672,135.439,93.328,46.2297,-1390.44,-590.017,-1335.13,-587.918
-1264.0,-656.0,-111.971,6.37502e-07,86.6969,135.861,93.3031,45.8082,-1390.29,-590.013,-1334.18,-587.894
-1262.0,-656.0,-112.988,6.423e-07,86.7216,136.276,93.2784,45.3929,-1390.14,-590.008,-1333.24,-587.869
-1260.0,-656.0,-114.627,6.47131e-07,86.7461,136.685,93.2539,44.9839,-1390.0,-590.004,-1332.29,-587.844
-1258.0,-656.0,-117.227,6.51995e-07,86.7704,137.088,93.2296,44.5809,-1389.85,-589.999,-1331.34,-587.819
-1256.0,-656.0,-120.392,6.15209e-07,86.5771,141.786,93.4229,-35.9954,-1376.1,-617.359,-1342.24,-588.104
-1254.0,-656.0,-109.115,6.20464e-07,86.6061,142.321,93.3939,-35.8433,-1375.98,-617.354,-1341.93,-588.096
-1252.0,-656.0,-109.066,6.2574e-07,86.6499,142.695,93.3501,-35.4692,-1375.66,-617.34,-1341.15,-588.075
-1250.0,-656.0,-109.106,6.31036e-07,86.7037,143.063,93.2963,-35.1014,-1375.35,-617.327,-1340.37,-588.055
-1248.0,-656.0,-109.225,6.36358e-07,86.7567,143.425,93.2433,-34.7397,-1375.03,-617.314,-1339.6,-588.035
-1246.0,-656.0,-109.426,6.41706e-07,86.8089,143.78,93.1911,-34.3841,-1374.72,-617.301,-1338.82,-588.015
-1244.0,-656.0,-109.721,6.47078e-07,86.8604,144.13,93.1396,-34.0344,-1374.4,-617.287,-1338.05,-587.994
-1242.0,-656.0,-110.137,6.52476e-07,86.9075,144.474,93.0925,-33.6906,-1374.09,-617.274,-1337.28,-587.974
-1240.0,-656.0,-110.725,6.57926e-07,86.9086,144.812,93.0914,-33.3524,-1373.77,-617.261,-1336.5,-587.954
-1238.0,-656.0,0.0,0.0,0.0,0.0,0.0,0.0,0.0,0.0,0.0,0.0
-1236.0,-656.0,0.0,0.0,0.0,0.0,0.0,0.0,0.0,0.0,0.0,0.0
-1234.0,-656.0,0.0,0.0,0.0,0.0,0.0,0.0,0.0,0.0,0.0,0.0
-1232.0,-656.0,0.0,0.0,0.0,0.0,0.0,0.0,0.0,0.0,0.0,0.0
-1230.0,-656.0,0.0,0.0,0.0,0.0,0.0,0.0,0.0,0.0,0.0,0.0
-1228.0,-656.0,0.0,0.0,0.0,0.0,0.0,0.0,0.0,0.0,0.0,0.0
-1226.0,-656.0,0.0,0.0,0.0,0.0,0.0,0.0,0.0,0.0,0.0,0.0
-1224.0,-656.0,0.0,0.0,0.0,0.0,0.0,0.0,0.0,0.0,0.0,0.0
-1222.0,-656.0,0.0,0.0,0.0,0.0,0.0,0.0,0.0,0.0,0.0,0.0
-1220.0,-656.0,0.0,0.0,0.0,0.0,0.0,0.0,0.0,0.0,0.0,0.0
-1218.0,-656.0,0.0,0.0,0.0,0.0,0.0,0.0,0.0,0.0,0.0,0.0
-1216.0,-656.0,0.0,0.0,0.0,0.0,0.0,0.0,0.0,0.0,0.0,0.0
-1214.0,-656.0,0.0,0.0,0.0,0.0,0.0,0.0,0.0,0.0,0.0,0.0
-1212.0,-656.0,0.0,0.0,0.0,0.0,0.0,0.0,0.0,0.0,0.0,0.0
-1210.0,-656.0,0.0,0.0,0.0,0.0,0.0,0.0,0.0,0.0,0.0,0.0
-1208.0,-656.0,0.0,0.0,0.0,0.0,0.0,0.0,0.0,0.0,0.0,0.0
-1206.0,-656.0,0.0,0.0,0.0,0.0,0.0,0.0,0.0,0.0,0.0,0.0
-1204.0,-656.0,0.0,0.0,0.0,0.0,0.0,0.0,0.0,0.0,0.0,0.0
-1202.0,-656.0,-178.283,1.28432e-06,95.057,100.509,92.2804,-2.76158,-1239.86,-607.725,-1207.92,-624.094
-1600.0,-654.0,-107.754,6.91699e-07,87.9148,15.1096,92.0852,-164.89,-1600.0,-654.0,-1400.0,-600.0
-1598.0,-654.0,-107.672,6.85263e-07,87.8952,15.2551,92.1048,-164.745,-1598.0,-654.0,-1400.0,-600.0
-1596.0,-654.0,-107.59,6.78831e-07,87.8752,15.4034,92.1248,-164.597,-1596.0,-654.0,-1400.0,-600.0
-1594.0,-654.0,-107.507,6.72406e-07,87.8502,15.5546,92.1498,-164.445,-1594.0,-654.0,-1400.0,-600.0
-1592.0,-654.0,-107.424,6.65995e-07,87.8052,15.7086,92.1948,-164.291,-1592.0,-654.0,-1400.0,-600.0
-1590.0,-654.0,-107.34,6.59589e-07,87.7594,15.8657,92.2406,-164.134,-1590.0,-654.0,-1400.0,-600.0
-1588.0,-654.0,-107.255,6.53188e-07,87.7127,16.0259,92.2873,-163.974,-1588.0,-654.0,-1400.0,-600.0
-1586.0,-654.0,-107.169,6.46793e-07,87.6651,16.1892,92.3349,-163.811,-1586.0,-654.0,-1400.0,-600.0
-1584.0,-654.0,-107.083,6.40409e-07,87.6058,16.3558,92.3942,-163.644,-1584.0,-654.0,-1400.0,-600.0
-1582.0,-654.0,-106.996,6.34038e-07,87.5308,16.5258,92.4692,-163.474,-1582.0,-654.0,-1400.0,-600.0
-1580.0,-654.0,-106.908,6.27674e-07,87.4543,16.6992,92.5457,-163.301,-1580.0,-654.0,-1400.0,-600.0
-1578.0,-654.0,-106.819,6.21317e-07,87.3762,16.8763,92.6238,-163.124,-1578.0,-654.0,-1400.0,-600.0
-1576.0,-654.0,-106.729,6.14967e-07,87.2966,17.057,92.7034,-162.943,-1576.0,-654.0,-1400.0,-600.0
-1574.0,-654.0,-106.639,6.08625e-07,87.2153,17.2415,92.7847,-162.759,-1574.0,-654.0,-1400.0,-600.0
-1572.0,-654.0,-106.548,6.0229e-07,87.1323,17.4299,92.8677,-162.57,-1572.0,-654.0,-1400.0,-600.0
-1570.0,-654.0,-106.456,5.95963e-07,87.0476,17.6223,92.9524,-162.378,-1570.0,-654.0,-1400.0,-600.0
-1568.0,-654.0,-106.363,5.89644e-07,86.9611,17.8189,93.0389,-162.181,-1568.0,-654.0,-1400.0,-600.0
-1566.0,-654.0,-106.27,5.83334e-07,86.8728,18.0198,93.1272,-161.98,-1566.0,-654.0,-1400.0,-600.0
-1564.0,-654.0,-106.175,5.77033e-07,86.7826,18.2251,93.2174,-161.775,-1564.0,-654.0,-1400.0,-600.0
-1562.0,-654.0,-106.079,5.7074e-07,86.6905,18.4349,93.3095,-161.565,-1562.0,-654.0,-1400.0,-600.0
-1560.0,-654.0,-105.983,5.64428e-07,86.6461,18.6495,93.3539,-161.35,-1560.0,-654.0,-1400.0,-600.0
-1558.0,-654.0,-105.884,5.58103e-07,86.637,18.869,93.363,-161.131,-1558.0,-654.0,-1400.0,-600.0
-1556.0,-654.0,-105.785,5.51787e-07,86.6278,19.0935,93.3722,-160.907,-1556.0,-654.0,-1400.0,-600.0
-1554.0,-654.0,-105.685,5.4548e-07,86.6184,19.3232,93.3816,-160.677,-1554.0,-654.0,-1400.0,-600.0
-1552.0,-654.0,-105.584,5.39181e-07,86.6088,19.5583,93.3912,-160.442,-1552.0,-654.0,-1400.0,-600.0
-1550.0,-654.0,-105.482,5.32905e-07,86.5745,19.7989,93.4255,-160.201,-1550.0,-654.0,-1400.0,-600.0
-1548.0,-654.0,-105.379,5.26643e-07,86.5337,20.0452,93.4663,-159.955,-1548.0,-654.0,-1400.0,-600.0
-1546.0,-654.0,-105.275,5.2039e-07,86.492,20.2976,93.508,-159.702,-1546.0,-654.0,-1400.0,-600.0
-1544.0,-654.0,-105.17,5.14148e-07,86.4493,20.556,93.5507,-159.444,-1544.0,-654.0,-1400.0,-600.0
-1542.0,-654.0,-105.064,5.07917e-07,86.4057,20.8209,93.5943,-159.179,-1542.0,-654.0,-1400.0,-600.0
-1540.0,-654.0,-104.957,5.01697e-07,86.3611,21.0923,93.6389,-158.908,-1540.0,-654.0,-1400.0,-600.0
-1538.0,-654.0,-104.848,4.9549e-07,86.3154,21.3706,93.6846,-158.629,-1538.0,-654.0,-1400.0,-600.0
-1536.0,-654.0,-104.738,4.89281e-07,86.2929,21.656,93.7071,-158.344,-1536.0,-654.0,-1400.0,-600.0
-1534.0,-654.0,-104.627,4.83079e-07,86.2788,21.9487,93.7212,-158.051,-1534.0,-654.0,-1400.0,-600.0
-1532.0,-654.0,-104.515,4.76891e-07,86.2643,22.249,93.7357,-157.751,-1532.0,-654.0,-1400.0,-600.0
-1530.0,-654.0,-104.402,4.70716e-07,86.2496,22.5572,93.7504,-157.443,-1530.0,-654.0,-1400.0,-600.0
-1528.0,-654.0,-104.287,4.64555e-07,86.2346,22.8737,93.7654,-157.126,-1528.0,-654.0,-1400.0,-600.0
-1526.0,-654.0,-104.171,4.58408e-07,86.2193,23.1986,93.7807,-156.801,-1526.0,-654.0,-1400.0,-600.0
-1524.0,-654.0,-104.054,4.52277e-07,86.2038,23.5323,93.7962,-156.468,-1524.0,-654.0,-1400.0,-600.0
-1522.0,-654.0,-103.935,4.46149e-07,86.2115,23.8753,93.7885,-156.125,-1522.0,-654.0,-1400.0,-600.0
-1520.0,-654.0,-103.815,4.40031e-07,86.2323,24.2277,93.7677,-155.772,-1520.0,-654.0,-1400.0,-600.0
-1518.0,-654.0,-103.693,4.3393e-07,86.2537,24.5901,93.7463,-155.41,-1518.0,-654.0,-1400.0,-600.0
-1516.0,-654.0,-103.571,4.27847e-07,86.276,24.9628,93.724,-155.037,-1516.0,-654.0,-1400.0,-600.0
-1514.0,-654.0,-103.446,4.21783e-07,86.2991,25.3462,93.7009,-154.654,-1514.0,-654.0,-1400.0,-600.0
-1512.0,-654.0,-103.321,4.15754e-07,86.2885,25.7407,93.7115,-154.259,-1512.0,-654.0,-1400.0,-600.0
-1510.0,-654.0,-103.194,4.09747e-07,86.2735,26.1468,93.7265,-153.853,-1510.0,-654.0,-1400.0,-600.0
-1508.0,-654.0,-103.066,4.03762e-07,86.2582,26.5651,93.7418,-153.435,-1508.0,-654.0,-1400.0,-600.0
-1506.0,-654.0,-102.937,3.97799e-07,86.2427,26.9958,93.7573,-153.004,-1506.0,-654.0,-1400.0,-600.0
-1504.0,-654.0,-102.806,3.91858e-07,86.2269,27.4397,93.7731,-152.56,-1504.0,-654.0,-1400.0,-600.0
-1502.0,-654.0,-102.674,3.85942e-07,86.2109,27.8973,93.7891,-152.103,-1502.0,-654.0,-1400.0,-600.0
-1500.0,-654.0,-102.54,3.80051e-07,86.1946,28.369,93.8054,-151.631,-1500.0,-654.0,-1400.0,-600.0
-1498.0,-654.0,-102.405,3.74202e-07,86.1434,28.8557,93.8566,-151.144,-1498.0,-654.0,-1400.0,-600.0
-1496.0,-654.0,-102.268,3.68385e-07,86.0825,29.3578,93.9175,-150.642,-1496.0,-654.0,-1400.0,-600.0
-1494.0,-654.0,-102.131,3.62597e-07,86.0198,29.876,93.9802,-150.124,-1494.0,-654.0,-1400.0,-600.0
-1492.0,-654.0,-101.991,3.5684e-07,85.9555,30.4111,94.0445,-149.589,-1492.0,-654.0,-1400.0,-600.0
-1490.0,-654.0,-101.851,3.51116e-07,85.8894,30.9638,94.1106,-149.036,-1490.0,-654.0,-1400.0,-600.0
-1488.0,-654.0,-101.709,3.45425e-07,85.8216,31.5348,94.1784,-148.465,-1488.0,-654.0,-1400.0,-600.0
-1486.0,-654.0,-101.565,3.39771e-07,85.7519,32.125,94.2481,-147.875,-1486.0,-654.0,-1400.0,-600.0
-1484.0,-654.0,-101.42,3.34154e-07,85.6804,32.7352,94.3196,-147.265,-1484.0,-654.0,-1400.0,-600.0
-1482.0,-654.0,-101.273,3.28576e-07,85.6069,33.3664,94.3931,-146.634,-1482.0,-654.0,-1400.0,-600.0
-1480.0,-654.0,-101.126,3.23034e-07,85.5456,34.0193,94.4544,-145.981,-1480.0,-654.0,-1400.0,-600.0
-1478.0,-654.0,-100.976,3.1752e-07,85.5191,34.6952,94.4809,-145.305,-1478.0,-654.0,-1400.0,-600.0
-1476.0,-654.0,-100.825,3.12051e-07,85.4922,35.3948,94.5078,-144.605,-1476.0,-654.0,-1400.0,-600.0
-1474.0,-654.0,-100.672,3.0663e-07,85.4652,36.1193,94.5348,-143.881,-1474.0,-654.0,-1400.0,-600.0
-1472.0,-654.0,-100.518,3.01259e-07,85.4379,36.8699,94.5621,-143.13,-1472.0,-654.0,-1400.0,-600.0
-1470.0,-654.0,-100.364,2.95942e-07,85.4105,37.6476,94.5895,-142.352,-1470.0,-654.0,-1400.0,-600.0
-1468.0,-654.0,-100.208,2.90681e-07,85.383,38.4537,94.617,-141.546,-1468.0,-654.0,-1400.0,-600.0
-1466.0,-654.0,-100.051,2.85489e-07,85.3331,39.2894,94.6669,-140.711,-1466.0,-654.0,-1400.0,-600.0
-1464.0,-654.0,-99.8942,2.80397e-07,85.1904,40.156,94.8096,-139.844,-1464.0,-654.0,-1400.0,-600.0
-1462.0,-654.0,-99.737,2.75372e-07,85.0436,41.0548,94.9564,-138.945,-1462.0,-654.0,-1400.0,-600.0
-1460.0,-654.0,-99.5791,2.70419e-07,84.8927,41.9872,95.1073,-138.013,-1460.0,-654.0,-1400.0,-600.0
-1458.0,-654.0,-99.4209,2.65542e-07,84.7376,42.9546,95.2624,-137.045,-1458.0,-654.0,-1400.0,-600.0
-1456.0,-654.0,-99.2623,2.60745e-07,84.5784,43.9584,95.4216,-136.042,-1456.0,-654.0,-1400.0,-600.0
-1454.0,-654.0,-99.1037,2.56033e-07,84.4149,45.0,95.5851,-135.0,-1454.0,-654.0,-1400.0,-600.0
-1452.0,-654.0,-98.9451,2.51406e-07,84.2545,46.0809,95.7455,-133.919,-1452.0,-654.0,-1400.0,-600.0
-1450.0,-654.0,-98.786,2.46847e-07,84.148,47.2026,95.852,-132.797,-1450.0,-654.0,-1400.0,-600.0
-1448.0,-654.0,-98.6274,2.42387e-07,84.0399,48.3665,95.9601,-131.634,-1448.0,-654.0,-1400.0,-600.0
-1446.0,-654.0,-98.4697,2.3803e-07,83.9304,49.5739,96.0696,-130.426,-1446.0,-654.0,-1400.0,-600.0
-1444.0,-654.0,-98.3131,2.33782e-07,83.8197,50.8263,96.1803,-129.174,-1444.0,-654.0,-1400.0,-600.0
-1442.0,-654.0,-98.1585,2.29661e-07,83.6835,52.125,96.3165,-127.875,-1442.0,-654.0,-1400.0,-600.0
-1440.0,-654.0,-98.0065,2.25682e-07,83.4997,53.4711,96.5003,-126.529,-1440.0,-654.0,-1400.0,-600.0
-1438.0,-654.0,-97.857,2.21834e-07,83.3132,54.8658,96.6868,-125.134,-1438.0,-654.0,-1400.0,-600.0
-1436.0,-654.0,-97.7102,2.18122e-07,83.1243,56.3099,96.8757,-123.69,-1436.0,-654.0,-1400.0,-600.0
-1434.0,-654.0,-97.5668,2.14553e-07,82.9336,57.8043,97.0664,-122.196,-1434.0,-654.0,-1400.0,-600.0
-1432.0,-654.0,-97.4272,2.11136e-07,82.7416,59.3493,97.2584,-120.651,-1432.0,-654.0,-1400.0,-600.0
-1430.0,-654.0,-97.292,2.07877e-07,82.5489,60.9454,97.4511,-119.055,-1430.0,-654.0,-1400.0,-600.0
-1428.0,-654.0,-97.1617,2.04784e-07,82.3562,62.5924,97.6438,-117.408,-1428.0,-654.0,-1400.0,-600.0
-1426.0,-654.0,-97.0368,2.01865e-07,82.1643,64.29,97.8357,-115.71,-1426.0,-654.0,-1400.0,-600.0
-1424.0,-654.0,-96.9181,1.99128e-07,81.974,66.0375,98.026,-113.962,-1424.0,-654.0,-1400.0,-600.0
-1422.0,-654.0,-96.8061,1.96579e-07,81.7863,67.8337,98.2137,-112.166,-1422.0,-654.0,-1400.0,-600.0
-1420.0,-654.0,-96.7015,1.94227e-07,81.6022,69.6769,98.3978,-110.323,-1420.0,-654.0,-1400.0,-600.0
-1418.0,-654.0,-96.6047,1.92078e-07,81.4226,71.5651,98.5774,-108.435,-1418.0,-654.0,-1400.0,-600.0
-1416.0,-654.0,-96.5166,1.90139e-07,81.2486,73.4956,98.7514,-106.504,-1416.0,-654.0,-1400.0,-600.0
-1414.0,-654.0,-96.4375,1.88418e-07,81.0813,75.4655,98.9187,-104.534,-1414.0,-654.0,-1400.0,-600.0
-1412.0,-654.0,-115.335,1.8695e-07,80.9233,78.2289,99.0767,-103.963,-1404.61,-618.561,-1404.61,-618.561
-1410.0,-654.0,-117.043,1.11707e-06,88.4727,9.27668,91.5273,-9.29512,-1239.86,-626.21,-1239.86,-626.21
-1408.0,-654.0,-116.922,1.1105e-06,88.4491,9.33221,91.5509,-9.35064,-1239.86,-626.369,-1239.86,-626.369
-1406.0,-654.0,-116.801,1.10392e-06,88.4252,9.3884,91.5748,-9.40683,-1239.86,-626.53,-1239.86,-626.53
-1404.0,-654.0,-117.76,1.11372e-06,88.4246,-8.91228,91.5754,16.7757,-1364.22,-589.215,-1395.83,-655.281
-1402.0,-654.0,-117.743,1.10714e-06,88.4006,-8.9658,91.5994,16.8292,-1364.36,-589.219,-1394.26,-655.222
-1400.0,-654.0,-115.461,1.09873e-06,88.3737,12.8691,91.6263,16.3921,-1363.24,-589.185,-1239.86,-617.414
-1398.0,-654.0,-115.336,1.09224e-06,88.3492,12.9471,91.6508,16.4701,-1363.44,-589.191,-1239.86,-617.644
-1396.0,-654.0,-115.213,1.08575e-06,88.3245,13.0261,91.6755,16.549,-1363.65,-589.198,-1239.86,-617.877
-1394.0,-654.0,-115.093,1.07925e-06,88.3093,13.106,91.6907,16.6289,-1363.85,-589.204,-1239.86,-618.114
-1392.0,-654.0,-114.975,1.07276e-06,88.2991,13.1868,91.7009,16.7098,-1364.06,-589.21,-1239.86,-618.353
-1390.0,-654.0,-114.858,1.06626e-06,88.2887,13.2687,91.7113,16.7916,-1364.26,-589.217,-1239.86,-618.595
-1388.0,-654.0,-114.744,1.05977e-06,88.2782,13.3515,91.7218,16.8745,-1364.47,-589.223,-1239.86,-618.841
-1386.0,-654.0,-114.632,1.05328e-06,88.2676,13.4354,91.7324,16.9583,-1364.68,-589.229,-1239.86,-619.089
-1384.0,-654.0,-114.522,1.0468e-06,88.2429,13.5203,91.7571,17.0432,-1364.89,-589.236,-1239.86,-619.341
-1382.0,-654.0,-114.413,1.04033e-06,88.2165,13.6062,91.7835,17.1292,-1365.09,-589.242,-1239.86,-619.596
-1380.0,-654.0,-114.306,1.03386e-06,88.1897,13.6933,91.8103,17.2162,-1365.3,-589.248,-1239.86,-619.855
-1378.0,-654.0,-114.201,1.02739e-06,88.1625,13.7814,91.8375,17.3044,-1365.51,-589.255,-1239.86,-620.117
-1376.0,-654.0,-114.098,1.02092e-06,88.1351,13.8707,91.8649,17.3937,-1365.72,-589.261,-1239.86,-620.383
-1374.0,-654.0,-113.997,1.01445e-06,88.1073,13.9611,91.8927,17.4841,-1365.93,-589.267,-1239.86,-620.652
-1372.0,-654.0,-113.897,1.00799e-06,88.0791,14.0527,91.9209,17.5756,-1366.14,-589.274,-1239.86,-620.925
-1370.0,-654.0,-113.799,1.00153e-06,88.0506,14.1454,91.9494,17.6684,-1366.35,-589.28,-1239.86,-621.201
-1368.0,-654.0,-113.703,9.95075e-07,88.0217,14.2394,91.9783,17.7623,-1366.56,-589.287,-1239.86,-621.482
-1366.0,-654.0,-113.609,9.88622e-07,87.9925,14.3346,92.0075,17.8575,-1366.77,-589.293,-1239.86,-621.766
-1364.0,-654.0,-113.516,9.82172e-07,87.9628,14.431,92.0372,17.954,-1366.98,-589.3,-1239.86,-622.055
-1362.0,-654.0,-113.424,9.75724e-07,87.9338,14.5288,92.0662,18.0517,-1367.19,-589.306,-1239.86,-622.347
-1360.0,-654.0,-113.335,9.6927e-07,87.9201,14.6278,92.0799,18.1507,-1367.4,-589.312,-1239.86,-622.644
-1358.0,-654.0,-113.247,9.62818e-07,87.9061,14.7281,92.0939,18.2511,-1367.61,-589.319,-1239.86,-622.945
-1356.0,-654.0,-113.161,9.5637e-07,87.892,14.8299,92.108,18.3528,-1367.82,-589.325,-1239.86,-623.25
-1354.0,-654.0,-113.076,9.49925e-07,87.8777,14.9329,92.1223,18.4559,-1368.03,-589.332,-1239.86,-623.56
-1352.0,-654.0,-112.993,9.43483e-07,87.8632,15.0375,92.1368,18.5604,-1368.25,-589.338,-1239.86,-623.874
-1350.0,-654.0,0.0,0.0,0.0,0.0,0.0,0.0,0.0,0.0,0.0,0.0
-1348.0,-654.0,0.0,0.0,0.0,0.0,0.0,0.0,0.0,0.0,0.0,0.0
-1346.0,-654.0,0.0,0.0,0.0,0.0,0.0,0.0,0.0,0.0,0.0,0.0
-1344.0,-654.0,0.0,0.0,0.0,0.0,0.0,0.0,0.0,0.0,0.0,0.0
-1342.0,-654.0,0.0,0.0,0.0,0.0,0.0,0.0,0.0,0.0,0.0,0.0
-1340.0,-654.0,0.0,0.0,0.0,0.0,0.0,0.0,0.0,0.0,0.0,0.0
-1338.0,-654.0,0.0,0.0,0.0,0.0,0.0,0.0,0.0,0.0,0.0,0.0
-1336.0,-654.0,0.0,0.0,0.0,0.0,0.0,0.0,0.0,0.0,0.0,0.0
-1334.0,-654.0,0.0,0.0,0.0,0.0,0.0,0.0,0.0,0.0,0.0,0.0
-1332.0,-654.0,0.0,0.0,0.0,0.0,0.0,0.0,0.0,0.0,0.0,0.0
-1330.0,-654.0,0.0,0.0,0.0,0.0,0.0,0.0,0.0,0.0,0.0,0.0
-1328.0,-654.0,0.0,0.0,0.0,0.0,0.0,0.0,0.0,0.0,0.0,0.0
-1326.0,-654.0,0.0,0.0,0.0,0.0,0.0,0.0,0.0,0.0,0.0,0.0
-1324.0,-654.0,0.0,0.0,0.0,0.0,0.0,0.0,0.0,0.0,0.0,0.0
-1322.0,-654.0,0.0,0.0,0.0,0.0,0.0,0.0,0.0,0.0,0.0,0.0
-1320.0,-654.0,0.0,0.0,0.0,0.0,0.0,0.0,0.0,0.0,0.0,0.0
-1318.0,-654.0,0.0,0.0,0.0,0.0,0.0,0.0,0.0,0.0,0.0,0.0
-1316.0,-654.0,0.0,0.0,0.0,0.0,0.0,0.0,0.0,0.0,0.0,0.0
-1314.0,-654.0,0.0,0.0,0.0,0.0,0.0,0.0,0.0,0.0,0.0,0.0
-1312.0,-654.0,0.0,0.0,0.0,0.0,0.0,0.0,0.0,0.0,0.0,0.0
-1310.0,-654.0,0.0,0.0,0.0,0.0,0.0,0.0,0.0,0.0,0.0,0.0
-1308.0,-654.0,-111.788,8.02774e-07,87.3929,17.76,92.6071,21.2829,-1373.0,-589.484,-1239.86,-632.176
-1306.0,-654.0,-111.785,7.96428e-07,87.3721,17.9066,92.6279,21.4295,-1373.22,-589.491,-1239.86,-632.63
-1304.0,-654.0,-111.791,7.90087e-07,87.351,18.0555,92.649,21.5785,-1373.44,-589.497,-1239.86,-633.092
-1302.0,-654.0,-111.807,7.83752e-07,87.3295,18.2069,92.6705,21.7298,-1373.67,-589.504,-1239.86,-633.562
-1300.0,-654.0,-111.834,7.77423e-07,87.3078,18.3607,92.6922,21.8837,-1373.89,-589.511,-1239.86,-634.041
-1298.0,-654.0,-111.876,7.71099e-07,87.2857,18.5171,92.7143,22.04,-1374.11,-589.518,-1239.86,-634.528
-1296.0,-654.0,-111.932,7.64781e-07,87.2633,18.6761,92.7367,22.199,-1374.33,-589.524,-1239.86,-635.025
-1294.0,-654.0,-112.008,7.58469e-07,87.2405,18.8377,92.7595,22.3606,-1374.55,-589.531,-1239.86,-635.53
-1292.0,-654.0,-112.104,7.52164e-07,87.2173,19.002,92.7827,22.525,-1374.77,-589.538,-1239.86,-636.046
-1290.0,-654.0,-112.225,7.45865e-07,87.1938,19.1691,92.8062,22.6921,-1375.0,-589.545,-1239.86,-636.571
-1288.0,-654.0,-112.351,7.91748e-07,87.3566,28.0353,92.6434,-26.2183,-1365.65,-616.918,-1239.86,-628.366
-1286.0,-654.0,-112.322,7.8587e-07,87.3368,28.2642,92.6632,-26.4472,-1365.96,-616.932,-1239.86,-629.194
-1284.0,-654.0,-112.335,7.80005e-07,87.3167,28.4966,92.6833,-26.6796,-1366.28,-616.945,-1239.86,-630.038
-1282.0,-654.0,-112.393,7.74153e-07,87.2964,28.7325,92.7036,-26.9155,-1366.6,-616.958,-1239.86,-630.899
-1280.0,-654.0,-112.506,7.68315e-07,87.2759,28.972,92.7241,-27.155,-1366.91,-616.972,-1239.86,-631.777
-1278.0,-654.0,-112.686,7.6249e-07,87.2551,29.2152,92.7449,-27.3982,-1367.23,-616.985,-1239.86,-632.672
-1276.0,-654.0,-112.948,7.56679e-07,87.234,29.4622,92.766,-27.6451,-1367.55,-616.998,-1239.86,-633.586
-1274.0,-654.0,-113.317,7.50882e-07,87.2126,29.7129,92.7874,-27.8959,-1367.86,-617.012,-1239.86,-634.518
-1272.0,-654.0,-113.827,7.45101e-07,87.191,29.9676,92.809,-28.1505,-1368.18,-617.025,-1239.86,-635.47
-1270.0,-654.0,-110.906,6.18574e-07,86.6158,135.012,93.3842,46.6575,-1390.58,-590.022,-1336.08,-587.943
-1268.0,-654.0,-111.237,6.23304e-07,86.6415,135.446,93.3585,46.223,-1390.43,-590.017,-1335.12,-587.918
-1266.0,-654.0,-111.867,6.28069e-07,86.667,135.874,93.333,45.7952,-1390.29,-590.013,-1334.15,-587.893
-1264.0,-654.0,-112.922,6.32868e-07,86.6923,136.295,93.3077,45.3738,-1390.14,-590.008,-1333.19,-587.868
-1262.0,-654.0,-114.632,6.37701e-07,86.7174,136.71,93.2826,44.9589,-1389.99,-590.004,-1332.23,-587.843
-1260.0,-654.0,-117.358,6.42567e-07,86.7423,137.119,93.2577,44.5502,-1389.84,-589.999,-1331.27,-587.817
-1258.0,-654.0,-117.83,6.05843e-07,86.5446,141.965,93.4554,-35.9954,-1376.1,-617.359,-1342.24,-588.104
-1256.0,-654.0,-108.935,6.11108e-07,86.5744,142.434,93.4256,-35.7304,-1375.88,-617.35,-1341.69,-588.09
-1254.0,-654.0,-108.916,6.16402e-07,86.6039,142.813,93.3961,-35.3515,-1375.56,-617.336,-1340.9,-588.069
-1252.0,-654.0,-108.984,6.21713e-07,86.6481,143.185,93.3519,-34.9792,-1375.24,-617.323,-1340.11,-588.048
-1250.0,-654.0,-109.133,6.27043e-07,86.7024,143.551,93.2976,-34.6132,-1374.92,-617.309,-1339.32,-588.028
-1248.0,-654.0,-109.371,6.32399e-07,86.7559,143.911,93.2441,-34.2534,-1374.6,-617.296,-1338.54,-588.007
-1246.0,-654.0,-109.715,6.37779e-07,86.8087,144.265,93.1913,-33.8997,-1374.28,-617.282,-1337.75,-587.987
-1244.0,-654.0,-110.202,6.43184e-07,86.8607,144.613,93.1393,-33.552,-1373.96,-617.269,-1336.96,-587.966
-1242.0,-654.0,-110.893,6.48639e-07,86.8701,144.954,93.1299,-33.2101,-1373.64,-617.255,-1336.18,-587.946
-1240.0,-654.0,-111.882,6.54121e-07,86.8717,145.291,93.1283,-32.8739,-1373.32,-617.242,-1335.39,-587.925
-1238.0,-654.0,0.0,0.0,0.0,0.0,0.0,0.0,0.0,0.0,0.0,0.0
-1236.0,-654.0,0.0,0.0,0.0,0.0,0.0,0.0,0.0,0.0,0.0,0.0
-1234.0,-654.0,0.0,0.0,0.0,0.0,0.0,0.0,0.0,0.0,0.0,0.0
-1232.0,-654.0,0.0,0.0,0.0,0.0,0.0,0.0,0.0,0.0,0.0,0.0
-1230.0,-654.0,0.0,0.0,0.0,0.0,0.0,0.0,0.0,0.0,0.0,0.0
-1228.0,-654.0,0.0,0.0,0.0,0.0,0.0,0.0,0.0,0.0,0.0,0.0
-1226.0,-654.0,0.0,0.0,0.0,0.0,0.0,0.0,0.0,0.0,0.0,0.0
-1224.0,-654.0,0.0,0.0,0.0,0.0,0.0,0.0,0.0,0.0,0.0,0.0
-1222.0,-654.0,0.0,0.0,0.0,0.0,0.0,0.0,0.0,0.0,0.0,0.0
-1220.0,-654.0,0.0,0.0,0.0,0.0,0.0,0.0,0.0,0.0,0.0,0.0
-1218.0,-654.0,0.0,0.0,0.0,0.0,0.0,0.0,0.0,0.0,0.0,0.0
-1216.0,-654.0,0.0,0.0,0.0,0.0,0.0,0.0,0.0,0.0,0.0,0.0
-1214.0,-654.0,0.0,0.0,0.0,0.0,0.0,0.0,0.0,0.0,0.0,0.0
-1212.0,-654.0,0.0,0.0,0.0,0.0,0.0,0.0,0.0,0.0,0.0,0.0
-1210.0,-654.0,0.0,0.0,0.0,0.0,0.0,0.0,0.0,0.0,0.0,0.0
-1208.0,-654.0,0.0,0.0,0.0,0.0,0.0,0.0,0.0,0.0,0.0,0.0
-1206.0,-654.0,0.0,0.0,0.0,0.0,0.0,0.0,0.0,0.0,0.0,0.0
-1204.0,-654.0,0.0,0.0,0.0,0.0,0.0,0.0,0.0,0.0,0.0,0.0
-1202.0,-654.0,-178.072,1.27773e-06,95.0502,100.603,92.2826,-2.76158,-1239.86,-607.725,-1207.6,-624.06
-1600.0,-652.0,-107.732,6.89991e-07,87.9096,14.5742,92.0904,-165.426,-1600.0,-652.0,-1400.0,-600.0
-1598.0,-652.0,-107.65,6.83538e-07,87.8899,14.7151,92.1101,-165.285,-1598.0,-652.0,-1400.0,-600.0
-1596.0,-652.0,-107.568,6.7709e-07,87.8697,14.8586,92.1303,-165.141,-1596.0,-652.0,-1400.0,-600.0
-1594.0,-652.0,-107.485,6.70647e-07,87.8493,15.0049,92.1507,-164.995,-1594.0,-652.0,-1400.0,-600.0
-1592.0,-652.0,-107.401,6.64212e-07,87.8179,15.1541,92.1821,-164.846,-1592.0,-652.0,-1400.0,-600.0
-1590.0,-652.0,-107.316,6.57789e-07,87.7721,15.3061,92.2279,-164.694,-1590.0,-652.0,-1400.0,-600.0
-1588.0,-652.0,-107.23,6.5137e-07,87.7253,15.4612,92.2747,-164.539,-1588.0,-652.0,-1400.0,-600.0
-1586.0,-652.0,-107.144,6.44957e-07,87.6777,15.6194,92.3223,-164.381,-1586.0,-652.0,-1400.0,-600.0
-1584.0,-652.0,-107.057,6.38555e-07,87.6182,15.7808,92.3818,-164.219,-1584.0,-652.0,-1400.0,-600.0
-1582.0,-652.0,-106.97,6.32165e-07,87.5431,15.9454,92.4569,-164.055,-1582.0,-652.0,-1400.0,-600.0
-1580.0,-652.0,-106.881,6.25782e-07,87.4664,16.1134,92.5336,-163.887,-1580.0,-652.0,-1400.0,-600.0
-1578.0,-652.0,-106.792,6.19405e-07,87.3881,16.2849,92.6119,-163.715,-1578.0,-652.0,-1400.0,-600.0
-1576.0,-652.0,-106.702,6.13035e-07,87.3082,16.46,92.6918,-163.54,-1576.0,-652.0,-1400.0,-600.0
-1574.0,-652.0,-106.611,6.06672e-07,87.2267,16.6388,92.7733,-163.361,-1574.0,-652.0,-1400.0,-600.0
-1572.0,-652.0,-106.519,6.00317e-07,87.1435,16.8214,92.8565,-163.179,-1572.0,-652.0,-1400.0,-600.0
-1570.0,-652.0,-106.427,5.93968e-07,87.0585,17.0079,92.9415,-162.992,-1570.0,-652.0,-1400.0,-600.0
-1568.0,-652.0,-106.333,5.87628e-07,86.9718,17.1985,93.0282,-162.801,-1568.0,-652.0,-1400.0,-600.0
-1566.0,-652.0,-106.239,5.81296e-07,86.8832,17.3933,93.1168,-162.607,-1566.0,-652.0,-1400.0,-600.0
-1564.0,-652.0,-106.144,5.74972e-07,86.7926,17.5924,93.2074,-162.408,-1564.0,-652.0,-1400.0,-600.0
-1562.0,-652.0,-106.048,5.68656e-07,86.7001,17.796,93.2999,-162.204,-1562.0,-652.0,-1400.0,-600.0
-1560.0,-652.0,-105.95,5.62321e-07,86.6555,18.0042,93.3445,-161.996,-1560.0,-652.0,-1400.0,-600.0
-1558.0,-652.0,-105.851,5.55972e-07,86.6464,18.2171,93.3536,-161.783,-1558.0,-652.0,-1400.0,-600.0
-1556.0,-652.0,-105.751,5.49631e-07,86.6371,18.4349,93.3629,-161.565,-1556.0,-652.0,-1400.0,-600.0
-1554.0,-652.0,-105.65,5.43299e-07,86.6276,18.6579,93.3724,-161.342,-1554.0,-652.0,-1400.0,-600.0
-1552.0,-652.0,-105.549,5.36985e-07,86.6005,18.8861,93.3995,-161.114,-1552.0,-652.0,-1400.0,-600.0
-1550.0,-652.0,-105.446,5.30686e-07,86.5601,19.1197,93.4399,-160.88,-1550.0,-652.0,-1400.0,-600.0
-1548.0,-652.0,-105.342,5.24397e-07,86.5188,19.359,93.4812,-160.641,-1548.0,-652.0,-1400.0,-600.0
-1546.0,-652.0,-105.237,5.18117e-07,86.4766,19.6041,93.5234,-160.396,-1546.0,-652.0,-1400.0,-600.0
-1544.0,-652.0,-105.131,5.11847e-07,86.4333,19.8552,93.5667,-160.145,-1544.0,-652.0,-1400.0,-600.0
-1542.0,-652.0,-105.024,5.05588e-07,86.3891,20.1126,93.6109,-159.887,-1542.0,-652.0,-1400.0,-600.0
-1540.0,-652.0,-104.916,4.9934e-07,86.3439,20.3764,93.6561,-159.624,-1540.0,-652.0,-1400.0,-600.0
-1538.0,-652.0,-104.806,4.93102e-07,86.2976,20.647,93.7024,-159.353,-1538.0,-652.0,-1400.0,-600.0
-1536.0,-652.0,-104.695,4.86863e-07,86.2745,20.9245,93.7255,-159.075,-1536.0,-652.0,-1400.0,-600.0
-1534.0,-652.0,-104.583,4.8063e-07,86.2598,21.2092,93.7402,-158.791,-1534.0,-652.0,-1400.0,-600.0
-1532.0,-652.0,-104.47,4.7441e-07,86.2447,21.5014,93.7553,-158.499,-1532.0,-652.0,-1400.0,-600.0
-1530.0,-652.0,-104.355,4.68202e-07,86.2294,21.8014,93.7706,-158.199,-1530.0,-652.0,-1400.0,-600.0
-1528.0,-652.0,-104.239,4.62007e-07,86.2138,22.1094,93.7862,-157.891,-1528.0,-652.0,-1400.0,-600.0
-1526.0,-652.0,-104.122,4.55826e-07,86.1979,22.4259,93.8021,-157.574,-1526.0,-652.0,-1400.0,-600.0
-1524.0,-652.0,-104.003,4.4966e-07,86.1816,22.751,93.8184,-157.249,-1524.0,-652.0,-1400.0,-600.0
-1522.0,-652.0,-103.883,4.43508e-07,86.1651,23.0851,93.8349,-156.915,-1522.0,-652.0,-1400.0,-600.0
-1520.0,-652.0,-103.762,4.37355e-07,86.1808,23.4287,93.8192,-156.571,-1520.0,-652.0,-1400.0,-600.0
-1518.0,-652.0,-103.639,4.31216e-07,86.2014,23.782,93.7986,-156.218,-1518.0,-652.0,-1400.0,-600.0
-1516.0,-652.0,-103.514,4.25094e-07,86.2227,24.1455,93.7773,-155.854,-1516.0,-652.0,-1400.0,-600.0
-1514.0,-652.0,-103.389,4.18989e-07,86.2448,24.5196,93.7552,-155.48,-1514.0,-652.0,-1400.0,-600.0
-1512.0,-652.0,-103.262,4.1292e-07,86.233,24.9048,93.767,-155.095,-1512.0,-652.0,-1400.0,-600.0
-1510.0,-652.0,-103.133,4.06871e-07,86.2166,25.3014,93.7834,-154.699,-1510.0,-652.0,-1400.0,-600.0
-1508.0,-652.0,-103.003,4.00843e-07,86.2,25.71,93.8,-154.29,-1508.0,-652.0,-1400.0,-600.0
-1506.0,-652.0,-102.872,3.94835e-07,86.1831,26.131,93.8169,-153.869,-1506.0,-652.0,-1400.0,-600.0
-1504.0,-652.0,-102.739,3.88849e-07,86.1658,26.5651,93.8342,-153.435,-1504.0,-652.0,-1400.0,-600.0
-1502.0,-652.0,-102.604,3.82887e-07,86.1482,27.0127,93.8518,-152.987,-1502.0,-652.0,-1400.0,-600.0
-1500.0,-652.0,-102.468,3.76948e-07,86.1304,27.4744,93.8696,-152.526,-1500.0,-652.0,-1400.0,-600.0
-1498.0,-652.0,-102.331,3.71035e-07,86.1105,27.951,93.8895,-152.049,-1498.0,-652.0,-1400.0,-600.0
-1496.0,-652.0,-102.192,3.65167e-07,86.0479,28.4429,93.9521,-151.557,-1496.0,-652.0,-1400.0,-600.0
-1494.0,-652.0,-102.052,3.59328e-07,85.9835,28.951,94.0165,-151.049,-1494.0,-652.0,-1400.0,-600.0
-1492.0,-652.0,-101.91,3.53517e-07,85.9174,29.4759,94.0826,-150.524,-1492.0,-652.0,-1400.0,-600.0
-1490.0,-652.0,-101.767,3.47738e-07,85.8495,30.0184,94.1505,-149.982,-1490.0,-652.0,-1400.0,-600.0
-1488.0,-652.0,-101.622,3.41992e-07,85.7796,30.5792,94.2204,-149.421,-1488.0,-652.0,-1400.0,-600.0
-1486.0,-652.0,-101.475,3.36279e-07,85.7078,31.1593,94.2922,-148.841,-1486.0,-652.0,-1400.0,-600.0
-1484.0,-652.0,-101.327,3.30603e-07,85.6339,31.7595,94.3661,-148.241,-1484.0,-652.0,-1400.0,-600.0
-1482.0,-652.0,-101.177,3.24964e-07,85.5604,32.3807,94.4396,-147.619,-1482.0,-652.0,-1400.0,-600.0
-1480.0,-652.0,-101.026,3.19343e-07,85.5328,33.0239,94.4672,-146.976,-1480.0,-652.0,-1400.0,-600.0
-1478.0,-652.0,-100.872,3.13764e-07,85.5048,33.6901,94.4952,-146.31,-1478.0,-652.0,-1400.0,-600.0
-1476.0,-652.0,-100.717,3.08228e-07,85.4765,34.3803,94.5235,-145.62,-1476.0,-652.0,-1400.0,-600.0
-1474.0,-652.0,-100.561,3.02739e-07,85.4478,35.0958,94.5522,-144.904,-1474.0,-652.0,-1400.0,-600.0
-1472.0,-652.0,-100.403,2.97299e-07,85.4187,35.8377,94.5813,-144.162,-1472.0,-652.0,-1400.0,-600.0
-1470.0,-652.0,-100.244,2.9191e-07,85.3895,36.6071,94.6105,-143.393,-1470.0,-652.0,-1400.0,-600.0
-1468.0,-652.0,-100.084,2.86575e-07,85.3599,37.4054,94.6401,-142.595,-1468.0,-652.0,-1400.0,-600.0
-1466.0,-652.0,-99.9224,2.81307e-07,85.3077,38.2338,94.6923,-141.766,-1466.0,-652.0,-1400.0,-600.0
-1464.0,-652.0,-99.7611,2.76137e-07,85.161,39.0939,94.839,-140.906,-1464.0,-652.0,-1400.0,-600.0
-1462.0,-652.0,-99.5989,2.71034e-07,85.0099,39.9869,94.9901,-140.013,-1462.0,-652.0,-1400.0,-600.0
-1460.0,-652.0,-99.4358,2.66e-07,84.8543,40.9144,95.1457,-139.086,-1460.0,-652.0,-1400.0,-600.0
-1458.0,-652.0,-99.2722,2.6104e-07,84.6942,41.8779,95.3058,-138.122,-1458.0,-652.0,-1400.0,-600.0
-1456.0,-652.0,-99.108,2.56158e-07,84.5295,42.8789,95.4705,-137.121,-1456.0,-652.0,-1400.0,-600.0
-1454.0,-652.0,-98.9435,2.51359e-07,84.3602,43.9191,95.6398,-136.081,-1454.0,-652.0,-1400.0,-600.0
-1452.0,-652.0,-98.779,2.46648e-07,84.1864,45.0,95.8136,-135.0,-1452.0,-652.0,-1400.0,-600.0
-1450.0,-652.0,-98.6142,2.42019e-07,84.0308,46.1233,95.9692,-133.877,-1450.0,-652.0,-1400.0,-600.0
-1448.0,-652.0,-98.4491,2.37468e-07,83.916,47.2906,96.084,-132.709,-1448.0,-652.0,-1400.0,-600.0
-1446.0,-652.0,-98.2847,2.33019e-07,83.7994,48.5035,96.2006,-131.496,-1446.0,-652.0,-1400.0,-600.0
-1444.0,-652.0,-98.1212,2.28678e-07,83.6812,49.7636,96.3188,-130.236,-1444.0,-652.0,-1400.0,-600.0
-1442.0,-652.0,-97.9594,2.24463e-07,83.5366,51.0725,96.4634,-128.928,-1442.0,-652.0,-1400.0,-600.0
-1440.0,-652.0,-97.8002,2.20391e-07,83.3429,52.4314,96.6571,-127.569,-1440.0,-652.0,-1400.0,-600.0
-1438.0,-652.0,-97.6433,2.16448e-07,83.146,53.8418,96.854,-126.158,-1438.0,-652.0,-1400.0,-600.0
-1436.0,-652.0,-97.489,2.12642e-07,82.9463,55.3048,97.0537,-124.695,-1436.0,-652.0,-1400.0,-600.0
-1434.0,-652.0,-97.338,2.0898e-07,82.7442,56.8215,97.2558,-123.179,-1434.0,-652.0,-1400.0,-600.0
-1432.0,-652.0,-97.1907,2.0547e-07,82.5403,58.3925,97.4597,-121.608,-1432.0,-652.0,-1400.0,-600.0
-1430.0,-652.0,-97.0478,2.0212e-07,82.3354,60.0184,97.6646,-119.982,-1430.0,-652.0,-1400.0,-600.0
-1428.0,-652.0,-96.9098,1.98938e-07,82.1302,61.6992,97.8698,-118.301,-1428.0,-652.0,-1400.0,-600.0
-1426.0,-652.0,-96.7775,1.95932e-07,81.9254,63.4349,98.0746,-116.565,-1426.0,-652.0,-1400.0,-600.0
-1424.0,-652.0,-96.6513,1.9311e-07,81.7222,65.2249,98.2778,-114.775,-1424.0,-652.0,-1400.0,-600.0
-1422.0,-652.0,-96.5322,1.90481e-07,81.5215,67.0679,98.4785,-112.932,-1422.0,-652.0,-1400.0,-600.0
-1420.0,-652.0,-96.4206,1.88052e-07,81.3244,68.9625,98.6756,-111.038,-1420.0,-652.0,-1400.0,-600.0
-1418.0,-652.0,-96.3173,1.85832e-07,81.132,70.9065,98.868,-109.093,-1418.0,-652.0,-1400.0,-600.0
-1416.0,-652.0,-96.2231,1.83828e-07,80.9456,72.8973,99.0544,-107.103,-1416.0,-652.0,-1400.0,-600.0
-1414.0,-652.0,-96.1384,1.82047e-07,80.7665,74.9315,99.2335,-105.068,-1414.0,-652.0,-1400.0,-600.0
-1412.0,-652.0,-111.923,1.80509e-07,80.5965,77.5462,99.4035,-103.963,-1404.61,-618.561,-1404.61,-618.561
-1410.0,-652.0,-117.45,1.11602e-06,88.4712,8.93843,91.5288,-8.95687,-1239.86,-625.24,-1239.86,-625.24
-1408.0,-652.0,-117.325,1.10944e-06,88.4476,8.992,91.5524,-9.01044,-1239.86,-625.393,-1239.86,-625.393
-1406.0,-652.0,-117.201,1.10286e-06,88.4237,9.04621,91.5763,-9.06464,-1239.86,-625.549,-1239.86,-625.549
-1404.0,-652.0,-117.076,1.09628e-06,88.3995,9.10107,91.6005,-9.1195,-1239.86,-625.706,-1239.86,-625.706
-1402.0,-652.0,-116.951,1.0897e-06,88.375,9.15659,91.625,-9.17503,-1239.86,-625.865,-1239.86,-625.865
-1400.0,-652.0,-115.807,1.09727e-06,88.3715,12.5293,91.6285,16.0522,-1362.32,-589.157,-1239.86,-616.412
-1398.0,-652.0,-115.668,1.09076e-06,88.347,12.6054,91.653,16.1283,-1362.53,-589.163,-1239.86,-616.636
-1396.0,-652.0,-115.531,1.08426e-06,88.3222,12.6823,91.6778,16.2053,-1362.74,-589.17,-1239.86,-616.863
-1394.0,-652.0,-115.397,1.07776e-06,88.307,12.7603,91.693,16.2832,-1362.95,-589.176,-1239.86,-617.093
-1392.0,-652.0,-115.266,1.07125e-06,88.2967,12.8391,91.7033,16.3621,-1363.16,-589.183,-1239.86,-617.325
-1390.0,-652.0,-115.137,1.06475e-06,88.2863,12.919,91.7137,16.4419,-1363.37,-589.189,-1239.86,-617.561
-1388.0,-652.0,-115.01,1.05825e-06,88.2758,12.9998,91.7242,16.5227,-1363.58,-589.196,-1239.86,-617.8
-1386.0,-652.0,-114.886,1.05176e-06,88.2548,13.0816,91.7452,16.6046,-1363.79,-589.202,-1239.86,-618.042
-1384.0,-652.0,-114.763,1.04527e-06,88.2285,13.1644,91.7715,16.6874,-1364.0,-589.209,-1239.86,-618.287
-1382.0,-652.0,-114.643,1.03879e-06,88.2019,13.2483,91.7981,16.7713,-1364.21,-589.215,-1239.86,-618.535
-1380.0,-652.0,-114.525,1.0323e-06,88.175,13.3332,91.825,16.8562,-1364.43,-589.222,-1239.86,-618.786
-1378.0,-652.0,-114.409,1.02582e-06,88.1477,13.4192,91.8523,16.9422,-1364.64,-589.228,-1239.86,-619.041
-1376.0,-652.0,-114.295,1.01935e-06,88.1201,13.5063,91.8799,17.0293,-1364.85,-589.235,-1239.86,-619.3
-1374.0,-652.0,-114.183,1.01287e-06,88.0921,13.5946,91.9079,17.1175,-1365.07,-589.241,-1239.86,-619.562
-1372.0,-652.0,-114.074,1.0064e-06,88.0638,13.6839,91.9362,17.2069,-1365.28,-589.248,-1239.86,-619.827
-1370.0,-652.0,-113.966,9.9993e-07,88.0351,13.7744,91.9649,17.2974,-1365.49,-589.254,-1239.86,-620.096
-1368.0,-652.0,-113.86,9.93463e-07,88.0061,13.8661,91.9939,17.3891,-1365.71,-589.261,-1239.86,-620.369
-1366.0,-652.0,-113.756,9.87e-07,87.9766,13.959,92.0234,17.482,-1365.92,-589.267,-1239.86,-620.646
-1364.0,-652.0,-113.653,9.80539e-07,87.9468,14.0531,92.0532,17.5761,-1366.14,-589.274,-1239.86,-620.926
-1362.0,-652.0,-113.553,9.74072e-07,87.9303,14.1485,92.0697,17.6715,-1366.35,-589.28,-1239.86,-621.211
-1360.0,-652.0,-113.455,9.67607e-07,87.9165,14.2452,92.0835,17.7681,-1366.57,-589.287,-1239.86,-621.499
-1358.0,-652.0,-113.358,9.61144e-07,87.9025,14.3431,92.0975,17.8661,-1366.79,-589.294,-1239.86,-621.792
-1356.0,-652.0,-113.263,9.54685e-07,87.8883,14.4424,92.1117,17.9654,-1367.0,-589.3,-1239.86,-622.089
-1354.0,-652.0,-113.169,9.48228e-07,87.8739,14.5431,92.1261,18.066,-1367.22,-589.307,-1239.86,-622.39
-1352.0,-652.0,-113.078,9.41774e-07,87.8593,14.6451,92.1407,18.168,-1367.44,-589.314,-1239.86,-622.696
-1350.0,-652.0,-112.988,9.35324e-07,87.8445,14.7485,92.1555,18.2715,-1367.65,-589.32,-1239.86,-623.006
-1348.0,-652.0,-112.9,9.28876e-07,87.8296,14.8534,92.1704,18.3763,-1367.87,-589.327,-1239.86,-623.321
-1346.0,-652.0,-112.813,9.22443e-07,87.7975,14.9597,92.2025,18.4827,-1368.09,-589.334,-1239.86,-623.64
-1344.0,-652.0,-112.729,9.16013e-07,87.7644,15.0675,92.2356,18.5905,-1368.31,-589.34,-1239.86,-623.964
-1342.0,-652.0,-112.646,9.09586e-07,87.7308,15.1769,92.2692,18.6999,-1368.53,-589.347,-1239.86,-624.294
-1340.0,-652.0,-112.565,9.03164e-07,87.6968,15.2878,92.3032,18.8108,-1368.75,-589.354,-1239.86,-624.628
-1338.0,-652.0,-112.486,8.96723e-07,87.6976,15.4004,92.3024,18.9233,-1368.97,-589.36,-1239.86,-624.967
-1336.0,-652.0,-112.408,8.90284e-07,87.6991,15.5145,92.3009,19.0375,-1369.19,-589.367,-1239.86,-625.312
-1334.0,-652.0,-112.333,8.8385e-07,87.7006,15.6303,92.2994,19.1533,-1369.41,-589.374,-1239.86,-625.662
-1332.0,-652.0,-112.26,8.77419e-07,87.7022,15.7478,92.2978,19.2708,-1369.63,-589.381,-1239.86,-626.018
-1330.0,-652.0,-112.188,8.70992e-07,87.7038,15.8671,92.2962,19.39,-1369.85,-589.387,-1239.86,-626.379
-1328.0,-652.0,-112.119,8.64568e-07,87.7054,15.9881,92.2946,19.511,-1370.07,-589.394,-1239.86,-626.746
-1326.0,-652.0,-112.053,8.58149e-07,87.7071,16.1109,92.2929,19.6338,-1370.29,-589.401,-1239.86,-627.12
-1324.0,-652.0,-111.989,8.51736e-07,87.7041,16.2356,92.2959,19.7585,-1370.51,-589.408,-1239.86,-627.499
-1322.0,-652.0,-111.928,8.45347e-07,87.6677,16.3621,92.3323,19.8851,-1370.73,-589.415,-1239.86,-627.884
-1320.0,-652.0,-111.871,8.38963e-07,87.6307,16.4906,92.3693,20.0136,-1370.96,-589.421,-1239.86,-628.276
-1318.0,-652.0,-111.817,8.32584e-07,87.5931,16.6211,92.4069,20.1441,-1371.18,-589.428,-1239.86,-628.675
-1316.0,-652.0,-111.767,8.26209e-07,87.555,16.7536,92.445,20.2766,-1371.4,-589.435,-1239.86,-629.08
-1314.0,-652.0,-111.721,8.19839e-07,87.5163,16.8882,92.4837,20.4111,-1371.63,-589.442,-1239.86,-629.492
-1312.0,-652.0,-111.679,8.13474e-07,87.477,17.0248,92.523,20.5478,-1371.85,-589.449,-1239.86,-629.911
-1310.0,-652.0,-111.642,8.07114e-07,87.437,17.1637,92.563,20.6866,-1372.08,-589.456,-1239.86,-630.337
-1308.0,-652.0,-111.611,8.00756e-07,87.4017,17.3047,92.5983,20.8277,-1372.3,-589.462,-1239.86,-630.771
-1306.0,-652.0,-111.584,7.94394e-07,87.3809,17.4481,92.6191,20.971,-1372.53,-589.469,-1239.86,-631.213
-1304.0,-652.0,-111.565,7.88037e-07,87.3598,17.5937,92.6402,21.1167,-1372.75,-589.476,-1239.86,-631.662
-1302.0,-652.0,-111.552,7.81685e-07,87.3383,17.7417,92.6617,21.2647,-1372.98,-589.483,-1239.86,-632.119
-1300.0,-652.0,-111.548,7.75339e-07,87.3165,17.8922,92.6835,21.4151,-1373.2,-589.49,-1239.86,-632.585
-1298.0,-652.0,-111.553,7.68998e-07,87.2944,18.0451,92.7056,21.568,-1373.43,-589.497,-1239.86,-633.059
-1296.0,-652.0,-111.57,7.62662e-07,87.2719,18.2006,92.7281,21.7235,-1373.66,-589.504,-1239.86,-633.542
-1294.0,-652.0,-111.598,7.56333e-07,87.249,18.3587,92.751,21.8816,-1373.88,-589.511,-1239.86,-634.034
-1292.0,-652.0,-111.642,7.50009e-07,87.2258,18.5194,92.7742,22.0424,-1374.11,-589.518,-1239.86,-634.535
-1290.0,-652.0,-111.701,7.43692e-07,87.2022,18.6829,92.7978,22.2059,-1374.34,-589.525,-1239.86,-635.046
-1288.0,-652.0,-111.781,7.37381e-07,87.1783,18.8492,92.8217,22.3722,-1374.57,-589.532,-1239.86,-635.567
-1286.0,-652.0,-111.883,7.31076e-07,87.1539,19.0184,92.8461,22.5413,-1374.8,-589.539,-1239.86,-636.097
-1284.0,-652.0,-112.012,7.24778e-07,87.1292,19.1905,92.8708,22.7135,-1375.02,-589.546,-1239.86,-636.638
-1282.0,-652.0,-112.165,7.70961e-07,87.3013,28.2972,92.6987,-26.4801,-1366.01,-616.934,-1239.86,-629.313
-1280.0,-652.0,-112.184,7.65098e-07,87.2806,28.5343,92.7194,-26.7173,-1366.33,-616.947,-1239.86,-630.175
-1278.0,-652.0,-112.253,7.59248e-07,87.2596,28.7752,92.7404,-26.9581,-1366.65,-616.961,-1239.86,-631.055
-1276.0,-652.0,-112.38,7.53412e-07,87.2384,29.0198,92.7616,-27.2027,-1366.98,-616.974,-1239.86,-631.952
-1274.0,-652.0,-112.58,7.47591e-07,87.2169,29.2682,92.7831,-27.4511,-1367.3,-616.988,-1239.86,-632.868
-1272.0,-652.0,-110.774,6.09141e-07,86.5836,135.012,93.4164,46.6573,-1390.58,-590.022,-1336.08,-587.943
-1270.0,-652.0,-111.112,6.1387e-07,86.61,135.453,93.39,46.2162,-1390.43,-590.017,-1335.1,-587.918
-1268.0,-652.0,-111.763,6.18636e-07,86.6361,135.887,93.3639,45.7818,-1390.28,-590.013,-1334.12,-587.892
-1266.0,-652.0,-112.857,6.23436e-07,86.6621,136.315,93.3379,45.3542,-1390.13,-590.008,-1333.15,-587.866
-1264.0,-652.0,-114.643,6.28271e-07,86.6878,136.736,93.3122,44.9332,-1389.98,-590.003,-1332.17,-587.841
-1262.0,-652.0,-117.15,7.12974e-07,87.0816,30.8436,92.9184,-29.0265,-1369.24,-617.07,-1239.86,-638.781
-1260.0,-652.0,-115.053,5.96481e-07,86.511,142.154,93.489,-35.9954,-1376.1,-617.359,-1342.24,-588.104
-1258.0,-652.0,-108.761,6.01755e-07,86.5417,142.551,93.4583,-35.6139,-1375.78,-617.346,-1341.45,-588.083
-1256.0,-652.0,-108.772,6.07057e-07,86.5719,142.934,93.4281,-35.2302,-1375.46,-617.332,-1340.65,-588.062
-1254.0,-652.0,-108.87,6.12386e-07,86.6018,143.311,93.3982,-34.8532,-1375.13,-617.318,-1339.84,-588.041
-1252.0,-652.0,-109.053,6.17731e-07,86.6465,143.682,93.3535,-34.4828,-1374.81,-617.304,-1339.04,-588.02
-1250.0,-652.0,-109.333,6.23096e-07,86.7014,144.046,93.2986,-34.1187,-1374.48,-617.291,-1338.24,-587.999
-1248.0,-652.0,-109.736,6.28485e-07,86.7554,144.404,93.2446,-33.7609,-1374.15,-617.277,-1337.44,-587.978
-1246.0,-652.0,-110.307,6.33899e-07,86.8086,144.755,93.1914,-33.4093,-1373.83,-617.263,-1336.64,-587.958
-1244.0,-652.0,-111.125,6.39356e-07,86.8306,145.101,93.1694,-33.0637,-1373.5,-617.249,-1335.84,-587.937
-1242.0,-652.0,-112.31,6.44847e-07,86.8325,145.441,93.1675,-32.7239,-1373.18,-617.236,-1335.04,-587.916
-1240.0,-652.0,-112.137,6.88667e-07,87.0108,141.313,92.9892,40.3558,-1388.17,-589.948,-1320.5,-587.536
-1238.0,-652.0,0.0,0.0,0.0,0.0,0.0,0.0,0.0,0.0,0.0,0.0
-1236.0,-652.0,0.0,0.0,0.0,0.0,0.0,0.0,0.0,0.0,0.0,0.0
-1234.0,-652.0,0.0,0.0,0.0,0.0,0.0,0.0,0.0,0.0,0.0,0.0
-1232.0,-652.0,0.0,0.0,0.0,0.0,0.0,0.0,0.0,0.0,0.0,0.0
-1230.0,-652.0,0.0,0.0,0.0,0.0,0.0,0.0,0.0,0.0,0.0,0.0
-1228.0,-652.0,0.0,0.0,0.0,0.0,0.0,0.0,0.0,0.0,0.0,0.0
-1226.0,-652.0,0.0,0.0,0.0,0.0,0.0,0.0,0.0,0.0,0.0,0.0
-1224.0,-652.0,0.0,0.0,0.0,0.0,0.0,0.0,0.0,0.0,0.0,0.0
-1222.0,-652.0,0.0,0.0,0.0,0.0,0.0,0.0,0.0,0.0,0.0,0.0
-1220.0,-652.0,0.0,0.0,0.0,0.0,0.0,0.0,0.0,0.0,0.0,0.0
-1218.0,-652.0,0.0,0.0,0.0,0.0,0.0,0.0,0.0,0.0,0.0,0.0
-1216.0,-652.0,0.0,0.0,0.0,0.0,0.0,0.0,0.0,0.0,0.0,0.0
-1214.0,-652.0,0.0,0.0,0.0,0.0,0.0,0.0,0.0,0.0,0.0,0.0
-1212.0,-652.0,0.0,0.0,0.0,0.0,0.0,0.0,0.0,0.0,0.0,0.0
-1210.0,-652.0,0.0,0.0,0.0,0.0,0.0,0.0,0.0,0.0,0.0,0.0
-1208.0,-652.0,0.0,0.0,0.0,0.0,0.0,0.0,0.0,0.0,0.0,0.0
-1206.0,-652.0,0.0,0.0,0.0,0.0,0.0,0.0,0.0,0.0,0.0,0.0
-1204.0,-652.0,0.0,0.0,0.0,0.0,0.0,0.0,0.0,0.0,0.0,0.0
-1202.0,-652.0,-177.86,1.27114e-06,95.0434,100.699,92.2848,-2.76158,-1239.86,-607.725,-1207.29,-624.027
-1600.0,-650.0,-107.712,6.88343e-07,87.9046,14.0362,92.0954,-165.964,-1600.0,-650.0,-1400.0,-600.0
-1598.0,-650.0,-107.629,6.81875e-07,87.8847,14.1723,92.1153,-165.828,-1598.0,-650.0,-1400.0,-600.0
-1596.0,-650.0,-107.546,6.75411e-07,87.8644,14.311,92.1356,-165.689,-1596.0,-650.0,-1400.0,-600.0
-1594.0,-650.0,-107.463,6.68951e-07,87.8438,14.4524,92.1562,-165.548,-1594.0,-650.0,-1400.0,-600.0
-1592.0,-650.0,-107.378,6.62496e-07,87.8228,14.5966,92.1772,-165.403,-1592.0,-650.0,-1400.0,-600.0
-1590.0,-650.0,-107.293,6.56052e-07,87.785,14.7436,92.215,-165.256,-1590.0,-650.0,-1400.0,-600.0
-1588.0,-650.0,-107.207,6.49616e-07,87.7382,14.8935,92.2618,-165.107,-1588.0,-650.0,-1400.0,-600.0
-1586.0,-650.0,-107.12,6.43185e-07,87.6905,15.0464,92.3095,-164.954,-1586.0,-650.0,-1400.0,-600.0
-1584.0,-650.0,-107.033,6.36765e-07,87.631,15.2024,92.369,-164.798,-1584.0,-650.0,-1400.0,-600.0
-1582.0,-650.0,-106.945,6.30357e-07,87.5556,15.3616,92.4444,-164.638,-1582.0,-650.0,-1400.0,-600.0
-1580.0,-650.0,-106.856,6.23955e-07,87.4788,15.5241,92.5212,-164.476,-1580.0,-650.0,-1400.0,-600.0
-1578.0,-650.0,-106.766,6.17559e-07,87.4003,15.69,92.5997,-164.31,-1578.0,-650.0,-1400.0,-600.0
-1576.0,-650.0,-106.676,6.1117e-07,87.3203,15.8594,92.6797,-164.141,-1576.0,-650.0,-1400.0,-600.0
-1574.0,-650.0,-106.584,6.04787e-07,87.2385,16.0323,92.7615,-163.968,-1574.0,-650.0,-1400.0,-600.0
-1572.0,-650.0,-106.492,5.98411e-07,87.1551,16.209,92.8449,-163.791,-1572.0,-650.0,-1400.0,-600.0
-1570.0,-650.0,-106.399,5.92042e-07,87.0699,16.3895,92.9301,-163.61,-1570.0,-650.0,-1400.0,-600.0
-1568.0,-650.0,-106.304,5.85681e-07,86.9829,16.574,93.0171,-163.426,-1568.0,-650.0,-1400.0,-600.0
-1566.0,-650.0,-106.209,5.79327e-07,86.8939,16.7626,93.1061,-163.237,-1566.0,-650.0,-1400.0,-600.0
-1564.0,-650.0,-106.114,5.72981e-07,86.8031,16.9553,93.1969,-163.045,-1564.0,-650.0,-1400.0,-600.0
-1562.0,-650.0,-106.017,5.66643e-07,86.7102,17.1524,93.2898,-162.848,-1562.0,-650.0,-1400.0,-600.0
-1560.0,-650.0,-105.918,5.60285e-07,86.6655,17.354,93.3345,-162.646,-1560.0,-650.0,-1400.0,-600.0
-1558.0,-650.0,-105.819,5.53913e-07,86.6563,17.5603,93.3437,-162.44,-1558.0,-650.0,-1400.0,-600.0
-1556.0,-650.0,-105.718,5.47549e-07,86.6469,17.7713,93.3531,-162.229,-1556.0,-650.0,-1400.0,-600.0
-1554.0,-650.0,-105.617,5.41198e-07,86.627,17.9873,93.373,-162.013,-1554.0,-650.0,-1400.0,-600.0
-1552.0,-650.0,-105.514,5.34866e-07,86.587,18.2085,93.413,-161.792,-1552.0,-650.0,-1400.0,-600.0
-1550.0,-650.0,-105.411,5.28542e-07,86.5461,18.4349,93.4539,-161.565,-1550.0,-650.0,-1400.0,-600.0
-1548.0,-650.0,-105.306,5.22227e-07,86.5043,18.6669,93.4957,-161.333,-1548.0,-650.0,-1400.0,-600.0
-1546.0,-650.0,-105.2,5.15921e-07,86.4615,18.9046,93.5385,-161.095,-1546.0,-650.0,-1400.0,-600.0
-1544.0,-650.0,-105.093,5.09624e-07,86.4178,19.1481,93.5822,-160.852,-1544.0,-650.0,-1400.0,-600.0
-1542.0,-650.0,-104.985,5.03337e-07,86.373,19.3978,93.627,-160.602,-1542.0,-650.0,-1400.0,-600.0
-1540.0,-650.0,-104.876,4.9706e-07,86.3271,19.6538,93.6729,-160.346,-1540.0,-650.0,-1400.0,-600.0
-1538.0,-650.0,-104.765,4.90794e-07,86.2801,19.9164,93.7199,-160.084,-1538.0,-650.0,-1400.0,-600.0
-1536.0,-650.0,-104.653,4.84524e-07,86.2565,20.1858,93.7435,-159.814,-1536.0,-650.0,-1400.0,-600.0
-1534.0,-650.0,-104.54,4.78261e-07,86.2412,20.4623,93.7588,-159.538,-1534.0,-650.0,-1400.0,-600.0
-1532.0,-650.0,-104.426,4.7201e-07,86.2256,20.7461,93.7744,-159.254,-1532.0,-650.0,-1400.0,-600.0
-1530.0,-650.0,-104.31,4.6577e-07,86.2097,21.0375,93.7903,-158.962,-1530.0,-650.0,-1400.0,-600.0
-1528.0,-650.0,-104.193,4.59543e-07,86.1935,21.3369,93.8065,-158.663,-1528.0,-650.0,-1400.0,-600.0
-1526.0,-650.0,-104.074,4.53328e-07,86.1769,21.6444,93.8231,-158.356,-1526.0,-650.0,-1400.0,-600.0
-1524.0,-650.0,-103.954,4.47127e-07,86.16,21.9606,93.84,-158.039,-1524.0,-650.0,-1400.0,-600.0
-1522.0,-650.0,-103.833,4.4094e-07,86.1427,22.2856,93.8573,-157.714,-1522.0,-650.0,-1400.0,-600.0
-1520.0,-650.0,-103.71,4.34765e-07,86.1295,22.6199,93.8705,-157.38,-1520.0,-650.0,-1400.0,-600.0
-1518.0,-650.0,-103.586,4.28589e-07,86.1491,22.9638,93.8509,-157.036,-1518.0,-650.0,-1400.0,-600.0
-1516.0,-650.0,-103.46,4.22428e-07,86.1695,23.3177,93.8305,-156.682,-1516.0,-650.0,-1400.0,-600.0
-1514.0,-650.0,-103.332,4.16284e-07,86.1905,23.6821,93.8095,-156.318,-1514.0,-650.0,-1400.0,-600.0
-1512.0,-650.0,-103.203,4.10174e-07,86.1775,24.0573,93.8225,-155.943,-1512.0,-650.0,-1400.0,-600.0
-1510.0,-650.0,-103.073,4.04085e-07,86.1598,24.444,93.8402,-155.556,-1510.0,-650.0,-1400.0,-600.0
-1508.0,-650.0,-102.942,3.98014e-07,86.1418,24.8424,93.8582,-155.158,-1508.0,-650.0,-1400.0,-600.0
-1506.0,-650.0,-102.808,3.91963e-07,86.1234,25.2532,93.8766,-154.747,-1506.0,-650.0,-1400.0,-600.0
-1504.0,-650.0,-102.673,3.85932e-07,86.1047,25.6768,93.8953,-154.323,-1504.0,-650.0,-1400.0,-600.0
-1502.0,-650.0,-102.537,3.79924e-07,86.0855,26.1139,93.9145,-153.886,-1502.0,-650.0,-1400.0,-600.0
-1500.0,-650.0,-102.399,3.73938e-07,86.066,26.5651,93.934,-153.435,-1500.0,-650.0,-1400.0,-600.0
-1498.0,-650.0,-102.259,3.67976e-07,86.0461,27.0309,93.9539,-152.969,-1498.0,-650.0,-1400.0,-600.0
-1496.0,-650.0,-102.117,3.62044e-07,86.0137,27.512,93.9863,-152.488,-1496.0,-650.0,-1400.0,-600.0
-1494.0,-650.0,-101.975,3.56153e-07,85.9477,28.0092,94.0523,-151.991,-1494.0,-650.0,-1400.0,-600.0
-1492.0,-650.0,-101.83,3.5029e-07,85.8797,28.5231,94.1203,-151.477,-1492.0,-650.0,-1400.0,-600.0
-1490.0,-650.0,-101.684,3.44457e-07,85.8098,29.0546,94.1902,-150.945,-1490.0,-650.0,-1400.0,-600.0
-1488.0,-650.0,-101.536,3.38655e-07,85.7379,29.6045,94.2621,-150.396,-1488.0,-650.0,-1400.0,-600.0
-1486.0,-650.0,-101.387,3.32885e-07,85.6639,30.1735,94.3361,-149.826,-1486.0,-650.0,-1400.0,-600.0
-1484.0,-650.0,-101.236,3.2715e-07,85.5877,30.7627,94.4123,-149.237,-1484.0,-650.0,-1400.0,-600.0
-1482.0,-650.0,-101.082,3.21433e-07,85.5501,31.373,94.4499,-148.627,-1482.0,-650.0,-1400.0,-600.0
-1480.0,-650.0,-100.927,3.1575e-07,85.5212,32.0054,94.4788,-147.995,-1480.0,-650.0,-1400.0,-600.0
-1478.0,-650.0,-100.77,3.10106e-07,85.4917,32.6609,94.5083,-147.339,-1478.0,-650.0,-1400.0,-600.0
-1476.0,-650.0,-100.612,3.04505e-07,85.4618,33.3407,94.5382,-146.659,-1476.0,-650.0,-1400.0,-600.0
-1474.0,-650.0,-100.451,2.98947e-07,85.4314,34.0459,94.5686,-145.954,-1474.0,-650.0,-1400.0,-600.0
-1472.0,-650.0,-100.29,2.93437e-07,85.4006,34.7778,94.5994,-145.222,-1472.0,-650.0,-1400.0,-600.0
-1470.0,-650.0,-100.126,2.87975e-07,85.3694,35.5377,94.6306,-144.462,-1470.0,-650.0,-1400.0,-600.0
-1468.0,-650.0,-99.9613,2.82567e-07,85.3379,36.3268,94.6621,-143.673,-1468.0,-650.0,-1400.0,-600.0
-1466.0,-650.0,-99.7952,2.77223e-07,85.2832,37.1467,94.7168,-142.853,-1466.0,-650.0,-1400.0,-600.0
-1464.0,-650.0,-99.629,2.71975e-07,85.1324,37.9987,94.8676,-142.001,-1464.0,-650.0,-1400.0,-600.0
-1462.0,-650.0,-99.4617,2.66792e-07,84.9769,38.8845,95.0231,-141.116,-1462.0,-650.0,-1400.0,-600.0
-1460.0,-650.0,-99.2933,2.61676e-07,84.8165,39.8056,95.1835,-140.194,-1460.0,-650.0,-1400.0,-600.0
-1458.0,-650.0,-99.1241,2.56633e-07,84.6512,40.7636,95.3488,-139.236,-1458.0,-650.0,-1400.0,-600.0
-1456.0,-650.0,-98.9541,2.51665e-07,84.4809,41.7603,95.5191,-138.24,-1456.0,-650.0,-1400.0,-600.0
-1454.0,-650.0,-98.7836,2.46779e-07,84.3055,42.7974,95.6945,-137.203,-1454.0,-650.0,-1400.0,-600.0
-1452.0,-650.0,-98.6127,2.41978e-07,84.1251,43.8767,95.8749,-136.123,-1452.0,-650.0,-1400.0,-600.0
-1450.0,-650.0,-98.4418,2.37268e-07,83.9397,45.0,96.0603,-135.0,-1450.0,-650.0,-1400.0,-600.0
-1448.0,-650.0,-98.2704,2.32637e-07,83.7892,46.1691,96.2108,-133.831,-1448.0,-650.0,-1400.0,-600.0
-1446.0,-650.0,-98.0989,2.28093e-07,83.6649,47.3859,96.3351,-132.614,-1446.0,-650.0,-1400.0,-600.0
-1444.0,-650.0,-97.9281,2.23657e-07,83.5388,48.6522,96.4612,-131.348,-1444.0,-650.0,-1400.0,-600.0
-1442.0,-650.0,-97.7589,2.19346e-07,83.3851,49.9697,96.6149,-130.03,-1442.0,-650.0,-1400.0,-600.0
-1440.0,-650.0,-97.592,2.15177e-07,83.1809,51.3402,96.8191,-128.66,-1440.0,-650.0,-1400.0,-600.0
-1438.0,-650.0,-97.4272,2.11136e-07,82.9727,52.7652,97.0273,-127.235,-1438.0,-650.0,-1400.0,-600.0
-1436.0,-650.0,-97.265,2.07233e-07,82.7612,54.2461,97.2388,-125.754,-1436.0,-650.0,-1400.0,-600.0
-1434.0,-650.0,-97.1058,2.03473e-07,82.5467,55.7843,97.4533,-124.216,-1434.0,-650.0,-1400.0,-600.0
-1432.0,-650.0,-96.9503,1.99867e-07,82.33,57.3808,97.67,-122.619,-1432.0,-650.0,-1400.0,-600.0
-1430.0,-650.0,-96.7991,1.96421e-07,82.1116,59.0362,97.8884,-120.964,-1430.0,-650.0,-1400.0,-600.0
-1428.0,-650.0,-96.6529,1.93145e-07,81.8926,60.7512,98.1074,-119.249,-1428.0,-650.0,-1400.0,-600.0
-1426.0,-650.0,-96.5124,1.90047e-07,81.6737,62.5256,98.3263,-117.474,-1426.0,-650.0,-1400.0,-600.0
-1424.0,-650.0,-96.3782,1.87137e-07,81.4561,64.359,98.5439,-115.641,-1424.0,-650.0,-1400.0,-600.0
-1422.0,-650.0,-96.2512,1.84423e-07,81.2408,66.2505,98.7592,-113.749,-1422.0,-650.0,-1400.0,-600.0
-1420.0,-650.0,-96.1321,1.81913e-07,81.0292,68.1986,98.9708,-111.801,-1420.0,-650.0,-1400.0,-600.0
-1418.0,-650.0,-96.0216,1.79617e-07,80.8226,70.2011,99.1774,-109.799,-1418.0,-650.0,-1400.0,-600.0
-1416.0,-650.0,-95.9207,1.77543e-07,80.6223,72.2553,99.3777,-107.745,-1416.0,-650.0,-1400.0,-600.0
-1414.0,-650.0,-95.8299,1.75698e-07,80.4298,74.3578,99.5702,-105.642,-1414.0,-650.0,-1400.0,-600.0
-1412.0,-650.0,-107.136,1.74093e-07,80.2467,76.781,99.7533,-103.963,-1404.61,-618.561,-1404.61,-618.561
-1410.0,-650.0,-117.887,1.115e-06,88.4698,8.59955,91.5302,-8.61799,-1239.86,-624.27,-1239.86,-624.27
-1408.0,-650.0,-117.76,1.10841e-06,88.4462,8.65115,91.5538,-8.66959,-1239.86,-624.418,-1239.86,-624.418
-1406.0,-650.0,-117.633,1.10183e-06,88.4222,8.70337,91.5778,-8.7218,-1239.86,-624.567,-1239.86,-624.567
-1404.0,-650.0,-117.505,1.09524e-06,88.398,8.75622,91.602,-8.77465,-1239.86,-624.718,-1239.86,-624.718
-1402.0,-650.0,-117.377,1.08866e-06,88.3735,8.8097,91.6265,-8.82814,-1239.86,-624.871,-1239.86,-624.871
-1400.0,-650.0,-117.248,1.08207e-06,88.3487,8.86385,91.6513,-8.88228,-1239.86,-625.026,-1239.86,-625.026
-1398.0,-650.0,-117.119,1.07549e-06,88.3235,8.91865,91.6765,-8.93709,-1239.86,-625.183,-1239.86,-625.183
-1396.0,-650.0,-116.99,1.06891e-06,88.2981,8.97413,91.7019,-8.99257,-1239.86,-625.342,-1239.86,-625.342
-1394.0,-650.0,-115.775,1.07631e-06,88.3047,12.4136,91.6953,15.9366,-1361.99,-589.147,-1239.86,-616.072
-1392.0,-650.0,-115.628,1.06979e-06,88.2944,12.4905,91.7056,16.0135,-1362.21,-589.154,-1239.86,-616.298
-1390.0,-650.0,-115.484,1.06328e-06,88.2839,12.5683,91.7161,16.0913,-1362.42,-589.16,-1239.86,-616.527
-1388.0,-650.0,-115.342,1.05677e-06,88.2667,12.6471,91.7333,16.17,-1362.64,-589.167,-1239.86,-616.759
-1386.0,-650.0,-115.203,1.05028e-06,88.2406,12.7268,91.7594,16.2498,-1362.86,-589.173,-1239.86,-616.994
-1384.0,-650.0,-115.066,1.04378e-06,88.2141,12.8076,91.7859,16.3305,-1363.07,-589.18,-1239.86,-617.232
-1382.0,-650.0,-114.932,1.03729e-06,88.1874,12.8893,91.8126,16.4123,-1363.29,-589.187,-1239.86,-617.473
-1380.0,-650.0,-114.801,1.03079e-06,88.1603,12.9721,91.8397,16.4951,-1363.51,-589.193,-1239.86,-617.718
-1378.0,-650.0,-114.672,1.0243e-06,88.1329,13.056,91.8671,16.5789,-1363.72,-589.2,-1239.86,-617.966
-1376.0,-650.0,-114.545,1.01782e-06,88.1051,13.1409,91.8949,16.6638,-1363.94,-589.207,-1239.86,-618.217
-1374.0,-650.0,-114.421,1.01133e-06,88.077,13.2269,91.923,16.7498,-1364.16,-589.213,-1239.86,-618.471
-1372.0,-650.0,-114.299,1.00485e-06,88.0485,13.314,91.9515,16.8369,-1364.38,-589.22,-1239.86,-618.729
-1370.0,-650.0,-114.18,9.98371e-07,88.0196,13.4022,91.9804,16.9252,-1364.6,-589.227,-1239.86,-618.991
-1368.0,-650.0,-114.062,9.91894e-07,87.9904,13.4916,92.0096,17.0146,-1364.82,-589.233,-1239.86,-619.256
-1366.0,-650.0,-113.947,9.8542e-07,87.9608,13.5822,92.0392,17.1052,-1365.04,-589.24,-1239.86,-619.525
-1364.0,-650.0,-113.834,9.78942e-07,87.9406,13.674,92.0594,17.197,-1365.26,-589.247,-1239.86,-619.798
-1362.0,-650.0,-113.724,9.72464e-07,87.9269,13.767,92.0731,17.29,-1365.48,-589.254,-1239.86,-620.074
-1360.0,-650.0,-113.615,9.65987e-07,87.913,13.8613,92.087,17.3842,-1365.7,-589.26,-1239.86,-620.355
-1358.0,-650.0,-113.508,9.59514e-07,87.8989,13.9568,92.1011,17.4798,-1365.92,-589.267,-1239.86,-620.639
-1356.0,-650.0,-113.404,9.53043e-07,87.8846,14.0536,92.1154,17.5766,-1366.14,-589.274,-1239.86,-620.928
-1354.0,-650.0,-113.301,9.46576e-07,87.8702,14.1518,92.1298,17.6747,-1366.36,-589.281,-1239.86,-621.22
-1352.0,-650.0,-113.199,9.40111e-07,87.8555,14.2513,92.1445,17.7742,-1366.58,-589.288,-1239.86,-621.517
-1350.0,-650.0,-113.1,9.33648e-07,87.8407,14.3522,92.1593,17.8751,-1366.81,-589.294,-1239.86,-621.819
-1348.0,-650.0,-113.003,9.27189e-07,87.8256,14.4545,92.1744,17.9774,-1367.03,-589.301,-1239.86,-622.125
-1346.0,-650.0,-112.907,9.20744e-07,87.7934,14.5582,92.2066,18.0812,-1367.25,-589.308,-1239.86,-622.435
-1344.0,-650.0,-112.813,9.14302e-07,87.7602,14.6634,92.2398,18.1864,-1367.47,-589.315,-1239.86,-622.751
-1342.0,-650.0,-112.721,9.07864e-07,87.7265,14.7701,92.2735,18.2931,-1367.7,-589.322,-1239.86,-623.071
-1340.0,-650.0,-112.631,9.01412e-07,87.7192,14.8783,92.2808,18.4013,-1367.92,-589.328,-1239.86,-623.395
-1338.0,-650.0,-112.542,8.94958e-07,87.7207,14.9881,92.2793,18.5111,-1368.15,-589.335,-1239.86,-623.725
-1336.0,-650.0,-112.456,8.88507e-07,87.7224,15.0995,92.2776,18.6225,-1368.37,-589.342,-1239.86,-624.06
-1334.0,-650.0,-112.371,8.82059e-07,87.724,15.2125,92.276,18.7355,-1368.6,-589.349,-1239.86,-624.401
-1332.0,-650.0,-112.288,8.75615e-07,87.7257,15.3272,92.2743,18.8501,-1368.82,-589.356,-1239.86,-624.747
-1330.0,-650.0,-112.208,8.69175e-07,87.7275,15.4436,92.2725,18.9665,-1369.05,-589.363,-1239.86,-625.098
-1328.0,-650.0,-112.129,8.62738e-07,87.7292,15.5617,92.2708,19.0846,-1369.28,-589.37,-1239.86,-625.455
-1326.0,-650.0,-112.052,8.56305e-07,87.731,15.6816,92.269,19.2045,-1369.5,-589.377,-1239.86,-625.817
-1324.0,-650.0,-111.978,8.49879e-07,87.7282,15.8033,92.2718,19.3262,-1369.73,-589.384,-1239.86,-626.186
-1322.0,-650.0,-111.906,8.43476e-07,87.6918,15.9268,92.3082,19.4498,-1369.96,-589.391,-1239.86,-626.561
-1320.0,-650.0,-111.837,8.37077e-07,87.6549,16.0523,92.3451,19.5752,-1370.18,-589.398,-1239.86,-626.941
-1318.0,-650.0,-111.771,8.30683e-07,87.6174,16.1797,92.3826,19.7026,-1370.41,-589.405,-1239.86,-627.329
-1316.0,-650.0,-111.708,8.24294e-07,87.5793,16.309,92.4207,19.832,-1370.64,-589.412,-1239.86,-627.722
-1314.0,-650.0,-111.648,8.17909e-07,87.5407,16.4404,92.4593,19.9634,-1370.87,-589.419,-1239.86,-628.123
-1312.0,-650.0,-111.591,8.11528e-07,87.5014,16.5739,92.4986,20.0969,-1371.1,-589.426,-1239.86,-628.53
-1310.0,-650.0,-111.539,8.05153e-07,87.4616,16.7095,92.5384,20.2324,-1371.33,-589.433,-1239.86,-628.945
-1308.0,-650.0,-111.49,7.98783e-07,87.4211,16.8473,92.5789,20.3702,-1371.56,-589.44,-1239.86,-629.366
-1306.0,-650.0,-111.446,7.92411e-07,87.39,16.9873,92.61,20.5102,-1371.79,-589.447,-1239.86,-629.796
-1304.0,-650.0,-111.406,7.86038e-07,87.3688,17.1295,92.6312,20.6525,-1372.02,-589.454,-1239.86,-630.232
-1302.0,-650.0,-111.372,7.7967e-07,87.3473,17.2741,92.6527,20.7971,-1372.25,-589.461,-1239.86,-630.677
-1300.0,-650.0,-111.344,7.73307e-07,87.3255,17.4211,92.6745,20.9441,-1372.48,-589.468,-1239.86,-631.129
-1298.0,-650.0,-111.323,7.66949e-07,87.3033,17.5705,92.6967,21.0935,-1372.71,-589.475,-1239.86,-631.59
-1296.0,-650.0,-111.309,7.60596e-07,87.2807,17.7225,92.7193,21.2454,-1372.95,-589.482,-1239.86,-632.06
-1294.0,-650.0,-111.305,7.5425e-07,87.2578,17.877,92.7422,21.3999,-1373.18,-589.489,-1239.86,-632.538
-1292.0,-650.0,-111.31,7.47909e-07,87.2346,18.0341,92.7654,21.557,-1373.41,-589.496,-1239.86,-633.025
-1290.0,-650.0,-111.326,7.41573e-07,87.2109,18.1939,92.7891,21.7168,-1373.65,-589.504,-1239.86,-633.521
-1288.0,-650.0,-111.356,7.35244e-07,87.1869,18.3565,92.8131,21.8794,-1373.88,-589.511,-1239.86,-634.027
-1286.0,-650.0,-111.401,7.28921e-07,87.1625,18.5219,92.8375,22.0448,-1374.11,-589.518,-1239.86,-634.543
-1284.0,-650.0,-111.464,7.22604e-07,87.1377,18.6902,92.8623,22.2131,-1374.35,-589.525,-1239.86,-635.069
-1282.0,-650.0,-111.548,7.16294e-07,87.1124,18.8614,92.8876,22.3844,-1374.58,-589.532,-1239.86,-635.605
-1280.0,-650.0,-111.657,7.0999e-07,87.0868,19.0358,92.9132,22.5587,-1374.82,-589.539,-1239.86,-636.152
-1278.0,-650.0,-111.794,7.03693e-07,87.0607,19.2132,92.9393,22.7362,-1375.05,-589.547,-1239.86,-636.709
-1276.0,-650.0,-111.967,6.97403e-07,87.0342,19.3939,92.9658,22.9168,-1375.29,-589.554,-1239.86,-637.278
-1274.0,-650.0,-110.639,5.99707e-07,86.5505,135.012,93.4495,46.6571,-1390.58,-590.022,-1336.08,-587.943
-1272.0,-650.0,-110.986,6.04437e-07,86.5775,135.46,93.4225,46.2091,-1390.43,-590.017,-1335.09,-587.917
-1270.0,-650.0,-111.658,6.09203e-07,86.6043,135.901,93.3957,45.7681,-1390.28,-590.012,-1334.09,-587.891
-1268.0,-650.0,-112.794,6.14004e-07,86.6309,136.335,93.3691,45.334,-1390.12,-590.008,-1333.1,-587.865
-1266.0,-650.0,-113.25,7.211e-07,87.1317,29.8433,92.8683,-28.0262,-1368.03,-617.019,-1239.86,-635.005
-1264.0,-650.0,-113.879,7.15326e-07,87.1086,30.1096,92.8914,-28.2926,-1368.36,-617.033,-1239.86,-636.003
-1262.0,-650.0,-108.653,5.87122e-07,86.4765,142.275,93.5235,-35.8894,-1376.02,-617.355,-1342.02,-588.098
-1260.0,-650.0,-108.594,5.92405e-07,86.5079,142.671,93.4921,-35.4937,-1375.68,-617.341,-1341.2,-588.077
-1258.0,-650.0,-108.635,5.97715e-07,86.539,143.059,93.461,-35.1051,-1375.35,-617.327,-1340.38,-588.055
-1256.0,-650.0,-108.764,6.03053e-07,86.5697,143.441,93.4303,-34.7234,-1375.02,-617.313,-1339.56,-588.034
-1254.0,-650.0,-108.985,6.08417e-07,86.5999,143.816,93.4001,-34.3484,-1374.69,-617.299,-1338.75,-588.013
-1252.0,-650.0,-109.315,6.13797e-07,86.6452,144.185,93.3548,-33.98,-1374.35,-617.285,-1337.93,-587.991
-1250.0,-650.0,-109.788,6.19195e-07,86.7006,144.546,93.2994,-33.618,-1374.02,-617.271,-1337.11,-587.97
-1248.0,-650.0,-110.463,6.24618e-07,86.7551,144.902,93.2449,-33.2624,-1373.69,-617.257,-1336.3,-587.949
-1246.0,-650.0,-111.44,6.30077e-07,86.7899,145.252,93.2101,-32.9129,-1373.36,-617.243,-1335.48,-587.927
-1244.0,-650.0,-112.554,6.74087e-07,86.9757,141.047,93.0243,40.6225,-1388.29,-589.951,-1321.24,-587.556
-1242.0,-650.0,-111.855,6.79297e-07,86.9751,141.401,93.0249,40.2681,-1388.13,-589.947,-1320.26,-587.53
-1240.0,-650.0,-111.441,6.84533e-07,86.9746,141.75,93.0254,39.9191,-1387.98,-589.942,-1319.28,-587.504
-1238.0,-650.0,0.0,0.0,0.0,0.0,0.0,0.0,0.0,0.0,0.0,0.0
-1236.0,-650.0,0.0,0.0,0.0,0.0,0.0,0.0,0.0,0.0,0.0,0.0
-1234.0,-650.0,0.0,0.0,0.0,0.0,0.0,0.0,0.0,0.0,0.0,0.0
-1232.0,-650.0,0.0,0.0,0.0,0.0,0.0,0.0,0.0,0.0,0.0,0.0
-1230.0,-650.0,0.0,0.0,0.0,0.0,0.0,0.0,0.0,0.0,0.0,0.0
-1228.0,-650.0,0.0,0.0,0.0,0.0,0.0,0.0,0.0,0.0,0.0,0.0
-1226.0,-650.0,0.0,0.0,0.0,0.0,0.0,0.0,0.0,0.0,0.0,0.0
-1224.0,-650.0,0.0,0.0,0.0,0.0,0.0,0.0,0.0,0.0,0.0,0.0
-1222.0,-650.0,0.0,0.0,0.0,0.0,0.0,0.0,0.0,0.0,0.0,0.0
-1220.0,-650.0,0.0,0.0,0.0,0.0,0.0,0.0,0.0,0.0,0.0,0.0
-1218.0,-650.0,0.0,0.0,0.0,0.0,0.0,0.0,0.0,0.0,0.0,0.0
-1216.0,-650.0,0.0,0.0,0.0,0.0,0.0,0.0,0.0,0.0,0.0,0.0
-1214.0,-650.0,0.0,0.0,0.0,0.0,0.0,0.0,0.0,0.0,0.0,0.0
-1212.0,-650.0,0.0,0.0,0.0,0.0,0.0,0.0,0.0,0.0,0.0,0.0
-1210.0,-650.0,0.0,0.0,0.0,0.0,0.0,0.0,0.0,0.0,0.0,0.0
-1208.0,-650.0,-217.332,1.74195e-06,94.4924,99.1867,91.5944,1.08071,-1168.19,-595.627,-1212.05,-624.947
-1206.0,-650.0,0.0,0.0,0.0,0.0,0.0,0.0,0.0,0.0,0.0,0.0
-1204.0,-650.0,0.0,0.0,0.0,0.0,0.0,0.0,0.0,0.0,0.0,0.0
-1202.0,-650.0,-177.647,1.26455e-06,95.0364,100.797,92.2871,-2.76158,-1239.86,-607.725,-1206.96,-623.994
-1600.0,-648.0,-107.691,6.86756e-07,87.8997,13.4957,92.1003,-166.504,-1600.0,-648.0,-1400.0,-600.0
-1598.0,-648.0,-107.609,6.80273e-07,87.8797,13.627,92.1203,-166.373,-1598.0,-648.0,-1400.0,-600.0
-1596.0,-648.0,-107.525,6.73794e-07,87.8593,13.7608,92.1407,-166.239,-1596.0,-648.0,-1400.0,-600.0
-1594.0,-648.0,-107.441,6.67318e-07,87.8385,13.8972,92.1615,-166.103,-1594.0,-648.0,-1400.0,-600.0
-1592.0,-648.0,-107.356,6.60847e-07,87.8174,14.0362,92.1826,-165.964,-1592.0,-648.0,-1400.0,-600.0
-1590.0,-648.0,-107.271,6.54379e-07,87.7958,14.1781,92.2042,-165.822,-1590.0,-648.0,-1400.0,-600.0
-1588.0,-648.0,-107.184,6.47926e-07,87.7514,14.3227,92.2486,-165.677,-1588.0,-648.0,-1400.0,-600.0
-1586.0,-648.0,-107.097,6.41478e-07,87.7036,14.4703,92.2964,-165.53,-1586.0,-648.0,-1400.0,-600.0
-1584.0,-648.0,-107.009,6.3504e-07,87.6441,14.6209,92.3559,-165.379,-1584.0,-648.0,-1400.0,-600.0
-1582.0,-648.0,-106.921,6.28614e-07,87.5686,14.7746,92.4314,-165.225,-1582.0,-648.0,-1400.0,-600.0
-1580.0,-648.0,-106.831,6.22194e-07,87.4915,14.9314,92.5085,-165.069,-1580.0,-648.0,-1400.0,-600.0
-1578.0,-648.0,-106.741,6.1578e-07,87.4129,15.0916,92.5871,-164.908,-1578.0,-648.0,-1400.0,-600.0
-1576.0,-648.0,-106.65,6.09372e-07,87.3327,15.2551,92.6673,-164.745,-1576.0,-648.0,-1400.0,-600.0
-1574.0,-648.0,-106.558,6.0297e-07,87.2508,15.4222,92.7492,-164.578,-1574.0,-648.0,-1400.0,-600.0
-1572.0,-648.0,-106.465,5.96574e-07,87.1671,15.5928,92.8329,-164.407,-1572.0,-648.0,-1400.0,-600.0
-1570.0,-648.0,-106.371,5.90185e-07,87.0816,15.7672,92.9184,-164.233,-1570.0,-648.0,-1400.0,-600.0
-1568.0,-648.0,-106.277,5.83804e-07,86.9944,15.9454,93.0056,-164.055,-1568.0,-648.0,-1400.0,-600.0
-1566.0,-648.0,-106.181,5.77429e-07,86.9052,16.1276,93.0948,-163.872,-1566.0,-648.0,-1400.0,-600.0
-1564.0,-648.0,-106.084,5.71062e-07,86.814,16.3139,93.186,-163.686,-1564.0,-648.0,-1400.0,-600.0
-1562.0,-648.0,-105.987,5.64702e-07,86.7209,16.5044,93.2791,-163.496,-1562.0,-648.0,-1400.0,-600.0
-1560.0,-648.0,-105.888,5.58321e-07,86.6759,16.6992,93.3241,-163.301,-1560.0,-648.0,-1400.0,-600.0
-1558.0,-648.0,-105.788,5.51927e-07,86.6667,16.8986,93.3333,-163.101,-1558.0,-648.0,-1400.0,-600.0
-1556.0,-648.0,-105.686,5.45542e-07,86.6539,17.1027,93.3461,-162.897,-1556.0,-648.0,-1400.0,-600.0
-1554.0,-648.0,-105.584,5.39178e-07,86.6144,17.3116,93.3856,-162.688,-1554.0,-648.0,-1400.0,-600.0
-1552.0,-648.0,-105.481,5.32822e-07,86.5739,17.5256,93.4261,-162.474,-1552.0,-648.0,-1400.0,-600.0
-1550.0,-648.0,-105.376,5.26473e-07,86.5326,17.7447,93.4674,-162.255,-1550.0,-648.0,-1400.0,-600.0
-1548.0,-648.0,-105.271,5.20133e-07,86.4902,17.9691,93.5098,-162.031,-1548.0,-648.0,-1400.0,-600.0
-1546.0,-648.0,-105.164,5.13801e-07,86.4469,18.1992,93.5531,-161.801,-1546.0,-648.0,-1400.0,-600.0
-1544.0,-648.0,-105.056,5.07478e-07,86.4026,18.4349,93.5974,-161.565,-1544.0,-648.0,-1400.0,-600.0
-1542.0,-648.0,-104.947,5.01165e-07,86.3572,18.6767,93.6428,-161.323,-1542.0,-648.0,-1400.0,-600.0
-1540.0,-648.0,-104.837,4.9486e-07,86.3107,18.9246,93.6893,-161.075,-1540.0,-648.0,-1400.0,-600.0
-1538.0,-648.0,-104.726,4.88565e-07,86.2631,19.179,93.7369,-160.821,-1538.0,-648.0,-1400.0,-600.0
-1536.0,-648.0,-104.613,4.82267e-07,86.2389,19.44,93.7611,-160.56,-1536.0,-648.0,-1400.0,-600.0
-1534.0,-648.0,-104.498,4.75975e-07,86.2231,19.708,93.7769,-160.292,-1534.0,-648.0,-1400.0,-600.0
-1532.0,-648.0,-104.383,4.69693e-07,86.207,19.9831,93.793,-160.017,-1532.0,-648.0,-1400.0,-600.0
-1530.0,-648.0,-104.266,4.63422e-07,86.1905,20.2657,93.8095,-159.734,-1530.0,-648.0,-1400.0,-600.0
-1528.0,-648.0,-104.147,4.57162e-07,86.1736,20.556,93.8264,-159.444,-1528.0,-648.0,-1400.0,-600.0
-1526.0,-648.0,-104.028,4.50915e-07,86.1564,20.8545,93.8436,-159.146,-1526.0,-648.0,-1400.0,-600.0
-1524.0,-648.0,-103.906,4.4468e-07,86.1388,21.1613,93.8612,-158.839,-1524.0,-648.0,-1400.0,-600.0
-1522.0,-648.0,-103.784,4.38459e-07,86.1208,21.4768,93.8792,-158.523,-1522.0,-648.0,-1400.0,-600.0
-1520.0,-648.0,-103.66,4.32251e-07,86.1024,21.8014,93.8976,-158.199,-1520.0,-648.0,-1400.0,-600.0
-1518.0,-648.0,-103.534,4.2605e-07,86.097,22.1355,93.903,-157.865,-1518.0,-648.0,-1400.0,-600.0
-1516.0,-648.0,-103.406,4.19852e-07,86.1164,22.4794,93.8836,-157.521,-1516.0,-648.0,-1400.0,-600.0
-1514.0,-648.0,-103.277,4.1367e-07,86.1365,22.8337,93.8635,-157.166,-1514.0,-648.0,-1400.0,-600.0
-1512.0,-648.0,-103.147,4.0752e-07,86.1222,23.1986,93.8778,-156.801,-1512.0,-648.0,-1400.0,-600.0
-1510.0,-648.0,-103.015,4.0139e-07,86.1031,23.5747,93.8969,-156.425,-1510.0,-648.0,-1400.0,-600.0
-1508.0,-648.0,-102.882,3.95278e-07,86.0837,23.9625,93.9163,-156.038,-1508.0,-648.0,-1400.0,-600.0
-1506.0,-648.0,-102.746,3.89184e-07,86.0638,24.3625,93.9362,-155.638,-1506.0,-648.0,-1400.0,-600.0
-1504.0,-648.0,-102.609,3.8311e-07,86.0436,24.7751,93.9564,-155.225,-1504.0,-648.0,-1400.0,-600.0
-1502.0,-648.0,-102.471,3.77056e-07,86.0228,25.2011,93.9772,-154.799,-1502.0,-648.0,-1400.0,-600.0
-1500.0,-648.0,-102.331,3.71023e-07,86.0017,25.641,93.9983,-154.359,-1500.0,-648.0,-1400.0,-600.0
-1498.0,-648.0,-102.188,3.65014e-07,85.98,26.0954,94.02,-153.905,-1498.0,-648.0,-1400.0,-600.0
-1496.0,-648.0,-102.045,3.59027e-07,85.958,26.5651,94.042,-153.435,-1496.0,-648.0,-1400.0,-600.0
-1494.0,-648.0,-101.899,3.53076e-07,85.9123,27.0506,94.0877,-152.949,-1494.0,-648.0,-1400.0,-600.0
-1492.0,-648.0,-101.752,3.47162e-07,85.8425,27.5528,94.1575,-152.447,-1492.0,-648.0,-1400.0,-600.0
-1490.0,-648.0,-101.603,3.41275e-07,85.7707,28.0725,94.2293,-151.928,-1490.0,-648.0,-1400.0,-600.0
-1488.0,-648.0,-101.453,3.35417e-07,85.6967,28.6105,94.3033,-151.39,-1488.0,-648.0,-1400.0,-600.0
-1486.0,-648.0,-101.3,3.29591e-07,85.6205,29.1676,94.3795,-150.832,-1486.0,-648.0,-1400.0,-600.0
-1484.0,-648.0,-101.146,3.23785e-07,85.5708,29.7449,94.4292,-150.255,-1484.0,-648.0,-1400.0,-600.0
-1482.0,-648.0,-100.989,3.18004e-07,85.541,30.3432,94.459,-149.657,-1482.0,-648.0,-1400.0,-600.0
-1480.0,-648.0,-100.83,3.12258e-07,85.5107,30.9638,94.4893,-149.036,-1480.0,-648.0,-1400.0,-600.0
-1478.0,-648.0,-100.67,3.0655e-07,85.4797,31.6075,94.5203,-148.392,-1478.0,-648.0,-1400.0,-600.0
-1476.0,-648.0,-100.508,3.00883e-07,85.4482,32.2756,94.5518,-147.724,-1476.0,-648.0,-1400.0,-600.0
-1474.0,-648.0,-100.343,2.95257e-07,85.4162,32.9694,94.5838,-147.031,-1474.0,-648.0,-1400.0,-600.0
-1472.0,-648.0,-100.177,2.89677e-07,85.3836,33.6901,94.6164,-146.31,-1472.0,-648.0,-1400.0,-600.0
-1470.0,-648.0,-100.01,2.84144e-07,85.3505,34.439,94.6495,-145.561,-1470.0,-648.0,-1400.0,-600.0
-1468.0,-648.0,-99.8402,2.78661e-07,85.3169,35.2176,94.6831,-144.782,-1468.0,-648.0,-1400.0,-600.0
-1466.0,-648.0,-99.6694,2.7324e-07,85.2597,36.0274,94.7403,-143.973,-1466.0,-648.0,-1400.0,-600.0
-1464.0,-648.0,-99.4982,2.67915e-07,85.1048,36.8699,94.8952,-143.13,-1464.0,-648.0,-1400.0,-600.0
-1462.0,-648.0,-99.3257,2.62651e-07,84.9448,37.7468,95.0552,-142.253,-1462.0,-648.0,-1400.0,-600.0
-1460.0,-648.0,-99.1518,2.57453e-07,84.7795,38.6598,95.2205,-141.34,-1460.0,-648.0,-1400.0,-600.0
-1458.0,-648.0,-98.9769,2.52325e-07,84.6088,39.6107,95.3912,-140.389,-1458.0,-648.0,-1400.0,-600.0
-1456.0,-648.0,-98.8009,2.47271e-07,84.4327,40.6013,95.5673,-139.399,-1456.0,-648.0,-1400.0,-600.0
-1454.0,-648.0,-98.6241,2.42295e-07,84.2511,41.6335,95.7489,-138.366,-1454.0,-648.0,-1400.0,-600.0
-1452.0,-648.0,-98.4468,2.37403e-07,84.0639,42.7094,95.9361,-137.291,-1452.0,-648.0,-1400.0,-600.0
-1450.0,-648.0,-98.2691,2.32601e-07,83.8711,43.8309,96.1289,-136.169,-1450.0,-648.0,-1400.0,-600.0
-1448.0,-648.0,-98.0912,2.27892e-07,83.6728,45.0,96.3272,-135.0,-1448.0,-648.0,-1400.0,-600.0
-1446.0,-648.0,-97.9126,2.23259e-07,83.5272,46.2189,96.4728,-133.781,-1446.0,-648.0,-1400.0,-600.0
-1444.0,-648.0,-97.7342,2.18724e-07,83.3924,47.4896,96.6076,-132.51,-1444.0,-648.0,-1400.0,-600.0
-1442.0,-648.0,-97.5571,2.14314e-07,83.2291,48.8141,96.7709,-131.186,-1442.0,-648.0,-1400.0,-600.0
-1440.0,-648.0,-97.3822,2.10045e-07,83.0134,50.1944,96.9866,-129.806,-1440.0,-648.0,-1400.0,-600.0
-1438.0,-648.0,-97.209,2.05904e-07,82.7932,51.6325,97.2068,-128.367,-1438.0,-648.0,-1400.0,-600.0
-1436.0,-648.0,-97.0383,2.01899e-07,82.5689,53.1301,97.4311,-126.87,-1436.0,-648.0,-1400.0,-600.0
-1434.0,-648.0,-96.8704,1.98039e-07,82.341,54.6888,97.659,-125.311,-1434.0,-648.0,-1400.0,-600.0
-1432.0,-648.0,-96.7061,1.94331e-07,82.1101,56.3099,97.8899,-123.69,-1432.0,-648.0,-1400.0,-600.0
-1430.0,-648.0,-96.546,1.90785e-07,81.8771,57.9946,98.1229,-122.005,-1430.0,-648.0,-1400.0,-600.0
-1428.0,-648.0,-96.3909,1.87411e-07,81.6428,59.7436,98.3572,-120.256,-1428.0,-648.0,-1400.0,-600.0
-1426.0,-648.0,-96.2415,1.84217e-07,81.4082,61.5571,98.5918,-118.443,-1426.0,-648.0,-1400.0,-600.0
-1424.0,-648.0,-96.0985,1.81213e-07,81.1746,63.4349,98.8254,-116.565,-1424.0,-648.0,-1400.0,-600.0
-1422.0,-648.0,-95.9629,1.78408e-07,80.9431,65.3764,99.0569,-114.624,-1422.0,-648.0,-1400.0,-600.0
-1420.0,-648.0,-95.8355,1.75813e-07,80.7153,67.3801,99.2847,-112.62,-1420.0,-648.0,-1400.0,-600.0
-1418.0,-648.0,-95.7172,1.73436e-07,80.4925,69.444,99.5075,-110.556,-1418.0,-648.0,-1400.0,-600.0
-1416.0,-648.0,-95.6088,1.71287e-07,80.2765,71.5651,99.7235,-108.435,-1416.0,-648.0,-1400.0,-600.0
-1414.0,-648.0,-95.5112,1.69374e-07,80.0689,73.7398,99.9311,-106.26,-1414.0,-648.0,-1400.0,-600.0
-1412.0,-648.0,-95.4251,1.67705e-07,79.8713,75.9638,100.129,-104.036,-1412.0,-648.0,-1400.0,-600.0
-1410.0,-648.0,-118.355,1.11402e-06,88.4685,8.26006,91.5315,-8.2785,-1239.86,-623.3,-1239.86,-623.3
-1408.0,-648.0,-118.226,1.10743e-06,88.4448,8.30968,91.5552,-8.32812,-1239.86,-623.442,-1239.86,-623.442
-1406.0,-648.0,-118.096,1.10084e-06,88.4208,8.3599,91.5792,-8.37834,-1239.86,-623.585,-1239.86,-623.585
-1404.0,-648.0,-117.966,1.09425e-06,88.3965,8.41072,91.6035,-8.42916,-1239.86,-623.731,-1239.86,-623.731
-1402.0,-648.0,-117.835,1.08765e-06,88.372,8.46216,91.628,-8.4806,-1239.86,-623.878,-1239.86,-623.878
-1400.0,-648.0,-117.704,1.08107e-06,88.3471,8.51423,91.6529,-8.53267,-1239.86,-624.026,-1239.86,-624.026
-1398.0,-648.0,-117.572,1.07448e-06,88.3219,8.56694,91.6781,-8.58538,-1239.86,-624.177,-1239.86,-624.177
-1396.0,-648.0,-117.44,1.06789e-06,88.2965,8.6203,91.7035,-8.63874,-1239.86,-624.33,-1239.86,-624.33
-1394.0,-648.0,-117.31,1.0613e-06,88.2807,8.67433,91.7193,-8.69276,-1239.86,-624.484,-1239.86,-624.484
-1392.0,-648.0,-117.18,1.0547e-06,88.27,8.72903,91.73,-8.74746,-1239.86,-624.641,-1239.86,-624.641
-1390.0,-648.0,-117.05,1.04811e-06,88.2559,8.78442,91.7441,-8.80285,-1239.86,-624.799,-1239.86,-624.799
-1388.0,-648.0,-116.916,1.04153e-06,88.2294,8.84051,91.7706,-8.85895,-1239.86,-624.96,-1239.86,-624.96
-1386.0,-648.0,-115.598,1.04883e-06,88.2263,12.3711,91.7737,15.894,-1361.87,-589.143,-1239.86,-615.946
-1384.0,-648.0,-115.445,1.04233e-06,88.1998,12.4497,91.8002,15.9726,-1362.09,-589.15,-1239.86,-616.178
-1382.0,-648.0,-115.295,1.03582e-06,88.1729,12.5293,91.8271,16.0523,-1362.32,-589.157,-1239.86,-616.412
-1380.0,-648.0,-115.147,1.02932e-06,88.1456,12.6099,91.8544,16.1329,-1362.54,-589.164,-1239.86,-616.649
-1378.0,-648.0,-115.003,1.02282e-06,88.1181,12.6916,91.8819,16.2145,-1362.76,-589.171,-1239.86,-616.89
-1376.0,-648.0,-114.861,1.01633e-06,88.0901,12.7743,91.9099,16.2972,-1362.98,-589.177,-1239.86,-617.134
-1374.0,-648.0,-114.722,1.00983e-06,88.0619,12.8581,91.9381,16.381,-1363.21,-589.184,-1239.86,-617.381
-1372.0,-648.0,-114.586,1.00334e-06,88.0332,12.9429,91.9668,16.4659,-1363.43,-589.191,-1239.86,-617.632
-1370.0,-648.0,-114.452,9.96853e-07,88.0042,13.0289,91.9958,16.5518,-1363.65,-589.198,-1239.86,-617.886
-1368.0,-648.0,-114.322,9.90367e-07,87.9748,13.116,92.0252,16.6389,-1363.88,-589.205,-1239.86,-618.143
-1366.0,-648.0,-114.193,9.83879e-07,87.951,13.2042,92.049,16.7272,-1364.1,-589.212,-1239.86,-618.404
-1364.0,-648.0,-114.068,9.77387e-07,87.9373,13.2936,92.0627,16.8166,-1364.33,-589.219,-1239.86,-618.669
-1362.0,-648.0,-113.945,9.70898e-07,87.9235,13.3842,92.0765,16.9072,-1364.55,-589.225,-1239.86,-618.938
-1360.0,-648.0,-113.825,9.64412e-07,87.9096,13.4761,92.0904,16.999,-1364.78,-589.232,-1239.86,-619.21
-1358.0,-648.0,-113.706,9.57927e-07,87.8954,13.5692,92.1046,17.0921,-1365.0,-589.239,-1239.86,-619.486
-1356.0,-648.0,-113.59,9.51446e-07,87.8811,13.6635,92.1189,17.1865,-1365.23,-589.246,-1239.86,-619.766
-1354.0,-648.0,-113.476,9.44967e-07,87.8665,13.7592,92.1335,17.2821,-1365.46,-589.253,-1239.86,-620.051
-1352.0,-648.0,-113.364,9.38491e-07,87.8518,13.8561,92.1482,17.3791,-1365.68,-589.26,-1239.86,-620.339
-1350.0,-648.0,-113.254,9.32018e-07,87.8369,13.9545,92.1631,17.4774,-1365.91,-589.267,-1239.86,-620.632
-1348.0,-648.0,-113.146,9.25547e-07,87.8218,14.0541,92.1782,17.5771,-1366.14,-589.274,-1239.86,-620.929
-1346.0,-648.0,-113.04,9.1909e-07,87.7894,14.1553,92.2106,17.6782,-1366.37,-589.281,-1239.86,-621.231
-1344.0,-648.0,-112.936,9.12637e-07,87.7561,14.2578,92.2439,17.7807,-1366.6,-589.288,-1239.86,-621.537
-1342.0,-648.0,-112.834,9.06175e-07,87.7406,14.3618,92.2594,17.8847,-1366.83,-589.295,-1239.86,-621.848
-1340.0,-648.0,-112.734,8.99706e-07,87.7423,14.4673,92.2577,17.9902,-1367.06,-589.302,-1239.86,-622.163
-1338.0,-648.0,-112.637,8.93239e-07,87.7441,14.5743,92.2559,18.0973,-1367.29,-589.309,-1239.86,-622.484
-1336.0,-648.0,-112.54,8.86776e-07,87.7458,14.6829,92.2542,18.2058,-1367.52,-589.316,-1239.86,-622.809
-1334.0,-648.0,-112.446,8.80316e-07,87.7476,14.7931,92.2524,18.316,-1367.75,-589.323,-1239.86,-623.139
-1332.0,-648.0,-112.354,8.73859e-07,87.7495,14.9049,92.2505,18.4278,-1367.98,-589.33,-1239.86,-623.475
-1330.0,-648.0,-112.263,8.67406e-07,87.7513,15.0183,92.2487,18.5413,-1368.21,-589.337,-1239.86,-623.816
-1328.0,-648.0,-112.175,8.60956e-07,87.7533,15.1335,92.2467,18.6565,-1368.44,-589.344,-1239.86,-624.163
-1326.0,-648.0,-112.088,8.5451e-07,87.7552,15.2504,92.2448,18.7734,-1368.67,-589.351,-1239.86,-624.515
-1324.0,-648.0,-112.003,8.4807e-07,87.7526,15.3691,92.2474,18.8921,-1368.9,-589.359,-1239.86,-624.873
-1322.0,-648.0,-111.921,8.41653e-07,87.7162,15.4896,92.2838,19.0126,-1369.14,-589.366,-1239.86,-625.237
-1320.0,-648.0,-111.841,8.35241e-07,87.6794,15.612,92.3206,19.1349,-1369.37,-589.373,-1239.86,-625.607
-1318.0,-648.0,-111.764,8.28832e-07,87.6419,15.7362,92.3581,19.2592,-1369.6,-589.38,-1239.86,-625.983
-1316.0,-648.0,-111.689,8.22428e-07,87.6039,15.8624,92.3961,19.3854,-1369.84,-589.387,-1239.86,-626.365
-1314.0,-648.0,-111.617,8.16028e-07,87.5653,15.9906,92.4347,19.5136,-1370.07,-589.394,-1239.86,-626.754
-1312.0,-648.0,-111.548,8.09633e-07,87.5261,16.1208,92.4739,19.6438,-1370.31,-589.401,-1239.86,-627.15
-1310.0,-648.0,-111.482,8.03242e-07,87.4863,16.2531,92.5137,19.7761,-1370.54,-589.409,-1239.86,-627.552
-1308.0,-648.0,-111.419,7.96857e-07,87.4459,16.3876,92.5541,19.9105,-1370.78,-589.416,-1239.86,-627.962
-1306.0,-648.0,-111.36,7.90476e-07,87.4048,16.5242,92.5952,20.0471,-1371.01,-589.423,-1239.86,-628.378
-1304.0,-648.0,-111.304,7.8409e-07,87.3781,16.663,92.6219,20.186,-1371.25,-589.43,-1239.86,-628.803
-1302.0,-648.0,-111.253,7.77706e-07,87.3565,16.8041,92.6435,20.3271,-1371.49,-589.438,-1239.86,-629.234
-1300.0,-648.0,-111.206,7.71327e-07,87.3346,16.9476,92.6654,20.4706,-1371.72,-589.445,-1239.86,-629.674
-1298.0,-648.0,-111.164,7.64953e-07,87.3124,17.0935,92.6876,20.6164,-1371.96,-589.452,-1239.86,-630.122
-1296.0,-648.0,-111.127,7.58584e-07,87.2898,17.2418,92.7102,20.7647,-1372.2,-589.459,-1239.86,-630.577
-1294.0,-648.0,-111.097,7.5222e-07,87.2669,17.3926,92.7331,20.9156,-1372.44,-589.467,-1239.86,-631.042
-1292.0,-648.0,-111.075,7.45862e-07,87.2436,17.546,92.7564,21.069,-1372.68,-589.474,-1239.86,-631.515
-1290.0,-648.0,-111.06,7.39509e-07,87.2199,17.7021,92.7801,21.2251,-1372.92,-589.481,-1239.86,-631.997
-1288.0,-648.0,-111.054,7.33162e-07,87.1958,17.8609,92.8042,21.3838,-1373.16,-589.489,-1239.86,-632.488
-1286.0,-648.0,-111.059,7.2682e-07,87.1713,18.0224,92.8287,21.5454,-1373.4,-589.496,-1239.86,-632.989
-1284.0,-648.0,-111.076,7.20485e-07,87.1464,18.1868,92.8536,21.7098,-1373.64,-589.503,-1239.86,-633.499
-1282.0,-648.0,-111.107,7.14156e-07,87.1211,18.3541,92.8789,21.8771,-1373.88,-589.511,-1239.86,-634.02
-1280.0,-648.0,-111.155,7.07833e-07,87.0954,18.5245,92.9046,22.0474,-1374.12,-589.518,-1239.86,-634.551
-1278.0,-648.0,-111.221,7.01517e-07,87.0692,18.6978,92.9308,22.2208,-1374.36,-589.525,-1239.86,-635.093
-1276.0,-648.0,-110.502,5.90273e-07,86.5163,135.012,93.4837,46.6569,-1390.58,-590.022,-1336.08,-587.943
-1274.0,-648.0,-110.859,5.95003e-07,86.544,135.467,93.456,46.2018,-1390.43,-590.017,-1335.07,-587.917
-1272.0,-648.0,-111.552,5.9977e-07,86.5715,135.915,93.4285,45.7539,-1390.27,-590.012,-1334.06,-587.89
-1270.0,-648.0,-111.758,6.76321e-07,86.9599,19.4238,93.0401,22.9468,-1375.33,-589.555,-1239.86,-637.373
-1268.0,-648.0,-111.989,6.7004e-07,86.9314,19.6139,93.0686,23.1368,-1375.57,-589.563,-1239.86,-637.973
-1266.0,-648.0,-112.276,6.63766e-07,86.9024,19.8075,93.0976,23.3305,-1375.82,-589.57,-1239.86,-638.586
-1264.0,-648.0,-108.46,5.77766e-07,86.4408,142.394,93.5592,-35.7707,-1375.92,-617.351,-1341.78,-588.092
-1262.0,-648.0,-108.434,5.83057e-07,86.4731,142.795,93.5269,-35.3697,-1375.58,-617.337,-1340.94,-588.07
-1260.0,-648.0,-108.506,5.88376e-07,86.505,143.188,93.495,-34.976,-1375.24,-617.323,-1340.11,-588.048
-1258.0,-648.0,-108.669,5.93723e-07,86.5366,143.575,93.4634,-34.5894,-1374.9,-617.308,-1339.27,-588.026
-1256.0,-648.0,-108.933,5.99096e-07,86.5677,143.955,93.4323,-34.2098,-1374.56,-617.294,-1338.44,-588.005
-1254.0,-648.0,-109.322,6.04495e-07,86.5984,144.328,93.4016,-33.8369,-1374.22,-617.28,-1337.61,-587.983
-1252.0,-648.0,-109.88,6.0991e-07,86.6441,144.694,93.3559,-33.4707,-1373.89,-617.266,-1336.78,-587.961
-1250.0,-648.0,-110.684,6.15342e-07,86.7,145.053,93.3,-33.111,-1373.55,-617.251,-1335.95,-587.94
-1248.0,-648.0,-111.861,6.20803e-07,86.7479,145.407,93.2521,-32.7576,-1373.21,-617.237,-1335.12,-587.918
-1246.0,-648.0,-112.211,6.64712e-07,86.9387,141.132,93.0613,40.5367,-1388.25,-589.95,-1321.0,-587.549
-1244.0,-648.0,-111.586,6.69929e-07,86.9384,141.491,93.0616,40.178,-1388.09,-589.946,-1320.01,-587.523
-1242.0,-648.0,-111.225,6.75171e-07,86.9382,141.844,93.0618,39.8249,-1387.94,-589.941,-1319.01,-587.497
-1240.0,-648.0,-111.045,6.80439e-07,86.9382,142.192,93.0618,39.4772,-1387.78,-589.936,-1318.01,-587.471
-1238.0,-648.0,0.0,0.0,0.0,0.0,0.0,0.0,0.0,0.0,0.0,0.0
-1236.0,-648.0,0.0,0.0,0.0,0.0,0.0,0.0,0.0,0.0,0.0,0.0
-1234.0,-648.0,0.0,0.0,0.0,0.0,0.0,0.0,0.0,0.0,0.0,0.0
-1232.0,-648.0,0.0,0.0,0.0,0.0,0.0,0.0,0.0,0.0,0.0,0.0
-1230.0,-648.0,0.0,0.0,0.0,0.0,0.0,0.0,0.0,0.0,0.0,0.0
-1228.0,-648.0,0.0,0.0,0.0,0.0,0.0,0.0,0.0,0.0,0.0,0.0
-1226.0,-648.0,0.0,0.0,0.0,0.0,0.0,0.0,0.0,0.0,0.0,0.0
-1224.0,-648.0,0.0,0.0,0.0,0.0,0.0,0.0,0.0,0.0,0.0,0.0
-1222.0,-648.0,0.0,0.0,0.0,0.0,0.0,0.0,0.0,0.0,0.0,0.0
-1220.0,-648.0,0.0,0.0,0.0,0.0,0.0,0.0,0.0,0.0,0.0,0.0
-1218.0,-648.0,0.0,0.0,0.0,0.0,0.0,0.0,0.0,0.0,0.0,0.0
-1216.0,-648.0,0.0,0.0,0.0,0.0,0.0,0.0,0.0,0.0,0.0,0.0
-1214.0,-648.0,0.0,0.0,0.0,0.0,0.0,0.0,0.0,0.0,0.0,0.0
-1212.0,-648.0,0.0,0.0,0.0,0.0,0.0,0.0,0.0,0.0,0.0,0.0
-1210.0,-648.0,0.0,0.0,0.0,0.0,0.0,0.0,0.0,0.0,0.0,0.0
-1208.0,-648.0,-217.159,1.73533e-06,94.4834,99.272,91.5934,1.08071,-1168.19,-595.627,-1211.7,-625.307
-1206.0,-648.0,0.0,0.0,0.0,0.0,0.0,0.0,0.0,0.0,0.0,0.0
-1204.0,-648.0,0.0,0.0,0.0,0.0,0.0,0.0,0.0,0.0,0.0,0.0
-1202.0,-648.0,-177.435,1.25797e-06,95.0292,100.896,92.2893,-2.76158,-1239.86,-607.725,-1206.63,-623.963
-1600.0,-646.0,-107.672,6.8523e-07,87.8951,12.9528,92.1049,-167.047,-1600.0,-646.0,-1400.0,-600.0
-1598.0,-646.0,-107.589,6.78733e-07,87.8749,13.0791,92.1251,-166.921,-1598.0,-646.0,-1400.0,-600.0
-1596.0,-646.0,-107.505,6.72239e-07,87.8544,13.2079,92.1456,-166.792,-1596.0,-646.0,-1400.0,-600.0
-1594.0,-646.0,-107.421,6.65748e-07,87.8334,13.3392,92.1666,-166.661,-1594.0,-646.0,-1400.0,-600.0
-1592.0,-646.0,-107.335,6.59261e-07,87.8121,13.4732,92.1879,-166.527,-1592.0,-646.0,-1400.0,-600.0
-1590.0,-646.0,-107.249,6.52778e-07,87.7904,13.6097,92.2096,-166.39,-1590.0,-646.0,-1400.0,-600.0
-1588.0,-646.0,-107.162,6.463e-07,87.7649,13.749,92.2351,-166.251,-1588.0,-646.0,-1400.0,-600.0
-1586.0,-646.0,-107.075,6.39836e-07,87.7171,13.8912,92.2829,-166.109,-1586.0,-646.0,-1400.0,-600.0
-1584.0,-646.0,-106.986,6.33381e-07,87.6574,14.0362,92.3426,-165.964,-1584.0,-646.0,-1400.0,-600.0
-1582.0,-646.0,-106.897,6.26938e-07,87.5818,14.1843,92.4182,-165.816,-1582.0,-646.0,-1400.0,-600.0
-1580.0,-646.0,-106.808,6.205e-07,87.5046,14.3354,92.4954,-165.665,-1580.0,-646.0,-1400.0,-600.0
-1578.0,-646.0,-106.717,6.14068e-07,87.4259,14.4898,92.5741,-165.51,-1578.0,-646.0,-1400.0,-600.0
-1576.0,-646.0,-106.625,6.07642e-07,87.3455,14.6474,92.6545,-165.353,-1576.0,-646.0,-1400.0,-600.0
-1574.0,-646.0,-106.533,6.01221e-07,87.2634,14.8084,92.7366,-165.192,-1574.0,-646.0,-1400.0,-600.0
-1572.0,-646.0,-106.439,5.94807e-07,87.1795,14.9729,92.8205,-165.027,-1572.0,-646.0,-1400.0,-600.0
-1570.0,-646.0,-106.345,5.88399e-07,87.0938,15.141,92.9062,-164.859,-1570.0,-646.0,-1400.0,-600.0
-1568.0,-646.0,-106.25,5.81997e-07,87.0063,15.3128,92.9937,-164.687,-1568.0,-646.0,-1400.0,-600.0
-1566.0,-646.0,-106.153,5.75602e-07,86.9169,15.4885,93.0831,-164.511,-1566.0,-646.0,-1400.0,-600.0
-1564.0,-646.0,-106.056,5.69214e-07,86.8254,15.6682,93.1746,-164.332,-1564.0,-646.0,-1400.0,-600.0
-1562.0,-646.0,-105.958,5.62833e-07,86.732,15.8519,93.268,-164.148,-1562.0,-646.0,-1400.0,-600.0
-1560.0,-646.0,-105.858,5.56431e-07,86.6869,16.0399,93.3131,-163.96,-1560.0,-646.0,-1400.0,-600.0
-1558.0,-646.0,-105.757,5.50015e-07,86.6776,16.2324,93.3224,-163.768,-1558.0,-646.0,-1400.0,-600.0
-1556.0,-646.0,-105.655,5.4362e-07,86.6421,16.4293,93.3579,-163.571,-1556.0,-646.0,-1400.0,-600.0
-1554.0,-646.0,-105.553,5.37233e-07,86.6021,16.631,93.3979,-163.369,-1554.0,-646.0,-1400.0,-600.0
-1552.0,-646.0,-105.449,5.30854e-07,86.5612,16.8375,93.4388,-163.163,-1552.0,-646.0,-1400.0,-600.0
-1550.0,-646.0,-105.343,5.24482e-07,86.5194,17.049,93.4806,-162.951,-1550.0,-646.0,-1400.0,-600.0
-1548.0,-646.0,-105.237,5.18117e-07,86.4766,17.2658,93.5234,-162.734,-1548.0,-646.0,-1400.0,-600.0
-1546.0,-646.0,-105.13,5.1176e-07,86.4327,17.488,93.5673,-162.512,-1546.0,-646.0,-1400.0,-600.0
-1544.0,-646.0,-105.021,5.05412e-07,86.3879,17.7158,93.6121,-162.284,-1544.0,-646.0,-1400.0,-600.0
-1542.0,-646.0,-104.911,4.99072e-07,86.3419,17.9494,93.6581,-162.051,-1542.0,-646.0,-1400.0,-600.0
-1540.0,-646.0,-104.8,4.92741e-07,86.2949,18.189,93.7051,-161.811,-1540.0,-646.0,-1400.0,-600.0
-1538.0,-646.0,-104.687,4.86419e-07,86.2466,18.4349,93.7534,-161.565,-1538.0,-646.0,-1400.0,-600.0
-1536.0,-646.0,-104.573,4.80092e-07,86.2219,18.6874,93.7781,-161.313,-1536.0,-646.0,-1400.0,-600.0
-1534.0,-646.0,-104.458,4.73771e-07,86.2055,18.9465,93.7945,-161.053,-1534.0,-646.0,-1400.0,-600.0
-1532.0,-646.0,-104.341,4.67459e-07,86.1888,19.2127,93.8112,-160.787,-1532.0,-646.0,-1400.0,-600.0
-1530.0,-646.0,-104.223,4.61158e-07,86.1717,19.4861,93.8283,-160.514,-1530.0,-646.0,-1400.0,-600.0
-1528.0,-646.0,-104.104,4.54867e-07,86.1543,19.7672,93.8457,-160.233,-1528.0,-646.0,-1400.0,-600.0
-1526.0,-646.0,-103.983,4.48588e-07,86.1364,20.0561,93.8636,-159.944,-1526.0,-646.0,-1400.0,-600.0
-1524.0,-646.0,-103.86,4.4232e-07,86.1181,20.3532,93.8819,-159.647,-1524.0,-646.0,-1400.0,-600.0
-1522.0,-646.0,-103.736,4.36065e-07,86.0995,20.6589,93.9005,-159.341,-1522.0,-646.0,-1400.0,-600.0
-1520.0,-646.0,-103.611,4.29823e-07,86.0804,20.9735,93.9196,-159.027,-1520.0,-646.0,-1400.0,-600.0
-1518.0,-646.0,-103.484,4.23593e-07,86.0608,21.2974,93.9392,-158.703,-1518.0,-646.0,-1400.0,-600.0
-1516.0,-646.0,-103.355,4.17367e-07,86.0635,21.6309,93.9365,-158.369,-1516.0,-646.0,-1400.0,-600.0
-1514.0,-646.0,-103.224,4.11147e-07,86.0826,21.9745,93.9174,-158.025,-1514.0,-646.0,-1400.0,-600.0
-1512.0,-646.0,-103.092,4.04959e-07,86.067,22.3287,93.933,-157.671,-1512.0,-646.0,-1400.0,-600.0
-1510.0,-646.0,-102.958,3.98789e-07,86.0466,22.6938,93.9534,-157.306,-1510.0,-646.0,-1400.0,-600.0
-1508.0,-646.0,-102.823,3.92636e-07,86.0257,23.0704,93.9743,-156.93,-1508.0,-646.0,-1400.0,-600.0
-1506.0,-646.0,-102.686,3.865e-07,86.0044,23.459,93.9956,-156.541,-1506.0,-646.0,-1400.0,-600.0
-1504.0,-646.0,-102.547,3.80383e-07,85.9826,23.8602,94.0174,-156.14,-1504.0,-646.0,-1400.0,-600.0
-1502.0,-646.0,-102.407,3.74285e-07,85.9602,24.2744,94.0398,-155.726,-1502.0,-646.0,-1400.0,-600.0
-1500.0,-646.0,-102.264,3.68207e-07,85.9373,24.7024,94.0627,-155.298,-1500.0,-646.0,-1400.0,-600.0
-1498.0,-646.0,-102.12,3.6215e-07,85.914,25.1448,94.086,-154.855,-1498.0,-646.0,-1400.0,-600.0
-1496.0,-646.0,-101.974,3.56116e-07,85.89,25.6022,94.11,-154.398,-1496.0,-646.0,-1400.0,-600.0
-1494.0,-646.0,-101.826,3.50105e-07,85.8656,26.0754,94.1344,-153.925,-1494.0,-646.0,-1400.0,-600.0
-1492.0,-646.0,-101.676,3.44134e-07,85.8059,26.5651,94.1941,-153.435,-1492.0,-646.0,-1400.0,-600.0
-1490.0,-646.0,-101.524,3.38194e-07,85.7321,27.0721,94.2679,-152.928,-1490.0,-646.0,-1400.0,-600.0
-1488.0,-646.0,-101.371,3.32283e-07,85.656,27.5973,94.344,-152.403,-1488.0,-646.0,-1400.0,-600.0
-1486.0,-646.0,-101.215,3.26393e-07,85.5947,28.1416,94.4053,-151.858,-1486.0,-646.0,-1400.0,-600.0
-1484.0,-646.0,-101.058,3.2052e-07,85.5643,28.706,94.4357,-151.294,-1484.0,-646.0,-1400.0,-600.0
-1482.0,-646.0,-100.898,3.14678e-07,85.5332,29.2914,94.4668,-150.709,-1482.0,-646.0,-1400.0,-600.0
-1480.0,-646.0,-100.736,3.08871e-07,85.5015,29.8989,94.4985,-150.101,-1480.0,-646.0,-1400.0,-600.0
-1478.0,-646.0,-100.571,3.031e-07,85.4691,30.5297,94.5309,-149.47,-1478.0,-646.0,-1400.0,-600.0
-1476.0,-646.0,-100.405,2.97367e-07,85.436,31.185,94.564,-148.815,-1476.0,-646.0,-1400.0,-600.0
-1474.0,-646.0,-100.237,2.91674e-07,85.4022,31.866,94.5978,-148.134,-1474.0,-646.0,-1400.0,-600.0
-1472.0,-646.0,-100.067,2.86024e-07,85.3678,32.5741,94.6322,-147.426,-1472.0,-646.0,-1400.0,-600.0
-1470.0,-646.0,-99.8949,2.80419e-07,85.3328,33.3106,94.6672,-146.689,-1470.0,-646.0,-1400.0,-600.0
-1468.0,-646.0,-99.7209,2.74862e-07,85.2971,34.0772,94.7029,-145.923,-1468.0,-646.0,-1400.0,-600.0
-1466.0,-646.0,-99.5452,2.69365e-07,85.2374,34.8753,94.7626,-145.125,-1466.0,-646.0,-1400.0,-600.0
-1464.0,-646.0,-99.3689,2.63961e-07,85.0783,35.7067,94.9217,-144.293,-1464.0,-646.0,-1400.0,-600.0
-1462.0,-646.0,-99.191,2.58617e-07,84.9137,36.573,95.0863,-143.427,-1462.0,-646.0,-1400.0,-600.0
-1460.0,-646.0,-99.0116,2.53336e-07,84.7434,37.4762,95.2566,-142.524,-1460.0,-646.0,-1400.0,-600.0
-1458.0,-646.0,-98.8308,2.48122e-07,84.5673,38.4181,95.4327,-141.582,-1458.0,-646.0,-1400.0,-600.0
-1456.0,-646.0,-98.6487,2.4298e-07,84.3853,39.4007,95.6147,-140.599,-1456.0,-646.0,-1400.0,-600.0
-1454.0,-646.0,-98.4655,2.37915e-07,84.1972,40.4261,95.8028,-139.574,-1454.0,-646.0,-1400.0,-600.0
-1452.0,-646.0,-98.2814,2.32931e-07,84.0029,41.4965,95.9971,-138.504,-1452.0,-646.0,-1400.0,-600.0
-1450.0,-646.0,-98.0966,2.28033e-07,83.8024,42.6141,96.1976,-137.386,-1450.0,-646.0,-1400.0,-600.0
-1448.0,-646.0,-97.9115,2.23228e-07,83.5958,43.7811,96.4042,-136.219,-1448.0,-646.0,-1400.0,-600.0
-1446.0,-646.0,-97.7261,2.18521e-07,83.3862,45.0,96.6138,-135.0,-1446.0,-646.0,-1400.0,-600.0
-1444.0,-646.0,-97.5397,2.13886e-07,83.2422,46.273,96.7578,-133.727,-1444.0,-646.0,-1400.0,-600.0
-1442.0,-646.0,-97.3543,2.09373e-07,83.0686,47.6026,96.9314,-132.397,-1442.0,-646.0,-1400.0,-600.0
-1440.0,-646.0,-97.1709,2.05001e-07,82.8407,48.9909,97.1593,-131.009,-1440.0,-646.0,-1400.0,-600.0
-1438.0,-646.0,-96.9889,2.00757e-07,82.6074,50.4403,97.3926,-129.56,-1438.0,-646.0,-1400.0,-600.0
-1436.0,-646.0,-96.8091,1.96647e-07,82.3693,51.953,97.6307,-128.047,-1436.0,-646.0,-1400.0,-600.0
-1434.0,-646.0,-96.632,1.92681e-07,82.1267,53.5308,97.8733,-126.469,-1434.0,-646.0,-1400.0,-600.0
-1432.0,-646.0,-96.4583,1.88869e-07,81.8804,55.1755,98.1196,-124.824,-1432.0,-646.0,-1400.0,-600.0
-1430.0,-646.0,-96.2886,1.85219e-07,81.6312,56.8887,98.3688,-123.111,-1430.0,-646.0,-1400.0,-600.0
-1428.0,-646.0,-96.1238,1.81741e-07,81.3801,58.6713,98.6199,-121.329,-1428.0,-646.0,-1400.0,-600.0
-1426.0,-646.0,-95.9647,1.78445e-07,81.1281,60.5241,98.8719,-119.476,-1426.0,-646.0,-1400.0,-600.0
-1424.0,-646.0,-95.8122,1.75342e-07,80.8766,62.4472,99.1234,-117.553,-1424.0,-646.0,-1400.0,-600.0
-1422.0,-646.0,-95.6673,1.72442e-07,80.627,64.44,99.373,-115.56,-1422.0,-646.0,-1400.0,-600.0
-1420.0,-646.0,-95.5308,1.69756e-07,80.3809,66.5014,99.6191,-113.499,-1420.0,-646.0,-1400.0,-600.0
-1418.0,-646.0,-95.4037,1.67293e-07,80.14,68.6294,99.86,-111.371,-1418.0,-646.0,-1400.0,-600.0
-1416.0,-646.0,-95.2871,1.65064e-07,79.9062,70.821,100.094,-109.179,-1416.0,-646.0,-1400.0,-600.0
-1414.0,-646.0,-95.1819,1.63078e-07,79.6814,73.0725,100.319,-106.928,-1414.0,-646.0,-1400.0,-600.0
-1412.0,-646.0,-95.089,1.61344e-07,79.4676,75.3791,100.532,-104.621,-1412.0,-646.0,-1400.0,-600.0
-1410.0,-646.0,-115.877,1.59918e-07,79.2698,78.8967,100.73,-103.963,-1404.61,-618.561,-1404.61,-618.561
-1408.0,-646.0,-118.72,1.10649e-06,88.4435,7.96762,91.5565,-7.98606,-1239.86,-622.466,-1239.86,-622.466
-1406.0,-646.0,-118.588,1.09989e-06,88.4194,8.01583,91.5806,-8.03426,-1239.86,-622.604,-1239.86,-622.604
-1404.0,-646.0,-118.457,1.09329e-06,88.3951,8.06461,91.6049,-8.08305,-1239.86,-622.743,-1239.86,-622.743
-1402.0,-646.0,-118.324,1.08669e-06,88.3705,8.114,91.6295,-8.13243,-1239.86,-622.884,-1239.86,-622.884
-1400.0,-646.0,-118.191,1.0801e-06,88.3456,8.16398,91.6544,-8.18242,-1239.86,-623.026,-1239.86,-623.026
-1398.0,-646.0,-118.057,1.0735e-06,88.3204,8.21458,91.6796,-8.23302,-1239.86,-623.171,-1239.86,-623.171
-1396.0,-646.0,-117.922,1.06691e-06,88.2949,8.26581,91.7051,-8.28425,-1239.86,-623.317,-1239.86,-623.317
-1394.0,-646.0,-117.79,1.06031e-06,88.2791,8.31768,91.7209,-8.33611,-1239.86,-623.465,-1239.86,-623.465
-1392.0,-646.0,-117.659,1.05371e-06,88.2683,8.3702,91.7317,-8.38863,-1239.86,-623.615,-1239.86,-623.615
-1390.0,-646.0,-117.523,1.04712e-06,88.2425,8.42338,91.7575,-8.44181,-1239.86,-623.767,-1239.86,-623.767
-1388.0,-646.0,-117.386,1.04053e-06,88.2158,8.47723,91.7842,-8.49567,-1239.86,-623.921,-1239.86,-623.921
-1386.0,-646.0,-117.248,1.03394e-06,88.1888,8.53177,91.8112,-8.55021,-1239.86,-624.076,-1239.86,-624.076
-1384.0,-646.0,-117.111,1.02736e-06,88.1615,8.58702,91.8385,-8.60545,-1239.86,-624.234,-1239.86,-624.234
-1382.0,-646.0,-116.972,1.02077e-06,88.1338,8.64298,91.8662,-8.66141,-1239.86,-624.394,-1239.86,-624.394
-1380.0,-646.0,-115.863,1.04014e-06,88.153,-11.7727,91.847,18.9616,-1369.04,-589.363,-1343.3,-653.649
-1378.0,-646.0,-115.713,1.03362e-06,88.1258,-11.8482,91.8742,19.0371,-1369.18,-589.367,-1341.77,-653.6
-1376.0,-646.0,-115.258,1.01488e-06,88.0752,12.4067,91.9248,15.9296,-1361.97,-589.146,-1239.86,-616.051
-1374.0,-646.0,-115.102,1.00838e-06,88.0468,12.4882,91.9532,16.0111,-1362.2,-589.153,-1239.86,-616.291
-1372.0,-646.0,-114.574,3.5724e-07,90.7995,106.159,99.2443,-72.7476,-1394.37,-618.129,-1382.86,-608.516
-1370.0,-646.0,-114.798,9.95379e-07,87.9888,12.6544,92.0112,16.1773,-1362.66,-589.167,-1239.86,-616.78
-1368.0,-646.0,-114.651,9.88881e-07,87.9613,12.7392,92.0387,16.2621,-1362.89,-589.174,-1239.86,-617.03
-1366.0,-646.0,-114.508,9.82377e-07,87.9478,12.825,92.0522,16.348,-1363.12,-589.182,-1239.86,-617.284
-1364.0,-646.0,-114.367,9.75875e-07,87.9341,12.9121,92.0659,16.435,-1363.35,-589.189,-1239.86,-617.541
-1362.0,-646.0,-114.23,9.69376e-07,87.9203,13.0003,92.0797,16.5232,-1363.58,-589.196,-1239.86,-617.801
-1360.0,-646.0,-114.095,9.62879e-07,87.9062,13.0897,92.0938,16.6126,-1363.81,-589.203,-1239.86,-618.065
-1358.0,-646.0,-113.962,9.56385e-07,87.892,13.1803,92.108,16.7032,-1364.04,-589.21,-1239.86,-618.333
-1356.0,-646.0,-113.833,9.49893e-07,87.8776,13.2721,92.1224,16.7951,-1364.27,-589.217,-1239.86,-618.605
-1354.0,-646.0,-113.706,9.43403e-07,87.863,13.3652,92.137,16.8882,-1364.51,-589.224,-1239.86,-618.881
-1352.0,-646.0,-113.581,9.36916e-07,87.8482,13.4596,92.1518,16.9826,-1364.74,-589.231,-1239.86,-619.161
-1350.0,-646.0,-113.459,9.30432e-07,87.8332,13.5553,92.1668,17.0783,-1364.97,-589.238,-1239.86,-619.445
-1348.0,-646.0,-113.339,9.23951e-07,87.818,13.6524,92.182,17.1754,-1365.2,-589.245,-1239.86,-619.733
-1346.0,-646.0,-113.221,9.17482e-07,87.7856,13.7508,92.2144,17.2738,-1365.44,-589.252,-1239.86,-620.026
-1344.0,-646.0,-113.105,9.11011e-07,87.7621,13.8507,92.2379,17.3736,-1365.67,-589.26,-1239.86,-620.323
-1342.0,-646.0,-112.992,9.04527e-07,87.7639,13.952,92.2361,17.4749,-1365.91,-589.267,-1239.86,-620.625
-1340.0,-646.0,-112.882,8.98046e-07,87.7657,14.0547,92.2343,17.5776,-1366.14,-589.274,-1239.86,-620.931
-1338.0,-646.0,-112.773,8.91568e-07,87.7676,14.1589,92.2324,17.6819,-1366.38,-589.281,-1239.86,-621.242
-1336.0,-646.0,-112.666,8.85093e-07,87.7695,14.2647,92.2305,17.7876,-1366.61,-589.288,-1239.86,-621.557
-1334.0,-646.0,-112.562,8.7862e-07,87.7715,14.372,92.2285,17.8949,-1366.85,-589.296,-1239.86,-621.878
-1332.0,-646.0,-112.459,8.72151e-07,87.7734,14.4809,92.2266,18.0038,-1367.09,-589.303,-1239.86,-622.204
-1330.0,-646.0,-112.358,8.65685e-07,87.7755,14.5914,92.2245,18.1144,-1367.32,-589.31,-1239.86,-622.535
-1328.0,-646.0,-112.26,8.59223e-07,87.7775,14.7036,92.2225,18.2266,-1367.56,-589.317,-1239.86,-622.871
-1326.0,-646.0,-112.163,8.52763e-07,87.7796,14.8175,92.2204,18.3405,-1367.8,-589.325,-1239.86,-623.213
-1324.0,-646.0,-112.068,8.4631e-07,87.7771,14.9331,92.2229,18.4561,-1368.04,-589.332,-1239.86,-623.56
-1322.0,-646.0,-111.975,8.3988e-07,87.7409,15.0505,92.2591,18.5735,-1368.27,-589.339,-1239.86,-623.913
-1320.0,-646.0,-111.885,8.33453e-07,87.7041,15.1698,92.2959,18.6927,-1368.51,-589.347,-1239.86,-624.272
-1318.0,-646.0,-111.796,8.27031e-07,87.6667,15.2909,92.3333,18.8138,-1368.75,-589.354,-1239.86,-624.637
-1316.0,-646.0,-111.71,8.20613e-07,87.6288,15.4138,92.3712,18.9368,-1368.99,-589.361,-1239.86,-625.008
-1314.0,-646.0,-111.627,8.14199e-07,87.5903,15.5388,92.4097,19.0617,-1369.23,-589.369,-1239.86,-625.385
-1312.0,-646.0,-111.546,8.07789e-07,87.5511,15.6657,92.4489,19.1886,-1369.47,-589.376,-1239.86,-625.769
-1310.0,-646.0,-111.468,8.01383e-07,87.5114,15.7946,92.4886,19.3176,-1369.71,-589.383,-1239.86,-626.16
-1308.0,-646.0,-111.392,7.94982e-07,87.471,15.9257,92.529,19.4486,-1369.95,-589.391,-1239.86,-626.557
-1306.0,-646.0,-111.32,7.88586e-07,87.43,16.0589,92.57,19.5818,-1370.2,-589.398,-1239.86,-626.961
-1304.0,-646.0,-111.25,7.82194e-07,87.3884,16.1942,92.6116,19.7172,-1370.44,-589.405,-1239.86,-627.373
-1302.0,-646.0,-111.184,7.75795e-07,87.366,16.3318,92.634,19.8548,-1370.68,-589.413,-1239.86,-627.792
-1300.0,-646.0,-111.121,7.694e-07,87.3441,16.4717,92.6559,19.9947,-1370.92,-589.42,-1239.86,-628.218
-1298.0,-646.0,-111.063,7.6301e-07,87.3218,16.614,92.6782,20.1369,-1371.17,-589.428,-1239.86,-628.653
-1296.0,-646.0,-111.008,7.56625e-07,87.2992,16.7586,92.7008,20.2816,-1371.41,-589.435,-1239.86,-629.095
-1294.0,-646.0,-110.959,7.50244e-07,87.2762,16.9057,92.7238,20.4287,-1371.66,-589.443,-1239.86,-629.546
-1292.0,-646.0,-110.914,7.43869e-07,87.2528,17.0554,92.7472,20.5783,-1371.9,-589.45,-1239.86,-630.005
-1290.0,-646.0,-110.876,7.37499e-07,87.2291,17.2076,92.7709,20.7306,-1372.15,-589.458,-1239.86,-630.472
-1288.0,-646.0,-110.844,7.31134e-07,87.205,17.3625,92.795,20.8855,-1372.39,-589.465,-1239.86,-630.949
-1286.0,-646.0,-110.819,7.24775e-07,87.1804,17.5201,92.8196,21.0431,-1372.64,-589.473,-1239.86,-631.435
-1284.0,-646.0,-110.803,7.18422e-07,87.1555,17.6806,92.8445,21.2035,-1372.88,-589.48,-1239.86,-631.93
-1282.0,-646.0,-110.797,7.12075e-07,87.1301,17.8438,92.8699,21.3668,-1373.13,-589.488,-1239.86,-632.435
-1280.0,-646.0,-110.802,7.05733e-07,87.1043,18.0101,92.8957,21.533,-1373.38,-589.495,-1239.86,-632.951
-1278.0,-646.0,-110.362,5.8084e-07,86.4809,135.012,93.5191,46.6567,-1390.58,-590.022,-1336.08,-587.943
-1276.0,-646.0,-110.729,5.8557e-07,86.5094,135.475,93.4906,46.1942,-1390.42,-590.017,-1335.05,-587.916
-1274.0,-646.0,-110.901,6.86747e-07,87.0242,18.5272,92.9758,22.0502,-1374.12,-589.518,-1239.86,-634.56
-1272.0,-646.0,-110.972,6.80431e-07,86.9965,18.706,93.0035,22.229,-1374.37,-589.526,-1239.86,-635.118
-1270.0,-646.0,-111.066,6.74122e-07,86.9684,18.8882,93.0316,22.4111,-1374.62,-589.533,-1239.86,-635.689
-1268.0,-646.0,-111.189,6.67821e-07,86.9398,19.0738,93.0602,22.5967,-1374.87,-589.541,-1239.86,-636.271
-1266.0,-646.0,-108.274,5.68413e-07,86.4039,142.517,93.5961,-35.648,-1375.81,-617.347,-1341.52,-588.085
-1264.0,-646.0,-108.281,5.73713e-07,86.4372,142.923,93.5628,-35.2416,-1375.47,-617.332,-1340.67,-588.063
-1262.0,-646.0,-108.386,5.79041e-07,86.47,143.322,93.53,-34.8428,-1375.12,-617.318,-1339.82,-588.041
-1260.0,-646.0,-108.587,5.84397e-07,86.5024,143.713,93.4976,-34.4512,-1374.78,-617.303,-1338.97,-588.019
-1258.0,-646.0,-108.9,5.89779e-07,86.5344,144.098,93.4656,-34.0668,-1374.43,-617.289,-1338.12,-587.996
-1256.0,-646.0,-109.358,5.95188e-07,86.5659,144.475,93.4341,-33.6894,-1374.09,-617.274,-1337.27,-587.974
-1254.0,-646.0,-110.022,6.00622e-07,86.597,144.846,93.403,-33.3189,-1373.74,-617.26,-1336.43,-587.952
-1252.0,-646.0,-110.991,6.06071e-07,86.6432,145.21,93.3568,-32.955,-1373.4,-617.245,-1335.58,-587.93
-1250.0,-646.0,-112.417,6.11538e-07,86.6997,145.567,93.3003,-32.5976,-1373.05,-617.231,-1334.74,-587.908
-1248.0,-646.0,-111.883,6.55339e-07,86.9006,141.221,93.0994,40.4484,-1388.21,-589.949,-1320.76,-587.543
-1246.0,-646.0,-111.328,6.60562e-07,86.9007,141.584,93.0993,40.0853,-1388.05,-589.944,-1319.74,-587.517
-1244.0,-646.0,-111.018,6.65812e-07,86.9008,141.941,93.0992,39.7279,-1387.89,-589.939,-1318.73,-587.49
-1242.0,-646.0,-110.88,6.71086e-07,86.9011,142.293,93.0989,39.3762,-1387.74,-589.935,-1317.72,-587.464
-1240.0,-646.0,-110.876,6.76386e-07,86.9015,142.639,93.0985,39.0299,-1387.58,-589.93,-1316.71,-587.437
-1238.0,-646.0,0.0,0.0,0.0,0.0,0.0,0.0,0.0,0.0,0.0,0.0
-1236.0,-646.0,0.0,0.0,0.0,0.0,0.0,0.0,0.0,0.0,0.0,0.0
-1234.0,-646.0,0.0,0.0,0.0,0.0,0.0,0.0,0.0,0.0,0.0,0.0
-1232.0,-646.0,0.0,0.0,0.0,0.0,0.0,0.0,0.0,0.0,0.0,0.0
-1230.0,-646.0,0.0,0.0,0.0,0.0,0.0,0.0,0.0,0.0,0.0,0.0
-1228.0,-646.0,0.0,0.0,0.0,0.0,0.0,0.0,0.0,0.0,0.0,0.0
-1226.0,-646.0,0.0,0.0,0.0,0.0,0.0,0.0,0.0,0.0,0.0,0.0
-1224.0,-646.0,0.0,0.0,0.0,0.0,0.0,0.0,0.0,0.0,0.0,0.0
-1222.0,-646.0,0.0,0.0,0.0,0.0,0.0,0.0,0.0,0.0,0.0,0.0
-1220.0,-646.0,0.0,0.0,0.0,0.0,0.0,0.0,0.0,0.0,0.0,0.0
-1218.0,-646.0,0.0,0.0,0.0,0.0,0.0,0.0,0.0,0.0,0.0,0.0
-1216.0,-646.0,0.0,0.0,0.0,0.0,0.0,0.0,0.0,0.0,0.0,0.0
-1214.0,-646.0,0.0,0.0,0.0,0.0,0.0,0.0,0.0,0.0,0.0,0.0
-1212.0,-646.0,0.0,0.0,0.0,0.0,0.0,0.0,0.0,0.0,0.0,0.0
-1210.0,-646.0,0.0,0.0,0.0,0.0,0.0,0.0,0.0,0.0,0.0,0.0
-1208.0,-646.0,-216.985,1.72871e-06,94.4743,99.3589,91.5925,1.08071,-1168.19,-595.627,-1211.35,-625.674
-1206.0,-646.0,-216.373,1.72985e-06,94.4518,99.8858,91.6193,1.08071,-1168.19,-595.627,-1210.08,-622.597
-1204.0,-646.0,0.0,0.0,0.0,0.0,0.0,0.0,0.0,0.0,0.0,0.0
-1202.0,-646.0,-177.221,1.25138e-06,95.0219,100.997,92.2916,-2.76158,-1239.86,-607.725,-1206.29,-623.933
-1600.0,-644.0,-107.653,6.83766e-07,87.8906,12.4074,92.1094,-167.593,-1600.0,-644.0,-1400.0,-600.0
-1598.0,-644.0,-107.57,6.77255e-07,87.8703,12.5288,92.1297,-167.471,-1598.0,-644.0,-1400.0,-600.0
-1596.0,-644.0,-107.486,6.70746e-07,87.8496,12.6526,92.1504,-167.347,-1596.0,-644.0,-1400.0,-600.0
-1594.0,-644.0,-107.401,6.64241e-07,87.8285,12.7787,92.1715,-167.221,-1594.0,-644.0,-1400.0,-600.0
-1592.0,-644.0,-107.315,6.57739e-07,87.807,12.9074,92.193,-167.093,-1592.0,-644.0,-1400.0,-600.0
-1590.0,-644.0,-107.229,6.51241e-07,87.7851,13.0387,92.2149,-166.961,-1590.0,-644.0,-1400.0,-600.0
-1588.0,-644.0,-107.141,6.44746e-07,87.7628,13.1726,92.2372,-166.827,-1588.0,-644.0,-1400.0,-600.0
-1586.0,-644.0,-107.053,6.38259e-07,87.7308,13.3092,92.2692,-166.691,-1586.0,-644.0,-1400.0,-600.0
-1584.0,-644.0,-106.965,6.31788e-07,87.6711,13.4486,92.3289,-166.551,-1584.0,-644.0,-1400.0,-600.0
-1582.0,-644.0,-106.875,6.25329e-07,87.5954,13.5909,92.4046,-166.409,-1582.0,-644.0,-1400.0,-600.0
-1580.0,-644.0,-106.785,6.18874e-07,87.5181,13.7363,92.4819,-166.264,-1580.0,-644.0,-1400.0,-600.0
-1578.0,-644.0,-106.693,6.12424e-07,87.4392,13.8847,92.5608,-166.115,-1578.0,-644.0,-1400.0,-600.0
-1576.0,-644.0,-106.601,6.0598e-07,87.3586,14.0362,92.6414,-165.964,-1576.0,-644.0,-1400.0,-600.0
-1574.0,-644.0,-106.508,5.99542e-07,87.2763,14.1911,92.7237,-165.809,-1574.0,-644.0,-1400.0,-600.0
-1572.0,-644.0,-106.414,5.93109e-07,87.1923,14.3493,92.8077,-165.651,-1572.0,-644.0,-1400.0,-600.0
-1570.0,-644.0,-106.319,5.86682e-07,87.1064,14.5111,92.8936,-165.489,-1570.0,-644.0,-1400.0,-600.0
-1568.0,-644.0,-106.224,5.80261e-07,87.0187,14.6764,92.9813,-165.324,-1568.0,-644.0,-1400.0,-600.0
-1566.0,-644.0,-106.127,5.73847e-07,86.929,14.8455,93.071,-165.155,-1566.0,-644.0,-1400.0,-600.0
-1564.0,-644.0,-106.029,5.67439e-07,86.8373,15.0184,93.1627,-164.982,-1564.0,-644.0,-1400.0,-600.0
-1562.0,-644.0,-105.93,5.61038e-07,86.7436,15.1952,93.2564,-164.805,-1562.0,-644.0,-1400.0,-600.0
-1560.0,-644.0,-105.83,5.54615e-07,86.6983,15.3763,93.3017,-164.624,-1560.0,-644.0,-1400.0,-600.0
-1558.0,-644.0,-105.728,5.48188e-07,86.6701,15.5615,93.3299,-164.438,-1558.0,-644.0,-1400.0,-600.0
-1556.0,-644.0,-105.626,5.41773e-07,86.6306,15.7512,93.3694,-164.249,-1556.0,-644.0,-1400.0,-600.0
-1554.0,-644.0,-105.522,5.35365e-07,86.5902,15.9454,93.4098,-164.055,-1554.0,-644.0,-1400.0,-600.0
-1552.0,-644.0,-105.417,5.28963e-07,86.5489,16.1443,93.4511,-163.856,-1552.0,-644.0,-1400.0,-600.0
-1550.0,-644.0,-105.312,5.22568e-07,86.5066,16.3482,93.4934,-163.652,-1550.0,-644.0,-1400.0,-600.0
-1548.0,-644.0,-105.204,5.1618e-07,86.4633,16.5571,93.5367,-163.443,-1548.0,-644.0,-1400.0,-600.0
-1546.0,-644.0,-105.096,5.09799e-07,86.419,16.7712,93.581,-163.229,-1546.0,-644.0,-1400.0,-600.0
-1544.0,-644.0,-104.987,5.03425e-07,86.3736,16.9908,93.6264,-163.009,-1544.0,-644.0,-1400.0,-600.0
-1542.0,-644.0,-104.876,4.9706e-07,86.3271,17.2161,93.6729,-162.784,-1542.0,-644.0,-1400.0,-600.0
-1540.0,-644.0,-104.764,4.90703e-07,86.2794,17.4472,93.7206,-162.553,-1540.0,-644.0,-1400.0,-600.0
-1538.0,-644.0,-104.65,4.84354e-07,86.2306,17.6844,93.7694,-162.316,-1538.0,-644.0,-1400.0,-600.0
-1536.0,-644.0,-104.535,4.78001e-07,86.2053,17.9279,93.7947,-162.072,-1536.0,-644.0,-1400.0,-600.0
-1534.0,-644.0,-104.419,4.71651e-07,86.1884,18.178,93.8116,-161.822,-1534.0,-644.0,-1400.0,-600.0
-1532.0,-644.0,-104.301,4.65311e-07,86.1712,18.4349,93.8288,-161.565,-1532.0,-644.0,-1400.0,-600.0
-1530.0,-644.0,-104.182,4.5898e-07,86.1535,18.699,93.8465,-161.301,-1530.0,-644.0,-1400.0,-600.0
-1528.0,-644.0,-104.061,4.52659e-07,86.1355,18.9704,93.8645,-161.03,-1528.0,-644.0,-1400.0,-600.0
-1526.0,-644.0,-103.939,4.46349e-07,86.117,19.2495,93.883,-160.75,-1526.0,-644.0,-1400.0,-600.0
-1524.0,-644.0,-103.815,4.40049e-07,86.0981,19.5367,93.9019,-160.463,-1524.0,-644.0,-1400.0,-600.0
-1522.0,-644.0,-103.69,4.33761e-07,86.0787,19.8321,93.9213,-160.168,-1522.0,-644.0,-1400.0,-600.0
-1520.0,-644.0,-103.563,4.27485e-07,86.0589,20.1363,93.9411,-159.864,-1520.0,-644.0,-1400.0,-600.0
-1518.0,-644.0,-103.435,4.21221e-07,86.0386,20.4495,93.9614,-159.55,-1518.0,-644.0,-1400.0,-600.0
-1516.0,-644.0,-103.305,4.1497e-07,86.0178,20.7723,93.9822,-159.228,-1516.0,-644.0,-1400.0,-600.0
-1514.0,-644.0,-103.172,4.08717e-07,86.0289,21.1048,93.9711,-158.895,-1514.0,-644.0,-1400.0,-600.0
-1512.0,-644.0,-103.039,4.02492e-07,86.012,21.4477,93.988,-158.552,-1512.0,-644.0,-1400.0,-600.0
-1510.0,-644.0,-102.904,3.96283e-07,85.9903,21.8014,94.0097,-158.199,-1510.0,-644.0,-1400.0,-600.0
-1508.0,-644.0,-102.767,3.90091e-07,85.968,22.1663,94.032,-157.834,-1508.0,-644.0,-1400.0,-600.0
-1506.0,-644.0,-102.628,3.83914e-07,85.9451,22.5431,94.0549,-157.457,-1506.0,-644.0,-1400.0,-600.0
-1504.0,-644.0,-102.487,3.77755e-07,85.9217,22.9321,94.0783,-157.068,-1504.0,-644.0,-1400.0,-600.0
-1502.0,-644.0,-102.344,3.71613e-07,85.8978,23.334,94.1022,-156.666,-1502.0,-644.0,-1400.0,-600.0
-1500.0,-644.0,-102.2,3.65491e-07,85.8732,23.7495,94.1268,-156.251,-1500.0,-644.0,-1400.0,-600.0
-1498.0,-644.0,-102.053,3.59388e-07,85.848,24.1791,94.152,-155.821,-1498.0,-644.0,-1400.0,-600.0
-1496.0,-644.0,-101.905,3.53307e-07,85.8222,24.6236,94.1778,-155.376,-1496.0,-644.0,-1400.0,-600.0
-1494.0,-644.0,-101.754,3.47247e-07,85.7957,25.0836,94.2043,-154.916,-1494.0,-644.0,-1400.0,-600.0
-1492.0,-644.0,-101.602,3.4121e-07,85.7686,25.56,94.2314,-154.44,-1492.0,-644.0,-1400.0,-600.0
-1490.0,-644.0,-101.448,3.35218e-07,85.6941,26.0535,94.3059,-153.947,-1490.0,-644.0,-1400.0,-600.0
-1488.0,-644.0,-101.291,3.29251e-07,85.6215,26.5651,94.3785,-153.435,-1488.0,-644.0,-1400.0,-600.0
-1486.0,-644.0,-101.132,3.23292e-07,85.5907,27.0956,94.4093,-152.904,-1486.0,-644.0,-1400.0,-600.0
-1484.0,-644.0,-100.971,3.17361e-07,85.5591,27.646,94.4409,-152.354,-1484.0,-644.0,-1400.0,-600.0
-1482.0,-644.0,-100.808,3.11461e-07,85.5268,28.2174,94.4732,-151.783,-1482.0,-644.0,-1400.0,-600.0
-1480.0,-644.0,-100.643,3.05593e-07,85.4937,28.8108,94.5063,-151.189,-1480.0,-644.0,-1400.0,-600.0
-1478.0,-644.0,-100.475,2.99759e-07,85.4598,29.4275,94.5402,-150.573,-1478.0,-644.0,-1400.0,-600.0
-1476.0,-644.0,-100.305,2.93961e-07,85.4252,30.0686,94.5748,-149.931,-1476.0,-644.0,-1400.0,-600.0
-1474.0,-644.0,-100.133,2.88201e-07,85.3897,30.7355,94.6103,-149.265,-1474.0,-644.0,-1400.0,-600.0
-1472.0,-644.0,-99.9587,2.82481e-07,85.3535,31.4296,94.6465,-148.57,-1472.0,-644.0,-1400.0,-600.0
-1470.0,-644.0,-99.7821,2.76805e-07,85.3165,32.1523,94.6835,-147.848,-1470.0,-644.0,-1400.0,-600.0
-1468.0,-644.0,-99.6034,2.71174e-07,85.2788,32.9052,94.7212,-147.095,-1468.0,-644.0,-1400.0,-600.0
-1466.0,-644.0,-99.4228,2.65601e-07,85.2165,33.6901,94.7835,-146.31,-1466.0,-644.0,-1400.0,-600.0
-1464.0,-644.0,-99.2414,2.60118e-07,85.0532,34.5085,94.9468,-145.491,-1464.0,-644.0,-1400.0,-600.0
-1462.0,-644.0,-99.0581,2.54693e-07,84.8839,35.3625,95.1161,-144.638,-1462.0,-644.0,-1400.0,-600.0
-1460.0,-644.0,-98.873,2.49329e-07,84.7085,36.2538,95.2915,-143.746,-1460.0,-644.0,-1400.0,-600.0
-1458.0,-644.0,-98.6862,2.44029e-07,84.5269,37.1847,95.4731,-142.815,-1458.0,-644.0,-1400.0,-600.0
-1456.0,-644.0,-98.4978,2.38799e-07,84.3387,38.1572,95.6613,-141.843,-1456.0,-644.0,-1400.0,-600.0
-1454.0,-644.0,-98.3079,2.33643e-07,84.1439,39.1737,95.8561,-140.826,-1454.0,-644.0,-1400.0,-600.0
-1452.0,-644.0,-98.1169,2.28565e-07,83.9424,40.2364,96.0576,-139.764,-1452.0,-644.0,-1400.0,-600.0
-1450.0,-644.0,-97.9248,2.23572e-07,83.7339,41.3478,96.2661,-138.652,-1450.0,-644.0,-1400.0,-600.0
-1448.0,-644.0,-97.732,2.18669e-07,83.5186,42.5104,96.4814,-137.49,-1448.0,-644.0,-1400.0,-600.0
-1446.0,-644.0,-97.5388,2.13862e-07,83.2963,43.727,96.7037,-136.273,-1446.0,-644.0,-1400.0,-600.0
-1444.0,-644.0,-97.345,2.09149e-07,83.0884,45.0,96.9116,-135.0,-1444.0,-644.0,-1400.0,-600.0
-1442.0,-644.0,-97.1509,2.04531e-07,82.9037,46.3322,97.0963,-133.668,-1442.0,-644.0,-1400.0,-600.0
-1440.0,-644.0,-96.9585,2.00054e-07,82.6627,47.7263,97.3373,-132.274,-1440.0,-644.0,-1400.0,-600.0
-1438.0,-644.0,-96.7672,1.95702e-07,82.4154,49.1849,97.5846,-130.815,-1438.0,-644.0,-1400.0,-600.0
-1436.0,-644.0,-96.5778,1.91484e-07,82.1622,50.7106,97.8378,-129.289,-1436.0,-644.0,-1400.0,-600.0
-1434.0,-644.0,-96.3908,1.87409e-07,81.9037,52.3058,98.0963,-127.694,-1434.0,-644.0,-1400.0,-600.0
-1432.0,-644.0,-96.2069,1.83487e-07,81.6406,53.9726,98.3594,-126.027,-1432.0,-644.0,-1400.0,-600.0
-1430.0,-644.0,-96.027,1.79727e-07,81.3736,55.7131,98.6264,-124.287,-1430.0,-644.0,-1400.0,-600.0
-1428.0,-644.0,-95.8517,1.76141e-07,81.1039,57.5288,98.8961,-122.471,-1428.0,-644.0,-1400.0,-600.0
-1426.0,-644.0,-95.6822,1.72739e-07,80.8326,59.4208,99.1674,-120.579,-1426.0,-644.0,-1400.0,-600.0
-1424.0,-644.0,-95.5193,1.69531e-07,80.5611,61.3895,99.4389,-118.61,-1424.0,-644.0,-1400.0,-600.0
-1422.0,-644.0,-95.364,1.6653e-07,80.2911,63.4349,99.7089,-116.565,-1422.0,-644.0,-1400.0,-600.0
-1420.0,-644.0,-95.2175,1.63747e-07,80.0244,65.556,99.9756,-114.444,-1420.0,-644.0,-1400.0,-600.0
-1418.0,-644.0,-95.0808,1.61192e-07,79.7629,67.751,100.237,-112.249,-1418.0,-644.0,-1400.0,-600.0
-1416.0,-644.0,-94.9551,1.58877e-07,79.5088,70.0169,100.491,-109.983,-1416.0,-644.0,-1400.0,-600.0
-1414.0,-644.0,-94.8414,1.56813e-07,79.2644,72.3499,100.736,-107.65,-1414.0,-644.0,-1400.0,-600.0
-1412.0,-644.0,-94.7408,1.55009e-07,79.0319,74.7449,100.968,-105.255,-1412.0,-644.0,-1400.0,-600.0
-1410.0,-644.0,-112.355,1.53498e-07,78.8154,78.048,101.185,-103.963,-1404.61,-618.561,-1404.61,-618.561
-1408.0,-644.0,-120.283,8.15481e-07,87.8878,88.171,92.1122,91.9463,-1403.4,-499.951,-1403.4,-499.951
-1406.0,-644.0,-120.182,8.15306e-07,87.8675,88.64,92.1325,91.4773,-1402.58,-499.95,-1402.58,-499.95
-1404.0,-644.0,-118.972,1.09237e-06,88.3938,7.71791,91.6062,-7.73635,-1239.86,-621.755,-1239.86,-621.755
-1402.0,-644.0,-118.839,1.08577e-06,88.3692,7.76522,91.6308,-7.78366,-1239.86,-621.89,-1239.86,-621.89
-1400.0,-644.0,-118.705,1.07917e-06,88.3442,7.81311,91.6558,-7.83155,-1239.86,-622.026,-1239.86,-622.026
-1398.0,-644.0,-118.57,1.07257e-06,88.319,7.8616,91.681,-7.88003,-1239.86,-622.164,-1239.86,-622.164
-1396.0,-644.0,-118.434,1.06597e-06,88.2934,7.91068,91.7066,-7.92912,-1239.86,-622.304,-1239.86,-622.304
-1394.0,-644.0,-118.301,1.05937e-06,88.2776,7.96038,91.7224,-7.97882,-1239.86,-622.446,-1239.86,-622.446
-1392.0,-644.0,-118.165,1.05277e-06,88.2555,8.0107,91.7445,-8.02914,-1239.86,-622.589,-1239.86,-622.589
-1390.0,-644.0,-118.027,1.04617e-06,88.2291,8.06166,91.7709,-8.08009,-1239.86,-622.734,-1239.86,-622.734
-1388.0,-644.0,-116.016,1.06759e-06,88.2495,-11.831,91.7505,19.02,-1369.15,-589.366,-1342.12,-653.611
-1386.0,-644.0,-115.873,1.06107e-06,88.2235,-11.9049,91.7765,19.0939,-1369.29,-589.37,-1340.63,-653.564
-1384.0,-644.0,-115.734,1.05456e-06,88.1972,-11.9798,91.8028,19.1687,-1369.43,-589.375,-1339.15,-653.517
-1382.0,-644.0,-115.598,1.04804e-06,88.1706,-12.0555,91.8294,19.2445,-1369.58,-589.379,-1337.66,-653.469
-1380.0,-644.0,-115.466,1.04153e-06,88.1436,-12.1323,91.8564,19.3212,-1369.72,-589.383,-1336.17,-653.421
-1378.0,-644.0,-115.337,1.03502e-06,88.1163,-12.2099,91.8837,19.3989,-1369.86,-589.388,-1334.68,-653.374
-1376.0,-644.0,-115.212,1.02851e-06,88.0887,-12.2886,91.9113,19.4775,-1370.01,-589.392,-1333.19,-653.326
-1374.0,-644.0,-114.211,3.49005e-07,90.8292,105.411,99.2393,-73.5055,-1394.63,-618.14,-1383.76,-608.594
-1372.0,-644.0,-114.507,3.50833e-07,90.7788,106.462,99.2373,-72.4397,-1394.26,-618.125,-1382.46,-608.595
-1370.0,-644.0,-114.858,1.009e-06,88.0037,-12.5307,91.9963,19.7197,-1370.44,-589.406,-1328.69,-653.182
-1368.0,-644.0,-114.747,1.00249e-06,87.989,-12.6135,92.011,19.8025,-1370.59,-589.41,-1327.18,-653.134
-1366.0,-644.0,-114.639,9.95981e-07,87.9759,-12.6974,92.0241,19.8863,-1370.74,-589.415,-1325.68,-653.085
-1364.0,-644.0,-114.535,9.89475e-07,87.9625,-12.7824,92.0375,19.9713,-1370.88,-589.419,-1324.17,-653.037
-1362.0,-644.0,-114.435,9.82973e-07,87.9491,-12.8685,92.0509,20.0575,-1371.03,-589.424,-1322.65,-652.989
-1360.0,-644.0,-114.339,9.76472e-07,87.9354,-12.9558,92.0646,20.1447,-1371.18,-589.428,-1321.14,-652.94
-1358.0,-644.0,-114.246,9.69974e-07,87.9216,-13.0442,92.0784,20.2332,-1371.33,-589.433,-1319.62,-652.892
-1356.0,-644.0,-114.145,9.48384e-07,87.8742,12.8794,92.1258,16.4024,-1363.26,-589.186,-1239.86,-617.444
-1354.0,-644.0,-114.002,9.41884e-07,87.8596,12.97,92.1404,16.4929,-1363.5,-589.193,-1239.86,-617.712
-1352.0,-644.0,-113.862,9.35387e-07,87.8447,13.0618,92.1553,16.5847,-1363.74,-589.2,-1239.86,-617.983
-1350.0,-644.0,-113.725,9.28892e-07,87.8296,13.1549,92.1704,16.6778,-1363.98,-589.208,-1239.86,-618.258
-1348.0,-644.0,-113.591,9.22399e-07,87.8143,13.2493,92.1857,16.7722,-1364.22,-589.215,-1239.86,-618.538
-1346.0,-644.0,-113.459,9.15919e-07,87.7834,13.345,92.2166,16.868,-1364.46,-589.222,-1239.86,-618.821
-1344.0,-644.0,-113.33,9.09421e-07,87.7854,13.4422,92.2146,16.9651,-1364.7,-589.23,-1239.86,-619.109
-1342.0,-644.0,-113.205,9.02926e-07,87.7873,13.5407,92.2127,17.0636,-1364.94,-589.237,-1239.86,-619.402
-1340.0,-644.0,-113.081,8.96433e-07,87.7893,13.6406,92.2107,17.1636,-1365.18,-589.244,-1239.86,-619.698
-1338.0,-644.0,-112.96,8.89943e-07,87.7913,13.742,92.2087,17.265,-1365.42,-589.252,-1239.86,-620.0
-1336.0,-644.0,-112.841,8.83456e-07,87.7934,13.8449,92.2066,17.3679,-1365.66,-589.259,-1239.86,-620.306
-1334.0,-644.0,-112.725,8.76972e-07,87.7955,13.9493,92.2045,17.4723,-1365.9,-589.267,-1239.86,-620.617
-1332.0,-644.0,-112.61,8.70491e-07,87.7976,14.0553,92.2024,17.5782,-1366.14,-589.274,-1239.86,-620.933
-1330.0,-644.0,-112.498,8.64013e-07,87.7998,14.1628,92.2002,17.6858,-1366.39,-589.281,-1239.86,-621.253
-1328.0,-644.0,-112.388,8.57538e-07,87.802,14.272,92.198,17.795,-1366.63,-589.289,-1239.86,-621.579
-1326.0,-644.0,-112.28,8.51066e-07,87.8043,14.3829,92.1957,17.9058,-1366.87,-589.296,-1239.86,-621.911
-1324.0,-644.0,-112.175,8.446e-07,87.8019,14.4954,92.1981,18.0183,-1367.12,-589.304,-1239.86,-622.247
-1322.0,-644.0,-112.071,8.38156e-07,87.7658,14.6097,92.2342,18.1326,-1367.36,-589.311,-1239.86,-622.589
-1320.0,-644.0,-111.969,8.31716e-07,87.729,14.7257,92.271,18.2487,-1367.61,-589.319,-1239.86,-622.937
-1318.0,-644.0,-111.87,8.2528e-07,87.6918,14.8436,92.3082,18.3665,-1367.85,-589.326,-1239.86,-623.291
-1316.0,-644.0,-111.772,8.18848e-07,87.6539,14.9633,92.3461,18.4862,-1368.1,-589.334,-1239.86,-623.651
-1314.0,-644.0,-111.678,8.1242e-07,87.6154,15.0849,92.3846,18.6079,-1368.34,-589.341,-1239.86,-624.017
-1312.0,-644.0,-111.585,8.05996e-07,87.5764,15.2085,92.4236,18.7314,-1368.59,-589.349,-1239.86,-624.389
-1310.0,-644.0,-111.495,7.99576e-07,87.5367,15.3341,92.4633,18.857,-1368.84,-589.356,-1239.86,-624.767
-1308.0,-644.0,-111.408,7.9316e-07,87.4964,15.4617,92.5036,18.9846,-1369.08,-589.364,-1239.86,-625.152
-1306.0,-644.0,-111.323,7.86749e-07,87.4555,15.5914,92.5445,19.1143,-1369.33,-589.372,-1239.86,-625.544
-1304.0,-644.0,-111.241,7.80342e-07,87.4139,15.7232,92.5861,19.2461,-1369.58,-589.379,-1239.86,-625.943
-1302.0,-644.0,-111.162,7.73937e-07,87.3756,15.8572,92.6244,19.3802,-1369.83,-589.387,-1239.86,-626.349
-1300.0,-644.0,-111.085,7.67527e-07,87.3537,15.9935,92.6463,19.5164,-1370.08,-589.394,-1239.86,-626.763
-1298.0,-644.0,-111.012,7.61121e-07,87.3314,16.132,92.6686,19.655,-1370.33,-589.402,-1239.86,-627.184
-1296.0,-644.0,-110.943,7.54719e-07,87.3088,16.273,92.6912,19.7959,-1370.58,-589.41,-1239.86,-627.613
-1294.0,-644.0,-110.877,7.48323e-07,87.2857,16.4163,92.7143,19.9393,-1370.83,-589.417,-1239.86,-628.049
-1292.0,-644.0,-110.815,7.41931e-07,87.2623,16.5621,92.7377,20.0851,-1371.08,-589.425,-1239.86,-628.494
-1290.0,-644.0,-110.757,7.35544e-07,87.2386,16.7105,92.7614,20.2334,-1371.33,-589.433,-1239.86,-628.948
-1288.0,-644.0,-110.705,7.29163e-07,87.2144,16.8614,92.7856,20.3844,-1371.58,-589.44,-1239.86,-629.41
-1286.0,-644.0,-110.658,7.22786e-07,87.1898,17.0151,92.8102,20.538,-1371.83,-589.448,-1239.86,-629.881
-1284.0,-644.0,-110.617,7.16415e-07,87.1648,17.1714,92.8352,20.6944,-1372.09,-589.456,-1239.86,-630.361
-1282.0,-644.0,-110.583,7.1005e-07,87.1393,17.3306,92.8607,20.8536,-1372.34,-589.464,-1239.86,-630.851
-1280.0,-644.0,-110.221,5.71407e-07,86.4444,135.013,93.5556,46.6565,-1390.58,-590.022,-1336.08,-587.943
-1278.0,-644.0,-110.539,6.97337e-07,87.0871,17.6577,92.9129,21.1806,-1372.85,-589.479,-1239.86,-631.86
-1276.0,-644.0,-110.532,6.90989e-07,87.0604,17.8258,92.9396,21.3487,-1373.1,-589.487,-1239.86,-632.379
-1274.0,-644.0,-110.536,6.84647e-07,87.0331,17.997,92.9669,21.5199,-1373.36,-589.495,-1239.86,-632.91
-1272.0,-644.0,-110.554,6.78312e-07,87.0054,18.1714,92.9946,21.6943,-1373.61,-589.503,-1239.86,-633.451
-1270.0,-644.0,-108.167,5.53784e-07,86.3312,142.223,93.6688,-35.941,-1376.06,-617.357,-1342.13,-588.101
-1268.0,-644.0,-108.095,5.59063e-07,86.3659,142.643,93.6341,-35.5212,-1375.71,-617.342,-1341.26,-588.078
-1266.0,-644.0,-108.136,5.64372e-07,86.4001,143.055,93.5999,-35.1093,-1375.35,-617.328,-1340.39,-588.056
-1264.0,-644.0,-108.276,5.69709e-07,86.4339,143.459,93.5661,-34.7051,-1375.0,-617.313,-1339.52,-588.033
-1262.0,-644.0,-108.52,5.75074e-07,86.4672,143.856,93.5328,-34.3085,-1374.65,-617.298,-1338.66,-588.01
-1260.0,-644.0,-108.891,5.80466e-07,86.5,144.245,93.5,-33.9193,-1374.3,-617.283,-1337.79,-587.988
-1258.0,-644.0,-109.433,5.85885e-07,86.5324,144.627,93.4676,-33.5372,-1373.95,-617.268,-1336.93,-587.965
-1256.0,-644.0,-110.228,5.91329e-07,86.5644,145.002,93.4356,-33.1622,-1373.6,-617.253,-1336.06,-587.943
-1254.0,-644.0,-111.404,5.96798e-07,86.5959,145.37,93.4041,-32.7941,-1373.24,-617.239,-1335.2,-587.92
-1252.0,-644.0,-112.371,6.15344e-07,86.714,20.1127,93.286,23.6357,-1376.19,-589.582,-1239.86,-639.555
-1250.0,-644.0,-111.571,6.45968e-07,86.8615,141.311,93.1385,40.3575,-1388.17,-589.948,-1320.51,-587.536
-1248.0,-644.0,-111.081,6.51198e-07,86.8619,141.679,93.1381,39.99,-1388.01,-589.943,-1319.48,-587.51
-1246.0,-644.0,-110.82,6.56454e-07,86.8624,142.041,93.1376,39.6283,-1387.85,-589.938,-1318.45,-587.483
-1244.0,-644.0,-110.722,6.61736e-07,86.863,142.397,93.137,39.2723,-1387.69,-589.933,-1317.42,-587.456
-1242.0,-644.0,-110.757,6.67043e-07,86.8638,142.747,93.1362,38.922,-1387.53,-589.928,-1316.39,-587.429
-1240.0,-644.0,-110.912,6.72375e-07,86.8646,143.092,93.1354,38.5773,-1387.37,-589.923,-1315.36,-587.402
-1238.0,-644.0,0.0,0.0,0.0,0.0,0.0,0.0,0.0,0.0,0.0,0.0
-1236.0,-644.0,0.0,0.0,0.0,0.0,0.0,0.0,0.0,0.0,0.0,0.0
-1234.0,-644.0,0.0,0.0,0.0,0.0,0.0,0.0,0.0,0.0,0.0,0.0
-1232.0,-644.0,0.0,0.0,0.0,0.0,0.0,0.0,0.0,0.0,0.0,0.0
-1230.0,-644.0,0.0,0.0,0.0,0.0,0.0,0.0,0.0,0.0,0.0,0.0
-1228.0,-644.0,0.0,0.0,0.0,0.0,0.0,0.0,0.0,0.0,0.0,0.0
-1226.0,-644.0,0.0,0.0,0.0,0.0,0.0,0.0,0.0,0.0,0.0,0.0
-1224.0,-644.0,0.0,0.0,0.0,0.0,0.0,0.0,0.0,0.0,0.0,0.0
-1222.0,-644.0,0.0,0.0,0.0,0.0,0.0,0.0,0.0,0.0,0.0,0.0
-1220.0,-644.0,0.0,0.0,0.0,0.0,0.0,0.0,0.0,0.0,0.0,0.0
-1218.0,-644.0,0.0,0.0,0.0,0.0,0.0,0.0,0.0,0.0,0.0,0.0
-1216.0,-644.0,0.0,0.0,0.0,0.0,0.0,0.0,0.0,0.0,0.0,0.0
-1214.0,-644.0,0.0,0.0,0.0,0.0,0.0,0.0,0.0,0.0,0.0,0.0
-1212.0,-644.0,0.0,0.0,0.0,0.0,0.0,0.0,0.0,0.0,0.0,0.0
-1210.0,-644.0,0.0,0.0,0.0,0.0,0.0,0.0,0.0,0.0,0.0,0.0
-1208.0,-644.0,-216.816,1.72211e-06,94.4687,99.4469,91.5951,1.08071,-1168.19,-595.627,-1211.09,-625.453
-1206.0,-644.0,-216.205,1.72324e-06,94.4421,99.9791,91.6184,1.08071,-1168.19,-595.627,-1209.7,-622.96
-1204.0,-644.0,-177.783,1.24355e-06,95.041,100.57,92.2703,-2.76158,-1239.86,-607.725,-1207.51,-625.17
-1202.0,-644.0,-177.008,1.2448e-06,95.0143,101.1,92.2939,-2.76158,-1239.86,-607.725,-1205.94,-623.904
-1600.0,-642.0,-107.636,6.82365e-07,87.8862,11.8598,92.1138,-168.14,-1600.0,-642.0,-1400.0,-600.0
-1598.0,-642.0,-107.552,6.75839e-07,87.8658,11.9761,92.1342,-168.024,-1598.0,-642.0,-1400.0,-600.0
-1596.0,-642.0,-107.467,6.69317e-07,87.845,12.0948,92.155,-167.905,-1596.0,-642.0,-1400.0,-600.0
-1594.0,-642.0,-107.382,6.62798e-07,87.8238,12.2157,92.1762,-167.784,-1594.0,-642.0,-1400.0,-600.0
-1592.0,-642.0,-107.296,6.56282e-07,87.8022,12.3391,92.1978,-167.661,-1592.0,-642.0,-1400.0,-600.0
-1590.0,-642.0,-107.209,6.49769e-07,87.7801,12.4649,92.2199,-167.535,-1590.0,-642.0,-1400.0,-600.0
-1588.0,-642.0,-107.121,6.4326e-07,87.7577,12.5933,92.2423,-167.407,-1588.0,-642.0,-1400.0,-600.0
-1586.0,-642.0,-107.033,6.36753e-07,87.7347,12.7244,92.2653,-167.276,-1586.0,-642.0,-1400.0,-600.0
-1584.0,-642.0,-106.943,6.30262e-07,87.6851,12.8581,92.3149,-167.142,-1584.0,-642.0,-1400.0,-600.0
-1582.0,-642.0,-106.854,6.23787e-07,87.6093,12.9946,92.3907,-167.005,-1582.0,-642.0,-1400.0,-600.0
-1580.0,-642.0,-106.763,6.17316e-07,87.5319,13.134,92.4681,-166.866,-1580.0,-642.0,-1400.0,-600.0
-1578.0,-642.0,-106.671,6.10849e-07,87.4529,13.2764,92.5471,-166.724,-1578.0,-642.0,-1400.0,-600.0
-1576.0,-642.0,-106.578,6.04388e-07,87.3722,13.4218,92.6278,-166.578,-1576.0,-642.0,-1400.0,-600.0
-1574.0,-642.0,-106.485,5.97932e-07,87.2897,13.5704,92.7103,-166.43,-1574.0,-642.0,-1400.0,-600.0
-1572.0,-642.0,-106.39,5.91482e-07,87.2055,13.7223,92.7945,-166.278,-1572.0,-642.0,-1400.0,-600.0
-1570.0,-642.0,-106.295,5.85037e-07,87.1195,13.8775,92.8805,-166.122,-1570.0,-642.0,-1400.0,-600.0
-1568.0,-642.0,-106.198,5.78598e-07,87.0315,14.0362,92.9685,-165.964,-1568.0,-642.0,-1400.0,-600.0
-1566.0,-642.0,-106.101,5.72164e-07,86.9416,14.1986,93.0584,-165.801,-1566.0,-642.0,-1400.0,-600.0
-1564.0,-642.0,-106.003,5.65737e-07,86.8497,14.3646,93.1503,-165.635,-1564.0,-642.0,-1400.0,-600.0
-1562.0,-642.0,-105.903,5.59316e-07,86.7557,14.5345,93.2443,-165.466,-1562.0,-642.0,-1400.0,-600.0
-1560.0,-642.0,-105.803,5.5288e-07,86.6984,14.7083,93.3016,-165.292,-1560.0,-642.0,-1400.0,-600.0
-1558.0,-642.0,-105.7,5.46439e-07,86.6594,14.8863,93.3406,-165.114,-1558.0,-642.0,-1400.0,-600.0
-1556.0,-642.0,-105.597,5.40003e-07,86.6195,15.0685,93.3805,-164.932,-1556.0,-642.0,-1400.0,-600.0
-1554.0,-642.0,-105.493,5.33573e-07,86.5788,15.2551,93.4212,-164.745,-1554.0,-642.0,-1400.0,-600.0
-1552.0,-642.0,-105.388,5.2715e-07,86.537,15.4463,93.463,-164.554,-1552.0,-642.0,-1400.0,-600.0
-1550.0,-642.0,-105.281,5.20732e-07,86.4943,15.6422,93.5057,-164.358,-1550.0,-642.0,-1400.0,-600.0
-1548.0,-642.0,-105.173,5.14321e-07,86.4505,15.8431,93.5495,-164.157,-1548.0,-642.0,-1400.0,-600.0
-1546.0,-642.0,-105.064,5.07917e-07,86.4057,16.049,93.5943,-163.951,-1546.0,-642.0,-1400.0,-600.0
-1544.0,-642.0,-104.954,5.0152e-07,86.3598,16.2602,93.6402,-163.74,-1544.0,-642.0,-1400.0,-600.0
-1542.0,-642.0,-104.842,4.9513e-07,86.3128,16.4769,93.6872,-163.523,-1542.0,-642.0,-1400.0,-600.0
-1540.0,-642.0,-104.729,4.88748e-07,86.2645,16.6992,93.7355,-163.301,-1540.0,-642.0,-1400.0,-600.0
-1538.0,-642.0,-104.615,4.82373e-07,86.2151,16.9275,93.7849,-163.072,-1538.0,-642.0,-1400.0,-600.0
-1536.0,-642.0,-104.499,4.75993e-07,86.1893,17.1619,93.8107,-162.838,-1536.0,-642.0,-1400.0,-600.0
-1534.0,-642.0,-104.381,4.69616e-07,86.1719,17.4027,93.8281,-162.597,-1534.0,-642.0,-1400.0,-600.0
-1532.0,-642.0,-104.263,4.63248e-07,86.1541,17.6501,93.8459,-162.35,-1532.0,-642.0,-1400.0,-600.0
-1530.0,-642.0,-104.142,4.56889e-07,86.1359,17.9044,93.8641,-162.096,-1530.0,-642.0,-1400.0,-600.0
-1528.0,-642.0,-104.02,4.50539e-07,86.1172,18.166,93.8828,-161.834,-1528.0,-642.0,-1400.0,-600.0
-1526.0,-642.0,-103.897,4.44198e-07,86.0982,18.4349,93.9018,-161.565,-1526.0,-642.0,-1400.0,-600.0
-1524.0,-642.0,-103.772,4.37868e-07,86.0786,18.7117,93.9214,-161.288,-1524.0,-642.0,-1400.0,-600.0
-1522.0,-642.0,-103.646,4.31548e-07,86.0586,18.9967,93.9414,-161.003,-1522.0,-642.0,-1400.0,-600.0
-1520.0,-642.0,-103.517,4.25239e-07,86.038,19.29,93.962,-160.71,-1520.0,-642.0,-1400.0,-600.0
-1518.0,-642.0,-103.388,4.18942e-07,86.017,19.5923,93.983,-160.408,-1518.0,-642.0,-1400.0,-600.0
-1516.0,-642.0,-103.256,4.12657e-07,85.9954,19.9037,94.0046,-160.096,-1516.0,-642.0,-1400.0,-600.0
-1514.0,-642.0,-103.123,4.06383e-07,85.9755,20.2249,94.0245,-159.775,-1514.0,-642.0,-1400.0,-600.0
-1512.0,-642.0,-102.988,4.00121e-07,85.9574,20.556,94.0426,-159.444,-1512.0,-642.0,-1400.0,-600.0
-1510.0,-642.0,-102.851,3.93875e-07,85.9342,20.8978,94.0658,-159.102,-1510.0,-642.0,-1400.0,-600.0
-1508.0,-642.0,-102.712,3.87644e-07,85.9105,21.2505,94.0895,-158.749,-1508.0,-642.0,-1400.0,-600.0
-1506.0,-642.0,-102.571,3.81427e-07,85.8861,21.6148,94.1139,-158.385,-1506.0,-642.0,-1400.0,-600.0
-1504.0,-642.0,-102.429,3.75227e-07,85.8612,21.9911,94.1388,-158.009,-1504.0,-642.0,-1400.0,-600.0
-1502.0,-642.0,-102.284,3.69043e-07,85.8355,22.3801,94.1645,-157.62,-1502.0,-642.0,-1400.0,-600.0
-1500.0,-642.0,-102.137,3.62877e-07,85.8092,22.7824,94.1908,-157.218,-1500.0,-642.0,-1400.0,-600.0
-1498.0,-642.0,-101.989,3.5673e-07,85.7822,23.1986,94.2178,-156.801,-1498.0,-642.0,-1400.0,-600.0
-1496.0,-642.0,-101.838,3.50602e-07,85.7545,23.6294,94.2455,-156.371,-1496.0,-642.0,-1400.0,-600.0
-1494.0,-642.0,-101.685,3.44494e-07,85.7261,24.0755,94.2739,-155.925,-1494.0,-642.0,-1400.0,-600.0
-1492.0,-642.0,-101.53,3.38408e-07,85.6969,24.5377,94.3031,-155.462,-1492.0,-642.0,-1400.0,-600.0
-1490.0,-642.0,-101.373,3.3235e-07,85.6569,25.0169,94.3431,-154.983,-1490.0,-642.0,-1400.0,-600.0
-1488.0,-642.0,-101.213,3.26313e-07,85.62,25.5139,94.38,-154.486,-1488.0,-642.0,-1400.0,-600.0
-1486.0,-642.0,-101.052,3.203e-07,85.5881,26.0296,94.4119,-153.97,-1486.0,-642.0,-1400.0,-600.0
-1484.0,-642.0,-100.887,3.14313e-07,85.5554,26.5651,94.4446,-153.435,-1484.0,-642.0,-1400.0,-600.0
-1482.0,-642.0,-100.721,3.08355e-07,85.5219,27.1213,94.4781,-152.879,-1482.0,-642.0,-1400.0,-600.0
-1480.0,-642.0,-100.552,3.02426e-07,85.4874,27.6995,94.5126,-152.301,-1480.0,-642.0,-1400.0,-600.0
-1478.0,-642.0,-100.381,2.9653e-07,85.4521,28.3008,94.5479,-151.699,-1478.0,-642.0,-1400.0,-600.0
-1476.0,-642.0,-100.207,2.90668e-07,85.4159,28.9264,94.5841,-151.074,-1476.0,-642.0,-1400.0,-600.0
-1474.0,-642.0,-100.031,2.84841e-07,85.3788,29.5778,94.6212,-150.422,-1474.0,-642.0,-1400.0,-600.0
-1472.0,-642.0,-99.8525,2.79053e-07,85.3408,30.2564,94.6592,-149.744,-1472.0,-642.0,-1400.0,-600.0
-1470.0,-642.0,-99.6715,2.73306e-07,85.3018,30.9638,94.6982,-149.036,-1470.0,-642.0,-1400.0,-600.0
-1468.0,-642.0,-99.4881,2.67602e-07,85.262,31.7014,94.738,-148.299,-1468.0,-642.0,-1400.0,-600.0
-1466.0,-642.0,-99.3025,2.61953e-07,85.1971,32.4712,94.8029,-147.529,-1466.0,-642.0,-1400.0,-600.0
-1464.0,-642.0,-99.1159,2.56392e-07,85.0295,33.2749,94.9705,-146.725,-1464.0,-642.0,-1400.0,-600.0
-1462.0,-642.0,-98.9271,2.50886e-07,84.8556,34.1145,95.1444,-145.886,-1462.0,-642.0,-1400.0,-600.0
-1460.0,-642.0,-98.7362,2.45438e-07,84.675,34.992,95.325,-145.008,-1460.0,-642.0,-1400.0,-600.0
-1458.0,-642.0,-98.5433,2.40053e-07,84.4877,35.9097,95.5123,-144.09,-1458.0,-642.0,-1400.0,-600.0
-1456.0,-642.0,-98.3484,2.34734e-07,84.2933,36.8699,95.7067,-143.13,-1456.0,-642.0,-1400.0,-600.0
-1454.0,-642.0,-98.1518,2.29486e-07,84.0916,37.875,95.9084,-142.125,-1454.0,-642.0,-1400.0,-600.0
-1452.0,-642.0,-97.9536,2.24314e-07,83.8826,38.9275,96.1174,-141.072,-1452.0,-642.0,-1400.0,-600.0
-1450.0,-642.0,-97.7541,2.19224e-07,83.6659,40.0303,96.3341,-139.97,-1450.0,-642.0,-1400.0,-600.0
-1448.0,-642.0,-97.5533,2.14221e-07,83.4415,41.1859,96.5585,-138.814,-1448.0,-642.0,-1400.0,-600.0
-1446.0,-642.0,-97.3518,2.09311e-07,83.2094,42.3974,96.7906,-137.603,-1446.0,-642.0,-1400.0,-600.0
-1444.0,-642.0,-97.1497,2.04502e-07,82.9694,43.6678,97.0306,-136.332,-1444.0,-642.0,-1400.0,-600.0
-1442.0,-642.0,-96.9472,1.99795e-07,82.7346,45.0,97.2654,-135.0,-1442.0,-642.0,-1400.0,-600.0
-1440.0,-642.0,-96.7453,1.95209e-07,82.4796,46.3972,97.5204,-133.603,-1440.0,-642.0,-1400.0,-600.0
-1438.0,-642.0,-96.5443,1.90746e-07,82.2172,47.8624,97.7828,-132.138,-1438.0,-642.0,-1400.0,-600.0
-1436.0,-642.0,-96.3446,1.86416e-07,81.9478,49.3987,98.0522,-130.601,-1436.0,-642.0,-1400.0,-600.0
-1434.0,-642.0,-96.1471,1.82228e-07,81.672,51.009,98.328,-128.991,-1434.0,-642.0,-1400.0,-600.0
-1432.0,-642.0,-95.9524,1.78192e-07,81.3904,52.6961,98.6096,-127.304,-1432.0,-642.0,-1400.0,-600.0
-1430.0,-642.0,-95.7613,1.74318e-07,81.1038,54.4623,98.8962,-125.538,-1430.0,-642.0,-1400.0,-600.0
-1428.0,-642.0,-95.5748,1.70618e-07,80.8135,56.3099,99.1865,-123.69,-1428.0,-642.0,-1400.0,-600.0
-1426.0,-642.0,-95.3939,1.67104e-07,80.5206,58.2405,99.4794,-121.759,-1426.0,-642.0,-1400.0,-600.0
-1424.0,-642.0,-95.2196,1.63786e-07,80.2268,60.2551,99.7732,-119.745,-1424.0,-642.0,-1400.0,-600.0
-1422.0,-642.0,-95.053,1.60678e-07,79.9339,62.354,100.066,-117.646,-1422.0,-642.0,-1400.0,-600.0
-1420.0,-642.0,-94.8954,1.57791e-07,79.6438,64.5367,100.356,-115.463,-1420.0,-642.0,-1400.0,-600.0
-1418.0,-642.0,-94.7481,1.55138e-07,79.3589,66.8014,100.641,-113.199,-1418.0,-642.0,-1400.0,-600.0
-1416.0,-642.0,-94.6122,1.52732e-07,79.0816,69.1455,100.918,-110.854,-1416.0,-642.0,-1400.0,-600.0
-1414.0,-642.0,-94.489,1.50583e-07,78.8146,71.5651,101.185,-108.435,-1414.0,-642.0,-1400.0,-600.0
-1412.0,-642.0,-94.3799,1.48704e-07,78.5607,74.0546,101.439,-105.945,-1412.0,-642.0,-1400.0,-600.0
-1410.0,-642.0,-107.029,1.4711e-07,78.3231,77.0612,101.677,-103.963,-1404.61,-618.561,-1404.61,-618.561
-1408.0,-642.0,-117.039,1.1342e-06,88.4815,-11.4697,91.5185,18.6586,-1368.44,-589.344,-1349.59,-653.851
-1406.0,-642.0,-116.889,1.12767e-06,88.4584,-11.5371,91.5416,18.7261,-1368.58,-589.349,-1348.17,-653.805
-1404.0,-642.0,-116.741,1.12114e-06,88.435,-11.6054,91.565,18.7943,-1368.71,-589.353,-1346.74,-653.759
-1402.0,-642.0,-116.594,1.11462e-06,88.4114,-11.6744,91.5886,18.8633,-1368.85,-589.357,-1345.31,-653.714
-1400.0,-642.0,-137.298,1.07831e-06,88.3429,6.83228,91.6571,-7.72819,-1239.86,-621.732,-1309.31,-631.135
-1398.0,-642.0,-135.6,1.0717e-06,88.3176,6.98485,91.6824,-7.72819,-1239.86,-621.732,-1309.31,-631.135
-1396.0,-642.0,-116.169,1.09505e-06,88.3387,-11.8865,91.6613,19.0754,-1369.26,-589.369,-1341.0,-653.576
-1394.0,-642.0,-116.033,1.08853e-06,88.3163,-11.9588,91.6837,19.1478,-1369.4,-589.374,-1339.56,-653.53
-1392.0,-642.0,-115.9,1.08201e-06,88.2912,-12.0321,91.7088,19.221,-1369.53,-589.378,-1338.12,-653.484
-1390.0,-642.0,-115.771,1.0755e-06,88.2659,-12.1062,91.7341,19.2952,-1369.67,-589.382,-1336.68,-653.437
-1388.0,-642.0,-115.644,1.06899e-06,88.2402,-12.1813,91.7598,19.3702,-1369.81,-589.386,-1335.23,-653.391
-1386.0,-642.0,-115.521,1.06248e-06,88.2142,-12.2573,91.7858,19.4462,-1369.95,-589.391,-1333.78,-653.345
-1384.0,-642.0,-115.401,1.05597e-06,88.1879,-12.3342,91.8121,19.5231,-1370.09,-589.395,-1332.33,-653.298
-1382.0,-642.0,-115.285,1.04946e-06,88.1613,-12.412,91.8387,19.601,-1370.23,-589.399,-1330.88,-653.252
-1380.0,-642.0,-115.172,1.04296e-06,88.1343,-12.4909,91.8657,19.6798,-1370.37,-589.403,-1329.42,-653.205
-1378.0,-642.0,-115.063,1.03646e-06,88.107,-12.5707,91.893,19.7596,-1370.51,-589.408,-1327.96,-653.158
-1376.0,-642.0,-114.957,1.02996e-06,88.0794,-12.6516,91.9206,19.8405,-1370.66,-589.412,-1326.5,-653.112
-1374.0,-642.0,-114.078,3.42574e-07,90.8086,105.708,99.2327,-73.2043,-1394.53,-618.136,-1383.37,-608.677
-1372.0,-642.0,-114.473,3.44436e-07,90.7574,106.777,99.2298,-72.1204,-1394.15,-618.12,-1382.05,-608.677
-1370.0,-642.0,-114.66,1.01047e-06,88.0049,-12.9003,91.9951,20.0893,-1371.09,-589.425,-1322.1,-652.971
-1368.0,-642.0,-114.568,1.00397e-06,87.992,-12.9854,92.008,20.1744,-1371.23,-589.43,-1320.63,-652.924
-1366.0,-642.0,-114.479,9.97468e-07,87.9789,-13.0716,92.0211,20.2605,-1371.38,-589.434,-1319.16,-652.877
-1364.0,-642.0,-114.393,9.90972e-07,87.9656,-13.1589,92.0344,20.3479,-1371.52,-589.439,-1317.68,-652.829
-1362.0,-642.0,-114.311,9.84479e-07,87.9522,-13.2474,92.0478,20.4363,-1371.67,-589.443,-1316.2,-652.782
-1360.0,-642.0,-114.233,9.77989e-07,87.9386,-13.3371,92.0614,20.526,-1371.82,-589.448,-1314.72,-652.735
-1358.0,-642.0,-114.158,9.71501e-07,87.9248,-13.4279,92.0752,20.6168,-1371.96,-589.452,-1313.24,-652.687
-1356.0,-642.0,-114.087,9.65015e-07,87.9109,-13.52,92.0891,20.7089,-1372.11,-589.457,-1311.75,-652.64
-1354.0,-642.0,-114.02,9.58533e-07,87.8967,-13.6133,92.1033,20.8022,-1372.26,-589.461,-1310.26,-652.592
-1352.0,-642.0,-114.226,9.33902e-07,87.8413,12.6627,92.1587,16.1856,-1362.68,-589.168,-1239.86,-616.805
-1350.0,-642.0,-114.07,9.27397e-07,87.8261,12.7531,92.1739,16.2761,-1362.93,-589.176,-1239.86,-617.071
-1348.0,-642.0,-113.918,9.20894e-07,87.8107,12.8448,92.1893,16.3678,-1363.17,-589.183,-1239.86,-617.342
-1346.0,-642.0,-113.77,9.14386e-07,87.8068,12.9379,92.1932,16.4608,-1363.42,-589.191,-1239.86,-617.617
-1344.0,-642.0,-113.625,9.07878e-07,87.8088,13.0322,92.1912,16.5552,-1363.66,-589.198,-1239.86,-617.896
-1342.0,-642.0,-113.484,9.01371e-07,87.8109,13.128,92.1891,16.6509,-1363.91,-589.206,-1239.86,-618.179
-1340.0,-642.0,-113.345,8.94868e-07,87.8131,13.2251,92.1869,16.748,-1364.16,-589.213,-1239.86,-618.466
-1338.0,-642.0,-113.209,8.88366e-07,87.8153,13.3236,92.1847,16.8466,-1364.4,-589.221,-1239.86,-618.758
-1336.0,-642.0,-113.076,8.81868e-07,87.8175,13.4236,92.1825,16.9466,-1364.65,-589.228,-1239.86,-619.054
-1334.0,-642.0,-112.945,8.75372e-07,87.8197,13.5251,92.1803,17.048,-1364.9,-589.236,-1239.86,-619.355
-1332.0,-642.0,-112.817,8.68879e-07,87.822,13.6281,92.178,17.151,-1365.15,-589.244,-1239.86,-619.661
-1330.0,-642.0,-112.692,8.62389e-07,87.8243,13.7326,92.1757,17.2556,-1365.4,-589.251,-1239.86,-619.972
-1328.0,-642.0,-112.569,8.55902e-07,87.8267,13.8388,92.1733,17.3617,-1365.64,-589.259,-1239.86,-620.288
-1326.0,-642.0,-112.449,8.49418e-07,87.8291,13.9465,92.1709,17.4694,-1365.89,-589.266,-1239.86,-620.608
-1324.0,-642.0,-112.33,8.42939e-07,87.827,14.0559,92.173,17.5789,-1366.14,-589.274,-1239.86,-620.934
-1322.0,-642.0,-112.214,8.36482e-07,87.7909,14.167,92.2091,17.69,-1366.39,-589.282,-1239.86,-621.266
-1320.0,-642.0,-112.1,8.30029e-07,87.7543,14.2798,92.2457,17.8028,-1366.65,-589.289,-1239.86,-621.603
-1318.0,-642.0,-111.989,8.2358e-07,87.717,14.3944,92.283,17.9174,-1366.9,-589.297,-1239.86,-621.945
-1316.0,-642.0,-111.879,8.17134e-07,87.6793,14.5109,92.3207,18.0338,-1367.15,-589.305,-1239.86,-622.294
-1314.0,-642.0,-111.773,8.10692e-07,87.6409,14.6291,92.3591,18.1521,-1367.4,-589.313,-1239.86,-622.648
-1312.0,-642.0,-111.668,8.04254e-07,87.6019,14.7493,92.3981,18.2723,-1367.66,-589.32,-1239.86,-623.008
-1310.0,-642.0,-111.566,7.9782e-07,87.5623,14.8714,92.4377,18.3944,-1367.91,-589.328,-1239.86,-623.375
-1308.0,-642.0,-111.467,7.9139e-07,87.5221,14.9956,92.4779,18.5185,-1368.16,-589.336,-1239.86,-623.748
-1306.0,-642.0,-111.37,7.84964e-07,87.4812,15.1217,92.5188,18.6447,-1368.42,-589.344,-1239.86,-624.127
-1304.0,-642.0,-111.276,7.78542e-07,87.4397,15.25,92.5603,18.7729,-1368.67,-589.351,-1239.86,-624.514
-1302.0,-642.0,-111.184,7.72125e-07,87.3975,15.3804,92.6025,18.9033,-1368.93,-589.359,-1239.86,-624.907
-1300.0,-642.0,-111.095,7.65707e-07,87.3636,15.5129,92.6364,19.0359,-1369.18,-589.367,-1239.86,-625.307
-1298.0,-642.0,-111.009,7.59286e-07,87.3413,15.6478,92.6587,19.1707,-1369.44,-589.375,-1239.86,-625.715
-1296.0,-642.0,-110.925,7.52869e-07,87.3186,15.7849,92.6814,19.3079,-1369.7,-589.383,-1239.86,-626.13
-1294.0,-642.0,-110.845,7.46456e-07,87.2955,15.9244,92.7045,19.4473,-1369.95,-589.391,-1239.86,-626.553
-1292.0,-642.0,-110.768,7.40048e-07,87.2721,16.0663,92.7279,19.5893,-1370.21,-589.398,-1239.86,-626.984
-1290.0,-642.0,-110.695,7.33645e-07,87.2483,16.2107,92.7517,19.7337,-1370.47,-589.406,-1239.86,-627.423
-1288.0,-642.0,-110.625,7.27247e-07,87.224,16.3577,92.776,19.8806,-1370.73,-589.414,-1239.86,-627.871
-1286.0,-642.0,-110.56,7.20854e-07,87.1994,16.5072,92.8006,20.0302,-1370.99,-589.422,-1239.86,-628.327
-1284.0,-642.0,-110.499,7.14465e-07,87.1744,16.6595,92.8256,20.1824,-1371.24,-589.43,-1239.86,-628.792
-1282.0,-642.0,-110.077,5.61974e-07,86.4067,135.013,93.5933,46.6563,-1390.58,-590.022,-1336.08,-587.943
-1280.0,-642.0,-110.394,7.01705e-07,87.1229,16.9723,92.8771,20.4953,-1371.77,-589.446,-1239.86,-629.75
-1278.0,-642.0,-110.35,6.95333e-07,87.0966,17.133,92.9034,20.656,-1372.03,-589.454,-1239.86,-630.243
-1276.0,-642.0,-110.314,6.88967e-07,87.0697,17.2967,92.9303,20.8197,-1372.29,-589.462,-1239.86,-630.746
-1274.0,-642.0,-110.286,6.82606e-07,87.0424,17.4635,92.9576,20.9865,-1372.55,-589.47,-1239.86,-631.26
-1272.0,-642.0,-107.959,5.44428e-07,86.2908,142.349,93.7092,-35.8159,-1375.95,-617.353,-1341.87,-588.094
-1270.0,-642.0,-107.924,5.49716e-07,86.3265,142.774,93.6735,-35.3901,-1375.59,-617.338,-1340.98,-588.071
-1268.0,-642.0,-107.999,5.55034e-07,86.3618,143.192,93.6382,-34.9725,-1375.24,-617.323,-1340.1,-588.048
-1266.0,-642.0,-108.179,5.6038e-07,86.3965,143.602,93.6035,-34.5629,-1374.88,-617.307,-1339.21,-588.025
-1264.0,-642.0,-108.472,5.65755e-07,86.4308,144.003,93.5692,-34.1611,-1374.52,-617.292,-1338.33,-588.002
-1262.0,-642.0,-108.912,5.71157e-07,86.4646,144.398,93.5354,-33.7669,-1374.16,-617.277,-1337.45,-587.979
-1260.0,-642.0,-109.559,5.76586e-07,86.4979,144.784,93.5021,-33.3801,-1373.8,-617.262,-1336.57,-587.956
-1258.0,-642.0,-110.518,5.82041e-07,86.5308,145.164,93.4692,-33.0006,-1373.44,-617.247,-1335.69,-587.933
-1256.0,-642.0,-110.701,6.25657e-07,86.7729,19.117,93.2271,22.6399,-1374.93,-589.543,-1239.86,-636.407
-1254.0,-642.0,-110.885,6.19365e-07,86.7401,19.3195,93.2599,22.8424,-1375.19,-589.551,-1239.86,-637.044
-1252.0,-642.0,-111.122,6.13087e-07,86.6991,19.5261,93.3009,23.0491,-1375.46,-589.559,-1239.86,-637.696
-1250.0,-642.0,-110.845,6.41836e-07,86.8219,141.777,93.1781,39.8918,-1387.97,-589.942,-1319.2,-587.502
-1248.0,-642.0,-110.631,6.47099e-07,86.8228,142.143,93.1772,39.5257,-1387.8,-589.937,-1318.15,-587.475
-1246.0,-642.0,-110.575,6.52389e-07,86.8238,142.504,93.1762,39.1654,-1387.64,-589.932,-1317.1,-587.448
-1244.0,-642.0,-110.649,6.57704e-07,86.825,142.858,93.175,38.811,-1387.48,-589.927,-1316.06,-587.42
-1242.0,-642.0,-110.848,6.63043e-07,86.8262,143.207,93.1738,38.4623,-1387.31,-589.922,-1315.01,-587.393
-1240.0,-642.0,-111.184,6.68406e-07,86.8275,143.55,93.1725,38.1191,-1387.15,-589.917,-1313.97,-587.366
-1238.0,-642.0,0.0,0.0,0.0,0.0,0.0,0.0,0.0,0.0,0.0,0.0
-1236.0,-642.0,0.0,0.0,0.0,0.0,0.0,0.0,0.0,0.0,0.0,0.0
-1234.0,-642.0,0.0,0.0,0.0,0.0,0.0,0.0,0.0,0.0,0.0,0.0
-1232.0,-642.0,0.0,0.0,0.0,0.0,0.0,0.0,0.0,0.0,0.0,0.0
-1230.0,-642.0,0.0,0.0,0.0,0.0,0.0,0.0,0.0,0.0,0.0,0.0
-1228.0,-642.0,0.0,0.0,0.0,0.0,0.0,0.0,0.0,0.0,0.0,0.0
-1226.0,-642.0,0.0,0.0,0.0,0.0,0.0,0.0,0.0,0.0,0.0,0.0
-1224.0,-642.0,0.0,0.0,0.0,0.0,0.0,0.0,0.0,0.0,0.0,0.0
-1222.0,-642.0,0.0,0.0,0.0,0.0,0.0,0.0,0.0,0.0,0.0,0.0
-1220.0,-642.0,0.0,0.0,0.0,0.0,0.0,0.0,0.0,0.0,0.0,0.0
-1218.0,-642.0,0.0,0.0,0.0,0.0,0.0,0.0,0.0,0.0,0.0,0.0
-1216.0,-642.0,0.0,0.0,0.0,0.0,0.0,0.0,0.0,0.0,0.0,0.0
-1214.0,-642.0,0.0,0.0,0.0,0.0,0.0,0.0,0.0,0.0,0.0,0.0
-1212.0,-642.0,0.0,0.0,0.0,0.0,0.0,0.0,0.0,0.0,0.0,0.0
-1210.0,-642.0,0.0,0.0,0.0,0.0,0.0,0.0,0.0,0.0,0.0,0.0
-1208.0,-642.0,-216.664,1.71553e-06,94.4738,99.5352,91.6085,1.08071,-1168.19,-595.627,-1211.11,-623.514
-1206.0,-642.0,-216.037,1.71664e-06,94.4322,100.074,91.6175,1.08071,-1168.19,-595.627,-1209.32,-623.329
-1204.0,-642.0,-177.561,1.23696e-06,95.0337,100.67,92.2725,-2.76158,-1239.86,-607.725,-1207.18,-625.146
-1202.0,-642.0,-215.055,1.71909e-06,94.3671,101.144,91.6537,1.08071,-1168.19,-595.627,-1206.33,-619.997
-1600.0,-640.0,-107.618,6.81007e-07,87.9242,11.3099,92.0758,-168.69,-1600.0,-640.0,-1400.0,-600.0
-1598.0,-640.0,-107.534,6.74469e-07,87.9041,11.4212,92.0959,-168.579,-1598.0,-640.0,-1400.0,-600.0
-1596.0,-640.0,-107.449,6.67933e-07,87.8836,11.5346,92.1164,-168.465,-1596.0,-640.0,-1400.0,-600.0
-1594.0,-640.0,-107.364,6.614e-07,87.8627,11.6503,92.1373,-168.35,-1594.0,-640.0,-1400.0,-600.0
-1592.0,-640.0,-107.277,6.5487e-07,87.8414,11.7683,92.1586,-168.232,-1592.0,-640.0,-1400.0,-600.0
-1590.0,-640.0,-107.19,6.48343e-07,87.8196,11.8887,92.1804,-168.111,-1590.0,-640.0,-1400.0,-600.0
-1588.0,-640.0,-107.102,6.41819e-07,87.7975,12.0115,92.2025,-167.989,-1588.0,-640.0,-1400.0,-600.0
-1586.0,-640.0,-107.013,6.35298e-07,87.7749,12.1368,92.2251,-167.863,-1586.0,-640.0,-1400.0,-600.0
-1584.0,-640.0,-106.923,6.28795e-07,87.719,12.2648,92.281,-167.735,-1584.0,-640.0,-1400.0,-600.0
-1582.0,-640.0,-106.833,6.22305e-07,87.6389,12.3954,92.3611,-167.605,-1582.0,-640.0,-1400.0,-600.0
-1580.0,-640.0,-106.742,6.15818e-07,87.5616,12.5288,92.4384,-167.471,-1580.0,-640.0,-1400.0,-600.0
-1578.0,-640.0,-106.649,6.09336e-07,87.4826,12.6651,92.5174,-167.335,-1578.0,-640.0,-1400.0,-600.0
-1576.0,-640.0,-106.556,6.02858e-07,87.402,12.8043,92.598,-167.196,-1576.0,-640.0,-1400.0,-600.0
-1574.0,-640.0,-106.462,5.96386e-07,87.3196,12.9465,92.6804,-167.053,-1574.0,-640.0,-1400.0,-600.0
-1572.0,-640.0,-106.367,5.89918e-07,87.2354,13.0919,92.7646,-166.908,-1572.0,-640.0,-1400.0,-600.0
-1570.0,-640.0,-106.271,5.83455e-07,87.1494,13.2405,92.8506,-166.759,-1570.0,-640.0,-1400.0,-600.0
-1568.0,-640.0,-106.174,5.76998e-07,87.0614,13.3925,92.9386,-166.608,-1568.0,-640.0,-1400.0,-600.0
-1566.0,-640.0,-106.076,5.70546e-07,86.9715,13.5479,93.0285,-166.452,-1566.0,-640.0,-1400.0,-600.0
-1564.0,-640.0,-105.977,5.641e-07,86.8796,13.707,93.1204,-166.293,-1564.0,-640.0,-1400.0,-600.0
-1562.0,-640.0,-105.877,5.5766e-07,86.7856,13.8697,93.2144,-166.13,-1562.0,-640.0,-1400.0,-600.0
-1560.0,-640.0,-105.776,5.51226e-07,86.6894,14.0362,93.3106,-165.964,-1560.0,-640.0,-1400.0,-600.0
-1558.0,-640.0,-105.674,5.44766e-07,86.6491,14.2068,93.3509,-165.793,-1558.0,-640.0,-1400.0,-600.0
-1556.0,-640.0,-105.57,5.3831e-07,86.6089,14.3814,93.3911,-165.619,-1556.0,-640.0,-1400.0,-600.0
-1554.0,-640.0,-105.465,5.3186e-07,86.5677,14.5603,93.4323,-165.44,-1554.0,-640.0,-1400.0,-600.0
-1552.0,-640.0,-105.359,5.25415e-07,86.5256,14.7436,93.4744,-165.256,-1552.0,-640.0,-1400.0,-600.0
-1550.0,-640.0,-105.251,5.18976e-07,86.4824,14.9314,93.5176,-165.069,-1550.0,-640.0,-1400.0,-600.0
-1548.0,-640.0,-105.143,5.12543e-07,86.4382,15.124,93.5618,-164.876,-1548.0,-640.0,-1400.0,-600.0
-1546.0,-640.0,-105.033,5.06116e-07,86.3929,15.3215,93.6071,-164.678,-1546.0,-640.0,-1400.0,-600.0
-1544.0,-640.0,-104.922,4.99696e-07,86.3465,15.5241,93.6535,-164.476,-1544.0,-640.0,-1400.0,-600.0
-1542.0,-640.0,-104.809,4.93283e-07,86.2989,15.732,93.7011,-164.268,-1542.0,-640.0,-1400.0,-600.0
-1540.0,-640.0,-104.696,4.86876e-07,86.2502,15.9454,93.7498,-164.055,-1540.0,-640.0,-1400.0,-600.0
-1538.0,-640.0,-104.58,4.80477e-07,86.2001,16.1645,93.7999,-163.836,-1538.0,-640.0,-1400.0,-600.0
-1536.0,-640.0,-104.464,4.74071e-07,86.1738,16.3895,93.8262,-163.61,-1536.0,-640.0,-1400.0,-600.0
-1534.0,-640.0,-104.345,4.67668e-07,86.1559,16.6208,93.8441,-163.379,-1534.0,-640.0,-1400.0,-600.0
-1532.0,-640.0,-104.225,4.61273e-07,86.1376,16.8584,93.8624,-163.142,-1532.0,-640.0,-1400.0,-600.0
-1530.0,-640.0,-104.104,4.54886e-07,86.1188,17.1027,93.8812,-162.897,-1530.0,-640.0,-1400.0,-600.0
-1528.0,-640.0,-103.981,4.48508e-07,86.0996,17.354,93.9004,-162.646,-1528.0,-640.0,-1400.0,-600.0
-1526.0,-640.0,-103.857,4.42138e-07,86.0799,17.6126,93.9201,-162.387,-1526.0,-640.0,-1400.0,-600.0
-1524.0,-640.0,-103.73,4.35778e-07,86.0598,17.8787,93.9402,-162.121,-1524.0,-640.0,-1400.0,-600.0
-1522.0,-640.0,-103.603,4.29427e-07,86.0391,18.1527,93.9609,-161.847,-1522.0,-640.0,-1400.0,-600.0
-1520.0,-640.0,-103.473,4.23087e-07,86.0178,18.4349,93.9822,-161.565,-1520.0,-640.0,-1400.0,-600.0
-1518.0,-640.0,-103.342,4.16757e-07,85.9961,18.7258,94.0039,-161.274,-1518.0,-640.0,-1400.0,-600.0
-1516.0,-640.0,-103.209,4.10438e-07,85.9738,19.0256,94.0262,-160.974,-1516.0,-640.0,-1400.0,-600.0
-1514.0,-640.0,-103.074,4.04131e-07,85.9509,19.3348,94.0491,-160.665,-1514.0,-640.0,-1400.0,-600.0
-1512.0,-640.0,-102.938,3.97836e-07,85.9273,19.6538,94.0727,-160.346,-1512.0,-640.0,-1400.0,-600.0
-1510.0,-640.0,-102.799,3.91554e-07,85.9032,19.9831,94.0968,-160.017,-1510.0,-640.0,-1400.0,-600.0
-1508.0,-640.0,-102.659,3.85285e-07,85.8784,20.3231,94.1216,-159.677,-1508.0,-640.0,-1400.0,-600.0
-1506.0,-640.0,-102.516,3.7903e-07,85.853,20.6744,94.147,-159.326,-1506.0,-640.0,-1400.0,-600.0
-1504.0,-640.0,-102.372,3.72789e-07,85.8269,21.0375,94.1731,-158.962,-1504.0,-640.0,-1400.0,-600.0
-1502.0,-640.0,-102.225,3.66565e-07,85.8,21.413,94.2,-158.587,-1502.0,-640.0,-1400.0,-600.0
-1500.0,-640.0,-102.077,3.60356e-07,85.7724,21.8014,94.2276,-158.199,-1500.0,-640.0,-1400.0,-600.0
-1498.0,-640.0,-101.926,3.54165e-07,85.7441,22.2035,94.2559,-157.797,-1498.0,-640.0,-1400.0,-600.0
-1496.0,-640.0,-101.773,3.47992e-07,85.7149,22.6199,94.2851,-157.38,-1496.0,-640.0,-1400.0,-600.0
-1494.0,-640.0,-101.618,3.41837e-07,85.685,23.0513,94.315,-156.949,-1494.0,-640.0,-1400.0,-600.0
-1492.0,-640.0,-101.46,3.35703e-07,85.6542,23.4986,94.3458,-156.501,-1492.0,-640.0,-1400.0,-600.0
-1490.0,-640.0,-101.3,3.29577e-07,85.6519,23.9625,94.3481,-156.038,-1490.0,-640.0,-1400.0,-600.0
-1488.0,-640.0,-101.138,3.23487e-07,85.6199,24.444,94.3801,-155.556,-1488.0,-640.0,-1400.0,-600.0
-1486.0,-640.0,-100.973,3.1742e-07,85.5871,24.9439,94.4129,-155.056,-1486.0,-640.0,-1400.0,-600.0
-1484.0,-640.0,-100.806,3.11378e-07,85.5533,25.4633,94.4467,-154.537,-1484.0,-640.0,-1400.0,-600.0
-1482.0,-640.0,-100.636,3.05362e-07,85.5185,26.0033,94.4815,-153.997,-1482.0,-640.0,-1400.0,-600.0
-1480.0,-640.0,-100.464,2.99375e-07,85.4828,26.5651,94.5172,-153.435,-1480.0,-640.0,-1400.0,-600.0
-1478.0,-640.0,-100.289,2.93418e-07,85.4461,27.1497,94.5539,-152.85,-1478.0,-640.0,-1400.0,-600.0
-1476.0,-640.0,-100.112,2.87492e-07,85.4083,27.7585,94.5917,-152.241,-1476.0,-640.0,-1400.0,-600.0
-1474.0,-640.0,-99.9315,2.81601e-07,85.3695,28.393,94.6305,-151.607,-1474.0,-640.0,-1400.0,-600.0
-1472.0,-640.0,-99.7487,2.75745e-07,85.3297,29.0546,94.6703,-150.945,-1472.0,-640.0,-1400.0,-600.0
-1470.0,-640.0,-99.5633,2.69927e-07,85.2888,29.7449,94.7112,-150.255,-1470.0,-640.0,-1400.0,-600.0
-1468.0,-640.0,-99.3751,2.6415e-07,85.2469,30.4655,94.7531,-149.534,-1468.0,-640.0,-1400.0,-600.0
-1466.0,-640.0,-99.1851,2.5844e-07,85.1419,31.2184,94.8581,-148.782,-1466.0,-640.0,-1400.0,-600.0
-1464.0,-640.0,-98.9933,2.52802e-07,84.9692,32.0054,95.0308,-147.995,-1464.0,-640.0,-1400.0,-600.0
-1462.0,-640.0,-98.799,2.47216e-07,84.7896,32.8285,95.2104,-147.171,-1462.0,-640.0,-1400.0,-600.0
-1460.0,-640.0,-98.6022,2.41686e-07,84.603,33.6901,95.397,-146.31,-1460.0,-640.0,-1400.0,-600.0
-1458.0,-640.0,-98.4031,2.36215e-07,84.409,34.5923,95.591,-145.408,-1458.0,-640.0,-1400.0,-600.0
-1456.0,-640.0,-98.2018,2.30807e-07,84.2073,35.5377,95.7927,-144.462,-1456.0,-640.0,-1400.0,-600.0
-1454.0,-640.0,-97.9982,2.25468e-07,83.9976,36.5289,96.0024,-143.471,-1454.0,-640.0,-1400.0,-600.0
-1452.0,-640.0,-97.7927,2.20201e-07,83.7798,37.5686,96.2202,-142.431,-1452.0,-640.0,-1400.0,-600.0
-1450.0,-640.0,-97.5855,2.15014e-07,83.5536,38.6598,96.4464,-141.34,-1450.0,-640.0,-1400.0,-600.0
-1448.0,-640.0,-97.3766,2.0991e-07,83.3188,39.8056,96.6812,-140.194,-1448.0,-640.0,-1400.0,-600.0
-1446.0,-640.0,-97.1665,2.04898e-07,83.0752,41.0091,96.9248,-138.991,-1446.0,-640.0,-1400.0,-600.0
-1444.0,-640.0,-96.9554,1.99983e-07,82.8228,42.2737,97.1772,-137.726,-1444.0,-640.0,-1400.0,-600.0
-1442.0,-640.0,-96.7437,1.95172e-07,82.5615,43.6028,97.4385,-136.397,-1442.0,-640.0,-1400.0,-600.0
-1440.0,-640.0,-96.5319,1.90475e-07,82.2915,45.0,97.7085,-135.0,-1440.0,-640.0,-1400.0,-600.0
-1438.0,-640.0,-96.3205,1.85898e-07,82.0129,46.4688,97.9871,-133.531,-1438.0,-640.0,-1400.0,-600.0
-1436.0,-640.0,-96.11,1.81453e-07,81.726,48.0128,98.274,-131.987,-1436.0,-640.0,-1400.0,-600.0
-1434.0,-640.0,-95.9013,1.77147e-07,81.4314,49.6355,98.5686,-130.365,-1434.0,-640.0,-1400.0,-600.0
-1432.0,-640.0,-95.695,1.72993e-07,81.1296,51.3402,98.8704,-128.66,-1432.0,-640.0,-1400.0,-600.0
-1430.0,-640.0,-95.492,1.69e-07,80.8215,53.1301,99.1785,-126.87,-1430.0,-640.0,-1400.0,-600.0
-1428.0,-640.0,-95.2933,1.65181e-07,80.5084,55.008,99.4916,-124.992,-1428.0,-640.0,-1400.0,-600.0
-1426.0,-640.0,-95.1,1.61548e-07,80.1915,56.9761,99.8085,-123.024,-1426.0,-640.0,-1400.0,-600.0
-1424.0,-640.0,-94.9132,1.58114e-07,79.8726,59.0362,100.127,-120.964,-1424.0,-640.0,-1400.0,-600.0
-1422.0,-640.0,-94.7342,1.54891e-07,79.5537,61.1892,100.446,-118.811,-1422.0,-640.0,-1400.0,-600.0
-1420.0,-640.0,-94.5644,1.51895e-07,79.2371,63.4349,100.763,-116.565,-1420.0,-640.0,-1400.0,-600.0
-1418.0,-640.0,-94.4052,1.49137e-07,78.9254,65.7723,101.075,-114.228,-1418.0,-640.0,-1400.0,-600.0
-1416.0,-640.0,-94.2579,1.46632e-07,78.6215,68.1986,101.378,-111.801,-1416.0,-640.0,-1400.0,-600.0
-1414.0,-640.0,-94.1242,1.44393e-07,78.3285,70.71,101.671,-109.29,-1414.0,-640.0,-1400.0,-600.0
-1412.0,-640.0,-94.0053,1.42432e-07,78.0498,73.3008,101.95,-106.699,-1412.0,-640.0,-1400.0,-600.0
-1410.0,-640.0,-93.9028,1.40761e-07,77.7885,75.9638,102.212,-104.036,-1410.0,-640.0,-1400.0,-600.0
-1408.0,-640.0,-116.591,1.13554e-06,88.4833,-11.7998,91.5167,18.9887,-1369.09,-589.364,-1342.75,-653.632
-1406.0,-640.0,-116.456,1.12902e-06,88.4603,-11.8691,91.5397,19.058,-1369.22,-589.368,-1341.35,-653.587
-1404.0,-640.0,-116.323,1.1225e-06,88.4369,-11.9392,91.5631,19.1281,-1369.36,-589.372,-1339.95,-653.542
-1402.0,-640.0,-116.193,1.11599e-06,88.4133,-12.0101,91.5867,19.199,-1369.49,-589.376,-1338.55,-653.497
-1400.0,-640.0,-116.066,1.10947e-06,88.3895,-12.0818,91.6105,19.2707,-1369.63,-589.381,-1337.15,-653.453
-1398.0,-640.0,-115.942,1.10295e-06,88.3653,-12.1544,91.6347,19.3433,-1369.76,-589.385,-1335.75,-653.408
-1396.0,-640.0,-115.821,1.09644e-06,88.3409,-12.2278,91.6591,19.4168,-1369.9,-589.389,-1334.34,-653.363
-1394.0,-640.0,-115.703,1.08993e-06,88.3161,-12.3022,91.6839,19.4911,-1370.03,-589.393,-1332.93,-653.318
-1392.0,-640.0,-115.589,1.08342e-06,88.2911,-12.3774,91.7089,19.5663,-1370.17,-589.397,-1331.52,-653.272
-1390.0,-640.0,-115.477,1.07692e-06,88.2658,-12.4535,91.7342,19.6425,-1370.31,-589.401,-1330.11,-653.227
-1388.0,-640.0,-115.369,1.07041e-06,88.2402,-12.5306,91.7598,19.7195,-1370.44,-589.406,-1328.69,-653.182
-1386.0,-640.0,-115.265,1.06391e-06,88.2142,-12.6086,91.7858,19.7976,-1370.58,-589.41,-1327.27,-653.136
-1384.0,-640.0,-115.163,1.05741e-06,88.188,-12.6876,91.812,19.8765,-1370.72,-589.414,-1325.85,-653.091
-1382.0,-640.0,-115.065,1.05092e-06,88.1614,-12.7676,91.8386,19.9565,-1370.86,-589.418,-1324.43,-653.045
-1380.0,-640.0,-114.97,1.04442e-06,88.1345,-12.8485,91.8655,20.0374,-1371.0,-589.423,-1323.0,-653.0
-1378.0,-640.0,-114.878,1.03793e-06,88.1073,-12.9305,91.8927,20.1194,-1371.14,-589.427,-1321.58,-652.954
-1376.0,-640.0,-114.79,1.03144e-06,88.0797,-13.0135,91.9203,20.2024,-1371.28,-589.431,-1320.15,-652.908
-1374.0,-640.0,-114.027,3.36154e-07,90.8166,106.016,99.2549,-72.893,-1394.42,-618.131,-1383.08,-608.383
-1372.0,-640.0,-114.549,3.38052e-07,90.7642,107.103,99.2508,-71.7902,-1394.04,-618.115,-1381.73,-608.383
-1370.0,-640.0,-114.545,1.01198e-06,88.0079,-13.2689,91.9921,20.4578,-1371.7,-589.444,-1315.84,-652.771
-1368.0,-640.0,-114.469,1.00548e-06,87.995,-13.3562,92.005,20.5451,-1371.85,-589.449,-1314.41,-652.725
-1366.0,-640.0,-114.397,9.98997e-07,87.982,-13.4447,92.018,20.6336,-1371.99,-589.453,-1312.96,-652.679
-1364.0,-640.0,-114.329,9.92512e-07,87.9688,-13.5343,92.0312,20.7232,-1372.13,-589.457,-1311.52,-652.632
-1362.0,-640.0,-114.264,9.86029e-07,87.9554,-13.6251,92.0446,20.814,-1372.28,-589.462,-1310.07,-652.586
-1360.0,-640.0,-116.948,9.45344e-07,87.8674,8.11158,92.1326,-8.13002,-1239.86,-622.877,-1239.86,-622.877
-1358.0,-640.0,-116.8,9.38742e-07,87.8524,8.16909,92.1476,-8.18753,-1239.86,-623.041,-1239.86,-623.041
-1356.0,-640.0,-115.415,3.57412e-07,90.7144,115.312,99.4643,-63.474,-1391.02,-617.988,-1373.09,-603.872
-1354.0,-640.0,-114.505,3.60316e-07,90.7086,116.271,99.4776,-62.5015,-1390.64,-617.972,-1372.1,-603.339
-1352.0,-640.0,-116.351,9.18943e-07,87.8061,8.3466,92.1939,-8.36503,-1239.86,-623.547,-1239.86,-623.547
-1350.0,-640.0,-116.201,9.12346e-07,87.7902,8.40748,92.2098,-8.42591,-1239.86,-623.721,-1239.86,-623.721
-1348.0,-640.0,-114.342,9.19422e-07,87.8276,12.4391,92.1724,15.962,-1362.06,-589.149,-1239.86,-616.146
-1346.0,-640.0,-114.174,9.129e-07,87.8303,12.5294,92.1697,16.0523,-1362.32,-589.157,-1239.86,-616.412
-1344.0,-640.0,-114.009,9.06381e-07,87.8325,12.621,92.1675,16.1439,-1362.57,-589.165,-1239.86,-616.682
-1342.0,-640.0,-113.848,8.99864e-07,87.8348,12.7139,92.1652,16.2368,-1362.82,-589.172,-1239.86,-616.956
-1340.0,-640.0,-113.69,8.93349e-07,87.8371,12.8081,92.1629,16.3311,-1363.07,-589.18,-1239.86,-617.234
-1338.0,-640.0,-113.536,8.86837e-07,87.8394,12.9038,92.1606,16.4267,-1363.33,-589.188,-1239.86,-617.516
-1336.0,-640.0,-113.385,8.80327e-07,87.8418,13.0008,92.1582,16.5238,-1363.58,-589.196,-1239.86,-617.803
-1334.0,-640.0,-113.237,8.7382e-07,87.8442,13.0993,92.1558,16.6223,-1363.84,-589.203,-1239.86,-618.094
-1332.0,-640.0,-113.093,8.67316e-07,87.8466,13.1993,92.1534,16.7223,-1364.09,-589.211,-1239.86,-618.39
-1330.0,-640.0,-112.952,8.60814e-07,87.8491,13.3008,92.1509,16.8238,-1364.35,-589.219,-1239.86,-618.69
-1328.0,-640.0,-112.813,8.54315e-07,87.8516,13.4039,92.1484,16.9268,-1364.6,-589.227,-1239.86,-618.996
-1326.0,-640.0,-112.678,8.47819e-07,87.8542,13.5085,92.1458,17.0314,-1364.86,-589.235,-1239.86,-619.306
-1324.0,-640.0,-112.545,8.41333e-07,87.8428,13.6147,92.1572,17.1377,-1365.11,-589.243,-1239.86,-619.621
-1322.0,-640.0,-112.414,8.34859e-07,87.8162,13.7226,92.1838,17.2456,-1365.37,-589.25,-1239.86,-619.942
-1320.0,-640.0,-112.286,8.28393e-07,87.7797,13.8322,92.2203,17.3551,-1365.63,-589.258,-1239.86,-620.268
-1318.0,-640.0,-112.161,8.2193e-07,87.7426,13.9435,92.2574,17.4664,-1365.89,-589.266,-1239.86,-620.599
-1316.0,-640.0,-112.038,8.15472e-07,87.7049,14.0566,92.2951,17.5795,-1366.15,-589.274,-1239.86,-620.936
-1314.0,-640.0,-111.918,8.09016e-07,87.6666,14.1715,92.3334,17.6944,-1366.4,-589.282,-1239.86,-621.279
-1312.0,-640.0,-111.801,8.02565e-07,87.6277,14.2882,92.3723,17.8111,-1366.66,-589.29,-1239.86,-621.628
-1310.0,-640.0,-111.686,7.96117e-07,87.5882,14.4068,92.4118,17.9298,-1366.92,-589.298,-1239.86,-621.982
-1308.0,-640.0,-111.574,7.89673e-07,87.5481,14.5274,92.4519,18.0504,-1367.19,-589.306,-1239.86,-622.343
-1306.0,-640.0,-111.464,7.83232e-07,87.5073,14.65,92.4927,18.1729,-1367.45,-589.314,-1239.86,-622.71
-1304.0,-640.0,-111.357,7.76796e-07,87.4658,14.7746,92.5342,18.2976,-1367.71,-589.322,-1239.86,-623.084
-1302.0,-640.0,-111.253,7.70364e-07,87.4237,14.9013,92.5763,18.4243,-1367.97,-589.33,-1239.86,-623.464
-1300.0,-640.0,-111.151,7.63937e-07,87.3808,15.0301,92.6192,18.5531,-1368.23,-589.338,-1239.86,-623.852
-1298.0,-640.0,-111.052,7.57505e-07,87.3513,15.1612,92.6487,18.6841,-1368.5,-589.346,-1239.86,-624.246
-1296.0,-640.0,-110.955,7.51073e-07,87.3286,15.2945,92.6714,18.8174,-1368.76,-589.354,-1239.86,-624.648
-1294.0,-640.0,-110.862,7.44645e-07,87.3056,15.4301,92.6944,18.953,-1369.02,-589.362,-1239.86,-625.057
-1292.0,-640.0,-110.771,7.38221e-07,87.2821,15.568,92.7179,19.091,-1369.29,-589.37,-1239.86,-625.474
-1290.0,-640.0,-110.683,7.31802e-07,87.2583,15.7084,92.7417,19.2314,-1369.55,-589.378,-1239.86,-625.899
-1288.0,-640.0,-110.599,7.25387e-07,87.234,15.8513,92.766,19.3742,-1369.82,-589.386,-1239.86,-626.331
-1286.0,-640.0,-110.518,7.18978e-07,87.2093,15.9967,92.7907,19.5197,-1370.08,-589.395,-1239.86,-626.773
-1284.0,-640.0,-109.931,5.52542e-07,86.3677,135.013,93.6323,46.6561,-1390.58,-590.022,-1336.08,-587.943
-1282.0,-640.0,-110.331,5.57272e-07,86.3986,135.499,93.6014,46.1701,-1390.42,-590.017,-1335.0,-587.915
-1280.0,-640.0,-110.298,6.99778e-07,87.1327,16.449,92.8673,19.972,-1370.88,-589.419,-1239.86,-628.149
-1278.0,-640.0,-110.234,6.93388e-07,87.1063,16.6054,92.8937,20.1283,-1371.15,-589.427,-1239.86,-628.626
-1276.0,-640.0,-110.176,6.8701e-07,87.0693,16.7646,92.9307,20.2876,-1371.42,-589.436,-1239.86,-629.113
-1274.0,-640.0,-107.758,5.35087e-07,86.2304,142.478,93.7696,-35.6863,-1375.85,-617.348,-1341.6,-588.087
-1272.0,-640.0,-107.761,5.40383e-07,86.2674,142.91,93.7326,-35.2545,-1375.48,-617.333,-1340.7,-588.064
-1270.0,-640.0,-107.874,5.4571e-07,86.3039,143.333,93.6961,-34.831,-1375.11,-617.317,-1339.79,-588.04
-1268.0,-640.0,-108.097,5.51067e-07,86.3399,143.749,93.6601,-34.4158,-1374.75,-617.302,-1338.89,-588.017
-1266.0,-640.0,-108.448,5.56451e-07,86.3754,144.156,93.6246,-34.0087,-1374.38,-617.286,-1337.99,-587.993
-1264.0,-640.0,-108.973,5.61864e-07,86.4103,144.555,93.5897,-33.6094,-1374.01,-617.271,-1337.09,-587.97
-1262.0,-640.0,-109.751,5.67303e-07,86.4448,144.947,93.5552,-33.2178,-1373.65,-617.256,-1336.19,-587.946
-1260.0,-640.0,-110.001,6.36153e-07,86.83,18.1538,93.17,21.6768,-1373.59,-589.502,-1239.86,-633.397
-1258.0,-640.0,-110.039,6.29825e-07,86.7981,18.3433,93.2019,21.8662,-1373.86,-589.51,-1239.86,-633.986
-1256.0,-640.0,-110.098,6.23504e-07,86.7656,18.5366,93.2344,22.0595,-1374.13,-589.519,-1239.86,-634.589
-1254.0,-640.0,-110.183,6.17191e-07,86.7325,18.7339,93.2675,22.2568,-1374.41,-589.527,-1239.86,-635.205
-1252.0,-640.0,-110.301,6.10895e-07,86.6833,18.9352,93.3167,22.4582,-1374.68,-589.535,-1239.86,-635.836
-1250.0,-640.0,-110.452,6.37737e-07,86.7977,142.249,93.2023,39.4201,-1387.76,-589.935,-1317.84,-587.467
-1248.0,-640.0,-110.437,6.43034e-07,86.799,142.614,93.201,39.0554,-1387.59,-589.93,-1316.78,-587.439
-1246.0,-640.0,-110.553,6.48357e-07,86.8004,142.972,93.1996,38.6968,-1387.42,-589.925,-1315.72,-587.411
-1244.0,-640.0,-110.8,6.53704e-07,86.8019,143.325,93.1981,38.344,-1387.26,-589.92,-1314.65,-587.384
-1242.0,-640.0,-106.974,5.66228e-07,86.2786,159.479,93.7214,24.0258,-1376.66,-589.596,-1376.66,-589.596
-1240.0,-640.0,-106.969,5.72488e-07,86.2911,159.713,93.7089,23.7911,-1376.38,-589.587,-1376.38,-589.587
-1238.0,-640.0,0.0,0.0,0.0,0.0,0.0,0.0,0.0,0.0,0.0,0.0
-1236.0,-640.0,0.0,0.0,0.0,0.0,0.0,0.0,0.0,0.0,0.0,0.0
-1234.0,-640.0,0.0,0.0,0.0,0.0,0.0,0.0,0.0,0.0,0.0,0.0
-1232.0,-640.0,0.0,0.0,0.0,0.0,0.0,0.0,0.0,0.0,0.0,0.0
-1230.0,-640.0,0.0,0.0,0.0,0.0,0.0,0.0,0.0,0.0,0.0,0.0
-1228.0,-640.0,0.0,0.0,0.0,0.0,0.0,0.0,0.0,0.0,0.0,0.0
-1226.0,-640.0,0.0,0.0,0.0,0.0,0.0,0.0,0.0,0.0,0.0,0.0
-1224.0,-640.0,0.0,0.0,0.0,0.0,0.0,0.0,0.0,0.0,0.0,0.0
-1222.0,-640.0,0.0,0.0,0.0,0.0,0.0,0.0,0.0,0.0,0.0,0.0
-1220.0,-640.0,0.0,0.0,0.0,0.0,0.0,0.0,0.0,0.0,0.0,0.0
-1218.0,-640.0,0.0,0.0,0.0,0.0,0.0,0.0,0.0,0.0,0.0,0.0
-1216.0,-640.0,0.0,0.0,0.0,0.0,0.0,0.0,0.0,0.0,0.0,0.0
-1214.0,-640.0,0.0,0.0,0.0,0.0,0.0,0.0,0.0,0.0,0.0,0.0
-1212.0,-640.0,0.0,0.0,0.0,0.0,0.0,0.0,0.0,0.0,0.0,0.0
-1210.0,-640.0,0.0,0.0,0.0,0.0,0.0,0.0,0.0,0.0,0.0,0.0
-1208.0,-640.0,0.0,0.0,0.0,0.0,0.0,0.0,0.0,0.0,0.0,0.0
-1206.0,-640.0,0.0,0.0,0.0,0.0,0.0,0.0,0.0,0.0,0.0,0.0
-1204.0,-640.0,-177.378,1.23042e-06,95.0508,100.771,92.2989,-2.76158,-1239.86,-607.725,-1207.27,-622.827
-1202.0,-640.0,0.0,0.0,0.0,0.0,0.0,0.0,0.0,0.0,0.0,0.0
-1600.0,-638.0,-107.602,6.79707e-07,87.9748,10.758,92.0252,-169.242,-1600.0,-638.0,-1400.0,-600.0
-1598.0,-638.0,-107.517,6.73156e-07,87.9551,10.8641,92.0449,-169.136,-1598.0,-638.0,-1400.0,-600.0
-1596.0,-638.0,-107.432,6.66608e-07,87.935,10.9722,92.065,-169.028,-1596.0,-638.0,-1400.0,-600.0
-1594.0,-638.0,-107.346,6.60062e-07,87.9146,11.0826,92.0854,-168.917,-1594.0,-638.0,-1400.0,-600.0
-1592.0,-638.0,-107.259,6.53519e-07,87.8937,11.1951,92.1063,-168.805,-1592.0,-638.0,-1400.0,-600.0
-1590.0,-638.0,-107.172,6.46978e-07,87.8724,11.3099,92.1276,-168.69,-1590.0,-638.0,-1400.0,-600.0
-1588.0,-638.0,-107.083,6.4044e-07,87.8507,11.4271,92.1493,-168.573,-1588.0,-638.0,-1400.0,-600.0
-1586.0,-638.0,-106.994,6.33905e-07,87.8285,11.5467,92.1715,-168.453,-1586.0,-638.0,-1400.0,-600.0
-1584.0,-638.0,-106.904,6.27387e-07,87.7731,11.6688,92.2269,-168.331,-1584.0,-638.0,-1400.0,-600.0
-1582.0,-638.0,-106.813,6.20891e-07,87.6734,11.7934,92.3266,-168.207,-1582.0,-638.0,-1400.0,-600.0
-1580.0,-638.0,-106.721,6.14388e-07,87.5962,11.9207,92.4038,-168.079,-1580.0,-638.0,-1400.0,-600.0
-1578.0,-638.0,-106.629,6.0789e-07,87.5174,12.0508,92.4826,-167.949,-1578.0,-638.0,-1400.0,-600.0
-1576.0,-638.0,-106.535,6.01397e-07,87.4368,12.1837,92.5632,-167.816,-1576.0,-638.0,-1400.0,-600.0
-1574.0,-638.0,-106.441,5.94908e-07,87.3545,12.3194,92.6455,-167.681,-1574.0,-638.0,-1400.0,-600.0
-1572.0,-638.0,-106.345,5.88423e-07,87.2705,12.4582,92.7295,-167.542,-1572.0,-638.0,-1400.0,-600.0
-1570.0,-638.0,-106.249,5.81943e-07,87.1845,12.6002,92.8155,-167.4,-1570.0,-638.0,-1400.0,-600.0
-1568.0,-638.0,-106.151,5.75469e-07,87.0967,12.7453,92.9033,-167.255,-1568.0,-638.0,-1400.0,-600.0
-1566.0,-638.0,-106.053,5.68999e-07,87.0068,12.8937,92.9932,-167.106,-1566.0,-638.0,-1400.0,-600.0
-1564.0,-638.0,-105.953,5.62535e-07,86.915,13.0456,93.085,-166.954,-1564.0,-638.0,-1400.0,-600.0
-1562.0,-638.0,-105.853,5.56076e-07,86.821,13.2011,93.179,-166.799,-1562.0,-638.0,-1400.0,-600.0
-1560.0,-638.0,-105.751,5.49623e-07,86.7248,13.3602,93.2752,-166.64,-1560.0,-638.0,-1400.0,-600.0
-1558.0,-638.0,-105.648,5.43169e-07,86.6393,13.5232,93.3607,-166.477,-1558.0,-638.0,-1400.0,-600.0
-1556.0,-638.0,-105.544,5.36694e-07,86.5987,13.69,93.4013,-166.31,-1556.0,-638.0,-1400.0,-600.0
-1554.0,-638.0,-105.438,5.30224e-07,86.5571,13.861,93.4429,-166.139,-1554.0,-638.0,-1400.0,-600.0
-1552.0,-638.0,-105.331,5.23759e-07,86.5146,14.0362,93.4854,-165.964,-1552.0,-638.0,-1400.0,-600.0
-1550.0,-638.0,-105.223,5.173e-07,86.471,14.2159,93.529,-165.784,-1550.0,-638.0,-1400.0,-600.0
-1548.0,-638.0,-105.114,5.10846e-07,86.4263,14.4,93.5737,-165.6,-1548.0,-638.0,-1400.0,-600.0
-1546.0,-638.0,-105.003,5.04398e-07,86.3806,14.5889,93.6194,-165.411,-1546.0,-638.0,-1400.0,-600.0
-1544.0,-638.0,-104.891,4.97955e-07,86.3337,14.7827,93.6663,-165.217,-1544.0,-638.0,-1400.0,-600.0
-1542.0,-638.0,-104.778,4.91519e-07,86.2856,14.9816,93.7144,-165.018,-1542.0,-638.0,-1400.0,-600.0
-1540.0,-638.0,-104.664,4.85089e-07,86.2363,15.1858,93.7637,-164.814,-1540.0,-638.0,-1400.0,-600.0
-1538.0,-638.0,-104.548,4.78666e-07,86.1858,15.3955,93.8142,-164.604,-1538.0,-638.0,-1400.0,-600.0
-1536.0,-638.0,-104.43,4.72236e-07,86.1589,15.611,93.8411,-164.389,-1536.0,-638.0,-1400.0,-600.0
-1534.0,-638.0,-104.31,4.65808e-07,86.1405,15.8324,93.8595,-164.168,-1534.0,-638.0,-1400.0,-600.0
-1532.0,-638.0,-104.19,4.59387e-07,86.1217,16.06,93.8783,-163.94,-1532.0,-638.0,-1400.0,-600.0
-1530.0,-638.0,-104.067,4.52973e-07,86.1024,16.294,93.8976,-163.706,-1530.0,-638.0,-1400.0,-600.0
-1528.0,-638.0,-103.943,4.46567e-07,86.0826,16.5348,93.9174,-163.465,-1528.0,-638.0,-1400.0,-600.0
-1526.0,-638.0,-103.818,4.4017e-07,86.0624,16.7826,93.9376,-163.217,-1526.0,-638.0,-1400.0,-600.0
-1524.0,-638.0,-103.69,4.33781e-07,86.0416,17.0378,93.9584,-162.962,-1524.0,-638.0,-1400.0,-600.0
-1522.0,-638.0,-103.561,4.274e-07,86.0202,17.3005,93.9798,-162.699,-1522.0,-638.0,-1400.0,-600.0
-1520.0,-638.0,-103.431,4.21029e-07,85.9983,17.5713,94.0017,-162.429,-1520.0,-638.0,-1400.0,-600.0
-1518.0,-638.0,-103.298,4.14668e-07,85.9759,17.8503,94.0241,-162.15,-1518.0,-638.0,-1400.0,-600.0
-1516.0,-638.0,-103.164,4.08317e-07,85.9528,18.1381,94.0472,-161.862,-1516.0,-638.0,-1400.0,-600.0
-1514.0,-638.0,-103.028,4.01976e-07,85.9291,18.4349,94.0709,-161.565,-1514.0,-638.0,-1400.0,-600.0
-1512.0,-638.0,-102.89,3.95647e-07,85.9048,18.7413,94.0952,-161.259,-1512.0,-638.0,-1400.0,-600.0
-1510.0,-638.0,-102.75,3.89329e-07,85.8798,19.0577,94.1202,-160.942,-1510.0,-638.0,-1400.0,-600.0
-1508.0,-638.0,-102.608,3.83024e-07,85.8541,19.3845,94.1459,-160.615,-1508.0,-638.0,-1400.0,-600.0
-1506.0,-638.0,-102.463,3.76732e-07,85.8276,19.7223,94.1724,-160.278,-1506.0,-638.0,-1400.0,-600.0
-1504.0,-638.0,-102.317,3.70453e-07,85.8005,20.0715,94.1995,-159.928,-1504.0,-638.0,-1400.0,-600.0
-1502.0,-638.0,-102.169,3.64188e-07,85.7725,20.4328,94.2275,-159.567,-1502.0,-638.0,-1400.0,-600.0
-1500.0,-638.0,-102.018,3.57938e-07,85.7438,20.8068,94.2562,-159.193,-1500.0,-638.0,-1400.0,-600.0
-1498.0,-638.0,-101.865,3.51704e-07,85.7142,21.1941,94.2858,-158.806,-1498.0,-638.0,-1400.0,-600.0
-1496.0,-638.0,-101.71,3.45487e-07,85.6838,21.5953,94.3162,-158.405,-1496.0,-638.0,-1400.0,-600.0
-1494.0,-638.0,-101.553,3.39287e-07,85.6525,22.0113,94.3475,-157.989,-1494.0,-638.0,-1400.0,-600.0
-1492.0,-638.0,-101.392,3.33098e-07,85.64,22.4428,94.36,-157.557,-1492.0,-638.0,-1400.0,-600.0
-1490.0,-638.0,-101.229,3.26915e-07,85.6544,22.8906,94.3456,-157.109,-1490.0,-638.0,-1400.0,-600.0
-1488.0,-638.0,-101.064,3.20774e-07,85.6215,23.3556,94.3785,-156.644,-1488.0,-638.0,-1400.0,-600.0
-1486.0,-638.0,-100.897,3.14655e-07,85.5876,23.8387,94.4124,-156.161,-1486.0,-638.0,-1400.0,-600.0
-1484.0,-638.0,-100.727,3.08559e-07,85.5527,24.3411,94.4473,-155.659,-1484.0,-638.0,-1400.0,-600.0
-1482.0,-638.0,-100.554,3.02488e-07,85.5168,24.8637,94.4832,-155.136,-1482.0,-638.0,-1400.0,-600.0
-1480.0,-638.0,-100.378,2.96443e-07,85.4798,25.4077,94.5202,-154.592,-1480.0,-638.0,-1400.0,-600.0
-1478.0,-638.0,-100.2,2.90426e-07,85.4417,25.9744,94.5583,-154.026,-1478.0,-638.0,-1400.0,-600.0
-1476.0,-638.0,-100.019,2.84438e-07,85.4025,26.5651,94.5975,-153.435,-1476.0,-638.0,-1400.0,-600.0
-1474.0,-638.0,-99.8347,2.78482e-07,85.3621,27.1811,94.6379,-152.819,-1474.0,-638.0,-1400.0,-600.0
-1472.0,-638.0,-99.6477,2.72559e-07,85.3205,27.8241,94.6795,-152.176,-1472.0,-638.0,-1400.0,-600.0
-1470.0,-638.0,-99.4578,2.66672e-07,85.2777,28.4956,94.7223,-151.504,-1470.0,-638.0,-1400.0,-600.0
-1468.0,-638.0,-99.2654,2.60837e-07,85.1988,29.1975,94.8012,-150.803,-1468.0,-638.0,-1400.0,-600.0
-1466.0,-638.0,-99.0705,2.55058e-07,85.0773,29.9315,94.9227,-150.068,-1466.0,-638.0,-1400.0,-600.0
-1464.0,-638.0,-98.8735,2.49343e-07,84.8992,30.6997,95.1008,-149.3,-1464.0,-638.0,-1400.0,-600.0
-1462.0,-638.0,-98.6736,2.43678e-07,84.7138,31.5043,95.2862,-148.496,-1462.0,-638.0,-1400.0,-600.0
-1460.0,-638.0,-98.471,2.38065e-07,84.5207,32.3474,95.4793,-147.653,-1460.0,-638.0,-1400.0,-600.0
-1458.0,-638.0,-98.2656,2.32509e-07,84.3196,33.2317,95.6804,-146.768,-1458.0,-638.0,-1400.0,-600.0
-1456.0,-638.0,-98.0576,2.27013e-07,84.1101,34.1597,95.8899,-145.84,-1456.0,-638.0,-1400.0,-600.0
-1454.0,-638.0,-97.8471,2.21583e-07,83.892,35.1342,96.108,-144.866,-1454.0,-638.0,-1400.0,-600.0
-1452.0,-638.0,-97.6342,2.16222e-07,83.6649,36.1582,96.3351,-143.842,-1452.0,-638.0,-1400.0,-600.0
-1450.0,-638.0,-97.419,2.10936e-07,83.4284,37.2348,96.5716,-142.765,-1450.0,-638.0,-1400.0,-600.0
-1448.0,-638.0,-97.2018,2.05732e-07,83.1824,38.3675,96.8176,-141.633,-1448.0,-638.0,-1400.0,-600.0
-1446.0,-638.0,-96.9828,2.00615e-07,82.9266,39.5597,97.0734,-140.44,-1446.0,-638.0,-1400.0,-600.0
-1444.0,-638.0,-96.7624,1.95592e-07,82.6608,40.8151,97.3392,-139.185,-1444.0,-638.0,-1400.0,-600.0
-1442.0,-638.0,-96.5408,1.90671e-07,82.3849,42.1376,97.6151,-137.862,-1442.0,-638.0,-1400.0,-600.0
-1440.0,-638.0,-96.3186,1.85859e-07,82.0989,43.5312,97.9011,-136.469,-1440.0,-638.0,-1400.0,-600.0
-1438.0,-638.0,-96.0963,1.81167e-07,81.8029,45.0,98.1971,-135.0,-1438.0,-638.0,-1400.0,-600.0
-1436.0,-638.0,-95.8745,1.76602e-07,81.4971,46.5482,98.5029,-133.452,-1436.0,-638.0,-1400.0,-600.0
-1434.0,-638.0,-95.6538,1.72175e-07,81.182,48.1798,98.818,-131.82,-1434.0,-638.0,-1400.0,-600.0
-1432.0,-638.0,-95.4351,1.67897e-07,80.8581,49.8991,99.1419,-130.101,-1432.0,-638.0,-1400.0,-600.0
-1430.0,-638.0,-95.2193,1.63781e-07,80.5264,51.7098,99.4736,-128.29,-1430.0,-638.0,-1400.0,-600.0
-1428.0,-638.0,-95.0074,1.59837e-07,80.188,53.6156,99.812,-126.384,-1428.0,-638.0,-1400.0,-600.0
-1426.0,-638.0,-94.8006,1.5608e-07,79.8443,55.6197,100.156,-124.38,-1426.0,-638.0,-1400.0,-600.0
-1424.0,-638.0,-94.6002,1.52522e-07,79.4972,57.7244,100.503,-122.276,-1424.0,-638.0,-1400.0,-600.0
-1422.0,-638.0,-94.4076,1.49179e-07,79.149,59.9314,100.851,-120.069,-1422.0,-638.0,-1400.0,-600.0
-1420.0,-638.0,-94.2243,1.46066e-07,78.8021,62.2415,101.198,-117.759,-1420.0,-638.0,-1400.0,-600.0
-1418.0,-638.0,-94.0518,1.43196e-07,78.4597,64.6538,101.54,-115.346,-1418.0,-638.0,-1400.0,-600.0
-1416.0,-638.0,-93.8919,1.40585e-07,78.1251,67.1663,101.875,-112.834,-1416.0,-638.0,-1400.0,-600.0
-1414.0,-638.0,-93.7462,1.38248e-07,77.802,69.7751,102.198,-110.225,-1414.0,-638.0,-1400.0,-600.0
-1412.0,-638.0,-93.6164,1.36199e-07,77.4942,72.4744,102.506,-107.526,-1412.0,-638.0,-1400.0,-600.0
-1410.0,-638.0,-93.5041,1.3445e-07,77.2058,75.2564,102.794,-104.744,-1410.0,-638.0,-1400.0,-600.0
-1408.0,-638.0,-116.23,1.13693e-06,88.4852,-12.1291,91.5148,19.318,-1369.71,-589.383,-1336.23,-653.423
-1406.0,-638.0,-116.112,1.13041e-06,88.4621,-12.2002,91.5379,19.3891,-1369.85,-589.387,-1334.87,-653.38
-1404.0,-638.0,-115.996,1.1239e-06,88.4389,-12.2721,91.5611,19.4611,-1369.98,-589.391,-1333.5,-653.336
-1402.0,-638.0,-115.883,1.11739e-06,88.4153,-12.3449,91.5847,19.5338,-1370.11,-589.395,-1332.13,-653.292
-1400.0,-638.0,-115.773,1.11088e-06,88.3915,-12.4185,91.6085,19.6074,-1370.24,-589.399,-1330.76,-653.248
-1398.0,-638.0,-115.667,1.10438e-06,88.3674,-12.493,91.6326,19.6819,-1370.38,-589.404,-1329.38,-653.204
-1396.0,-638.0,-115.563,1.09787e-06,88.343,-12.5684,91.657,19.7573,-1370.51,-589.408,-1328.0,-653.16
-1394.0,-638.0,-115.463,1.09137e-06,88.3184,-12.6446,91.6816,19.8336,-1370.64,-589.412,-1326.62,-653.116
-1392.0,-638.0,-115.365,1.08487e-06,88.2934,-12.7218,91.7066,19.9108,-1370.78,-589.416,-1325.24,-653.071
-1390.0,-638.0,-115.271,1.07838e-06,88.2681,-12.7999,91.7319,19.9889,-1370.91,-589.42,-1323.86,-653.027
-1388.0,-638.0,-115.18,1.07188e-06,88.2426,-12.879,91.7574,20.0679,-1371.05,-589.424,-1322.47,-652.983
-1386.0,-638.0,-115.092,1.06539e-06,88.2167,-12.959,91.7833,20.148,-1371.19,-589.428,-1321.08,-652.938
-1384.0,-638.0,-115.007,1.0589e-06,88.1905,-13.0401,91.8095,20.229,-1371.32,-589.433,-1319.69,-652.894
-1382.0,-638.0,-114.925,1.05241e-06,88.164,-13.1221,91.836,20.311,-1371.46,-589.437,-1318.3,-652.849
-1380.0,-638.0,-114.846,1.04592e-06,88.1372,-13.2051,91.8628,20.394,-1371.6,-589.441,-1316.91,-652.805
-1378.0,-638.0,-114.771,1.03944e-06,88.11,-13.2892,91.89,20.4781,-1371.74,-589.445,-1315.51,-652.76
-1376.0,-638.0,-114.698,1.03296e-06,88.0826,-13.3743,91.9174,20.5633,-1371.88,-589.449,-1314.11,-652.715
-1374.0,-638.0,-114.025,3.29746e-07,90.8325,106.336,99.2852,-72.5699,-1394.31,-618.126,-1382.8,-607.981
-1372.0,-638.0,-114.564,1.02001e-06,88.0265,-13.5478,91.9735,20.7368,-1372.16,-589.458,-1311.3,-652.625
-1370.0,-638.0,-114.501,1.01353e-06,88.0109,-13.6363,91.9891,20.8252,-1372.3,-589.462,-1309.9,-652.58
-1368.0,-638.0,-119.196,3.35921e-07,90.7601,109.615,99.3462,-69.2472,-1393.15,-618.078,-1379.1,-606.866
-1366.0,-638.0,-125.077,3.3822e-07,90.7549,110.68,99.3782,-68.1684,-1392.76,-618.061,-1377.98,-606.268
-1364.0,-638.0,-130.978,3.40633e-07,90.7496,111.73,99.4066,-67.1042,-1392.38,-618.045,-1376.88,-605.68
-1362.0,-638.0,-125.796,3.4316e-07,90.7441,112.765,99.4315,-66.0553,-1391.99,-618.029,-1375.8,-605.104
-1360.0,-638.0,-117.524,9.44426e-07,87.8653,7.71049,92.1347,-7.72893,-1239.86,-621.734,-1239.86,-621.734
-1358.0,-638.0,-116.161,3.48542e-07,90.7326,114.789,99.4711,-64.0042,-1391.22,-617.996,-1373.71,-603.982
-1356.0,-638.0,-114.717,3.51392e-07,90.7266,115.777,99.4861,-63.0027,-1390.84,-617.98,-1372.69,-603.436
-1354.0,-638.0,-114.152,3.54344e-07,90.7206,116.749,99.4981,-62.0175,-1390.46,-617.964,-1371.69,-602.9
-1352.0,-638.0,-116.922,9.17999e-07,87.8038,7.93419,92.1962,-7.95262,-1239.86,-622.371,-1239.86,-622.371
-1350.0,-638.0,-116.774,9.11387e-07,87.8001,7.99214,92.1999,-8.01058,-1239.86,-622.536,-1239.86,-622.536
-1348.0,-638.0,-116.634,9.04763e-07,87.8197,8.05094,92.1803,-8.06938,-1239.86,-622.704,-1239.86,-622.704
-1346.0,-638.0,-116.486,8.98149e-07,87.8222,8.11061,92.1778,-8.12904,-1239.86,-622.874,-1239.86,-622.874
-1344.0,-638.0,-116.337,8.91537e-07,87.8242,8.17116,92.1758,-8.1896,-1239.86,-623.047,-1239.86,-623.047
-1342.0,-638.0,-116.187,8.84926e-07,87.8262,8.23262,92.1738,-8.25105,-1239.86,-623.222,-1239.86,-623.222
-1340.0,-638.0,-114.14,8.91878e-07,87.8612,12.3898,92.1388,15.9127,-1361.93,-589.145,-1239.86,-616.001
-1338.0,-638.0,-113.963,8.85355e-07,87.8637,12.4825,92.1363,16.0055,-1362.19,-589.153,-1239.86,-616.274
-1336.0,-638.0,-113.791,8.78835e-07,87.8662,12.5766,92.1338,16.0996,-1362.45,-589.161,-1239.86,-616.551
-1334.0,-638.0,-113.622,8.72317e-07,87.8688,12.6721,92.1312,16.1951,-1362.71,-589.169,-1239.86,-616.833
-1332.0,-638.0,-113.457,8.65801e-07,87.8714,12.7691,92.1286,16.292,-1362.97,-589.177,-1239.86,-617.118
-1330.0,-638.0,-113.296,8.59288e-07,87.8741,12.8675,92.1259,16.3904,-1363.23,-589.185,-1239.86,-617.409
-1328.0,-638.0,-113.139,8.52778e-07,87.8768,12.9674,92.1232,16.4904,-1363.49,-589.193,-1239.86,-617.704
-1326.0,-638.0,-112.984,8.46275e-07,87.87,13.0689,92.13,16.5918,-1363.76,-589.201,-1239.86,-618.004
-1324.0,-638.0,-112.833,8.3978e-07,87.8535,13.1719,92.1465,16.6948,-1364.02,-589.209,-1239.86,-618.309
-1322.0,-638.0,-112.686,8.33288e-07,87.8368,13.2765,92.1632,16.7995,-1364.28,-589.217,-1239.86,-618.618
-1320.0,-638.0,-112.541,8.26807e-07,87.8054,13.3828,92.1946,16.9058,-1364.55,-589.225,-1239.86,-618.933
-1318.0,-638.0,-112.399,8.20332e-07,87.7684,13.4908,92.2316,17.0137,-1364.81,-589.233,-1239.86,-619.254
-1316.0,-638.0,-112.26,8.13861e-07,87.7308,13.6005,92.2692,17.1234,-1365.08,-589.242,-1239.86,-619.579
-1314.0,-638.0,-112.125,8.07392e-07,87.6926,13.7119,92.3074,17.2349,-1365.35,-589.25,-1239.86,-619.91
-1312.0,-638.0,-111.992,8.00927e-07,87.6538,13.8252,92.3462,17.3481,-1365.61,-589.258,-1239.86,-620.247
-1310.0,-638.0,-111.863,7.94466e-07,87.6144,13.9403,92.3856,17.4632,-1365.88,-589.266,-1239.86,-620.59
-1308.0,-638.0,-111.736,7.88008e-07,87.5743,14.0573,92.4257,17.5802,-1366.15,-589.274,-1239.86,-620.938
-1306.0,-638.0,-111.612,7.81554e-07,87.5336,14.1762,92.4664,17.6992,-1366.42,-589.282,-1239.86,-621.293
-1304.0,-638.0,-111.491,7.75104e-07,87.4922,14.2971,92.5078,17.8201,-1366.68,-589.291,-1239.86,-621.654
-1302.0,-638.0,-111.373,7.68658e-07,87.4502,14.4201,92.5498,17.9431,-1366.95,-589.299,-1239.86,-622.022
-1300.0,-638.0,-111.258,7.62216e-07,87.4074,14.5452,92.5926,18.0681,-1367.22,-589.307,-1239.86,-622.396
-1298.0,-638.0,-111.145,7.55777e-07,87.3639,14.6724,92.6361,18.1953,-1367.49,-589.315,-1239.86,-622.777
-1296.0,-638.0,-111.035,7.49332e-07,87.339,14.8017,92.661,18.3247,-1367.76,-589.324,-1239.86,-623.165
-1294.0,-638.0,-110.928,7.42889e-07,87.3159,14.9334,92.6841,18.4563,-1368.04,-589.332,-1239.86,-623.561
-1292.0,-638.0,-110.824,7.3645e-07,87.2924,15.0673,92.7076,18.5903,-1368.31,-589.34,-1239.86,-623.964
-1290.0,-638.0,-110.722,7.30015e-07,87.2685,15.2036,92.7315,18.7266,-1368.58,-589.349,-1239.86,-624.374
-1288.0,-638.0,-110.624,7.23585e-07,87.2442,15.3424,92.7558,18.8653,-1368.85,-589.357,-1239.86,-624.792
-1286.0,-638.0,-109.782,5.4311e-07,86.3274,135.013,93.6726,46.6559,-1390.58,-590.022,-1336.08,-587.943
-1284.0,-638.0,-110.194,5.4784e-07,86.3591,135.508,93.6409,46.1615,-1390.41,-590.017,-1334.98,-587.914
-1282.0,-638.0,-110.347,7.04321e-07,87.1688,15.7738,92.8312,19.2968,-1369.67,-589.382,-1239.86,-626.097
-1280.0,-638.0,-110.261,6.97909e-07,87.1428,15.9229,92.8572,19.4459,-1369.95,-589.391,-1239.86,-626.549
-1278.0,-638.0,-110.179,6.91502e-07,87.1163,16.0748,92.8837,19.5978,-1370.23,-589.399,-1239.86,-627.01
-1276.0,-638.0,-107.566,5.25733e-07,86.1926,142.612,93.8074,-35.5522,-1375.73,-617.343,-1341.32,-588.08
-1274.0,-638.0,-107.607,5.31057e-07,86.2018,143.05,93.7982,-35.114,-1375.36,-617.328,-1340.4,-588.056
-1272.0,-638.0,-107.761,5.36394e-07,86.2396,143.48,93.7604,-34.6846,-1374.98,-617.312,-1339.48,-588.032
-1270.0,-638.0,-108.034,5.4176e-07,86.2769,143.901,93.7231,-34.2637,-1374.61,-617.296,-1338.56,-588.008
-1268.0,-638.0,-108.454,5.47155e-07,86.3137,144.313,93.6863,-33.8511,-1374.24,-617.28,-1337.64,-587.984
-1266.0,-638.0,-109.084,5.52578e-07,86.3499,144.718,93.6501,-33.4466,-1373.86,-617.265,-1336.72,-587.96
-1264.0,-638.0,-109.753,6.46826e-07,86.8823,17.2224,93.1177,20.7453,-1372.17,-589.458,-1239.86,-630.518
-1262.0,-638.0,-109.721,6.40464e-07,86.8513,17.3994,93.1487,20.9223,-1372.45,-589.467,-1239.86,-631.063
-1260.0,-638.0,-109.699,6.34109e-07,86.8198,17.58,93.1802,21.1029,-1372.73,-589.476,-1239.86,-631.62
-1258.0,-638.0,-109.689,6.2776e-07,86.7876,17.7642,93.2124,21.2872,-1373.01,-589.484,-1239.86,-632.189
-1256.0,-638.0,-109.693,6.21418e-07,86.7547,17.9523,93.2453,21.4752,-1373.29,-589.493,-1239.86,-632.771
-1254.0,-638.0,-109.713,6.15083e-07,86.7213,18.1442,93.2787,21.6671,-1373.57,-589.501,-1239.86,-633.367
-1252.0,-638.0,-109.755,6.08765e-07,86.6717,18.3401,93.3283,21.8631,-1373.86,-589.51,-1239.86,-633.976
-1250.0,-638.0,-109.822,6.02462e-07,86.61,18.5402,93.39,22.0631,-1374.14,-589.519,-1239.86,-634.6
-1248.0,-638.0,-106.682,5.45129e-07,86.2233,159.398,93.7767,24.1067,-1376.75,-589.599,-1376.75,-589.599
-1246.0,-638.0,-106.67,5.51386e-07,86.2369,159.642,93.7631,23.8621,-1376.47,-589.59,-1376.47,-589.59
-1244.0,-638.0,-106.68,5.57652e-07,86.2503,159.881,93.7497,23.6231,-1376.18,-589.581,-1376.18,-589.581
-1242.0,-638.0,-106.708,5.63928e-07,86.2634,160.115,93.7366,23.3894,-1375.89,-589.572,-1375.89,-589.572
-1240.0,-638.0,-106.749,5.70213e-07,86.2763,160.344,93.7237,23.1608,-1375.6,-589.563,-1375.6,-589.563
-1238.0,-638.0,0.0,0.0,0.0,0.0,0.0,0.0,0.0,0.0,0.0,0.0
-1236.0,-638.0,0.0,0.0,0.0,0.0,0.0,0.0,0.0,0.0,0.0,0.0
-1234.0,-638.0,0.0,0.0,0.0,0.0,0.0,0.0,0.0,0.0,0.0,0.0
-1232.0,-638.0,0.0,0.0,0.0,0.0,0.0,0.0,0.0,0.0,0.0,0.0
-1230.0,-638.0,0.0,0.0,0.0,0.0,0.0,0.0,0.0,0.0,0.0,0.0
-1228.0,-638.0,0.0,0.0,0.0,0.0,0.0,0.0,0.0,0.0,0.0,0.0
-1226.0,-638.0,0.0,0.0,0.0,0.0,0.0,0.0,0.0,0.0,0.0,0.0
-1224.0,-638.0,0.0,0.0,0.0,0.0,0.0,0.0,0.0,0.0,0.0,0.0
-1222.0,-638.0,0.0,0.0,0.0,0.0,0.0,0.0,0.0,0.0,0.0,0.0
-1220.0,-638.0,0.0,0.0,0.0,0.0,0.0,0.0,0.0,0.0,0.0,0.0
-1218.0,-638.0,0.0,0.0,0.0,0.0,0.0,0.0,0.0,0.0,0.0,0.0
-1216.0,-638.0,0.0,0.0,0.0,0.0,0.0,0.0,0.0,0.0,0.0,0.0
-1214.0,-638.0,0.0,0.0,0.0,0.0,0.0,0.0,0.0,0.0,0.0,0.0
-1212.0,-638.0,0.0,0.0,0.0,0.0,0.0,0.0,0.0,0.0,0.0,0.0
-1210.0,-638.0,0.0,0.0,0.0,0.0,0.0,0.0,0.0,0.0,0.0,0.0
-1208.0,-638.0,0.0,0.0,0.0,0.0,0.0,0.0,0.0,0.0,0.0,0.0
-1206.0,-638.0,0.0,0.0,0.0,0.0,0.0,0.0,0.0,0.0,0.0,0.0
-1204.0,-638.0,0.0,0.0,0.0,0.0,0.0,0.0,0.0,0.0,0.0,0.0
-1202.0,-638.0,0.0,0.0,0.0,0.0,0.0,0.0,0.0,0.0,0.0,0.0
-1600.0,-636.0,-107.586,6.78471e-07,88.0258,10.204,91.9742,-169.796,-1600.0,-636.0,-1400.0,-600.0
-1598.0,-636.0,-107.501,6.71909e-07,88.0066,10.3048,91.9934,-169.695,-1598.0,-636.0,-1400.0,-600.0
-1596.0,-636.0,-107.415,6.65348e-07,87.9869,10.4077,92.0131,-169.592,-1596.0,-636.0,-1400.0,-600.0
-1594.0,-636.0,-107.329,6.58789e-07,87.9669,10.5126,92.0331,-169.487,-1594.0,-636.0,-1400.0,-600.0
-1592.0,-636.0,-107.242,6.52233e-07,87.9464,10.6197,92.0536,-169.38,-1592.0,-636.0,-1400.0,-600.0
-1590.0,-636.0,-107.154,6.4568e-07,87.9256,10.7289,92.0744,-169.271,-1590.0,-636.0,-1400.0,-600.0
-1588.0,-636.0,-107.065,6.39128e-07,87.9043,10.8403,92.0957,-169.16,-1588.0,-636.0,-1400.0,-600.0
-1586.0,-636.0,-106.975,6.3258e-07,87.8827,10.9541,92.1173,-169.046,-1586.0,-636.0,-1400.0,-600.0
-1584.0,-636.0,-106.885,6.26047e-07,87.8276,11.0702,92.1724,-168.93,-1584.0,-636.0,-1400.0,-600.0
-1582.0,-636.0,-106.794,6.19537e-07,87.7266,11.1888,92.2734,-168.811,-1582.0,-636.0,-1400.0,-600.0
-1580.0,-636.0,-106.702,6.13028e-07,87.6313,11.3099,92.3687,-168.69,-1580.0,-636.0,-1400.0,-600.0
-1578.0,-636.0,-106.609,6.06515e-07,87.5526,11.4337,92.4474,-168.566,-1578.0,-636.0,-1400.0,-600.0
-1576.0,-636.0,-106.515,6.00006e-07,87.4721,11.5601,92.5279,-168.44,-1576.0,-636.0,-1400.0,-600.0
-1574.0,-636.0,-106.42,5.93501e-07,87.39,11.6894,92.61,-168.311,-1574.0,-636.0,-1400.0,-600.0
-1572.0,-636.0,-106.324,5.87001e-07,87.306,11.8215,92.694,-168.179,-1572.0,-636.0,-1400.0,-600.0
-1570.0,-636.0,-106.227,5.80505e-07,87.2202,11.9566,92.7798,-168.043,-1570.0,-636.0,-1400.0,-600.0
-1568.0,-636.0,-106.129,5.74013e-07,87.1325,12.0948,92.8675,-167.905,-1568.0,-636.0,-1400.0,-600.0
-1566.0,-636.0,-106.03,5.67527e-07,87.0427,12.2361,92.9573,-167.764,-1566.0,-636.0,-1400.0,-600.0
-1564.0,-636.0,-105.93,5.61045e-07,86.9509,12.3808,93.0491,-167.619,-1564.0,-636.0,-1400.0,-600.0
-1562.0,-636.0,-105.829,5.54569e-07,86.857,12.5288,93.143,-167.471,-1562.0,-636.0,-1400.0,-600.0
-1560.0,-636.0,-105.727,5.48098e-07,86.7609,12.6804,93.2391,-167.32,-1560.0,-636.0,-1400.0,-600.0
-1558.0,-636.0,-105.624,5.41632e-07,86.6625,12.8356,93.3375,-167.164,-1558.0,-636.0,-1400.0,-600.0
-1556.0,-636.0,-105.519,5.35157e-07,86.5889,12.9946,93.4111,-167.005,-1556.0,-636.0,-1400.0,-600.0
-1554.0,-636.0,-105.413,5.28668e-07,86.547,13.1575,93.453,-166.842,-1554.0,-636.0,-1400.0,-600.0
-1552.0,-636.0,-105.305,5.22184e-07,86.504,13.3245,93.496,-166.675,-1552.0,-636.0,-1400.0,-600.0
-1550.0,-636.0,-105.196,5.15705e-07,86.4601,13.4957,93.5399,-166.504,-1550.0,-636.0,-1400.0,-600.0
-1548.0,-636.0,-105.086,5.09231e-07,86.415,13.6713,93.585,-166.329,-1548.0,-636.0,-1400.0,-600.0
-1546.0,-636.0,-104.975,5.02762e-07,86.3688,13.8514,93.6312,-166.149,-1546.0,-636.0,-1400.0,-600.0
-1544.0,-636.0,-104.862,4.96298e-07,86.3215,14.0362,93.6785,-165.964,-1544.0,-636.0,-1400.0,-600.0
-1542.0,-636.0,-104.748,4.8984e-07,86.2729,14.226,93.7271,-165.774,-1542.0,-636.0,-1400.0,-600.0
-1540.0,-636.0,-104.633,4.83388e-07,86.2231,14.4208,93.7769,-165.579,-1540.0,-636.0,-1400.0,-600.0
-1538.0,-636.0,-104.516,4.76942e-07,86.1719,14.6209,93.8281,-165.379,-1538.0,-636.0,-1400.0,-600.0
-1536.0,-636.0,-104.398,4.70488e-07,86.1446,14.8265,93.8554,-165.174,-1536.0,-636.0,-1400.0,-600.0
-1534.0,-636.0,-104.277,4.64036e-07,86.1258,15.0378,93.8742,-164.962,-1534.0,-636.0,-1400.0,-600.0
-1532.0,-636.0,-104.156,4.5759e-07,86.1064,15.2551,93.8936,-164.745,-1532.0,-636.0,-1400.0,-600.0
-1530.0,-636.0,-104.032,4.51151e-07,86.0866,15.4786,93.9134,-164.521,-1530.0,-636.0,-1400.0,-600.0
-1528.0,-636.0,-103.907,4.44719e-07,86.0663,15.7086,93.9337,-164.291,-1528.0,-636.0,-1400.0,-600.0
-1526.0,-636.0,-103.781,4.38294e-07,86.0455,15.9454,93.9545,-164.055,-1526.0,-636.0,-1400.0,-600.0
-1524.0,-636.0,-103.652,4.31877e-07,86.0241,16.1892,93.9759,-163.811,-1524.0,-636.0,-1400.0,-600.0
-1522.0,-636.0,-103.522,4.25468e-07,86.0021,16.4404,93.9979,-163.56,-1522.0,-636.0,-1400.0,-600.0
-1520.0,-636.0,-103.39,4.19068e-07,85.9796,16.6992,94.0204,-163.301,-1520.0,-636.0,-1400.0,-600.0
-1518.0,-636.0,-103.256,4.12676e-07,85.9564,16.9661,94.0436,-163.034,-1518.0,-636.0,-1400.0,-600.0
-1516.0,-636.0,-103.121,4.06294e-07,85.9326,17.2415,94.0674,-162.759,-1516.0,-636.0,-1400.0,-600.0
-1514.0,-636.0,-102.983,3.99921e-07,85.9081,17.5256,94.0919,-162.474,-1514.0,-636.0,-1400.0,-600.0
-1512.0,-636.0,-102.844,3.93559e-07,85.883,17.8189,94.117,-162.181,-1512.0,-636.0,-1400.0,-600.0
-1510.0,-636.0,-102.702,3.87207e-07,85.8571,18.1219,94.1429,-161.878,-1510.0,-636.0,-1400.0,-600.0
-1508.0,-636.0,-102.558,3.80867e-07,85.8305,18.4349,94.1695,-161.565,-1508.0,-636.0,-1400.0,-600.0
-1506.0,-636.0,-102.413,3.74538e-07,85.8031,18.7587,94.1969,-161.241,-1506.0,-636.0,-1400.0,-600.0
-1504.0,-636.0,-102.265,3.68222e-07,85.775,19.0935,94.225,-160.907,-1504.0,-636.0,-1400.0,-600.0
-1502.0,-636.0,-102.114,3.61919e-07,85.746,19.44,94.254,-160.56,-1502.0,-636.0,-1400.0,-600.0
-1500.0,-636.0,-101.962,3.55629e-07,85.7161,19.7989,94.2839,-160.201,-1500.0,-636.0,-1400.0,-600.0
-1498.0,-636.0,-101.807,3.49354e-07,85.6853,20.1707,94.3147,-159.829,-1498.0,-636.0,-1400.0,-600.0
-1496.0,-636.0,-101.65,3.43094e-07,85.6536,20.556,94.3464,-159.444,-1496.0,-636.0,-1400.0,-600.0
-1494.0,-636.0,-101.49,3.36847e-07,85.6294,20.9558,94.3706,-159.044,-1494.0,-636.0,-1400.0,-600.0
-1492.0,-636.0,-101.327,3.30598e-07,85.6445,21.3706,94.3555,-158.629,-1492.0,-636.0,-1400.0,-600.0
-1490.0,-636.0,-101.161,3.24369e-07,85.6584,21.8014,94.3416,-158.199,-1490.0,-636.0,-1400.0,-600.0
-1488.0,-636.0,-100.994,3.18179e-07,85.6247,22.249,94.3753,-157.751,-1488.0,-636.0,-1400.0,-600.0
-1486.0,-636.0,-100.823,3.12009e-07,85.5899,22.7144,94.4101,-157.286,-1486.0,-636.0,-1400.0,-600.0
-1484.0,-636.0,-100.65,3.05861e-07,85.554,23.1986,94.446,-156.801,-1484.0,-636.0,-1400.0,-600.0
-1482.0,-636.0,-100.474,2.99735e-07,85.5169,23.7026,94.4831,-156.297,-1482.0,-636.0,-1400.0,-600.0
-1480.0,-636.0,-100.295,2.93634e-07,85.4787,24.2277,94.5213,-155.772,-1480.0,-636.0,-1400.0,-600.0
-1478.0,-636.0,-100.114,2.87558e-07,85.4393,24.7751,94.5607,-155.225,-1478.0,-636.0,-1400.0,-600.0
-1476.0,-636.0,-99.9287,2.81509e-07,85.3986,25.3462,94.6014,-154.654,-1476.0,-636.0,-1400.0,-600.0
-1474.0,-636.0,-99.7407,2.7549e-07,85.3566,25.9423,94.6434,-154.058,-1474.0,-636.0,-1400.0,-600.0
-1472.0,-636.0,-99.5496,2.69502e-07,85.3133,26.5651,94.6867,-153.435,-1472.0,-636.0,-1400.0,-600.0
-1470.0,-636.0,-99.3555,2.63555e-07,85.2484,27.2161,94.7516,-152.784,-1470.0,-636.0,-1400.0,-600.0
-1468.0,-636.0,-99.1588,2.57659e-07,85.1395,27.8973,94.8605,-152.103,-1468.0,-636.0,-1400.0,-600.0
-1466.0,-636.0,-98.959,2.51807e-07,85.0136,28.6105,94.9864,-151.39,-1466.0,-636.0,-1400.0,-600.0
-1464.0,-636.0,-98.7567,2.46017e-07,84.8301,29.3578,95.1699,-150.642,-1464.0,-636.0,-1400.0,-600.0
-1462.0,-636.0,-98.5513,2.40273e-07,84.6387,30.1414,95.3613,-149.859,-1462.0,-636.0,-1400.0,-600.0
-1460.0,-636.0,-98.3427,2.34579e-07,84.439,30.9638,95.561,-149.036,-1460.0,-636.0,-1400.0,-600.0
-1458.0,-636.0,-98.1311,2.28938e-07,84.2307,31.8274,95.7693,-148.173,-1458.0,-636.0,-1400.0,-600.0
-1456.0,-636.0,-97.9164,2.23354e-07,84.0133,32.7352,95.9867,-147.265,-1456.0,-636.0,-1400.0,-600.0
-1454.0,-636.0,-97.6987,2.17833e-07,83.7865,33.6901,96.2135,-146.31,-1454.0,-636.0,-1400.0,-600.0
-1452.0,-636.0,-97.4782,2.12377e-07,83.5497,34.6952,96.4503,-145.305,-1452.0,-636.0,-1400.0,-600.0
-1450.0,-636.0,-97.2549,2.06993e-07,83.3027,35.7539,96.6973,-144.246,-1450.0,-636.0,-1400.0,-600.0
-1448.0,-636.0,-97.0292,2.01687e-07,83.0451,36.8699,96.9549,-143.13,-1448.0,-636.0,-1400.0,-600.0
-1446.0,-636.0,-96.8011,1.96465e-07,82.7764,38.047,97.2236,-141.953,-1446.0,-636.0,-1400.0,-600.0
-1444.0,-636.0,-96.571,1.91333e-07,82.4965,39.2894,97.5035,-140.711,-1444.0,-636.0,-1400.0,-600.0
-1442.0,-636.0,-96.3392,1.863e-07,82.2052,40.6013,97.7948,-139.399,-1442.0,-636.0,-1400.0,-600.0
-1440.0,-636.0,-96.1062,1.81372e-07,81.9022,41.9872,98.0978,-138.013,-1440.0,-636.0,-1400.0,-600.0
-1438.0,-636.0,-95.8724,1.7656e-07,81.5875,43.4518,98.4125,-136.548,-1438.0,-636.0,-1400.0,-600.0
-1436.0,-636.0,-95.6385,1.71873e-07,81.2614,45.0,98.7386,-135.0,-1436.0,-636.0,-1400.0,-600.0
-1434.0,-636.0,-95.4052,1.67321e-07,80.9241,46.6366,99.0759,-133.363,-1434.0,-636.0,-1400.0,-600.0
-1432.0,-636.0,-95.1733,1.62916e-07,80.5761,48.3665,99.4239,-131.634,-1432.0,-636.0,-1400.0,-600.0
-1430.0,-636.0,-94.9437,1.5867e-07,80.2183,50.1944,99.7817,-129.806,-1430.0,-636.0,-1400.0,-600.0
-1428.0,-636.0,-94.7177,1.54596e-07,79.8519,52.125,100.148,-127.875,-1428.0,-636.0,-1400.0,-600.0
-1426.0,-636.0,-94.4963,1.50708e-07,79.4783,54.1623,100.522,-125.838,-1426.0,-636.0,-1400.0,-600.0
-1424.0,-636.0,-94.281,1.47021e-07,79.0996,56.3099,100.9,-123.69,-1424.0,-636.0,-1400.0,-600.0
-1422.0,-636.0,-94.0733,1.4355e-07,78.718,58.5704,101.282,-121.43,-1422.0,-636.0,-1400.0,-600.0
-1420.0,-636.0,-93.875,1.40312e-07,78.3367,60.9454,101.663,-119.055,-1420.0,-636.0,-1400.0,-600.0
-1418.0,-636.0,-93.6877,1.37322e-07,77.9589,63.4349,102.041,-116.565,-1418.0,-636.0,-1400.0,-600.0
-1416.0,-636.0,-93.5136,1.34597e-07,77.5886,66.0375,102.411,-113.962,-1416.0,-636.0,-1400.0,-600.0
-1414.0,-636.0,-93.3544,1.32154e-07,77.2302,68.7495,102.77,-111.251,-1414.0,-636.0,-1400.0,-600.0
-1412.0,-636.0,-93.2121,1.30009e-07,76.8884,71.5651,103.112,-108.435,-1412.0,-636.0,-1400.0,-600.0
-1410.0,-636.0,-93.0887,1.28176e-07,76.5681,74.4759,103.432,-105.524,-1410.0,-636.0,-1400.0,-600.0
-1408.0,-636.0,-113.259,1.2671e-07,76.2787,79.0153,103.721,-103.963,-1404.61,-618.561,-1404.61,-618.561
-1406.0,-636.0,-115.853,1.13184e-06,88.4641,-12.5305,91.5359,19.7194,-1370.44,-589.406,-1328.69,-653.182
-1404.0,-636.0,-115.754,1.12534e-06,88.4409,-12.6043,91.5591,19.7932,-1370.57,-589.41,-1327.35,-653.139
-1402.0,-636.0,-115.657,1.11884e-06,88.4174,-12.6789,91.5826,19.8678,-1370.7,-589.414,-1326.01,-653.096
-1400.0,-636.0,-115.564,1.11234e-06,88.3936,-12.7543,91.6064,19.9433,-1370.84,-589.418,-1324.66,-653.053
-1398.0,-636.0,-115.473,1.10584e-06,88.3696,-12.8307,91.6304,20.0196,-1370.97,-589.422,-1323.32,-653.01
-1396.0,-636.0,-115.385,1.09935e-06,88.3452,-12.908,91.6548,20.0969,-1371.1,-589.426,-1321.97,-652.967
-1394.0,-636.0,-115.3,1.09285e-06,88.3206,-12.9862,91.6794,20.1751,-1371.23,-589.43,-1320.62,-652.923
-1392.0,-636.0,-115.219,1.08636e-06,88.2957,-13.0653,91.7043,20.2542,-1371.37,-589.434,-1319.26,-652.88
-1390.0,-636.0,-115.14,1.07987e-06,88.2705,-13.1454,91.7295,20.3343,-1371.5,-589.438,-1317.91,-652.837
-1388.0,-636.0,-115.064,1.07339e-06,88.2451,-13.2264,91.7549,20.4154,-1371.63,-589.442,-1316.55,-652.793
-1386.0,-636.0,-114.991,1.0669e-06,88.2193,-13.3085,91.7807,20.4974,-1371.77,-589.446,-1315.19,-652.75
-1384.0,-636.0,-114.921,1.06042e-06,88.1931,-13.3915,91.8069,20.5804,-1371.9,-589.45,-1313.83,-652.706
-1382.0,-636.0,-114.854,1.05394e-06,88.1667,-13.4756,91.8333,20.6645,-1372.04,-589.454,-1312.46,-652.663
-1380.0,-636.0,-114.791,1.04747e-06,88.14,-13.5607,91.86,20.7496,-1372.18,-589.459,-1311.1,-652.619
-1378.0,-636.0,-114.731,1.041e-06,88.1129,-13.6469,91.8871,20.8358,-1372.31,-589.463,-1309.73,-652.575
-1376.0,-636.0,-146.316,1.45916e-06,88.6427,2.99438,91.3573,-6.26826,-1239.86,-617.59,-1239.86,-628.879
-1374.0,-636.0,-146.248,1.45251e-06,88.6254,3.00813,91.3746,-6.28201,-1239.86,-617.629,-1239.86,-628.951
-1372.0,-636.0,-114.949,3.2532e-07,90.7942,107.794,99.3097,-71.0916,-1393.8,-618.105,-1381.13,-607.567
-1370.0,-636.0,-116.872,3.27421e-07,90.7798,108.906,99.3395,-69.965,-1393.4,-618.088,-1379.91,-607.058
-1368.0,-636.0,-120.803,3.29643e-07,90.7746,110.004,99.3746,-68.8534,-1393.01,-618.072,-1378.76,-606.443
-1366.0,-636.0,-127.981,3.31985e-07,90.7691,111.086,99.4058,-67.7568,-1392.62,-618.055,-1377.63,-605.84
-1364.0,-636.0,-129.906,3.34444e-07,90.7635,112.153,99.4332,-66.6758,-1392.22,-618.038,-1376.52,-605.248
-1362.0,-636.0,-122.368,3.37017e-07,90.7576,113.204,99.4571,-65.6107,-1391.83,-618.022,-1375.43,-604.667
-1360.0,-636.0,-117.434,3.39701e-07,90.7516,114.239,99.4774,-64.5621,-1391.44,-618.005,-1374.36,-604.097
-1358.0,-636.0,-115.17,3.42495e-07,90.7455,115.257,99.4943,-63.53,-1391.04,-617.989,-1373.32,-603.537
-1356.0,-636.0,-114.198,3.45395e-07,90.7393,116.258,99.508,-62.515,-1390.65,-617.972,-1372.29,-602.988
-1354.0,-636.0,-138.446,9.23757e-07,87.8175,6.21397,92.1825,-7.72819,-1239.86,-621.732,-1309.31,-631.135
-1352.0,-636.0,-136.18,9.17127e-07,87.8056,6.50268,92.1944,-7.72819,-1239.86,-621.732,-1309.31,-631.135
-1350.0,-636.0,-133.36,9.10482e-07,87.8251,6.81939,92.1749,-7.72819,-1239.86,-621.732,-1309.31,-631.135
-1348.0,-636.0,-129.745,9.03841e-07,87.8448,7.16836,92.1552,-7.72819,-1239.86,-621.732,-1309.31,-631.135
-1346.0,-636.0,-125.127,8.97217e-07,87.8475,7.55475,92.1525,-7.72819,-1239.86,-621.732,-1309.31,-631.135
-1344.0,-636.0,-116.953,8.90597e-07,87.8497,7.74589,92.1503,-7.76432,-1239.86,-621.835,-1239.86,-621.835
-1342.0,-636.0,-116.802,8.83979e-07,87.8518,7.80422,92.1482,-7.82266,-1239.86,-622.001,-1239.86,-622.001
-1340.0,-636.0,-116.65,8.77362e-07,87.854,7.86344,92.146,-7.88188,-1239.86,-622.17,-1239.86,-622.17
-1338.0,-636.0,-116.497,8.70746e-07,87.8563,7.92356,92.1437,-7.942,-1239.86,-622.341,-1239.86,-622.341
-1336.0,-636.0,-116.343,8.64131e-07,87.8586,7.9846,92.1414,-8.00304,-1239.86,-622.515,-1239.86,-622.515
-1334.0,-636.0,-116.188,8.57517e-07,87.8609,8.04658,92.1391,-8.06502,-1239.86,-622.691,-1239.86,-622.691
-1332.0,-636.0,-116.031,8.50904e-07,87.8632,8.10953,92.1368,-8.12796,-1239.86,-622.871,-1239.86,-622.871
-1330.0,-636.0,-113.749,8.57812e-07,87.8993,12.4326,92.1007,15.9556,-1362.05,-589.149,-1239.86,-616.127
-1328.0,-636.0,-113.568,8.51293e-07,87.8971,12.5294,92.1029,16.0524,-1362.32,-589.157,-1239.86,-616.412
-1326.0,-636.0,-113.391,8.44784e-07,87.8809,12.6277,92.1191,16.1506,-1362.59,-589.165,-1239.86,-616.702
-1324.0,-636.0,-113.217,8.38278e-07,87.8644,12.7275,92.1356,16.2504,-1362.86,-589.174,-1239.86,-616.996
-1322.0,-636.0,-113.048,8.31774e-07,87.8477,12.8288,92.1523,16.3518,-1363.13,-589.182,-1239.86,-617.295
-1320.0,-636.0,-112.883,8.25273e-07,87.8308,12.9318,92.1692,16.4547,-1363.4,-589.19,-1239.86,-617.599
-1318.0,-636.0,-112.72,8.18786e-07,87.7944,13.0363,92.2056,16.5593,-1363.67,-589.198,-1239.86,-617.908
-1316.0,-636.0,-112.562,8.12301e-07,87.7569,13.1426,92.2431,16.6655,-1363.95,-589.207,-1239.86,-618.222
-1314.0,-636.0,-112.408,8.0582e-07,87.7188,13.2506,92.2812,16.7735,-1364.22,-589.215,-1239.86,-618.542
-1312.0,-636.0,-112.257,7.99343e-07,87.6801,13.3603,92.3199,16.8833,-1364.49,-589.224,-1239.86,-618.867
-1310.0,-636.0,-112.11,7.92868e-07,87.6408,13.4718,92.3592,16.9948,-1364.77,-589.232,-1239.86,-619.197
-1308.0,-636.0,-111.966,7.86397e-07,87.6008,13.5852,92.3992,17.1082,-1365.04,-589.24,-1239.86,-619.534
-1306.0,-636.0,-111.825,7.7993e-07,87.5602,13.7005,92.4398,17.2234,-1365.32,-589.249,-1239.86,-619.876
-1304.0,-636.0,-111.688,7.73466e-07,87.5189,13.8177,92.4811,17.3406,-1365.6,-589.257,-1239.86,-620.225
-1302.0,-636.0,-111.554,7.67006e-07,87.4769,13.9368,92.5231,17.4598,-1365.87,-589.266,-1239.86,-620.58
-1300.0,-636.0,-111.423,7.60549e-07,87.4343,14.058,92.5657,17.581,-1366.15,-589.274,-1239.86,-620.941
-1298.0,-636.0,-111.295,7.54097e-07,87.3909,14.1813,92.6091,17.7043,-1366.43,-589.283,-1239.86,-621.309
-1296.0,-636.0,-111.17,7.47647e-07,87.3495,14.3068,92.6505,17.8297,-1366.71,-589.291,-1239.86,-621.683
-1294.0,-636.0,-111.049,7.41189e-07,87.3264,14.4344,92.6736,17.9573,-1366.98,-589.3,-1239.86,-622.065
-1292.0,-636.0,-110.93,7.34735e-07,87.3029,14.5642,92.6971,18.0872,-1367.26,-589.308,-1239.86,-622.453
-1290.0,-636.0,-110.814,7.28285e-07,87.279,14.6964,92.721,18.2194,-1367.54,-589.317,-1239.86,-622.849
-1288.0,-636.0,-109.631,5.33678e-07,86.2856,135.013,93.7144,46.6556,-1390.58,-590.022,-1336.08,-587.943
-1286.0,-636.0,-110.056,5.38409e-07,86.3183,135.516,93.6817,46.1525,-1390.41,-590.016,-1334.96,-587.914
-1284.0,-636.0,-110.484,7.08961e-07,87.2048,15.1074,92.7952,18.6303,-1368.39,-589.343,-1239.86,-624.084
-1282.0,-636.0,-110.38,7.02528e-07,87.1792,15.2494,92.8208,18.7724,-1368.67,-589.351,-1239.86,-624.512
-1280.0,-636.0,-107.428,5.11095e-07,86.1212,142.297,93.8788,-35.867,-1376.0,-617.355,-1341.97,-588.097
-1278.0,-636.0,-107.382,5.16379e-07,86.161,142.751,93.839,-35.4131,-1375.61,-617.338,-1341.03,-588.072
-1276.0,-636.0,-107.463,5.21703e-07,86.1869,143.196,93.8131,-34.9685,-1375.23,-617.322,-1340.09,-588.048
-1274.0,-636.0,-107.662,5.27068e-07,86.1951,143.632,93.8049,-34.533,-1374.85,-617.306,-1339.15,-588.023
-1272.0,-636.0,-107.993,5.32458e-07,86.2118,144.058,93.7882,-34.1062,-1374.47,-617.29,-1338.21,-587.999
-1270.0,-636.0,-108.499,5.37864e-07,86.2499,144.476,93.7501,-33.6881,-1374.09,-617.274,-1337.27,-587.974
-1268.0,-636.0,-109.261,5.43297e-07,86.2875,144.886,93.7125,-33.2783,-1373.71,-617.258,-1336.33,-587.95
-1266.0,-636.0,-109.682,6.51271e-07,86.9036,16.4867,93.0964,20.0096,-1370.95,-589.421,-1239.86,-628.264
-1264.0,-636.0,-109.616,6.44884e-07,86.873,16.6552,93.127,20.1781,-1371.24,-589.43,-1239.86,-628.779
-1262.0,-636.0,-109.556,6.38503e-07,86.8417,16.8271,93.1583,20.35,-1371.53,-589.439,-1239.86,-629.305
-1260.0,-636.0,-109.504,6.32128e-07,86.8098,17.0024,93.1902,20.5254,-1371.81,-589.448,-1239.86,-629.842
-1258.0,-636.0,-109.46,6.25759e-07,86.7773,17.1814,93.2227,20.7044,-1372.1,-589.456,-1239.86,-630.392
-1256.0,-636.0,-109.425,6.19397e-07,86.7441,17.3641,93.2559,20.887,-1372.39,-589.465,-1239.86,-630.954
-1254.0,-636.0,-106.385,5.2404e-07,86.1509,159.31,93.8491,24.1941,-1376.86,-589.602,-1376.86,-589.602
-1252.0,-636.0,-106.362,5.30285e-07,86.1785,159.566,93.8215,23.9388,-1376.56,-589.593,-1376.56,-589.593
-1250.0,-636.0,-106.366,5.36548e-07,86.193,159.815,93.807,23.6895,-1376.26,-589.584,-1376.26,-589.584
-1248.0,-636.0,-106.391,5.42822e-07,86.2073,160.059,93.7927,23.4459,-1375.96,-589.574,-1375.96,-589.574
-1246.0,-636.0,-106.43,5.49105e-07,86.2213,160.297,93.7787,23.2079,-1375.66,-589.565,-1375.66,-589.565
-1244.0,-636.0,-106.481,5.55397e-07,86.235,160.529,93.765,22.9752,-1375.37,-589.556,-1375.37,-589.556
-1242.0,-636.0,-106.54,5.61698e-07,86.2485,160.757,93.7515,22.7479,-1375.07,-589.547,-1375.07,-589.547
-1240.0,-636.0,-106.606,5.68008e-07,86.2618,160.979,93.7382,22.5255,-1374.77,-589.538,-1374.77,-589.538
-1238.0,-636.0,0.0,0.0,0.0,0.0,0.0,0.0,0.0,0.0,0.0,0.0
-1236.0,-636.0,0.0,0.0,0.0,0.0,0.0,0.0,0.0,0.0,0.0,0.0
-1234.0,-636.0,0.0,0.0,0.0,0.0,0.0,0.0,0.0,0.0,0.0,0.0
-1232.0,-636.0,0.0,0.0,0.0,0.0,0.0,0.0,0.0,0.0,0.0,0.0
-1230.0,-636.0,0.0,0.0,0.0,0.0,0.0,0.0,0.0,0.0,0.0,0.0
-1228.0,-636.0,0.0,0.0,0.0,0.0,0.0,0.0,0.0,0.0,0.0,0.0
-1226.0,-636.0,0.0,0.0,0.0,0.0,0.0,0.0,0.0,0.0,0.0,0.0
-1224.0,-636.0,0.0,0.0,0.0,0.0,0.0,0.0,0.0,0.0,0.0,0.0
-1222.0,-636.0,0.0,0.0,0.0,0.0,0.0,0.0,0.0,0.0,0.0,0.0
-1220.0,-636.0,0.0,0.0,0.0,0.0,0.0,0.0,0.0,0.0,0.0,0.0
-1218.0,-636.0,0.0,0.0,0.0,0.0,0.0,0.0,0.0,0.0,0.0,0.0
-1216.0,-636.0,0.0,0.0,0.0,0.0,0.0,0.0,0.0,0.0,0.0,0.0
-1214.0,-636.0,0.0,0.0,0.0,0.0,0.0,0.0,0.0,0.0,0.0,0.0
-1212.0,-636.0,0.0,0.0,0.0,0.0,0.0,0.0,0.0,0.0,0.0,0.0
-1210.0,-636.0,0.0,0.0,0.0,0.0,0.0,0.0,0.0,0.0,0.0,0.0
-1208.0,-636.0,0.0,0.0,0.0,0.0,0.0,0.0,0.0,0.0,0.0,0.0
-1206.0,-636.0,0.0,0.0,0.0,0.0,0.0,0.0,0.0,0.0,0.0,0.0
-1204.0,-636.0,0.0,0.0,0.0,0.0,0.0,0.0,0.0,0.0,0.0,0.0
-1202.0,-636.0,0.0,0.0,0.0,0.0,0.0,0.0,0.0,0.0,0.0,0.0
-1600.0,-634.0,-107.571,6.773e-07,88.0772,9.64805,91.9228,-170.352,-1600.0,-634.0,-1400.0,-600.0
-1598.0,-634.0,-107.486,6.70725e-07,88.0584,9.74364,91.9416,-170.256,-1598.0,-634.0,-1400.0,-600.0
-1596.0,-634.0,-107.4,6.64153e-07,88.0392,9.84113,91.9608,-170.159,-1596.0,-634.0,-1400.0,-600.0
-1594.0,-634.0,-107.313,6.57583e-07,88.0196,9.94057,91.9804,-170.059,-1594.0,-634.0,-1400.0,-600.0
-1592.0,-634.0,-107.226,6.51014e-07,87.9996,10.042,92.0004,-169.958,-1592.0,-634.0,-1400.0,-600.0
-1590.0,-634.0,-107.137,6.44448e-07,87.9792,10.1455,92.0208,-169.854,-1590.0,-634.0,-1400.0,-600.0
-1588.0,-634.0,-107.048,6.37884e-07,87.9584,10.2512,92.0416,-169.749,-1588.0,-634.0,-1400.0,-600.0
-1586.0,-634.0,-106.958,6.31323e-07,87.9372,10.3591,92.0628,-169.641,-1586.0,-634.0,-1400.0,-600.0
-1584.0,-634.0,-106.867,6.24777e-07,87.8826,10.4692,92.1174,-169.531,-1584.0,-634.0,-1400.0,-600.0
-1582.0,-634.0,-106.776,6.18252e-07,87.7819,10.5816,92.2181,-169.418,-1582.0,-634.0,-1400.0,-600.0
-1580.0,-634.0,-106.684,6.11732e-07,87.6791,10.6965,92.3209,-169.303,-1580.0,-634.0,-1400.0,-600.0
-1578.0,-634.0,-106.59,6.0521e-07,87.5882,10.8139,92.4118,-169.186,-1578.0,-634.0,-1400.0,-600.0
-1576.0,-634.0,-106.496,5.98687e-07,87.5079,10.9338,92.4921,-169.066,-1576.0,-634.0,-1400.0,-600.0
-1574.0,-634.0,-106.4,5.92167e-07,87.4259,11.0564,92.5741,-168.944,-1574.0,-634.0,-1400.0,-600.0
-1572.0,-634.0,-106.304,5.85651e-07,87.3421,11.1818,92.6579,-168.818,-1572.0,-634.0,-1400.0,-600.0
-1570.0,-634.0,-106.207,5.7914e-07,87.2564,11.3099,92.7436,-168.69,-1570.0,-634.0,-1400.0,-600.0
-1568.0,-634.0,-106.108,5.72633e-07,87.1688,11.441,92.8312,-168.559,-1568.0,-634.0,-1400.0,-600.0
-1566.0,-634.0,-106.009,5.6613e-07,87.0792,11.5752,92.9208,-168.425,-1566.0,-634.0,-1400.0,-600.0
-1564.0,-634.0,-105.908,5.59632e-07,86.9875,11.7125,93.0125,-168.288,-1564.0,-634.0,-1400.0,-600.0
-1562.0,-634.0,-105.807,5.53138e-07,86.8936,11.853,93.1064,-168.147,-1562.0,-634.0,-1400.0,-600.0
-1560.0,-634.0,-105.704,5.4665e-07,86.7976,11.9969,93.2024,-168.003,-1560.0,-634.0,-1400.0,-600.0
-1558.0,-634.0,-105.6,5.40166e-07,86.6993,12.1443,93.3007,-167.856,-1558.0,-634.0,-1400.0,-600.0
-1556.0,-634.0,-105.495,5.33688e-07,86.5986,12.2953,93.4014,-167.705,-1556.0,-634.0,-1400.0,-600.0
-1554.0,-634.0,-105.388,5.27192e-07,86.5373,12.45,93.4627,-167.55,-1554.0,-634.0,-1400.0,-600.0
-1552.0,-634.0,-105.28,5.20689e-07,86.494,12.6086,93.506,-167.391,-1552.0,-634.0,-1400.0,-600.0
-1550.0,-634.0,-105.171,5.14191e-07,86.4496,12.7712,93.5504,-167.229,-1550.0,-634.0,-1400.0,-600.0
-1548.0,-634.0,-105.06,5.07698e-07,86.4042,12.9381,93.5958,-167.062,-1548.0,-634.0,-1400.0,-600.0
-1546.0,-634.0,-104.948,5.01209e-07,86.3575,13.1092,93.6425,-166.891,-1546.0,-634.0,-1400.0,-600.0
-1544.0,-634.0,-104.835,4.94725e-07,86.3097,13.2849,93.6903,-166.715,-1544.0,-634.0,-1400.0,-600.0
-1542.0,-634.0,-104.72,4.88246e-07,86.2607,13.4652,93.7393,-166.535,-1542.0,-634.0,-1400.0,-600.0
-1540.0,-634.0,-104.604,4.81773e-07,86.2104,13.6504,93.7896,-166.35,-1540.0,-634.0,-1400.0,-600.0
-1538.0,-634.0,-104.486,4.75305e-07,86.1587,13.8407,93.8413,-166.159,-1538.0,-634.0,-1400.0,-600.0
-1536.0,-634.0,-104.367,4.68829e-07,86.1309,14.0362,93.8691,-165.964,-1536.0,-634.0,-1400.0,-600.0
-1534.0,-634.0,-104.246,4.62353e-07,86.1116,14.2373,93.8884,-165.763,-1534.0,-634.0,-1400.0,-600.0
-1532.0,-634.0,-104.123,4.55883e-07,86.0918,14.444,93.9082,-165.556,-1532.0,-634.0,-1400.0,-600.0
-1530.0,-634.0,-103.999,4.4942e-07,86.0715,14.6568,93.9285,-165.343,-1530.0,-634.0,-1400.0,-600.0
-1528.0,-634.0,-103.873,4.42963e-07,86.0507,14.8757,93.9493,-165.124,-1528.0,-634.0,-1400.0,-600.0
-1526.0,-634.0,-103.745,4.36512e-07,86.0293,15.1011,93.9707,-164.899,-1526.0,-634.0,-1400.0,-600.0
-1524.0,-634.0,-103.616,4.30069e-07,86.0073,15.3333,93.9927,-164.667,-1524.0,-634.0,-1400.0,-600.0
-1522.0,-634.0,-103.484,4.23632e-07,85.9848,15.5725,94.0152,-164.427,-1522.0,-634.0,-1400.0,-600.0
-1520.0,-634.0,-103.351,4.17204e-07,85.9616,15.8192,94.0384,-164.181,-1520.0,-634.0,-1400.0,-600.0
-1518.0,-634.0,-103.216,4.10783e-07,85.9377,16.0736,94.0623,-163.926,-1518.0,-634.0,-1400.0,-600.0
-1516.0,-634.0,-103.079,4.04371e-07,85.9132,16.336,94.0868,-163.664,-1516.0,-634.0,-1400.0,-600.0
-1514.0,-634.0,-102.941,3.97968e-07,85.888,16.607,94.112,-163.393,-1514.0,-634.0,-1400.0,-600.0
-1512.0,-634.0,-102.8,3.91574e-07,85.8621,16.8868,94.1379,-163.113,-1512.0,-634.0,-1400.0,-600.0
-1510.0,-634.0,-102.657,3.85189e-07,85.8354,17.1759,94.1646,-162.824,-1510.0,-634.0,-1400.0,-600.0
-1508.0,-634.0,-102.511,3.78815e-07,85.8079,17.4748,94.1921,-162.525,-1508.0,-634.0,-1400.0,-600.0
-1506.0,-634.0,-102.364,3.72452e-07,85.7796,17.7839,94.2204,-162.216,-1506.0,-634.0,-1400.0,-600.0
-1504.0,-634.0,-102.214,3.66099e-07,85.7504,18.1038,94.2496,-161.896,-1504.0,-634.0,-1400.0,-600.0
-1502.0,-634.0,-102.062,3.59759e-07,85.7204,18.4349,94.2796,-161.565,-1502.0,-634.0,-1400.0,-600.0
-1500.0,-634.0,-101.908,3.53431e-07,85.6894,18.778,94.3106,-161.222,-1500.0,-634.0,-1400.0,-600.0
-1498.0,-634.0,-101.751,3.47116e-07,85.6575,19.1336,94.3425,-160.866,-1498.0,-634.0,-1400.0,-600.0
-1496.0,-634.0,-101.592,3.40815e-07,85.6245,19.5024,94.3755,-160.498,-1496.0,-634.0,-1400.0,-600.0
-1494.0,-634.0,-101.429,3.34508e-07,85.6358,19.8852,94.3642,-160.115,-1494.0,-634.0,-1400.0,-600.0
-1492.0,-634.0,-101.264,3.28216e-07,85.6506,20.2826,94.3494,-159.717,-1492.0,-634.0,-1400.0,-600.0
-1490.0,-634.0,-101.096,3.21941e-07,85.6641,20.6955,94.3359,-159.305,-1490.0,-634.0,-1400.0,-600.0
-1488.0,-634.0,-100.926,3.15704e-07,85.6296,21.1247,94.3704,-158.875,-1488.0,-634.0,-1400.0,-600.0
-1486.0,-634.0,-100.753,3.09485e-07,85.5939,21.5713,94.4061,-158.429,-1486.0,-634.0,-1400.0,-600.0
-1484.0,-634.0,-100.577,3.03285e-07,85.557,22.0362,94.443,-157.964,-1484.0,-634.0,-1400.0,-600.0
-1482.0,-634.0,-100.398,2.97107e-07,85.5189,22.5206,94.4811,-157.479,-1482.0,-634.0,-1400.0,-600.0
-1480.0,-634.0,-100.216,2.9095e-07,85.4796,23.0255,94.5204,-156.975,-1480.0,-634.0,-1400.0,-600.0
-1478.0,-634.0,-100.03,2.84817e-07,85.4389,23.5523,94.5611,-156.448,-1478.0,-634.0,-1400.0,-600.0
-1476.0,-634.0,-99.8418,2.7871e-07,85.3968,24.1022,94.6032,-155.898,-1476.0,-634.0,-1400.0,-600.0
-1474.0,-634.0,-99.6499,2.72629e-07,85.3533,24.6769,94.6467,-155.323,-1474.0,-634.0,-1400.0,-600.0
-1472.0,-634.0,-99.4547,2.66579e-07,85.3025,25.2777,94.6975,-154.722,-1472.0,-634.0,-1400.0,-600.0
-1470.0,-634.0,-99.2568,2.60581e-07,85.1941,25.9065,94.8059,-154.093,-1470.0,-634.0,-1400.0,-600.0
-1468.0,-634.0,-99.0555,2.54616e-07,85.0812,26.5651,94.9188,-153.435,-1468.0,-634.0,-1400.0,-600.0
-1466.0,-634.0,-98.8508,2.48693e-07,84.951,27.2553,95.049,-152.745,-1466.0,-634.0,-1400.0,-600.0
-1464.0,-634.0,-98.6433,2.42828e-07,84.762,27.9795,95.238,-152.021,-1464.0,-634.0,-1400.0,-600.0
-1462.0,-634.0,-98.4323,2.37007e-07,84.5646,28.7398,95.4354,-151.26,-1462.0,-634.0,-1400.0,-600.0
-1460.0,-634.0,-98.2178,2.31233e-07,84.3583,29.5388,95.6417,-150.461,-1460.0,-634.0,-1400.0,-600.0
-1458.0,-634.0,-97.9998,2.25508e-07,84.1427,30.3791,95.8573,-149.621,-1458.0,-634.0,-1400.0,-600.0
-1456.0,-634.0,-97.7784,2.19837e-07,83.9172,31.2637,96.0828,-148.736,-1456.0,-634.0,-1400.0,-600.0
-1454.0,-634.0,-97.5535,2.14225e-07,83.6814,32.1957,96.3186,-147.804,-1454.0,-634.0,-1400.0,-600.0
-1452.0,-634.0,-97.3253,2.08675e-07,83.4348,33.1785,96.5652,-146.821,-1452.0,-634.0,-1400.0,-600.0
-1450.0,-634.0,-97.0938,2.03193e-07,83.1769,34.2157,96.8231,-145.784,-1450.0,-634.0,-1400.0,-600.0
-1448.0,-634.0,-96.8593,1.97785e-07,82.9072,35.3112,97.0928,-144.689,-1448.0,-634.0,-1400.0,-600.0
-1446.0,-634.0,-96.6219,1.92457e-07,82.6252,36.4692,97.3748,-143.531,-1446.0,-634.0,-1400.0,-600.0
-1444.0,-634.0,-96.3818,1.87216e-07,82.3306,37.6942,97.6694,-142.306,-1444.0,-634.0,-1400.0,-600.0
-1442.0,-634.0,-96.1395,1.82068e-07,82.0229,38.991,97.9771,-141.009,-1442.0,-634.0,-1400.0,-600.0
-1440.0,-634.0,-95.8952,1.77023e-07,81.7019,40.3645,98.2981,-139.635,-1440.0,-634.0,-1400.0,-600.0
-1438.0,-634.0,-95.6495,1.7209e-07,81.3674,41.8202,98.6326,-138.18,-1438.0,-634.0,-1400.0,-600.0
-1436.0,-634.0,-95.4029,1.67277e-07,81.0194,43.3634,98.9806,-136.637,-1436.0,-634.0,-1400.0,-600.0
-1434.0,-634.0,-95.1562,1.62597e-07,80.6581,45.0,99.3419,-135.0,-1434.0,-634.0,-1400.0,-600.0
-1432.0,-634.0,-94.9103,1.5806e-07,80.2838,46.7357,99.7162,-133.264,-1432.0,-634.0,-1400.0,-600.0
-1430.0,-634.0,-94.666,1.5368e-07,79.8975,48.5763,100.103,-131.424,-1430.0,-634.0,-1400.0,-600.0
-1428.0,-634.0,-94.4245,1.4947e-07,79.5,50.5275,100.5,-129.472,-1428.0,-634.0,-1400.0,-600.0
-1426.0,-634.0,-94.1873,1.45445e-07,79.093,52.5946,100.907,-127.405,-1426.0,-634.0,-1400.0,-600.0
-1424.0,-634.0,-93.9557,1.41621e-07,78.6785,54.7824,101.321,-125.218,-1424.0,-634.0,-1400.0,-600.0
-1422.0,-634.0,-93.7315,1.38014e-07,78.2592,57.0948,101.741,-122.905,-1422.0,-634.0,-1400.0,-600.0
-1420.0,-634.0,-93.5165,1.34643e-07,77.8382,59.5345,102.162,-120.466,-1420.0,-634.0,-1400.0,-600.0
-1418.0,-634.0,-93.3128,1.31524e-07,77.4196,62.1027,102.58,-117.897,-1418.0,-634.0,-1400.0,-600.0
-1416.0,-634.0,-93.1226,1.28677e-07,77.0078,64.7989,102.992,-115.201,-1416.0,-634.0,-1400.0,-600.0
-1414.0,-634.0,-92.9481,1.26119e-07,76.6081,67.6199,103.392,-112.38,-1414.0,-634.0,-1400.0,-600.0
-1412.0,-634.0,-92.7917,1.23869e-07,76.2261,70.56,103.774,-109.44,-1412.0,-634.0,-1400.0,-600.0
-1410.0,-634.0,-92.6556,1.21944e-07,75.8678,73.6105,104.132,-106.39,-1410.0,-634.0,-1400.0,-600.0
-1408.0,-634.0,-107.53,1.20371e-07,75.5407,77.6338,104.459,-103.963,-1404.61,-618.561,-1404.61,-618.561
-1406.0,-634.0,-119.858,7.81973e-07,87.7766,88.582,92.2234,91.5353,-1402.68,-499.95,-1402.68,-499.95
-1404.0,-634.0,-148.846,2.8109e-07,83.7464,113.172,96.2536,148.195,-1425.26,-584.337,-1425.26,-584.337
-1402.0,-634.0,0.0,0.0,0.0,0.0,0.0,0.0,0.0,0.0,0.0,0.0
-1400.0,-634.0,0.0,0.0,0.0,0.0,0.0,0.0,0.0,0.0,0.0,0.0
-1398.0,-634.0,0.0,0.0,0.0,0.0,0.0,0.0,0.0,0.0,0.0,0.0
-1396.0,-634.0,0.0,0.0,0.0,0.0,0.0,0.0,0.0,0.0,0.0,0.0
-1394.0,-634.0,-179.236,1.05683e-06,96.929,1.94903,92.098,-7.72819,-1239.86,-621.732,-1381.4,-633.571
-1392.0,-634.0,-177.994,1.05017e-06,96.9576,1.99617,92.1267,-7.72819,-1239.86,-621.732,-1379.48,-633.564
-1390.0,-634.0,-115.074,1.08141e-06,88.273,-13.4898,91.727,20.6788,-1372.06,-589.455,-1312.23,-652.655
-1388.0,-634.0,-115.012,1.07493e-06,88.2476,-13.5729,91.7524,20.7618,-1372.2,-589.459,-1310.9,-652.613
-1386.0,-634.0,-114.954,1.06846e-06,88.2218,-13.6569,91.7782,20.8458,-1372.33,-589.463,-1309.57,-652.57
-1384.0,-634.0,-151.799,1.06622e-06,88.203,-16.0204,91.797,11.6373,-1342.24,-588.104,-1318.35,-652.851
-1382.0,-634.0,-152.018,1.05982e-06,88.1769,-16.1427,91.8231,11.6373,-1342.24,-588.104,-1317.02,-652.808
-1380.0,-634.0,-152.246,4.48318e-07,90.8775,-95.5401,101.749,-78.7356,-1396.37,-618.213,-1382.01,-654.758
-1378.0,-634.0,-150.815,4.49007e-07,90.8605,-96.3896,101.723,-77.8703,-1396.09,-618.201,-1380.32,-654.694
-1376.0,-634.0,-149.619,4.49794e-07,90.8435,-97.2363,101.695,-77.008,-1395.8,-618.189,-1378.62,-654.629
-1374.0,-634.0,-148.696,4.50679e-07,90.8264,-98.0798,101.663,-76.1491,-1395.52,-618.177,-1376.92,-654.565
-1372.0,-634.0,-115.307,3.18973e-07,90.81,108.161,99.3404,-70.7213,-1393.67,-618.099,-1380.81,-607.14
-1370.0,-634.0,-117.812,3.21115e-07,90.7952,109.292,99.3694,-69.5749,-1393.27,-618.082,-1379.58,-606.627
-1368.0,-634.0,-123.009,3.23381e-07,90.7896,110.409,99.4037,-68.4442,-1392.86,-618.065,-1378.42,-606.007
-1366.0,-634.0,-130.234,3.25768e-07,90.7838,111.509,99.4339,-67.3294,-1392.46,-618.048,-1377.27,-605.399
-1364.0,-634.0,-126.748,3.28273e-07,90.7778,112.593,99.4603,-66.2311,-1392.06,-618.032,-1376.15,-604.803
-1362.0,-634.0,-119.564,3.30894e-07,90.7717,113.66,99.483,-65.1497,-1391.66,-618.015,-1375.05,-604.218
-1360.0,-634.0,-115.997,3.33628e-07,90.7653,114.709,99.502,-64.0855,-1391.26,-617.998,-1373.97,-603.644
-1358.0,-634.0,-114.427,3.36472e-07,90.7589,115.742,99.5176,-63.0388,-1390.85,-617.981,-1372.91,-603.08
-1356.0,-634.0,-113.834,3.39423e-07,90.7523,116.757,99.5299,-62.0099,-1390.45,-617.964,-1371.87,-602.527
-1354.0,-634.0,-138.277,3.4262e-07,90.6487,117.313,100.675,-60.6995,-1389.93,-617.942,-1369.6,-603.8
-1352.0,-634.0,-145.958,1.37887e-06,88.5586,2.89125,91.4414,-6.16513,-1239.86,-617.298,-1239.86,-628.336
-1350.0,-634.0,-140.847,9.09687e-07,89.7719,7.15455,92.4894,-7.17818,-1239.86,-620.168,-1309.38,-628.901
-1348.0,-634.0,-145.839,1.36552e-06,88.5918,2.91951,91.4082,-6.19339,-1239.86,-617.378,-1239.86,-628.485
-1346.0,-634.0,-145.776,1.35885e-06,88.5972,2.93384,91.4028,-6.20772,-1239.86,-617.419,-1239.86,-628.56
-1344.0,-634.0,-145.195,8.89844e-07,87.8757,4.72259,92.1243,-7.72819,-1239.86,-621.732,-1309.31,-631.135
-1342.0,-634.0,-143.539,8.83189e-07,87.8779,5.01013,92.1221,-7.72819,-1239.86,-621.732,-1309.31,-631.135
-1340.0,-634.0,-141.64,8.76537e-07,87.8802,5.33484,92.1198,-7.72819,-1239.86,-621.732,-1309.31,-631.135
-1338.0,-634.0,-139.388,8.69888e-07,87.8826,5.70441,92.1174,-7.72819,-1239.86,-621.732,-1309.31,-631.135
-1336.0,-634.0,-136.588,8.63244e-07,87.885,6.12879,92.115,-7.72819,-1239.86,-621.732,-1309.31,-631.135
-1334.0,-634.0,-132.898,8.56606e-07,87.8875,6.62109,92.1125,-7.72819,-1239.86,-621.732,-1309.31,-631.135
-1332.0,-634.0,-127.789,8.49975e-07,87.89,7.19892,92.11,-7.72819,-1239.86,-621.732,-1309.31,-631.135
-1330.0,-634.0,-116.527,8.43354e-07,87.892,7.72437,92.108,-7.74281,-1239.86,-621.774,-1239.86,-621.774
-1328.0,-634.0,-116.36,8.36746e-07,87.8753,7.78583,92.1247,-7.80427,-1239.86,-621.949,-1239.86,-621.949
-1326.0,-634.0,-116.192,8.30139e-07,87.8584,7.84828,92.1416,-7.86671,-1239.86,-622.126,-1239.86,-622.126
-1324.0,-634.0,-116.023,8.23533e-07,87.8412,7.91172,92.1588,-7.93016,-1239.86,-622.307,-1239.86,-622.307
-1322.0,-634.0,-113.528,8.30311e-07,87.8589,12.3795,92.1411,15.9024,-1361.9,-589.144,-1239.86,-615.971
-1320.0,-634.0,-113.337,8.23798e-07,87.8419,12.4791,92.1581,16.002,-1362.18,-589.153,-1239.86,-616.264
-1318.0,-634.0,-113.151,8.17291e-07,87.8206,12.5802,92.1794,16.1032,-1362.46,-589.161,-1239.86,-616.562
-1316.0,-634.0,-112.968,8.10794e-07,87.7832,12.683,92.2168,16.206,-1362.74,-589.17,-1239.86,-616.865
-1314.0,-634.0,-112.79,8.04301e-07,87.7452,12.7875,92.2548,16.3104,-1363.02,-589.178,-1239.86,-617.173
-1312.0,-634.0,-112.616,7.97811e-07,87.7067,12.8936,92.2933,16.4166,-1363.3,-589.187,-1239.86,-617.486
-1310.0,-634.0,-112.447,7.91324e-07,87.6674,13.0015,92.3326,16.5245,-1363.58,-589.196,-1239.86,-617.805
-1308.0,-634.0,-112.282,7.8484e-07,87.6276,13.1112,92.3724,16.6342,-1363.87,-589.204,-1239.86,-618.129
-1306.0,-634.0,-112.121,7.78359e-07,87.5871,13.2228,92.4129,16.7457,-1364.15,-589.213,-1239.86,-618.459
-1304.0,-634.0,-111.964,7.71882e-07,87.5459,13.3362,92.4541,16.8591,-1364.43,-589.222,-1239.86,-618.795
-1302.0,-634.0,-111.81,7.65408e-07,87.504,13.4515,92.496,16.9745,-1364.72,-589.23,-1239.86,-619.137
-1300.0,-634.0,-111.661,7.58938e-07,87.4614,13.5688,92.5386,17.0918,-1365.0,-589.239,-1239.86,-619.485
-1298.0,-634.0,-111.515,7.52472e-07,87.4181,13.6882,92.5819,17.2111,-1365.29,-589.248,-1239.86,-619.84
-1296.0,-634.0,-111.373,7.46009e-07,87.3741,13.8096,92.6259,17.3325,-1365.58,-589.257,-1239.86,-620.201
-1294.0,-634.0,-111.234,7.39545e-07,87.3372,13.9331,92.6628,17.4561,-1365.86,-589.265,-1239.86,-620.569
-1292.0,-634.0,-111.099,7.33077e-07,87.3137,14.0589,92.6863,17.5818,-1366.15,-589.274,-1239.86,-620.943
-1290.0,-634.0,-109.477,5.24246e-07,86.2423,135.014,93.7577,46.6554,-1390.58,-590.022,-1336.08,-587.943
-1288.0,-634.0,-109.915,5.28977e-07,86.276,135.526,93.724,46.1433,-1390.41,-590.016,-1334.94,-587.913
-1286.0,-634.0,-110.713,7.13695e-07,87.2407,14.4497,92.7593,17.9727,-1367.02,-589.301,-1239.86,-622.111
-1284.0,-634.0,-110.59,7.07242e-07,87.2155,14.5848,92.7845,18.1078,-1367.31,-589.31,-1239.86,-622.515
-1282.0,-634.0,-107.211,5.01742e-07,86.0735,142.435,93.9265,-35.7298,-1375.88,-617.35,-1341.69,-588.09
-1280.0,-634.0,-107.207,5.07036e-07,86.1146,142.896,93.8854,-35.269,-1375.49,-617.333,-1340.73,-588.064
-1278.0,-634.0,-107.33,5.12362e-07,86.155,143.347,93.845,-34.8178,-1375.1,-617.317,-1339.77,-588.039
-1276.0,-634.0,-107.578,5.17727e-07,86.1815,143.789,93.8185,-34.3759,-1374.71,-617.3,-1338.81,-588.014
-1274.0,-634.0,-107.979,5.23133e-07,86.1901,144.221,93.8099,-33.9431,-1374.32,-617.284,-1337.85,-587.989
-1272.0,-634.0,-108.591,5.28568e-07,86.1988,144.645,93.8012,-33.5193,-1373.93,-617.268,-1336.89,-587.964
-1270.0,-634.0,-109.525,5.34022e-07,86.2229,145.06,93.7771,-33.1041,-1373.54,-617.251,-1335.93,-587.939
-1268.0,-634.0,-109.728,6.55822e-07,86.9252,15.7611,93.0748,19.284,-1369.65,-589.381,-1239.86,-626.058
-1266.0,-634.0,-109.637,6.49411e-07,86.8948,15.9213,93.1052,19.4442,-1369.95,-589.39,-1239.86,-626.544
-1264.0,-634.0,-109.551,6.43006e-07,86.8638,16.0846,93.1362,19.6076,-1370.24,-589.399,-1239.86,-627.04
-1262.0,-634.0,-109.469,6.36606e-07,86.8323,16.2513,93.1677,19.7742,-1370.54,-589.409,-1239.86,-627.547
-1260.0,-634.0,-109.393,6.30212e-07,86.8001,16.4213,93.1999,19.9443,-1370.84,-589.418,-1239.86,-628.065
-1258.0,-634.0,-106.045,5.09233e-07,86.0388,159.483,93.9612,24.0218,-1376.66,-589.596,-1376.66,-589.596
-1256.0,-634.0,-106.043,5.15473e-07,86.0868,159.743,93.9132,23.7613,-1376.35,-589.586,-1376.35,-589.586
-1254.0,-634.0,-106.063,5.21725e-07,86.1338,159.998,93.8662,23.5069,-1376.04,-589.577,-1376.04,-589.577
-1252.0,-634.0,-106.101,5.27997e-07,86.1619,160.246,93.8381,23.2587,-1375.73,-589.567,-1375.73,-589.567
-1250.0,-634.0,-106.151,5.34288e-07,86.1769,160.488,93.8231,23.0162,-1375.42,-589.558,-1375.42,-589.558
-1248.0,-634.0,-106.211,5.40587e-07,86.1916,160.725,93.8084,22.7795,-1375.11,-589.548,-1375.11,-589.548
-1246.0,-634.0,-106.279,5.46896e-07,86.206,160.956,93.794,22.5482,-1374.8,-589.539,-1374.8,-589.539
-1244.0,-634.0,-106.352,5.53213e-07,86.2202,161.182,93.7798,22.3222,-1374.5,-589.53,-1374.5,-589.53
-1242.0,-634.0,-106.429,5.59539e-07,86.234,161.403,93.766,22.1013,-1374.19,-589.52,-1374.19,-589.52
-1240.0,-634.0,-106.51,5.65873e-07,86.2477,161.619,93.7523,21.8853,-1373.89,-589.511,-1373.89,-589.511
-1238.0,-634.0,0.0,0.0,0.0,0.0,0.0,0.0,0.0,0.0,0.0,0.0
-1236.0,-634.0,0.0,0.0,0.0,0.0,0.0,0.0,0.0,0.0,0.0,0.0
-1234.0,-634.0,0.0,0.0,0.0,0.0,0.0,0.0,0.0,0.0,0.0,0.0
-1232.0,-634.0,0.0,0.0,0.0,0.0,0.0,0.0,0.0,0.0,0.0,0.0
-1230.0,-634.0,0.0,0.0,0.0,0.0,0.0,0.0,0.0,0.0,0.0,0.0
-1228.0,-634.0,0.0,0.0,0.0,0.0,0.0,0.0,0.0,0.0,0.0,0.0
-1226.0,-634.0,0.0,0.0,0.0,0.0,0.0,0.0,0.0,0.0,0.0,0.0
-1224.0,-634.0,0.0,0.0,0.0,0.0,0.0,0.0,0.0,0.0,0.0,0.0
-1222.0,-634.0,0.0,0.0,0.0,0.0,0.0,0.0,0.0,0.0,0.0,0.0
-1220.0,-634.0,0.0,0.0,0.0,0.0,0.0,0.0,0.0,0.0,0.0,0.0
-1218.0,-634.0,0.0,0.0,0.0,0.0,0.0,0.0,0.0,0.0,0.0,0.0
-1216.0,-634.0,0.0,0.0,0.0,0.0,0.0,0.0,0.0,0.0,0.0,0.0
-1214.0,-634.0,0.0,0.0,0.0,0.0,0.0,0.0,0.0,0.0,0.0,0.0
-1212.0,-634.0,0.0,0.0,0.0,0.0,0.0,0.0,0.0,0.0,0.0,0.0
-1210.0,-634.0,0.0,0.0,0.0,0.0,0.0,0.0,0.0,0.0,0.0,0.0
-1208.0,-634.0,0.0,0.0,0.0,0.0,0.0,0.0,0.0,0.0,0.0,0.0
-1206.0,-634.0,0.0,0.0,0.0,0.0,0.0,0.0,0.0,0.0,0.0,0.0
-1204.0,-634.0,0.0,0.0,0.0,0.0,0.0,0.0,0.0,0.0,0.0,0.0
-1202.0,-634.0,0.0,0.0,0.0,0.0,0.0,0.0,0.0,0.0,0.0,0.0
-1600.0,-632.0,-107.556,6.76193e-07,88.129,9.09028,91.871,-170.91,-1600.0,-632.0,-1400.0,-600.0
-1598.0,-632.0,-107.471,6.69607e-07,88.1106,9.18054,91.8894,-170.819,-1598.0,-632.0,-1400.0,-600.0
-1596.0,-632.0,-107.385,6.63024e-07,88.0918,9.2726,91.9082,-170.727,-1596.0,-632.0,-1400.0,-600.0
-1594.0,-632.0,-107.298,6.56442e-07,88.0727,9.36651,91.9273,-170.633,-1594.0,-632.0,-1400.0,-600.0
-1592.0,-632.0,-107.21,6.49862e-07,88.0532,9.46232,91.9468,-170.538,-1592.0,-632.0,-1400.0,-600.0
-1590.0,-632.0,-107.122,6.43284e-07,88.0333,9.5601,91.9667,-170.44,-1590.0,-632.0,-1400.0,-600.0
-1588.0,-632.0,-107.032,6.36709e-07,88.013,9.65989,91.987,-170.34,-1588.0,-632.0,-1400.0,-600.0
-1586.0,-632.0,-106.942,6.30135e-07,87.9923,9.76177,92.0077,-170.238,-1586.0,-632.0,-1400.0,-600.0
-1584.0,-632.0,-106.851,6.23576e-07,87.9381,9.86581,92.0619,-170.134,-1584.0,-632.0,-1400.0,-600.0
-1582.0,-632.0,-106.759,6.17038e-07,87.8377,9.97206,92.1623,-170.028,-1582.0,-632.0,-1400.0,-600.0
-1580.0,-632.0,-106.666,6.10504e-07,87.7352,10.0806,92.2648,-169.919,-1580.0,-632.0,-1400.0,-600.0
-1578.0,-632.0,-106.572,6.03974e-07,87.6305,10.1915,92.3695,-169.808,-1578.0,-632.0,-1400.0,-600.0
-1576.0,-632.0,-106.478,5.97439e-07,87.5442,10.3048,92.4558,-169.695,-1576.0,-632.0,-1400.0,-600.0
-1574.0,-632.0,-106.382,5.90906e-07,87.4623,10.4207,92.5377,-169.579,-1574.0,-632.0,-1400.0,-600.0
-1572.0,-632.0,-106.285,5.84375e-07,87.3787,10.5392,92.6213,-169.461,-1572.0,-632.0,-1400.0,-600.0
-1570.0,-632.0,-106.187,5.77849e-07,87.2931,10.6603,92.7069,-169.34,-1570.0,-632.0,-1400.0,-600.0
-1568.0,-632.0,-106.088,5.71327e-07,87.2057,10.7843,92.7943,-169.216,-1568.0,-632.0,-1400.0,-600.0
-1566.0,-632.0,-105.988,5.64808e-07,87.1162,10.9111,92.8838,-169.089,-1566.0,-632.0,-1400.0,-600.0
-1564.0,-632.0,-105.887,5.58294e-07,87.0246,11.0409,92.9754,-168.959,-1564.0,-632.0,-1400.0,-600.0
-1562.0,-632.0,-105.785,5.51785e-07,86.9309,11.1738,93.0691,-168.826,-1562.0,-632.0,-1400.0,-600.0
-1560.0,-632.0,-105.682,5.4528e-07,86.835,11.3099,93.165,-168.69,-1560.0,-632.0,-1400.0,-600.0
-1558.0,-632.0,-105.578,5.38779e-07,86.7368,11.4493,93.2632,-168.551,-1558.0,-632.0,-1400.0,-600.0
-1556.0,-632.0,-105.472,5.32284e-07,86.6362,11.5922,93.3638,-168.408,-1556.0,-632.0,-1400.0,-600.0
-1554.0,-632.0,-105.365,5.25793e-07,86.5331,11.7386,93.4669,-168.261,-1554.0,-632.0,-1400.0,-600.0
-1552.0,-632.0,-105.257,5.19276e-07,86.4844,11.8887,93.5156,-168.111,-1552.0,-632.0,-1400.0,-600.0
-1550.0,-632.0,-105.147,5.1276e-07,86.4397,12.0426,93.5603,-167.957,-1550.0,-632.0,-1400.0,-600.0
-1548.0,-632.0,-105.035,5.06248e-07,86.3939,12.2005,93.6061,-167.8,-1548.0,-632.0,-1400.0,-600.0
-1546.0,-632.0,-104.923,4.99741e-07,86.3468,12.3625,93.6532,-167.638,-1546.0,-632.0,-1400.0,-600.0
-1544.0,-632.0,-104.809,4.93237e-07,86.2986,12.5288,93.7014,-167.471,-1544.0,-632.0,-1400.0,-600.0
-1542.0,-632.0,-104.693,4.86739e-07,86.2491,12.6996,93.7509,-167.3,-1542.0,-632.0,-1400.0,-600.0
-1540.0,-632.0,-104.576,4.80245e-07,86.1983,12.875,93.8017,-167.125,-1540.0,-632.0,-1400.0,-600.0
-1538.0,-632.0,-104.458,4.73756e-07,86.1462,13.0552,93.8538,-166.945,-1538.0,-632.0,-1400.0,-600.0
-1536.0,-632.0,-104.338,4.67259e-07,86.1179,13.2405,93.8821,-166.759,-1536.0,-632.0,-1400.0,-600.0
-1534.0,-632.0,-104.216,4.60761e-07,86.0982,13.431,93.9018,-166.569,-1534.0,-632.0,-1400.0,-600.0
-1532.0,-632.0,-104.092,4.54269e-07,86.0779,13.627,93.9221,-166.373,-1532.0,-632.0,-1400.0,-600.0
-1530.0,-632.0,-103.967,4.47782e-07,86.0571,13.8287,93.9429,-166.171,-1530.0,-632.0,-1400.0,-600.0
-1528.0,-632.0,-103.84,4.41301e-07,86.0358,14.0362,93.9642,-165.964,-1528.0,-632.0,-1400.0,-600.0
-1526.0,-632.0,-103.711,4.34825e-07,86.0139,14.25,93.9861,-165.75,-1526.0,-632.0,-1400.0,-600.0
-1524.0,-632.0,-103.581,4.28357e-07,85.9914,14.4703,94.0086,-165.53,-1524.0,-632.0,-1400.0,-600.0
-1522.0,-632.0,-103.449,4.21894e-07,85.9682,14.6973,94.0318,-165.303,-1522.0,-632.0,-1400.0,-600.0
-1520.0,-632.0,-103.314,4.15439e-07,85.9444,14.9314,94.0556,-165.069,-1520.0,-632.0,-1400.0,-600.0
-1518.0,-632.0,-103.178,4.08991e-07,85.9199,15.1729,94.0801,-164.827,-1518.0,-632.0,-1400.0,-600.0
-1516.0,-632.0,-103.04,4.0255e-07,85.8947,15.4222,94.1053,-164.578,-1516.0,-632.0,-1400.0,-600.0
-1514.0,-632.0,-102.9,3.96117e-07,85.8688,15.6795,94.1312,-164.32,-1514.0,-632.0,-1400.0,-600.0
-1512.0,-632.0,-102.758,3.89693e-07,85.8421,15.9454,94.1579,-164.055,-1512.0,-632.0,-1400.0,-600.0
-1510.0,-632.0,-102.613,3.83277e-07,85.8146,16.2202,94.1854,-163.78,-1510.0,-632.0,-1400.0,-600.0
-1508.0,-632.0,-102.467,3.7687e-07,85.7862,16.5044,94.2138,-163.496,-1508.0,-632.0,-1400.0,-600.0
-1506.0,-632.0,-102.318,3.70473e-07,85.757,16.7984,94.243,-163.202,-1506.0,-632.0,-1400.0,-600.0
-1504.0,-632.0,-102.166,3.64086e-07,85.7269,17.1027,94.2731,-162.897,-1504.0,-632.0,-1400.0,-600.0
-1502.0,-632.0,-102.013,3.5771e-07,85.6958,17.418,94.3042,-162.582,-1502.0,-632.0,-1400.0,-600.0
-1500.0,-632.0,-101.856,3.51345e-07,85.6638,17.7447,94.3362,-162.255,-1500.0,-632.0,-1400.0,-600.0
-1498.0,-632.0,-101.698,3.44992e-07,85.6307,18.0834,94.3693,-161.917,-1498.0,-632.0,-1400.0,-600.0
-1496.0,-632.0,-101.536,3.38637e-07,85.6301,18.4349,94.3699,-161.565,-1496.0,-632.0,-1400.0,-600.0
-1494.0,-632.0,-101.371,3.32288e-07,85.6439,18.7999,94.3561,-161.2,-1494.0,-632.0,-1400.0,-600.0
-1492.0,-632.0,-101.204,3.25953e-07,85.6584,19.179,94.3416,-160.821,-1492.0,-632.0,-1400.0,-600.0
-1490.0,-632.0,-101.033,3.19634e-07,85.6716,19.5731,94.3284,-160.427,-1490.0,-632.0,-1400.0,-600.0
-1488.0,-632.0,-100.861,3.13351e-07,85.6363,19.9831,94.3637,-160.017,-1488.0,-632.0,-1400.0,-600.0
-1486.0,-632.0,-100.685,3.07084e-07,85.5998,20.4099,94.4002,-159.59,-1486.0,-632.0,-1400.0,-600.0
-1484.0,-632.0,-100.506,3.00836e-07,85.562,20.8545,94.438,-159.146,-1484.0,-632.0,-1400.0,-600.0
-1482.0,-632.0,-100.324,2.94606e-07,85.5229,21.3179,94.4771,-158.682,-1482.0,-632.0,-1400.0,-600.0
-1480.0,-632.0,-100.139,2.88397e-07,85.4825,21.8014,94.5175,-158.199,-1480.0,-632.0,-1400.0,-600.0
-1478.0,-632.0,-99.9503,2.82208e-07,85.4406,22.3062,94.5594,-157.694,-1478.0,-632.0,-1400.0,-600.0
-1476.0,-632.0,-99.7582,2.76043e-07,85.3972,22.8337,94.6028,-157.166,-1476.0,-632.0,-1400.0,-600.0
-1474.0,-632.0,-99.5625,2.69903e-07,85.3522,23.3852,94.6478,-156.615,-1474.0,-632.0,-1400.0,-600.0
-1472.0,-632.0,-99.3639,2.63808e-07,85.253,23.9625,94.747,-156.038,-1472.0,-632.0,-1400.0,-600.0
-1470.0,-632.0,-99.1617,2.57745e-07,85.1411,24.5672,94.8589,-155.433,-1470.0,-632.0,-1400.0,-600.0
-1468.0,-632.0,-98.9558,2.51714e-07,85.0244,25.2011,94.9756,-154.799,-1468.0,-632.0,-1400.0,-600.0
-1466.0,-632.0,-98.7462,2.4572e-07,84.8898,25.8664,95.1102,-154.134,-1466.0,-632.0,-1400.0,-600.0
-1464.0,-632.0,-98.5335,2.39783e-07,84.6953,26.5651,95.3047,-153.435,-1464.0,-632.0,-1400.0,-600.0
-1462.0,-632.0,-98.317,2.33886e-07,84.4919,27.2996,95.5081,-152.7,-1462.0,-632.0,-1400.0,-600.0
-1460.0,-632.0,-98.0966,2.28033e-07,84.2789,28.0725,95.7211,-151.928,-1460.0,-632.0,-1400.0,-600.0
-1458.0,-632.0,-97.8723,2.22226e-07,84.0558,28.8866,95.9442,-151.113,-1458.0,-632.0,-1400.0,-600.0
-1456.0,-632.0,-97.6441,2.16469e-07,83.8222,29.7449,96.1778,-150.255,-1456.0,-632.0,-1400.0,-600.0
-1454.0,-632.0,-97.412,2.10767e-07,83.5773,30.6507,96.4227,-149.349,-1454.0,-632.0,-1400.0,-600.0
-1452.0,-632.0,-97.176,2.05124e-07,83.3206,31.6075,96.6794,-148.392,-1452.0,-632.0,-1400.0,-600.0
-1450.0,-632.0,-96.9363,1.99544e-07,83.0515,32.6192,96.9485,-147.381,-1450.0,-632.0,-1400.0,-600.0
-1448.0,-632.0,-96.6929,1.94034e-07,82.7694,33.6901,97.2306,-146.31,-1448.0,-632.0,-1400.0,-600.0
-1446.0,-632.0,-96.4459,1.886e-07,82.4735,34.8245,97.5265,-145.176,-1446.0,-632.0,-1400.0,-600.0
-1444.0,-632.0,-96.1956,1.83249e-07,82.1635,36.0274,97.8365,-143.973,-1444.0,-632.0,-1400.0,-600.0
-1442.0,-632.0,-95.9424,1.77986e-07,81.8387,37.3039,98.1613,-142.696,-1442.0,-632.0,-1400.0,-600.0
-1440.0,-632.0,-95.6864,1.72822e-07,81.4987,38.6598,98.5013,-141.34,-1440.0,-632.0,-1400.0,-600.0
-1438.0,-632.0,-95.4282,1.67765e-07,81.1431,40.1009,98.8569,-139.899,-1438.0,-632.0,-1400.0,-600.0
-1436.0,-632.0,-95.1684,1.62825e-07,80.7717,41.6335,99.2283,-138.366,-1436.0,-632.0,-1400.0,-600.0
-1434.0,-632.0,-94.9077,1.58013e-07,80.3845,43.2643,99.6155,-136.736,-1434.0,-632.0,-1400.0,-600.0
-1432.0,-632.0,-94.6468,1.53341e-07,79.9818,45.0,100.018,-135.0,-1432.0,-632.0,-1400.0,-600.0
-1430.0,-632.0,-94.3868,1.48822e-07,79.564,46.8476,100.436,-133.152,-1430.0,-632.0,-1400.0,-600.0
-1428.0,-632.0,-94.1288,1.4447e-07,79.1323,48.8141,100.868,-131.186,-1428.0,-632.0,-1400.0,-600.0
-1426.0,-632.0,-93.8744,1.40302e-07,78.688,50.9061,101.312,-129.094,-1426.0,-632.0,-1400.0,-600.0
-1424.0,-632.0,-93.625,1.36334e-07,78.2333,53.1301,101.767,-126.87,-1424.0,-632.0,-1400.0,-600.0
-1422.0,-632.0,-93.3825,1.32583e-07,77.771,55.4915,102.229,-124.509,-1422.0,-632.0,-1400.0,-600.0
-1420.0,-632.0,-93.1491,1.2907e-07,77.3046,57.9946,102.695,-122.005,-1420.0,-632.0,-1400.0,-600.0
-1418.0,-632.0,-92.927,1.25813e-07,76.8385,60.6422,103.161,-119.358,-1418.0,-632.0,-1400.0,-600.0
-1416.0,-632.0,-92.7187,1.22833e-07,76.3782,63.4349,103.622,-116.565,-1416.0,-632.0,-1400.0,-600.0
-1414.0,-632.0,-92.5268,1.20151e-07,75.9296,66.3706,104.07,-113.629,-1414.0,-632.0,-1400.0,-600.0
-1412.0,-632.0,-92.3542,1.17788e-07,75.4998,69.444,104.5,-110.556,-1412.0,-632.0,-1400.0,-600.0
-1410.0,-632.0,-92.2034,1.15762e-07,75.0961,72.646,104.904,-107.354,-1410.0,-632.0,-1400.0,-600.0
-1408.0,-632.0,-92.0771,1.14091e-07,74.7261,75.9638,105.274,-104.036,-1408.0,-632.0,-1400.0,-600.0
-1406.0,-632.0,-119.792,7.75306e-07,87.7575,88.5697,92.2425,91.5475,-1402.7,-499.95,-1402.7,-499.95
-1404.0,-632.0,0.0,0.0,0.0,0.0,0.0,0.0,0.0,0.0,0.0,0.0
-1402.0,-632.0,0.0,0.0,0.0,0.0,0.0,0.0,0.0,0.0,0.0,0.0
-1400.0,-632.0,0.0,0.0,0.0,0.0,0.0,0.0,0.0,0.0,0.0,0.0
-1398.0,-632.0,0.0,0.0,0.0,0.0,0.0,0.0,0.0,0.0,0.0,0.0
-1396.0,-632.0,-184.882,4.8737e-07,72.5381,15.7805,111.291,-38.162,-1377.18,-617.929,-1346.0,-617.869
-1394.0,-632.0,-184.142,4.81341e-07,72.2771,16.3204,111.552,-38.1774,-1377.52,-617.675,-1344.66,-617.554
-1392.0,-632.0,-183.625,4.75341e-07,72.0101,16.8974,111.818,-38.1931,-1377.86,-617.421,-1343.34,-617.219
-1390.0,-632.0,-183.171,4.6937e-07,71.737,17.5153,112.091,-38.2092,-1378.19,-617.168,-1342.03,-616.862
-1388.0,-632.0,-182.657,4.63431e-07,71.4578,18.1786,112.37,-38.2258,-1378.52,-616.917,-1340.74,-616.483
-1386.0,-632.0,-158.953,5.36589e-07,92.1023,116.545,94.2553,117.862,-1429.33,-544.506,-1394.04,-615.904
-1384.0,-632.0,-158.603,5.39613e-07,92.0301,117.583,94.2614,117.862,-1429.33,-544.506,-1392.42,-615.884
-1382.0,-632.0,-158.434,5.42744e-07,91.9592,118.602,94.2666,117.862,-1429.33,-544.506,-1390.8,-615.867
-1380.0,-632.0,-158.363,5.45979e-07,91.8896,119.602,94.2709,117.862,-1429.33,-544.506,-1389.17,-615.853
-1378.0,-632.0,-113.371,3.06875e-07,90.9997,104.995,99.3898,-73.9345,-1394.77,-618.146,-1384.78,-606.699
-1376.0,-632.0,-113.627,3.08664e-07,90.9416,106.192,99.3878,-72.7202,-1394.36,-618.129,-1383.35,-606.7
-1374.0,-632.0,-114.327,3.10587e-07,90.8838,107.375,99.3818,-71.5204,-1393.95,-618.111,-1381.92,-606.7
-1372.0,-632.0,-115.826,3.1264e-07,90.8264,108.542,99.372,-70.3359,-1393.53,-618.094,-1380.49,-606.7
-1370.0,-632.0,-119.139,3.14825e-07,90.811,109.694,99.3999,-69.169,-1393.12,-618.076,-1379.24,-606.183
-1368.0,-632.0,-125.872,3.17136e-07,90.8051,110.829,99.4334,-68.0188,-1392.71,-618.059,-1378.06,-605.558
-1366.0,-632.0,-130.302,3.19569e-07,90.799,111.947,99.4626,-66.8854,-1392.3,-618.042,-1376.9,-604.945
-1364.0,-632.0,-123.032,3.22123e-07,90.7927,113.049,99.4879,-65.7694,-1391.89,-618.024,-1375.77,-604.344
-1362.0,-632.0,-117.43,3.24793e-07,90.7861,114.132,99.5093,-64.6712,-1391.48,-618.007,-1374.65,-603.755
-1360.0,-632.0,-114.923,3.27578e-07,90.7795,115.197,99.527,-63.5912,-1391.07,-617.99,-1373.56,-603.177
-1358.0,-632.0,-113.882,3.30474e-07,90.7726,116.244,99.5411,-62.5296,-1390.66,-617.972,-1372.49,-602.61
-1356.0,-632.0,-138.168,3.33643e-07,90.8255,116.775,100.717,-61.1753,-1390.12,-617.95,-1370.01,-604.24
-1354.0,-632.0,-138.283,3.36709e-07,90.6465,117.855,100.627,-60.1713,-1389.72,-617.933,-1370.11,-601.52
-1352.0,-632.0,-142.539,3.39832e-07,91.1393,118.683,100.527,-59.0957,-1389.28,-617.914,-1365.3,-607.693
-1350.0,-632.0,-146.27,2.50875e-07,93.3771,132.028,122.454,40.9475,-1388.42,-589.956,-1363.25,-617.296
-1348.0,-632.0,-145.707,2.55417e-07,93.4033,133.15,121.841,39.8595,-1387.95,-589.941,-1361.99,-617.081
-1346.0,-632.0,-145.294,2.60036e-07,93.3491,134.235,121.247,38.8342,-1387.49,-589.927,-1359.94,-617.68
-1344.0,-632.0,-145.034,2.64744e-07,93.2933,135.282,120.667,37.8584,-1387.02,-589.913,-1357.77,-618.368
-1342.0,-632.0,-144.882,2.69536e-07,93.2386,136.292,120.102,36.9287,-1386.56,-589.899,-1355.47,-619.126
-1340.0,-632.0,-152.915,3.41675e-07,56.009,42.4792,115.418,-47.5711,-1384.38,-617.092,-1338.2,-630.347
-1338.0,-632.0,-149.305,4.90713e-07,92.3134,-112.455,100.798,-62.1101,-1390.49,-617.966,-1347.0,-653.768
-1336.0,-632.0,-148.385,4.9331e-07,92.3525,-113.172,100.736,-61.3843,-1390.21,-617.953,-1345.29,-653.713
-1334.0,-632.0,-155.388,3.98629e-07,92.2267,-121.105,126.509,49.108,-1391.38,-590.046,-1347.14,-653.772
-1332.0,-632.0,-153.522,4.02125e-07,92.2541,-121.92,126.115,48.225,-1391.1,-590.038,-1345.53,-653.721
-1330.0,-632.0,-153.071,4.05693e-07,92.2439,-122.721,125.721,47.3652,-1390.82,-590.029,-1343.92,-653.669
-1328.0,-632.0,-153.337,4.09336e-07,92.2241,-123.507,125.328,46.5286,-1390.54,-590.02,-1342.31,-653.618
-1326.0,-632.0,-145.556,1.29182e-06,88.6336,2.7897,91.3664,-6.06358,-1239.86,-617.011,-1239.86,-627.803
-1324.0,-632.0,-145.489,1.28516e-06,88.6265,2.80418,91.3735,-6.07806,-1239.86,-617.052,-1239.86,-627.879
-1322.0,-632.0,-140.19,8.16424e-07,97.7107,6.37256,92.498,-7.55404,-1239.86,-621.236,-1315.9,-631.319
-1320.0,-632.0,-138.498,8.09853e-07,97.5429,6.78054,92.5618,-7.60463,-1239.86,-621.38,-1313.77,-631.259
-1318.0,-632.0,-134.32,8.02818e-07,87.8009,5.69018,92.1991,-7.72819,-1239.86,-621.732,-1309.31,-631.135
-1316.0,-632.0,-124.303,7.96197e-07,87.7737,7.37568,92.2263,-7.72819,-1239.86,-621.732,-1309.31,-631.135
-1314.0,-632.0,-115.827,7.896e-07,87.7346,7.76524,92.2654,-7.78368,-1239.86,-621.89,-1239.86,-621.89
-1312.0,-632.0,-113.1,7.96332e-07,87.7335,12.4252,92.2665,15.9482,-1362.03,-589.148,-1239.86,-616.106
-1310.0,-632.0,-112.903,7.89833e-07,87.6944,12.5295,92.3056,16.0524,-1362.32,-589.157,-1239.86,-616.412
-1308.0,-632.0,-112.711,7.83337e-07,87.6546,12.6354,92.3454,16.1584,-1362.61,-589.166,-1239.86,-616.725
-1306.0,-632.0,-112.524,7.76843e-07,87.6142,12.7432,92.3858,16.2662,-1362.9,-589.175,-1239.86,-617.042
-1304.0,-632.0,-112.342,7.70353e-07,87.5731,12.8528,92.4269,16.3757,-1363.19,-589.184,-1239.86,-617.366
-1302.0,-632.0,-112.165,7.63866e-07,87.5314,12.9642,92.4686,16.4872,-1363.49,-589.193,-1239.86,-617.695
-1300.0,-632.0,-111.992,7.57383e-07,87.4889,13.0776,92.5111,16.6006,-1363.78,-589.202,-1239.86,-618.03
-1298.0,-632.0,-111.824,7.50903e-07,87.4457,13.1929,92.5543,16.7159,-1364.07,-589.211,-1239.86,-618.371
-1296.0,-632.0,-111.66,7.44426e-07,87.4018,13.3103,92.5982,16.8332,-1364.37,-589.22,-1239.86,-618.718
-1294.0,-632.0,-111.5,7.37953e-07,87.3571,13.4297,92.6429,16.9526,-1364.66,-589.229,-1239.86,-619.072
-1292.0,-632.0,-109.321,5.14815e-07,86.1974,135.014,93.8026,46.6551,-1390.58,-590.022,-1336.08,-587.943
-1290.0,-632.0,-109.773,5.19546e-07,86.2321,135.535,93.7679,46.1337,-1390.4,-590.016,-1334.92,-587.913
-1288.0,-632.0,-110.699,5.24319e-07,86.2665,136.047,93.7335,45.6218,-1390.23,-590.011,-1333.76,-587.883
-1286.0,-632.0,-110.903,7.12051e-07,87.2517,13.9291,92.7483,17.4521,-1365.85,-589.265,-1239.86,-620.557
-1284.0,-632.0,-107.003,4.92392e-07,86.024,142.577,93.976,-35.5874,-1375.76,-617.345,-1341.4,-588.082
-1282.0,-632.0,-107.043,4.97696e-07,86.0664,143.045,93.9336,-35.1194,-1375.36,-617.328,-1340.41,-588.056
-1280.0,-632.0,-107.212,5.03032e-07,86.1082,143.503,93.8918,-34.6613,-1374.96,-617.311,-1339.43,-588.03
-1278.0,-632.0,-107.517,5.084e-07,86.1494,143.951,93.8506,-34.213,-1374.56,-617.294,-1338.45,-588.005
-1276.0,-632.0,-108.0,5.13807e-07,86.1765,144.39,93.8235,-33.7741,-1374.17,-617.277,-1337.47,-587.979
-1274.0,-632.0,-108.744,5.19254e-07,86.1855,144.82,93.8145,-33.3444,-1373.77,-617.261,-1336.49,-587.954
-1272.0,-632.0,-109.9,5.24729e-07,86.1945,145.241,93.8055,-32.9236,-1373.37,-617.244,-1335.51,-587.928
-1270.0,-632.0,-109.877,6.60473e-07,86.953,15.0457,93.047,18.5686,-1368.26,-589.339,-1239.86,-623.898
-1268.0,-632.0,-109.765,6.54044e-07,86.9168,15.1976,93.0832,18.7206,-1368.57,-589.348,-1239.86,-624.356
-1266.0,-632.0,-109.656,6.47615e-07,86.8862,15.3526,93.1138,18.8756,-1368.87,-589.358,-1239.86,-624.823
-1264.0,-632.0,-105.72,4.88196e-07,85.8678,159.392,94.1322,24.1121,-1376.76,-589.599,-1376.76,-589.599
-1262.0,-632.0,-105.708,4.94432e-07,85.92,159.665,94.08,23.8392,-1376.44,-589.589,-1376.44,-589.589
-1260.0,-632.0,-105.724,5.0068e-07,85.971,159.931,94.029,23.5732,-1376.12,-589.579,-1376.12,-589.579
-1258.0,-632.0,-105.759,5.06938e-07,86.0208,160.191,93.9792,23.3137,-1375.8,-589.569,-1375.8,-589.569
-1256.0,-632.0,-105.809,5.13206e-07,86.0695,160.444,93.9305,23.0606,-1375.48,-589.56,-1375.48,-589.56
-1254.0,-632.0,-105.87,5.19485e-07,86.1171,160.691,93.8829,22.8137,-1375.16,-589.55,-1375.16,-589.55
-1252.0,-632.0,-105.939,5.25784e-07,86.1457,160.932,93.8543,22.5727,-1374.84,-589.54,-1374.84,-589.54
-1250.0,-632.0,-106.014,5.32101e-07,86.1612,161.167,93.8388,22.3374,-1374.52,-589.53,-1374.52,-589.53
-1248.0,-632.0,-106.095,5.38426e-07,86.1763,161.397,93.8237,22.1076,-1374.2,-589.521,-1374.2,-589.521
-1246.0,-632.0,-106.178,5.4476e-07,86.1911,161.621,93.8089,21.8832,-1373.89,-589.511,-1373.89,-589.511
-1244.0,-632.0,-106.265,5.51102e-07,86.2057,161.841,93.7943,21.664,-1373.57,-589.501,-1373.57,-589.501
-1242.0,-632.0,-106.355,5.57451e-07,86.2199,162.055,93.7801,21.4498,-1373.25,-589.492,-1373.25,-589.492
-1240.0,-632.0,-106.446,5.63809e-07,86.2339,162.264,93.7661,21.2404,-1372.94,-589.482,-1372.94,-589.482
-1238.0,-632.0,0.0,0.0,0.0,0.0,0.0,0.0,0.0,0.0,0.0,0.0
-1236.0,-632.0,0.0,0.0,0.0,0.0,0.0,0.0,0.0,0.0,0.0,0.0
-1234.0,-632.0,0.0,0.0,0.0,0.0,0.0,0.0,0.0,0.0,0.0,0.0
-1232.0,-632.0,0.0,0.0,0.0,0.0,0.0,0.0,0.0,0.0,0.0,0.0
-1230.0,-632.0,0.0,0.0,0.0,0.0,0.0,0.0,0.0,0.0,0.0,0.0
-1228.0,-632.0,0.0,0.0,0.0,0.0,0.0,0.0,0.0,0.0,0.0,0.0
-1226.0,-632.0,0.0,0.0,0.0,0.0,0.0,0.0,0.0,0.0,0.0,0.0
-1224.0,-632.0,0.0,0.0,0.0,0.0,0.0,0.0,0.0,0.0,0.0,0.0
-1222.0,-632.0,0.0,0.0,0.0,0.0,0.0,0.0,0.0,0.0,0.0,0.0
-1220.0,-632.0,-176.124,1.30637e-06,96.6511,79.0421,92.0856,-15.5937,-1342.83,-615.957,-1217.53,-619.223
-1218.0,-632.0,0.0,0.0,0.0,0.0,0.0,0.0,0.0,0.0,0.0,0.0
-1216.0,-632.0,0.0,0.0,0.0,0.0,0.0,0.0,0.0,0.0,0.0,0.0
-1214.0,-632.0,0.0,0.0,0.0,0.0,0.0,0.0,0.0,0.0,0.0,0.0
-1212.0,-632.0,0.0,0.0,0.0,0.0,0.0,0.0,0.0,0.0,0.0,0.0
-1210.0,-632.0,0.0,0.0,0.0,0.0,0.0,0.0,0.0,0.0,0.0,0.0
-1208.0,-632.0,0.0,0.0,0.0,0.0,0.0,0.0,0.0,0.0,0.0,0.0
-1206.0,-632.0,0.0,0.0,0.0,0.0,0.0,0.0,0.0,0.0,0.0,0.0
-1204.0,-632.0,0.0,0.0,0.0,0.0,0.0,0.0,0.0,0.0,0.0,0.0
-1202.0,-632.0,0.0,0.0,0.0,0.0,0.0,0.0,0.0,0.0,0.0,0.0
-1600.0,-630.0,-107.543,6.7515e-07,88.1811,8.53077,91.8189,-171.469,-1600.0,-630.0,-1400.0,-600.0
-1598.0,-630.0,-107.457,6.68555e-07,88.1631,8.61565,91.8369,-171.384,-1598.0,-630.0,-1400.0,-600.0
-1596.0,-630.0,-107.371,6.61961e-07,88.1448,8.70222,91.8552,-171.298,-1596.0,-630.0,-1400.0,-600.0
-1594.0,-630.0,-107.284,6.55368e-07,88.1262,8.79054,91.8738,-171.209,-1594.0,-630.0,-1400.0,-600.0
-1592.0,-630.0,-107.196,6.48778e-07,88.1071,8.88066,91.8929,-171.119,-1592.0,-630.0,-1400.0,-600.0
-1590.0,-630.0,-107.107,6.42189e-07,88.0877,8.97263,91.9123,-171.027,-1590.0,-630.0,-1400.0,-600.0
-1588.0,-630.0,-107.017,6.35601e-07,88.0679,9.0665,91.9321,-170.933,-1588.0,-630.0,-1400.0,-600.0
-1586.0,-630.0,-106.926,6.29016e-07,88.0477,9.16235,91.9523,-170.838,-1586.0,-630.0,-1400.0,-600.0
-1584.0,-630.0,-106.835,6.22445e-07,87.994,9.26022,92.006,-170.74,-1584.0,-630.0,-1400.0,-600.0
-1582.0,-630.0,-106.743,6.15894e-07,87.894,9.36019,92.106,-170.64,-1582.0,-630.0,-1400.0,-600.0
-1580.0,-630.0,-106.65,6.09347e-07,87.7919,9.46232,92.2081,-170.538,-1580.0,-630.0,-1400.0,-600.0
-1578.0,-630.0,-106.555,6.02804e-07,87.6875,9.56669,92.3125,-170.433,-1578.0,-630.0,-1400.0,-600.0
-1576.0,-630.0,-106.46,5.96264e-07,87.5809,9.67336,92.4191,-170.327,-1576.0,-630.0,-1400.0,-600.0
-1574.0,-630.0,-106.364,5.89717e-07,87.4992,9.78241,92.5008,-170.218,-1574.0,-630.0,-1400.0,-600.0
-1572.0,-630.0,-106.267,5.83173e-07,87.4157,9.89392,92.5843,-170.106,-1572.0,-630.0,-1400.0,-600.0
-1570.0,-630.0,-106.169,5.76633e-07,87.3304,10.008,92.6696,-169.992,-1570.0,-630.0,-1400.0,-600.0
-1568.0,-630.0,-106.07,5.70096e-07,87.2431,10.1247,92.7569,-169.875,-1568.0,-630.0,-1400.0,-600.0
-1566.0,-630.0,-105.969,5.63563e-07,87.1537,10.2441,92.8463,-169.756,-1566.0,-630.0,-1400.0,-600.0
-1564.0,-630.0,-105.868,5.57034e-07,87.0623,10.3663,92.9377,-169.634,-1564.0,-630.0,-1400.0,-600.0
-1562.0,-630.0,-105.765,5.50509e-07,86.9688,10.4915,93.0312,-169.509,-1562.0,-630.0,-1400.0,-600.0
-1560.0,-630.0,-105.661,5.43989e-07,86.873,10.6197,93.127,-169.38,-1560.0,-630.0,-1400.0,-600.0
-1558.0,-630.0,-105.556,5.37472e-07,86.7749,10.751,93.2251,-169.249,-1558.0,-630.0,-1400.0,-600.0
-1556.0,-630.0,-105.45,5.3096e-07,86.6744,10.8855,93.3256,-169.114,-1556.0,-630.0,-1400.0,-600.0
-1554.0,-630.0,-105.343,5.24453e-07,86.5715,11.0235,93.4285,-168.977,-1554.0,-630.0,-1400.0,-600.0
-1552.0,-630.0,-105.234,5.17945e-07,86.4754,11.1649,93.5246,-168.835,-1552.0,-630.0,-1400.0,-600.0
-1550.0,-630.0,-105.124,5.11412e-07,86.4303,11.3099,93.5697,-168.69,-1550.0,-630.0,-1400.0,-600.0
-1548.0,-630.0,-105.012,5.04883e-07,86.3841,11.4588,93.6159,-168.541,-1548.0,-630.0,-1400.0,-600.0
-1546.0,-630.0,-104.899,4.98357e-07,86.3367,11.6115,93.6633,-168.389,-1546.0,-630.0,-1400.0,-600.0
-1544.0,-630.0,-104.784,4.91836e-07,86.288,11.7683,93.712,-168.232,-1544.0,-630.0,-1400.0,-600.0
-1542.0,-630.0,-104.668,4.85319e-07,86.2381,11.9293,93.7619,-168.071,-1542.0,-630.0,-1400.0,-600.0
-1540.0,-630.0,-104.55,4.78806e-07,86.1869,12.0948,93.8131,-167.905,-1540.0,-630.0,-1400.0,-600.0
-1538.0,-630.0,-104.431,4.72297e-07,86.1342,12.2648,93.8658,-167.735,-1538.0,-630.0,-1400.0,-600.0
-1536.0,-630.0,-104.31,4.65779e-07,86.1055,12.4396,93.8945,-167.56,-1536.0,-630.0,-1400.0,-600.0
-1534.0,-630.0,-104.187,4.5926e-07,86.0854,12.6193,93.9146,-167.381,-1534.0,-630.0,-1400.0,-600.0
-1532.0,-630.0,-104.063,4.52747e-07,86.0647,12.8043,93.9353,-167.196,-1532.0,-630.0,-1400.0,-600.0
-1530.0,-630.0,-103.937,4.46238e-07,86.0435,12.9946,93.9565,-167.005,-1530.0,-630.0,-1400.0,-600.0
-1528.0,-630.0,-103.809,4.39734e-07,86.0216,13.1906,93.9784,-166.809,-1528.0,-630.0,-1400.0,-600.0
-1526.0,-630.0,-103.68,4.33235e-07,85.9992,13.3925,94.0008,-166.608,-1526.0,-630.0,-1400.0,-600.0
-1524.0,-630.0,-103.548,4.26742e-07,85.9762,13.6005,94.0238,-166.399,-1524.0,-630.0,-1400.0,-600.0
-1522.0,-630.0,-103.415,4.20255e-07,85.9524,13.815,94.0476,-166.185,-1522.0,-630.0,-1400.0,-600.0
-1520.0,-630.0,-103.28,4.13774e-07,85.928,14.0362,94.072,-165.964,-1520.0,-630.0,-1400.0,-600.0
-1518.0,-630.0,-103.142,4.07299e-07,85.9029,14.2645,94.0971,-165.735,-1518.0,-630.0,-1400.0,-600.0
-1516.0,-630.0,-103.003,4.00832e-07,85.8771,14.5002,94.1229,-165.5,-1516.0,-630.0,-1400.0,-600.0
-1514.0,-630.0,-102.862,3.94371e-07,85.8504,14.7436,94.1496,-165.256,-1514.0,-630.0,-1400.0,-600.0
-1512.0,-630.0,-102.718,3.87917e-07,85.823,14.9951,94.177,-165.005,-1512.0,-630.0,-1400.0,-600.0
-1510.0,-630.0,-102.572,3.81472e-07,85.7947,15.2551,94.2053,-164.745,-1510.0,-630.0,-1400.0,-600.0
-1508.0,-630.0,-102.424,3.75034e-07,85.7655,15.5241,94.2345,-164.476,-1508.0,-630.0,-1400.0,-600.0
-1506.0,-630.0,-102.274,3.68605e-07,85.7355,15.8025,94.2645,-164.197,-1506.0,-630.0,-1400.0,-600.0
-1504.0,-630.0,-102.121,3.62186e-07,85.7044,16.0908,94.2956,-163.909,-1504.0,-630.0,-1400.0,-600.0
-1502.0,-630.0,-101.965,3.55775e-07,85.6724,16.3895,94.3276,-163.61,-1502.0,-630.0,-1400.0,-600.0
-1500.0,-630.0,-101.807,3.49375e-07,85.6392,16.6992,94.3608,-163.301,-1500.0,-630.0,-1400.0,-600.0
-1498.0,-630.0,-101.647,3.42976e-07,85.6272,17.0205,94.3728,-162.979,-1498.0,-630.0,-1400.0,-600.0
-1496.0,-630.0,-101.483,3.36576e-07,85.6401,17.354,94.3599,-162.646,-1496.0,-630.0,-1400.0,-600.0
-1494.0,-630.0,-101.316,3.30188e-07,85.6537,17.7004,94.3463,-162.3,-1494.0,-630.0,-1400.0,-600.0
-1492.0,-630.0,-101.146,3.23812e-07,85.6679,18.0605,94.3321,-161.94,-1492.0,-630.0,-1400.0,-600.0
-1490.0,-630.0,-100.974,3.17451e-07,85.6808,18.4349,94.3192,-161.565,-1490.0,-630.0,-1400.0,-600.0
-1488.0,-630.0,-100.799,3.11124e-07,85.6448,18.8247,94.3552,-161.175,-1488.0,-630.0,-1400.0,-600.0
-1486.0,-630.0,-100.62,3.04812e-07,85.6076,19.2307,94.3924,-160.769,-1486.0,-630.0,-1400.0,-600.0
-1484.0,-630.0,-100.439,2.98516e-07,85.569,19.6538,94.431,-160.346,-1484.0,-630.0,-1400.0,-600.0
-1482.0,-630.0,-100.254,2.92237e-07,85.529,20.0952,94.471,-159.905,-1482.0,-630.0,-1400.0,-600.0
-1480.0,-630.0,-100.066,2.85976e-07,85.4875,20.556,94.5125,-159.444,-1480.0,-630.0,-1400.0,-600.0
-1478.0,-630.0,-99.8737,2.79735e-07,85.4445,21.0375,94.5555,-158.962,-1478.0,-630.0,-1400.0,-600.0
-1476.0,-630.0,-99.6781,2.73514e-07,85.3999,21.541,94.6001,-158.459,-1476.0,-630.0,-1400.0,-600.0
-1474.0,-630.0,-99.4792,2.6733e-07,85.3157,22.0679,94.6843,-157.932,-1474.0,-630.0,-1400.0,-600.0
-1472.0,-630.0,-99.2768,2.61178e-07,85.2051,22.6199,94.7949,-157.38,-1472.0,-630.0,-1400.0,-600.0
-1470.0,-630.0,-99.0704,2.55053e-07,85.0897,23.1986,94.9103,-156.801,-1470.0,-630.0,-1400.0,-600.0
-1468.0,-630.0,-98.86,2.48956e-07,84.9691,23.8059,95.0309,-156.194,-1468.0,-630.0,-1400.0,-600.0
-1466.0,-630.0,-98.6456,2.42895e-07,84.8302,24.444,95.1698,-155.556,-1466.0,-630.0,-1400.0,-600.0
-1464.0,-630.0,-98.4278,2.36887e-07,84.6303,25.1148,95.3697,-154.885,-1464.0,-630.0,-1400.0,-600.0
-1462.0,-630.0,-98.2059,2.30916e-07,84.4208,25.821,95.5792,-154.179,-1462.0,-630.0,-1400.0,-600.0
-1460.0,-630.0,-97.9796,2.24985e-07,84.2011,26.5651,95.7989,-153.435,-1460.0,-630.0,-1400.0,-600.0
-1458.0,-630.0,-97.749,2.19098e-07,83.9707,27.3499,96.0293,-152.65,-1458.0,-630.0,-1400.0,-600.0
-1456.0,-630.0,-97.5141,2.13256e-07,83.7288,28.1786,96.2712,-151.821,-1456.0,-630.0,-1400.0,-600.0
-1454.0,-630.0,-97.2748,2.07466e-07,83.4747,29.0546,96.5253,-150.945,-1454.0,-630.0,-1400.0,-600.0
-1452.0,-630.0,-97.031,2.0173e-07,83.2078,29.9816,96.7922,-150.018,-1452.0,-630.0,-1400.0,-600.0
-1450.0,-630.0,-96.7829,1.96054e-07,82.9272,30.9638,97.0728,-149.036,-1450.0,-630.0,-1400.0,-600.0
-1448.0,-630.0,-96.5305,1.90444e-07,82.6323,32.0054,97.3677,-147.995,-1448.0,-630.0,-1400.0,-600.0
-1446.0,-630.0,-96.2738,1.84904e-07,82.3222,33.1113,97.6778,-146.889,-1446.0,-630.0,-1400.0,-600.0
-1444.0,-630.0,-96.0132,1.79442e-07,81.9962,34.2869,98.0038,-145.713,-1444.0,-630.0,-1400.0,-600.0
-1442.0,-630.0,-95.7487,1.74065e-07,81.6536,35.5377,98.3464,-144.462,-1442.0,-630.0,-1400.0,-600.0
-1440.0,-630.0,-95.4807,1.68781e-07,81.2936,36.8699,98.7064,-143.13,-1440.0,-630.0,-1400.0,-600.0
-1438.0,-630.0,-95.2096,1.63599e-07,80.9157,38.2902,99.0843,-141.71,-1438.0,-630.0,-1400.0,-600.0
-1436.0,-630.0,-94.936,1.58529e-07,80.5194,39.8056,99.4806,-140.194,-1436.0,-630.0,-1400.0,-600.0
-1434.0,-630.0,-94.6604,1.53582e-07,80.1044,41.4237,99.8956,-138.576,-1434.0,-630.0,-1400.0,-600.0
-1432.0,-630.0,-94.3838,1.48771e-07,79.6707,43.1524,100.329,-136.848,-1432.0,-630.0,-1400.0,-600.0
-1430.0,-630.0,-94.107,1.44109e-07,79.2187,45.0,100.781,-135.0,-1430.0,-630.0,-1400.0,-600.0
-1428.0,-630.0,-93.8314,1.39611e-07,78.7492,46.9749,101.251,-133.025,-1428.0,-630.0,-1400.0,-600.0
-1426.0,-630.0,-93.5584,1.35293e-07,78.2634,49.0856,101.737,-130.914,-1426.0,-630.0,-1400.0,-600.0
-1424.0,-630.0,-93.2896,1.31173e-07,77.7634,51.3402,102.237,-128.66,-1424.0,-630.0,-1400.0,-600.0
-1422.0,-630.0,-93.0271,1.2727e-07,77.2521,53.7462,102.748,-126.254,-1422.0,-630.0,-1400.0,-600.0
-1420.0,-630.0,-92.7732,1.23606e-07,76.7334,56.3099,103.267,-123.69,-1420.0,-630.0,-1400.0,-600.0
-1418.0,-630.0,-92.5304,1.20201e-07,76.2122,59.0362,103.788,-120.964,-1418.0,-630.0,-1400.0,-600.0
-1416.0,-630.0,-92.3017,1.17079e-07,75.6948,61.9275,104.305,-118.072,-1416.0,-630.0,-1400.0,-600.0
-1414.0,-630.0,-92.09,1.14262e-07,75.1882,64.9831,104.812,-115.017,-1414.0,-630.0,-1400.0,-600.0
-1412.0,-630.0,-91.8987,1.11774e-07,74.7011,68.1986,105.299,-111.801,-1412.0,-630.0,-1400.0,-600.0
-1410.0,-630.0,-91.7309,1.09637e-07,74.2424,71.5651,105.758,-108.435,-1410.0,-630.0,-1400.0,-600.0
-1408.0,-630.0,-91.5899,1.07871e-07,73.822,75.0686,106.178,-104.931,-1408.0,-630.0,-1400.0,-600.0
-1406.0,-630.0,-119.726,7.6864e-07,87.738,88.5573,92.262,91.56,-1402.72,-499.95,-1402.72,-499.95
-1404.0,-630.0,0.0,0.0,0.0,0.0,0.0,0.0,0.0,0.0,0.0,0.0
-1402.0,-630.0,-172.643,1.12461e-06,96.4297,-20.9888,91.914,-2.76158,-1239.86,-607.725,-1389.26,-634.888
-1400.0,-630.0,-172.546,1.11839e-06,96.4477,-21.2244,91.9391,-2.76158,-1239.86,-607.725,-1387.35,-634.915
-1398.0,-630.0,-172.575,1.11219e-06,96.4657,-21.4652,91.9645,-2.76158,-1239.86,-607.725,-1385.43,-634.942
-1396.0,-630.0,-172.745,1.10599e-06,96.4838,-21.7112,91.9901,-2.76158,-1239.86,-607.725,-1383.52,-634.97
-1394.0,-630.0,-168.647,1.09645e-06,96.3259,-27.1895,92.0221,-7.72819,-1239.86,-621.732,-1381.87,-636.233
-1392.0,-630.0,-168.698,1.09054e-06,96.3303,-27.7417,92.0479,-7.72819,-1239.86,-621.732,-1379.97,-636.327
-1390.0,-630.0,-168.827,1.08465e-06,96.3338,-28.3149,92.0739,-7.72819,-1239.86,-621.732,-1378.08,-636.424
-1388.0,-630.0,-169.053,1.0788e-06,96.3361,-28.9102,92.1001,-7.72819,-1239.86,-621.732,-1376.18,-636.525
-1386.0,-630.0,-169.438,1.07298e-06,96.3373,-29.5287,92.1266,-7.72819,-1239.86,-621.732,-1374.29,-636.631
-1384.0,-630.0,-158.44,5.33717e-07,92.0366,118.128,94.3086,117.862,-1429.33,-544.506,-1392.5,-614.1
-1382.0,-630.0,-158.289,5.36904e-07,91.9644,119.16,94.3131,117.862,-1429.33,-544.506,-1390.88,-614.086
-1380.0,-630.0,-158.277,5.40196e-07,91.8936,120.172,94.3167,117.862,-1429.33,-544.506,-1389.26,-614.074
-1378.0,-630.0,-158.327,5.43589e-07,91.8242,121.164,94.3195,117.862,-1429.33,-544.506,-1387.64,-614.065
-1376.0,-630.0,-113.664,3.02262e-07,90.9616,106.545,99.4236,-72.3639,-1394.24,-618.123,-1383.06,-606.246
-1374.0,-630.0,-114.59,3.04225e-07,90.9023,107.75,99.416,-71.1411,-1393.82,-618.106,-1381.6,-606.246
-1372.0,-630.0,-116.572,3.06321e-07,90.8435,108.939,99.4043,-69.9346,-1393.39,-618.088,-1380.15,-606.246
-1370.0,-630.0,-121.015,3.08551e-07,90.8275,110.111,99.4313,-68.7466,-1392.97,-618.07,-1378.89,-605.725
-1368.0,-630.0,-128.84,3.10908e-07,90.8213,111.266,99.4637,-67.5762,-1392.55,-618.052,-1377.69,-605.095
-1366.0,-630.0,-127.755,3.1339e-07,90.8148,112.404,99.4918,-66.4237,-1392.13,-618.035,-1376.52,-604.478
-1364.0,-630.0,-119.874,3.15993e-07,90.808,113.522,99.5158,-65.2896,-1391.71,-618.017,-1375.37,-603.872
-1362.0,-630.0,-115.844,3.18715e-07,90.8011,114.623,99.5359,-64.1744,-1391.29,-617.999,-1374.25,-603.279
-1360.0,-630.0,-114.129,3.21553e-07,90.7941,115.704,99.5521,-63.0782,-1390.87,-617.981,-1373.14,-602.697
-1358.0,-630.0,-113.505,3.24503e-07,90.7869,116.766,99.5647,-62.0016,-1390.45,-617.964,-1372.06,-602.126
-1356.0,-630.0,-115.359,3.27016e-07,95.1368,116.573,97.2992,-60.7977,-1389.97,-617.944,-1360.07,-621.866
-1354.0,-630.0,-141.185,3.30784e-07,91.2519,118.205,100.57,-59.5515,-1389.46,-617.922,-1366.14,-607.366
-1352.0,-630.0,-158.265,3.6521e-07,56.0286,34.6555,113.966,-41.9973,-1381.39,-616.754,-1338.46,-620.643
-1350.0,-630.0,-145.538,2.45994e-07,93.5394,133.072,121.87,39.9106,-1387.98,-589.942,-1363.28,-615.797
-1348.0,-630.0,-145.197,2.50625e-07,93.5599,134.196,121.247,38.8345,-1387.49,-589.927,-1362.02,-615.579
-1346.0,-630.0,-144.921,2.55332e-07,93.4979,135.283,120.645,37.8219,-1387.01,-589.912,-1360.0,-616.141
-1344.0,-630.0,-144.758,2.60125e-07,93.4344,136.331,120.059,36.8593,-1386.52,-589.898,-1357.84,-616.789
-1342.0,-630.0,-144.683,2.65001e-07,93.3724,137.34,119.488,35.9434,-1386.05,-589.883,-1355.56,-617.506
-1340.0,-630.0,-146.634,2.79427e-07,93.2785,-131.834,120.087,36.9051,-1386.55,-589.898,-1341.87,-632.087
-1338.0,-630.0,-137.859,8.69909e-07,91.3716,-4.39496,93.0339,-7.4467,-1239.86,-620.931,-1319.52,-631.42
-1336.0,-630.0,-135.52,8.63265e-07,91.6548,-4.42962,93.036,-7.48055,-1239.86,-621.028,-1318.16,-631.382
-1334.0,-630.0,-132.542,8.56624e-07,91.9838,-4.46511,93.038,-7.5149,-1239.86,-621.125,-1316.79,-631.344
-1332.0,-630.0,-129.881,8.4998e-07,92.2512,-4.50111,93.0401,-7.54982,-1239.86,-621.224,-1315.42,-631.305
-1330.0,-630.0,-127.707,8.43333e-07,92.4688,-4.53761,93.0422,-7.58531,-1239.86,-621.325,-1314.04,-631.267
-1328.0,-630.0,-128.458,8.36688e-07,92.733,-4.575,93.0443,-7.62135,-1239.86,-621.428,-1312.65,-631.228
-1326.0,-630.0,-130.919,8.30044e-07,93.0604,-4.61346,93.0465,-7.65797,-1239.86,-621.532,-1311.26,-631.189
-1324.0,-630.0,-133.304,8.23403e-07,93.4769,-4.65331,93.0487,-7.69515,-1239.86,-621.638,-1309.87,-631.15
-1322.0,-630.0,-127.944,8.27864e-07,95.6004,12.0265,92.4521,14.9755,-1359.1,-589.058,-1311.99,-627.867
-1320.0,-630.0,-121.348,8.21371e-07,95.7179,12.1351,92.5066,15.0652,-1359.38,-589.067,-1309.16,-627.668
-1318.0,-630.0,-124.123,8.02379e-07,96.4384,7.76519,92.606,-7.15271,-1239.86,-620.096,-1306.97,-628.496
-1316.0,-630.0,-135.835,7.95814e-07,97.6223,7.84574,92.6352,-7.21379,-1239.86,-620.27,-1309.37,-629.087
-1314.0,-630.0,-142.343,7.89252e-07,100.155,7.95545,92.6435,-7.27861,-1239.86,-620.454,-1309.36,-629.352
-1312.0,-630.0,-142.963,7.95363e-07,105.603,12.3407,92.4484,15.4736,-1360.65,-589.106,-1309.36,-629.423
-1310.0,-630.0,-145.813,7.89416e-07,134.729,16.3602,92.4476,15.5662,-1360.92,-589.114,-1309.35,-629.81
-1308.0,-630.0,-113.289,7.81887e-07,87.6819,12.1579,92.3181,15.6808,-1361.26,-589.125,-1239.86,-615.32
-1306.0,-630.0,-113.07,7.75382e-07,87.6417,12.2618,92.3583,15.7848,-1361.56,-589.134,-1239.86,-615.625
-1304.0,-630.0,-112.857,7.68879e-07,87.6007,12.3675,92.3993,15.8905,-1361.86,-589.143,-1239.86,-615.936
-1302.0,-630.0,-112.649,7.6238e-07,87.559,12.475,92.441,15.998,-1362.16,-589.152,-1239.86,-616.252
-1300.0,-630.0,-112.447,7.55883e-07,87.5167,12.5844,92.4833,16.1074,-1362.47,-589.162,-1239.86,-616.574
-1298.0,-630.0,-112.251,7.4939e-07,87.4736,12.6957,92.5264,16.2186,-1362.77,-589.171,-1239.86,-616.902
-1296.0,-630.0,-112.059,7.429e-07,87.4298,12.8089,92.5702,16.3319,-1363.08,-589.18,-1239.86,-617.236
-1294.0,-630.0,-109.16,5.05362e-07,86.1882,135.014,93.8118,46.6549,-1390.58,-590.022,-1336.08,-587.943
-1292.0,-630.0,-109.628,5.10112e-07,86.192,135.545,93.808,46.1238,-1390.4,-590.016,-1334.9,-587.912
-1290.0,-630.0,-110.592,5.14889e-07,86.222,136.066,93.778,45.6026,-1390.22,-590.011,-1333.72,-587.881
-1288.0,-630.0,-106.865,4.77766e-07,85.928,142.239,94.072,-35.9253,-1376.05,-617.357,-1342.09,-588.1
-1286.0,-630.0,-106.805,4.83046e-07,85.9726,142.725,94.0274,-35.4394,-1375.64,-617.339,-1341.09,-588.074
-1284.0,-630.0,-106.89,4.8836e-07,86.0165,143.2,93.9835,-34.964,-1375.23,-617.322,-1340.08,-588.048
-1282.0,-630.0,-107.11,4.93708e-07,86.0597,143.665,93.9403,-34.499,-1374.82,-617.305,-1339.08,-588.021
-1280.0,-630.0,-107.484,4.99087e-07,86.1023,144.12,93.8977,-34.044,-1374.41,-617.288,-1338.07,-587.995
-1278.0,-630.0,-108.07,5.04497e-07,86.1441,144.566,93.8559,-33.5988,-1374.0,-617.271,-1337.07,-587.969
-1276.0,-630.0,-108.982,5.09944e-07,86.1718,145.001,93.8282,-33.1631,-1373.6,-617.253,-1336.07,-587.943
-1274.0,-630.0,-110.271,6.71647e-07,87.0703,14.1992,92.9297,17.7221,-1366.47,-589.284,-1239.86,-621.362
-1272.0,-630.0,-110.133,6.65203e-07,87.0176,14.3404,92.9824,17.8633,-1366.78,-589.294,-1239.86,-621.784
-1270.0,-630.0,-109.998,6.58763e-07,86.9639,14.4843,93.0361,18.0073,-1367.09,-589.303,-1239.86,-622.214
-1268.0,-630.0,-105.363,4.73397e-07,85.739,159.58,94.261,23.9241,-1376.54,-589.592,-1376.54,-589.592
-1266.0,-630.0,-105.372,4.7964e-07,85.7939,159.859,94.2061,23.6452,-1376.21,-589.582,-1376.21,-589.582
-1264.0,-630.0,-105.405,4.85894e-07,85.8482,160.131,94.1518,23.3735,-1375.87,-589.572,-1375.87,-589.572
-1262.0,-630.0,-105.454,4.92159e-07,85.9011,160.396,94.0989,23.1088,-1375.54,-589.561,-1375.54,-589.561
-1260.0,-630.0,-105.516,4.98435e-07,85.9528,160.654,94.0472,22.8508,-1375.21,-589.551,-1375.21,-589.551
-1258.0,-630.0,-105.586,5.04721e-07,86.0033,160.905,93.9967,22.5992,-1374.87,-589.541,-1374.87,-589.541
-1256.0,-630.0,-105.664,5.11017e-07,86.0526,161.151,93.9474,22.3539,-1374.54,-589.531,-1374.54,-589.531
-1254.0,-630.0,-105.747,5.17322e-07,86.1008,161.39,93.8992,22.1145,-1374.21,-589.521,-1374.21,-589.521
-1252.0,-630.0,-105.834,5.23647e-07,86.13,161.624,93.87,21.881,-1373.88,-589.511,-1373.88,-589.511
-1250.0,-630.0,-105.925,5.29989e-07,86.1458,161.852,93.8542,21.653,-1373.55,-589.501,-1373.55,-589.501
-1248.0,-630.0,-106.018,5.36339e-07,86.1614,162.074,93.8386,21.4304,-1373.23,-589.491,-1373.23,-589.491
-1246.0,-630.0,-106.113,5.42697e-07,86.1766,162.291,93.8234,21.2131,-1372.9,-589.481,-1372.9,-589.481
-1244.0,-630.0,-106.209,5.49063e-07,86.1915,162.504,93.8085,21.0008,-1372.57,-589.471,-1372.57,-589.471
-1242.0,-630.0,-106.307,5.55436e-07,86.2062,162.711,93.7938,20.7934,-1372.25,-589.461,-1372.25,-589.461
-1240.0,-630.0,-106.406,5.61816e-07,86.2205,162.914,93.7795,20.5907,-1371.92,-589.451,-1371.92,-589.451
-1238.0,-630.0,0.0,0.0,0.0,0.0,0.0,0.0,0.0,0.0,0.0,0.0
-1236.0,-630.0,0.0,0.0,0.0,0.0,0.0,0.0,0.0,0.0,0.0,0.0
-1234.0,-630.0,0.0,0.0,0.0,0.0,0.0,0.0,0.0,0.0,0.0,0.0
-1232.0,-630.0,0.0,0.0,0.0,0.0,0.0,0.0,0.0,0.0,0.0,0.0
-1230.0,-630.0,0.0,0.0,0.0,0.0,0.0,0.0,0.0,0.0,0.0,0.0
-1228.0,-630.0,0.0,0.0,0.0,0.0,0.0,0.0,0.0,0.0,0.0,0.0
-1226.0,-630.0,0.0,0.0,0.0,0.0,0.0,0.0,0.0,0.0,0.0,0.0
-1224.0,-630.0,-175.274,1.30261e-06,96.7461,77.531,92.0763,-15.5937,-1342.83,-615.957,-1221.22,-617.418
-1222.0,-630.0,-175.606,1.30118e-06,96.7139,78.2168,92.091,-15.5937,-1342.83,-615.957,-1219.36,-617.36
-1220.0,-630.0,-175.999,1.29983e-06,96.6806,78.9061,92.1056,-15.5937,-1342.83,-615.957,-1217.51,-617.302
-1218.0,-630.0,-183.539,1.19033e-06,95.3905,97.2829,92.313,-2.76158,-1239.86,-607.725,-1219.87,-615.335
-1216.0,-630.0,-182.458,1.19118e-06,95.349,97.8629,92.3249,-2.76158,-1239.86,-607.725,-1218.03,-615.298
-1214.0,-630.0,-181.331,1.19209e-06,95.3073,98.4413,92.3367,-2.76158,-1239.86,-607.725,-1216.19,-615.261
-1212.0,-630.0,-180.21,1.19308e-06,95.2653,99.0179,92.3483,-2.76158,-1239.86,-607.725,-1214.35,-615.224
-1210.0,-630.0,-179.135,1.19413e-06,95.223,99.5928,92.3597,-2.76158,-1239.86,-607.725,-1212.5,-615.187
-1208.0,-630.0,-178.133,1.19524e-06,95.1805,100.166,92.371,-2.76158,-1239.86,-607.725,-1210.66,-615.151
-1206.0,-630.0,-177.219,1.19642e-06,95.1377,100.736,92.3822,-2.76158,-1239.86,-607.725,-1208.82,-615.115
-1204.0,-630.0,-176.44,1.19771e-06,95.1187,101.303,92.417,-2.76158,-1239.86,-607.725,-1207.41,-612.946
-1202.0,-630.0,0.0,0.0,0.0,0.0,0.0,0.0,0.0,0.0,0.0,0.0
-1600.0,-628.0,-107.53,6.74173e-07,88.2335,7.96961,91.7665,-172.03,-1600.0,-628.0,-1400.0,-600.0
-1598.0,-628.0,-107.444,6.67567e-07,88.216,8.04906,91.784,-171.951,-1598.0,-628.0,-1400.0,-600.0
-1596.0,-628.0,-107.358,6.60964e-07,88.1982,8.1301,91.8018,-171.87,-1596.0,-628.0,-1400.0,-600.0
-1594.0,-628.0,-107.27,6.54361e-07,88.18,8.21278,91.82,-171.787,-1594.0,-628.0,-1400.0,-600.0
-1592.0,-628.0,-107.182,6.4776e-07,88.1615,8.29714,91.8385,-171.703,-1592.0,-628.0,-1400.0,-600.0
-1590.0,-628.0,-107.093,6.41161e-07,88.1425,8.38325,91.8575,-171.617,-1590.0,-628.0,-1400.0,-600.0
-1588.0,-628.0,-107.003,6.34563e-07,88.1232,8.47114,91.8768,-171.529,-1588.0,-628.0,-1400.0,-600.0
-1586.0,-628.0,-106.912,6.27967e-07,88.1035,8.56089,91.8965,-171.439,-1586.0,-628.0,-1400.0,-600.0
-1584.0,-628.0,-106.82,6.21384e-07,88.0503,8.65254,91.9497,-171.347,-1584.0,-628.0,-1400.0,-600.0
-1582.0,-628.0,-106.727,6.14821e-07,87.9507,8.74616,92.0493,-171.254,-1582.0,-628.0,-1400.0,-600.0
-1580.0,-628.0,-106.634,6.08261e-07,87.849,8.84181,92.151,-171.158,-1580.0,-628.0,-1400.0,-600.0
-1578.0,-628.0,-106.54,6.01706e-07,87.745,8.93957,92.255,-171.06,-1578.0,-628.0,-1400.0,-600.0
-1576.0,-628.0,-106.444,5.95153e-07,87.6388,9.03948,92.3612,-170.961,-1576.0,-628.0,-1400.0,-600.0
-1574.0,-628.0,-106.348,5.88602e-07,87.5365,9.14164,92.4635,-170.858,-1574.0,-628.0,-1400.0,-600.0
-1572.0,-628.0,-106.25,5.82046e-07,87.4533,9.24611,92.5467,-170.754,-1572.0,-628.0,-1400.0,-600.0
-1570.0,-628.0,-106.152,5.75492e-07,87.3681,9.35298,92.6319,-170.647,-1570.0,-628.0,-1400.0,-600.0
-1568.0,-628.0,-106.052,5.68942e-07,87.281,9.46232,92.719,-170.538,-1568.0,-628.0,-1400.0,-600.0
-1566.0,-628.0,-105.951,5.62395e-07,87.1919,9.57423,92.8081,-170.426,-1566.0,-628.0,-1400.0,-600.0
-1564.0,-628.0,-105.849,5.55852e-07,87.1007,9.68879,92.8993,-170.311,-1564.0,-628.0,-1400.0,-600.0
-1562.0,-628.0,-105.746,5.49312e-07,87.0073,9.80609,92.9927,-170.194,-1562.0,-628.0,-1400.0,-600.0
-1560.0,-628.0,-105.642,5.42777e-07,86.9117,9.92625,93.0883,-170.074,-1560.0,-628.0,-1400.0,-600.0
-1558.0,-628.0,-105.537,5.36245e-07,86.8137,10.0493,93.1863,-169.951,-1558.0,-628.0,-1400.0,-600.0
-1556.0,-628.0,-105.43,5.29718e-07,86.7134,10.1755,93.2866,-169.824,-1556.0,-628.0,-1400.0,-600.0
-1554.0,-628.0,-105.322,5.23194e-07,86.6106,10.3048,93.3894,-169.695,-1554.0,-628.0,-1400.0,-600.0
-1552.0,-628.0,-105.213,5.16676e-07,86.5052,10.4375,93.4948,-169.563,-1552.0,-628.0,-1400.0,-600.0
-1550.0,-628.0,-105.102,5.10148e-07,86.4215,10.5735,93.5785,-169.426,-1550.0,-628.0,-1400.0,-600.0
-1548.0,-628.0,-104.99,5.03602e-07,86.3749,10.7131,93.6251,-169.287,-1548.0,-628.0,-1400.0,-600.0
-1546.0,-628.0,-104.876,4.9706e-07,86.3271,10.8564,93.6729,-169.144,-1546.0,-628.0,-1400.0,-600.0
-1544.0,-628.0,-104.761,4.90521e-07,86.2781,11.0035,93.7219,-168.996,-1544.0,-628.0,-1400.0,-600.0
-1542.0,-628.0,-104.644,4.83986e-07,86.2277,11.1547,93.7723,-168.845,-1542.0,-628.0,-1400.0,-600.0
-1540.0,-628.0,-104.525,4.77455e-07,86.1761,11.3099,93.8239,-168.69,-1540.0,-628.0,-1400.0,-600.0
-1538.0,-628.0,-104.406,4.70928e-07,86.123,11.4695,93.877,-168.53,-1538.0,-628.0,-1400.0,-600.0
-1536.0,-628.0,-104.284,4.64391e-07,86.0939,11.6336,93.9061,-168.366,-1536.0,-628.0,-1400.0,-600.0
-1534.0,-628.0,-104.161,4.57852e-07,86.0733,11.8024,93.9267,-168.198,-1534.0,-628.0,-1400.0,-600.0
-1532.0,-628.0,-104.035,4.51318e-07,86.0522,11.9761,93.9478,-168.024,-1532.0,-628.0,-1400.0,-600.0
-1530.0,-628.0,-103.909,4.44788e-07,86.0305,12.1549,93.9695,-167.845,-1530.0,-628.0,-1400.0,-600.0
-1528.0,-628.0,-103.78,4.38263e-07,86.0083,12.3391,93.9917,-167.661,-1528.0,-628.0,-1400.0,-600.0
-1526.0,-628.0,-103.649,4.31742e-07,85.9853,12.5288,94.0147,-167.471,-1526.0,-628.0,-1400.0,-600.0
-1524.0,-628.0,-103.517,4.25226e-07,85.9618,12.7244,94.0382,-167.276,-1524.0,-628.0,-1400.0,-600.0
-1522.0,-628.0,-103.383,4.18716e-07,85.9375,12.926,94.0625,-167.074,-1522.0,-628.0,-1400.0,-600.0
-1520.0,-628.0,-103.247,4.1221e-07,85.9126,13.134,94.0874,-166.866,-1520.0,-628.0,-1400.0,-600.0
-1518.0,-628.0,-103.108,4.05711e-07,85.8868,13.3487,94.1132,-166.651,-1518.0,-628.0,-1400.0,-600.0
-1516.0,-628.0,-102.968,3.99217e-07,85.8604,13.5704,94.1396,-166.43,-1516.0,-628.0,-1400.0,-600.0
-1514.0,-628.0,-102.825,3.9273e-07,85.8331,13.7995,94.1669,-166.201,-1514.0,-628.0,-1400.0,-600.0
-1512.0,-628.0,-102.68,3.86249e-07,85.8049,14.0362,94.1951,-165.964,-1512.0,-628.0,-1400.0,-600.0
-1510.0,-628.0,-102.533,3.79775e-07,85.7759,14.2811,94.2241,-165.719,-1510.0,-628.0,-1400.0,-600.0
-1508.0,-628.0,-102.384,3.73308e-07,85.7459,14.5345,94.2541,-165.466,-1508.0,-628.0,-1400.0,-600.0
-1506.0,-628.0,-102.232,3.66849e-07,85.715,14.7968,94.285,-165.203,-1506.0,-628.0,-1400.0,-600.0
-1504.0,-628.0,-102.078,3.60398e-07,85.6831,15.0685,94.3169,-164.932,-1504.0,-628.0,-1400.0,-600.0
-1502.0,-628.0,-101.921,3.53956e-07,85.6501,15.3501,94.3499,-164.65,-1502.0,-628.0,-1400.0,-600.0
-1500.0,-628.0,-101.761,3.47517e-07,85.627,15.6422,94.373,-164.358,-1500.0,-628.0,-1400.0,-600.0
-1498.0,-628.0,-101.598,3.41071e-07,85.6391,15.9454,94.3609,-164.055,-1498.0,-628.0,-1400.0,-600.0
-1496.0,-628.0,-101.432,3.34635e-07,85.6518,16.2602,94.3482,-163.74,-1496.0,-628.0,-1400.0,-600.0
-1494.0,-628.0,-101.264,3.2821e-07,85.6652,16.5873,94.3348,-163.413,-1494.0,-628.0,-1400.0,-600.0
-1492.0,-628.0,-101.092,3.21795e-07,85.6792,16.9275,94.3208,-163.072,-1492.0,-628.0,-1400.0,-600.0
-1490.0,-628.0,-100.917,3.15394e-07,85.6919,17.2815,94.3081,-162.719,-1490.0,-628.0,-1400.0,-600.0
-1488.0,-628.0,-100.74,3.09025e-07,85.6553,17.6501,94.3447,-162.35,-1488.0,-628.0,-1400.0,-600.0
-1486.0,-628.0,-100.559,3.02669e-07,85.6174,18.0343,94.3826,-161.966,-1486.0,-628.0,-1400.0,-600.0
-1484.0,-628.0,-100.375,2.96328e-07,85.578,18.4349,94.422,-161.565,-1484.0,-628.0,-1400.0,-600.0
-1482.0,-628.0,-100.187,2.90002e-07,85.5372,18.8532,94.4628,-161.147,-1482.0,-628.0,-1400.0,-600.0
-1480.0,-628.0,-99.9959,2.83692e-07,85.4948,19.29,94.5052,-160.71,-1480.0,-628.0,-1400.0,-600.0
-1478.0,-628.0,-99.8008,2.77399e-07,85.4508,19.7468,94.5492,-160.253,-1478.0,-628.0,-1400.0,-600.0
-1476.0,-628.0,-99.6021,2.71134e-07,85.3816,20.2249,94.6184,-159.775,-1476.0,-628.0,-1400.0,-600.0
-1474.0,-628.0,-99.3999,2.64903e-07,85.2727,20.7256,94.7273,-159.274,-1474.0,-628.0,-1400.0,-600.0
-1472.0,-628.0,-99.1936,2.58694e-07,85.1589,21.2505,94.8411,-158.749,-1472.0,-628.0,-1400.0,-600.0
-1470.0,-628.0,-98.9832,2.52509e-07,85.0401,21.8014,94.9599,-158.199,-1470.0,-628.0,-1400.0,-600.0
-1468.0,-628.0,-98.7684,2.46349e-07,84.9157,22.3801,95.0843,-157.62,-1468.0,-628.0,-1400.0,-600.0
-1466.0,-628.0,-98.5494,2.40221e-07,84.7725,22.9887,95.2275,-157.011,-1466.0,-628.0,-1400.0,-600.0
-1464.0,-628.0,-98.3266,2.34145e-07,84.5672,23.6294,95.4328,-156.371,-1464.0,-628.0,-1400.0,-600.0
-1462.0,-628.0,-98.0993,2.28103e-07,84.3518,24.3045,95.6482,-155.695,-1462.0,-628.0,-1400.0,-600.0
-1460.0,-628.0,-97.8673,2.22097e-07,84.1255,25.0169,95.8745,-154.983,-1460.0,-628.0,-1400.0,-600.0
-1458.0,-628.0,-97.6305,2.1613e-07,83.8876,25.7693,96.1124,-154.231,-1458.0,-628.0,-1400.0,-600.0
-1456.0,-628.0,-97.3889,2.10206e-07,83.6374,26.5651,96.3626,-153.435,-1456.0,-628.0,-1400.0,-600.0
-1454.0,-628.0,-97.1423,2.0433e-07,83.3741,27.4076,96.6259,-152.592,-1454.0,-628.0,-1400.0,-600.0
-1452.0,-628.0,-96.8908,1.98503e-07,83.0968,28.3008,96.9032,-151.699,-1452.0,-628.0,-1400.0,-600.0
-1450.0,-628.0,-96.6343,1.92733e-07,82.8047,29.2488,97.1953,-150.751,-1450.0,-628.0,-1400.0,-600.0
-1448.0,-628.0,-96.3728,1.87022e-07,82.4967,30.2564,97.5033,-149.744,-1448.0,-628.0,-1400.0,-600.0
-1446.0,-628.0,-96.1065,1.81378e-07,82.172,31.3287,97.828,-148.671,-1446.0,-628.0,-1400.0,-600.0
-1444.0,-628.0,-95.8352,1.75807e-07,81.8296,32.4712,98.1704,-147.529,-1444.0,-628.0,-1400.0,-600.0
-1442.0,-628.0,-95.5593,1.70315e-07,81.4684,33.6901,98.5316,-146.31,-1442.0,-628.0,-1400.0,-600.0
-1440.0,-628.0,-95.2791,1.6491e-07,81.0876,34.992,98.9124,-145.008,-1440.0,-628.0,-1400.0,-600.0
-1438.0,-628.0,-94.9947,1.59603e-07,80.6863,36.3844,99.3137,-143.616,-1438.0,-628.0,-1400.0,-600.0
-1436.0,-628.0,-94.7067,1.54402e-07,80.2635,37.875,99.7365,-142.125,-1436.0,-628.0,-1400.0,-600.0
-1434.0,-628.0,-94.4157,1.49318e-07,79.8189,39.4725,100.181,-140.528,-1434.0,-628.0,-1400.0,-600.0
-1432.0,-628.0,-94.1225,1.44365e-07,79.3519,41.1859,100.648,-138.814,-1432.0,-628.0,-1400.0,-600.0
-1430.0,-628.0,-93.828,1.39556e-07,78.8626,43.0251,101.137,-136.975,-1430.0,-628.0,-1400.0,-600.0
-1428.0,-628.0,-93.5335,1.34906e-07,78.3514,45.0,101.649,-135.0,-1428.0,-628.0,-1400.0,-600.0
-1426.0,-628.0,-93.2404,1.30432e-07,77.8195,47.1211,102.181,-132.879,-1426.0,-628.0,-1400.0,-600.0
-1424.0,-628.0,-92.9505,1.26154e-07,77.2686,49.3987,102.731,-130.601,-1424.0,-628.0,-1400.0,-600.0
-1422.0,-628.0,-92.666,1.22091e-07,76.7016,51.8428,103.298,-128.157,-1422.0,-628.0,-1400.0,-600.0
-1420.0,-628.0,-92.3894,1.18266e-07,76.1227,54.4623,103.877,-125.538,-1420.0,-628.0,-1400.0,-600.0
-1418.0,-628.0,-92.1235,1.14703e-07,75.5373,57.2648,104.463,-122.735,-1418.0,-628.0,-1400.0,-600.0
-1416.0,-628.0,-91.8717,1.11427e-07,74.9525,60.2551,105.048,-119.745,-1416.0,-628.0,-1400.0,-600.0
-1414.0,-628.0,-91.6374,1.08463e-07,74.3767,63.4349,105.623,-116.565,-1414.0,-628.0,-1400.0,-600.0
-1412.0,-628.0,-91.4246,1.05839e-07,73.8203,66.8014,106.18,-113.199,-1412.0,-628.0,-1400.0,-600.0
-1410.0,-628.0,-91.237,1.03579e-07,73.2948,70.3462,106.705,-109.654,-1410.0,-628.0,-1400.0,-600.0
-1408.0,-628.0,-91.0787,1.01709e-07,72.8123,74.0546,107.188,-105.945,-1408.0,-628.0,-1400.0,-600.0
-1406.0,-628.0,-115.952,1.00347e-07,72.4029,81.6526,107.597,-103.963,-1404.61,-618.561,-1404.61,-618.561
-1404.0,-628.0,-183.109,1.61419e-06,95.8281,-21.3425,91.3234,1.08071,-1168.19,-595.627,-1389.16,-633.799
-1402.0,-628.0,-168.951,1.12326e-06,96.2585,-26.1666,91.9163,-7.72819,-1239.86,-621.732,-1389.5,-634.143
-1400.0,-628.0,-168.844,1.11729e-06,96.2649,-26.658,91.941,-7.72819,-1239.86,-621.732,-1387.6,-634.227
-1398.0,-628.0,-168.82,1.11135e-06,96.2705,-27.1667,91.9659,-7.72819,-1239.86,-621.732,-1385.7,-634.313
-1396.0,-628.0,-168.866,1.10543e-06,96.2753,-27.6937,91.9911,-7.72819,-1239.86,-621.732,-1383.8,-634.402
-1394.0,-628.0,-168.981,1.09954e-06,96.2792,-28.2398,92.0164,-7.72819,-1239.86,-621.732,-1381.91,-634.495
-1392.0,-628.0,-169.182,1.09368e-06,96.2822,-28.806,92.042,-7.72819,-1239.86,-621.732,-1380.01,-634.592
-1390.0,-628.0,-169.513,1.08785e-06,96.284,-29.3932,92.0678,-7.72819,-1239.86,-621.732,-1378.12,-634.692
-1388.0,-628.0,-170.084,1.08206e-06,96.2847,-30.0026,92.0938,-7.72819,-1239.86,-621.732,-1376.23,-634.796
-1386.0,-628.0,-171.151,1.0763e-06,96.2842,-30.6353,92.12,-7.72819,-1239.86,-621.732,-1374.34,-634.905
-1384.0,-628.0,-119.142,2.8908e-07,96.9764,102.19,97.9729,-77.1087,-1395.84,-618.191,-1385.61,-620.555
-1382.0,-628.0,-118.406,2.90518e-07,96.8857,103.486,97.9893,-75.8066,-1395.4,-618.173,-1383.79,-620.555
-1380.0,-628.0,-117.959,2.92102e-07,96.7926,104.768,98.0015,-74.5178,-1394.97,-618.154,-1381.96,-620.555
-1378.0,-628.0,-117.802,2.93829e-07,96.6971,106.035,98.0096,-73.2435,-1394.54,-618.136,-1380.14,-620.555
-1376.0,-628.0,-113.761,2.95872e-07,90.9824,106.913,99.4605,-71.9921,-1394.11,-618.118,-1382.76,-605.778
-1374.0,-628.0,-114.986,2.97877e-07,90.9216,108.141,99.4511,-70.7455,-1393.68,-618.1,-1381.28,-605.778
-1372.0,-628.0,-117.644,3.00017e-07,90.8612,109.353,99.4376,-69.5163,-1393.25,-618.082,-1379.8,-605.778
-1370.0,-628.0,-123.612,3.02293e-07,90.8447,110.546,99.4634,-68.3065,-1392.81,-618.063,-1378.53,-605.253
-1368.0,-628.0,-130.203,3.04699e-07,90.838,111.722,99.4947,-67.1155,-1392.38,-618.045,-1377.32,-604.618
-1366.0,-628.0,-123.857,3.07231e-07,90.8311,112.878,99.5216,-65.9435,-1391.95,-618.027,-1376.13,-603.995
-1364.0,-628.0,-117.471,3.09887e-07,90.824,114.015,99.5442,-64.7909,-1391.52,-618.009,-1374.97,-603.386
-1362.0,-628.0,-114.675,3.12662e-07,90.8167,115.132,99.5627,-63.6582,-1391.09,-617.991,-1373.83,-602.788
-1360.0,-628.0,-113.554,3.15553e-07,90.8092,116.229,99.5774,-62.5457,-1390.66,-617.973,-1372.71,-602.202
-1358.0,-628.0,-113.32,3.1856e-07,90.8191,117.306,99.6059,-61.454,-1390.23,-617.955,-1371.72,-601.43
-1356.0,-628.0,-115.511,3.21126e-07,95.3086,117.108,97.3562,-60.2363,-1389.74,-617.934,-1360.07,-620.053
-1354.0,-628.0,-116.111,3.2426e-07,95.3571,118.163,97.1843,-59.1912,-1389.32,-617.916,-1358.25,-620.053
-1352.0,-628.0,-157.918,3.61958e-07,54.1728,31.8499,113.827,-41.5055,-1381.1,-616.721,-1338.49,-619.609
-1350.0,-628.0,-145.005,2.41199e-07,93.7065,134.158,121.254,38.8461,-1387.49,-589.927,-1363.31,-614.297
-1348.0,-628.0,-144.817,2.45922e-07,93.7206,135.284,120.622,37.7836,-1386.99,-589.912,-1362.06,-614.075
-1346.0,-628.0,-144.643,2.50717e-07,93.6499,136.371,120.013,36.7852,-1386.49,-589.896,-1360.06,-614.6
-1344.0,-628.0,-144.56,2.55598e-07,93.578,137.418,119.421,35.8375,-1385.99,-589.881,-1357.92,-615.208
-1342.0,-628.0,-148.348,2.80116e-07,93.4092,-129.883,121.172,38.7062,-1387.43,-589.925,-1345.54,-632.231
-1340.0,-628.0,-147.315,2.84451e-07,93.3631,-130.926,120.593,37.7342,-1386.96,-589.911,-1343.6,-632.155
-1338.0,-628.0,-142.847,8.83268e-07,91.6138,-8.82917,92.4476,15.5658,-1360.92,-589.114,-1316.52,-631.336
-1336.0,-628.0,-143.075,8.76686e-07,91.9134,-8.89768,92.4471,15.6326,-1361.12,-589.12,-1314.97,-631.293
-1334.0,-628.0,-143.215,8.70104e-07,92.1979,-8.96741,92.4466,15.7004,-1361.32,-589.126,-1313.41,-631.249
-1332.0,-628.0,-143.143,8.63518e-07,92.3916,-9.03781,92.446,15.7694,-1361.52,-589.133,-1311.85,-631.205
-1330.0,-628.0,-143.092,8.56934e-07,92.6229,-9.10972,92.4455,15.8394,-1361.72,-589.139,-1310.28,-631.162
-1328.0,-628.0,-145.711,8.34507e-07,92.9458,6.42417,92.4923,-6.44079,-1239.86,-618.078,-1309.46,-625.913
-1326.0,-628.0,-139.086,8.3959e-07,93.3594,11.0662,92.4566,14.3559,-1357.0,-588.994,-1309.95,-624.86
-1324.0,-628.0,-136.876,8.33056e-07,93.9918,11.2424,92.456,14.4393,-1357.29,-589.003,-1310.36,-625.289
-1322.0,-628.0,-133.15,8.26532e-07,94.826,11.4515,92.4554,14.524,-1357.59,-589.012,-1310.52,-625.675
-1320.0,-628.0,-122.21,8.20022e-07,95.7424,11.677,92.4656,14.61,-1357.88,-589.021,-1309.99,-625.932
-1318.0,-628.0,-124.834,8.01535e-07,96.4607,7.2895,92.5626,-6.68102,-1239.86,-618.758,-1307.74,-626.687
-1316.0,-628.0,-139.045,7.94969e-07,98.2417,7.37335,92.5746,-6.74038,-1239.86,-618.927,-1309.43,-627.149
-1314.0,-628.0,-144.273,8.00531e-07,101.627,11.5817,92.4527,14.9072,-1358.87,-589.052,-1309.43,-627.063
-1312.0,-628.0,-145.217,7.94144e-07,108.503,12.011,92.452,15.0004,-1359.18,-589.061,-1309.42,-627.451
-1310.0,-628.0,-147.877,7.8844e-07,142.088,17.9268,92.4513,15.0863,-1359.45,-589.069,-1309.41,-627.808
-1308.0,-628.0,-114.045,7.80493e-07,87.7095,11.6786,92.2905,15.2015,-1359.81,-589.08,-1239.86,-613.915
-1306.0,-628.0,-113.793,7.73976e-07,87.6693,11.7787,92.3307,15.3016,-1360.12,-589.09,-1239.86,-614.208
-1304.0,-628.0,-113.545,7.67461e-07,87.6285,11.8804,92.3715,15.4034,-1360.43,-589.099,-1239.86,-614.506
-1302.0,-628.0,-113.303,7.60949e-07,87.587,11.984,92.413,15.5069,-1360.75,-589.109,-1239.86,-614.81
-1300.0,-628.0,-113.065,7.5444e-07,87.5447,12.0893,92.4553,15.6123,-1361.06,-589.119,-1239.86,-615.119
-1298.0,-628.0,-112.834,7.47934e-07,87.5018,12.1965,92.4982,15.7194,-1361.37,-589.128,-1239.86,-615.433
-1296.0,-628.0,-108.995,4.95897e-07,86.1979,135.014,93.8021,46.6546,-1390.58,-590.022,-1336.08,-587.943
-1294.0,-628.0,-109.476,5.00648e-07,86.2018,135.556,93.7982,46.1135,-1390.4,-590.016,-1334.87,-587.912
-1292.0,-628.0,-110.481,5.05442e-07,86.2059,136.086,93.7941,45.5826,-1390.21,-590.01,-1333.67,-587.88
-1290.0,-628.0,-106.628,4.68414e-07,85.873,142.385,94.127,-35.7795,-1375.92,-617.352,-1341.79,-588.092
-1288.0,-628.0,-106.617,4.73704e-07,85.9192,142.879,94.0808,-35.2855,-1375.51,-617.334,-1340.76,-588.065
-1286.0,-628.0,-106.751,4.79029e-07,85.9646,143.362,94.0354,-34.8026,-1375.09,-617.316,-1339.73,-588.038
-1284.0,-628.0,-107.03,4.84387e-07,86.0094,143.834,93.9906,-34.3304,-1374.67,-617.299,-1338.71,-588.012
-1282.0,-628.0,-107.487,4.89778e-07,86.0534,144.296,93.9466,-33.8686,-1374.25,-617.281,-1337.68,-587.985
-1280.0,-628.0,-108.204,4.95199e-07,86.0966,144.748,93.9034,-33.4169,-1373.84,-617.264,-1336.65,-587.958
-1278.0,-628.0,-109.338,5.00651e-07,86.1392,145.189,93.8608,-32.9751,-1373.42,-617.246,-1335.63,-587.931
-1276.0,-628.0,-110.681,6.76497e-07,87.1335,13.5117,92.8665,17.0347,-1364.87,-589.235,-1239.86,-619.316
-1274.0,-628.0,-105.007,4.52286e-07,85.6745,159.488,94.3255,24.0169,-1376.65,-589.595,-1376.65,-589.595
-1272.0,-628.0,-105.007,4.58546e-07,85.6984,159.781,94.3016,23.7239,-1376.3,-589.585,-1376.3,-589.585
-1270.0,-628.0,-105.036,4.64818e-07,85.7217,160.066,94.2783,23.4388,-1375.95,-589.574,-1375.95,-589.574
-1268.0,-628.0,-105.084,4.711e-07,85.7445,160.343,94.2555,23.1613,-1375.6,-589.563,-1375.6,-589.563
-1266.0,-628.0,-105.147,4.77389e-07,85.7741,160.613,94.2259,22.8912,-1375.26,-589.553,-1375.26,-589.553
-1264.0,-628.0,-105.219,4.83673e-07,85.8291,160.876,94.1709,22.6281,-1374.91,-589.542,-1374.91,-589.542
-1262.0,-628.0,-105.3,4.89966e-07,85.8827,161.133,94.1173,22.3718,-1374.57,-589.532,-1374.57,-589.532
-1260.0,-628.0,-105.386,4.9627e-07,85.9351,161.383,94.0649,22.122,-1374.22,-589.521,-1374.22,-589.521
-1258.0,-628.0,-105.477,5.02583e-07,85.9863,161.626,94.0137,21.8785,-1373.88,-589.511,-1373.88,-589.511
-1256.0,-628.0,-105.571,5.08905e-07,86.0362,161.863,93.9638,21.6411,-1373.54,-589.5,-1373.54,-589.5
-1254.0,-628.0,-105.667,5.15236e-07,86.085,162.095,93.915,21.4095,-1373.19,-589.49,-1373.19,-589.49
-1252.0,-628.0,-105.766,5.21587e-07,86.1147,162.321,93.8853,21.1837,-1372.85,-589.479,-1372.85,-589.479
-1250.0,-628.0,-105.867,5.27953e-07,86.131,162.541,93.869,20.9632,-1372.51,-589.469,-1372.51,-589.469
-1248.0,-628.0,-105.97,5.34328e-07,86.1469,162.756,93.8531,20.748,-1372.17,-589.459,-1372.17,-589.459
-1246.0,-628.0,-106.073,5.40709e-07,86.1625,162.967,93.8375,20.5379,-1371.83,-589.448,-1371.83,-589.448
-1244.0,-628.0,-106.178,5.47098e-07,86.1779,163.172,93.8221,20.3328,-1371.5,-589.438,-1371.5,-589.438
-1242.0,-628.0,-106.283,5.53494e-07,86.1929,163.372,93.8071,20.1323,-1371.16,-589.428,-1371.16,-589.428
-1240.0,-628.0,-106.39,5.59896e-07,86.2076,163.568,93.7924,19.9365,-1370.82,-589.417,-1370.82,-589.417
-1238.0,-628.0,0.0,0.0,0.0,0.0,0.0,0.0,0.0,0.0,0.0,0.0
-1236.0,-628.0,0.0,0.0,0.0,0.0,0.0,0.0,0.0,0.0,0.0,0.0
-1234.0,-628.0,0.0,0.0,0.0,0.0,0.0,0.0,0.0,0.0,0.0,0.0
-1232.0,-628.0,0.0,0.0,0.0,0.0,0.0,0.0,0.0,0.0,0.0,0.0
-1230.0,-628.0,0.0,0.0,0.0,0.0,0.0,0.0,0.0,0.0,0.0,0.0
-1228.0,-628.0,0.0,0.0,0.0,0.0,0.0,0.0,0.0,0.0,0.0,0.0
-1226.0,-628.0,-174.911,1.29763e-06,96.8082,76.6857,92.0814,-15.5937,-1342.83,-615.957,-1223.06,-615.556
-1224.0,-628.0,-175.17,1.29611e-06,96.7767,77.3757,92.0963,-15.5937,-1342.83,-615.957,-1221.2,-615.498
-1222.0,-628.0,-175.491,1.29467e-06,96.7442,78.0694,92.1111,-15.5937,-1342.83,-615.957,-1219.35,-615.439
-1220.0,-628.0,-175.875,1.29331e-06,96.7106,78.7667,92.1258,-15.5937,-1342.83,-615.957,-1217.49,-615.381
-1218.0,-628.0,-183.366,1.18372e-06,95.4072,97.3562,92.3364,-2.76158,-1239.86,-607.725,-1219.88,-613.414
-1216.0,-628.0,-182.265,1.18458e-06,95.3652,97.942,92.3483,-2.76158,-1239.86,-607.725,-1218.04,-613.376
-1214.0,-628.0,-181.124,1.1855e-06,95.323,98.5262,92.3601,-2.76158,-1239.86,-607.725,-1216.2,-613.339
-1212.0,-628.0,-179.998,1.18649e-06,95.2804,99.1086,92.3717,-2.76158,-1239.86,-607.725,-1214.36,-613.302
-1210.0,-628.0,-178.923,1.18755e-06,95.2376,99.6891,92.3832,-2.76158,-1239.86,-607.725,-1212.52,-613.266
-1208.0,-628.0,-177.926,1.18868e-06,95.1945,100.268,92.3946,-2.76158,-1239.86,-607.725,-1210.68,-613.23
-1206.0,-628.0,-177.02,1.18987e-06,95.1511,100.844,92.4057,-2.76158,-1239.86,-607.725,-1208.84,-613.194
-1204.0,-628.0,-176.253,1.19117e-06,95.1317,101.416,92.4407,-2.76158,-1239.86,-607.725,-1207.43,-611.036
-1202.0,-628.0,0.0,0.0,0.0,0.0,0.0,0.0,0.0,0.0,0.0,0.0
-1600.0,-626.0,-107.518,6.73261e-07,88.2862,7.40691,91.7138,-172.593,-1600.0,-626.0,-1400.0,-600.0
-1598.0,-626.0,-107.432,6.66646e-07,88.2692,7.48089,91.7308,-172.519,-1598.0,-626.0,-1400.0,-600.0
-1596.0,-626.0,-107.346,6.60033e-07,88.2519,7.55634,91.7481,-172.444,-1596.0,-626.0,-1400.0,-600.0
-1594.0,-626.0,-107.258,6.53422e-07,88.2342,7.63333,91.7658,-172.367,-1594.0,-626.0,-1400.0,-600.0
-1592.0,-626.0,-107.169,6.46811e-07,88.2161,7.71189,91.7839,-172.288,-1592.0,-626.0,-1400.0,-600.0
-1590.0,-626.0,-107.08,6.40202e-07,88.1977,7.79208,91.8023,-172.208,-1590.0,-626.0,-1400.0,-600.0
-1588.0,-626.0,-106.989,6.33594e-07,88.1789,7.87394,91.8211,-172.126,-1588.0,-626.0,-1400.0,-600.0
-1586.0,-626.0,-106.898,6.26987e-07,88.1598,7.95753,91.8402,-172.042,-1586.0,-626.0,-1400.0,-600.0
-1584.0,-626.0,-106.806,6.20394e-07,88.107,8.04289,91.893,-171.957,-1584.0,-626.0,-1400.0,-600.0
-1582.0,-626.0,-106.713,6.1382e-07,88.0079,8.1301,91.9921,-171.87,-1582.0,-626.0,-1400.0,-600.0
-1580.0,-626.0,-106.619,6.07248e-07,87.9065,8.21921,92.0935,-171.781,-1580.0,-626.0,-1400.0,-600.0
-1578.0,-626.0,-106.525,6.0068e-07,87.803,8.31028,92.197,-171.69,-1578.0,-626.0,-1400.0,-600.0
-1576.0,-626.0,-106.429,5.94116e-07,87.6971,8.40337,92.3029,-171.597,-1576.0,-626.0,-1400.0,-600.0
-1574.0,-626.0,-106.332,5.87555e-07,87.5889,8.49856,92.4111,-171.501,-1574.0,-626.0,-1400.0,-600.0
-1572.0,-626.0,-106.234,5.80993e-07,87.4913,8.59591,92.5087,-171.404,-1572.0,-626.0,-1400.0,-600.0
-1570.0,-626.0,-106.135,5.74427e-07,87.4063,8.6955,92.5937,-171.304,-1570.0,-626.0,-1400.0,-600.0
-1568.0,-626.0,-106.035,5.67864e-07,87.3194,8.79741,92.6806,-171.203,-1568.0,-626.0,-1400.0,-600.0
-1566.0,-626.0,-105.934,5.61304e-07,87.2305,8.90172,92.7695,-171.098,-1566.0,-626.0,-1400.0,-600.0
-1564.0,-626.0,-105.832,5.54748e-07,87.1395,9.0085,92.8605,-170.991,-1564.0,-626.0,-1400.0,-600.0
-1562.0,-626.0,-105.728,5.48194e-07,87.0464,9.11786,92.9536,-170.882,-1562.0,-626.0,-1400.0,-600.0
-1560.0,-626.0,-105.624,5.41645e-07,86.9509,9.22989,93.0491,-170.77,-1560.0,-626.0,-1400.0,-600.0
-1558.0,-626.0,-105.518,5.35099e-07,86.8532,9.34467,93.1468,-170.655,-1558.0,-626.0,-1400.0,-600.0
-1556.0,-626.0,-105.411,5.28557e-07,86.7531,9.46232,93.2469,-170.538,-1556.0,-626.0,-1400.0,-600.0
-1554.0,-626.0,-105.302,5.22019e-07,86.6504,9.58294,93.3496,-170.417,-1554.0,-626.0,-1400.0,-600.0
-1552.0,-626.0,-105.193,5.15485e-07,86.5452,9.70665,93.4548,-170.293,-1552.0,-626.0,-1400.0,-600.0
-1550.0,-626.0,-105.082,5.08955e-07,86.4373,9.83356,93.5627,-170.166,-1550.0,-626.0,-1400.0,-600.0
-1548.0,-626.0,-104.969,5.02407e-07,86.3662,9.9638,93.6338,-170.036,-1548.0,-626.0,-1400.0,-600.0
-1546.0,-626.0,-104.855,4.95849e-07,86.3181,10.0975,93.6819,-169.902,-1546.0,-626.0,-1400.0,-600.0
-1544.0,-626.0,-104.739,4.89294e-07,86.2687,10.2348,93.7313,-169.765,-1544.0,-626.0,-1400.0,-600.0
-1542.0,-626.0,-104.621,4.82742e-07,86.218,10.3758,93.782,-169.624,-1542.0,-626.0,-1400.0,-600.0
-1540.0,-626.0,-104.502,4.76194e-07,86.1659,10.5208,93.8341,-169.479,-1540.0,-626.0,-1400.0,-600.0
-1538.0,-626.0,-104.382,4.69649e-07,86.1124,10.6698,93.8876,-169.33,-1538.0,-626.0,-1400.0,-600.0
-1536.0,-626.0,-104.26,4.63094e-07,86.0829,10.823,93.9171,-169.177,-1536.0,-626.0,-1400.0,-600.0
-1534.0,-626.0,-104.136,4.56537e-07,86.062,10.9807,93.938,-169.019,-1534.0,-626.0,-1400.0,-600.0
-1532.0,-626.0,-104.01,4.49984e-07,86.0405,11.1429,93.9595,-168.857,-1532.0,-626.0,-1400.0,-600.0
-1530.0,-626.0,-103.882,4.43434e-07,86.0184,11.3099,93.9816,-168.69,-1530.0,-626.0,-1400.0,-600.0
-1528.0,-626.0,-103.753,4.36889e-07,85.9957,11.482,94.0043,-168.518,-1528.0,-626.0,-1400.0,-600.0
-1526.0,-626.0,-103.621,4.30347e-07,85.9723,11.6593,94.0277,-168.341,-1526.0,-626.0,-1400.0,-600.0
-1524.0,-626.0,-103.488,4.2381e-07,85.9483,11.8421,94.0517,-168.158,-1524.0,-626.0,-1400.0,-600.0
-1522.0,-626.0,-103.353,4.17277e-07,85.9235,12.0306,94.0765,-167.969,-1522.0,-626.0,-1400.0,-600.0
-1520.0,-626.0,-103.216,4.10749e-07,85.898,12.2251,94.102,-167.775,-1520.0,-626.0,-1400.0,-600.0
-1518.0,-626.0,-103.076,4.04226e-07,85.8717,12.4259,94.1283,-167.574,-1518.0,-626.0,-1400.0,-600.0
-1516.0,-626.0,-102.935,3.97708e-07,85.8446,12.6334,94.1554,-167.367,-1516.0,-626.0,-1400.0,-600.0
-1514.0,-626.0,-102.791,3.91196e-07,85.8167,12.8477,94.1833,-167.152,-1514.0,-626.0,-1400.0,-600.0
-1512.0,-626.0,-102.645,3.84689e-07,85.7879,13.0693,94.2121,-166.931,-1512.0,-626.0,-1400.0,-600.0
-1510.0,-626.0,-102.497,3.78189e-07,85.7581,13.2986,94.2419,-166.701,-1510.0,-626.0,-1400.0,-600.0
-1508.0,-626.0,-102.346,3.71694e-07,85.7274,13.5359,94.2726,-166.464,-1508.0,-626.0,-1400.0,-600.0
-1506.0,-626.0,-102.193,3.65207e-07,85.6957,13.7816,94.3043,-166.218,-1506.0,-626.0,-1400.0,-600.0
-1504.0,-626.0,-102.037,3.58726e-07,85.6629,14.0362,94.3371,-165.964,-1504.0,-626.0,-1400.0,-600.0
-1502.0,-626.0,-101.879,3.52253e-07,85.6292,14.3003,94.3708,-165.7,-1502.0,-626.0,-1400.0,-600.0
-1500.0,-626.0,-101.717,3.45766e-07,85.6407,14.5742,94.3593,-165.426,-1500.0,-626.0,-1400.0,-600.0
-1498.0,-626.0,-101.553,3.39287e-07,85.6527,14.8586,94.3473,-165.141,-1498.0,-626.0,-1400.0,-600.0
-1496.0,-626.0,-101.385,3.32817e-07,85.6653,15.1541,94.3347,-164.846,-1496.0,-626.0,-1400.0,-600.0
-1494.0,-626.0,-101.215,3.26356e-07,85.6785,15.4612,94.3215,-164.539,-1494.0,-626.0,-1400.0,-600.0
-1492.0,-626.0,-101.041,3.19905e-07,85.6924,15.7808,94.3076,-164.219,-1492.0,-626.0,-1400.0,-600.0
-1490.0,-626.0,-100.864,3.13465e-07,85.7049,16.1134,94.2951,-163.887,-1490.0,-626.0,-1400.0,-600.0
-1488.0,-626.0,-100.684,3.07057e-07,85.6678,16.46,94.3322,-163.54,-1488.0,-626.0,-1400.0,-600.0
-1486.0,-626.0,-100.501,3.0066e-07,85.6293,16.8214,94.3707,-163.179,-1486.0,-626.0,-1400.0,-600.0
-1484.0,-626.0,-100.314,2.94275e-07,85.5893,17.1985,94.4107,-162.801,-1484.0,-626.0,-1400.0,-600.0
-1482.0,-626.0,-100.124,2.87904e-07,85.5477,17.5924,94.4523,-162.408,-1482.0,-626.0,-1400.0,-600.0
-1480.0,-626.0,-99.9299,2.81548e-07,85.5045,18.0042,94.4955,-161.996,-1480.0,-626.0,-1400.0,-600.0
-1478.0,-626.0,-99.7319,2.7521e-07,85.4501,18.4349,94.5499,-161.565,-1478.0,-626.0,-1400.0,-600.0
-1476.0,-626.0,-99.5304,2.68908e-07,85.3432,18.8861,94.6568,-161.114,-1476.0,-626.0,-1400.0,-600.0
-1474.0,-626.0,-99.3247,2.62624e-07,85.2316,19.359,94.7684,-160.641,-1474.0,-626.0,-1400.0,-600.0
-1472.0,-626.0,-99.1148,2.56359e-07,85.1148,19.8552,94.8852,-160.145,-1472.0,-626.0,-1400.0,-600.0
-1470.0,-626.0,-98.9004,2.50116e-07,84.9925,20.3764,95.0075,-159.624,-1470.0,-626.0,-1400.0,-600.0
-1468.0,-626.0,-98.6814,2.43896e-07,84.8645,20.9245,95.1355,-159.075,-1468.0,-626.0,-1400.0,-600.0
-1466.0,-626.0,-98.4578,2.37705e-07,84.717,21.5014,95.283,-158.499,-1466.0,-626.0,-1400.0,-600.0
-1464.0,-626.0,-98.2302,2.31563e-07,84.5065,22.1094,95.4935,-157.891,-1464.0,-626.0,-1400.0,-600.0
-1462.0,-626.0,-97.9976,2.25451e-07,84.2851,22.751,95.7149,-157.249,-1462.0,-626.0,-1400.0,-600.0
-1460.0,-626.0,-97.76,2.19373e-07,84.0523,23.4287,95.9477,-156.571,-1460.0,-626.0,-1400.0,-600.0
-1458.0,-626.0,-97.5171,2.1333e-07,83.8071,24.1455,96.1929,-155.854,-1458.0,-626.0,-1400.0,-600.0
-1456.0,-626.0,-97.2689,2.07327e-07,83.5487,24.9048,96.4513,-155.095,-1456.0,-626.0,-1400.0,-600.0
-1454.0,-626.0,-97.0153,2.01366e-07,83.2762,25.71,96.7238,-154.29,-1454.0,-626.0,-1400.0,-600.0
-1452.0,-626.0,-96.7561,1.95451e-07,82.9885,26.5651,97.0115,-153.435,-1452.0,-626.0,-1400.0,-600.0
-1450.0,-626.0,-96.4913,1.89587e-07,82.6847,27.4744,97.3153,-152.526,-1450.0,-626.0,-1400.0,-600.0
-1448.0,-626.0,-96.2208,1.83779e-07,82.3636,28.4429,97.6364,-151.557,-1448.0,-626.0,-1400.0,-600.0
-1446.0,-626.0,-95.9446,1.78032e-07,82.024,29.4759,97.976,-150.524,-1446.0,-626.0,-1400.0,-600.0
-1444.0,-626.0,-95.6628,1.72353e-07,81.6647,30.5792,98.3353,-149.421,-1444.0,-626.0,-1400.0,-600.0
-1442.0,-626.0,-95.3753,1.66747e-07,81.2845,31.7595,98.7155,-148.241,-1442.0,-626.0,-1400.0,-600.0
-1440.0,-626.0,-95.0825,1.61224e-07,80.8821,33.0239,99.1179,-146.976,-1440.0,-626.0,-1400.0,-600.0
-1438.0,-626.0,-94.7845,1.5579e-07,80.4562,34.3803,99.5438,-145.62,-1438.0,-626.0,-1400.0,-600.0
-1436.0,-626.0,-94.4818,1.50458e-07,80.0057,35.8377,99.9943,-144.162,-1436.0,-626.0,-1400.0,-600.0
-1434.0,-626.0,-94.1748,1.45236e-07,79.5296,37.4054,100.47,-142.595,-1434.0,-626.0,-1400.0,-600.0
-1432.0,-626.0,-93.8642,1.40139e-07,79.0269,39.0939,100.973,-140.906,-1432.0,-626.0,-1400.0,-600.0
-1430.0,-626.0,-93.5511,1.35179e-07,78.4972,40.9144,101.503,-139.086,-1430.0,-626.0,-1400.0,-600.0
-1428.0,-626.0,-93.2364,1.30373e-07,77.9405,42.8789,102.06,-137.121,-1428.0,-626.0,-1400.0,-600.0
-1426.0,-626.0,-92.9218,1.25738e-07,77.3574,45.0,102.643,-135.0,-1426.0,-626.0,-1400.0,-600.0
-1424.0,-626.0,-92.6091,1.21294e-07,76.7494,47.2906,103.251,-132.709,-1424.0,-626.0,-1400.0,-600.0
-1422.0,-626.0,-92.3005,1.17063e-07,76.1193,49.7636,103.881,-130.236,-1422.0,-626.0,-1400.0,-600.0
-1420.0,-626.0,-91.9988,1.13068e-07,75.4711,52.4314,104.529,-127.569,-1420.0,-626.0,-1400.0,-600.0
-1418.0,-626.0,-91.7071,1.09336e-07,74.8107,55.3048,105.189,-124.695,-1418.0,-626.0,-1400.0,-600.0
-1416.0,-626.0,-91.4291,1.05894e-07,74.1461,58.3925,105.854,-121.608,-1416.0,-626.0,-1400.0,-600.0
-1414.0,-626.0,-91.1689,1.02771e-07,73.4873,61.6992,106.513,-118.301,-1414.0,-626.0,-1400.0,-600.0
-1412.0,-626.0,-90.9312,9.9997e-08,72.8468,65.2249,107.153,-114.775,-1412.0,-626.0,-1400.0,-600.0
-1410.0,-626.0,-90.7205,9.76024e-08,72.2388,68.9625,107.761,-111.038,-1410.0,-626.0,-1400.0,-600.0
-1408.0,-626.0,-90.5418,9.56152e-08,71.6793,72.8973,108.321,-107.103,-1408.0,-626.0,-1400.0,-600.0
-1406.0,-626.0,-109.589,9.40917e-08,71.1907,79.4537,108.809,-103.963,-1404.61,-618.561,-1404.61,-618.561
-1404.0,-626.0,-175.423,1.56354e-06,95.7673,-24.5181,91.3663,-13.7653,-1335.91,-615.702,-1389.46,-632.63
-1402.0,-626.0,-185.267,1.61045e-06,95.8152,-22.1799,91.3365,1.08071,-1168.19,-595.627,-1387.24,-632.016
-1400.0,-626.0,-169.027,1.12032e-06,96.2217,-27.6497,91.9358,-7.72819,-1239.86,-621.732,-1387.63,-632.479
-1398.0,-626.0,-169.131,1.11443e-06,96.226,-28.1711,91.9605,-7.72819,-1239.86,-621.732,-1385.74,-632.568
-1396.0,-626.0,-169.31,1.10856e-06,96.2294,-28.7109,91.9855,-7.72819,-1239.86,-621.732,-1383.84,-632.66
-1394.0,-626.0,-169.6,1.10273e-06,96.2318,-29.2699,92.0106,-7.72819,-1239.86,-621.732,-1381.95,-632.756
-1392.0,-626.0,-170.081,1.09693e-06,96.2333,-29.849,92.036,-7.72819,-1239.86,-621.732,-1380.05,-632.855
-1390.0,-626.0,-123.027,2.79112e-07,97.4017,98.4283,98.0844,-80.9006,-1397.08,-618.243,-1391.08,-618.732
-1388.0,-626.0,-121.438,2.80124e-07,97.3168,99.7897,98.1132,-79.5344,-1396.63,-618.224,-1389.25,-618.732
-1386.0,-626.0,-120.149,2.8129e-07,97.2284,101.14,98.1373,-78.1786,-1396.19,-618.206,-1387.43,-618.732
-1384.0,-626.0,-119.183,2.8261e-07,97.1369,102.478,98.1567,-76.8346,-1395.75,-618.187,-1385.61,-618.732
-1382.0,-626.0,-118.526,2.84081e-07,97.0425,103.802,98.1716,-75.5037,-1395.3,-618.168,-1383.79,-618.732
-1380.0,-626.0,-118.162,2.85701e-07,96.9455,105.112,98.182,-74.187,-1394.86,-618.15,-1381.96,-618.732
-1378.0,-626.0,-118.108,2.87466e-07,96.8461,106.405,98.1881,-72.8859,-1394.42,-618.131,-1380.14,-618.732
-1376.0,-626.0,-113.939,2.89495e-07,91.004,107.297,99.4986,-71.6039,-1393.98,-618.112,-1382.45,-605.294
-1374.0,-626.0,-115.571,2.91544e-07,90.9416,108.55,99.4874,-70.3327,-1393.53,-618.094,-1380.95,-605.294
-1372.0,-626.0,-119.193,2.9373e-07,90.8797,109.784,99.4718,-69.0799,-1393.09,-618.075,-1379.45,-605.294
-1370.0,-626.0,-126.835,2.96054e-07,90.8625,111.0,99.4963,-67.8478,-1392.65,-618.056,-1378.15,-604.765
-1368.0,-626.0,-128.679,2.98511e-07,90.8554,112.196,99.5264,-66.6356,-1392.21,-618.038,-1376.93,-604.125
-1366.0,-626.0,-120.297,3.01095e-07,90.848,113.372,99.5519,-65.4435,-1391.77,-618.019,-1375.72,-603.498
-1364.0,-626.0,-115.707,3.03804e-07,90.8405,114.527,99.573,-64.272,-1391.33,-618.001,-1374.55,-602.884
-1362.0,-626.0,-113.822,3.06634e-07,90.8327,115.662,99.5899,-63.1215,-1390.89,-617.982,-1373.4,-602.282
-1360.0,-626.0,-113.163,3.09582e-07,90.8248,116.775,99.6028,-61.9924,-1390.45,-617.964,-1372.27,-601.692
-1358.0,-626.0,-113.441,3.12653e-07,90.9137,117.867,99.7089,-60.8864,-1390.01,-617.945,-1371.72,-600.057
-1356.0,-626.0,-115.896,3.15267e-07,95.4863,117.664,97.4146,-59.6538,-1389.51,-617.924,-1360.07,-618.239
-1354.0,-626.0,-117.119,3.1846e-07,95.533,118.732,97.2376,-58.5954,-1389.07,-617.906,-1358.25,-618.239
-1352.0,-626.0,-120.427,3.21761e-07,95.5768,119.779,97.0619,-57.5592,-1388.63,-617.887,-1356.44,-618.239
-1350.0,-626.0,-144.613,2.36496e-07,93.8782,135.288,120.604,37.7536,-1386.97,-589.911,-1363.34,-612.796
-1348.0,-626.0,-160.101,3.94719e-07,93.2865,151.802,97.5433,148.195,-1425.26,-584.337,-1375.94,-611.019
-1346.0,-626.0,-160.287,4.00701e-07,95.1397,151.705,97.6239,148.195,-1425.26,-584.337,-1363.48,-616.588
-1344.0,-626.0,-160.105,4.06595e-07,95.1215,152.295,97.7103,148.195,-1425.26,-584.337,-1360.43,-617.371
-1342.0,-626.0,-150.884,2.85286e-07,93.483,-129.013,121.646,39.5204,-1387.8,-589.937,-1347.1,-632.292
-1340.0,-626.0,-148.457,2.89543e-07,93.4395,-130.05,121.076,38.5433,-1387.35,-589.923,-1345.23,-632.219
-1338.0,-626.0,-182.204,1.33328e-06,91.9705,-1.68111,91.8584,-7.72819,-1239.86,-621.732,-1280.54,-627.687
-1336.0,-626.0,0.0,0.0,0.0,0.0,0.0,0.0,0.0,0.0,0.0,0.0
-1334.0,-626.0,0.0,0.0,0.0,0.0,0.0,0.0,0.0,0.0,0.0,0.0
-1332.0,-626.0,0.0,0.0,0.0,0.0,0.0,0.0,0.0,0.0,0.0,0.0
-1330.0,-626.0,-164.314,8.99548e-07,91.6262,-169.31,92.6515,-7.67574,-1239.86,-621.583,-1338.27,-627.562
-1328.0,-626.0,-164.315,9.06104e-07,91.6277,-169.391,92.5895,-7.62656,-1239.86,-621.443,-1338.26,-627.922
-1326.0,-626.0,-164.318,9.12662e-07,91.6293,-169.471,92.5283,-7.57809,-1239.86,-621.305,-1338.25,-628.277
-1324.0,-626.0,0.0,0.0,0.0,0.0,0.0,0.0,0.0,0.0,0.0,0.0
-1322.0,-626.0,-139.475,8.13936e-07,94.6678,6.45857,92.4934,-6.11265,-1239.86,-617.15,-1309.53,-624.588
-1320.0,-626.0,-135.293,8.07333e-07,95.6823,6.64965,92.4932,-6.16013,-1239.86,-617.284,-1309.71,-624.8
-1318.0,-626.0,-133.576,8.00746e-07,96.8164,6.81634,92.5065,-6.20999,-1239.86,-617.425,-1309.49,-624.983
-1316.0,-626.0,-141.864,7.94181e-07,98.8703,6.89926,92.5137,-6.26602,-1239.86,-617.584,-1309.48,-625.211
-1314.0,-626.0,-145.654,7.99291e-07,102.552,11.1352,92.456,14.4372,-1357.29,-589.003,-1309.48,-625.111
-1312.0,-626.0,-147.143,7.93003e-07,111.434,11.6974,92.4554,14.5254,-1357.59,-589.012,-1309.47,-625.477
-1310.0,-626.0,-149.824,7.87569e-07,148.47,19.9257,92.4548,14.6047,-1357.86,-589.021,-1309.46,-625.806
-1308.0,-626.0,-114.957,7.79154e-07,87.7373,11.1976,92.2627,14.7206,-1358.26,-589.033,-1239.86,-612.511
-1306.0,-626.0,-114.688,7.72625e-07,87.6973,11.2938,92.3027,14.8167,-1358.58,-589.043,-1239.86,-612.791
-1304.0,-626.0,-114.418,7.66098e-07,87.6566,11.3916,92.3434,14.9146,-1358.9,-589.052,-1239.86,-613.077
-1302.0,-626.0,-114.147,7.59575e-07,87.6152,11.4911,92.3848,15.0141,-1359.22,-589.062,-1239.86,-613.367
-1300.0,-626.0,-113.877,7.53054e-07,87.5731,11.5924,92.4269,15.1153,-1359.54,-589.072,-1239.86,-613.663
-1298.0,-626.0,-108.827,4.86433e-07,86.2081,135.015,93.7919,46.6543,-1390.58,-590.022,-1336.08,-587.943
-1296.0,-626.0,-109.322,4.91184e-07,86.2119,135.566,93.7881,46.1028,-1390.39,-590.016,-1334.85,-587.911
-1294.0,-626.0,-110.366,4.9598e-07,86.2159,136.107,93.7841,45.5619,-1390.2,-590.01,-1333.62,-587.879
-1292.0,-626.0,-106.402,4.5903e-07,85.8756,142.537,94.1244,-35.6276,-1375.8,-617.346,-1341.48,-588.084
-1290.0,-626.0,-106.441,4.64352e-07,85.8881,143.039,94.1119,-35.1255,-1375.37,-617.328,-1340.42,-588.056
-1288.0,-626.0,-106.628,4.69702e-07,85.9108,143.53,94.0892,-34.6348,-1374.94,-617.31,-1339.37,-588.029
-1286.0,-626.0,-106.975,4.75071e-07,85.9571,144.009,94.0429,-34.1552,-1374.51,-617.292,-1338.32,-588.002
-1284.0,-626.0,-107.536,4.80474e-07,86.0026,144.478,93.9974,-33.6864,-1374.09,-617.274,-1337.27,-587.974
-1282.0,-626.0,-108.425,4.85908e-07,86.0474,144.936,93.9526,-33.2281,-1373.66,-617.256,-1336.22,-587.947
-1280.0,-626.0,-104.639,4.31212e-07,85.5451,159.386,94.4549,24.1189,-1376.77,-589.599,-1376.77,-589.599
-1278.0,-626.0,-104.628,4.37446e-07,85.6087,159.694,94.3913,23.8103,-1376.4,-589.588,-1376.4,-589.588
-1276.0,-626.0,-104.651,4.43702e-07,85.6551,159.994,94.3449,23.5103,-1376.04,-589.577,-1376.04,-589.577
-1274.0,-626.0,-104.698,4.49982e-07,85.6799,160.286,94.3201,23.2188,-1375.68,-589.566,-1375.68,-589.566
-1272.0,-626.0,-104.761,4.56273e-07,85.7041,160.569,94.2959,22.9353,-1375.31,-589.555,-1375.31,-589.555
-1270.0,-626.0,-104.835,4.62575e-07,85.7278,160.845,94.2722,22.6596,-1374.95,-589.544,-1374.95,-589.544
-1268.0,-626.0,-104.919,4.68888e-07,85.7509,161.113,94.2491,22.3913,-1374.59,-589.533,-1374.59,-589.533
-1266.0,-626.0,-105.009,4.7521e-07,85.7735,161.374,94.2265,22.1301,-1374.23,-589.522,-1374.23,-589.522
-1264.0,-626.0,-105.104,4.81533e-07,85.8105,161.629,94.1895,21.8758,-1373.87,-589.511,-1373.87,-589.511
-1262.0,-626.0,-105.202,4.87854e-07,85.8649,161.876,94.1351,21.6282,-1373.52,-589.5,-1373.52,-589.5
-1260.0,-626.0,-105.303,4.94185e-07,85.9179,162.118,94.0821,21.3869,-1373.16,-589.489,-1373.16,-589.489
-1258.0,-626.0,-105.407,5.00524e-07,85.9697,162.353,94.0303,21.1517,-1372.8,-589.478,-1372.8,-589.478
-1256.0,-626.0,-105.512,5.06872e-07,86.0203,162.582,93.9797,20.9225,-1372.45,-589.467,-1372.45,-589.467
-1254.0,-626.0,-105.619,5.13228e-07,86.0697,162.806,93.9303,20.6989,-1372.09,-589.456,-1372.09,-589.456
-1252.0,-626.0,-105.727,5.19604e-07,86.0998,163.024,93.9002,20.4809,-1371.74,-589.445,-1371.74,-589.445
-1250.0,-626.0,-105.837,5.25994e-07,86.1165,163.236,93.8835,20.2682,-1371.39,-589.435,-1371.39,-589.435
-1248.0,-626.0,-105.947,5.32392e-07,86.1329,163.444,93.8671,20.0605,-1371.04,-589.424,-1371.04,-589.424
-1246.0,-626.0,-106.058,5.38797e-07,86.1489,163.647,93.8511,19.8579,-1370.69,-589.413,-1370.69,-589.413
-1244.0,-626.0,-106.171,5.45208e-07,86.1646,163.845,93.8354,19.66,-1370.34,-589.402,-1370.34,-589.402
-1242.0,-626.0,-105.525,5.35555e-07,86.0651,170.655,93.9349,-9.34467,-1242.0,-626.0,-1400.0,-600.0
-1240.0,-626.0,-105.632,5.42158e-07,86.0619,170.77,93.9381,-9.22989,-1240.0,-626.0,-1400.0,-600.0
-1238.0,-626.0,0.0,0.0,0.0,0.0,0.0,0.0,0.0,0.0,0.0,0.0
-1236.0,-626.0,0.0,0.0,0.0,0.0,0.0,0.0,0.0,0.0,0.0,0.0
-1234.0,-626.0,0.0,0.0,0.0,0.0,0.0,0.0,0.0,0.0,0.0,0.0
-1232.0,-626.0,0.0,0.0,0.0,0.0,0.0,0.0,0.0,0.0,0.0,0.0
-1230.0,-626.0,-174.533,1.29448e-06,96.903,75.1347,92.0743,-15.5937,-1342.83,-615.957,-1226.68,-613.491
-1228.0,-626.0,-174.639,1.29278e-06,96.8701,75.8247,92.0863,-15.5937,-1342.83,-615.957,-1224.89,-613.696
-1226.0,-626.0,-174.82,1.29116e-06,96.8394,76.5186,92.1014,-15.5937,-1342.83,-615.957,-1223.04,-613.637
-1224.0,-626.0,-175.067,1.28962e-06,96.8077,77.2166,92.1164,-15.5937,-1342.83,-615.957,-1221.18,-613.578
-1222.0,-626.0,-175.377,1.28816e-06,96.7749,77.9183,92.1314,-15.5937,-1342.83,-615.957,-1219.33,-613.519
-1220.0,-626.0,-184.211,1.17631e-06,95.4662,96.8376,92.3479,-2.76158,-1239.86,-607.725,-1221.74,-611.53
-1218.0,-626.0,-183.188,1.17711e-06,95.4241,97.431,92.36,-2.76158,-1239.86,-607.725,-1219.89,-611.492
-1216.0,-626.0,-182.067,1.17798e-06,95.3816,98.0228,92.372,-2.76158,-1239.86,-607.725,-1218.05,-611.455
-1214.0,-626.0,-180.914,1.17891e-06,95.3387,98.6128,92.3838,-2.76158,-1239.86,-607.725,-1216.21,-611.418
-1212.0,-626.0,-179.783,1.17991e-06,95.2956,99.2011,92.3955,-2.76158,-1239.86,-607.725,-1214.37,-611.381
-1210.0,-626.0,-178.709,1.18098e-06,95.2522,99.7873,92.407,-2.76158,-1239.86,-607.725,-1212.53,-611.344
-1208.0,-626.0,-177.718,1.18212e-06,95.2085,100.372,92.4183,-2.76158,-1239.86,-607.725,-1210.69,-611.308
-1206.0,-626.0,-176.822,1.18333e-06,95.1646,100.954,92.4295,-2.76158,-1239.86,-607.725,-1208.85,-611.272
-1204.0,-626.0,0.0,0.0,0.0,0.0,0.0,0.0,0.0,0.0,0.0,0.0
-1202.0,-626.0,0.0,0.0,0.0,0.0,0.0,0.0,0.0,0.0,0.0,0.0
-1600.0,-624.0,-107.508,6.72414e-07,88.3392,6.84277,91.6608,-173.157,-1600.0,-624.0,-1400.0,-600.0
-1598.0,-624.0,-107.421,6.65792e-07,88.3227,6.91123,91.6773,-173.089,-1598.0,-624.0,-1400.0,-600.0
-1596.0,-624.0,-107.334,6.5917e-07,88.3059,6.98106,91.6941,-173.019,-1596.0,-624.0,-1400.0,-600.0
-1594.0,-624.0,-107.246,6.52549e-07,88.2887,7.05231,91.7113,-172.948,-1594.0,-624.0,-1400.0,-600.0
-1592.0,-624.0,-107.157,6.4593e-07,88.2712,7.12502,91.7288,-172.875,-1592.0,-624.0,-1400.0,-600.0
-1590.0,-624.0,-107.068,6.39312e-07,88.2533,7.19923,91.7467,-172.801,-1590.0,-624.0,-1400.0,-600.0
-1588.0,-624.0,-106.977,6.32694e-07,88.235,7.275,91.765,-172.725,-1588.0,-624.0,-1400.0,-600.0
-1586.0,-624.0,-106.885,6.26078e-07,88.2164,7.35238,91.7836,-172.648,-1586.0,-624.0,-1400.0,-600.0
-1584.0,-624.0,-106.793,6.19475e-07,88.1642,7.43141,91.8358,-172.569,-1584.0,-624.0,-1400.0,-600.0
-1582.0,-624.0,-106.7,6.1289e-07,88.0654,7.51214,91.9346,-172.488,-1582.0,-624.0,-1400.0,-600.0
-1580.0,-624.0,-106.606,6.06307e-07,87.9645,7.59464,92.0355,-172.405,-1580.0,-624.0,-1400.0,-600.0
-1578.0,-624.0,-106.511,5.99728e-07,87.8614,7.67896,92.1386,-172.321,-1578.0,-624.0,-1400.0,-600.0
-1576.0,-624.0,-106.415,5.93153e-07,87.756,7.76517,92.244,-172.235,-1576.0,-624.0,-1400.0,-600.0
-1574.0,-624.0,-106.318,5.8658e-07,87.6483,7.85331,92.3517,-172.147,-1574.0,-624.0,-1400.0,-600.0
-1572.0,-624.0,-106.22,5.80011e-07,87.5381,7.94347,92.4619,-172.057,-1572.0,-624.0,-1400.0,-600.0
-1570.0,-624.0,-106.12,5.73437e-07,87.445,8.03571,92.555,-171.964,-1570.0,-624.0,-1400.0,-600.0
-1568.0,-624.0,-106.02,5.66863e-07,87.3584,8.1301,92.6416,-171.87,-1568.0,-624.0,-1400.0,-600.0
-1566.0,-624.0,-105.918,5.60291e-07,87.2697,8.22672,92.7303,-171.773,-1566.0,-624.0,-1400.0,-600.0
-1564.0,-624.0,-105.816,5.53722e-07,87.179,8.32565,92.821,-171.674,-1564.0,-624.0,-1400.0,-600.0
-1562.0,-624.0,-105.712,5.47156e-07,87.086,8.42697,92.914,-171.573,-1562.0,-624.0,-1400.0,-600.0
-1560.0,-624.0,-105.607,5.40593e-07,86.9908,8.53077,93.0092,-171.469,-1560.0,-624.0,-1400.0,-600.0
-1558.0,-624.0,-105.501,5.34034e-07,86.8933,8.63713,93.1067,-171.363,-1558.0,-624.0,-1400.0,-600.0
-1556.0,-624.0,-105.393,5.27478e-07,86.7934,8.74616,93.2066,-171.254,-1556.0,-624.0,-1400.0,-600.0
-1554.0,-624.0,-105.284,5.20926e-07,86.691,8.85796,93.309,-171.142,-1554.0,-624.0,-1400.0,-600.0
-1552.0,-624.0,-105.174,5.14378e-07,86.5859,8.97263,93.4141,-171.027,-1552.0,-624.0,-1400.0,-600.0
-1550.0,-624.0,-105.062,5.07833e-07,86.4782,9.09028,93.5218,-170.91,-1550.0,-624.0,-1400.0,-600.0
-1548.0,-624.0,-104.95,5.01293e-07,86.3677,9.21103,93.6323,-170.789,-1548.0,-624.0,-1400.0,-600.0
-1546.0,-624.0,-104.835,4.94725e-07,86.3097,9.335,93.6903,-170.665,-1546.0,-624.0,-1400.0,-600.0
-1544.0,-624.0,-104.718,4.88155e-07,86.26,9.46232,93.74,-170.538,-1544.0,-624.0,-1400.0,-600.0
-1542.0,-624.0,-104.601,4.81588e-07,86.2089,9.59313,93.7911,-170.407,-1542.0,-624.0,-1400.0,-600.0
-1540.0,-624.0,-104.481,4.75024e-07,86.1565,9.72758,93.8435,-170.272,-1540.0,-624.0,-1400.0,-600.0
-1538.0,-624.0,-104.36,4.68462e-07,86.1025,9.86581,93.8975,-170.134,-1538.0,-624.0,-1400.0,-600.0
-1536.0,-624.0,-104.237,4.6189e-07,86.0727,10.008,93.9273,-169.992,-1536.0,-624.0,-1400.0,-600.0
-1534.0,-624.0,-104.112,4.55316e-07,86.0514,10.1543,93.9486,-169.846,-1534.0,-624.0,-1400.0,-600.0
-1532.0,-624.0,-103.986,4.48745e-07,86.0295,10.3048,93.9705,-169.695,-1532.0,-624.0,-1400.0,-600.0
-1530.0,-624.0,-103.857,4.42177e-07,86.0071,10.4599,93.9929,-169.54,-1530.0,-624.0,-1400.0,-600.0
-1528.0,-624.0,-103.727,4.35613e-07,85.9839,10.6197,94.0161,-169.38,-1528.0,-624.0,-1400.0,-600.0
-1526.0,-624.0,-103.595,4.29052e-07,85.9601,10.7843,94.0399,-169.216,-1526.0,-624.0,-1400.0,-600.0
-1524.0,-624.0,-103.461,4.22494e-07,85.9356,10.9541,94.0644,-169.046,-1524.0,-624.0,-1400.0,-600.0
-1522.0,-624.0,-103.325,4.15941e-07,85.9104,11.1292,94.0896,-168.871,-1522.0,-624.0,-1400.0,-600.0
-1520.0,-624.0,-103.187,4.09392e-07,85.8843,11.3099,94.1157,-168.69,-1520.0,-624.0,-1400.0,-600.0
-1518.0,-624.0,-103.047,4.02847e-07,85.8575,11.4966,94.1425,-168.503,-1518.0,-624.0,-1400.0,-600.0
-1516.0,-624.0,-102.904,3.96306e-07,85.8299,11.6894,94.1701,-168.311,-1516.0,-624.0,-1400.0,-600.0
-1514.0,-624.0,-102.759,3.8977e-07,85.8013,11.8887,94.1987,-168.111,-1514.0,-624.0,-1400.0,-600.0
-1512.0,-624.0,-102.612,3.8324e-07,85.7719,12.0948,94.2281,-167.905,-1512.0,-624.0,-1400.0,-600.0
-1510.0,-624.0,-102.463,3.76714e-07,85.7415,12.308,94.2585,-167.692,-1510.0,-624.0,-1400.0,-600.0
-1508.0,-624.0,-102.311,3.70194e-07,85.71,12.5288,94.29,-167.471,-1508.0,-624.0,-1400.0,-600.0
-1506.0,-624.0,-102.157,3.63679e-07,85.6776,12.7575,94.3224,-167.242,-1506.0,-624.0,-1400.0,-600.0
-1504.0,-624.0,-101.999,3.57171e-07,85.644,12.9946,94.356,-167.005,-1504.0,-624.0,-1400.0,-600.0
-1502.0,-624.0,-101.839,3.50653e-07,85.6446,13.2405,94.3554,-166.759,-1502.0,-624.0,-1400.0,-600.0
-1500.0,-624.0,-101.676,3.44136e-07,85.656,13.4957,94.344,-166.504,-1500.0,-624.0,-1400.0,-600.0
-1498.0,-624.0,-101.51,3.37626e-07,85.668,13.7608,94.332,-166.239,-1498.0,-624.0,-1400.0,-600.0
-1496.0,-624.0,-101.341,3.31124e-07,85.6805,14.0362,94.3195,-165.964,-1496.0,-624.0,-1400.0,-600.0
-1494.0,-624.0,-101.168,3.2463e-07,85.6936,14.3227,94.3064,-165.677,-1494.0,-624.0,-1400.0,-600.0
-1492.0,-624.0,-100.993,3.18144e-07,85.7074,14.6209,94.2926,-165.379,-1492.0,-624.0,-1400.0,-600.0
-1490.0,-624.0,-100.814,3.11668e-07,85.7198,14.9314,94.2802,-165.069,-1490.0,-624.0,-1400.0,-600.0
-1488.0,-624.0,-100.632,3.05222e-07,85.6823,15.2551,94.3177,-164.745,-1488.0,-624.0,-1400.0,-600.0
-1486.0,-624.0,-100.447,2.98786e-07,85.6433,15.5928,94.3567,-164.407,-1486.0,-624.0,-1400.0,-600.0
-1484.0,-624.0,-100.258,2.92361e-07,85.6027,15.9454,94.3973,-164.055,-1484.0,-624.0,-1400.0,-600.0
-1482.0,-624.0,-100.065,2.85947e-07,85.5605,16.3139,94.4395,-163.686,-1482.0,-624.0,-1400.0,-600.0
-1480.0,-624.0,-99.8678,2.79546e-07,85.5166,16.6992,94.4834,-163.301,-1480.0,-624.0,-1400.0,-600.0
-1478.0,-624.0,-99.6675,2.7318e-07,85.4162,17.1027,94.5838,-162.897,-1478.0,-624.0,-1400.0,-600.0
-1476.0,-624.0,-99.4629,2.66829e-07,85.3069,17.5256,94.6931,-162.474,-1476.0,-624.0,-1400.0,-600.0
-1474.0,-624.0,-99.254,2.60495e-07,85.1925,17.9691,94.8075,-162.031,-1474.0,-624.0,-1400.0,-600.0
-1472.0,-624.0,-99.0405,2.54179e-07,85.0727,18.4349,94.9273,-161.565,-1472.0,-624.0,-1400.0,-600.0
-1470.0,-624.0,-98.8223,2.47881e-07,84.9472,18.9246,95.0528,-161.075,-1470.0,-624.0,-1400.0,-600.0
-1468.0,-624.0,-98.5992,2.41603e-07,84.8156,19.44,95.1844,-160.56,-1468.0,-624.0,-1400.0,-600.0
-1466.0,-624.0,-98.3713,2.35352e-07,84.6641,19.9831,95.3359,-160.017,-1466.0,-624.0,-1400.0,-600.0
-1464.0,-624.0,-98.139,2.29146e-07,84.4484,20.556,95.5516,-159.444,-1464.0,-624.0,-1400.0,-600.0
-1462.0,-624.0,-97.9013,2.22969e-07,84.2213,21.1613,95.7787,-158.839,-1462.0,-624.0,-1400.0,-600.0
-1460.0,-624.0,-97.6582,2.1682e-07,83.982,21.8014,96.018,-158.199,-1460.0,-624.0,-1400.0,-600.0
-1458.0,-624.0,-97.4094,2.10705e-07,83.7296,22.4794,96.2704,-157.521,-1458.0,-624.0,-1400.0,-600.0
-1456.0,-624.0,-97.1548,2.04624e-07,83.4631,23.1986,96.5369,-156.801,-1456.0,-624.0,-1400.0,-600.0
-1454.0,-624.0,-96.8942,1.98582e-07,83.1815,23.9625,96.8185,-156.038,-1454.0,-624.0,-1400.0,-600.0
-1452.0,-624.0,-96.6275,1.92582e-07,82.8835,24.7751,97.1165,-155.225,-1452.0,-624.0,-1400.0,-600.0
-1450.0,-624.0,-96.3545,1.86628e-07,82.5681,25.641,97.4319,-154.359,-1450.0,-624.0,-1400.0,-600.0
-1448.0,-624.0,-96.0751,1.80725e-07,82.2337,26.5651,97.7663,-153.435,-1448.0,-624.0,-1400.0,-600.0
-1446.0,-624.0,-95.7892,1.74878e-07,81.8792,27.5528,98.1208,-152.447,-1446.0,-624.0,-1400.0,-600.0
-1444.0,-624.0,-95.4967,1.69092e-07,81.5028,28.6105,98.4972,-151.39,-1444.0,-624.0,-1400.0,-600.0
-1442.0,-624.0,-95.1977,1.63375e-07,81.1032,29.7449,98.8968,-150.255,-1442.0,-624.0,-1400.0,-600.0
-1440.0,-624.0,-94.8922,1.57733e-07,80.6786,30.9638,99.3214,-149.036,-1440.0,-624.0,-1400.0,-600.0
-1438.0,-624.0,-94.5804,1.52175e-07,80.2273,32.2756,99.7727,-147.724,-1438.0,-624.0,-1400.0,-600.0
-1436.0,-624.0,-94.2626,1.46711e-07,79.7478,33.6901,100.252,-146.31,-1436.0,-624.0,-1400.0,-600.0
-1434.0,-624.0,-93.9391,1.41351e-07,79.2384,35.2176,100.762,-144.782,-1434.0,-624.0,-1400.0,-600.0
-1432.0,-624.0,-93.6106,1.36108e-07,78.6977,36.8699,101.302,-143.13,-1432.0,-624.0,-1400.0,-600.0
-1430.0,-624.0,-93.2779,1.30996e-07,78.1246,38.6598,101.875,-141.34,-1430.0,-624.0,-1400.0,-600.0
-1428.0,-624.0,-92.942,1.26031e-07,77.5184,40.6013,102.482,-139.399,-1428.0,-624.0,-1400.0,-600.0
-1426.0,-624.0,-92.6045,1.2123e-07,76.879,42.7094,103.121,-137.291,-1426.0,-624.0,-1400.0,-600.0
-1424.0,-624.0,-92.2672,1.16615e-07,76.2074,45.0,103.793,-135.0,-1424.0,-624.0,-1400.0,-600.0
-1422.0,-624.0,-91.9323,1.12207e-07,75.5057,47.4896,104.494,-132.51,-1422.0,-624.0,-1400.0,-600.0
-1420.0,-624.0,-91.6029,1.08033e-07,74.7779,50.1944,105.222,-129.806,-1420.0,-624.0,-1400.0,-600.0
-1418.0,-624.0,-91.2823,1.0412e-07,74.03,53.1301,105.97,-126.87,-1418.0,-624.0,-1400.0,-600.0
-1416.0,-624.0,-90.9747,1.00499e-07,73.2708,56.3099,106.729,-123.69,-1416.0,-624.0,-1400.0,-600.0
-1414.0,-624.0,-90.6849,9.72032e-08,72.5119,59.7436,107.488,-120.256,-1414.0,-624.0,-1400.0,-600.0
-1412.0,-624.0,-90.4183,9.42658e-08,71.7684,63.4349,108.232,-116.565,-1412.0,-624.0,-1400.0,-600.0
-1410.0,-624.0,-90.1805,9.17216e-08,71.0582,67.3801,108.942,-112.62,-1410.0,-624.0,-1400.0,-600.0
-1408.0,-624.0,-89.9776,8.96041e-08,70.4017,71.5651,109.598,-108.435,-1408.0,-624.0,-1400.0,-600.0
-1406.0,-624.0,-89.8151,8.7944e-08,69.8208,75.9638,110.179,-104.036,-1406.0,-624.0,-1400.0,-600.0
-1404.0,-624.0,-174.832,1.56632e-06,95.7499,-24.9437,91.3638,-13.7653,-1335.91,-615.702,-1389.47,-630.756
-1402.0,-624.0,-174.636,1.56028e-06,95.7585,-25.1418,91.3795,-13.7653,-1335.91,-615.702,-1387.55,-630.783
-1400.0,-624.0,-182.491,1.58014e-06,95.6489,-27.8794,91.3723,-15.5937,-1342.83,-615.957,-1385.65,-631.591
-1398.0,-624.0,-169.693,1.11761e-06,96.1807,-29.1571,91.9549,-7.72819,-1239.86,-621.732,-1385.77,-630.821
-1396.0,-624.0,-170.106,1.1118e-06,96.1828,-29.7088,91.9797,-7.72819,-1239.86,-621.732,-1383.88,-630.915
-1394.0,-624.0,-170.809,1.10602e-06,96.1838,-30.2797,92.0046,-7.72819,-1239.86,-621.732,-1381.99,-631.013
-1392.0,-624.0,-172.114,1.10028e-06,96.1837,-30.8707,92.0298,-7.72819,-1239.86,-621.732,-1380.1,-631.115
-1390.0,-624.0,-122.879,2.72568e-07,97.5805,98.6357,98.2798,-80.7088,-1397.02,-618.24,-1391.08,-616.909
-1388.0,-624.0,-121.372,2.73604e-07,97.4921,100.029,98.3078,-79.31,-1396.56,-618.221,-1389.25,-616.909
-1386.0,-624.0,-120.168,2.74799e-07,97.4001,101.411,98.3308,-77.9224,-1396.11,-618.202,-1387.43,-616.909
-1384.0,-624.0,-119.285,2.7615e-07,97.3048,102.78,98.3489,-76.5474,-1395.65,-618.183,-1385.61,-616.909
-1382.0,-624.0,-118.709,2.77655e-07,97.2064,104.133,98.362,-75.1864,-1395.2,-618.164,-1383.79,-616.909
-1380.0,-624.0,-118.434,2.79312e-07,97.1052,105.471,98.3705,-73.8408,-1394.74,-618.145,-1381.96,-616.909
-1378.0,-624.0,-118.501,2.81117e-07,97.0015,106.792,98.3743,-72.5117,-1394.29,-618.126,-1380.14,-616.909
-1376.0,-624.0,-119.06,2.83069e-07,96.8955,108.095,98.3738,-71.2003,-1393.84,-618.106,-1378.32,-616.909
-1374.0,-624.0,-116.43,2.85226e-07,90.9625,108.976,99.5247,-69.9014,-1393.38,-618.087,-1380.6,-604.795
-1372.0,-624.0,-121.425,2.8746e-07,90.8988,110.234,99.5069,-68.6244,-1392.93,-618.068,-1379.08,-604.795
-1370.0,-624.0,-127.939,1.81885e-07,100.635,125.963,103.447,58.3808,-1393.92,-590.124,-1372.95,-619.932
-1368.0,-624.0,-124.856,2.92343e-07,90.8734,112.69,99.5587,-66.1353,-1392.02,-618.03,-1376.52,-603.616
-1366.0,-624.0,-117.572,2.94981e-07,90.8656,113.886,99.5826,-64.9227,-1391.57,-618.011,-1375.31,-602.984
-1364.0,-624.0,-114.427,2.97746e-07,90.8576,115.06,99.6021,-63.7319,-1391.12,-617.992,-1374.12,-602.366
-1362.0,-624.0,-113.214,3.00633e-07,90.8493,116.213,99.6172,-62.5633,-1390.67,-617.973,-1372.95,-601.76
-1360.0,-624.0,-113.097,3.03646e-07,90.9159,117.343,99.7032,-61.4186,-1390.22,-617.954,-1372.23,-600.348
-1358.0,-624.0,-115.839,3.06301e-07,95.6226,117.135,97.6578,-60.1441,-1389.71,-617.932,-1361.88,-616.425
-1356.0,-624.0,-116.625,3.09442e-07,95.6702,118.24,97.4743,-59.0491,-1389.26,-617.913,-1360.07,-616.425
-1354.0,-624.0,-118.952,3.12695e-07,95.7148,119.323,97.2921,-57.9775,-1388.81,-617.895,-1358.25,-616.425
-1352.0,-624.0,-125.064,3.16057e-07,95.7564,120.383,97.1111,-56.9292,-1388.36,-617.876,-1356.44,-616.425
-1350.0,-624.0,-159.956,4.17328e-07,93.1797,-139.06,97.0621,148.195,-1425.26,-584.337,-1360.15,-632.802
-1348.0,-624.0,-159.708,3.91725e-07,95.2948,152.244,97.5323,148.195,-1425.26,-584.337,-1366.41,-614.313
-1346.0,-624.0,-159.658,3.97648e-07,95.2748,152.841,97.62,148.195,-1425.26,-584.337,-1363.49,-615.026
-1344.0,-624.0,-158.532,3.13177e-07,44.0701,151.522,115.816,-49.2826,-1385.21,-617.186,-1357.67,-616.582
-1342.0,-624.0,-155.929,2.90518e-07,93.5497,-128.176,122.099,40.314,-1388.15,-589.947,-1348.56,-632.349
-1340.0,-624.0,-150.548,2.947e-07,93.5088,-129.206,121.538,39.3327,-1387.72,-589.934,-1346.75,-632.278
-1338.0,-624.0,0.0,0.0,0.0,0.0,0.0,0.0,0.0,0.0,0.0,0.0
-1336.0,-624.0,0.0,0.0,0.0,0.0,0.0,0.0,0.0,0.0,0.0,0.0
-1334.0,-624.0,0.0,0.0,0.0,0.0,0.0,0.0,0.0,0.0,0.0,0.0
-1332.0,-624.0,0.0,0.0,0.0,0.0,0.0,0.0,0.0,0.0,0.0,0.0
-1330.0,-624.0,0.0,0.0,0.0,0.0,0.0,0.0,0.0,0.0,0.0,0.0
-1328.0,-624.0,0.0,0.0,0.0,0.0,0.0,0.0,0.0,0.0,0.0,0.0
-1326.0,-624.0,0.0,0.0,0.0,0.0,0.0,0.0,0.0,0.0,0.0,0.0
-1324.0,-624.0,0.0,0.0,0.0,0.0,0.0,0.0,0.0,0.0,0.0,0.0
-1322.0,-624.0,0.0,0.0,0.0,0.0,0.0,0.0,0.0,0.0,0.0,0.0
-1320.0,-624.0,-166.545,9.33569e-07,91.3373,-169.249,92.6633,-7.68508,-1239.86,-621.609,-1338.28,-627.47
-1318.0,-624.0,-166.567,9.40124e-07,91.3361,-169.326,92.6034,-7.63758,-1239.86,-621.474,-1338.27,-627.82
-1316.0,-624.0,0.0,0.0,0.0,0.0,0.0,0.0,0.0,0.0,0.0,0.0
-1314.0,-624.0,0.0,0.0,0.0,0.0,0.0,0.0,0.0,0.0,0.0,0.0
-1312.0,-624.0,0.0,0.0,0.0,0.0,0.0,0.0,0.0,0.0,0.0,0.0
-1310.0,-624.0,0.0,0.0,0.0,0.0,0.0,0.0,0.0,0.0,0.0,0.0
-1308.0,-624.0,-115.832,7.77869e-07,87.7654,10.715,92.2346,14.238,-1356.58,-588.981,-1239.86,-611.106
-1306.0,-624.0,-115.603,7.71329e-07,87.7255,10.8073,92.2745,14.3302,-1356.91,-588.992,-1239.86,-611.374
-1304.0,-624.0,-115.359,7.64792e-07,87.685,10.9011,92.315,14.4241,-1357.24,-589.002,-1239.86,-611.647
-1302.0,-624.0,-115.101,7.58257e-07,87.6437,10.9966,92.3563,14.5195,-1357.57,-589.012,-1239.86,-611.925
-1300.0,-624.0,-108.656,4.76969e-07,86.2186,135.015,93.7814,46.654,-1390.58,-590.022,-1336.08,-587.943
-1298.0,-624.0,-109.165,4.81721e-07,86.2224,135.577,93.7776,46.0917,-1390.39,-590.016,-1334.82,-587.91
-1296.0,-624.0,-106.268,4.44353e-07,85.8678,142.172,94.1322,-35.9924,-1376.1,-617.359,-1342.23,-588.104
-1294.0,-624.0,-106.186,4.49649e-07,85.8805,142.695,94.1195,-35.4695,-1375.66,-617.341,-1341.15,-588.075
-1292.0,-624.0,-106.276,4.54982e-07,85.8934,143.206,94.1066,-34.9589,-1375.22,-617.322,-1340.07,-588.047
-1290.0,-624.0,-106.523,4.60349e-07,85.9062,143.704,94.0938,-34.4601,-1374.79,-617.304,-1338.99,-588.019
-1288.0,-624.0,-106.955,4.65751e-07,85.919,144.192,94.081,-33.9729,-1374.35,-617.285,-1337.91,-587.991
-1286.0,-624.0,-107.648,4.71175e-07,85.9499,144.668,94.0501,-33.4969,-1373.91,-617.267,-1336.84,-587.963
-1284.0,-624.0,-104.235,4.16402e-07,85.4161,159.599,94.5839,23.9054,-1376.52,-589.591,-1376.52,-589.591
-1282.0,-624.0,-104.251,4.22644e-07,85.4839,159.916,94.5161,23.589,-1376.14,-589.58,-1376.14,-589.58
-1280.0,-624.0,-104.294,4.28899e-07,85.5499,160.223,94.4501,23.2819,-1375.76,-589.568,-1375.76,-589.568
-1278.0,-624.0,-104.357,4.35166e-07,85.6141,160.521,94.3859,22.9838,-1375.38,-589.557,-1375.38,-589.557
-1276.0,-624.0,-104.434,4.41454e-07,85.661,160.81,94.339,22.6941,-1375.0,-589.545,-1375.0,-589.545
-1274.0,-624.0,-104.52,4.47765e-07,85.6862,161.092,94.3138,22.4126,-1374.62,-589.533,-1374.62,-589.533
-1272.0,-624.0,-104.614,4.54087e-07,85.7107,161.366,94.2893,22.139,-1374.25,-589.522,-1374.25,-589.522
-1270.0,-624.0,-104.713,4.60419e-07,85.7347,161.632,94.2653,21.8729,-1373.87,-589.51,-1373.87,-589.51
-1268.0,-624.0,-104.817,4.6676e-07,85.758,161.89,94.242,21.614,-1373.5,-589.499,-1373.5,-589.499
-1266.0,-624.0,-104.923,4.73111e-07,85.7809,162.142,94.2191,21.3621,-1373.12,-589.488,-1373.12,-589.488
-1264.0,-624.0,-105.032,4.79471e-07,85.8032,162.388,94.1968,21.1169,-1372.75,-589.476,-1372.75,-589.476
-1262.0,-624.0,-105.143,4.85825e-07,85.8476,162.626,94.1524,20.8782,-1372.38,-589.465,-1372.38,-589.465
-1260.0,-624.0,-105.255,4.92182e-07,85.9013,162.859,94.0987,20.6456,-1372.01,-589.454,-1372.01,-589.454
-1258.0,-624.0,-105.368,4.98547e-07,85.9537,163.086,94.0463,20.419,-1371.64,-589.442,-1371.64,-589.442
-1256.0,-624.0,-105.482,5.0492e-07,86.0049,163.306,93.9951,20.1981,-1371.27,-589.431,-1371.27,-589.431
-1254.0,-624.0,-104.839,4.94951e-07,85.9243,170.665,94.0757,-9.335,-1254.0,-624.0,-1400.0,-600.0
-1252.0,-624.0,-104.954,5.01532e-07,85.9591,170.789,94.0409,-9.21103,-1252.0,-624.0,-1400.0,-600.0
-1250.0,-624.0,-105.067,5.08124e-07,85.9797,170.91,94.0203,-9.09028,-1250.0,-624.0,-1400.0,-600.0
-1248.0,-624.0,-105.18,5.14719e-07,85.9999,171.027,94.0001,-8.97263,-1248.0,-624.0,-1400.0,-600.0
-1246.0,-624.0,-105.291,5.21315e-07,86.0196,171.142,93.9804,-8.85796,-1246.0,-624.0,-1400.0,-600.0
-1244.0,-624.0,-105.4,5.27914e-07,86.0388,171.254,93.9612,-8.74616,-1244.0,-624.0,-1400.0,-600.0
-1242.0,-624.0,-105.509,5.34524e-07,86.0429,171.363,93.9571,-8.63713,-1242.0,-624.0,-1400.0,-600.0
-1240.0,-624.0,-105.616,5.41145e-07,86.0316,171.469,93.9684,-8.53077,-1240.0,-624.0,-1400.0,-600.0
-1238.0,-624.0,0.0,0.0,0.0,0.0,0.0,0.0,0.0,0.0,0.0,0.0
-1236.0,-624.0,0.0,0.0,0.0,0.0,0.0,0.0,0.0,0.0,0.0,0.0
-1234.0,-624.0,0.0,0.0,0.0,0.0,0.0,0.0,0.0,0.0,0.0,0.0
-1232.0,-624.0,0.0,0.0,0.0,0.0,0.0,0.0,0.0,0.0,0.0,0.0
-1230.0,-624.0,-174.479,1.28806e-06,96.935,74.9478,92.0943,-15.5937,-1342.83,-615.957,-1226.66,-611.574
-1228.0,-624.0,-174.566,1.28633e-06,96.9019,75.6456,92.1063,-15.5937,-1342.83,-615.957,-1224.87,-611.777
-1226.0,-624.0,-174.732,1.2847e-06,96.871,76.3475,92.1216,-15.5937,-1342.83,-615.957,-1223.02,-611.718
-1224.0,-624.0,-174.965,1.28314e-06,96.839,77.0535,92.1368,-15.5937,-1342.83,-615.957,-1221.16,-611.658
-1222.0,-624.0,0.0,0.0,0.0,0.0,0.0,0.0,0.0,0.0,0.0,0.0
-1220.0,-624.0,0.0,0.0,0.0,0.0,0.0,0.0,0.0,0.0,0.0,0.0
-1218.0,-624.0,0.0,0.0,0.0,0.0,0.0,0.0,0.0,0.0,0.0,0.0
-1216.0,-624.0,0.0,0.0,0.0,0.0,0.0,0.0,0.0,0.0,0.0,0.0
-1214.0,-624.0,0.0,0.0,0.0,0.0,0.0,0.0,0.0,0.0,0.0,0.0
-1212.0,-624.0,0.0,0.0,0.0,0.0,0.0,0.0,0.0,0.0,0.0,0.0
-1210.0,-624.0,0.0,0.0,0.0,0.0,0.0,0.0,0.0,0.0,0.0,0.0
-1208.0,-624.0,0.0,0.0,0.0,0.0,0.0,0.0,0.0,0.0,0.0,0.0
-1206.0,-624.0,0.0,0.0,0.0,0.0,0.0,0.0,0.0,0.0,0.0,0.0
-1204.0,-624.0,0.0,0.0,0.0,0.0,0.0,0.0,0.0,0.0,0.0,0.0
-1202.0,-624.0,0.0,0.0,0.0,0.0,0.0,0.0,0.0,0.0,0.0,0.0
-1600.0,-622.0,-107.497,6.71634e-07,88.3926,6.2773,91.6074,-173.723,-1600.0,-622.0,-1400.0,-600.0
-1598.0,-622.0,-107.411,6.65003e-07,88.3765,6.34019,91.6235,-173.66,-1598.0,-622.0,-1400.0,-600.0
-1596.0,-622.0,-107.324,6.58374e-07,88.3602,6.40435,91.6398,-173.596,-1596.0,-622.0,-1400.0,-600.0
-1594.0,-622.0,-107.236,6.51745e-07,88.3435,6.46982,91.6565,-173.53,-1594.0,-622.0,-1400.0,-600.0
-1592.0,-622.0,-107.146,6.45117e-07,88.3265,6.53663,91.6735,-173.463,-1592.0,-622.0,-1400.0,-600.0
-1590.0,-622.0,-107.056,6.38491e-07,88.3092,6.60484,91.6908,-173.395,-1590.0,-622.0,-1400.0,-600.0
-1588.0,-622.0,-106.966,6.31865e-07,88.2914,6.67447,91.7086,-173.326,-1588.0,-622.0,-1400.0,-600.0
-1586.0,-622.0,-106.874,6.2524e-07,88.2733,6.74558,91.7267,-173.254,-1586.0,-622.0,-1400.0,-600.0
-1584.0,-622.0,-106.781,6.18627e-07,88.2217,6.81821,91.7783,-173.182,-1584.0,-622.0,-1400.0,-600.0
-1582.0,-622.0,-106.688,6.12032e-07,88.1234,6.89242,91.8766,-173.108,-1582.0,-622.0,-1400.0,-600.0
-1580.0,-622.0,-106.593,6.05439e-07,88.0229,6.96826,91.9771,-173.032,-1580.0,-622.0,-1400.0,-600.0
-1578.0,-622.0,-106.498,5.9885e-07,87.9203,7.04577,92.0797,-172.954,-1578.0,-622.0,-1400.0,-600.0
-1576.0,-622.0,-106.402,5.92263e-07,87.8153,7.12502,92.1847,-172.875,-1576.0,-622.0,-1400.0,-600.0
-1574.0,-622.0,-106.304,5.8568e-07,87.708,7.20606,92.292,-172.794,-1574.0,-622.0,-1400.0,-600.0
-1572.0,-622.0,-106.206,5.791e-07,87.5983,7.28895,92.4017,-172.711,-1572.0,-622.0,-1400.0,-600.0
-1570.0,-622.0,-106.107,5.72524e-07,87.4861,7.37377,92.5139,-172.626,-1570.0,-622.0,-1400.0,-600.0
-1568.0,-622.0,-106.006,5.65939e-07,87.3978,7.46057,92.6022,-172.539,-1568.0,-622.0,-1400.0,-600.0
-1566.0,-622.0,-105.904,5.59355e-07,87.3094,7.54942,92.6906,-172.451,-1566.0,-622.0,-1400.0,-600.0
-1564.0,-622.0,-105.801,5.52775e-07,87.2189,7.64041,92.7811,-172.36,-1564.0,-622.0,-1400.0,-600.0
-1562.0,-622.0,-105.697,5.46197e-07,87.1262,7.7336,92.8738,-172.266,-1562.0,-622.0,-1400.0,-600.0
-1560.0,-622.0,-105.591,5.39623e-07,87.0313,7.82908,92.9687,-172.171,-1560.0,-622.0,-1400.0,-600.0
-1558.0,-622.0,-105.484,5.33051e-07,86.9341,7.92693,93.0659,-172.073,-1558.0,-622.0,-1400.0,-600.0
-1556.0,-622.0,-105.377,5.26482e-07,86.8344,8.02724,93.1656,-171.973,-1556.0,-622.0,-1400.0,-600.0
-1554.0,-622.0,-105.267,5.19917e-07,86.7322,8.1301,93.2678,-171.87,-1554.0,-622.0,-1400.0,-600.0
-1552.0,-622.0,-105.157,5.13355e-07,86.6274,8.23562,93.3726,-171.764,-1552.0,-622.0,-1400.0,-600.0
-1550.0,-622.0,-105.045,5.06797e-07,86.5199,8.34389,93.4801,-171.656,-1550.0,-622.0,-1400.0,-600.0
-1548.0,-622.0,-104.931,5.00243e-07,86.4096,8.45503,93.5904,-171.545,-1548.0,-622.0,-1400.0,-600.0
-1546.0,-622.0,-104.817,4.93689e-07,86.302,8.56914,93.698,-171.431,-1546.0,-622.0,-1400.0,-600.0
-1544.0,-622.0,-104.7,4.87105e-07,86.2519,8.68635,93.7481,-171.314,-1544.0,-622.0,-1400.0,-600.0
-1542.0,-622.0,-104.581,4.80523e-07,86.2005,8.80679,93.7995,-171.193,-1542.0,-622.0,-1400.0,-600.0
-1540.0,-622.0,-104.461,4.73944e-07,86.1477,8.93059,93.8523,-171.069,-1540.0,-622.0,-1400.0,-600.0
-1538.0,-622.0,-104.34,4.67368e-07,86.0934,9.05789,93.9066,-170.942,-1538.0,-622.0,-1400.0,-600.0
-1536.0,-622.0,-104.216,4.6078e-07,86.0632,9.18884,93.9368,-170.811,-1536.0,-622.0,-1400.0,-600.0
-1534.0,-622.0,-104.091,4.5419e-07,86.0416,9.32359,93.9584,-170.676,-1534.0,-622.0,-1400.0,-600.0
-1532.0,-622.0,-103.963,4.47602e-07,86.0194,9.46232,93.9806,-170.538,-1532.0,-622.0,-1400.0,-600.0
-1530.0,-622.0,-103.834,4.41017e-07,85.9965,9.6052,94.0035,-170.395,-1530.0,-622.0,-1400.0,-600.0
-1528.0,-622.0,-103.704,4.34435e-07,85.973,9.75242,94.027,-170.248,-1528.0,-622.0,-1400.0,-600.0
-1526.0,-622.0,-103.571,4.27856e-07,85.9488,9.90418,94.0512,-170.096,-1526.0,-622.0,-1400.0,-600.0
-1524.0,-622.0,-103.436,4.2128e-07,85.9239,10.0607,94.0761,-169.939,-1524.0,-622.0,-1400.0,-600.0
-1522.0,-622.0,-103.299,4.14708e-07,85.8982,10.2222,94.1018,-169.778,-1522.0,-622.0,-1400.0,-600.0
-1520.0,-622.0,-103.16,4.08139e-07,85.8717,10.3889,94.1283,-169.611,-1520.0,-622.0,-1400.0,-600.0
-1518.0,-622.0,-103.019,4.01573e-07,85.8444,10.561,94.1556,-169.439,-1518.0,-622.0,-1400.0,-600.0
-1516.0,-622.0,-102.876,3.95012e-07,85.8162,10.7389,94.1838,-169.261,-1516.0,-622.0,-1400.0,-600.0
-1514.0,-622.0,-102.73,3.88454e-07,85.7871,10.9228,94.2129,-169.077,-1514.0,-622.0,-1400.0,-600.0
-1512.0,-622.0,-102.582,3.81901e-07,85.757,11.113,94.243,-168.887,-1512.0,-622.0,-1400.0,-600.0
-1510.0,-622.0,-102.431,3.75352e-07,85.726,11.3099,94.274,-168.69,-1510.0,-622.0,-1400.0,-600.0
-1508.0,-622.0,-102.278,3.68808e-07,85.6939,11.5138,94.3061,-168.486,-1508.0,-622.0,-1400.0,-600.0
-1506.0,-622.0,-102.123,3.62268e-07,85.6607,11.7251,94.3393,-168.275,-1506.0,-622.0,-1400.0,-600.0
-1504.0,-622.0,-101.964,3.55723e-07,85.6506,11.9442,94.3494,-168.056,-1504.0,-622.0,-1400.0,-600.0
-1502.0,-622.0,-101.802,3.49173e-07,85.6616,12.1715,94.3384,-167.829,-1502.0,-622.0,-1400.0,-600.0
-1500.0,-622.0,-101.638,3.42628e-07,85.673,12.4074,94.327,-167.593,-1500.0,-622.0,-1400.0,-600.0
-1498.0,-622.0,-101.47,3.3609e-07,85.685,12.6526,94.315,-167.347,-1498.0,-622.0,-1400.0,-600.0
-1496.0,-622.0,-101.299,3.29558e-07,85.6975,12.9074,94.3025,-167.093,-1496.0,-622.0,-1400.0,-600.0
-1494.0,-622.0,-101.125,3.23032e-07,85.7107,13.1726,94.2893,-166.827,-1494.0,-622.0,-1400.0,-600.0
-1492.0,-622.0,-100.948,3.16514e-07,85.7244,13.4486,94.2756,-166.551,-1492.0,-622.0,-1400.0,-600.0
-1490.0,-622.0,-100.767,3.10004e-07,85.7368,13.7363,94.2632,-166.264,-1490.0,-622.0,-1400.0,-600.0
-1488.0,-622.0,-100.584,3.03523e-07,85.6989,14.0362,94.3011,-165.964,-1488.0,-622.0,-1400.0,-600.0
-1486.0,-622.0,-100.396,2.9705e-07,85.6595,14.3493,94.3405,-165.651,-1486.0,-622.0,-1400.0,-600.0
-1484.0,-622.0,-100.205,2.90587e-07,85.6185,14.6764,94.3815,-165.324,-1484.0,-622.0,-1400.0,-600.0
-1482.0,-622.0,-100.009,2.84134e-07,85.5758,15.0184,94.4242,-164.982,-1482.0,-622.0,-1400.0,-600.0
-1480.0,-622.0,-99.8104,2.77707e-07,85.4911,15.3763,94.5089,-164.624,-1480.0,-622.0,-1400.0,-600.0
-1478.0,-622.0,-99.6074,2.71298e-07,85.3844,15.7512,94.6156,-164.249,-1478.0,-622.0,-1400.0,-600.0
-1476.0,-622.0,-99.3999,2.64903e-07,85.2727,16.1443,94.7273,-163.856,-1476.0,-622.0,-1400.0,-600.0
-1474.0,-622.0,-99.1878,2.58522e-07,85.1557,16.5571,94.8443,-163.443,-1474.0,-622.0,-1400.0,-600.0
-1472.0,-622.0,-98.971,2.52156e-07,85.0331,16.9908,94.9669,-163.009,-1472.0,-622.0,-1400.0,-600.0
-1470.0,-622.0,-98.7492,2.45806e-07,84.9045,17.4472,95.0955,-162.553,-1470.0,-622.0,-1400.0,-600.0
-1468.0,-622.0,-98.5223,2.39474e-07,84.7694,17.9279,95.2306,-162.072,-1468.0,-622.0,-1400.0,-600.0
-1466.0,-622.0,-98.2902,2.33165e-07,84.6139,18.4349,95.3861,-161.565,-1466.0,-622.0,-1400.0,-600.0
-1464.0,-622.0,-98.0533,2.269e-07,84.3933,18.9704,95.6067,-161.03,-1464.0,-622.0,-1400.0,-600.0
-1462.0,-622.0,-97.8108,2.2066e-07,84.1606,19.5367,95.8394,-160.463,-1462.0,-622.0,-1400.0,-600.0
-1460.0,-622.0,-97.5624,2.14445e-07,83.9151,20.1363,96.0849,-159.864,-1460.0,-622.0,-1400.0,-600.0
-1458.0,-622.0,-97.308,2.0826e-07,83.6557,20.7723,96.3443,-159.228,-1458.0,-622.0,-1400.0,-600.0
-1456.0,-622.0,-97.0472,2.02106e-07,83.3813,21.4477,96.6187,-158.552,-1456.0,-622.0,-1400.0,-600.0
-1454.0,-622.0,-96.7798,1.95986e-07,83.0907,22.1663,96.9093,-157.834,-1454.0,-622.0,-1400.0,-600.0
-1452.0,-622.0,-96.5058,1.89904e-07,82.7827,22.9321,97.2173,-157.068,-1452.0,-622.0,-1400.0,-600.0
-1450.0,-622.0,-96.2248,1.83863e-07,82.4557,23.7495,97.5443,-156.251,-1450.0,-622.0,-1400.0,-600.0
-1448.0,-622.0,-95.9366,1.77868e-07,82.1083,24.6236,97.8917,-155.376,-1448.0,-622.0,-1400.0,-600.0
-1446.0,-622.0,-95.6411,1.71924e-07,81.7387,25.56,98.2613,-154.44,-1446.0,-622.0,-1400.0,-600.0
-1444.0,-622.0,-95.3382,1.66036e-07,81.3453,26.5651,98.6547,-153.435,-1444.0,-622.0,-1400.0,-600.0
-1442.0,-622.0,-95.0276,1.60209e-07,80.9259,27.646,99.0741,-152.354,-1442.0,-622.0,-1400.0,-600.0
-1440.0,-622.0,-94.7095,1.54452e-07,80.4787,28.8108,99.5213,-151.189,-1440.0,-622.0,-1400.0,-600.0
-1438.0,-622.0,-94.3838,1.48772e-07,80.0015,30.0686,99.9985,-149.931,-1438.0,-622.0,-1400.0,-600.0
-1436.0,-622.0,-94.0507,1.43178e-07,79.492,31.4296,100.508,-148.57,-1436.0,-622.0,-1400.0,-600.0
-1434.0,-622.0,-93.7104,1.3768e-07,78.9479,32.9052,101.052,-147.095,-1434.0,-622.0,-1400.0,-600.0
-1432.0,-622.0,-93.3634,1.32292e-07,78.3672,34.5085,101.633,-145.491,-1432.0,-622.0,-1400.0,-600.0
-1430.0,-622.0,-93.0104,1.27026e-07,77.7479,36.2538,102.252,-143.746,-1430.0,-622.0,-1400.0,-600.0
-1428.0,-622.0,-92.6524,1.21899e-07,77.0882,38.1572,102.912,-141.843,-1428.0,-622.0,-1400.0,-600.0
-1426.0,-622.0,-92.2906,1.16929e-07,76.3873,40.2364,103.613,-139.764,-1426.0,-622.0,-1400.0,-600.0
-1424.0,-622.0,-91.9269,1.12137e-07,75.6451,42.5104,104.355,-137.49,-1424.0,-622.0,-1400.0,-600.0
-1422.0,-622.0,-91.5636,1.07546e-07,74.8629,45.0,105.137,-135.0,-1422.0,-622.0,-1400.0,-600.0
-1420.0,-622.0,-91.2037,1.03183e-07,74.0439,47.7263,105.956,-132.274,-1420.0,-622.0,-1400.0,-600.0
-1418.0,-622.0,-90.851,9.90791e-08,73.1941,50.7106,106.806,-129.289,-1418.0,-622.0,-1400.0,-600.0
-1416.0,-622.0,-90.5101,9.5267e-08,72.3226,53.9726,107.677,-126.027,-1416.0,-622.0,-1400.0,-600.0
-1414.0,-622.0,-90.1864,9.17832e-08,71.4428,57.5288,108.557,-122.471,-1414.0,-622.0,-1400.0,-600.0
-1412.0,-622.0,-89.8862,8.86664e-08,70.5724,61.3895,109.428,-118.61,-1412.0,-622.0,-1400.0,-600.0
-1410.0,-622.0,-89.6165,8.59566e-08,69.734,65.556,110.266,-114.444,-1410.0,-622.0,-1400.0,-600.0
-1408.0,-622.0,-89.3846,8.36934e-08,68.9544,70.0169,111.046,-109.983,-1408.0,-622.0,-1400.0,-600.0
-1406.0,-622.0,-89.1978,8.19137e-08,68.2627,74.7449,111.737,-105.255,-1406.0,-622.0,-1400.0,-600.0
-1404.0,-622.0,-174.544,1.56915e-06,95.7324,-25.3663,91.3614,-13.7653,-1335.91,-615.702,-1389.48,-628.883
-1402.0,-622.0,-174.452,1.56312e-06,95.7407,-25.567,91.3769,-13.7653,-1335.91,-615.702,-1387.56,-628.91
-1400.0,-622.0,-174.399,1.55711e-06,95.749,-25.7706,91.3926,-13.7653,-1335.91,-615.702,-1385.63,-628.938
-1398.0,-622.0,-182.503,1.5774e-06,95.6365,-28.5095,91.385,-15.5937,-1342.83,-615.957,-1383.73,-629.748
-1396.0,-622.0,-171.783,1.11514e-06,96.1355,-30.6872,91.9737,-7.72819,-1239.86,-621.732,-1383.92,-629.168
-1394.0,-622.0,-146.701,1.4649e-07,104.915,95.3681,105.314,69.5502,-1396.34,-590.198,-1394.35,-618.317
-1392.0,-622.0,-145.605,1.4722e-07,104.653,98.9134,105.35,69.5502,-1396.34,-590.198,-1392.58,-618.314
-1390.0,-622.0,-144.538,1.48345e-07,104.356,102.393,105.343,69.5502,-1396.34,-590.198,-1390.81,-618.314
-1388.0,-622.0,-144.207,1.49851e-07,104.03,105.782,105.297,69.5502,-1396.34,-590.198,-1389.04,-618.318
-1386.0,-622.0,-147.357,1.51724e-07,103.68,109.064,105.214,69.5502,-1396.34,-590.198,-1387.27,-618.325
-1384.0,-622.0,-119.456,2.697e-07,97.4805,103.096,98.55,-76.2461,-1395.55,-618.179,-1385.61,-615.086
-1382.0,-622.0,-116.609,1.565e-07,102.934,115.198,104.952,69.3978,-1396.31,-590.197,-1383.72,-618.346
-1380.0,-622.0,-117.604,1.59323e-07,102.597,117.424,104.786,67.1316,-1395.86,-590.183,-1381.9,-618.346
-1378.0,-622.0,-119.004,2.74784e-07,97.1637,107.197,98.5688,-72.1199,-1394.15,-618.12,-1380.14,-615.086
-1376.0,-622.0,-119.849,2.7678e-07,97.053,108.527,98.5655,-70.7807,-1393.69,-618.1,-1378.32,-615.086
-1374.0,-622.0,-117.695,2.78924e-07,90.9842,109.422,99.5631,-69.4505,-1393.22,-618.081,-1380.25,-604.279
-1372.0,-622.0,-122.835,1.7275e-07,101.222,125.462,103.998,58.9288,-1394.05,-590.128,-1374.6,-618.346
-1370.0,-622.0,-124.371,1.76623e-07,100.956,127.258,103.855,57.0978,-1393.6,-590.114,-1372.95,-618.119
-1368.0,-622.0,-120.867,2.86199e-07,90.8922,113.205,99.5916,-65.6134,-1391.83,-618.022,-1376.11,-603.091
-1366.0,-622.0,-115.594,2.88893e-07,90.8838,114.422,99.6139,-64.3797,-1391.37,-618.002,-1374.88,-602.454
-1364.0,-622.0,-113.507,2.91715e-07,90.8753,115.616,99.6315,-63.1693,-1390.9,-617.983,-1373.67,-601.831
-1362.0,-622.0,-112.908,2.94665e-07,90.9182,116.786,99.6963,-61.9833,-1390.44,-617.963,-1372.77,-600.657
-1360.0,-622.0,-115.933,2.97363e-07,95.7666,116.574,97.915,-60.6645,-1389.92,-617.941,-1363.7,-614.612
-1358.0,-622.0,-116.356,3.0045e-07,95.8152,117.718,97.7248,-59.5306,-1389.46,-617.922,-1361.88,-614.612
-1356.0,-622.0,-117.949,3.03652e-07,95.8605,118.839,97.5356,-58.4212,-1389.0,-617.902,-1360.07,-614.612
-1354.0,-622.0,-165.653,3.59327e-07,49.0665,19.0605,113.262,-39.58,-1379.93,-616.588,-1338.58,-616.671
-1352.0,-622.0,-165.368,3.54219e-07,48.5346,19.7049,113.476,-40.2993,-1380.38,-616.639,-1338.56,-617.187
-1350.0,-622.0,-159.252,3.82752e-07,95.4167,152.815,97.476,148.195,-1425.26,-584.337,-1368.06,-612.725
-1348.0,-622.0,-160.313,4.26784e-07,93.2444,-138.942,97.1208,148.195,-1425.26,-584.337,-1360.41,-632.812
-1346.0,-622.0,-160.411,4.31853e-07,93.2362,-139.699,97.1505,148.195,-1425.26,-584.337,-1358.67,-632.744
-1344.0,-622.0,-160.74,4.36978e-07,93.227,-140.434,97.1774,148.195,-1425.26,-584.337,-1356.92,-632.676
-1342.0,-622.0,-161.368,4.42157e-07,93.2179,-141.146,97.2028,148.195,-1425.26,-584.337,-1355.17,-632.607
-1340.0,-622.0,-154.803,2.99917e-07,93.5717,-128.391,121.979,40.1027,-1388.06,-589.945,-1348.19,-632.334
-1338.0,-622.0,0.0,0.0,0.0,0.0,0.0,0.0,0.0,0.0,0.0,0.0
-1336.0,-622.0,0.0,0.0,0.0,0.0,0.0,0.0,0.0,0.0,0.0,0.0
-1334.0,-622.0,0.0,0.0,0.0,0.0,0.0,0.0,0.0,0.0,0.0,0.0
-1332.0,-622.0,0.0,0.0,0.0,0.0,0.0,0.0,0.0,0.0,0.0,0.0
-1330.0,-622.0,0.0,0.0,0.0,0.0,0.0,0.0,0.0,0.0,0.0,0.0
-1328.0,-622.0,0.0,0.0,0.0,0.0,0.0,0.0,0.0,0.0,0.0,0.0
-1326.0,-622.0,0.0,0.0,0.0,0.0,0.0,0.0,0.0,0.0,0.0,0.0
-1324.0,-622.0,0.0,0.0,0.0,0.0,0.0,0.0,0.0,0.0,0.0,0.0
-1322.0,-622.0,0.0,0.0,0.0,0.0,0.0,0.0,0.0,0.0,0.0,0.0
-1320.0,-622.0,0.0,0.0,0.0,0.0,0.0,0.0,0.0,0.0,0.0,0.0
-1318.0,-622.0,0.0,0.0,0.0,0.0,0.0,0.0,0.0,0.0,0.0,0.0
-1316.0,-622.0,0.0,0.0,0.0,0.0,0.0,0.0,0.0,0.0,0.0,0.0
-1314.0,-622.0,0.0,0.0,0.0,0.0,0.0,0.0,0.0,0.0,0.0,0.0
-1312.0,-622.0,0.0,0.0,0.0,0.0,0.0,0.0,0.0,0.0,0.0,0.0
-1310.0,-622.0,0.0,0.0,0.0,0.0,0.0,0.0,0.0,0.0,0.0,0.0
-1308.0,-622.0,-118.879,7.65824e-07,87.7626,5.49179,92.2374,-5.51023,-1239.86,-615.449,-1239.86,-615.449
-1306.0,-622.0,-118.728,7.59198e-07,87.7218,5.54003,92.2782,-5.55846,-1239.86,-615.585,-1239.86,-615.585
-1304.0,-622.0,-118.572,7.52573e-07,87.6802,5.58912,92.3198,-5.60755,-1239.86,-615.723,-1239.86,-615.723
-1302.0,-622.0,-108.481,4.67505e-07,86.2295,135.015,93.7705,46.6537,-1390.58,-590.022,-1336.08,-587.943
-1300.0,-622.0,-109.005,4.72257e-07,86.2333,135.589,93.7667,46.0801,-1390.39,-590.016,-1334.8,-587.91
-1298.0,-622.0,-106.006,4.34963e-07,85.8726,142.328,94.1274,-35.8368,-1375.97,-617.354,-1341.91,-588.095
-1296.0,-622.0,-105.982,4.40271e-07,85.8857,142.86,94.1143,-35.3046,-1375.52,-617.335,-1340.8,-588.066
-1294.0,-622.0,-106.127,4.45616e-07,85.8988,143.379,94.1012,-34.7852,-1375.07,-617.316,-1339.7,-588.037
-1292.0,-622.0,-106.442,4.50996e-07,85.912,143.886,94.088,-34.2782,-1374.62,-617.297,-1338.59,-588.009
-1290.0,-622.0,-103.827,3.95313e-07,85.294,159.494,94.706,24.0106,-1376.64,-589.595,-1376.64,-589.595
-1288.0,-622.0,-103.833,4.01572e-07,85.3272,159.829,94.6728,23.676,-1376.24,-589.583,-1376.24,-589.583
-1286.0,-622.0,-103.872,4.07845e-07,85.3595,160.153,94.6405,23.3516,-1375.84,-589.571,-1375.84,-589.571
-1284.0,-622.0,-103.935,4.14114e-07,85.4206,160.467,94.5794,23.0371,-1375.45,-589.559,-1375.45,-589.559
-1282.0,-622.0,-104.013,4.20389e-07,85.4892,160.772,94.5108,22.7321,-1375.05,-589.547,-1375.05,-589.547
-1280.0,-622.0,-104.103,4.26677e-07,85.5558,161.068,94.4442,22.4361,-1374.65,-589.534,-1374.65,-589.534
-1278.0,-622.0,-104.201,4.32976e-07,85.6206,161.356,94.3794,22.1487,-1374.26,-589.522,-1374.26,-589.522
-1276.0,-622.0,-104.304,4.39295e-07,85.6679,161.635,94.3321,21.8697,-1373.87,-589.51,-1373.87,-589.51
-1274.0,-622.0,-104.413,4.45637e-07,85.6934,161.906,94.3066,21.5986,-1373.47,-589.498,-1373.47,-589.498
-1272.0,-622.0,-104.525,4.51988e-07,85.7182,162.169,94.2818,21.3351,-1373.08,-589.486,-1373.08,-589.486
-1270.0,-622.0,-104.639,4.58349e-07,85.7424,162.426,94.2576,21.079,-1372.69,-589.474,-1372.69,-589.474
-1268.0,-622.0,-104.756,4.64719e-07,85.7661,162.675,94.2339,20.8299,-1372.3,-589.463,-1372.3,-589.463
-1266.0,-622.0,-104.095,4.54425e-07,85.6344,170.676,94.3656,-9.32359,-1266.0,-622.0,-1400.0,-600.0
-1264.0,-622.0,-104.22,4.61014e-07,85.6618,170.811,94.3382,-9.18884,-1264.0,-622.0,-1400.0,-600.0
-1262.0,-622.0,-104.344,4.67605e-07,85.6884,170.942,94.3116,-9.05789,-1262.0,-622.0,-1400.0,-600.0
-1260.0,-622.0,-104.466,4.7418e-07,85.7454,171.069,94.2546,-8.93059,-1260.0,-622.0,-1400.0,-600.0
-1258.0,-622.0,-104.585,4.80756e-07,85.8037,171.193,94.1963,-8.80679,-1258.0,-622.0,-1400.0,-600.0
-1256.0,-622.0,-104.704,4.87334e-07,85.8605,171.314,94.1395,-8.68635,-1256.0,-622.0,-1400.0,-600.0
-1254.0,-622.0,-104.821,4.93915e-07,85.9157,171.431,94.0843,-8.56914,-1254.0,-622.0,-1400.0,-600.0
-1252.0,-622.0,-104.936,5.0051e-07,85.9508,171.545,94.0492,-8.45503,-1252.0,-622.0,-1400.0,-600.0
-1250.0,-622.0,-105.05,5.07115e-07,85.9717,171.656,94.0283,-8.34389,-1250.0,-622.0,-1400.0,-600.0
-1248.0,-622.0,-105.163,5.13723e-07,85.9921,171.764,94.0079,-8.23562,-1248.0,-622.0,-1400.0,-600.0
-1246.0,-622.0,-105.274,5.20332e-07,86.012,171.87,93.988,-8.1301,-1246.0,-622.0,-1400.0,-600.0
-1244.0,-622.0,-105.384,5.26947e-07,86.0238,171.973,93.9762,-8.02724,-1244.0,-622.0,-1400.0,-600.0
-1242.0,-622.0,-105.493,5.33579e-07,86.0127,172.073,93.9873,-7.92693,-1242.0,-622.0,-1400.0,-600.0
-1240.0,-622.0,-105.601,5.40213e-07,86.0018,172.171,93.9982,-7.82908,-1240.0,-622.0,-1400.0,-600.0
-1238.0,-622.0,0.0,0.0,0.0,0.0,0.0,0.0,0.0,0.0,0.0,0.0
-1236.0,-622.0,0.0,0.0,0.0,0.0,0.0,0.0,0.0,0.0,0.0,0.0
-1234.0,-622.0,0.0,0.0,0.0,0.0,0.0,0.0,0.0,0.0,0.0,0.0
-1232.0,-622.0,0.0,0.0,0.0,0.0,0.0,0.0,0.0,0.0,0.0,0.0
-1230.0,-622.0,0.0,0.0,0.0,0.0,0.0,0.0,0.0,0.0,0.0,0.0
-1228.0,-622.0,0.0,0.0,0.0,0.0,0.0,0.0,0.0,0.0,0.0,0.0
-1226.0,-622.0,0.0,0.0,0.0,0.0,0.0,0.0,0.0,0.0,0.0,0.0
-1224.0,-622.0,0.0,0.0,0.0,0.0,0.0,0.0,0.0,0.0,0.0,0.0
-1222.0,-622.0,0.0,0.0,0.0,0.0,0.0,0.0,0.0,0.0,0.0,0.0
-1220.0,-622.0,0.0,0.0,0.0,0.0,0.0,0.0,0.0,0.0,0.0,0.0
-1218.0,-622.0,0.0,0.0,0.0,0.0,0.0,0.0,0.0,0.0,0.0,0.0
-1216.0,-622.0,0.0,0.0,0.0,0.0,0.0,0.0,0.0,0.0,0.0,0.0
-1214.0,-622.0,0.0,0.0,0.0,0.0,0.0,0.0,0.0,0.0,0.0,0.0
-1212.0,-622.0,0.0,0.0,0.0,0.0,0.0,0.0,0.0,0.0,0.0,0.0
-1210.0,-622.0,0.0,0.0,0.0,0.0,0.0,0.0,0.0,0.0,0.0,0.0
-1208.0,-622.0,0.0,0.0,0.0,0.0,0.0,0.0,0.0,0.0,0.0,0.0
-1206.0,-622.0,0.0,0.0,0.0,0.0,0.0,0.0,0.0,0.0,0.0,0.0
-1204.0,-622.0,0.0,0.0,0.0,0.0,0.0,0.0,0.0,0.0,0.0,0.0
-1202.0,-622.0,0.0,0.0,0.0,0.0,0.0,0.0,0.0,0.0,0.0,0.0
-1600.0,-620.0,-107.488,6.70919e-07,88.4462,5.71059,91.5538,-174.289,-1600.0,-620.0,-1400.0,-600.0
-1598.0,-620.0,-107.402,6.64282e-07,88.4306,5.76789,91.5694,-174.232,-1598.0,-620.0,-1400.0,-600.0
-1596.0,-620.0,-107.314,6.57645e-07,88.4148,5.82634,91.5852,-174.174,-1596.0,-620.0,-1400.0,-600.0
-1594.0,-620.0,-107.226,6.51009e-07,88.3987,5.88599,91.6013,-174.114,-1594.0,-620.0,-1400.0,-600.0
-1592.0,-620.0,-107.136,6.44373e-07,88.3822,5.94686,91.6178,-174.053,-1592.0,-620.0,-1400.0,-600.0
-1590.0,-620.0,-107.046,6.37739e-07,88.3654,6.00901,91.6346,-173.991,-1590.0,-620.0,-1400.0,-600.0
-1588.0,-620.0,-106.955,6.31105e-07,88.3482,6.07246,91.6518,-173.928,-1588.0,-620.0,-1400.0,-600.0
-1586.0,-620.0,-106.863,6.24473e-07,88.3306,6.13726,91.6694,-173.863,-1586.0,-620.0,-1400.0,-600.0
-1584.0,-620.0,-106.77,6.17851e-07,88.2795,6.20345,91.7205,-173.797,-1584.0,-620.0,-1400.0,-600.0
-1582.0,-620.0,-106.677,6.11247e-07,88.1817,6.27108,91.8183,-173.729,-1582.0,-620.0,-1400.0,-600.0
-1580.0,-620.0,-106.582,6.04645e-07,88.0817,6.34019,91.9183,-173.66,-1580.0,-620.0,-1400.0,-600.0
-1578.0,-620.0,-106.486,5.98045e-07,87.9796,6.41084,92.0204,-173.589,-1578.0,-620.0,-1400.0,-600.0
-1576.0,-620.0,-106.39,5.91449e-07,87.8751,6.48307,92.1249,-173.517,-1576.0,-620.0,-1400.0,-600.0
-1574.0,-620.0,-106.292,5.84856e-07,87.7683,6.55695,92.2317,-173.443,-1574.0,-620.0,-1400.0,-600.0
-1572.0,-620.0,-106.193,5.78265e-07,87.6591,6.63251,92.3409,-173.367,-1572.0,-620.0,-1400.0,-600.0
-1570.0,-620.0,-106.094,5.71678e-07,87.5473,6.70984,92.4527,-173.29,-1570.0,-620.0,-1400.0,-600.0
-1568.0,-620.0,-105.993,5.65092e-07,87.4378,6.78897,92.5622,-173.211,-1568.0,-620.0,-1400.0,-600.0
-1566.0,-620.0,-105.891,5.58499e-07,87.3496,6.86999,92.6504,-173.13,-1566.0,-620.0,-1400.0,-600.0
-1564.0,-620.0,-105.787,5.51907e-07,87.2594,6.95296,92.7406,-173.047,-1564.0,-620.0,-1400.0,-600.0
-1562.0,-620.0,-105.683,5.45319e-07,87.167,7.03794,92.833,-172.962,-1562.0,-620.0,-1400.0,-600.0
-1560.0,-620.0,-105.577,5.38733e-07,87.0724,7.12502,92.9276,-172.875,-1560.0,-620.0,-1400.0,-600.0
-1558.0,-620.0,-105.47,5.3215e-07,86.9754,7.21426,93.0246,-172.786,-1558.0,-620.0,-1400.0,-600.0
-1556.0,-620.0,-105.361,5.2557e-07,86.876,7.30576,93.124,-172.694,-1556.0,-620.0,-1400.0,-600.0
-1554.0,-620.0,-105.252,5.18993e-07,86.7741,7.39959,93.2259,-172.6,-1554.0,-620.0,-1400.0,-600.0
-1552.0,-620.0,-105.141,5.12418e-07,86.6696,7.49586,93.3304,-172.504,-1552.0,-620.0,-1400.0,-600.0
-1550.0,-620.0,-105.028,5.05848e-07,86.5624,7.59464,93.4376,-172.405,-1550.0,-620.0,-1400.0,-600.0
-1548.0,-620.0,-104.915,4.9928e-07,86.4523,7.69605,93.5477,-172.304,-1548.0,-620.0,-1400.0,-600.0
-1546.0,-620.0,-104.799,4.92716e-07,86.3394,7.80019,93.6606,-172.2,-1546.0,-620.0,-1400.0,-600.0
-1544.0,-620.0,-104.682,4.86144e-07,86.2445,7.90716,93.7555,-172.093,-1544.0,-620.0,-1400.0,-600.0
-1542.0,-620.0,-104.564,4.79549e-07,86.1928,8.01709,93.8072,-171.983,-1542.0,-620.0,-1400.0,-600.0
-1540.0,-620.0,-104.443,4.72957e-07,86.1396,8.1301,93.8604,-171.87,-1540.0,-620.0,-1400.0,-600.0
-1538.0,-620.0,-104.321,4.66366e-07,86.085,8.24632,93.915,-171.754,-1538.0,-620.0,-1400.0,-600.0
-1536.0,-620.0,-104.197,4.59764e-07,86.0545,8.36589,93.9455,-171.634,-1536.0,-620.0,-1400.0,-600.0
-1534.0,-620.0,-104.071,4.53159e-07,86.0326,8.48894,93.9674,-171.511,-1534.0,-620.0,-1400.0,-600.0
-1532.0,-620.0,-103.943,4.46556e-07,86.01,8.61565,93.99,-171.384,-1532.0,-620.0,-1400.0,-600.0
-1530.0,-620.0,-103.813,4.39956e-07,85.9868,8.74616,94.0132,-171.254,-1530.0,-620.0,-1400.0,-600.0
-1528.0,-620.0,-103.682,4.33358e-07,85.963,8.88066,94.037,-171.119,-1528.0,-620.0,-1400.0,-600.0
-1526.0,-620.0,-103.548,4.26762e-07,85.9384,9.01932,94.0616,-170.981,-1526.0,-620.0,-1400.0,-600.0
-1524.0,-620.0,-103.413,4.20169e-07,85.9131,9.16235,94.0869,-170.838,-1524.0,-620.0,-1400.0,-600.0
-1522.0,-620.0,-103.275,4.13579e-07,85.8869,9.30994,94.1131,-170.69,-1522.0,-620.0,-1400.0,-600.0
-1520.0,-620.0,-103.136,4.06991e-07,85.86,9.46232,94.14,-170.538,-1520.0,-620.0,-1400.0,-600.0
-1518.0,-620.0,-102.994,4.00407e-07,85.8322,9.61973,94.1678,-170.38,-1518.0,-620.0,-1400.0,-600.0
-1516.0,-620.0,-102.85,3.93826e-07,85.8036,9.78241,94.1964,-170.218,-1516.0,-620.0,-1400.0,-600.0
-1514.0,-620.0,-102.703,3.87249e-07,85.7739,9.95063,94.2261,-170.049,-1514.0,-620.0,-1400.0,-600.0
-1512.0,-620.0,-102.554,3.80674e-07,85.7433,10.1247,94.2567,-169.875,-1512.0,-620.0,-1400.0,-600.0
-1510.0,-620.0,-102.402,3.74104e-07,85.7117,10.3048,94.2883,-169.695,-1510.0,-620.0,-1400.0,-600.0
-1508.0,-620.0,-102.248,3.67538e-07,85.679,10.4915,94.321,-169.509,-1508.0,-620.0,-1400.0,-600.0
-1506.0,-620.0,-102.091,3.60969e-07,85.6586,10.6849,94.3414,-169.315,-1506.0,-620.0,-1400.0,-600.0
-1504.0,-620.0,-101.931,3.54389e-07,85.6692,10.8855,94.3308,-169.114,-1504.0,-620.0,-1400.0,-600.0
-1502.0,-620.0,-101.768,3.47814e-07,85.6802,11.0937,94.3198,-168.906,-1502.0,-620.0,-1400.0,-600.0
-1500.0,-620.0,-101.603,3.41244e-07,85.6918,11.3099,94.3082,-168.69,-1500.0,-620.0,-1400.0,-600.0
-1498.0,-620.0,-101.434,3.34679e-07,85.7038,11.5346,94.2962,-168.465,-1498.0,-620.0,-1400.0,-600.0
-1496.0,-620.0,-101.261,3.28119e-07,85.7164,11.7683,94.2836,-168.232,-1496.0,-620.0,-1400.0,-600.0
-1494.0,-620.0,-101.086,3.21565e-07,85.7296,12.0115,94.2704,-167.989,-1494.0,-620.0,-1400.0,-600.0
-1492.0,-620.0,-100.907,3.15017e-07,85.7434,12.2648,94.2566,-167.735,-1492.0,-620.0,-1400.0,-600.0
-1490.0,-620.0,-100.724,3.08476e-07,85.7558,12.5288,94.2442,-167.471,-1490.0,-620.0,-1400.0,-600.0
-1488.0,-620.0,-100.539,3.01962e-07,85.7177,12.8043,94.2823,-167.196,-1488.0,-620.0,-1400.0,-600.0
-1486.0,-620.0,-100.349,2.95456e-07,85.678,13.0919,94.322,-166.908,-1486.0,-620.0,-1400.0,-600.0
-1484.0,-620.0,-100.156,2.88957e-07,85.6366,13.3925,94.3634,-166.608,-1484.0,-620.0,-1400.0,-600.0
-1482.0,-620.0,-99.9585,2.82477e-07,85.5674,13.707,94.4326,-166.293,-1482.0,-620.0,-1400.0,-600.0
-1480.0,-620.0,-99.7574,2.76018e-07,85.4634,14.0362,94.5366,-165.964,-1480.0,-620.0,-1400.0,-600.0
-1478.0,-620.0,-99.5518,2.69569e-07,85.3547,14.3814,94.6453,-165.619,-1478.0,-620.0,-1400.0,-600.0
-1476.0,-620.0,-99.3416,2.63132e-07,85.2408,14.7436,94.7592,-165.256,-1476.0,-620.0,-1400.0,-600.0
-1474.0,-620.0,-99.1266,2.56707e-07,85.1214,15.124,94.8786,-164.876,-1474.0,-620.0,-1400.0,-600.0
-1472.0,-620.0,-98.9066,2.50294e-07,84.9961,15.5241,95.0039,-164.476,-1472.0,-620.0,-1400.0,-600.0
-1470.0,-620.0,-98.6814,2.43896e-07,84.8645,15.9454,95.1355,-164.055,-1470.0,-620.0,-1400.0,-600.0
-1468.0,-620.0,-98.4508,2.37513e-07,84.7261,16.3895,95.2739,-163.61,-1468.0,-620.0,-1400.0,-600.0
-1466.0,-620.0,-98.2147,2.31151e-07,84.5668,16.8584,95.4332,-163.142,-1466.0,-620.0,-1400.0,-600.0
-1464.0,-620.0,-97.9736,2.2483e-07,84.3415,17.354,95.6585,-162.646,-1464.0,-620.0,-1400.0,-600.0
-1462.0,-620.0,-97.7265,2.1853e-07,84.1036,17.8787,95.8964,-162.121,-1462.0,-620.0,-1400.0,-600.0
-1460.0,-620.0,-97.4731,2.12253e-07,83.8521,18.4349,96.1479,-161.565,-1460.0,-620.0,-1400.0,-600.0
-1458.0,-620.0,-97.2132,2.06002e-07,83.5859,19.0256,96.4141,-160.974,-1458.0,-620.0,-1400.0,-600.0
-1456.0,-620.0,-96.9465,1.99778e-07,83.3039,19.6538,96.6961,-160.346,-1456.0,-620.0,-1400.0,-600.0
-1454.0,-620.0,-96.6727,1.93585e-07,83.0046,20.3231,96.9954,-159.677,-1454.0,-620.0,-1400.0,-600.0
-1452.0,-620.0,-96.3916,1.87425e-07,82.6867,21.0375,97.3133,-158.962,-1452.0,-620.0,-1400.0,-600.0
-1450.0,-620.0,-96.1028,1.81302e-07,82.3485,21.8014,97.6515,-158.199,-1450.0,-620.0,-1400.0,-600.0
-1448.0,-620.0,-95.8062,1.7522e-07,81.9882,22.6199,98.0118,-157.38,-1448.0,-620.0,-1400.0,-600.0
-1446.0,-620.0,-95.5014,1.69182e-07,81.6039,23.4986,98.3961,-156.501,-1446.0,-620.0,-1400.0,-600.0
-1444.0,-620.0,-95.1881,1.63195e-07,81.1934,24.444,98.8066,-155.556,-1444.0,-620.0,-1400.0,-600.0
-1442.0,-620.0,-94.8663,1.57263e-07,80.7545,25.4633,99.2455,-154.537,-1442.0,-620.0,-1400.0,-600.0
-1440.0,-620.0,-94.5357,1.51394e-07,80.2846,26.5651,99.7154,-153.435,-1440.0,-620.0,-1400.0,-600.0
-1438.0,-620.0,-94.1962,1.45594e-07,79.781,27.7585,100.219,-152.241,-1438.0,-620.0,-1400.0,-600.0
-1436.0,-620.0,-93.8478,1.39873e-07,79.2409,29.0546,100.759,-150.945,-1436.0,-620.0,-1400.0,-600.0
-1434.0,-620.0,-93.4905,1.34241e-07,78.6611,30.4655,101.339,-149.534,-1434.0,-620.0,-1400.0,-600.0
-1432.0,-620.0,-93.1248,1.28709e-07,78.0387,32.0054,101.961,-147.995,-1432.0,-620.0,-1400.0,-600.0
-1430.0,-620.0,-92.751,1.2329e-07,77.3706,33.6901,102.629,-146.31,-1430.0,-620.0,-1400.0,-600.0
-1428.0,-620.0,-92.3699,1.18001e-07,76.6539,35.5377,103.346,-144.462,-1428.0,-620.0,-1400.0,-600.0
-1426.0,-620.0,-91.9827,1.12859e-07,75.8865,37.5686,104.114,-142.431,-1426.0,-620.0,-1400.0,-600.0
-1424.0,-620.0,-91.5911,1.07886e-07,75.0667,39.8056,104.933,-140.194,-1424.0,-620.0,-1400.0,-600.0
-1422.0,-620.0,-91.1973,1.03106e-07,74.1944,42.2737,105.806,-137.726,-1422.0,-620.0,-1400.0,-600.0
-1420.0,-620.0,-90.8043,9.85471e-08,73.2718,45.0,106.728,-135.0,-1420.0,-620.0,-1400.0,-600.0
-1418.0,-620.0,-90.416,9.42414e-08,72.3037,48.0128,107.696,-131.987,-1418.0,-620.0,-1400.0,-600.0
-1416.0,-620.0,-90.0376,9.02251e-08,71.2993,51.3402,108.701,-128.66,-1416.0,-620.0,-1400.0,-600.0
-1414.0,-620.0,-89.6751,8.65385e-08,70.273,55.008,109.727,-124.992,-1414.0,-620.0,-1400.0,-600.0
-1412.0,-620.0,-89.3359,8.32256e-08,69.2458,59.0362,110.754,-120.964,-1412.0,-620.0,-1400.0,-600.0
-1410.0,-620.0,-89.0285,8.03325e-08,68.2457,63.4349,111.754,-116.565,-1410.0,-620.0,-1400.0,-600.0
-1408.0,-620.0,-88.762,7.7906e-08,67.3074,68.1986,112.693,-111.801,-1408.0,-620.0,-1400.0,-600.0
-1406.0,-620.0,-88.5457,7.59909e-08,66.4708,73.3008,113.529,-106.699,-1406.0,-620.0,-1400.0,-600.0
-1404.0,-620.0,0.0,0.0,0.0,0.0,0.0,0.0,0.0,0.0,0.0,0.0
-1402.0,-620.0,-174.443,1.56601e-06,95.7228,-25.9891,91.3744,-13.7653,-1335.91,-615.702,-1387.57,-627.037
-1400.0,-620.0,-174.447,1.56002e-06,95.7308,-26.1951,91.39,-13.7653,-1335.91,-615.702,-1385.64,-627.065
-1398.0,-620.0,-170.992,1.12516e-06,92.321,-24.3686,92.321,-2.76158,-1239.86,-607.725,-1350.5,-641.514
-1396.0,-620.0,-170.609,1.11908e-06,92.3192,-24.6391,92.3192,-2.76158,-1239.86,-607.725,-1350.46,-640.886
-1394.0,-620.0,-96.6696,7.96235e-08,117.598,108.962,119.071,-73.5225,-1394.61,-618.237,-1394.61,-618.237
-1392.0,-620.0,-97.1093,8.16686e-08,116.629,113.921,118.501,-68.407,-1392.78,-618.237,-1392.78,-618.237
-1390.0,-620.0,-97.6492,8.41954e-08,115.557,118.528,117.788,-63.6284,-1390.96,-618.237,-1390.96,-618.237
-1388.0,-620.0,-98.2787,8.71618e-08,114.425,122.765,116.973,-59.2141,-1389.13,-618.237,-1389.13,-618.237
-1386.0,-620.0,-98.9881,9.05248e-08,113.268,126.634,116.093,-55.1703,-1387.31,-618.237,-1387.31,-618.237
-1384.0,-620.0,-99.7685,9.42418e-08,112.114,130.15,115.18,-51.4877,-1385.49,-618.237,-1385.49,-618.237
-1382.0,-620.0,-100.613,9.82727e-08,110.987,133.337,114.26,-48.1464,-1383.66,-618.237,-1383.66,-618.237
-1380.0,-620.0,-101.515,1.0258e-07,109.899,136.222,113.352,-45.1209,-1381.84,-618.237,-1381.84,-618.237
-1378.0,-620.0,-102.472,1.07132e-07,108.861,138.832,112.468,-42.3831,-1380.02,-618.237,-1380.02,-618.237
-1376.0,-620.0,-103.481,1.11897e-07,107.878,141.196,111.617,-39.9047,-1378.19,-618.237,-1378.19,-618.237
-1374.0,-620.0,-104.544,1.1685e-07,106.952,143.34,110.806,-37.6585,-1376.37,-618.237,-1376.37,-618.237
-1372.0,-620.0,-105.663,1.21967e-07,106.083,145.289,110.036,-35.6194,-1374.54,-618.237,-1374.54,-618.237
-1370.0,-620.0,-106.736,1.2729e-07,105.368,147.063,109.407,-33.7696,-1372.89,-618.128,-1372.89,-618.128
-1368.0,-620.0,-117.75,2.80078e-07,90.9117,113.743,99.6251,-65.0685,-1391.63,-618.013,-1375.68,-602.548
-1366.0,-620.0,-114.181,2.82831e-07,90.9028,114.981,99.6456,-63.8134,-1391.15,-617.993,-1374.43,-601.907
-1364.0,-620.0,-112.91,2.85715e-07,90.9205,116.194,99.688,-62.5834,-1390.68,-617.973,-1373.35,-600.986
-1362.0,-620.0,-116.181,2.88458e-07,95.919,115.979,98.1875,-61.2178,-1390.14,-617.951,-1365.51,-612.798
-1360.0,-620.0,-116.281,2.91486e-07,95.9686,117.164,97.99,-60.0423,-1389.67,-617.931,-1363.7,-612.798
-1358.0,-620.0,-129.584,1.97715e-07,103.496,134.774,101.658,46.0429,-1390.37,-590.015,-1361.11,-616.865
-1356.0,-620.0,-138.639,2.02473e-07,103.337,136.151,101.218,44.7411,-1389.91,-590.001,-1359.26,-616.865
-1354.0,-620.0,-138.519,2.07338e-07,103.178,137.464,100.793,43.5035,-1389.45,-589.987,-1357.42,-616.865
-1352.0,-620.0,-165.586,3.7331e-07,101.203,152.528,95.8829,148.195,-1425.26,-584.337,-1357.8,-616.985
-1350.0,-620.0,-165.284,3.79245e-07,101.143,153.158,95.705,148.195,-1425.26,-584.337,-1355.92,-617.006
-1348.0,-620.0,-168.068,4.95322e-07,99.761,153.42,94.2997,85.9366,-1397.78,-568.791,-1355.13,-616.433
-1346.0,-620.0,-160.601,4.36226e-07,93.2705,-138.831,97.1412,148.195,-1425.26,-584.337,-1360.66,-632.822
-1344.0,-620.0,-160.656,4.41285e-07,93.2612,-139.569,97.169,148.195,-1425.26,-584.337,-1358.97,-632.756
-1342.0,-620.0,-160.932,4.464e-07,93.2521,-140.286,97.1953,148.195,-1425.26,-584.337,-1357.28,-632.689
-1340.0,-620.0,-161.44,4.51561e-07,93.2292,-140.981,97.2061,148.195,-1425.26,-584.337,-1355.58,-632.623
-1338.0,-620.0,0.0,0.0,0.0,0.0,0.0,0.0,0.0,0.0,0.0,0.0
-1336.0,-620.0,0.0,0.0,0.0,0.0,0.0,0.0,0.0,0.0,0.0,0.0
-1334.0,-620.0,0.0,0.0,0.0,0.0,0.0,0.0,0.0,0.0,0.0,0.0
-1332.0,-620.0,0.0,0.0,0.0,0.0,0.0,0.0,0.0,0.0,0.0,0.0
-1330.0,-620.0,0.0,0.0,0.0,0.0,0.0,0.0,0.0,0.0,0.0,0.0
-1328.0,-620.0,0.0,0.0,0.0,0.0,0.0,0.0,0.0,0.0,0.0,0.0
-1326.0,-620.0,0.0,0.0,0.0,0.0,0.0,0.0,0.0,0.0,0.0,0.0
-1324.0,-620.0,0.0,0.0,0.0,0.0,0.0,0.0,0.0,0.0,0.0,0.0
-1322.0,-620.0,0.0,0.0,0.0,0.0,0.0,0.0,0.0,0.0,0.0,0.0
-1320.0,-620.0,0.0,0.0,0.0,0.0,0.0,0.0,0.0,0.0,0.0,0.0
-1318.0,-620.0,0.0,0.0,0.0,0.0,0.0,0.0,0.0,0.0,0.0,0.0
-1316.0,-620.0,0.0,0.0,0.0,0.0,0.0,0.0,0.0,0.0,0.0,0.0
-1314.0,-620.0,0.0,0.0,0.0,0.0,0.0,0.0,0.0,0.0,0.0,0.0
-1312.0,-620.0,0.0,0.0,0.0,0.0,0.0,0.0,0.0,0.0,0.0,0.0
-1310.0,-620.0,0.0,0.0,0.0,0.0,0.0,0.0,0.0,0.0,0.0,0.0
-1308.0,-620.0,-119.393,7.652e-07,87.7898,4.99402,92.2102,-5.01246,-1239.86,-614.046,-1239.86,-614.046
-1306.0,-620.0,-119.264,7.58566e-07,87.7525,5.03793,92.2475,-5.05637,-1239.86,-614.169,-1239.86,-614.169
-1304.0,-620.0,-108.303,4.58041e-07,86.2409,135.016,93.7591,46.6534,-1390.58,-590.022,-1336.07,-587.943
-1302.0,-620.0,-108.843,4.62793e-07,86.2446,135.601,93.7554,46.0681,-1390.38,-590.016,-1334.77,-587.909
-1300.0,-620.0,-105.757,4.25577e-07,85.8777,142.49,94.1223,-35.6743,-1375.84,-617.348,-1341.58,-588.087
-1298.0,-620.0,-105.79,4.30897e-07,85.8911,143.032,94.1089,-35.1326,-1375.37,-617.328,-1340.44,-588.057
-1296.0,-620.0,-103.405,3.74191e-07,85.2239,159.377,94.7761,24.1278,-1376.78,-589.599,-1376.78,-589.599
-1294.0,-620.0,-103.396,3.80446e-07,85.26,159.732,94.74,23.7726,-1376.36,-589.587,-1376.36,-589.587
-1292.0,-620.0,-103.43,3.86715e-07,85.2952,160.076,94.7048,23.4289,-1375.94,-589.574,-1375.94,-589.574
-1290.0,-620.0,-103.491,3.92997e-07,85.3294,160.408,94.6706,23.0963,-1375.52,-589.561,-1375.52,-589.561
-1288.0,-620.0,-103.572,3.99293e-07,85.3626,160.73,94.6374,22.7741,-1375.1,-589.548,-1375.1,-589.548
-1286.0,-620.0,-103.665,4.05601e-07,85.395,161.042,94.605,22.462,-1374.69,-589.535,-1374.69,-589.535
-1284.0,-620.0,-103.768,4.1192e-07,85.4265,161.345,94.5735,22.1595,-1374.27,-589.523,-1374.27,-589.523
-1282.0,-620.0,-103.876,4.18229e-07,85.4955,161.638,94.5045,21.8662,-1373.86,-589.51,-1373.86,-589.51
-1280.0,-620.0,-103.99,4.24548e-07,85.5627,161.923,94.4373,21.5816,-1373.45,-589.498,-1373.45,-589.498
-1278.0,-620.0,-103.28,4.13819e-07,85.4474,170.69,94.5526,-9.30994,-1278.0,-620.0,-1400.0,-600.0
-1276.0,-620.0,-103.418,4.20395e-07,85.5023,170.838,94.4977,-9.16235,-1276.0,-620.0,-1400.0,-600.0
-1274.0,-620.0,-103.553,4.26987e-07,85.5339,170.981,94.4661,-9.01932,-1274.0,-620.0,-1400.0,-600.0
-1272.0,-620.0,-103.686,4.33581e-07,85.5647,171.119,94.4353,-8.88066,-1272.0,-620.0,-1400.0,-600.0
-1270.0,-620.0,-103.818,4.40178e-07,85.5945,171.254,94.4055,-8.74616,-1270.0,-620.0,-1400.0,-600.0
-1268.0,-620.0,-103.947,4.46777e-07,85.6235,171.384,94.3765,-8.61565,-1268.0,-620.0,-1400.0,-600.0
-1266.0,-620.0,-104.075,4.53378e-07,85.6516,171.511,94.3484,-8.48894,-1266.0,-620.0,-1400.0,-600.0
-1264.0,-620.0,-104.201,4.59982e-07,85.679,171.634,94.321,-8.36589,-1264.0,-620.0,-1400.0,-600.0
-1262.0,-620.0,-104.325,4.66588e-07,85.7056,171.754,94.2944,-8.24632,-1262.0,-620.0,-1400.0,-600.0
-1260.0,-620.0,-104.447,4.73193e-07,85.7365,171.87,94.2635,-8.1301,-1260.0,-620.0,-1400.0,-600.0
-1258.0,-620.0,-104.568,4.79782e-07,85.7952,171.983,94.2048,-8.01709,-1258.0,-620.0,-1400.0,-600.0
-1256.0,-620.0,-104.687,4.86374e-07,85.8523,172.093,94.1477,-7.90716,-1256.0,-620.0,-1400.0,-600.0
-1254.0,-620.0,-104.804,4.92968e-07,85.9079,172.2,94.0921,-7.80019,-1254.0,-620.0,-1400.0,-600.0
-1252.0,-620.0,-104.92,4.99575e-07,85.9432,172.304,94.0568,-7.69605,-1252.0,-620.0,-1400.0,-600.0
-1250.0,-620.0,-105.034,5.06192e-07,85.9644,172.405,94.0356,-7.59464,-1250.0,-620.0,-1400.0,-600.0
-1248.0,-620.0,-105.147,5.12812e-07,85.985,172.504,94.015,-7.49586,-1248.0,-620.0,-1400.0,-600.0
-1246.0,-620.0,-105.259,5.19433e-07,86.0046,172.6,93.9954,-7.39959,-1246.0,-620.0,-1400.0,-600.0
-1244.0,-620.0,-105.37,5.26074e-07,85.9936,172.694,94.0064,-7.30576,-1244.0,-620.0,-1400.0,-600.0
-1242.0,-620.0,-105.479,5.32717e-07,85.9829,172.786,94.0171,-7.21426,-1242.0,-620.0,-1400.0,-600.0
-1240.0,-620.0,-105.587,5.39362e-07,85.9725,172.875,94.0275,-7.12502,-1240.0,-620.0,-1400.0,-600.0
-1238.0,-620.0,0.0,0.0,0.0,0.0,0.0,0.0,0.0,0.0,0.0,0.0
-1236.0,-620.0,0.0,0.0,0.0,0.0,0.0,0.0,0.0,0.0,0.0,0.0
-1234.0,-620.0,0.0,0.0,0.0,0.0,0.0,0.0,0.0,0.0,0.0,0.0
-1232.0,-620.0,0.0,0.0,0.0,0.0,0.0,0.0,0.0,0.0,0.0,0.0
-1230.0,-620.0,0.0,0.0,0.0,0.0,0.0,0.0,0.0,0.0,0.0,0.0
-1228.0,-620.0,0.0,0.0,0.0,0.0,0.0,0.0,0.0,0.0,0.0,0.0
-1226.0,-620.0,0.0,0.0,0.0,0.0,0.0,0.0,0.0,0.0,0.0,0.0
-1224.0,-620.0,0.0,0.0,0.0,0.0,0.0,0.0,0.0,0.0,0.0,0.0
-1222.0,-620.0,0.0,0.0,0.0,0.0,0.0,0.0,0.0,0.0,0.0,0.0
-1220.0,-620.0,0.0,0.0,0.0,0.0,0.0,0.0,0.0,0.0,0.0,0.0
-1218.0,-620.0,0.0,0.0,0.0,0.0,0.0,0.0,0.0,0.0,0.0,0.0
-1216.0,-620.0,0.0,0.0,0.0,0.0,0.0,0.0,0.0,0.0,0.0,0.0
-1214.0,-620.0,0.0,0.0,0.0,0.0,0.0,0.0,0.0,0.0,0.0,0.0
-1212.0,-620.0,0.0,0.0,0.0,0.0,0.0,0.0,0.0,0.0,0.0,0.0
-1210.0,-620.0,0.0,0.0,0.0,0.0,0.0,0.0,0.0,0.0,0.0,0.0
-1208.0,-620.0,0.0,0.0,0.0,0.0,0.0,0.0,0.0,0.0,0.0,0.0
-1206.0,-620.0,0.0,0.0,0.0,0.0,0.0,0.0,0.0,0.0,0.0,0.0
-1204.0,-620.0,0.0,0.0,0.0,0.0,0.0,0.0,0.0,0.0,0.0,0.0
-1202.0,-620.0,0.0,0.0,0.0,0.0,0.0,0.0,0.0,0.0,0.0,0.0
-1600.0,-618.0,-107.48,6.70271e-07,88.5,5.14276,91.5,-174.857,-1600.0,-618.0,-1400.0,-600.0
-1598.0,-618.0,-107.393,6.63627e-07,88.485,5.19443,91.515,-174.806,-1598.0,-618.0,-1400.0,-600.0
-1596.0,-618.0,-107.305,6.56984e-07,88.4697,5.24714,91.5303,-174.753,-1596.0,-618.0,-1400.0,-600.0
-1594.0,-618.0,-107.217,6.50341e-07,88.4541,5.30093,91.5459,-174.699,-1594.0,-618.0,-1400.0,-600.0
-1592.0,-618.0,-107.127,6.43699e-07,88.4381,5.35583,91.5619,-174.644,-1592.0,-618.0,-1400.0,-600.0
-1590.0,-618.0,-107.037,6.37057e-07,88.4219,5.41187,91.5781,-174.588,-1590.0,-618.0,-1400.0,-600.0
-1588.0,-618.0,-106.946,6.30416e-07,88.4052,5.46909,91.5948,-174.531,-1588.0,-618.0,-1400.0,-600.0
-1586.0,-618.0,-106.853,6.23776e-07,88.3883,5.52754,91.6117,-174.472,-1586.0,-618.0,-1400.0,-600.0
-1584.0,-618.0,-106.76,6.17147e-07,88.3377,5.58724,91.6623,-174.413,-1584.0,-618.0,-1400.0,-600.0
-1582.0,-618.0,-106.666,6.10534e-07,88.2404,5.64825,91.7596,-174.352,-1582.0,-618.0,-1400.0,-600.0
-1580.0,-618.0,-106.572,6.03923e-07,88.1409,5.71059,91.8591,-174.289,-1580.0,-618.0,-1400.0,-600.0
-1578.0,-618.0,-106.476,5.97315e-07,88.0392,5.77433,91.9608,-174.226,-1578.0,-618.0,-1400.0,-600.0
-1576.0,-618.0,-106.379,5.9071e-07,87.9353,5.83949,92.0647,-174.161,-1576.0,-618.0,-1400.0,-600.0
-1574.0,-618.0,-106.281,5.84107e-07,87.829,5.90614,92.171,-174.094,-1574.0,-618.0,-1400.0,-600.0
-1572.0,-618.0,-106.182,5.77507e-07,87.7203,5.97432,92.2797,-174.026,-1572.0,-618.0,-1400.0,-600.0
-1570.0,-618.0,-106.082,5.7091e-07,87.6091,6.04409,92.3909,-173.956,-1570.0,-618.0,-1400.0,-600.0
-1568.0,-618.0,-105.981,5.64316e-07,87.4953,6.1155,92.5047,-173.884,-1568.0,-618.0,-1400.0,-600.0
-1566.0,-618.0,-105.878,5.57721e-07,87.3903,6.18862,92.6097,-173.811,-1566.0,-618.0,-1400.0,-600.0
-1564.0,-618.0,-105.775,5.5112e-07,87.3004,6.26349,92.6996,-173.737,-1564.0,-618.0,-1400.0,-600.0
-1562.0,-618.0,-105.67,5.44521e-07,87.2084,6.34019,92.7916,-173.66,-1562.0,-618.0,-1400.0,-600.0
-1560.0,-618.0,-105.564,5.37925e-07,87.114,6.41879,92.886,-173.581,-1560.0,-618.0,-1400.0,-600.0
-1558.0,-618.0,-105.456,5.31332e-07,87.0174,6.49935,92.9826,-173.501,-1558.0,-618.0,-1400.0,-600.0
-1556.0,-618.0,-105.348,5.24741e-07,86.9183,6.58194,93.0817,-173.418,-1556.0,-618.0,-1400.0,-600.0
-1554.0,-618.0,-105.238,5.18153e-07,86.8167,6.66666,93.1833,-173.333,-1554.0,-618.0,-1400.0,-600.0
-1552.0,-618.0,-105.126,5.11567e-07,86.7125,6.75357,93.2875,-173.246,-1552.0,-618.0,-1400.0,-600.0
-1550.0,-618.0,-105.014,5.04985e-07,86.6055,6.84277,93.3945,-173.157,-1550.0,-618.0,-1400.0,-600.0
-1548.0,-618.0,-104.899,4.98405e-07,86.4958,6.93435,93.5042,-173.066,-1548.0,-618.0,-1400.0,-600.0
-1546.0,-618.0,-104.784,4.91829e-07,86.3831,7.0284,93.6169,-172.972,-1546.0,-618.0,-1400.0,-600.0
-1544.0,-618.0,-104.667,4.85256e-07,86.2674,7.12502,93.7326,-172.875,-1544.0,-618.0,-1400.0,-600.0
-1542.0,-618.0,-104.548,4.78666e-07,86.1858,7.22432,93.8142,-172.776,-1542.0,-618.0,-1400.0,-600.0
-1540.0,-618.0,-104.427,4.72061e-07,86.1323,7.32641,93.8677,-172.674,-1540.0,-618.0,-1400.0,-600.0
-1538.0,-618.0,-104.304,4.65458e-07,86.0774,7.43141,93.9226,-172.569,-1538.0,-618.0,-1400.0,-600.0
-1536.0,-618.0,-104.179,4.58843e-07,86.0465,7.53945,93.9535,-172.461,-1536.0,-618.0,-1400.0,-600.0
-1534.0,-618.0,-104.053,4.52225e-07,86.0243,7.65065,93.9757,-172.349,-1534.0,-618.0,-1400.0,-600.0
-1532.0,-618.0,-103.925,4.45608e-07,86.0015,7.76517,93.9985,-172.235,-1532.0,-618.0,-1400.0,-600.0
-1530.0,-618.0,-103.794,4.38993e-07,85.978,7.88314,94.022,-172.117,-1530.0,-618.0,-1400.0,-600.0
-1528.0,-618.0,-103.662,4.3238e-07,85.9538,8.00473,94.0462,-171.995,-1528.0,-618.0,-1400.0,-600.0
-1526.0,-618.0,-103.528,4.25769e-07,85.9289,8.1301,94.0711,-171.87,-1526.0,-618.0,-1400.0,-600.0
-1524.0,-618.0,-103.392,4.19161e-07,85.9032,8.25944,94.0968,-171.741,-1524.0,-618.0,-1400.0,-600.0
-1522.0,-618.0,-103.254,4.12555e-07,85.8767,8.39293,94.1233,-171.607,-1522.0,-618.0,-1400.0,-600.0
-1520.0,-618.0,-103.113,4.05951e-07,85.8494,8.53077,94.1506,-171.469,-1520.0,-618.0,-1400.0,-600.0
-1518.0,-618.0,-102.971,3.99349e-07,85.8212,8.67317,94.1788,-171.327,-1518.0,-618.0,-1400.0,-600.0
-1516.0,-618.0,-102.826,3.9275e-07,85.792,8.82038,94.208,-171.18,-1516.0,-618.0,-1400.0,-600.0
-1514.0,-618.0,-102.678,3.86154e-07,85.7619,8.97263,94.2381,-171.027,-1514.0,-618.0,-1400.0,-600.0
-1512.0,-618.0,-102.528,3.79561e-07,85.7308,9.13018,94.2692,-170.87,-1512.0,-618.0,-1400.0,-600.0
-1510.0,-618.0,-102.376,3.72971e-07,85.6986,9.29331,94.3014,-170.707,-1510.0,-618.0,-1400.0,-600.0
-1508.0,-618.0,-102.221,3.66383e-07,85.6683,9.46232,94.3317,-170.538,-1508.0,-618.0,-1400.0,-600.0
-1506.0,-618.0,-102.063,3.59778e-07,85.6786,9.63754,94.3214,-170.362,-1506.0,-618.0,-1400.0,-600.0
-1504.0,-618.0,-101.902,3.53177e-07,85.6894,9.8193,94.3106,-170.181,-1504.0,-618.0,-1400.0,-600.0
-1502.0,-618.0,-101.738,3.4658e-07,85.7006,10.008,94.2994,-169.992,-1502.0,-618.0,-1400.0,-600.0
-1500.0,-618.0,-101.57,3.39986e-07,85.7122,10.204,94.2878,-169.796,-1500.0,-618.0,-1400.0,-600.0
-1498.0,-618.0,-101.4,3.33396e-07,85.7244,10.4077,94.2756,-169.592,-1498.0,-618.0,-1400.0,-600.0
-1496.0,-618.0,-101.227,3.26811e-07,85.7372,10.6197,94.2628,-169.38,-1496.0,-618.0,-1400.0,-600.0
-1494.0,-618.0,-101.05,3.20231e-07,85.7505,10.8403,94.2495,-169.16,-1494.0,-618.0,-1400.0,-600.0
-1492.0,-618.0,-100.869,3.13655e-07,85.7644,11.0702,94.2356,-168.93,-1492.0,-618.0,-1400.0,-600.0
-1490.0,-618.0,-100.685,3.07086e-07,85.7769,11.3099,94.2231,-168.69,-1490.0,-618.0,-1400.0,-600.0
-1488.0,-618.0,-100.498,3.00542e-07,85.7387,11.5601,94.2613,-168.44,-1488.0,-618.0,-1400.0,-600.0
-1486.0,-618.0,-100.306,2.94004e-07,85.6988,11.8215,94.3012,-168.179,-1486.0,-618.0,-1400.0,-600.0
-1484.0,-618.0,-100.111,2.87478e-07,85.6446,12.0948,94.3554,-167.905,-1484.0,-618.0,-1400.0,-600.0
-1482.0,-618.0,-99.9122,2.80975e-07,85.5436,12.3808,94.4564,-167.619,-1482.0,-618.0,-1400.0,-600.0
-1480.0,-618.0,-99.7088,2.74481e-07,85.438,12.6804,94.562,-167.32,-1480.0,-618.0,-1400.0,-600.0
-1478.0,-618.0,-99.5008,2.67995e-07,85.3273,12.9946,94.6727,-167.005,-1478.0,-618.0,-1400.0,-600.0
-1476.0,-618.0,-99.2881,2.61519e-07,85.2114,13.3245,94.7886,-166.675,-1476.0,-618.0,-1400.0,-600.0
-1474.0,-618.0,-99.0704,2.55053e-07,85.0897,13.6713,94.9103,-166.329,-1474.0,-618.0,-1400.0,-600.0
-1472.0,-618.0,-98.8475,2.48598e-07,84.9618,14.0362,95.0382,-165.964,-1472.0,-618.0,-1400.0,-600.0
-1470.0,-618.0,-98.6191,2.42155e-07,84.8274,14.4208,95.1726,-165.579,-1470.0,-618.0,-1400.0,-600.0
-1468.0,-618.0,-98.3851,2.35725e-07,84.6859,14.8265,95.3141,-165.174,-1468.0,-618.0,-1400.0,-600.0
-1466.0,-618.0,-98.1453,2.29314e-07,84.5232,15.2551,95.4768,-164.745,-1466.0,-618.0,-1400.0,-600.0
-1464.0,-618.0,-97.9002,2.2294e-07,84.2934,15.7086,95.7066,-164.291,-1464.0,-618.0,-1400.0,-600.0
-1462.0,-618.0,-97.6488,2.16585e-07,84.0504,16.1892,95.9496,-163.811,-1462.0,-618.0,-1400.0,-600.0
-1460.0,-618.0,-97.3907,2.10251e-07,83.7933,16.6992,96.2067,-163.301,-1460.0,-618.0,-1400.0,-600.0
-1458.0,-618.0,-97.1256,2.03938e-07,83.5207,17.2415,96.4793,-162.759,-1458.0,-618.0,-1400.0,-600.0
-1456.0,-618.0,-96.8533,1.97649e-07,83.2314,17.8189,96.7686,-162.181,-1456.0,-618.0,-1400.0,-600.0
-1454.0,-618.0,-96.5734,1.91387e-07,82.9239,18.4349,97.0761,-161.565,-1454.0,-618.0,-1400.0,-600.0
-1452.0,-618.0,-96.2856,1.85154e-07,82.5965,19.0935,97.4035,-160.907,-1452.0,-618.0,-1400.0,-600.0
-1450.0,-618.0,-95.9895,1.78953e-07,82.2475,19.7989,97.7525,-160.201,-1450.0,-618.0,-1400.0,-600.0
-1448.0,-618.0,-95.6847,1.72788e-07,81.8747,20.556,98.1253,-159.444,-1448.0,-618.0,-1400.0,-600.0
-1446.0,-618.0,-95.3709,1.66663e-07,81.476,21.3706,98.524,-158.629,-1446.0,-618.0,-1400.0,-600.0
-1444.0,-618.0,-95.0478,1.60581e-07,81.049,22.249,98.951,-157.751,-1444.0,-618.0,-1400.0,-600.0
-1442.0,-618.0,-94.715,1.5455e-07,80.5907,23.1986,99.4093,-156.801,-1442.0,-618.0,-1400.0,-600.0
-1440.0,-618.0,-94.3722,1.48573e-07,80.0983,24.2277,99.9017,-155.772,-1440.0,-618.0,-1400.0,-600.0
-1438.0,-618.0,-94.0192,1.42659e-07,79.5684,25.3462,100.432,-154.654,-1438.0,-618.0,-1400.0,-600.0
-1436.0,-618.0,-93.6556,1.36815e-07,78.9974,26.5651,101.003,-153.435,-1436.0,-618.0,-1400.0,-600.0
-1434.0,-618.0,-93.2815,1.31051e-07,78.3814,27.8973,101.619,-152.103,-1434.0,-618.0,-1400.0,-600.0
-1432.0,-618.0,-92.8969,1.25379e-07,77.7161,29.3578,102.284,-150.642,-1432.0,-618.0,-1400.0,-600.0
-1430.0,-618.0,-92.5021,1.19809e-07,76.9974,30.9638,103.003,-149.036,-1430.0,-618.0,-1400.0,-600.0
-1428.0,-618.0,-92.0975,1.14359e-07,76.2207,32.7352,103.779,-147.265,-1428.0,-618.0,-1400.0,-600.0
-1426.0,-618.0,-91.684,1.09046e-07,75.3822,34.6952,104.618,-145.305,-1426.0,-618.0,-1400.0,-600.0
-1424.0,-618.0,-91.2631,1.03891e-07,74.4782,36.8699,105.522,-143.13,-1424.0,-618.0,-1400.0,-600.0
-1422.0,-618.0,-90.8369,9.89177e-08,73.5065,39.2894,106.493,-140.711,-1422.0,-618.0,-1400.0,-600.0
-1420.0,-618.0,-90.4082,9.41561e-08,72.467,41.9872,107.533,-138.013,-1420.0,-618.0,-1400.0,-600.0
-1418.0,-618.0,-89.981,8.96397e-08,71.3627,45.0,108.637,-135.0,-1418.0,-618.0,-1400.0,-600.0
-1416.0,-618.0,-89.5607,8.54072e-08,70.2016,48.3665,109.798,-131.634,-1416.0,-618.0,-1400.0,-600.0
-1414.0,-618.0,-89.1542,8.15031e-08,68.9985,52.125,111.001,-127.875,-1414.0,-618.0,-1400.0,-600.0
-1412.0,-618.0,-88.7698,7.79765e-08,67.777,56.3099,112.223,-123.69,-1412.0,-618.0,-1400.0,-600.0
-1410.0,-618.0,-88.4178,7.48809e-08,66.5711,60.9454,113.429,-119.055,-1410.0,-618.0,-1400.0,-600.0
-1408.0,-618.0,-88.1097,7.22716e-08,65.4263,66.0375,114.574,-113.962,-1408.0,-618.0,-1400.0,-600.0
-1406.0,-618.0,-87.8573,7.02029e-08,64.3972,71.5651,115.603,-108.435,-1406.0,-618.0,-1400.0,-600.0
-1404.0,-618.0,-87.6723,6.87237e-08,63.5428,77.4712,116.457,-102.529,-1404.0,-618.0,-1400.0,-600.0
-1402.0,-618.0,-87.564,6.78725e-08,62.9179,83.6598,117.082,-96.3402,-1402.0,-618.0,-1400.0,-600.0
-1400.0,-618.0,-87.5384,6.76729e-08,62.5631,90.0,117.437,-90.0,-1400.0,-618.0,-1400.0,-600.0
-1398.0,-618.0,-87.597,6.81308e-08,62.4961,96.3402,117.504,-83.6598,-1398.0,-618.0,-1400.0,-600.0
-1396.0,-618.0,-87.7364,6.9233e-08,62.708,102.529,117.292,-77.4712,-1396.0,-618.0,-1400.0,-600.0
-1394.0,-618.0,-87.9493,7.09496e-08,63.1663,108.435,116.834,-71.5651,-1394.0,-618.0,-1400.0,-600.0
-1392.0,-618.0,-88.225,7.32374e-08,63.8229,113.962,116.177,-66.0375,-1392.0,-618.0,-1400.0,-600.0
-1390.0,-618.0,-154.83,3.59428e-07,91.4546,-92.3265,101.823,-81.9179,-1397.41,-618.257,-1390.65,-633.994
-1388.0,-618.0,-153.651,3.59753e-07,91.445,-93.3921,101.802,-80.8331,-1397.06,-618.242,-1388.94,-633.927
-1386.0,-618.0,-151.873,3.60203e-07,91.435,-94.4553,101.777,-79.7509,-1396.7,-618.227,-1387.24,-633.86
-1384.0,-618.0,-149.951,3.60776e-07,91.4247,-95.5156,101.747,-78.6719,-1396.35,-618.212,-1385.53,-633.793
-1382.0,-618.0,-148.251,3.61471e-07,91.414,-96.5721,101.714,-77.597,-1396.0,-618.198,-1383.81,-633.726
-1380.0,-618.0,-154.717,3.63165e-07,90.6369,-102.193,99.1047,-82.574,-1397.62,-618.266,-1383.39,-633.71
-1378.0,-618.0,-101.619,1.03107e-07,109.627,141.797,113.396,-39.3972,-1380.02,-616.413,-1380.02,-616.413
-1376.0,-618.0,-102.659,1.0805e-07,108.537,144.106,112.428,-36.9667,-1378.19,-616.413,-1378.19,-616.413
-1374.0,-618.0,-103.747,1.13171e-07,107.52,146.184,111.515,-34.7822,-1376.37,-616.413,-1376.37,-616.413
-1372.0,-618.0,-104.886,1.18447e-07,106.574,148.058,110.658,-32.8138,-1374.54,-616.413,-1374.54,-616.413
-1370.0,-618.0,-105.979,1.23922e-07,105.797,149.755,109.957,-31.0398,-1372.89,-616.315,-1372.89,-616.315
-1368.0,-618.0,-115.511,2.73984e-07,90.9319,114.305,99.6592,-64.4992,-1391.41,-618.004,-1375.23,-601.986
-1366.0,-618.0,-113.184,2.76797e-07,90.9228,115.564,99.678,-63.2221,-1390.92,-617.984,-1373.97,-601.336
-1364.0,-618.0,-116.605,2.79588e-07,96.0803,115.345,98.4765,-61.8071,-1390.37,-617.96,-1367.32,-610.984
-1362.0,-618.0,-121.016,1.83886e-07,104.308,133.238,102.771,47.3549,-1390.82,-590.029,-1364.8,-615.018
-1360.0,-618.0,-163.618,1.92008e-07,104.992,139.996,102.05,69.5502,-1396.34,-590.198,-1363.13,-615.373
-1358.0,-618.0,-192.407,6.71556e-07,100.65,163.562,93.3739,169.301,-1476.53,-585.541,-1365.65,-615.743
-1356.0,-618.0,-192.42,6.77954e-07,100.613,163.817,93.2943,169.301,-1476.53,-585.541,-1363.73,-615.758
-1354.0,-618.0,-190.758,4.95084e-07,92.5653,-128.48,95.8529,129.101,-1425.63,-568.463,-1365.95,-633.028
-1352.0,-618.0,-187.138,4.99295e-07,92.5946,-129.303,95.9328,129.101,-1425.63,-568.463,-1364.25,-632.962
-1350.0,-618.0,-181.744,3.46144e-07,45.345,8.09652,113.557,-40.5737,-1380.55,-616.658,-1338.58,-616.376
-1348.0,-618.0,-185.039,5.07935e-07,92.6521,-130.894,96.0861,129.101,-1425.63,-568.463,-1360.84,-632.829
-1346.0,-618.0,-161.174,4.40673e-07,93.3035,-137.985,97.1309,148.195,-1425.26,-584.337,-1362.53,-632.895
-1344.0,-618.0,-160.883,4.45668e-07,93.2942,-138.726,97.1596,148.195,-1425.26,-584.337,-1360.9,-632.831
-1342.0,-618.0,-160.891,4.50717e-07,93.2794,-139.446,97.181,148.195,-1425.26,-584.337,-1359.26,-632.767
-1340.0,-618.0,-161.055,4.55805e-07,93.2351,-140.146,97.1715,148.195,-1425.26,-584.337,-1357.61,-632.703
-1338.0,-618.0,0.0,0.0,0.0,0.0,0.0,0.0,0.0,0.0,0.0,0.0
-1336.0,-618.0,0.0,0.0,0.0,0.0,0.0,0.0,0.0,0.0,0.0,0.0
-1334.0,-618.0,0.0,0.0,0.0,0.0,0.0,0.0,0.0,0.0,0.0,0.0
-1332.0,-618.0,0.0,0.0,0.0,0.0,0.0,0.0,0.0,0.0,0.0,0.0
-1330.0,-618.0,0.0,0.0,0.0,0.0,0.0,0.0,0.0,0.0,0.0,0.0
-1328.0,-618.0,-175.493,9.72275e-07,95.6064,-70.2139,92.1197,-7.72819,-1239.86,-621.732,-1323.0,-631.892
-1326.0,-618.0,-175.16,9.70127e-07,95.6494,-72.0546,92.1244,-7.72819,-1239.86,-621.732,-1321.48,-631.958
-1324.0,-618.0,-175.547,9.68185e-07,95.689,-73.9342,92.1286,-7.72819,-1239.86,-621.732,-1319.96,-632.019
-1322.0,-618.0,-176.595,9.66454e-07,95.725,-75.85,92.1325,-7.72819,-1239.86,-621.732,-1318.45,-632.074
-1320.0,-618.0,0.0,0.0,0.0,0.0,0.0,0.0,0.0,0.0,0.0,0.0
-1318.0,-618.0,0.0,0.0,0.0,0.0,0.0,0.0,0.0,0.0,0.0,0.0
-1316.0,-618.0,0.0,0.0,0.0,0.0,0.0,0.0,0.0,0.0,0.0,0.0
-1314.0,-618.0,0.0,0.0,0.0,0.0,0.0,0.0,0.0,0.0,0.0,0.0
-1312.0,-618.0,0.0,0.0,0.0,0.0,0.0,0.0,0.0,0.0,0.0,0.0
-1310.0,-618.0,0.0,0.0,0.0,0.0,0.0,0.0,0.0,0.0,0.0,0.0
-1308.0,-618.0,-119.747,7.6464e-07,87.8044,4.4955,92.1956,-4.51393,-1239.86,-612.643,-1239.86,-612.643
-1306.0,-618.0,-108.121,4.48577e-07,86.2528,135.016,93.7472,46.6531,-1390.58,-590.022,-1336.07,-587.943
-1304.0,-618.0,-108.678,4.5333e-07,86.2565,135.613,93.7435,46.0556,-1390.38,-590.015,-1334.74,-587.908
-1302.0,-618.0,-105.52,4.16195e-07,85.8831,142.66,94.1169,-35.5045,-1375.69,-617.342,-1341.22,-588.077
-1300.0,-618.0,-102.94,3.59321e-07,85.185,159.624,94.815,23.8806,-1376.49,-589.591,-1376.49,-589.591
-1298.0,-618.0,-102.964,3.65586e-07,85.2234,159.989,94.7766,23.5152,-1376.05,-589.577,-1376.05,-589.577
-1296.0,-618.0,-103.024,3.71865e-07,85.2607,160.342,94.7393,23.1622,-1375.61,-589.564,-1375.61,-589.564
-1294.0,-618.0,-103.106,3.78158e-07,85.2969,160.684,94.7031,22.8209,-1375.17,-589.55,-1375.17,-589.55
-1292.0,-618.0,-103.203,3.84464e-07,85.3321,161.014,94.6679,22.4908,-1374.73,-589.537,-1374.73,-589.537
-1290.0,-618.0,-102.383,3.73258e-07,85.1483,170.707,94.8517,-9.29331,-1290.0,-618.0,-1400.0,-600.0
-1288.0,-618.0,-102.535,3.79846e-07,85.19,170.87,94.81,-9.13018,-1288.0,-618.0,-1400.0,-600.0
-1286.0,-618.0,-102.685,3.86437e-07,85.2303,171.027,94.7697,-8.97263,-1286.0,-618.0,-1400.0,-600.0
-1284.0,-618.0,-102.832,3.93031e-07,85.2693,171.18,94.7307,-8.82038,-1284.0,-618.0,-1400.0,-600.0
-1282.0,-618.0,-102.977,3.99622e-07,85.3163,171.327,94.6837,-8.67317,-1282.0,-618.0,-1400.0,-600.0
-1280.0,-618.0,-103.119,4.06199e-07,85.3923,171.469,94.6077,-8.53077,-1280.0,-618.0,-1400.0,-600.0
-1278.0,-618.0,-103.259,4.12779e-07,85.4659,171.607,94.5341,-8.39293,-1278.0,-618.0,-1400.0,-600.0
-1276.0,-618.0,-103.396,4.19371e-07,85.5208,171.741,94.4792,-8.25944,-1276.0,-618.0,-1400.0,-600.0
-1274.0,-618.0,-103.532,4.25978e-07,85.5525,171.87,94.4475,-8.1301,-1274.0,-618.0,-1400.0,-600.0
-1272.0,-618.0,-103.666,4.32587e-07,85.5831,171.995,94.4169,-8.00473,-1272.0,-618.0,-1400.0,-600.0
-1270.0,-618.0,-103.798,4.39199e-07,85.6129,172.117,94.3871,-7.88314,-1270.0,-618.0,-1400.0,-600.0
-1268.0,-618.0,-103.929,4.45812e-07,85.6418,172.235,94.3582,-7.76517,-1268.0,-618.0,-1400.0,-600.0
-1266.0,-618.0,-104.057,4.52428e-07,85.6699,172.349,94.3301,-7.65065,-1266.0,-618.0,-1400.0,-600.0
-1264.0,-618.0,-104.183,4.59045e-07,85.6972,172.461,94.3028,-7.53945,-1264.0,-618.0,-1400.0,-600.0
-1262.0,-618.0,-104.308,4.65664e-07,85.7237,172.569,94.2763,-7.43141,-1262.0,-618.0,-1400.0,-600.0
-1260.0,-618.0,-104.431,4.72285e-07,85.7495,172.674,94.2505,-7.32641,-1260.0,-618.0,-1400.0,-600.0
-1258.0,-618.0,-104.552,4.789e-07,85.7874,172.776,94.2126,-7.22432,-1258.0,-618.0,-1400.0,-600.0
-1256.0,-618.0,-104.671,4.85503e-07,85.8448,172.875,94.1552,-7.12502,-1256.0,-618.0,-1400.0,-600.0
-1254.0,-618.0,-104.789,4.92109e-07,85.9007,172.972,94.0993,-7.0284,-1254.0,-618.0,-1400.0,-600.0
-1252.0,-618.0,-104.905,4.98727e-07,85.9363,173.066,94.0637,-6.93435,-1252.0,-618.0,-1400.0,-600.0
-1250.0,-618.0,-105.02,5.05356e-07,85.9577,173.157,94.0423,-6.84277,-1250.0,-618.0,-1400.0,-600.0
-1248.0,-618.0,-105.133,5.11986e-07,85.9785,173.246,94.0215,-6.75357,-1248.0,-618.0,-1400.0,-600.0
-1246.0,-618.0,-105.246,5.18633e-07,85.9746,173.333,94.0254,-6.66666,-1246.0,-618.0,-1400.0,-600.0
-1244.0,-618.0,-105.357,5.25285e-07,85.964,173.418,94.036,-6.58194,-1244.0,-618.0,-1400.0,-600.0
-1242.0,-618.0,-105.466,5.31938e-07,85.9538,173.501,94.0462,-6.49935,-1242.0,-618.0,-1400.0,-600.0
-1240.0,-618.0,-105.575,5.38592e-07,85.9437,173.581,94.0563,-6.41879,-1240.0,-618.0,-1400.0,-600.0
-1238.0,-618.0,0.0,0.0,0.0,0.0,0.0,0.0,0.0,0.0,0.0,0.0
-1236.0,-618.0,0.0,0.0,0.0,0.0,0.0,0.0,0.0,0.0,0.0,0.0
-1234.0,-618.0,0.0,0.0,0.0,0.0,0.0,0.0,0.0,0.0,0.0,0.0
-1232.0,-618.0,0.0,0.0,0.0,0.0,0.0,0.0,0.0,0.0,0.0,0.0
-1230.0,-618.0,0.0,0.0,0.0,0.0,0.0,0.0,0.0,0.0,0.0,0.0
-1228.0,-618.0,0.0,0.0,0.0,0.0,0.0,0.0,0.0,0.0,0.0,0.0
-1226.0,-618.0,0.0,0.0,0.0,0.0,0.0,0.0,0.0,0.0,0.0,0.0
-1224.0,-618.0,0.0,0.0,0.0,0.0,0.0,0.0,0.0,0.0,0.0,0.0
-1222.0,-618.0,0.0,0.0,0.0,0.0,0.0,0.0,0.0,0.0,0.0,0.0
-1220.0,-618.0,0.0,0.0,0.0,0.0,0.0,0.0,0.0,0.0,0.0,0.0
-1218.0,-618.0,0.0,0.0,0.0,0.0,0.0,0.0,0.0,0.0,0.0,0.0
-1216.0,-618.0,0.0,0.0,0.0,0.0,0.0,0.0,0.0,0.0,0.0,0.0
-1214.0,-618.0,0.0,0.0,0.0,0.0,0.0,0.0,0.0,0.0,0.0,0.0
-1212.0,-618.0,0.0,0.0,0.0,0.0,0.0,0.0,0.0,0.0,0.0,0.0
-1210.0,-618.0,0.0,0.0,0.0,0.0,0.0,0.0,0.0,0.0,0.0,0.0
-1208.0,-618.0,0.0,0.0,0.0,0.0,0.0,0.0,0.0,0.0,0.0,0.0
-1206.0,-618.0,0.0,0.0,0.0,0.0,0.0,0.0,0.0,0.0,0.0,0.0
-1204.0,-618.0,0.0,0.0,0.0,0.0,0.0,0.0,0.0,0.0,0.0,0.0
-1202.0,-618.0,0.0,0.0,0.0,0.0,0.0,0.0,0.0,0.0,0.0,0.0
-1600.0,-616.0,-107.472,6.69689e-07,88.5541,4.57392,91.4459,-175.426,-1600.0,-616.0,-1400.0,-600.0
-1598.0,-616.0,-107.385,6.63039e-07,88.5396,4.61992,91.4604,-175.38,-1598.0,-616.0,-1400.0,-600.0
-1596.0,-616.0,-107.297,6.5639e-07,88.5249,4.66686,91.4751,-175.333,-1596.0,-616.0,-1400.0,-600.0
-1594.0,-616.0,-107.209,6.49741e-07,88.5098,4.71475,91.4902,-175.285,-1594.0,-616.0,-1400.0,-600.0
-1592.0,-616.0,-107.119,6.43093e-07,88.4944,4.76364,91.5056,-175.236,-1592.0,-616.0,-1400.0,-600.0
-1590.0,-616.0,-107.029,6.36445e-07,88.4786,4.81355,91.5214,-175.186,-1590.0,-616.0,-1400.0,-600.0
-1588.0,-616.0,-106.937,6.29798e-07,88.4626,4.86451,91.5374,-175.135,-1588.0,-616.0,-1400.0,-600.0
-1586.0,-616.0,-106.845,6.23151e-07,88.4462,4.91657,91.5538,-175.083,-1586.0,-616.0,-1400.0,-600.0
-1584.0,-616.0,-106.751,6.16515e-07,88.3962,4.96974,91.6038,-175.03,-1584.0,-616.0,-1400.0,-600.0
-1582.0,-616.0,-106.657,6.09894e-07,88.2994,5.02408,91.7006,-174.976,-1582.0,-616.0,-1400.0,-600.0
-1580.0,-616.0,-106.562,6.03275e-07,88.2004,5.07961,91.7996,-174.92,-1580.0,-616.0,-1400.0,-600.0
-1578.0,-616.0,-106.466,5.96659e-07,88.0993,5.13638,91.9007,-174.864,-1578.0,-616.0,-1400.0,-600.0
-1576.0,-616.0,-106.369,5.90045e-07,87.9959,5.19443,92.0041,-174.806,-1576.0,-616.0,-1400.0,-600.0
-1574.0,-616.0,-106.271,5.83434e-07,87.8902,5.2538,92.1098,-174.746,-1574.0,-616.0,-1400.0,-600.0
-1572.0,-616.0,-106.172,5.76826e-07,87.782,5.31455,92.218,-174.685,-1572.0,-616.0,-1400.0,-600.0
-1570.0,-616.0,-106.071,5.7022e-07,87.6713,5.37671,92.3287,-174.623,-1570.0,-616.0,-1400.0,-600.0
-1568.0,-616.0,-105.97,5.63617e-07,87.5581,5.44033,92.4419,-174.56,-1568.0,-616.0,-1400.0,-600.0
-1566.0,-616.0,-105.867,5.57017e-07,87.4421,5.50548,92.5579,-174.495,-1566.0,-616.0,-1400.0,-600.0
-1564.0,-616.0,-105.764,5.50412e-07,87.342,5.5722,92.658,-174.428,-1564.0,-616.0,-1400.0,-600.0
-1562.0,-616.0,-105.658,5.43805e-07,87.2502,5.64055,92.7498,-174.359,-1562.0,-616.0,-1400.0,-600.0
-1560.0,-616.0,-105.552,5.37199e-07,87.1562,5.71059,92.8438,-174.289,-1560.0,-616.0,-1400.0,-600.0
-1558.0,-616.0,-105.444,5.30596e-07,87.0599,5.78239,92.9401,-174.218,-1558.0,-616.0,-1400.0,-600.0
-1556.0,-616.0,-105.335,5.23996e-07,86.9612,5.85601,93.0388,-174.144,-1556.0,-616.0,-1400.0,-600.0
-1554.0,-616.0,-105.225,5.17398e-07,86.8599,5.93153,93.1401,-174.068,-1554.0,-616.0,-1400.0,-600.0
-1552.0,-616.0,-105.113,5.10802e-07,86.756,6.00901,93.244,-173.991,-1552.0,-616.0,-1400.0,-600.0
-1550.0,-616.0,-105.0,5.04209e-07,86.6495,6.08853,93.3505,-173.911,-1550.0,-616.0,-1400.0,-600.0
-1548.0,-616.0,-104.886,4.97619e-07,86.5401,6.17018,93.4599,-173.83,-1548.0,-616.0,-1400.0,-600.0
-1546.0,-616.0,-104.77,4.91032e-07,86.4277,6.25403,93.5723,-173.746,-1546.0,-616.0,-1400.0,-600.0
-1544.0,-616.0,-104.652,4.84448e-07,86.3124,6.34019,93.6876,-173.66,-1544.0,-616.0,-1400.0,-600.0
-1542.0,-616.0,-104.533,4.77867e-07,86.1938,6.42875,93.8062,-173.571,-1542.0,-616.0,-1400.0,-600.0
-1540.0,-616.0,-104.412,4.71259e-07,86.1257,6.5198,93.8743,-173.48,-1540.0,-616.0,-1400.0,-600.0
-1538.0,-616.0,-104.289,4.64644e-07,86.0705,6.61346,93.9295,-173.387,-1538.0,-616.0,-1400.0,-600.0
-1536.0,-616.0,-104.164,4.58017e-07,86.0394,6.70984,93.9606,-173.29,-1536.0,-616.0,-1400.0,-600.0
-1534.0,-616.0,-104.037,4.51387e-07,86.0169,6.80905,93.9831,-173.191,-1534.0,-616.0,-1400.0,-600.0
-1532.0,-616.0,-103.908,4.44758e-07,85.9939,6.91123,94.0061,-173.089,-1532.0,-616.0,-1400.0,-600.0
-1530.0,-616.0,-103.777,4.3813e-07,85.9701,7.0165,94.0299,-172.983,-1530.0,-616.0,-1400.0,-600.0
-1528.0,-616.0,-103.645,4.31504e-07,85.9456,7.12502,94.0544,-172.875,-1528.0,-616.0,-1400.0,-600.0
-1526.0,-616.0,-103.51,4.24879e-07,85.9204,7.23692,94.0796,-172.763,-1526.0,-616.0,-1400.0,-600.0
-1524.0,-616.0,-103.373,4.18257e-07,85.8943,7.35238,94.1057,-172.648,-1524.0,-616.0,-1400.0,-600.0
-1522.0,-616.0,-103.234,4.11636e-07,85.8675,7.47156,94.1325,-172.528,-1522.0,-616.0,-1400.0,-600.0
-1520.0,-616.0,-103.093,4.05017e-07,85.8398,7.59464,94.1602,-172.405,-1520.0,-616.0,-1400.0,-600.0
-1518.0,-616.0,-102.95,3.984e-07,85.8112,7.72183,94.1888,-172.278,-1518.0,-616.0,-1400.0,-600.0
-1516.0,-616.0,-102.804,3.91785e-07,85.7816,7.85331,94.2184,-172.147,-1516.0,-616.0,-1400.0,-600.0
-1514.0,-616.0,-102.656,3.85173e-07,85.7511,7.98933,94.2489,-172.011,-1514.0,-616.0,-1400.0,-600.0
-1512.0,-616.0,-102.506,3.78563e-07,85.7195,8.1301,94.2805,-171.87,-1512.0,-616.0,-1400.0,-600.0
-1510.0,-616.0,-102.352,3.71955e-07,85.6868,8.27589,94.3132,-171.724,-1510.0,-616.0,-1400.0,-600.0
-1508.0,-616.0,-102.196,3.65332e-07,85.6898,8.42697,94.3102,-171.573,-1508.0,-616.0,-1400.0,-600.0
-1506.0,-616.0,-102.037,3.58708e-07,85.7003,8.58362,94.2997,-171.416,-1506.0,-616.0,-1400.0,-600.0
-1504.0,-616.0,-101.875,3.52088e-07,85.7112,8.74616,94.2888,-171.254,-1504.0,-616.0,-1400.0,-600.0
-1502.0,-616.0,-101.71,3.4547e-07,85.7226,8.91493,94.2774,-171.085,-1502.0,-616.0,-1400.0,-600.0
-1500.0,-616.0,-101.541,3.38855e-07,85.7345,9.09028,94.2655,-170.91,-1500.0,-616.0,-1400.0,-600.0
-1498.0,-616.0,-101.37,3.32243e-07,85.7469,9.2726,94.2531,-170.727,-1498.0,-616.0,-1400.0,-600.0
-1496.0,-616.0,-101.195,3.25635e-07,85.7598,9.46232,94.2402,-170.538,-1496.0,-616.0,-1400.0,-600.0
-1494.0,-616.0,-101.017,3.19031e-07,85.7733,9.65989,94.2267,-170.34,-1494.0,-616.0,-1400.0,-600.0
-1492.0,-616.0,-100.835,3.1243e-07,85.7875,9.86581,94.2125,-170.134,-1492.0,-616.0,-1400.0,-600.0
-1490.0,-616.0,-100.65,3.05835e-07,85.8002,10.0806,94.1998,-169.919,-1490.0,-616.0,-1400.0,-600.0
-1488.0,-616.0,-100.461,2.99264e-07,85.7619,10.3048,94.2381,-169.695,-1488.0,-616.0,-1400.0,-600.0
-1486.0,-616.0,-100.268,2.92697e-07,85.7219,10.5392,94.2781,-169.461,-1486.0,-616.0,-1400.0,-600.0
-1484.0,-616.0,-100.071,2.86158e-07,85.6245,10.7843,94.3755,-169.216,-1484.0,-616.0,-1400.0,-600.0
-1482.0,-616.0,-99.8703,2.79624e-07,85.5221,11.0409,94.4779,-168.959,-1482.0,-616.0,-1400.0,-600.0
-1480.0,-616.0,-99.6649,2.73098e-07,85.4148,11.3099,94.5852,-168.69,-1480.0,-616.0,-1400.0,-600.0
-1478.0,-616.0,-99.4547,2.66579e-07,85.3025,11.5922,94.6975,-168.408,-1478.0,-616.0,-1400.0,-600.0
-1476.0,-616.0,-99.2397,2.60067e-07,85.1846,11.8887,94.8154,-168.111,-1476.0,-616.0,-1400.0,-600.0
-1474.0,-616.0,-99.0195,2.53565e-07,85.0608,12.2005,94.9392,-167.8,-1474.0,-616.0,-1400.0,-600.0
-1472.0,-616.0,-98.7939,2.47071e-07,84.9306,12.5288,95.0694,-167.471,-1472.0,-616.0,-1400.0,-600.0
-1470.0,-616.0,-98.5626,2.40587e-07,84.7936,12.875,95.2064,-167.125,-1470.0,-616.0,-1400.0,-600.0
-1468.0,-616.0,-98.3254,2.34113e-07,84.6492,13.2405,95.3508,-166.759,-1468.0,-616.0,-1400.0,-600.0
-1466.0,-616.0,-98.0823,2.27657e-07,84.4832,13.627,95.5168,-166.373,-1466.0,-616.0,-1400.0,-600.0
-1464.0,-616.0,-97.8335,2.21236e-07,84.2493,14.0362,95.7507,-165.964,-1464.0,-616.0,-1400.0,-600.0
-1462.0,-616.0,-97.578,2.14831e-07,84.0017,14.4703,95.9983,-165.53,-1462.0,-616.0,-1400.0,-600.0
-1460.0,-616.0,-97.3156,2.08442e-07,83.7392,14.9314,96.2608,-165.069,-1460.0,-616.0,-1400.0,-600.0
-1458.0,-616.0,-97.0458,2.02073e-07,83.4607,15.4222,96.5393,-164.578,-1458.0,-616.0,-1400.0,-600.0
-1456.0,-616.0,-96.7683,1.95725e-07,83.1646,15.9454,96.8354,-164.055,-1456.0,-616.0,-1400.0,-600.0
-1454.0,-616.0,-96.4826,1.89399e-07,82.8493,16.5044,97.1507,-163.496,-1454.0,-616.0,-1400.0,-600.0
-1452.0,-616.0,-96.1885,1.83098e-07,82.5129,17.1027,97.4871,-162.897,-1452.0,-616.0,-1400.0,-600.0
-1450.0,-616.0,-95.8855,1.76825e-07,82.1536,17.7447,97.8464,-162.255,-1450.0,-616.0,-1400.0,-600.0
-1448.0,-616.0,-95.5731,1.70583e-07,81.769,18.4349,98.231,-161.565,-1448.0,-616.0,-1400.0,-600.0
-1446.0,-616.0,-95.2508,1.64376e-07,81.3566,19.179,98.6434,-160.821,-1446.0,-616.0,-1400.0,-600.0
-1444.0,-616.0,-94.9183,1.58207e-07,80.9135,19.9831,99.0865,-160.017,-1444.0,-616.0,-1400.0,-600.0
-1442.0,-616.0,-94.575,1.5208e-07,80.4366,20.8545,99.5634,-159.146,-1442.0,-616.0,-1400.0,-600.0
-1440.0,-616.0,-94.2205,1.46003e-07,79.9223,21.8014,100.078,-158.199,-1440.0,-616.0,-1400.0,-600.0
-1438.0,-616.0,-93.8544,1.3998e-07,79.3665,22.8337,100.633,-157.166,-1438.0,-616.0,-1400.0,-600.0
-1436.0,-616.0,-93.4762,1.3402e-07,78.765,23.9625,101.235,-156.038,-1436.0,-616.0,-1400.0,-600.0
-1434.0,-616.0,-93.0856,1.2813e-07,78.1127,25.2011,101.887,-154.799,-1434.0,-616.0,-1400.0,-600.0
-1432.0,-616.0,-92.6824,1.22322e-07,77.4042,26.5651,102.596,-153.435,-1432.0,-616.0,-1400.0,-600.0
-1430.0,-616.0,-92.2666,1.16607e-07,76.6338,28.0725,103.366,-151.928,-1430.0,-616.0,-1400.0,-600.0
-1428.0,-616.0,-91.8383,1.11e-07,75.7951,29.7449,104.205,-150.255,-1428.0,-616.0,-1400.0,-600.0
-1426.0,-616.0,-91.3982,1.05518e-07,74.8819,31.6075,105.118,-148.392,-1426.0,-616.0,-1400.0,-600.0
-1424.0,-616.0,-90.9471,1.00181e-07,73.8881,33.6901,106.112,-146.31,-1424.0,-616.0,-1400.0,-600.0
-1422.0,-616.0,-90.487,9.50137e-08,72.8082,36.0274,107.192,-143.973,-1422.0,-616.0,-1400.0,-600.0
-1420.0,-616.0,-90.0203,9.0046e-08,71.6389,38.6598,108.361,-141.34,-1420.0,-616.0,-1400.0,-600.0
-1418.0,-616.0,-89.5511,8.53122e-08,70.3797,41.6335,109.62,-138.366,-1418.0,-616.0,-1400.0,-600.0
-1416.0,-616.0,-89.0846,8.08536e-08,69.0357,45.0,110.964,-135.0,-1416.0,-616.0,-1400.0,-600.0
-1414.0,-616.0,-88.6284,7.6718e-08,67.6202,48.8141,112.38,-131.186,-1414.0,-616.0,-1400.0,-600.0
-1412.0,-616.0,-88.1921,7.29605e-08,66.1581,53.1301,113.842,-126.87,-1412.0,-616.0,-1400.0,-600.0
-1410.0,-616.0,-87.7877,6.96423e-08,64.6898,57.9946,115.31,-122.005,-1410.0,-616.0,-1400.0,-600.0
-1408.0,-616.0,-87.4294,6.68288e-08,63.2735,63.4349,116.726,-116.565,-1408.0,-616.0,-1400.0,-600.0
-1406.0,-616.0,-87.1328,6.4586e-08,61.9845,69.444,118.015,-110.556,-1406.0,-616.0,-1400.0,-600.0
-1404.0,-616.0,-86.9133,6.2975e-08,60.909,75.9638,119.091,-104.036,-1404.0,-616.0,-1400.0,-600.0
-1402.0,-616.0,-86.784,6.20449e-08,60.1305,82.875,119.87,-97.125,-1402.0,-616.0,-1400.0,-600.0
-1400.0,-616.0,-86.7534,6.18266e-08,59.7123,90.0,120.288,-90.0,-1400.0,-616.0,-1400.0,-600.0
-1398.0,-616.0,-86.8235,6.23274e-08,59.6814,97.125,120.319,-82.875,-1398.0,-616.0,-1400.0,-600.0
-1396.0,-616.0,-86.9896,6.35304e-08,60.021,104.036,119.979,-75.9638,-1396.0,-616.0,-1400.0,-600.0
-1394.0,-616.0,-87.2412,6.53969e-08,60.6772,110.556,119.323,-69.444,-1394.0,-616.0,-1400.0,-600.0
-1392.0,-616.0,-87.5639,6.78721e-08,61.5743,116.565,118.426,-63.4349,-1392.0,-616.0,-1400.0,-600.0
-1390.0,-616.0,-87.9422,7.08923e-08,62.6314,122.005,117.369,-57.9946,-1390.0,-616.0,-1400.0,-600.0
-1388.0,-616.0,-88.3608,7.43911e-08,63.7762,126.87,116.224,-53.1301,-1388.0,-616.0,-1400.0,-600.0
-1386.0,-616.0,-88.8063,7.83044e-08,64.9511,131.186,115.049,-48.8141,-1386.0,-616.0,-1400.0,-600.0
-1384.0,-616.0,-89.2675,8.25734e-08,66.1143,135.0,113.886,-45.0,-1384.0,-616.0,-1400.0,-600.0
-1382.0,-616.0,-89.7358,8.71457e-08,67.2382,138.366,112.762,-41.6335,-1382.0,-616.0,-1400.0,-600.0
-1380.0,-616.0,-90.2046,9.19761e-08,68.3063,141.34,111.694,-38.6598,-1380.0,-616.0,-1400.0,-600.0
-1378.0,-616.0,-90.6691,9.70261e-08,69.3102,143.973,110.69,-36.0274,-1378.0,-616.0,-1400.0,-600.0
-1376.0,-616.0,-91.1259,1.02263e-07,70.2468,146.31,109.753,-33.6901,-1376.0,-616.0,-1400.0,-600.0
-1374.0,-616.0,-91.5728,1.0766e-07,71.1166,148.392,108.883,-31.6075,-1374.0,-616.0,-1400.0,-600.0
-1372.0,-616.0,-92.0084,1.13194e-07,71.9221,150.255,108.078,-29.7449,-1372.0,-616.0,-1400.0,-600.0
-1370.0,-616.0,-92.4269,1.18777e-07,72.7722,151.928,107.228,-28.0725,-1370.0,-616.0,-1400.0,-600.0
-1368.0,-616.0,-92.8326,1.24453e-07,73.5807,153.435,106.419,-26.5651,-1368.0,-616.0,-1400.0,-600.0
-1366.0,-616.0,-93.2187,1.30108e-07,74.5112,154.799,105.489,-25.2011,-1366.0,-616.0,-1400.0,-600.0
-1364.0,-616.0,-93.5924,1.35823e-07,75.424,156.038,104.576,-23.9625,-1364.0,-616.0,-1400.0,-600.0
-1362.0,-616.0,-93.9559,1.41624e-07,76.2683,157.166,103.732,-22.8337,-1362.0,-616.0,-1400.0,-600.0
-1360.0,-616.0,-94.3093,1.47502e-07,77.0502,158.199,102.95,-21.8014,-1360.0,-616.0,-1400.0,-600.0
-1358.0,-616.0,-94.6527,1.53446e-07,77.7754,159.146,102.225,-20.8545,-1358.0,-616.0,-1400.0,-600.0
-1356.0,-616.0,-94.9864,1.59451e-07,78.4492,160.017,101.551,-19.9831,-1356.0,-616.0,-1400.0,-600.0
-1354.0,-616.0,-95.3105,1.65508e-07,79.0761,160.821,100.924,-19.179,-1354.0,-616.0,-1400.0,-600.0
-1352.0,-616.0,-95.6254,1.71613e-07,79.6605,161.565,100.339,-18.4349,-1352.0,-616.0,-1400.0,-600.0
-1350.0,-616.0,-95.9313,1.7776e-07,80.2062,162.255,99.7938,-17.7447,-1350.0,-616.0,-1400.0,-600.0
-1348.0,-616.0,-96.2287,1.83946e-07,80.7165,162.897,99.2835,-17.1027,-1348.0,-616.0,-1400.0,-600.0
-1346.0,-616.0,-96.5197,1.90209e-07,81.1137,163.496,98.8863,-16.5044,-1346.0,-616.0,-1400.0,-600.0
-1344.0,-616.0,-96.8026,1.965e-07,81.4834,164.055,98.5166,-15.9454,-1344.0,-616.0,-1400.0,-600.0
-1342.0,-616.0,-161.103,4.55097e-07,93.2841,-138.627,97.1444,148.195,-1425.26,-584.337,-1361.12,-632.84
-1340.0,-616.0,-161.024,4.60124e-07,93.2404,-139.33,97.1363,148.195,-1425.26,-584.337,-1359.53,-632.777
-1338.0,-616.0,0.0,0.0,0.0,0.0,0.0,0.0,0.0,0.0,0.0,0.0
-1336.0,-616.0,0.0,0.0,0.0,0.0,0.0,0.0,0.0,0.0,0.0,0.0
-1334.0,-616.0,0.0,0.0,0.0,0.0,0.0,0.0,0.0,0.0,0.0,0.0
-1332.0,-616.0,0.0,0.0,0.0,0.0,0.0,0.0,0.0,0.0,0.0,0.0
-1330.0,-616.0,0.0,0.0,0.0,0.0,0.0,0.0,0.0,0.0,0.0,0.0
-1328.0,-616.0,-175.419,9.78558e-07,95.5937,-70.8463,92.0934,-7.72819,-1239.86,-621.732,-1323.13,-630.017
-1326.0,-616.0,-175.361,9.76477e-07,95.6342,-72.6361,92.0979,-7.72819,-1239.86,-621.732,-1321.6,-630.079
-1324.0,-616.0,-175.914,9.74596e-07,95.6716,-74.4615,92.1019,-7.72819,-1239.86,-621.732,-1320.07,-630.136
-1322.0,-616.0,-177.121,9.72921e-07,95.7054,-76.3197,92.1056,-7.72819,-1239.86,-621.732,-1318.55,-630.187
-1320.0,-616.0,-179.215,9.71457e-07,95.7353,-78.2076,92.1087,-7.72819,-1239.86,-621.732,-1317.03,-630.232
-1318.0,-616.0,0.0,0.0,0.0,0.0,0.0,0.0,0.0,0.0,0.0,0.0
-1316.0,-616.0,0.0,0.0,0.0,0.0,0.0,0.0,0.0,0.0,0.0,0.0
-1314.0,-616.0,0.0,0.0,0.0,0.0,0.0,0.0,0.0,0.0,0.0,0.0
-1312.0,-616.0,0.0,0.0,0.0,0.0,0.0,0.0,0.0,0.0,0.0,0.0
-1310.0,-616.0,0.0,0.0,0.0,0.0,0.0,0.0,0.0,0.0,0.0,0.0
-1308.0,-616.0,-107.938,4.39144e-07,86.2032,135.016,93.7968,46.6527,-1390.58,-590.022,-1336.07,-587.943
-1306.0,-616.0,-102.463,3.38215e-07,85.0677,159.502,94.9323,24.0022,-1376.63,-589.595,-1376.63,-589.595
-1304.0,-616.0,-102.475,3.44458e-07,85.1428,159.892,94.8572,23.6121,-1376.16,-589.581,-1376.16,-589.581
-1302.0,-616.0,-101.38,3.32634e-07,84.921,170.727,95.079,-9.2726,-1302.0,-616.0,-1400.0,-600.0
-1300.0,-616.0,-101.551,3.39221e-07,84.9721,170.91,95.0279,-9.09028,-1300.0,-616.0,-1400.0,-600.0
-1298.0,-616.0,-101.718,3.45812e-07,85.0214,171.085,94.9786,-8.91493,-1298.0,-616.0,-1400.0,-600.0
-1296.0,-616.0,-101.883,3.52406e-07,85.0688,171.254,94.9312,-8.74616,-1296.0,-616.0,-1400.0,-600.0
-1294.0,-616.0,-102.044,3.59003e-07,85.1145,171.416,94.8855,-8.58362,-1294.0,-616.0,-1400.0,-600.0
-1292.0,-616.0,-102.202,3.65603e-07,85.1586,171.573,94.8414,-8.42697,-1292.0,-616.0,-1400.0,-600.0
-1290.0,-616.0,-102.358,3.72206e-07,85.2012,171.724,94.7988,-8.27589,-1290.0,-616.0,-1400.0,-600.0
-1288.0,-616.0,-102.511,3.78812e-07,85.2423,171.87,94.7577,-8.1301,-1288.0,-616.0,-1400.0,-600.0
-1286.0,-616.0,-102.662,3.8542e-07,85.2821,172.011,94.7179,-7.98933,-1286.0,-616.0,-1400.0,-600.0
-1284.0,-616.0,-102.81,3.92031e-07,85.3205,172.147,94.6795,-7.85331,-1284.0,-616.0,-1400.0,-600.0
-1282.0,-616.0,-102.955,3.98644e-07,85.3577,172.278,94.6423,-7.72183,-1282.0,-616.0,-1400.0,-600.0
-1280.0,-616.0,-103.098,4.05248e-07,85.4121,172.405,94.5879,-7.59464,-1280.0,-616.0,-1400.0,-600.0
-1278.0,-616.0,-103.239,4.11843e-07,85.4857,172.528,94.5143,-7.47156,-1278.0,-616.0,-1400.0,-600.0
-1276.0,-616.0,-103.377,4.1845e-07,85.5406,172.648,94.4594,-7.35238,-1276.0,-616.0,-1400.0,-600.0
-1274.0,-616.0,-103.514,4.25072e-07,85.5721,172.763,94.4279,-7.23692,-1274.0,-616.0,-1400.0,-600.0
-1272.0,-616.0,-103.649,4.31695e-07,85.6027,172.875,94.3973,-7.12502,-1272.0,-616.0,-1400.0,-600.0
-1270.0,-616.0,-103.781,4.3832e-07,85.6324,172.983,94.3676,-7.0165,-1270.0,-616.0,-1400.0,-600.0
-1268.0,-616.0,-103.912,4.44946e-07,85.6612,173.089,94.3388,-6.91123,-1268.0,-616.0,-1400.0,-600.0
-1266.0,-616.0,-104.04,4.51574e-07,85.6892,173.191,94.3108,-6.80905,-1266.0,-616.0,-1400.0,-600.0
-1264.0,-616.0,-104.167,4.58204e-07,85.7163,173.29,94.2837,-6.70984,-1264.0,-616.0,-1400.0,-600.0
-1262.0,-616.0,-104.292,4.64835e-07,85.7427,173.387,94.2573,-6.61346,-1262.0,-616.0,-1400.0,-600.0
-1260.0,-616.0,-104.416,4.71467e-07,85.7684,173.48,94.2316,-6.5198,-1260.0,-616.0,-1400.0,-600.0
-1258.0,-616.0,-104.537,4.78101e-07,85.7934,173.571,94.2066,-6.42875,-1258.0,-616.0,-1400.0,-600.0
-1256.0,-616.0,-104.657,4.84723e-07,85.8381,173.66,94.1619,-6.34019,-1256.0,-616.0,-1400.0,-600.0
-1254.0,-616.0,-104.775,4.91339e-07,85.8943,173.746,94.1057,-6.25403,-1254.0,-616.0,-1400.0,-600.0
-1252.0,-616.0,-104.892,4.97968e-07,85.9301,173.83,94.0699,-6.17018,-1252.0,-616.0,-1400.0,-600.0
-1250.0,-616.0,-105.007,5.04606e-07,85.9517,173.911,94.0483,-6.08853,-1250.0,-616.0,-1400.0,-600.0
-1248.0,-616.0,-105.121,5.11257e-07,85.9555,173.991,94.0445,-6.00901,-1248.0,-616.0,-1400.0,-600.0
-1246.0,-616.0,-105.234,5.17917e-07,85.9451,174.068,94.0549,-5.93153,-1246.0,-616.0,-1400.0,-600.0
-1244.0,-616.0,-105.345,5.24579e-07,85.935,174.144,94.065,-5.85601,-1244.0,-616.0,-1400.0,-600.0
-1242.0,-616.0,-105.455,5.31241e-07,85.9251,174.218,94.0749,-5.78239,-1242.0,-616.0,-1400.0,-600.0
-1240.0,-616.0,-105.563,5.37904e-07,85.9155,174.289,94.0845,-5.71059,-1240.0,-616.0,-1400.0,-600.0
-1238.0,-616.0,0.0,0.0,0.0,0.0,0.0,0.0,0.0,0.0,0.0,0.0
-1236.0,-616.0,0.0,0.0,0.0,0.0,0.0,0.0,0.0,0.0,0.0,0.0
-1234.0,-616.0,0.0,0.0,0.0,0.0,0.0,0.0,0.0,0.0,0.0,0.0
-1232.0,-616.0,0.0,0.0,0.0,0.0,0.0,0.0,0.0,0.0,0.0,0.0
-1230.0,-616.0,0.0,0.0,0.0,0.0,0.0,0.0,0.0,0.0,0.0,0.0
-1228.0,-616.0,0.0,0.0,0.0,0.0,0.0,0.0,0.0,0.0,0.0,0.0
-1226.0,-616.0,0.0,0.0,0.0,0.0,0.0,0.0,0.0,0.0,0.0,0.0
-1224.0,-616.0,0.0,0.0,0.0,0.0,0.0,0.0,0.0,0.0,0.0,0.0
-1222.0,-616.0,0.0,0.0,0.0,0.0,0.0,0.0,0.0,0.0,0.0,0.0
-1220.0,-616.0,0.0,0.0,0.0,0.0,0.0,0.0,0.0,0.0,0.0,0.0
-1218.0,-616.0,0.0,0.0,0.0,0.0,0.0,0.0,0.0,0.0,0.0,0.0
-1216.0,-616.0,0.0,0.0,0.0,0.0,0.0,0.0,0.0,0.0,0.0,0.0
-1214.0,-616.0,0.0,0.0,0.0,0.0,0.0,0.0,0.0,0.0,0.0,0.0
-1212.0,-616.0,0.0,0.0,0.0,0.0,0.0,0.0,0.0,0.0,0.0,0.0
-1210.0,-616.0,0.0,0.0,0.0,0.0,0.0,0.0,0.0,0.0,0.0,0.0
-1208.0,-616.0,0.0,0.0,0.0,0.0,0.0,0.0,0.0,0.0,0.0,0.0
-1206.0,-616.0,0.0,0.0,0.0,0.0,0.0,0.0,0.0,0.0,0.0,0.0
-1204.0,-616.0,0.0,0.0,0.0,0.0,0.0,0.0,0.0,0.0,0.0,0.0
-1202.0,-616.0,0.0,0.0,0.0,0.0,0.0,0.0,0.0,0.0,0.0,0.0
-1600.0,-614.0,-107.465,6.69174e-07,88.6085,4.00417,91.3915,-175.996,-1600.0,-614.0,-1400.0,-600.0
-1598.0,-614.0,-107.378,6.62519e-07,88.5945,4.04449,91.4055,-175.956,-1598.0,-614.0,-1400.0,-600.0
-1596.0,-614.0,-107.29,6.55865e-07,88.5802,4.08562,91.4198,-175.914,-1596.0,-614.0,-1400.0,-600.0
-1594.0,-614.0,-107.202,6.4921e-07,88.5657,4.12759,91.4343,-175.872,-1594.0,-614.0,-1400.0,-600.0
-1592.0,-614.0,-107.112,6.42557e-07,88.5509,4.17044,91.4491,-175.83,-1592.0,-614.0,-1400.0,-600.0
-1590.0,-614.0,-107.021,6.35903e-07,88.5357,4.21418,91.4643,-175.786,-1590.0,-614.0,-1400.0,-600.0
-1588.0,-614.0,-106.929,6.2925e-07,88.5202,4.25885,91.4798,-175.741,-1588.0,-614.0,-1400.0,-600.0
-1586.0,-614.0,-106.837,6.22598e-07,88.5044,4.30447,91.4956,-175.696,-1586.0,-614.0,-1400.0,-600.0
-1584.0,-614.0,-106.743,6.15955e-07,88.455,4.35108,91.545,-175.649,-1584.0,-614.0,-1400.0,-600.0
-1582.0,-614.0,-106.649,6.09327e-07,88.3587,4.39871,91.6413,-175.601,-1582.0,-614.0,-1400.0,-600.0
-1580.0,-614.0,-106.554,6.02701e-07,88.2603,4.44738,91.7397,-175.553,-1580.0,-614.0,-1400.0,-600.0
-1578.0,-614.0,-106.458,5.96078e-07,88.1597,4.49715,91.8403,-175.503,-1578.0,-614.0,-1400.0,-600.0
-1576.0,-614.0,-106.36,5.89457e-07,88.0569,4.54804,91.9431,-175.452,-1576.0,-614.0,-1400.0,-600.0
-1574.0,-614.0,-106.262,5.82838e-07,87.9517,4.6001,92.0483,-175.4,-1574.0,-614.0,-1400.0,-600.0
-1572.0,-614.0,-106.163,5.76222e-07,87.8441,4.65335,92.1559,-175.347,-1572.0,-614.0,-1400.0,-600.0
-1570.0,-614.0,-106.062,5.69608e-07,87.734,4.70785,92.266,-175.292,-1570.0,-614.0,-1400.0,-600.0
-1568.0,-614.0,-105.96,5.62997e-07,87.6213,4.76364,92.3787,-175.236,-1568.0,-614.0,-1400.0,-600.0
-1566.0,-614.0,-105.858,5.56389e-07,87.506,4.82077,92.494,-175.179,-1566.0,-614.0,-1400.0,-600.0
-1564.0,-614.0,-105.754,5.49784e-07,87.3879,4.87927,92.6121,-175.121,-1564.0,-614.0,-1400.0,-600.0
-1562.0,-614.0,-105.648,5.4317e-07,87.2926,4.93922,92.7074,-175.061,-1562.0,-614.0,-1400.0,-600.0
-1560.0,-614.0,-105.542,5.36556e-07,87.199,5.00064,92.801,-174.999,-1560.0,-614.0,-1400.0,-600.0
-1558.0,-614.0,-105.434,5.29945e-07,87.103,5.06362,92.897,-174.936,-1558.0,-614.0,-1400.0,-600.0
-1556.0,-614.0,-105.324,5.23335e-07,87.0047,5.12819,92.9953,-174.872,-1556.0,-614.0,-1400.0,-600.0
-1554.0,-614.0,-105.214,5.16728e-07,86.9038,5.19443,93.0962,-174.806,-1554.0,-614.0,-1400.0,-600.0
-1552.0,-614.0,-105.102,5.10123e-07,86.8003,5.2624,93.1997,-174.738,-1552.0,-614.0,-1400.0,-600.0
-1550.0,-614.0,-104.988,5.03521e-07,86.6941,5.33216,93.3059,-174.668,-1550.0,-614.0,-1400.0,-600.0
-1548.0,-614.0,-104.873,4.96921e-07,86.5851,5.40379,93.4149,-174.596,-1548.0,-614.0,-1400.0,-600.0
-1546.0,-614.0,-104.757,4.90324e-07,86.4731,5.47737,93.5269,-174.523,-1546.0,-614.0,-1400.0,-600.0
-1544.0,-614.0,-104.639,4.8373e-07,86.3581,5.55297,93.6419,-174.447,-1544.0,-614.0,-1400.0,-600.0
-1542.0,-614.0,-104.52,4.77139e-07,86.24,5.63068,93.76,-174.369,-1542.0,-614.0,-1400.0,-600.0
-1540.0,-614.0,-104.399,4.70549e-07,86.1199,5.71059,93.8801,-174.289,-1540.0,-614.0,-1400.0,-600.0
-1538.0,-614.0,-104.275,4.63925e-07,86.0644,5.7928,93.9356,-174.207,-1538.0,-614.0,-1400.0,-600.0
-1536.0,-614.0,-104.15,4.57288e-07,86.033,5.87739,93.967,-174.123,-1536.0,-614.0,-1400.0,-600.0
-1534.0,-614.0,-104.022,4.50646e-07,86.0104,5.96449,93.9896,-174.036,-1534.0,-614.0,-1400.0,-600.0
-1532.0,-614.0,-103.893,4.44006e-07,85.9871,6.05419,94.0129,-173.946,-1532.0,-614.0,-1400.0,-600.0
-1530.0,-614.0,-103.762,4.37367e-07,85.963,6.14663,94.037,-173.853,-1530.0,-614.0,-1400.0,-600.0
-1528.0,-614.0,-103.629,4.30729e-07,85.9383,6.24191,94.0617,-173.758,-1528.0,-614.0,-1400.0,-600.0
-1526.0,-614.0,-103.494,4.24093e-07,85.9128,6.34019,94.0872,-173.66,-1526.0,-614.0,-1400.0,-600.0
-1524.0,-614.0,-103.357,4.17457e-07,85.8864,6.4416,94.1136,-173.558,-1524.0,-614.0,-1400.0,-600.0
-1522.0,-614.0,-103.217,4.10824e-07,85.8593,6.54629,94.1407,-173.454,-1522.0,-614.0,-1400.0,-600.0
-1520.0,-614.0,-103.076,4.04192e-07,85.8313,6.65443,94.1687,-173.346,-1520.0,-614.0,-1400.0,-600.0
-1518.0,-614.0,-102.932,3.97561e-07,85.8023,6.76617,94.1977,-173.234,-1518.0,-614.0,-1400.0,-600.0
-1516.0,-614.0,-102.785,3.90932e-07,85.7724,6.88172,94.2276,-173.118,-1516.0,-614.0,-1400.0,-600.0
-1514.0,-614.0,-102.637,3.84305e-07,85.7415,7.00127,94.2585,-172.999,-1514.0,-614.0,-1400.0,-600.0
-1512.0,-614.0,-102.485,3.77679e-07,85.7095,7.12502,94.2905,-172.875,-1512.0,-614.0,-1400.0,-600.0
-1510.0,-614.0,-102.331,3.71043e-07,85.7024,7.25319,94.2976,-172.747,-1510.0,-614.0,-1400.0,-600.0
-1508.0,-614.0,-102.174,3.64401e-07,85.7127,7.38604,94.2873,-172.614,-1508.0,-614.0,-1400.0,-600.0
-1506.0,-614.0,-102.014,3.5776e-07,85.7235,7.52382,94.2765,-172.476,-1506.0,-614.0,-1400.0,-600.0
-1504.0,-614.0,-101.851,3.51121e-07,85.7347,7.6668,94.2653,-172.333,-1504.0,-614.0,-1400.0,-600.0
-1502.0,-614.0,-101.685,3.44485e-07,85.7463,7.81529,94.2537,-172.185,-1502.0,-614.0,-1400.0,-600.0
-1500.0,-614.0,-101.516,3.37851e-07,85.7585,7.96961,94.2415,-172.03,-1500.0,-614.0,-1400.0,-600.0
-1498.0,-614.0,-101.343,3.3122e-07,85.7711,8.1301,94.2289,-171.87,-1498.0,-614.0,-1400.0,-600.0
-1496.0,-614.0,-101.167,3.24592e-07,85.7843,8.29714,94.2157,-171.703,-1496.0,-614.0,-1400.0,-600.0
-1494.0,-614.0,-100.988,3.17966e-07,85.7981,8.47114,94.2019,-171.529,-1494.0,-614.0,-1400.0,-600.0
-1492.0,-614.0,-100.805,3.11343e-07,85.8125,8.65254,94.1875,-171.347,-1492.0,-614.0,-1400.0,-600.0
-1490.0,-614.0,-100.618,3.04725e-07,85.8255,8.84181,94.1745,-171.158,-1490.0,-614.0,-1400.0,-600.0
-1488.0,-614.0,-100.428,2.9813e-07,85.7873,9.03948,94.2127,-170.961,-1488.0,-614.0,-1400.0,-600.0
-1486.0,-614.0,-100.234,2.91554e-07,85.7057,9.24611,94.2943,-170.754,-1486.0,-614.0,-1400.0,-600.0
-1484.0,-614.0,-100.036,2.84988e-07,85.6065,9.46232,94.3935,-170.538,-1484.0,-614.0,-1400.0,-600.0
-1482.0,-614.0,-99.833,2.78427e-07,85.5028,9.68879,94.4972,-170.311,-1482.0,-614.0,-1400.0,-600.0
-1480.0,-614.0,-99.6257,2.71872e-07,85.3941,9.92625,94.6059,-170.074,-1480.0,-614.0,-1400.0,-600.0
-1478.0,-614.0,-99.4137,2.65323e-07,85.2802,10.1755,94.7198,-169.824,-1478.0,-614.0,-1400.0,-600.0
-1476.0,-614.0,-99.1965,2.5878e-07,85.1606,10.4375,94.8394,-169.563,-1476.0,-614.0,-1400.0,-600.0
-1474.0,-614.0,-98.9741,2.52244e-07,85.0348,10.7131,94.9652,-169.287,-1474.0,-614.0,-1400.0,-600.0
-1472.0,-614.0,-98.746,2.45715e-07,84.9026,11.0035,95.0974,-168.996,-1472.0,-614.0,-1400.0,-600.0
-1470.0,-614.0,-98.5121,2.39194e-07,84.7632,11.3099,95.2368,-168.69,-1470.0,-614.0,-1400.0,-600.0
-1468.0,-614.0,-98.2721,2.32682e-07,84.6162,11.6336,95.3838,-168.366,-1468.0,-614.0,-1400.0,-600.0
-1466.0,-614.0,-98.0259,2.26185e-07,84.4472,11.9761,95.5528,-168.024,-1466.0,-614.0,-1400.0,-600.0
-1464.0,-614.0,-97.7737,2.19721e-07,84.2095,12.3391,95.7905,-167.661,-1464.0,-614.0,-1400.0,-600.0
-1462.0,-614.0,-97.5147,2.1327e-07,83.9576,12.7244,96.0424,-167.276,-1462.0,-614.0,-1400.0,-600.0
-1460.0,-614.0,-97.2482,2.06834e-07,83.6904,13.134,96.3096,-166.866,-1460.0,-614.0,-1400.0,-600.0
-1458.0,-614.0,-96.9741,2.00414e-07,83.4063,13.5704,96.5937,-166.43,-1458.0,-614.0,-1400.0,-600.0
-1456.0,-614.0,-96.6918,1.94011e-07,83.1039,14.0362,96.8961,-165.964,-1456.0,-614.0,-1400.0,-600.0
-1454.0,-614.0,-96.4009,1.87627e-07,82.7814,14.5345,97.2186,-165.466,-1454.0,-614.0,-1400.0,-600.0
-1452.0,-614.0,-96.101,1.81265e-07,82.4368,15.0685,97.5632,-164.932,-1452.0,-614.0,-1400.0,-600.0
-1450.0,-614.0,-95.7916,1.74926e-07,82.0679,15.6422,97.9321,-164.358,-1450.0,-614.0,-1400.0,-600.0
-1448.0,-614.0,-95.4721,1.68614e-07,81.6722,16.2602,98.3278,-163.74,-1448.0,-614.0,-1400.0,-600.0
-1446.0,-614.0,-95.142,1.62331e-07,81.2469,16.9275,98.7531,-163.072,-1446.0,-614.0,-1400.0,-600.0
-1444.0,-614.0,-94.8007,1.56081e-07,80.7887,17.6501,99.2113,-162.35,-1444.0,-614.0,-1400.0,-600.0
-1442.0,-614.0,-94.4477,1.49868e-07,80.2941,18.4349,99.7059,-161.565,-1442.0,-614.0,-1400.0,-600.0
-1440.0,-614.0,-94.0822,1.43697e-07,79.7588,19.29,100.241,-160.71,-1440.0,-614.0,-1400.0,-600.0
-1438.0,-614.0,-93.7037,1.37573e-07,79.1783,20.2249,100.822,-159.775,-1438.0,-614.0,-1400.0,-600.0
-1436.0,-614.0,-93.3115,1.31504e-07,78.5472,21.2505,101.453,-158.749,-1436.0,-614.0,-1400.0,-600.0
-1434.0,-614.0,-92.9051,1.25496e-07,77.8595,22.3801,102.141,-157.62,-1434.0,-614.0,-1400.0,-600.0
-1432.0,-614.0,-92.484,1.1956e-07,77.1083,23.6294,102.892,-156.371,-1432.0,-614.0,-1400.0,-600.0
-1430.0,-614.0,-92.0477,1.13707e-07,76.2863,25.0169,103.714,-154.983,-1430.0,-614.0,-1400.0,-600.0
-1428.0,-614.0,-91.5961,1.07949e-07,75.3848,26.5651,104.615,-153.435,-1428.0,-614.0,-1400.0,-600.0
-1426.0,-614.0,-91.1293,1.02303e-07,74.395,28.3008,105.605,-151.699,-1426.0,-614.0,-1400.0,-600.0
-1424.0,-614.0,-90.6478,9.67892e-08,73.3073,30.2564,106.693,-149.744,-1424.0,-614.0,-1400.0,-600.0
-1422.0,-614.0,-90.1529,9.14308e-08,72.1122,32.4712,107.888,-147.529,-1422.0,-614.0,-1400.0,-600.0
-1420.0,-614.0,-89.6468,8.62569e-08,70.8015,34.992,109.199,-145.008,-1420.0,-614.0,-1400.0,-600.0
-1418.0,-614.0,-89.1328,8.13028e-08,69.3692,37.875,110.631,-142.125,-1418.0,-614.0,-1400.0,-600.0
-1416.0,-614.0,-88.6163,7.66112e-08,67.815,41.1859,112.185,-138.814,-1416.0,-614.0,-1400.0,-600.0
-1414.0,-614.0,-88.105,7.22332e-08,66.1475,45.0,113.853,-135.0,-1414.0,-614.0,-1400.0,-600.0
-1412.0,-614.0,-87.6095,6.82291e-08,64.39,49.3987,115.61,-130.601,-1412.0,-614.0,-1400.0,-600.0
-1410.0,-614.0,-87.1439,6.46686e-08,62.5872,54.4623,117.413,-125.538,-1410.0,-614.0,-1400.0,-600.0
-1408.0,-614.0,-86.7255,6.16284e-08,60.8118,60.2551,119.188,-119.745,-1408.0,-614.0,-1400.0,-600.0
-1406.0,-614.0,-86.3746,5.91889e-08,59.1669,66.8014,120.833,-113.199,-1406.0,-614.0,-1400.0,-600.0
-1404.0,-614.0,-86.112,5.74267e-08,57.78,74.0546,122.22,-105.945,-1404.0,-614.0,-1400.0,-600.0
-1402.0,-614.0,-85.956,5.64052e-08,56.7823,81.8699,123.218,-98.1301,-1402.0,-614.0,-1400.0,-600.0
-1400.0,-614.0,-85.919,5.6165e-08,56.2769,90.0,123.723,-90.0,-1400.0,-614.0,-1400.0,-600.0
-1398.0,-614.0,-86.0038,5.67158e-08,56.3062,98.1301,123.694,-81.8699,-1398.0,-614.0,-1400.0,-600.0
-1396.0,-614.0,-86.2036,5.80353e-08,56.8389,105.945,123.161,-74.0546,-1396.0,-614.0,-1400.0,-600.0
-1394.0,-614.0,-86.5033,6.00727e-08,57.7827,113.199,122.217,-66.8014,-1394.0,-614.0,-1400.0,-600.0
-1392.0,-614.0,-86.8833,6.27582e-08,59.0154,119.745,120.985,-60.2551,-1392.0,-614.0,-1400.0,-600.0
-1390.0,-614.0,-87.3226,6.60128e-08,60.4164,125.538,119.584,-54.4623,-1390.0,-614.0,-1400.0,-600.0
-1388.0,-614.0,-87.8019,6.97568e-08,61.8856,130.601,118.114,-49.3987,-1388.0,-614.0,-1400.0,-600.0
-1386.0,-614.0,-88.3051,7.39159e-08,63.3507,135.0,116.649,-45.0,-1386.0,-614.0,-1400.0,-600.0
-1384.0,-614.0,-88.8195,7.84241e-08,64.7647,138.814,115.235,-41.1859,-1384.0,-614.0,-1400.0,-600.0
-1382.0,-614.0,-89.3358,8.32247e-08,66.1008,142.125,113.899,-37.875,-1382.0,-614.0,-1400.0,-600.0
-1380.0,-614.0,-89.8472,8.82699e-08,67.3461,145.008,112.654,-34.992,-1380.0,-614.0,-1400.0,-600.0
-1378.0,-614.0,-90.3493,9.35203e-08,68.4968,147.529,111.503,-32.4712,-1378.0,-614.0,-1400.0,-600.0
-1376.0,-614.0,-90.8391,9.89431e-08,69.5549,149.744,110.445,-30.2564,-1376.0,-614.0,-1400.0,-600.0
-1374.0,-614.0,-91.3149,1.04511e-07,70.5251,151.699,109.475,-28.3008,-1374.0,-614.0,-1400.0,-600.0
-1372.0,-614.0,-91.7758,1.10203e-07,71.4139,153.435,108.586,-26.5651,-1372.0,-614.0,-1400.0,-600.0
-1370.0,-614.0,-92.2161,1.15931e-07,72.3355,154.983,107.665,-25.0169,-1370.0,-614.0,-1400.0,-600.0
-1368.0,-614.0,-92.6348,1.21653e-07,73.3399,156.371,106.66,-23.6294,-1368.0,-614.0,-1400.0,-600.0
-1366.0,-614.0,-93.0358,1.27398e-07,74.3748,157.62,105.625,-22.3801,-1366.0,-614.0,-1400.0,-600.0
-1364.0,-614.0,-93.4249,1.33231e-07,75.3259,158.749,104.674,-21.2505,-1364.0,-614.0,-1400.0,-600.0
-1362.0,-614.0,-93.8022,1.39142e-07,76.2014,159.775,103.799,-20.2249,-1362.0,-614.0,-1400.0,-600.0
-1360.0,-614.0,-94.1679,1.45122e-07,77.0089,160.71,102.991,-19.29,-1360.0,-614.0,-1400.0,-600.0
-1358.0,-614.0,-94.5224,1.51162e-07,77.7552,161.565,102.245,-18.4349,-1358.0,-614.0,-1400.0,-600.0
-1356.0,-614.0,-94.8659,1.57255e-07,78.4461,162.35,101.554,-17.6501,-1356.0,-614.0,-1400.0,-600.0
-1354.0,-614.0,-95.1988,1.63395e-07,79.0873,163.072,100.913,-16.9275,-1354.0,-614.0,-1400.0,-600.0
-1352.0,-614.0,-95.5216,1.69578e-07,79.6833,163.74,100.317,-16.2602,-1352.0,-614.0,-1400.0,-600.0
-1350.0,-614.0,-95.8348,1.75798e-07,80.2385,164.358,99.7615,-15.6422,-1350.0,-614.0,-1400.0,-600.0
-1348.0,-614.0,-96.1387,1.82052e-07,80.7567,164.932,99.2433,-15.0685,-1348.0,-614.0,-1400.0,-600.0
-1346.0,-614.0,-96.4356,1.88378e-07,81.1594,165.466,98.8406,-14.5345,-1346.0,-614.0,-1400.0,-600.0
-1344.0,-614.0,-96.7252,1.94758e-07,81.4771,165.964,98.5229,-14.0362,-1344.0,-614.0,-1400.0,-600.0
-1342.0,-614.0,-97.0068,2.01169e-07,81.7507,166.43,98.2493,-13.5704,-1342.0,-614.0,-1400.0,-600.0
-1340.0,-614.0,-97.2803,2.07597e-07,82.0079,166.866,97.9921,-13.134,-1340.0,-614.0,-1400.0,-600.0
-1338.0,-614.0,-97.546,2.1404e-07,82.2499,167.276,97.7501,-12.7244,-1338.0,-614.0,-1400.0,-600.0
-1336.0,-614.0,-97.8044,2.20497e-07,82.4782,167.661,97.5218,-12.3391,-1336.0,-614.0,-1400.0,-600.0
-1334.0,-614.0,-98.0558,2.26966e-07,82.6938,168.024,97.3062,-11.9761,-1334.0,-614.0,-1400.0,-600.0
-1332.0,-614.0,-98.3007,2.33447e-07,82.8977,168.366,97.1023,-11.6336,-1332.0,-614.0,-1400.0,-600.0
-1330.0,-614.0,-98.5391,2.39938e-07,83.0908,168.69,96.9092,-11.3099,-1330.0,-614.0,-1400.0,-600.0
-1328.0,-614.0,-98.7716,2.46439e-07,83.2739,168.996,96.7261,-11.0035,-1328.0,-614.0,-1400.0,-600.0
-1326.0,-614.0,-98.9984,2.5295e-07,83.4478,169.287,96.5522,-10.7131,-1326.0,-614.0,-1400.0,-600.0
-1324.0,-614.0,-99.2196,2.59468e-07,83.6131,169.563,96.3869,-10.4375,-1324.0,-614.0,-1400.0,-600.0
-1322.0,-614.0,-99.4356,2.65994e-07,83.7705,169.824,96.2295,-10.1755,-1322.0,-614.0,-1400.0,-600.0
-1320.0,-614.0,-99.6467,2.72527e-07,83.9204,170.074,96.0796,-9.92625,-1320.0,-614.0,-1400.0,-600.0
-1318.0,-614.0,-99.8529,2.79067e-07,84.0634,170.311,95.9366,-9.68879,-1318.0,-614.0,-1400.0,-600.0
-1316.0,-614.0,-100.055,2.85613e-07,84.1999,170.538,95.8001,-9.46232,-1316.0,-614.0,-1400.0,-600.0
-1314.0,-614.0,-100.252,2.92165e-07,84.3304,170.754,95.6696,-9.24611,-1314.0,-614.0,-1400.0,-600.0
-1312.0,-614.0,-100.445,2.98722e-07,84.4553,170.961,95.5447,-9.03948,-1312.0,-614.0,-1400.0,-600.0
-1310.0,-614.0,-100.634,3.05284e-07,84.5748,171.158,95.4252,-8.84181,-1310.0,-614.0,-1400.0,-600.0
-1308.0,-614.0,-100.819,3.11851e-07,84.6894,171.347,95.3106,-8.65254,-1308.0,-614.0,-1400.0,-600.0
-1306.0,-614.0,-101.0,3.18422e-07,84.7993,171.529,95.2007,-8.47114,-1306.0,-614.0,-1400.0,-600.0
-1304.0,-614.0,-101.178,3.24998e-07,84.9048,171.703,95.0952,-8.29714,-1304.0,-614.0,-1400.0,-600.0
-1302.0,-614.0,-101.353,3.3159e-07,84.9798,171.87,95.0202,-8.1301,-1302.0,-614.0,-1400.0,-600.0
-1300.0,-614.0,-101.525,3.38198e-07,85.0303,172.03,94.9697,-7.96961,-1300.0,-614.0,-1400.0,-600.0
-1298.0,-614.0,-101.693,3.44807e-07,85.0788,172.185,94.9212,-7.81529,-1298.0,-614.0,-1400.0,-600.0
-1296.0,-614.0,-101.858,3.5142e-07,85.1256,172.333,94.8744,-7.6668,-1296.0,-614.0,-1400.0,-600.0
-1294.0,-614.0,-102.02,3.58035e-07,85.1706,172.476,94.8294,-7.52382,-1294.0,-614.0,-1400.0,-600.0
-1292.0,-614.0,-102.18,3.64652e-07,85.214,172.614,94.786,-7.38604,-1292.0,-614.0,-1400.0,-600.0
-1290.0,-614.0,-102.336,3.71272e-07,85.256,172.747,94.744,-7.25319,-1290.0,-614.0,-1400.0,-600.0
-1288.0,-614.0,-102.49,3.77894e-07,85.2964,172.875,94.7036,-7.12502,-1288.0,-614.0,-1400.0,-600.0
-1286.0,-614.0,-102.641,3.84517e-07,85.3355,172.999,94.6645,-7.00127,-1286.0,-614.0,-1400.0,-600.0
-1284.0,-614.0,-102.79,3.91143e-07,85.3733,173.118,94.6267,-6.88172,-1284.0,-614.0,-1400.0,-600.0
-1282.0,-614.0,-102.936,3.9777e-07,85.4099,173.234,94.5901,-6.76617,-1282.0,-614.0,-1400.0,-600.0
-1280.0,-614.0,-103.08,4.04399e-07,85.4453,173.346,94.5547,-6.65443,-1280.0,-614.0,-1400.0,-600.0
-1278.0,-614.0,-103.221,4.11015e-07,85.5068,173.454,94.4932,-6.54629,-1278.0,-614.0,-1400.0,-600.0
-1276.0,-614.0,-103.36,4.17634e-07,85.5616,173.558,94.4384,-6.4416,-1276.0,-614.0,-1400.0,-600.0
-1274.0,-614.0,-103.497,4.24268e-07,85.593,173.66,94.407,-6.34019,-1274.0,-614.0,-1400.0,-600.0
-1272.0,-614.0,-103.633,4.30904e-07,85.6234,173.758,94.3766,-6.24191,-1272.0,-614.0,-1400.0,-600.0
-1270.0,-614.0,-103.766,4.3754e-07,85.6529,173.853,94.3471,-6.14663,-1270.0,-614.0,-1400.0,-600.0
-1268.0,-614.0,-103.897,4.44178e-07,85.6816,173.946,94.3184,-6.05419,-1268.0,-614.0,-1400.0,-600.0
-1266.0,-614.0,-104.026,4.50818e-07,85.7094,174.036,94.2906,-5.96449,-1266.0,-614.0,-1400.0,-600.0
-1264.0,-614.0,-104.153,4.57458e-07,85.7364,174.123,94.2636,-5.87739,-1264.0,-614.0,-1400.0,-600.0
-1262.0,-614.0,-104.279,4.64099e-07,85.7627,174.207,94.2373,-5.7928,-1262.0,-614.0,-1400.0,-600.0
-1260.0,-614.0,-104.402,4.70742e-07,85.7882,174.289,94.2118,-5.71059,-1260.0,-614.0,-1400.0,-600.0
-1258.0,-614.0,-104.524,4.77386e-07,85.8131,174.369,94.1869,-5.63068,-1258.0,-614.0,-1400.0,-600.0
-1256.0,-614.0,-104.645,4.8403e-07,85.8372,174.447,94.1628,-5.55297,-1256.0,-614.0,-1400.0,-600.0
-1254.0,-614.0,-104.763,4.90658e-07,85.8886,174.523,94.1114,-5.47737,-1254.0,-614.0,-1400.0,-600.0
-1252.0,-614.0,-104.88,4.97297e-07,85.9246,174.596,94.0754,-5.40379,-1252.0,-614.0,-1400.0,-600.0
-1250.0,-614.0,-104.996,5.0395e-07,85.9363,174.668,94.0637,-5.33216,-1250.0,-614.0,-1400.0,-600.0
-1248.0,-614.0,-105.11,5.10618e-07,85.9261,174.738,94.0739,-5.2624,-1248.0,-614.0,-1400.0,-600.0
-1246.0,-614.0,-105.223,5.17287e-07,85.9162,174.806,94.0838,-5.19443,-1246.0,-614.0,-1400.0,-600.0
-1244.0,-614.0,-105.335,5.23957e-07,85.9065,174.872,94.0935,-5.12819,-1244.0,-614.0,-1400.0,-600.0
-1242.0,-614.0,-105.445,5.30627e-07,85.897,174.936,94.103,-5.06362,-1242.0,-614.0,-1400.0,-600.0
-1240.0,-614.0,-105.554,5.37298e-07,85.8878,174.999,94.1122,-5.00064,-1240.0,-614.0,-1400.0,-600.0
-1238.0,-614.0,-200.967,1.01722e-06,96.5613,13.1533,92.8276,0.509478,-1173.31,-597.984,-1219.15,-609.594
-1236.0,-614.0,0.0,0.0,0.0,0.0,0.0,0.0,0.0,0.0,0.0,0.0
-1234.0,-614.0,0.0,0.0,0.0,0.0,0.0,0.0,0.0,0.0,0.0,0.0
-1232.0,-614.0,0.0,0.0,0.0,0.0,0.0,0.0,0.0,0.0,0.0,0.0
-1230.0,-614.0,0.0,0.0,0.0,0.0,0.0,0.0,0.0,0.0,0.0,0.0
-1228.0,-614.0,0.0,0.0,0.0,0.0,0.0,0.0,0.0,0.0,0.0,0.0
-1226.0,-614.0,0.0,0.0,0.0,0.0,0.0,0.0,0.0,0.0,0.0,0.0
-1224.0,-614.0,0.0,0.0,0.0,0.0,0.0,0.0,0.0,0.0,0.0,0.0
-1222.0,-614.0,0.0,0.0,0.0,0.0,0.0,0.0,0.0,0.0,0.0,0.0
-1220.0,-614.0,0.0,0.0,0.0,0.0,0.0,0.0,0.0,0.0,0.0,0.0
-1218.0,-614.0,0.0,0.0,0.0,0.0,0.0,0.0,0.0,0.0,0.0,0.0
-1216.0,-614.0,0.0,0.0,0.0,0.0,0.0,0.0,0.0,0.0,0.0,0.0
-1214.0,-614.0,0.0,0.0,0.0,0.0,0.0,0.0,0.0,0.0,0.0,0.0
-1212.0,-614.0,0.0,0.0,0.0,0.0,0.0,0.0,0.0,0.0,0.0,0.0
-1210.0,-614.0,0.0,0.0,0.0,0.0,0.0,0.0,0.0,0.0,0.0,0.0
-1208.0,-614.0,0.0,0.0,0.0,0.0,0.0,0.0,0.0,0.0,0.0,0.0
-1206.0,-614.0,0.0,0.0,0.0,0.0,0.0,0.0,0.0,0.0,0.0,0.0
-1204.0,-614.0,0.0,0.0,0.0,0.0,0.0,0.0,0.0,0.0,0.0,0.0
-1202.0,-614.0,0.0,0.0,0.0,0.0,0.0,0.0,0.0,0.0,0.0,0.0
-1600.0,-612.0,-107.46,6.68726e-07,88.663,3.43363,91.337,-176.566,-1600.0,-612.0,-1400.0,-600.0
-1598.0,-612.0,-107.372,6.62067e-07,88.6496,3.46823,91.3504,-176.532,-1598.0,-612.0,-1400.0,-600.0
-1596.0,-612.0,-107.284,6.55407e-07,88.6359,3.50353,91.3641,-176.496,-1596.0,-612.0,-1400.0,-600.0
-1594.0,-612.0,-107.195,6.48749e-07,88.6219,3.53956,91.3781,-176.46,-1594.0,-612.0,-1400.0,-600.0
-1592.0,-612.0,-107.105,6.4209e-07,88.6076,3.57633,91.3924,-176.424,-1592.0,-612.0,-1400.0,-600.0
-1590.0,-612.0,-107.015,6.35432e-07,88.593,3.61388,91.407,-176.386,-1590.0,-612.0,-1400.0,-600.0
-1588.0,-612.0,-106.923,6.28774e-07,88.5781,3.65222,91.4219,-176.348,-1588.0,-612.0,-1400.0,-600.0
-1586.0,-612.0,-106.83,6.22116e-07,88.5629,3.69139,91.4371,-176.309,-1586.0,-612.0,-1400.0,-600.0
-1584.0,-612.0,-106.737,6.15468e-07,88.5141,3.7314,91.4859,-176.269,-1584.0,-612.0,-1400.0,-600.0
-1582.0,-612.0,-106.642,6.08834e-07,88.4184,3.77228,91.5816,-176.228,-1582.0,-612.0,-1400.0,-600.0
-1580.0,-612.0,-106.547,6.02202e-07,88.3205,3.81407,91.6795,-176.186,-1580.0,-612.0,-1400.0,-600.0
-1578.0,-612.0,-106.45,5.95572e-07,88.2205,3.8568,91.7795,-176.143,-1578.0,-612.0,-1400.0,-600.0
-1576.0,-612.0,-106.353,5.88944e-07,88.1182,3.90049,91.8818,-176.1,-1576.0,-612.0,-1400.0,-600.0
-1574.0,-612.0,-106.254,5.82318e-07,88.0136,3.94519,91.9864,-176.055,-1574.0,-612.0,-1400.0,-600.0
-1572.0,-612.0,-106.155,5.75695e-07,87.9066,3.99091,92.0934,-176.009,-1572.0,-612.0,-1400.0,-600.0
-1570.0,-612.0,-106.054,5.69074e-07,87.7972,4.03771,92.2028,-175.962,-1570.0,-612.0,-1400.0,-600.0
-1568.0,-612.0,-105.952,5.62456e-07,87.6851,4.08562,92.3149,-175.914,-1568.0,-612.0,-1400.0,-600.0
-1566.0,-612.0,-105.849,5.55841e-07,87.5703,4.13467,92.4297,-175.865,-1566.0,-612.0,-1400.0,-600.0
-1564.0,-612.0,-105.745,5.49228e-07,87.4529,4.18492,92.5471,-175.815,-1564.0,-612.0,-1400.0,-600.0
-1562.0,-612.0,-105.639,5.42616e-07,87.3355,4.23639,92.6645,-175.764,-1562.0,-612.0,-1400.0,-600.0
-1560.0,-612.0,-105.532,5.35995e-07,87.2423,4.28915,92.7577,-175.711,-1560.0,-612.0,-1400.0,-600.0
-1558.0,-612.0,-105.424,5.29376e-07,87.1467,4.34324,92.8533,-175.657,-1558.0,-612.0,-1400.0,-600.0
-1556.0,-612.0,-105.315,5.22759e-07,87.0488,4.39871,92.9512,-175.601,-1556.0,-612.0,-1400.0,-600.0
-1554.0,-612.0,-105.204,5.16145e-07,86.9483,4.4556,93.0517,-175.544,-1554.0,-612.0,-1400.0,-600.0
-1552.0,-612.0,-105.092,5.09532e-07,86.8452,4.51399,93.1548,-175.486,-1552.0,-612.0,-1400.0,-600.0
-1550.0,-612.0,-104.978,5.02921e-07,86.7394,4.57392,93.2606,-175.426,-1550.0,-612.0,-1400.0,-600.0
-1548.0,-612.0,-104.863,4.96313e-07,86.6308,4.63546,93.3692,-175.365,-1548.0,-612.0,-1400.0,-600.0
-1546.0,-612.0,-104.746,4.89707e-07,86.5193,4.69868,93.4807,-175.301,-1546.0,-612.0,-1400.0,-600.0
-1544.0,-612.0,-104.628,4.83104e-07,86.4047,4.76364,93.5953,-175.236,-1544.0,-612.0,-1400.0,-600.0
-1542.0,-612.0,-104.508,4.76503e-07,86.287,4.83042,93.713,-175.17,-1542.0,-612.0,-1400.0,-600.0
-1540.0,-612.0,-104.387,4.69905e-07,86.1659,4.89909,93.8341,-175.101,-1540.0,-612.0,-1400.0,-600.0
-1538.0,-612.0,-104.264,4.633e-07,86.0591,4.96974,93.9409,-175.03,-1538.0,-612.0,-1400.0,-600.0
-1536.0,-612.0,-104.138,4.56654e-07,86.0275,5.04245,93.9725,-174.958,-1536.0,-612.0,-1400.0,-600.0
-1534.0,-612.0,-104.01,4.50003e-07,86.0047,5.11731,93.9953,-174.883,-1534.0,-612.0,-1400.0,-600.0
-1532.0,-612.0,-103.88,4.43354e-07,85.9811,5.19443,94.0189,-174.806,-1532.0,-612.0,-1400.0,-600.0
-1530.0,-612.0,-103.749,4.36705e-07,85.9569,5.2739,94.0431,-174.726,-1530.0,-612.0,-1400.0,-600.0
-1528.0,-612.0,-103.615,4.30057e-07,85.9319,5.35583,94.0681,-174.644,-1528.0,-612.0,-1400.0,-600.0
-1526.0,-612.0,-103.48,4.23409e-07,85.9061,5.44033,94.0939,-174.56,-1526.0,-612.0,-1400.0,-600.0
-1524.0,-612.0,-103.342,4.16763e-07,85.8796,5.52754,94.1204,-174.472,-1524.0,-612.0,-1400.0,-600.0
-1522.0,-612.0,-103.202,4.10119e-07,85.8522,5.61758,94.1478,-174.382,-1522.0,-612.0,-1400.0,-600.0
-1520.0,-612.0,-103.06,4.03475e-07,85.8238,5.71059,94.1762,-174.289,-1520.0,-612.0,-1400.0,-600.0
-1518.0,-612.0,-102.916,3.96832e-07,85.7946,5.80673,94.2054,-174.193,-1518.0,-612.0,-1400.0,-600.0
-1516.0,-612.0,-102.769,3.90191e-07,85.7643,5.90614,94.2357,-174.094,-1516.0,-612.0,-1400.0,-600.0
-1514.0,-612.0,-102.619,3.83551e-07,85.7331,6.00901,94.2669,-173.991,-1514.0,-612.0,-1400.0,-600.0
-1512.0,-612.0,-102.467,3.76904e-07,85.7164,6.1155,94.2836,-173.884,-1512.0,-612.0,-1400.0,-600.0
-1510.0,-612.0,-102.312,3.70246e-07,85.7266,6.22583,94.2734,-173.774,-1510.0,-612.0,-1400.0,-600.0
-1508.0,-612.0,-102.154,3.63589e-07,85.7372,6.34019,94.2628,-173.66,-1508.0,-612.0,-1400.0,-600.0
-1506.0,-612.0,-101.994,3.56934e-07,85.7483,6.45882,94.2517,-173.541,-1506.0,-612.0,-1400.0,-600.0
-1504.0,-612.0,-101.83,3.5028e-07,85.7598,6.58194,94.2402,-173.418,-1504.0,-612.0,-1400.0,-600.0
-1502.0,-612.0,-101.663,3.43628e-07,85.7718,6.70984,94.2282,-173.29,-1502.0,-612.0,-1400.0,-600.0
-1500.0,-612.0,-101.493,3.36978e-07,85.7842,6.84277,94.2158,-173.157,-1500.0,-612.0,-1400.0,-600.0
-1498.0,-612.0,-101.32,3.30329e-07,85.7972,6.98106,94.2028,-173.019,-1498.0,-612.0,-1400.0,-600.0
-1496.0,-612.0,-101.143,3.23683e-07,85.8107,7.12502,94.1893,-172.875,-1496.0,-612.0,-1400.0,-600.0
-1494.0,-612.0,-100.963,3.17039e-07,85.8249,7.275,94.1751,-172.725,-1494.0,-612.0,-1400.0,-600.0
-1492.0,-612.0,-100.778,3.10396e-07,85.8397,7.43141,94.1603,-172.569,-1492.0,-612.0,-1400.0,-600.0
-1490.0,-612.0,-100.59,3.03758e-07,85.853,7.59464,94.147,-172.405,-1490.0,-612.0,-1400.0,-600.0
-1488.0,-612.0,-100.399,2.97152e-07,85.7867,7.76517,94.2133,-172.235,-1488.0,-612.0,-1400.0,-600.0
-1486.0,-612.0,-100.204,2.90559e-07,85.6909,7.94347,94.3091,-172.057,-1486.0,-612.0,-1400.0,-600.0
-1484.0,-612.0,-100.004,2.83971e-07,85.5907,8.1301,94.4093,-171.87,-1484.0,-612.0,-1400.0,-600.0
-1482.0,-612.0,-99.8004,2.77386e-07,85.4859,8.32565,94.5141,-171.674,-1482.0,-612.0,-1400.0,-600.0
-1480.0,-612.0,-99.5916,2.70805e-07,85.3759,8.53077,94.6241,-171.469,-1480.0,-612.0,-1400.0,-600.0
-1478.0,-612.0,-99.3778,2.6423e-07,85.2606,8.74616,94.7394,-171.254,-1478.0,-612.0,-1400.0,-600.0
-1476.0,-612.0,-99.1588,2.57659e-07,85.1395,8.97263,94.8605,-171.027,-1476.0,-612.0,-1400.0,-600.0
-1474.0,-612.0,-98.9343,2.51094e-07,85.012,9.21103,94.988,-170.789,-1474.0,-612.0,-1400.0,-600.0
-1472.0,-612.0,-98.7041,2.44534e-07,84.8779,9.46232,95.1221,-170.538,-1472.0,-612.0,-1400.0,-600.0
-1470.0,-612.0,-98.4679,2.37981e-07,84.7365,9.72758,95.2635,-170.272,-1470.0,-612.0,-1400.0,-600.0
-1468.0,-612.0,-98.2254,2.31435e-07,84.5871,10.008,95.4129,-169.992,-1468.0,-612.0,-1400.0,-600.0
-1466.0,-612.0,-97.9764,2.24901e-07,84.4154,10.3048,95.5846,-169.695,-1466.0,-612.0,-1400.0,-600.0
-1464.0,-612.0,-97.7213,2.18399e-07,84.1744,10.6197,95.8256,-169.38,-1464.0,-612.0,-1400.0,-600.0
-1462.0,-612.0,-97.459,2.11908e-07,83.9187,10.9541,96.0813,-169.046,-1462.0,-612.0,-1400.0,-600.0
-1460.0,-612.0,-97.189,2.0543e-07,83.6471,11.3099,96.3529,-168.69,-1460.0,-612.0,-1400.0,-600.0
-1458.0,-612.0,-96.911,1.98964e-07,83.3581,11.6894,96.6419,-168.311,-1458.0,-612.0,-1400.0,-600.0
-1456.0,-612.0,-96.6244,1.92513e-07,83.05,12.0948,96.95,-167.905,-1456.0,-612.0,-1400.0,-600.0
-1454.0,-612.0,-96.3288,1.86078e-07,82.721,12.5288,97.279,-167.471,-1454.0,-612.0,-1400.0,-600.0
-1452.0,-612.0,-96.0238,1.79661e-07,82.3689,12.9946,97.6311,-167.005,-1452.0,-612.0,-1400.0,-600.0
-1450.0,-612.0,-95.7086,1.73263e-07,81.9913,13.4957,98.0087,-166.504,-1450.0,-612.0,-1400.0,-600.0
-1448.0,-612.0,-95.3827,1.66888e-07,81.5855,14.0362,98.4145,-165.964,-1448.0,-612.0,-1400.0,-600.0
-1446.0,-612.0,-95.0455,1.60538e-07,81.1483,14.6209,98.8517,-165.379,-1446.0,-612.0,-1400.0,-600.0
-1444.0,-612.0,-94.6962,1.54215e-07,80.6763,15.2551,99.3237,-164.745,-1444.0,-612.0,-1400.0,-600.0
-1442.0,-612.0,-94.3342,1.47924e-07,80.1653,15.9454,99.8347,-164.055,-1442.0,-612.0,-1400.0,-600.0
-1440.0,-612.0,-93.9586,1.41668e-07,79.6106,16.6992,100.389,-163.301,-1440.0,-612.0,-1400.0,-600.0
-1438.0,-612.0,-93.5687,1.35453e-07,79.0068,17.5256,100.993,-162.474,-1438.0,-612.0,-1400.0,-600.0
-1436.0,-612.0,-93.1635,1.29284e-07,78.3478,18.4349,101.652,-161.565,-1436.0,-612.0,-1400.0,-600.0
-1434.0,-612.0,-92.7424,1.23168e-07,77.6264,19.44,102.374,-160.56,-1434.0,-612.0,-1400.0,-600.0
-1432.0,-612.0,-92.3043,1.17114e-07,76.8343,20.556,103.166,-159.444,-1432.0,-612.0,-1400.0,-600.0
-1430.0,-612.0,-91.8486,1.11132e-07,75.9621,21.8014,104.038,-158.199,-1430.0,-612.0,-1400.0,-600.0
-1428.0,-612.0,-91.3747,1.05233e-07,74.999,23.1986,105.001,-156.801,-1428.0,-612.0,-1400.0,-600.0
-1426.0,-612.0,-90.882,9.94333e-08,73.9327,24.7751,106.067,-155.225,-1426.0,-612.0,-1400.0,-600.0
-1424.0,-612.0,-90.3707,9.37507e-08,72.7496,26.5651,107.25,-153.435,-1424.0,-612.0,-1400.0,-600.0
-1422.0,-612.0,-89.8411,8.82079e-08,71.4353,28.6105,108.565,-151.39,-1422.0,-612.0,-1400.0,-600.0
-1420.0,-612.0,-89.2948,8.2833e-08,69.9747,30.9638,110.025,-149.036,-1420.0,-612.0,-1400.0,-600.0
-1418.0,-612.0,-88.7346,7.76608e-08,68.3542,33.6901,111.646,-146.31,-1418.0,-612.0,-1400.0,-600.0
-1416.0,-612.0,-88.1651,7.27346e-08,66.5641,36.8699,113.436,-143.13,-1416.0,-612.0,-1400.0,-600.0
-1414.0,-612.0,-87.5941,6.81078e-08,64.6037,40.6013,115.396,-139.399,-1414.0,-612.0,-1400.0,-600.0
-1412.0,-612.0,-87.0326,6.38456e-08,62.4889,45.0,117.511,-135.0,-1412.0,-612.0,-1400.0,-600.0
-1410.0,-612.0,-86.4965,6.00256e-08,60.2637,50.1944,119.736,-129.806,-1410.0,-612.0,-1400.0,-600.0
-1408.0,-612.0,-86.007,5.67372e-08,58.0133,56.3099,121.987,-123.69,-1408.0,-612.0,-1400.0,-600.0
-1406.0,-612.0,-85.5899,5.40775e-08,55.8761,63.4349,124.124,-116.565,-1406.0,-612.0,-1400.0,-600.0
-1404.0,-612.0,-85.2734,5.21428e-08,54.0414,71.5651,125.959,-108.435,-1404.0,-612.0,-1400.0,-600.0
-1402.0,-612.0,-85.0835,5.10156e-08,52.7211,80.5377,127.279,-99.4623,-1402.0,-612.0,-1400.0,-600.0
-1400.0,-612.0,-85.0381,5.07498e-08,52.0904,90.0,127.91,-90.0,-1400.0,-612.0,-1400.0,-600.0
-1398.0,-612.0,-85.1418,5.13588e-08,52.221,99.4623,127.779,-80.5377,-1398.0,-612.0,-1400.0,-600.0
-1396.0,-612.0,-85.3842,5.28123e-08,53.0519,108.435,126.948,-71.5651,-1396.0,-612.0,-1400.0,-600.0
-1394.0,-612.0,-85.7437,5.50434e-08,54.4197,116.565,125.58,-63.4349,-1394.0,-612.0,-1400.0,-600.0
-1392.0,-612.0,-86.1926,5.79624e-08,56.1237,123.69,123.876,-56.3099,-1392.0,-612.0,-1400.0,-600.0
-1390.0,-612.0,-86.7033,6.14714e-08,57.9834,129.806,122.017,-50.1944,-1390.0,-612.0,-1400.0,-600.0
-1388.0,-612.0,-87.2516,6.54756e-08,59.8646,135.0,120.135,-45.0,-1388.0,-612.0,-1400.0,-600.0
-1386.0,-612.0,-87.8185,6.98899e-08,61.682,139.399,118.318,-40.6013,-1386.0,-612.0,-1400.0,-600.0
-1384.0,-612.0,-88.39,7.46417e-08,63.3884,143.13,116.612,-36.8699,-1384.0,-612.0,-1400.0,-600.0
-1382.0,-612.0,-88.9566,7.96705e-08,64.9631,146.31,115.037,-33.6901,-1382.0,-612.0,-1400.0,-600.0
-1380.0,-612.0,-89.5118,8.49272e-08,66.4016,149.036,113.598,-30.9638,-1380.0,-612.0,-1400.0,-600.0
-1378.0,-612.0,-90.0517,9.03719e-08,67.7083,151.39,112.292,-28.6105,-1378.0,-612.0,-1400.0,-600.0
-1376.0,-612.0,-90.5742,9.59728e-08,68.8924,153.435,111.108,-26.5651,-1376.0,-612.0,-1400.0,-600.0
-1374.0,-612.0,-91.0783,1.01704e-07,69.9649,155.225,110.035,-24.7751,-1374.0,-612.0,-1400.0,-600.0
-1372.0,-612.0,-91.5635,1.07545e-07,70.9369,156.801,109.063,-23.1986,-1372.0,-612.0,-1400.0,-600.0
-1370.0,-612.0,-92.0207,1.13354e-07,72.0103,158.199,107.99,-21.8014,-1370.0,-612.0,-1400.0,-600.0
-1368.0,-612.0,-92.4522,1.19125e-07,73.1926,159.444,106.807,-20.556,-1368.0,-612.0,-1400.0,-600.0
-1366.0,-612.0,-92.8698,1.24987e-07,74.2712,160.56,105.729,-19.44,-1366.0,-612.0,-1400.0,-600.0
-1364.0,-612.0,-93.2735,1.3093e-07,75.2574,161.565,104.743,-18.4349,-1364.0,-612.0,-1400.0,-600.0
-1362.0,-612.0,-93.6637,1.36942e-07,76.1613,162.474,103.839,-17.5256,-1362.0,-612.0,-1400.0,-600.0
-1360.0,-612.0,-94.0409,1.43016e-07,76.9917,163.301,103.008,-16.6992,-1360.0,-612.0,-1400.0,-600.0
-1358.0,-612.0,-94.4055,1.49142e-07,77.7564,164.055,102.244,-15.9454,-1358.0,-612.0,-1400.0,-600.0
-1356.0,-612.0,-94.758,1.55316e-07,78.4624,164.745,101.538,-15.2551,-1356.0,-612.0,-1400.0,-600.0
-1354.0,-612.0,-95.0991,1.61532e-07,79.1157,165.379,100.884,-14.6209,-1354.0,-612.0,-1400.0,-600.0
-1352.0,-612.0,-95.4292,1.67784e-07,79.7216,165.964,100.278,-14.0362,-1352.0,-612.0,-1400.0,-600.0
-1350.0,-612.0,-95.7489,1.7407e-07,80.2848,166.504,99.7152,-13.4957,-1350.0,-612.0,-1400.0,-600.0
-1348.0,-612.0,-96.0587,1.80385e-07,80.8094,167.005,99.1906,-12.9946,-1348.0,-612.0,-1400.0,-600.0
-1346.0,-612.0,-96.362,1.86788e-07,81.1776,167.471,98.8224,-12.5288,-1346.0,-612.0,-1400.0,-600.0
-1344.0,-612.0,-96.6569,1.93234e-07,81.4741,167.905,98.5259,-12.0948,-1344.0,-612.0,-1400.0,-600.0
-1342.0,-612.0,-96.9428,1.99694e-07,81.7519,168.311,98.2481,-11.6894,-1342.0,-612.0,-1400.0,-600.0
-1340.0,-612.0,-97.2202,2.06168e-07,82.0127,168.69,97.9873,-11.3099,-1340.0,-612.0,-1400.0,-600.0
-1338.0,-612.0,-97.4895,2.12654e-07,82.2578,169.046,97.7422,-10.9541,-1338.0,-612.0,-1400.0,-600.0
-1336.0,-612.0,-97.7512,2.19152e-07,82.4887,169.38,97.5113,-10.6197,-1336.0,-612.0,-1400.0,-600.0
-1334.0,-612.0,-98.0056,2.2566e-07,82.7065,169.695,97.2935,-10.3048,-1334.0,-612.0,-1400.0,-600.0
-1332.0,-612.0,-98.2532,2.32177e-07,82.9123,169.992,97.0877,-10.008,-1332.0,-612.0,-1400.0,-600.0
-1330.0,-612.0,-98.4943,2.38703e-07,83.1071,170.272,96.8929,-9.72758,-1330.0,-612.0,-1400.0,-600.0
-1328.0,-612.0,-98.7291,2.45237e-07,83.2916,170.538,96.7084,-9.46232,-1328.0,-612.0,-1400.0,-600.0
-1326.0,-612.0,-98.958,2.51778e-07,83.4666,170.789,96.5334,-9.21103,-1326.0,-612.0,-1400.0,-600.0
-1324.0,-612.0,-99.1813,2.58326e-07,83.6329,171.027,96.3671,-8.97263,-1324.0,-612.0,-1400.0,-600.0
-1322.0,-612.0,-99.3991,2.6488e-07,83.7911,171.254,96.2089,-8.74616,-1322.0,-612.0,-1400.0,-600.0
-1320.0,-612.0,-99.6119,2.7144e-07,83.9418,171.469,96.0582,-8.53077,-1320.0,-612.0,-1400.0,-600.0
-1318.0,-612.0,-99.8198,2.78005e-07,84.0854,171.674,95.9146,-8.32565,-1318.0,-612.0,-1400.0,-600.0
-1316.0,-612.0,-100.023,2.84576e-07,84.2224,171.87,95.7776,-8.1301,-1316.0,-612.0,-1400.0,-600.0
-1314.0,-612.0,-100.222,2.91151e-07,84.3533,172.057,95.6467,-7.94347,-1314.0,-612.0,-1400.0,-600.0
-1312.0,-612.0,-100.416,2.9773e-07,84.4785,172.235,95.5215,-7.76517,-1312.0,-612.0,-1400.0,-600.0
-1310.0,-612.0,-100.606,3.04314e-07,84.5983,172.405,95.4017,-7.59464,-1310.0,-612.0,-1400.0,-600.0
-1308.0,-612.0,-100.792,3.10901e-07,84.7131,172.569,95.2869,-7.43141,-1308.0,-612.0,-1400.0,-600.0
-1306.0,-612.0,-100.975,3.17492e-07,84.8232,172.725,95.1768,-7.275,-1306.0,-612.0,-1400.0,-600.0
-1304.0,-612.0,-101.154,3.24087e-07,84.9288,172.875,95.0712,-7.12502,-1304.0,-612.0,-1400.0,-600.0
-1302.0,-612.0,-101.329,3.30684e-07,85.0302,173.019,94.9698,-6.98106,-1302.0,-612.0,-1400.0,-600.0
-1300.0,-612.0,-101.502,3.37303e-07,85.0907,173.157,94.9093,-6.84277,-1300.0,-612.0,-1400.0,-600.0
-1298.0,-612.0,-101.671,3.4393e-07,85.1384,173.29,94.8616,-6.70984,-1298.0,-612.0,-1400.0,-600.0
-1296.0,-612.0,-101.837,3.50559e-07,85.1844,173.418,94.8156,-6.58194,-1296.0,-612.0,-1400.0,-600.0
-1294.0,-612.0,-102.0,3.57189e-07,85.2286,173.541,94.7714,-6.45882,-1294.0,-612.0,-1400.0,-600.0
-1292.0,-612.0,-102.16,3.63822e-07,85.2713,173.66,94.7287,-6.34019,-1292.0,-612.0,-1400.0,-600.0
-1290.0,-612.0,-102.317,3.70456e-07,85.3125,173.774,94.6875,-6.22583,-1290.0,-612.0,-1400.0,-600.0
-1288.0,-612.0,-102.472,3.77092e-07,85.3522,173.884,94.6478,-6.1155,-1288.0,-612.0,-1400.0,-600.0
-1286.0,-612.0,-102.623,3.83729e-07,85.3906,173.991,94.6094,-6.00901,-1286.0,-612.0,-1400.0,-600.0
-1284.0,-612.0,-102.773,3.90367e-07,85.4277,174.094,94.5723,-5.90614,-1284.0,-612.0,-1400.0,-600.0
-1282.0,-612.0,-102.92,3.97007e-07,85.4635,174.193,94.5365,-5.80673,-1282.0,-612.0,-1400.0,-600.0
-1280.0,-612.0,-103.064,4.03649e-07,85.4982,174.289,94.5018,-5.71059,-1280.0,-612.0,-1400.0,-600.0
-1278.0,-612.0,-103.206,4.10291e-07,85.5318,174.382,94.4682,-5.61758,-1278.0,-612.0,-1400.0,-600.0
-1276.0,-612.0,-103.346,4.16924e-07,85.5838,174.472,94.4162,-5.52754,-1276.0,-612.0,-1400.0,-600.0
-1274.0,-612.0,-103.483,4.23569e-07,85.615,174.56,94.385,-5.44033,-1274.0,-612.0,-1400.0,-600.0
-1272.0,-612.0,-103.619,4.30215e-07,85.6452,174.644,94.3548,-5.35583,-1272.0,-612.0,-1400.0,-600.0
-1270.0,-612.0,-103.752,4.36862e-07,85.6746,174.726,94.3254,-5.2739,-1270.0,-612.0,-1400.0,-600.0
-1268.0,-612.0,-103.884,4.4351e-07,85.703,174.806,94.297,-5.19443,-1268.0,-612.0,-1400.0,-600.0
-1266.0,-612.0,-104.013,4.50159e-07,85.7307,174.883,94.2693,-5.11731,-1266.0,-612.0,-1400.0,-600.0
-1264.0,-612.0,-104.141,4.56809e-07,85.7575,174.958,94.2425,-5.04245,-1264.0,-612.0,-1400.0,-600.0
-1262.0,-612.0,-104.266,4.63459e-07,85.7836,175.03,94.2164,-4.96974,-1262.0,-612.0,-1400.0,-600.0
-1260.0,-612.0,-104.391,4.70111e-07,85.8089,175.101,94.1911,-4.89909,-1260.0,-612.0,-1400.0,-600.0
-1258.0,-612.0,-104.513,4.76763e-07,85.8336,175.17,94.1664,-4.83042,-1258.0,-612.0,-1400.0,-600.0
-1256.0,-612.0,-104.634,4.83416e-07,85.8576,175.236,94.1424,-4.76364,-1256.0,-612.0,-1400.0,-600.0
-1254.0,-612.0,-104.752,4.90068e-07,85.8836,175.301,94.1164,-4.69868,-1254.0,-612.0,-1400.0,-600.0
-1252.0,-612.0,-104.87,4.96716e-07,85.9173,175.365,94.0827,-4.63546,-1252.0,-612.0,-1400.0,-600.0
-1250.0,-612.0,-104.986,5.03391e-07,85.9072,175.426,94.0928,-4.57392,-1250.0,-612.0,-1400.0,-600.0
-1248.0,-612.0,-105.101,5.10067e-07,85.8974,175.486,94.1026,-4.51399,-1248.0,-612.0,-1400.0,-600.0
-1246.0,-612.0,-105.214,5.16743e-07,85.8879,175.544,94.1121,-4.4556,-1246.0,-612.0,-1400.0,-600.0
-1244.0,-612.0,-105.326,5.2342e-07,85.8786,175.601,94.1214,-4.39871,-1244.0,-612.0,-1400.0,-600.0
-1242.0,-612.0,-105.436,5.30097e-07,85.8695,175.657,94.1305,-4.34324,-1242.0,-612.0,-1400.0,-600.0
-1240.0,-612.0,-105.545,5.36775e-07,85.8607,175.711,94.1393,-4.28915,-1240.0,-612.0,-1400.0,-600.0
-1238.0,-612.0,-181.232,1.01467e-06,96.5437,11.5238,92.3554,0.443448,-1167.95,-598.204,-1220.27,-608.384
-1236.0,-612.0,-190.547,1.01003e-06,96.5872,11.8301,93.8231,0.483602,-1195.12,-598.271,-1219.53,-608.549
-1234.0,-612.0,-200.568,1.00266e-06,96.6967,12.9447,92.7961,0.702832,-1173.02,-597.216,-1219.12,-608.579
-1232.0,-612.0,-200.427,9.96134e-07,96.724,13.03,92.8101,0.617238,-1173.15,-597.556,-1218.2,-608.805
-1230.0,-612.0,-200.282,9.89612e-07,96.7527,13.1164,92.8242,0.530513,-1173.27,-597.901,-1217.27,-609.033
-1228.0,-612.0,-200.126,9.83117e-07,96.8395,13.2002,92.8387,0.441698,-1173.41,-598.253,-1215.76,-609.129
-1226.0,-612.0,0.0,0.0,0.0,0.0,0.0,0.0,0.0,0.0,0.0,0.0
-1224.0,-612.0,0.0,0.0,0.0,0.0,0.0,0.0,0.0,0.0,0.0,0.0
-1222.0,-612.0,0.0,0.0,0.0,0.0,0.0,0.0,0.0,0.0,0.0,0.0
-1220.0,-612.0,-170.482,9.63022e-07,99.655,15.4556,85.8643,8.56467,-1316.56,-587.433,-1212.43,-609.907
-1218.0,-612.0,0.0,0.0,0.0,0.0,0.0,0.0,0.0,0.0,0.0,0.0
-1216.0,-612.0,0.0,0.0,0.0,0.0,0.0,0.0,0.0,0.0,0.0,0.0
-1214.0,-612.0,0.0,0.0,0.0,0.0,0.0,0.0,0.0,0.0,0.0,0.0
-1212.0,-612.0,0.0,0.0,0.0,0.0,0.0,0.0,0.0,0.0,0.0,0.0
-1210.0,-612.0,0.0,0.0,0.0,0.0,0.0,0.0,0.0,0.0,0.0,0.0
-1208.0,-612.0,0.0,0.0,0.0,0.0,0.0,0.0,0.0,0.0,0.0,0.0
-1206.0,-612.0,0.0,0.0,0.0,0.0,0.0,0.0,0.0,0.0,0.0,0.0
-1204.0,-612.0,0.0,0.0,0.0,0.0,0.0,0.0,0.0,0.0,0.0,0.0
-1202.0,-612.0,0.0,0.0,0.0,0.0,0.0,0.0,0.0,0.0,0.0,0.0
-1600.0,-610.0,-107.455,6.68341e-07,88.7351,2.86241,91.2649,-177.138,-1600.0,-610.0,-1400.0,-600.0
-1598.0,-610.0,-107.367,6.61677e-07,88.7224,2.89127,91.2776,-177.109,-1598.0,-610.0,-1400.0,-600.0
-1596.0,-610.0,-107.279,6.55014e-07,88.7095,2.92072,91.2905,-177.079,-1596.0,-610.0,-1400.0,-600.0
-1594.0,-610.0,-107.19,6.48351e-07,88.6962,2.95078,91.3038,-177.049,-1594.0,-610.0,-1400.0,-600.0
-1592.0,-610.0,-107.1,6.41688e-07,88.6827,2.98146,91.3173,-177.019,-1592.0,-610.0,-1400.0,-600.0
-1590.0,-610.0,-107.009,6.35026e-07,88.6689,3.01279,91.3311,-176.987,-1590.0,-610.0,-1400.0,-600.0
-1588.0,-610.0,-106.917,6.28363e-07,88.6548,3.04478,91.3452,-176.955,-1588.0,-610.0,-1400.0,-600.0
-1586.0,-610.0,-106.824,6.21701e-07,88.6404,3.07746,91.3596,-176.923,-1586.0,-610.0,-1400.0,-600.0
-1584.0,-610.0,-106.731,6.1505e-07,88.5861,3.11084,91.4139,-176.889,-1584.0,-610.0,-1400.0,-600.0
-1582.0,-610.0,-106.636,6.0841e-07,88.4911,3.14496,91.5089,-176.855,-1582.0,-610.0,-1400.0,-600.0
-1580.0,-610.0,-106.541,6.01772e-07,88.394,3.17983,91.606,-176.82,-1580.0,-610.0,-1400.0,-600.0
-1578.0,-610.0,-106.444,5.95136e-07,88.2947,3.21548,91.7053,-176.785,-1578.0,-610.0,-1400.0,-600.0
-1576.0,-610.0,-106.346,5.88502e-07,88.1932,3.25195,91.8068,-176.748,-1576.0,-610.0,-1400.0,-600.0
-1574.0,-610.0,-106.248,5.81871e-07,88.0893,3.28924,91.9107,-176.711,-1574.0,-610.0,-1400.0,-600.0
-1572.0,-610.0,-106.148,5.75241e-07,87.9831,3.3274,92.0169,-176.673,-1572.0,-610.0,-1400.0,-600.0
-1570.0,-610.0,-106.047,5.68614e-07,87.8744,3.36646,92.1256,-176.634,-1570.0,-610.0,-1400.0,-600.0
-1568.0,-610.0,-105.945,5.61989e-07,87.7632,3.40644,92.2368,-176.594,-1568.0,-610.0,-1400.0,-600.0
-1566.0,-610.0,-105.842,5.55367e-07,87.6493,3.44739,92.3507,-176.553,-1566.0,-610.0,-1400.0,-600.0
-1564.0,-610.0,-105.737,5.48747e-07,87.5326,3.48932,92.4674,-176.511,-1564.0,-610.0,-1400.0,-600.0
-1562.0,-610.0,-105.632,5.4213e-07,87.4131,3.53229,92.5869,-176.468,-1562.0,-610.0,-1400.0,-600.0
-1560.0,-610.0,-105.525,5.35511e-07,87.3007,3.57633,92.6993,-176.424,-1560.0,-610.0,-1400.0,-600.0
-1558.0,-610.0,-105.416,5.28885e-07,87.2058,3.62148,92.7942,-176.379,-1558.0,-610.0,-1400.0,-600.0
-1556.0,-610.0,-105.306,5.22262e-07,87.1084,3.66779,92.8916,-176.332,-1556.0,-610.0,-1400.0,-600.0
-1554.0,-610.0,-105.195,5.1564e-07,87.0086,3.71529,92.9914,-176.285,-1554.0,-610.0,-1400.0,-600.0
-1552.0,-610.0,-105.083,5.0902e-07,86.9062,3.76403,93.0938,-176.236,-1552.0,-610.0,-1400.0,-600.0
-1550.0,-610.0,-104.969,5.02402e-07,86.801,3.81407,93.199,-176.186,-1550.0,-610.0,-1400.0,-600.0
-1548.0,-610.0,-104.853,4.95786e-07,86.6931,3.86546,93.3069,-176.135,-1548.0,-610.0,-1400.0,-600.0
-1546.0,-610.0,-104.737,4.89173e-07,86.5823,3.91825,93.4177,-176.082,-1546.0,-610.0,-1400.0,-600.0
-1544.0,-610.0,-104.618,4.82561e-07,86.4684,3.9725,93.5316,-176.028,-1544.0,-610.0,-1400.0,-600.0
-1542.0,-610.0,-104.498,4.75952e-07,86.3514,4.02826,93.6486,-175.972,-1542.0,-610.0,-1400.0,-600.0
-1540.0,-610.0,-104.376,4.69346e-07,86.231,4.08562,93.769,-175.914,-1540.0,-610.0,-1400.0,-600.0
-1538.0,-610.0,-104.253,4.62742e-07,86.1073,4.14462,93.8927,-175.855,-1538.0,-610.0,-1400.0,-600.0
-1536.0,-610.0,-104.127,4.56098e-07,86.0574,4.20536,93.9426,-175.795,-1536.0,-610.0,-1400.0,-600.0
-1534.0,-610.0,-103.999,4.4944e-07,86.0349,4.26789,93.9651,-175.732,-1534.0,-610.0,-1400.0,-600.0
-1532.0,-610.0,-103.869,4.42781e-07,86.0117,4.33231,93.9883,-175.668,-1532.0,-610.0,-1400.0,-600.0
-1530.0,-610.0,-103.737,4.36124e-07,85.9879,4.39871,94.0121,-175.601,-1530.0,-610.0,-1400.0,-600.0
-1528.0,-610.0,-103.603,4.29467e-07,85.9633,4.46716,94.0367,-175.533,-1528.0,-610.0,-1400.0,-600.0
-1526.0,-610.0,-103.468,4.22811e-07,85.9379,4.53777,94.0621,-175.462,-1526.0,-610.0,-1400.0,-600.0
-1524.0,-610.0,-103.329,4.16155e-07,85.9118,4.61065,94.0882,-175.389,-1524.0,-610.0,-1400.0,-600.0
-1522.0,-610.0,-103.189,4.09501e-07,85.8847,4.6859,94.1153,-175.314,-1522.0,-610.0,-1400.0,-600.0
-1520.0,-610.0,-103.047,4.02847e-07,85.8568,4.76364,94.1432,-175.236,-1520.0,-610.0,-1400.0,-600.0
-1518.0,-610.0,-102.902,3.96194e-07,85.828,4.844,94.172,-175.156,-1518.0,-610.0,-1400.0,-600.0
-1516.0,-610.0,-102.754,3.89542e-07,85.7982,4.92711,94.2018,-175.073,-1516.0,-610.0,-1400.0,-600.0
-1514.0,-610.0,-102.605,3.82897e-07,85.7563,5.01311,94.2437,-174.987,-1514.0,-610.0,-1400.0,-600.0
-1512.0,-610.0,-102.452,3.76233e-07,85.7522,5.10217,94.2478,-174.898,-1512.0,-610.0,-1400.0,-600.0
-1510.0,-610.0,-102.296,3.69563e-07,85.763,5.19443,94.237,-174.806,-1510.0,-610.0,-1400.0,-600.0
-1508.0,-610.0,-102.138,3.62894e-07,85.7742,5.29008,94.2258,-174.71,-1508.0,-610.0,-1400.0,-600.0
-1506.0,-610.0,-101.976,3.56226e-07,85.7859,5.38931,94.2141,-174.611,-1506.0,-610.0,-1400.0,-600.0
-1504.0,-610.0,-101.812,3.49559e-07,85.7979,5.49232,94.2021,-174.508,-1504.0,-610.0,-1400.0,-600.0
-1502.0,-610.0,-101.645,3.42893e-07,85.8105,5.59934,94.1895,-174.401,-1502.0,-610.0,-1400.0,-600.0
-1500.0,-610.0,-101.474,3.36229e-07,85.8236,5.71059,94.1764,-174.289,-1500.0,-610.0,-1400.0,-600.0
-1498.0,-610.0,-101.3,3.29566e-07,85.8372,5.82634,94.1628,-174.174,-1498.0,-610.0,-1400.0,-600.0
-1496.0,-610.0,-101.122,3.22904e-07,85.8514,5.94686,94.1486,-174.053,-1496.0,-610.0,-1400.0,-600.0
-1494.0,-610.0,-100.941,3.16244e-07,85.8663,6.07246,94.1337,-173.928,-1494.0,-610.0,-1400.0,-600.0
-1492.0,-610.0,-100.756,3.09586e-07,85.8817,6.20345,94.1183,-173.797,-1492.0,-610.0,-1400.0,-600.0
-1490.0,-610.0,-100.567,3.02931e-07,85.8916,6.34019,94.1084,-173.66,-1490.0,-610.0,-1400.0,-600.0
-1488.0,-610.0,-100.375,2.96321e-07,85.7884,6.48307,94.2116,-173.517,-1488.0,-610.0,-1400.0,-600.0
-1486.0,-610.0,-100.178,2.8971e-07,85.6922,6.63251,94.3078,-173.367,-1486.0,-610.0,-1400.0,-600.0
-1484.0,-610.0,-99.9777,2.83101e-07,85.5914,6.78897,94.4086,-173.211,-1484.0,-610.0,-1400.0,-600.0
-1482.0,-610.0,-99.7724,2.76496e-07,85.4859,6.95296,94.5141,-173.047,-1482.0,-610.0,-1400.0,-600.0
-1480.0,-610.0,-99.5622,2.69894e-07,85.3752,7.12502,94.6248,-172.875,-1480.0,-610.0,-1400.0,-600.0
-1478.0,-610.0,-99.347,2.63295e-07,85.2591,7.30576,94.7409,-172.694,-1478.0,-610.0,-1400.0,-600.0
-1476.0,-610.0,-99.1264,2.56701e-07,85.137,7.49586,94.863,-172.504,-1476.0,-610.0,-1400.0,-600.0
-1474.0,-610.0,-98.9002,2.5011e-07,85.0085,7.69605,94.9915,-172.304,-1474.0,-610.0,-1400.0,-600.0
-1472.0,-610.0,-98.6681,2.43524e-07,84.8732,7.90716,95.1268,-172.093,-1472.0,-610.0,-1400.0,-600.0
-1470.0,-610.0,-98.4299,2.36943e-07,84.7304,8.1301,95.2696,-171.87,-1470.0,-610.0,-1400.0,-600.0
-1468.0,-610.0,-98.1852,2.30367e-07,84.5796,8.36589,95.4204,-171.634,-1468.0,-610.0,-1400.0,-600.0
-1466.0,-610.0,-97.9338,2.23803e-07,84.4061,8.61565,95.5939,-171.384,-1466.0,-610.0,-1400.0,-600.0
-1464.0,-610.0,-97.6761,2.17268e-07,84.1626,8.88066,95.8374,-171.119,-1464.0,-610.0,-1400.0,-600.0
-1462.0,-610.0,-97.411,2.10742e-07,83.9042,9.16235,96.0958,-170.838,-1462.0,-610.0,-1400.0,-600.0
-1460.0,-610.0,-97.1379,2.04226e-07,83.6294,9.46232,96.3706,-170.538,-1460.0,-610.0,-1400.0,-600.0
-1458.0,-610.0,-96.8565,1.97721e-07,83.3367,9.78241,96.6633,-170.218,-1458.0,-610.0,-1400.0,-600.0
-1456.0,-610.0,-96.5662,1.91228e-07,83.0244,10.1247,96.9756,-169.875,-1456.0,-610.0,-1400.0,-600.0
-1454.0,-610.0,-96.2665,1.84748e-07,82.6904,10.4915,97.3096,-169.509,-1454.0,-610.0,-1400.0,-600.0
-1452.0,-610.0,-95.9568,1.78283e-07,82.3325,10.8855,97.6675,-169.114,-1452.0,-610.0,-1400.0,-600.0
-1450.0,-610.0,-95.6366,1.71834e-07,81.9481,11.3099,98.0519,-168.69,-1450.0,-610.0,-1400.0,-600.0
-1448.0,-610.0,-95.305,1.65404e-07,81.5342,11.7683,98.4658,-168.232,-1448.0,-610.0,-1400.0,-600.0
-1446.0,-610.0,-94.9614,1.58994e-07,81.0875,12.2648,98.9125,-167.735,-1446.0,-610.0,-1400.0,-600.0
-1444.0,-610.0,-94.6051,1.52607e-07,80.6041,12.8043,99.3959,-167.196,-1444.0,-610.0,-1400.0,-600.0
-1442.0,-610.0,-94.235,1.46246e-07,80.0795,13.3925,99.9205,-166.608,-1442.0,-610.0,-1400.0,-600.0
-1440.0,-610.0,-93.8504,1.39916e-07,79.5085,14.0362,100.491,-165.964,-1440.0,-610.0,-1400.0,-600.0
-1438.0,-610.0,-93.4502,1.33619e-07,78.8851,14.7436,101.115,-165.256,-1438.0,-610.0,-1400.0,-600.0
-1436.0,-610.0,-93.0333,1.27361e-07,78.202,15.5241,101.798,-164.476,-1436.0,-610.0,-1400.0,-600.0
-1434.0,-610.0,-92.5986,1.21148e-07,77.4512,16.3895,102.549,-163.61,-1434.0,-610.0,-1400.0,-600.0
-1432.0,-610.0,-92.145,1.14987e-07,76.6227,17.354,103.377,-162.646,-1432.0,-610.0,-1400.0,-600.0
-1430.0,-610.0,-91.6714,1.08888e-07,75.7054,18.4349,104.295,-161.565,-1430.0,-610.0,-1400.0,-600.0
-1428.0,-610.0,-91.1765,1.0286e-07,74.6857,19.6538,105.314,-160.346,-1428.0,-610.0,-1400.0,-600.0
-1426.0,-610.0,-90.6594,9.69184e-08,73.548,21.0375,106.452,-158.962,-1426.0,-610.0,-1400.0,-600.0
-1424.0,-610.0,-90.1194,9.10788e-08,72.2741,22.6199,107.726,-157.38,-1424.0,-610.0,-1400.0,-600.0
-1422.0,-610.0,-89.5562,8.53624e-08,70.8434,24.444,109.157,-155.556,-1422.0,-610.0,-1400.0,-600.0
-1420.0,-610.0,-88.9702,7.97958e-08,69.2327,26.5651,110.767,-153.435,-1420.0,-610.0,-1400.0,-600.0
-1418.0,-610.0,-88.3633,7.44125e-08,67.4178,29.0546,112.582,-150.945,-1418.0,-610.0,-1400.0,-600.0
-1416.0,-610.0,-87.7393,6.92554e-08,65.3754,32.0054,114.625,-147.995,-1416.0,-610.0,-1400.0,-600.0
-1414.0,-610.0,-87.1048,6.43787e-08,63.0889,35.5377,116.911,-144.462,-1414.0,-610.0,-1400.0,-600.0
-1412.0,-610.0,-86.4712,5.98511e-08,60.5573,39.8056,119.443,-140.194,-1412.0,-610.0,-1400.0,-600.0
-1410.0,-610.0,-85.8557,5.57577e-08,57.8126,45.0,122.187,-135.0,-1410.0,-610.0,-1400.0,-600.0
-1408.0,-610.0,-85.283,5.22008e-08,54.9436,51.3402,125.056,-128.66,-1408.0,-610.0,-1400.0,-600.0
-1406.0,-610.0,-84.7857,4.92965e-08,52.1254,59.0362,127.875,-120.964,-1406.0,-610.0,-1400.0,-600.0
-1404.0,-610.0,-84.4018,4.71657e-08,49.6359,68.1986,130.364,-111.801,-1404.0,-610.0,-1400.0,-600.0
-1402.0,-610.0,-84.1685,4.5916e-08,47.8246,78.6901,132.175,-101.31,-1402.0,-610.0,-1400.0,-600.0
-1400.0,-610.0,-84.1123,4.562e-08,47.0052,90.0,132.995,-90.0,-1400.0,-610.0,-1400.0,-600.0
-1398.0,-610.0,-84.2401,4.62961e-08,47.3079,101.31,132.692,-78.6901,-1398.0,-610.0,-1400.0,-600.0
-1396.0,-610.0,-84.5366,4.79029e-08,48.6091,111.801,131.391,-68.1986,-1396.0,-610.0,-1400.0,-600.0
-1394.0,-610.0,-84.9618,5.0306e-08,50.6707,120.964,129.329,-59.0362,-1394.0,-610.0,-1400.0,-600.0
-1392.0,-610.0,-85.4939,5.34834e-08,53.0305,128.66,126.97,-51.3402,-1392.0,-610.0,-1400.0,-600.0
-1390.0,-610.0,-86.0877,5.72668e-08,55.4882,135.0,124.512,-45.0,-1390.0,-610.0,-1400.0,-600.0
-1388.0,-610.0,-86.7136,6.15444e-08,57.8748,140.194,122.125,-39.8056,-1388.0,-610.0,-1400.0,-600.0
-1386.0,-610.0,-87.3499,6.62207e-08,60.101,144.462,119.899,-35.5377,-1386.0,-610.0,-1400.0,-600.0
-1384.0,-610.0,-87.9819,7.12171e-08,62.1308,147.995,117.869,-32.0054,-1384.0,-610.0,-1400.0,-600.0
-1382.0,-610.0,-88.6004,7.64709e-08,63.9585,150.945,116.041,-29.0546,-1382.0,-610.0,-1400.0,-600.0
-1380.0,-610.0,-89.1998,8.19325e-08,65.5944,153.435,114.406,-26.5651,-1380.0,-610.0,-1400.0,-600.0
-1378.0,-610.0,-89.7774,8.75632e-08,67.0555,155.556,112.944,-24.444,-1378.0,-610.0,-1400.0,-600.0
-1376.0,-610.0,-90.3318,9.33323e-08,68.3609,157.38,111.639,-22.6199,-1376.0,-610.0,-1400.0,-600.0
-1374.0,-610.0,-90.863,9.92157e-08,69.5292,158.962,110.471,-21.0375,-1374.0,-610.0,-1400.0,-600.0
-1372.0,-610.0,-91.3715,1.05194e-07,70.5775,160.346,109.422,-19.6538,-1372.0,-610.0,-1400.0,-600.0
-1370.0,-610.0,-91.8413,1.11037e-07,71.8561,161.565,108.144,-18.4349,-1370.0,-610.0,-1400.0,-600.0
-1368.0,-610.0,-92.2902,1.16924e-07,73.0877,162.646,106.912,-17.354,-1368.0,-610.0,-1400.0,-600.0
-1366.0,-610.0,-92.723,1.22894e-07,74.2053,163.61,105.795,-16.3895,-1366.0,-610.0,-1400.0,-600.0
-1364.0,-610.0,-93.14,1.28935e-07,75.2224,164.476,104.778,-15.5241,-1364.0,-610.0,-1400.0,-600.0
-1362.0,-610.0,-93.542,1.35038e-07,76.1508,165.256,103.849,-14.7436,-1362.0,-610.0,-1400.0,-600.0
-1360.0,-610.0,-93.9295,1.41195e-07,77.0007,165.964,102.999,-14.0362,-1360.0,-610.0,-1400.0,-600.0
-1358.0,-610.0,-94.3033,1.47399e-07,77.781,166.608,102.219,-13.3925,-1358.0,-610.0,-1400.0,-600.0
-1356.0,-610.0,-94.664,1.53644e-07,78.4994,167.196,101.501,-12.8043,-1356.0,-610.0,-1400.0,-600.0
-1354.0,-610.0,-95.0123,1.59926e-07,79.1626,167.735,100.837,-12.2648,-1354.0,-610.0,-1400.0,-600.0
-1352.0,-610.0,-95.3489,1.66241e-07,79.7763,168.232,100.224,-11.7683,-1352.0,-610.0,-1400.0,-600.0
-1350.0,-610.0,-95.6744,1.72584e-07,80.3457,168.69,99.6543,-11.3099,-1350.0,-610.0,-1400.0,-600.0
-1348.0,-610.0,-95.9904,1.78973e-07,80.8355,169.114,99.1645,-10.8855,-1348.0,-610.0,-1400.0,-600.0
-1346.0,-610.0,-96.2995,1.8545e-07,81.1582,169.509,98.8418,-10.4915,-1346.0,-610.0,-1400.0,-600.0
-1344.0,-610.0,-96.5985,1.91941e-07,81.4594,169.875,98.5406,-10.1247,-1344.0,-610.0,-1400.0,-600.0
-1342.0,-610.0,-96.8882,1.98443e-07,81.7413,170.218,98.2587,-9.78241,-1342.0,-610.0,-1400.0,-600.0
-1340.0,-610.0,-97.169,2.04957e-07,82.0055,170.538,97.9945,-9.46232,-1340.0,-610.0,-1400.0,-600.0
-1338.0,-610.0,-97.4414,2.1148e-07,82.2536,170.838,97.7464,-9.16235,-1338.0,-610.0,-1400.0,-600.0
-1336.0,-610.0,-97.7059,2.18013e-07,82.4871,171.119,97.5129,-8.88066,-1336.0,-610.0,-1400.0,-600.0
-1334.0,-610.0,-97.9629,2.24554e-07,82.7071,171.384,97.2929,-8.61565,-1334.0,-610.0,-1400.0,-600.0
-1332.0,-610.0,-98.2129,2.31102e-07,82.9149,171.634,97.0851,-8.36589,-1332.0,-610.0,-1400.0,-600.0
-1330.0,-610.0,-98.4561,2.37657e-07,83.1112,171.87,96.8888,-8.1301,-1330.0,-610.0,-1400.0,-600.0
-1328.0,-610.0,-98.6929,2.44219e-07,83.2972,172.093,96.7028,-7.90716,-1328.0,-610.0,-1400.0,-600.0
-1326.0,-610.0,-98.9237,2.50787e-07,83.4735,172.304,96.5265,-7.69605,-1326.0,-610.0,-1400.0,-600.0
-1324.0,-610.0,-99.1487,2.5736e-07,83.6409,172.504,96.3591,-7.49586,-1324.0,-610.0,-1400.0,-600.0
-1322.0,-610.0,-99.3682,2.63938e-07,83.8,172.694,96.2,-7.30576,-1322.0,-610.0,-1400.0,-600.0
-1320.0,-610.0,-99.5824,2.70521e-07,83.9514,172.875,96.0486,-7.12502,-1320.0,-610.0,-1400.0,-600.0
-1318.0,-610.0,-99.7916,2.77108e-07,84.0957,173.047,95.9043,-6.95296,-1318.0,-610.0,-1400.0,-600.0
-1316.0,-610.0,-99.9961,2.83699e-07,84.2334,173.211,95.7666,-6.78897,-1316.0,-610.0,-1400.0,-600.0
-1314.0,-610.0,-100.196,2.90294e-07,84.3648,173.367,95.6352,-6.63251,-1314.0,-610.0,-1400.0,-600.0
-1312.0,-610.0,-100.391,2.96893e-07,84.4905,173.517,95.5095,-6.48307,-1312.0,-610.0,-1400.0,-600.0
-1310.0,-610.0,-100.583,3.03494e-07,84.6107,173.66,95.3893,-6.34019,-1310.0,-610.0,-1400.0,-600.0
-1308.0,-610.0,-100.77,3.10099e-07,84.7258,173.797,95.2742,-6.20345,-1308.0,-610.0,-1400.0,-600.0
-1306.0,-610.0,-100.953,3.16707e-07,84.8361,173.928,95.1639,-6.07246,-1306.0,-610.0,-1400.0,-600.0
-1304.0,-610.0,-101.133,3.23317e-07,84.942,174.053,95.058,-5.94686,-1304.0,-610.0,-1400.0,-600.0
-1302.0,-610.0,-101.309,3.2993e-07,85.0436,174.174,94.9564,-5.82634,-1302.0,-610.0,-1400.0,-600.0
-1300.0,-610.0,-101.482,3.36558e-07,85.1158,174.289,94.8842,-5.71059,-1300.0,-610.0,-1400.0,-600.0
-1298.0,-610.0,-101.652,3.43199e-07,85.1633,174.401,94.8367,-5.59934,-1298.0,-610.0,-1400.0,-600.0
-1296.0,-610.0,-101.819,3.49842e-07,85.209,174.508,94.791,-5.49232,-1296.0,-610.0,-1400.0,-600.0
-1294.0,-610.0,-101.983,3.56486e-07,85.2531,174.611,94.7469,-5.38931,-1294.0,-610.0,-1400.0,-600.0
-1292.0,-610.0,-102.143,3.63131e-07,85.2956,174.71,94.7044,-5.29008,-1292.0,-610.0,-1400.0,-600.0
-1290.0,-610.0,-102.301,3.69777e-07,85.3365,174.806,94.6635,-5.19443,-1290.0,-610.0,-1400.0,-600.0
-1288.0,-610.0,-102.456,3.76424e-07,85.376,174.898,94.624,-5.10217,-1288.0,-610.0,-1400.0,-600.0
-1286.0,-610.0,-102.609,3.83073e-07,85.4142,174.987,94.5858,-5.01311,-1286.0,-610.0,-1400.0,-600.0
-1284.0,-610.0,-102.758,3.89723e-07,85.451,175.073,94.549,-4.92711,-1284.0,-610.0,-1400.0,-600.0
-1282.0,-610.0,-102.906,3.96373e-07,85.4867,175.156,94.5133,-4.844,-1282.0,-610.0,-1400.0,-600.0
-1280.0,-610.0,-103.05,4.03025e-07,85.5211,175.236,94.4789,-4.76364,-1280.0,-610.0,-1400.0,-600.0
-1278.0,-610.0,-103.193,4.09678e-07,85.5545,175.314,94.4455,-4.6859,-1278.0,-610.0,-1400.0,-600.0
-1276.0,-610.0,-103.333,4.16331e-07,85.5868,175.389,94.4132,-4.61065,-1276.0,-610.0,-1400.0,-600.0
-1274.0,-610.0,-103.471,4.22985e-07,85.6181,175.462,94.3819,-4.53777,-1274.0,-610.0,-1400.0,-600.0
-1272.0,-610.0,-103.607,4.2964e-07,85.6484,175.533,94.3516,-4.46716,-1272.0,-610.0,-1400.0,-600.0
-1270.0,-610.0,-103.741,4.36296e-07,85.6778,175.601,94.3222,-4.39871,-1270.0,-610.0,-1400.0,-600.0
-1268.0,-610.0,-103.873,4.42952e-07,85.7063,175.668,94.2937,-4.33231,-1268.0,-610.0,-1400.0,-600.0
-1266.0,-610.0,-104.002,4.49609e-07,85.734,175.732,94.266,-4.26789,-1266.0,-610.0,-1400.0,-600.0
-1264.0,-610.0,-104.13,4.56267e-07,85.7609,175.795,94.2391,-4.20536,-1264.0,-610.0,-1400.0,-600.0
-1262.0,-610.0,-104.256,4.62926e-07,85.787,175.855,94.213,-4.14462,-1262.0,-610.0,-1400.0,-600.0
-1260.0,-610.0,-104.381,4.69585e-07,85.8124,175.914,94.1876,-4.08562,-1260.0,-610.0,-1400.0,-600.0
-1258.0,-610.0,-104.503,4.76244e-07,85.8371,175.972,94.1629,-4.02826,-1258.0,-610.0,-1400.0,-600.0
-1256.0,-610.0,-104.624,4.82904e-07,85.8611,176.028,94.1389,-3.9725,-1256.0,-610.0,-1400.0,-600.0
-1254.0,-610.0,-104.744,4.89565e-07,85.8845,176.082,94.1155,-3.91825,-1254.0,-610.0,-1400.0,-600.0
-1252.0,-610.0,-104.861,4.96238e-07,85.8883,176.135,94.1117,-3.86546,-1252.0,-610.0,-1400.0,-600.0
-1250.0,-610.0,-104.978,5.02919e-07,85.8787,176.186,94.1213,-3.81407,-1250.0,-610.0,-1400.0,-600.0
-1248.0,-610.0,-105.093,5.09602e-07,85.8693,176.236,94.1307,-3.76403,-1248.0,-610.0,-1400.0,-600.0
-1246.0,-610.0,-105.206,5.16284e-07,85.8602,176.285,94.1398,-3.71529,-1246.0,-610.0,-1400.0,-600.0
-1244.0,-610.0,-105.318,5.22967e-07,85.8513,176.332,94.1487,-3.66779,-1244.0,-610.0,-1400.0,-600.0
-1242.0,-610.0,-105.429,5.2965e-07,85.8427,176.379,94.1573,-3.62148,-1242.0,-610.0,-1400.0,-600.0
-1240.0,-610.0,-105.538,5.36334e-07,85.8342,176.424,94.1658,-3.57633,-1240.0,-610.0,-1400.0,-600.0
-1238.0,-610.0,-184.943,1.01475e-06,98.0317,10.756,93.8102,0.736463,-1194.98,-597.365,-1225.77,-607.677
-1236.0,-610.0,-181.274,1.00677e-06,96.6554,11.2168,92.3564,0.738361,-1168.06,-597.011,-1221.2,-607.065
-1234.0,-610.0,-180.996,1.00021e-06,96.6845,11.2902,92.3561,0.663245,-1168.04,-597.315,-1220.32,-607.268
-1232.0,-610.0,-171.927,9.99793e-07,99.5563,14.3099,86.3059,7.8043,-1306.37,-587.167,-1224.4,-608.062
-1230.0,-610.0,-171.743,9.93325e-07,99.5707,14.4231,86.2622,7.87956,-1307.49,-587.197,-1223.03,-608.207
-1228.0,-610.0,-171.678,9.86919e-07,99.6102,14.5327,86.2102,7.96893,-1308.78,-587.23,-1220.91,-608.163
-1226.0,-610.0,-171.598,9.80504e-07,99.645,14.6444,86.159,8.05701,-1310.02,-587.263,-1218.95,-608.159
-1224.0,-610.0,-171.526,9.74094e-07,99.6805,14.7572,86.107,8.14649,-1311.24,-587.295,-1216.99,-608.154
-1222.0,-610.0,-171.462,9.67687e-07,99.7165,14.8713,86.0542,8.2374,-1312.46,-587.326,-1215.03,-608.15
-1220.0,-610.0,-169.262,6.80535e-07,93.9827,165.168,93.9827,35.7331,-1385.93,-589.879,-1228.65,-607.71
-1218.0,-610.0,-163.773,8.31241e-07,93.2403,152.555,93.2403,54.9672,-1393.06,-590.097,-1226.44,-605.617
-1216.0,-610.0,0.0,0.0,0.0,0.0,0.0,0.0,0.0,0.0,0.0,0.0
-1214.0,-610.0,0.0,0.0,0.0,0.0,0.0,0.0,0.0,0.0,0.0,0.0
-1212.0,-610.0,0.0,0.0,0.0,0.0,0.0,0.0,0.0,0.0,0.0,0.0
-1210.0,-610.0,0.0,0.0,0.0,0.0,0.0,0.0,0.0,0.0,0.0,0.0
-1208.0,-610.0,0.0,0.0,0.0,0.0,0.0,0.0,0.0,0.0,0.0,0.0
-1206.0,-610.0,-124.437,6.58965e-07,89.7439,170.892,94.5168,11.6373,-1342.24,-588.104,-1233.14,-605.65
-1204.0,-610.0,0.0,0.0,0.0,0.0,0.0,0.0,0.0,0.0,0.0,0.0
-1202.0,-610.0,0.0,0.0,0.0,0.0,0.0,0.0,0.0,0.0,0.0,0.0
-1600.0,-608.0,-107.45,6.68013e-07,88.8456,2.29061,91.1544,-177.709,-1600.0,-608.0,-1400.0,-600.0
-1598.0,-608.0,-107.363,6.61347e-07,88.834,2.31372,91.166,-177.686,-1598.0,-608.0,-1400.0,-600.0
-1596.0,-608.0,-107.275,6.5468e-07,88.8221,2.33731,91.1779,-177.663,-1596.0,-608.0,-1400.0,-600.0
-1594.0,-608.0,-107.185,6.48014e-07,88.8101,2.36137,91.1899,-177.639,-1594.0,-608.0,-1400.0,-600.0
-1592.0,-608.0,-107.095,6.41347e-07,88.7977,2.38594,91.2023,-177.614,-1592.0,-608.0,-1400.0,-600.0
-1590.0,-608.0,-107.004,6.34681e-07,88.7851,2.41103,91.2149,-177.589,-1590.0,-608.0,-1400.0,-600.0
-1588.0,-608.0,-106.912,6.28015e-07,88.7722,2.43665,91.2278,-177.563,-1588.0,-608.0,-1400.0,-600.0
-1586.0,-608.0,-106.819,6.21349e-07,88.7591,2.46282,91.2409,-177.537,-1586.0,-608.0,-1400.0,-600.0
-1584.0,-608.0,-106.726,6.14694e-07,88.7013,2.48955,91.2987,-177.51,-1584.0,-608.0,-1400.0,-600.0
-1582.0,-608.0,-106.631,6.08053e-07,88.5919,2.51688,91.4081,-177.483,-1582.0,-608.0,-1400.0,-600.0
-1580.0,-608.0,-106.535,6.0141e-07,88.4959,2.5448,91.5041,-177.455,-1580.0,-608.0,-1400.0,-600.0
-1578.0,-608.0,-106.439,5.94768e-07,88.3976,2.57336,91.6024,-177.427,-1578.0,-608.0,-1400.0,-600.0
-1576.0,-608.0,-106.341,5.88129e-07,88.2972,2.60256,91.7028,-177.397,-1576.0,-608.0,-1400.0,-600.0
-1574.0,-608.0,-106.242,5.81491e-07,88.1945,2.63243,91.8055,-177.368,-1574.0,-608.0,-1400.0,-600.0
-1572.0,-608.0,-106.142,5.74856e-07,88.0894,2.663,91.9106,-177.337,-1572.0,-608.0,-1400.0,-600.0
-1570.0,-608.0,-106.041,5.68223e-07,87.9819,2.69428,92.0181,-177.306,-1570.0,-608.0,-1400.0,-600.0
-1568.0,-608.0,-105.939,5.61592e-07,87.8718,2.72631,92.1282,-177.274,-1568.0,-608.0,-1400.0,-600.0
-1566.0,-608.0,-105.835,5.54963e-07,87.7591,2.75911,92.2409,-177.241,-1566.0,-608.0,-1400.0,-600.0
-1564.0,-608.0,-105.731,5.48336e-07,87.6436,2.7927,92.3564,-177.207,-1564.0,-608.0,-1400.0,-600.0
-1562.0,-608.0,-105.625,5.41713e-07,87.5253,2.82712,92.4747,-177.173,-1562.0,-608.0,-1400.0,-600.0
-1560.0,-608.0,-105.518,5.35091e-07,87.4042,2.86241,92.5958,-177.138,-1560.0,-608.0,-1400.0,-600.0
-1558.0,-608.0,-105.409,5.28465e-07,87.2972,2.89858,92.7028,-177.101,-1558.0,-608.0,-1400.0,-600.0
-1556.0,-608.0,-105.299,5.21835e-07,87.201,2.93567,92.799,-177.064,-1556.0,-608.0,-1400.0,-600.0
-1554.0,-608.0,-105.188,5.15207e-07,87.1022,2.97373,92.8978,-177.026,-1554.0,-608.0,-1400.0,-600.0
-1552.0,-608.0,-105.075,5.0858e-07,87.0009,3.01279,92.9991,-176.987,-1552.0,-608.0,-1400.0,-600.0
-1550.0,-608.0,-104.961,5.01955e-07,86.8969,3.05288,93.1031,-176.947,-1550.0,-608.0,-1400.0,-600.0
-1548.0,-608.0,-104.846,4.95333e-07,86.7901,3.09406,93.2099,-176.906,-1548.0,-608.0,-1400.0,-600.0
-1546.0,-608.0,-104.728,4.88712e-07,86.6804,3.13636,93.3196,-176.864,-1546.0,-608.0,-1400.0,-600.0
-1544.0,-608.0,-104.61,4.82093e-07,86.5678,3.17983,93.4322,-176.82,-1544.0,-608.0,-1400.0,-600.0
-1542.0,-608.0,-104.489,4.75477e-07,86.452,3.22452,93.548,-176.775,-1542.0,-608.0,-1400.0,-600.0
-1540.0,-608.0,-104.367,4.68863e-07,86.3329,3.27049,93.6671,-176.73,-1540.0,-608.0,-1400.0,-600.0
-1538.0,-608.0,-104.244,4.62251e-07,86.2104,3.31778,93.7896,-176.682,-1538.0,-608.0,-1400.0,-600.0
-1536.0,-608.0,-104.118,4.556e-07,86.1619,3.36646,93.8381,-176.634,-1536.0,-608.0,-1400.0,-600.0
-1534.0,-608.0,-103.989,4.48935e-07,86.1409,3.41659,93.8591,-176.583,-1534.0,-608.0,-1400.0,-600.0
-1532.0,-608.0,-103.859,4.42269e-07,86.1192,3.46823,93.8808,-176.532,-1532.0,-608.0,-1400.0,-600.0
-1530.0,-608.0,-103.727,4.35605e-07,86.0969,3.52145,93.9031,-176.479,-1530.0,-608.0,-1400.0,-600.0
-1528.0,-608.0,-103.593,4.2894e-07,86.0739,3.57633,93.9261,-176.424,-1528.0,-608.0,-1400.0,-600.0
-1526.0,-608.0,-103.457,4.22276e-07,86.0502,3.63295,93.9498,-176.367,-1526.0,-608.0,-1400.0,-600.0
-1524.0,-608.0,-103.318,4.15613e-07,86.0257,3.69139,93.9743,-176.309,-1524.0,-608.0,-1400.0,-600.0
-1522.0,-608.0,-103.177,4.0895e-07,86.0004,3.75173,93.9996,-176.248,-1522.0,-608.0,-1400.0,-600.0
-1520.0,-608.0,-103.035,4.02288e-07,85.9743,3.81407,94.0257,-176.186,-1520.0,-608.0,-1400.0,-600.0
-1518.0,-608.0,-102.889,3.95626e-07,85.9473,3.87852,94.0527,-176.121,-1518.0,-608.0,-1400.0,-600.0
-1516.0,-608.0,-102.741,3.88965e-07,85.9194,3.94519,94.0806,-176.055,-1516.0,-608.0,-1400.0,-600.0
-1514.0,-608.0,-102.592,3.82341e-07,85.815,4.01418,94.185,-175.986,-1514.0,-608.0,-1400.0,-600.0
-1512.0,-608.0,-102.439,3.75668e-07,85.8118,4.08562,94.1882,-175.914,-1512.0,-608.0,-1400.0,-600.0
-1510.0,-608.0,-102.283,3.68988e-07,85.8236,4.15964,94.1764,-175.84,-1510.0,-608.0,-1400.0,-600.0
-1508.0,-608.0,-102.124,3.6231e-07,85.8358,4.23639,94.1642,-175.764,-1508.0,-608.0,-1400.0,-600.0
-1506.0,-608.0,-101.962,3.55631e-07,85.8485,4.31603,94.1515,-175.684,-1506.0,-608.0,-1400.0,-600.0
-1504.0,-608.0,-101.797,3.48954e-07,85.8617,4.39871,94.1383,-175.601,-1504.0,-608.0,-1400.0,-600.0
-1502.0,-608.0,-101.629,3.42277e-07,85.8754,4.48461,94.1246,-175.515,-1502.0,-608.0,-1400.0,-600.0
-1500.0,-608.0,-101.458,3.35601e-07,85.8896,4.57392,94.1104,-175.426,-1500.0,-608.0,-1400.0,-600.0
-1498.0,-608.0,-101.283,3.28926e-07,85.9045,4.66686,94.0955,-175.333,-1498.0,-608.0,-1400.0,-600.0
-1496.0,-608.0,-101.104,3.22252e-07,85.9199,4.76364,94.0801,-175.236,-1496.0,-608.0,-1400.0,-600.0
-1494.0,-608.0,-100.922,3.15579e-07,85.9361,4.86451,94.0639,-175.135,-1494.0,-608.0,-1400.0,-600.0
-1492.0,-608.0,-100.737,3.08907e-07,85.9529,4.96974,94.0471,-175.03,-1492.0,-608.0,-1400.0,-600.0
-1490.0,-608.0,-100.547,3.02238e-07,85.9642,5.07961,94.0358,-174.92,-1490.0,-608.0,-1400.0,-600.0
-1488.0,-608.0,-100.354,2.95628e-07,85.8205,5.19443,94.1795,-174.806,-1488.0,-608.0,-1400.0,-600.0
-1486.0,-608.0,-100.157,2.89001e-07,85.7245,5.31455,94.2755,-174.685,-1486.0,-608.0,-1400.0,-600.0
-1484.0,-608.0,-99.9554,2.82376e-07,85.624,5.44033,94.376,-174.56,-1484.0,-608.0,-1400.0,-600.0
-1482.0,-608.0,-99.749,2.75753e-07,85.5187,5.5722,94.4813,-174.428,-1482.0,-608.0,-1400.0,-600.0
-1480.0,-608.0,-99.5377,2.69133e-07,85.4082,5.71059,94.5918,-174.289,-1480.0,-608.0,-1400.0,-600.0
-1478.0,-608.0,-99.3212,2.62515e-07,85.2922,5.85601,94.7078,-174.144,-1478.0,-608.0,-1400.0,-600.0
-1476.0,-608.0,-99.0992,2.559e-07,85.1702,6.00901,94.8298,-173.991,-1476.0,-608.0,-1400.0,-600.0
-1474.0,-608.0,-98.8716,2.49289e-07,85.0418,6.17018,94.9582,-173.83,-1474.0,-608.0,-1400.0,-600.0
-1472.0,-608.0,-98.638,2.42681e-07,84.9065,6.34019,95.0935,-173.66,-1472.0,-608.0,-1400.0,-600.0
-1470.0,-608.0,-98.398,2.36076e-07,84.7636,6.5198,95.2364,-173.48,-1470.0,-608.0,-1400.0,-600.0
-1468.0,-608.0,-98.1514,2.29475e-07,84.6126,6.70984,95.3874,-173.29,-1468.0,-608.0,-1400.0,-600.0
-1466.0,-608.0,-97.898,2.22885e-07,84.4387,6.91123,95.5613,-173.089,-1466.0,-608.0,-1400.0,-600.0
-1464.0,-608.0,-97.6382,2.16322e-07,84.1945,7.12502,95.8055,-172.875,-1464.0,-608.0,-1400.0,-600.0
-1462.0,-608.0,-97.3706,2.09766e-07,83.935,7.35238,96.065,-172.648,-1462.0,-608.0,-1400.0,-600.0
-1460.0,-608.0,-97.0949,2.03218e-07,83.6589,7.59464,96.3411,-172.405,-1460.0,-608.0,-1400.0,-600.0
-1458.0,-608.0,-96.8106,1.96679e-07,83.3646,7.85331,96.6354,-172.147,-1458.0,-608.0,-1400.0,-600.0
-1456.0,-608.0,-96.5171,1.90151e-07,83.0502,8.1301,96.9498,-171.87,-1456.0,-608.0,-1400.0,-600.0
-1454.0,-608.0,-96.2138,1.83632e-07,82.7137,8.42697,97.2863,-171.573,-1454.0,-608.0,-1400.0,-600.0
-1452.0,-608.0,-95.9002,1.77126e-07,82.3526,8.74616,97.6474,-171.254,-1452.0,-608.0,-1400.0,-600.0
-1450.0,-608.0,-95.5756,1.70633e-07,81.9643,9.09028,98.0357,-170.91,-1450.0,-608.0,-1400.0,-600.0
-1448.0,-608.0,-95.2392,1.64156e-07,81.5456,9.46232,98.4544,-170.538,-1448.0,-608.0,-1400.0,-600.0
-1446.0,-608.0,-94.8901,1.57695e-07,81.0929,9.86581,98.9071,-170.134,-1446.0,-608.0,-1400.0,-600.0
-1444.0,-608.0,-94.5276,1.51253e-07,80.6021,10.3048,99.3979,-169.695,-1444.0,-608.0,-1400.0,-600.0
-1442.0,-608.0,-94.1506,1.44832e-07,80.0684,10.7843,99.9316,-169.216,-1442.0,-608.0,-1400.0,-600.0
-1440.0,-608.0,-93.758,1.38436e-07,79.486,11.3099,100.514,-168.69,-1440.0,-608.0,-1400.0,-600.0
-1438.0,-608.0,-93.3487,1.32068e-07,78.8484,11.8887,101.152,-168.111,-1438.0,-608.0,-1400.0,-600.0
-1436.0,-608.0,-92.9215,1.25733e-07,78.1476,12.5288,101.852,-167.471,-1436.0,-608.0,-1400.0,-600.0
-1434.0,-608.0,-92.4748,1.19435e-07,77.3743,13.2405,102.626,-166.759,-1434.0,-608.0,-1400.0,-600.0
-1432.0,-608.0,-92.0074,1.1318e-07,76.5175,14.0362,103.482,-165.964,-1432.0,-608.0,-1400.0,-600.0
-1430.0,-608.0,-91.5176,1.06977e-07,75.5639,14.9314,104.436,-165.069,-1430.0,-608.0,-1400.0,-600.0
-1428.0,-608.0,-91.0037,1.00835e-07,74.4976,15.9454,105.502,-164.055,-1428.0,-608.0,-1400.0,-600.0
-1426.0,-608.0,-90.4643,9.47658e-08,73.2996,17.1027,106.7,-162.897,-1426.0,-608.0,-1400.0,-600.0
-1424.0,-608.0,-89.8977,8.8784e-08,71.9467,18.4349,108.053,-161.565,-1424.0,-608.0,-1400.0,-600.0
-1422.0,-608.0,-89.3028,8.29089e-08,70.4117,19.9831,109.588,-160.017,-1422.0,-608.0,-1400.0,-600.0
-1420.0,-608.0,-88.6789,7.71647e-08,68.6622,21.8014,111.338,-158.199,-1420.0,-608.0,-1400.0,-600.0
-1418.0,-608.0,-88.0265,7.1583e-08,66.6609,23.9625,113.339,-156.038,-1418.0,-608.0,-1400.0,-600.0
-1416.0,-608.0,-87.3479,6.62048e-08,64.3667,26.5651,115.633,-153.435,-1416.0,-608.0,-1400.0,-600.0
-1414.0,-608.0,-86.6484,6.10841e-08,61.7392,29.7449,118.261,-150.255,-1414.0,-608.0,-1400.0,-600.0
-1412.0,-608.0,-85.9385,5.62911e-08,58.7479,33.6901,121.252,-146.31,-1412.0,-608.0,-1400.0,-600.0
-1410.0,-608.0,-85.2356,5.19166e-08,55.393,38.6598,124.607,-141.34,-1410.0,-608.0,-1400.0,-600.0
-1408.0,-608.0,-84.5677,4.80751e-08,51.7433,45.0,128.257,-135.0,-1408.0,-608.0,-1400.0,-600.0
-1406.0,-608.0,-83.9748,4.49034e-08,47.9952,53.1301,132.005,-126.87,-1406.0,-608.0,-1400.0,-600.0
-1404.0,-608.0,-83.5074,4.25517e-08,44.5372,63.4349,135.463,-116.565,-1404.0,-608.0,-1400.0,-600.0
-1402.0,-608.0,-83.2187,4.11607e-08,41.9502,75.9638,138.05,-104.036,-1402.0,-608.0,-1400.0,-600.0
-1400.0,-608.0,-83.1484,4.08288e-08,40.8285,90.0,139.171,-90.0,-1400.0,-608.0,-1400.0,-600.0
-1398.0,-608.0,-83.307,4.15813e-08,41.4314,104.036,138.569,-75.9638,-1398.0,-608.0,-1400.0,-600.0
-1396.0,-608.0,-83.6713,4.33619e-08,43.4931,116.565,136.507,-63.4349,-1396.0,-608.0,-1400.0,-600.0
-1394.0,-608.0,-84.1701,4.59242e-08,46.5997,126.87,133.4,-53.1301,-1394.0,-608.0,-1400.0,-600.0
-1392.0,-608.0,-84.7891,4.93161e-08,49.95,135.0,130.05,-45.0,-1392.0,-608.0,-1400.0,-600.0
-1390.0,-608.0,-85.4793,5.33933e-08,53.1592,141.34,126.841,-38.6598,-1390.0,-608.0,-1400.0,-600.0
-1388.0,-608.0,-86.1916,5.79555e-08,56.1339,146.31,123.866,-33.6901,-1388.0,-608.0,-1400.0,-600.0
-1386.0,-608.0,-86.9025,6.28972e-08,58.8053,150.255,121.195,-29.7449,-1386.0,-608.0,-1400.0,-600.0
-1384.0,-608.0,-87.5977,6.81359e-08,61.167,153.435,118.833,-26.5651,-1384.0,-608.0,-1400.0,-600.0
-1382.0,-608.0,-88.2689,7.36083e-08,63.2415,156.038,116.758,-23.9625,-1382.0,-608.0,-1400.0,-600.0
-1380.0,-608.0,-88.9123,7.92659e-08,65.0614,158.199,114.939,-21.8014,-1380.0,-608.0,-1400.0,-600.0
-1378.0,-608.0,-89.5265,8.50718e-08,66.6603,160.017,113.34,-19.9831,-1378.0,-608.0,-1400.0,-600.0
-1376.0,-608.0,-90.1117,9.09977e-08,68.0698,161.565,111.93,-18.4349,-1376.0,-608.0,-1400.0,-600.0
-1374.0,-608.0,-90.6687,9.70215e-08,69.3174,162.897,110.683,-17.1027,-1374.0,-608.0,-1400.0,-600.0
-1372.0,-608.0,-91.1989,1.03126e-07,70.4266,164.055,109.573,-15.9454,-1372.0,-608.0,-1400.0,-600.0
-1370.0,-608.0,-91.6869,1.09082e-07,71.758,165.069,108.242,-14.9314,-1370.0,-608.0,-1400.0,-600.0
-1368.0,-608.0,-92.1513,1.15071e-07,73.0317,165.964,106.968,-14.0362,-1368.0,-608.0,-1400.0,-600.0
-1366.0,-608.0,-92.5976,1.21134e-07,74.1819,166.759,105.818,-13.2405,-1366.0,-608.0,-1400.0,-600.0
-1364.0,-608.0,-93.0264,1.2726e-07,75.2245,167.471,104.776,-12.5288,-1364.0,-608.0,-1400.0,-600.0
-1362.0,-608.0,-93.4386,1.33442e-07,76.1727,168.111,103.827,-11.8887,-1362.0,-608.0,-1400.0,-600.0
-1360.0,-608.0,-93.8352,1.39671e-07,77.0381,168.69,102.962,-11.3099,-1360.0,-608.0,-1400.0,-600.0
-1358.0,-608.0,-94.2169,1.45941e-07,77.8304,169.216,102.17,-10.7843,-1358.0,-608.0,-1400.0,-600.0
-1356.0,-608.0,-94.5846,1.52248e-07,78.5582,169.695,101.442,-10.3048,-1356.0,-608.0,-1400.0,-600.0
-1354.0,-608.0,-94.9392,1.58587e-07,79.2287,170.134,100.771,-9.86581,-1354.0,-608.0,-1400.0,-600.0
-1352.0,-608.0,-95.2814,1.64954e-07,79.848,170.538,100.152,-9.46232,-1352.0,-608.0,-1400.0,-600.0
-1350.0,-608.0,-95.6119,1.71347e-07,80.4216,170.91,99.5784,-9.09028,-1350.0,-608.0,-1400.0,-600.0
-1348.0,-608.0,-95.9357,1.7785e-07,80.7771,171.254,99.2229,-8.74616,-1348.0,-608.0,-1400.0,-600.0
-1346.0,-608.0,-96.2485,1.84366e-07,81.1058,171.573,98.8942,-8.42697,-1346.0,-608.0,-1400.0,-600.0
-1344.0,-608.0,-96.551,1.90894e-07,81.4122,171.87,98.5878,-8.1301,-1344.0,-608.0,-1400.0,-600.0
-1342.0,-608.0,-96.8437,1.97431e-07,81.6986,172.147,98.3014,-7.85331,-1342.0,-608.0,-1400.0,-600.0
-1340.0,-608.0,-97.1273,2.03977e-07,81.9668,172.405,98.0332,-7.59464,-1340.0,-608.0,-1400.0,-600.0
-1338.0,-608.0,-97.4022,2.1053e-07,82.2184,172.648,97.7816,-7.35238,-1338.0,-608.0,-1400.0,-600.0
-1336.0,-608.0,-97.6691,2.17092e-07,82.455,172.875,97.545,-7.12502,-1336.0,-608.0,-1400.0,-600.0
-1334.0,-608.0,-97.9282,2.23659e-07,82.6778,173.089,97.3222,-6.91123,-1334.0,-608.0,-1400.0,-600.0
-1332.0,-608.0,-98.1801,2.30233e-07,82.888,173.29,97.112,-6.70984,-1332.0,-608.0,-1400.0,-600.0
-1330.0,-608.0,-98.4251,2.36813e-07,83.0866,173.48,96.9134,-6.5198,-1330.0,-608.0,-1400.0,-600.0
-1328.0,-608.0,-98.6636,2.43397e-07,83.2745,173.66,96.7255,-6.34019,-1328.0,-608.0,-1400.0,-600.0
-1326.0,-608.0,-98.8959,2.49986e-07,83.4525,173.83,96.5475,-6.17018,-1326.0,-608.0,-1400.0,-600.0
-1324.0,-608.0,-99.1223,2.5658e-07,83.6215,173.991,96.3785,-6.00901,-1324.0,-608.0,-1400.0,-600.0
-1322.0,-608.0,-99.3431,2.63178e-07,83.782,174.144,96.218,-5.85601,-1322.0,-608.0,-1400.0,-600.0
-1320.0,-608.0,-99.5585,2.69779e-07,83.9348,174.289,96.0652,-5.71059,-1320.0,-608.0,-1400.0,-600.0
-1318.0,-608.0,-99.7689,2.76384e-07,84.0802,174.428,95.9198,-5.5722,-1318.0,-608.0,-1400.0,-600.0
-1316.0,-608.0,-99.9744,2.82992e-07,84.2189,174.56,95.7811,-5.44033,-1316.0,-608.0,-1400.0,-600.0
-1314.0,-608.0,-100.175,2.89603e-07,84.3513,174.685,95.6487,-5.31455,-1314.0,-608.0,-1400.0,-600.0
-1312.0,-608.0,-100.372,2.96217e-07,84.4779,174.806,95.5221,-5.19443,-1312.0,-608.0,-1400.0,-600.0
-1310.0,-608.0,-100.564,3.02833e-07,84.5989,174.92,95.4011,-5.07961,-1310.0,-608.0,-1400.0,-600.0
-1308.0,-608.0,-100.752,3.09452e-07,84.7147,175.03,95.2853,-4.96974,-1308.0,-608.0,-1400.0,-600.0
-1306.0,-608.0,-100.936,3.16074e-07,84.8257,175.135,95.1743,-4.86451,-1306.0,-608.0,-1400.0,-600.0
-1304.0,-608.0,-101.116,3.22697e-07,84.9322,175.236,95.0678,-4.76364,-1304.0,-608.0,-1400.0,-600.0
-1302.0,-608.0,-101.293,3.2933e-07,85.0198,175.333,94.9802,-4.66686,-1302.0,-608.0,-1400.0,-600.0
-1300.0,-608.0,-101.467,3.35981e-07,85.0704,175.426,94.9296,-4.57392,-1300.0,-608.0,-1400.0,-600.0
-1298.0,-608.0,-101.638,3.42633e-07,85.1191,175.515,94.8809,-4.48461,-1298.0,-608.0,-1400.0,-600.0
-1296.0,-608.0,-101.805,3.49287e-07,85.1659,175.601,94.8341,-4.39871,-1296.0,-608.0,-1400.0,-600.0
-1294.0,-608.0,-101.969,3.55941e-07,85.211,175.684,94.789,-4.31603,-1294.0,-608.0,-1400.0,-600.0
-1292.0,-608.0,-102.131,3.62596e-07,85.2544,175.764,94.7456,-4.23639,-1292.0,-608.0,-1400.0,-600.0
-1290.0,-608.0,-102.289,3.69252e-07,85.2963,175.84,94.7037,-4.15964,-1290.0,-608.0,-1400.0,-600.0
-1288.0,-608.0,-102.444,3.75909e-07,85.3367,175.914,94.6633,-4.08562,-1288.0,-608.0,-1400.0,-600.0
-1286.0,-608.0,-102.597,3.82567e-07,85.3757,175.986,94.6243,-4.01418,-1286.0,-608.0,-1400.0,-600.0
-1284.0,-608.0,-102.747,3.89225e-07,85.4133,176.055,94.5867,-3.94519,-1284.0,-608.0,-1400.0,-600.0
-1282.0,-608.0,-102.895,3.95885e-07,85.4498,176.121,94.5502,-3.87852,-1282.0,-608.0,-1400.0,-600.0
-1280.0,-608.0,-103.04,4.02544e-07,85.485,176.186,94.515,-3.81407,-1280.0,-608.0,-1400.0,-600.0
-1278.0,-608.0,-103.183,4.09205e-07,85.519,176.248,94.481,-3.75173,-1278.0,-608.0,-1400.0,-600.0
-1276.0,-608.0,-103.323,4.15866e-07,85.552,176.309,94.448,-3.69139,-1276.0,-608.0,-1400.0,-600.0
-1274.0,-608.0,-103.462,4.22528e-07,85.584,176.367,94.416,-3.63295,-1274.0,-608.0,-1400.0,-600.0
-1272.0,-608.0,-103.598,4.2919e-07,85.6149,176.424,94.3851,-3.57633,-1272.0,-608.0,-1400.0,-600.0
-1270.0,-608.0,-103.732,4.35853e-07,85.645,176.479,94.355,-3.52145,-1270.0,-608.0,-1400.0,-600.0
-1268.0,-608.0,-103.864,4.42516e-07,85.6741,176.532,94.3259,-3.46823,-1268.0,-608.0,-1400.0,-600.0
-1266.0,-608.0,-103.994,4.4918e-07,85.7024,176.583,94.2976,-3.41659,-1266.0,-608.0,-1400.0,-600.0
-1264.0,-608.0,-104.122,4.55844e-07,85.7298,176.634,94.2702,-3.36646,-1264.0,-608.0,-1400.0,-600.0
-1262.0,-608.0,-104.249,4.62508e-07,85.7564,176.682,94.2436,-3.31778,-1262.0,-608.0,-1400.0,-600.0
-1260.0,-608.0,-104.373,4.69173e-07,85.7823,176.73,94.2177,-3.27049,-1260.0,-608.0,-1400.0,-600.0
-1258.0,-608.0,-104.496,4.75839e-07,85.8075,176.775,94.1925,-3.22452,-1258.0,-608.0,-1400.0,-600.0
-1256.0,-608.0,-104.617,4.82505e-07,85.832,176.82,94.168,-3.17983,-1256.0,-608.0,-1400.0,-600.0
-1254.0,-608.0,-104.737,4.89171e-07,85.8558,176.864,94.1442,-3.13636,-1254.0,-608.0,-1400.0,-600.0
-1252.0,-608.0,-104.855,4.95849e-07,85.8601,176.906,94.1399,-3.09406,-1252.0,-608.0,-1400.0,-600.0
-1250.0,-608.0,-104.971,5.02536e-07,85.8509,176.947,94.1491,-3.05288,-1250.0,-608.0,-1400.0,-600.0
-1248.0,-608.0,-105.086,5.09224e-07,85.8419,176.987,94.1581,-3.01279,-1248.0,-608.0,-1400.0,-600.0
-1246.0,-608.0,-105.2,5.15911e-07,85.8332,177.026,94.1668,-2.97373,-1246.0,-608.0,-1400.0,-600.0
-1244.0,-608.0,-105.312,5.22599e-07,85.8247,177.064,94.1753,-2.93567,-1244.0,-608.0,-1400.0,-600.0
-1242.0,-608.0,-105.423,5.29287e-07,85.8164,177.101,94.1836,-2.89858,-1242.0,-608.0,-1400.0,-600.0
-1240.0,-608.0,-105.532,5.35976e-07,85.8083,177.138,94.1917,-2.86241,-1240.0,-608.0,-1400.0,-600.0
-1238.0,-608.0,0.0,0.0,0.0,0.0,0.0,0.0,0.0,0.0,0.0,0.0
-1236.0,-608.0,0.0,0.0,0.0,0.0,0.0,0.0,0.0,0.0,0.0,0.0
-1234.0,-608.0,0.0,0.0,0.0,0.0,0.0,0.0,0.0,0.0,0.0,0.0
-1232.0,-608.0,0.0,0.0,0.0,0.0,0.0,0.0,0.0,0.0,0.0,0.0
-1230.0,-608.0,0.0,0.0,0.0,0.0,0.0,0.0,0.0,0.0,0.0,0.0
-1228.0,-608.0,0.0,0.0,0.0,0.0,0.0,0.0,0.0,0.0,0.0,0.0
-1226.0,-608.0,0.0,0.0,0.0,0.0,0.0,0.0,0.0,0.0,0.0,0.0
-1224.0,-608.0,0.0,0.0,0.0,0.0,0.0,0.0,0.0,0.0,0.0,0.0
-1222.0,-608.0,0.0,0.0,0.0,0.0,0.0,0.0,0.0,0.0,0.0,0.0
-1220.0,-608.0,-113.952,6.03075e-07,94.5158,177.455,94.5158,-2.5448,-1228.7,-607.613,-1228.7,-607.613
-1218.0,-608.0,0.0,0.0,0.0,0.0,0.0,0.0,0.0,0.0,0.0,0.0
-1216.0,-608.0,0.0,0.0,0.0,0.0,0.0,0.0,0.0,0.0,0.0,0.0
-1214.0,-608.0,0.0,0.0,0.0,0.0,0.0,0.0,0.0,0.0,0.0,0.0
-1212.0,-608.0,0.0,0.0,0.0,0.0,0.0,0.0,0.0,0.0,0.0,0.0
-1210.0,-608.0,0.0,0.0,0.0,0.0,0.0,0.0,0.0,0.0,0.0,0.0
-1208.0,-608.0,-159.146,8.5812e-07,87.0218,155.316,92.9782,54.9672,-1393.06,-590.097,-1328.45,-552.64
-1206.0,-608.0,-122.473,6.57955e-07,89.7591,171.712,94.5425,11.6373,-1342.24,-588.104,-1234.64,-603.828
-1204.0,-608.0,-159.406,8.70269e-07,87.0593,156.018,92.9407,54.9672,-1393.06,-590.097,-1328.45,-552.64
-1202.0,-608.0,0.0,0.0,0.0,0.0,0.0,0.0,0.0,0.0,0.0,0.0
-1600.0,-606.0,-107.447,6.67755e-07,88.9563,1.71836,91.0437,-178.282,-1600.0,-606.0,-1400.0,-600.0
-1598.0,-606.0,-107.359,6.61086e-07,88.9458,1.7357,91.0542,-178.264,-1598.0,-606.0,-1400.0,-600.0
-1596.0,-606.0,-107.271,6.54417e-07,88.9351,1.7534,91.0649,-178.247,-1596.0,-606.0,-1400.0,-600.0
-1594.0,-606.0,-107.182,6.47747e-07,88.9241,1.77147,91.0759,-178.229,-1594.0,-606.0,-1400.0,-600.0
-1592.0,-606.0,-107.092,6.41078e-07,88.913,1.78991,91.087,-178.21,-1592.0,-606.0,-1400.0,-600.0
-1590.0,-606.0,-107.001,6.34409e-07,88.9015,1.80874,91.0985,-178.191,-1590.0,-606.0,-1400.0,-600.0
-1588.0,-606.0,-106.909,6.27741e-07,88.8899,1.82797,91.1101,-178.172,-1588.0,-606.0,-1400.0,-600.0
-1586.0,-606.0,-106.816,6.21072e-07,88.878,1.84761,91.122,-178.152,-1586.0,-606.0,-1400.0,-600.0
-1584.0,-606.0,-106.722,6.14413e-07,88.8215,1.86768,91.1785,-178.132,-1584.0,-606.0,-1400.0,-600.0
-1582.0,-606.0,-106.627,6.07769e-07,88.7024,1.88819,91.2976,-178.112,-1582.0,-606.0,-1400.0,-600.0
-1580.0,-606.0,-106.531,6.01123e-07,88.598,1.90915,91.402,-178.091,-1580.0,-606.0,-1400.0,-600.0
-1578.0,-606.0,-106.434,5.94477e-07,88.5009,1.93059,91.4991,-178.069,-1578.0,-606.0,-1400.0,-600.0
-1576.0,-606.0,-106.336,5.87833e-07,88.4016,1.95251,91.5984,-178.047,-1576.0,-606.0,-1400.0,-600.0
-1574.0,-606.0,-106.237,5.8119e-07,88.3,1.97493,91.7,-178.025,-1574.0,-606.0,-1400.0,-600.0
-1572.0,-606.0,-106.137,5.7455e-07,88.1961,1.99788,91.8039,-178.002,-1572.0,-606.0,-1400.0,-600.0
-1570.0,-606.0,-106.036,5.67911e-07,88.0897,2.02136,91.9103,-177.979,-1570.0,-606.0,-1400.0,-600.0
-1568.0,-606.0,-105.934,5.61275e-07,87.9808,2.04541,92.0192,-177.955,-1568.0,-606.0,-1400.0,-600.0
-1566.0,-606.0,-105.83,5.54641e-07,87.8693,2.07003,92.1307,-177.93,-1566.0,-606.0,-1400.0,-600.0
-1564.0,-606.0,-105.725,5.48009e-07,87.7551,2.09525,92.2449,-177.905,-1564.0,-606.0,-1400.0,-600.0
-1562.0,-606.0,-105.619,5.41379e-07,87.6381,2.1211,92.3619,-177.879,-1562.0,-606.0,-1400.0,-600.0
-1560.0,-606.0,-105.512,5.34752e-07,87.5183,2.14759,92.4817,-177.852,-1560.0,-606.0,-1400.0,-600.0
-1558.0,-606.0,-105.404,5.28127e-07,87.3954,2.17474,92.6046,-177.825,-1558.0,-606.0,-1400.0,-600.0
-1556.0,-606.0,-105.294,5.21495e-07,87.2941,2.2026,92.7059,-177.797,-1556.0,-606.0,-1400.0,-600.0
-1554.0,-606.0,-105.182,5.14861e-07,87.1965,2.23117,92.8035,-177.769,-1554.0,-606.0,-1400.0,-600.0
-1552.0,-606.0,-105.069,5.08229e-07,87.0963,2.2605,92.9037,-177.739,-1552.0,-606.0,-1400.0,-600.0
-1550.0,-606.0,-104.955,5.01599e-07,86.9934,2.29061,93.0066,-177.709,-1550.0,-606.0,-1400.0,-600.0
-1548.0,-606.0,-104.839,4.9497e-07,86.8879,2.32153,93.1121,-177.678,-1548.0,-606.0,-1400.0,-600.0
-1546.0,-606.0,-104.722,4.88344e-07,86.7794,2.3533,93.2206,-177.647,-1546.0,-606.0,-1400.0,-600.0
-1544.0,-606.0,-104.603,4.81719e-07,86.668,2.38594,93.332,-177.614,-1544.0,-606.0,-1400.0,-600.0
-1542.0,-606.0,-104.482,4.75096e-07,86.5534,2.41951,93.4466,-177.58,-1542.0,-606.0,-1400.0,-600.0
-1540.0,-606.0,-104.36,4.68476e-07,86.4356,2.45403,93.5644,-177.546,-1540.0,-606.0,-1400.0,-600.0
-1538.0,-606.0,-104.236,4.61858e-07,86.3145,2.48955,93.6855,-177.51,-1538.0,-606.0,-1400.0,-600.0
-1536.0,-606.0,-104.11,4.55201e-07,86.2674,2.52612,93.7326,-177.474,-1536.0,-606.0,-1400.0,-600.0
-1534.0,-606.0,-103.981,4.4853e-07,86.2479,2.56377,93.7521,-177.436,-1534.0,-606.0,-1400.0,-600.0
-1532.0,-606.0,-103.851,4.41859e-07,86.2278,2.60256,93.7722,-177.397,-1532.0,-606.0,-1400.0,-600.0
-1530.0,-606.0,-103.719,4.35189e-07,86.2071,2.64255,93.7929,-177.357,-1530.0,-606.0,-1400.0,-600.0
-1528.0,-606.0,-103.584,4.28518e-07,86.1857,2.68378,93.8143,-177.316,-1528.0,-606.0,-1400.0,-600.0
-1526.0,-606.0,-103.448,4.21848e-07,86.1637,2.72631,93.8363,-177.274,-1526.0,-606.0,-1400.0,-600.0
-1524.0,-606.0,-103.309,4.15179e-07,86.1409,2.77022,93.8591,-177.23,-1524.0,-606.0,-1400.0,-600.0
-1522.0,-606.0,-103.168,4.08509e-07,86.1175,2.81556,93.8825,-177.184,-1522.0,-606.0,-1400.0,-600.0
-1520.0,-606.0,-103.025,4.0184e-07,86.0932,2.86241,93.9068,-177.138,-1520.0,-606.0,-1400.0,-600.0
-1518.0,-606.0,-102.879,3.95172e-07,86.0681,2.91084,93.9319,-177.089,-1518.0,-606.0,-1400.0,-600.0
-1516.0,-606.0,-102.732,3.88529e-07,85.9872,2.96094,94.0128,-177.039,-1516.0,-606.0,-1400.0,-600.0
-1514.0,-606.0,-102.582,3.81902e-07,85.8751,3.01279,94.1249,-176.987,-1514.0,-606.0,-1400.0,-600.0
-1512.0,-606.0,-102.428,3.75222e-07,85.8729,3.06649,94.1271,-176.934,-1512.0,-606.0,-1400.0,-600.0
-1510.0,-606.0,-102.272,3.68535e-07,85.8857,3.12213,94.1143,-176.878,-1510.0,-606.0,-1400.0,-600.0
-1508.0,-606.0,-102.113,3.61848e-07,85.899,3.17983,94.101,-176.82,-1508.0,-606.0,-1400.0,-600.0
-1506.0,-606.0,-101.95,3.55162e-07,85.9128,3.2397,94.0872,-176.76,-1506.0,-606.0,-1400.0,-600.0
-1504.0,-606.0,-101.785,3.48476e-07,85.9271,3.30187,94.0729,-176.698,-1504.0,-606.0,-1400.0,-600.0
-1502.0,-606.0,-101.617,3.41791e-07,85.942,3.36646,94.058,-176.634,-1502.0,-606.0,-1400.0,-600.0
-1500.0,-606.0,-101.445,3.35106e-07,85.9575,3.43363,94.0425,-176.566,-1500.0,-606.0,-1400.0,-600.0
-1498.0,-606.0,-101.269,3.28421e-07,85.9736,3.50353,94.0264,-176.496,-1498.0,-606.0,-1400.0,-600.0
-1496.0,-606.0,-101.091,3.21738e-07,85.9904,3.57633,94.0096,-176.424,-1496.0,-606.0,-1400.0,-600.0
-1494.0,-606.0,-100.908,3.15054e-07,86.008,3.65222,93.992,-176.348,-1494.0,-606.0,-1400.0,-600.0
-1492.0,-606.0,-100.721,3.08372e-07,86.0263,3.7314,93.9737,-176.269,-1492.0,-606.0,-1400.0,-600.0
-1490.0,-606.0,-100.531,3.01692e-07,86.0391,3.81407,93.9609,-176.186,-1490.0,-606.0,-1400.0,-600.0
-1488.0,-606.0,-100.338,2.9507e-07,85.8953,3.90049,94.1047,-176.1,-1488.0,-606.0,-1400.0,-600.0
-1486.0,-606.0,-100.14,2.88445e-07,85.7592,3.99091,94.2408,-176.009,-1486.0,-606.0,-1400.0,-600.0
-1484.0,-606.0,-99.9379,2.81807e-07,85.6591,4.08562,94.3409,-175.914,-1484.0,-606.0,-1400.0,-600.0
-1482.0,-606.0,-99.7306,2.7517e-07,85.5542,4.18492,94.4458,-175.815,-1482.0,-606.0,-1400.0,-600.0
-1480.0,-606.0,-99.5184,2.68536e-07,85.4442,4.28915,94.5558,-175.711,-1480.0,-606.0,-1400.0,-600.0
-1478.0,-606.0,-99.3009,2.61903e-07,85.3286,4.39871,94.6714,-175.601,-1478.0,-606.0,-1400.0,-600.0
-1476.0,-606.0,-99.0779,2.55272e-07,85.2069,4.51399,94.7931,-175.486,-1476.0,-606.0,-1400.0,-600.0
-1474.0,-606.0,-98.8491,2.48644e-07,85.0789,4.63546,94.9211,-175.365,-1474.0,-606.0,-1400.0,-600.0
-1472.0,-606.0,-98.6142,2.42018e-07,84.9438,4.76364,95.0562,-175.236,-1472.0,-606.0,-1400.0,-600.0
-1470.0,-606.0,-98.3729,2.35395e-07,84.8012,4.89909,95.1988,-175.101,-1470.0,-606.0,-1400.0,-600.0
-1468.0,-606.0,-98.1249,2.28775e-07,84.6503,5.04245,95.3497,-174.958,-1468.0,-606.0,-1400.0,-600.0
-1466.0,-606.0,-97.8699,2.22163e-07,84.4765,5.19443,95.5235,-174.806,-1466.0,-606.0,-1400.0,-600.0
-1464.0,-606.0,-97.6082,2.15578e-07,84.232,5.35583,95.768,-174.644,-1464.0,-606.0,-1400.0,-600.0
-1462.0,-606.0,-97.3388,2.08999e-07,83.9722,5.52754,96.0278,-174.472,-1462.0,-606.0,-1400.0,-600.0
-1460.0,-606.0,-97.0609,2.02426e-07,83.6955,5.71059,96.3045,-174.289,-1460.0,-606.0,-1400.0,-600.0
-1458.0,-606.0,-96.7743,1.9586e-07,83.4003,5.90614,96.5997,-174.094,-1458.0,-606.0,-1400.0,-600.0
-1456.0,-606.0,-96.4782,1.89303e-07,83.0848,6.1155,96.9152,-173.884,-1456.0,-606.0,-1400.0,-600.0
-1454.0,-606.0,-96.1722,1.82754e-07,82.7467,6.34019,97.2533,-173.66,-1454.0,-606.0,-1400.0,-600.0
-1452.0,-606.0,-95.8554,1.76215e-07,82.3836,6.58194,97.6164,-173.418,-1452.0,-606.0,-1400.0,-600.0
-1450.0,-606.0,-95.5273,1.69687e-07,81.9928,6.84277,98.0072,-173.157,-1450.0,-606.0,-1400.0,-600.0
-1448.0,-606.0,-95.1869,1.63172e-07,81.5708,7.12502,98.4292,-172.875,-1448.0,-606.0,-1400.0,-600.0
-1446.0,-606.0,-94.8334,1.5667e-07,81.1141,7.43141,98.8859,-172.569,-1446.0,-606.0,-1400.0,-600.0
-1444.0,-606.0,-94.4659,1.50183e-07,80.6181,7.76517,99.3819,-172.235,-1444.0,-606.0,-1400.0,-600.0
-1442.0,-606.0,-94.0832,1.43715e-07,80.0777,8.1301,99.9223,-171.87,-1442.0,-606.0,-1400.0,-600.0
-1440.0,-606.0,-93.6842,1.37266e-07,79.487,8.53077,100.513,-171.469,-1440.0,-606.0,-1400.0,-600.0
-1438.0,-606.0,-93.2676,1.30841e-07,78.8387,8.97263,101.161,-171.027,-1438.0,-606.0,-1400.0,-600.0
-1436.0,-606.0,-92.8318,1.24442e-07,78.1244,9.46232,101.876,-170.538,-1436.0,-606.0,-1400.0,-600.0
-1434.0,-606.0,-92.3753,1.18075e-07,77.3339,10.008,102.666,-169.992,-1434.0,-606.0,-1400.0,-600.0
-1432.0,-606.0,-91.8964,1.11744e-07,76.4548,10.6197,103.545,-169.38,-1432.0,-606.0,-1400.0,-600.0
-1430.0,-606.0,-91.3931,1.05456e-07,75.4722,11.3099,104.528,-168.69,-1430.0,-606.0,-1400.0,-600.0
-1428.0,-606.0,-90.8633,9.9219e-08,74.3681,12.0948,105.632,-167.905,-1428.0,-606.0,-1400.0,-600.0
-1426.0,-606.0,-90.3049,9.30435e-08,73.1201,12.9946,106.88,-167.005,-1426.0,-606.0,-1400.0,-600.0
-1424.0,-606.0,-89.7156,8.69427e-08,71.7006,14.0362,108.299,-165.964,-1424.0,-606.0,-1400.0,-600.0
-1422.0,-606.0,-89.0932,8.09332e-08,70.0759,15.2551,109.924,-164.745,-1422.0,-606.0,-1400.0,-600.0
-1420.0,-606.0,-88.4359,7.50371e-08,68.2038,16.6992,111.796,-163.301,-1420.0,-606.0,-1400.0,-600.0
-1418.0,-606.0,-87.7428,6.92833e-08,66.0333,18.4349,113.967,-161.565,-1418.0,-606.0,-1400.0,-600.0
-1416.0,-606.0,-87.0142,6.37104e-08,63.5025,20.556,116.498,-159.444,-1416.0,-606.0,-1400.0,-600.0
-1414.0,-606.0,-86.2536,5.83703e-08,60.5409,23.1986,119.459,-156.801,-1414.0,-606.0,-1400.0,-600.0
-1412.0,-606.0,-85.4694,5.33328e-08,57.0754,26.5651,122.925,-153.435,-1412.0,-606.0,-1400.0,-600.0
-1410.0,-606.0,-84.6785,4.8692e-08,53.0496,30.9638,126.95,-149.036,-1410.0,-606.0,-1400.0,-600.0
-1408.0,-606.0,-83.9104,4.4572e-08,48.4704,36.8699,131.53,-143.13,-1408.0,-606.0,-1400.0,-600.0
-1406.0,-606.0,-83.2121,4.11296e-08,43.5024,45.0,136.498,-135.0,-1406.0,-606.0,-1400.0,-600.0
-1404.0,-606.0,-82.6487,3.85468e-08,38.6245,56.3099,141.375,-123.69,-1404.0,-606.0,-1400.0,-600.0
-1402.0,-606.0,-82.2938,3.70039e-08,34.771,71.5651,145.229,-108.435,-1402.0,-606.0,-1400.0,-600.0
-1400.0,-606.0,-82.2062,3.66327e-08,33.1282,90.0,146.872,-90.0,-1400.0,-606.0,-1400.0,-600.0
-1398.0,-606.0,-82.4021,3.7468e-08,34.2798,108.435,145.72,-71.5651,-1398.0,-606.0,-1400.0,-600.0
-1396.0,-606.0,-82.8462,3.94332e-08,37.6027,123.69,142.397,-56.3099,-1396.0,-606.0,-1400.0,-600.0
-1394.0,-606.0,-83.4423,4.22341e-08,42.0967,135.0,137.903,-45.0,-1394.0,-606.0,-1400.0,-600.0
-1392.0,-606.0,-84.142,4.57762e-08,46.796,143.13,133.204,-36.8699,-1392.0,-606.0,-1400.0,-600.0
-1390.0,-606.0,-84.929,5.01163e-08,50.9361,149.036,129.064,-30.9638,-1390.0,-606.0,-1400.0,-600.0
-1388.0,-606.0,-85.7288,5.4949e-08,54.5574,153.435,125.443,-26.5651,-1388.0,-606.0,-1400.0,-600.0
-1386.0,-606.0,-86.5125,6.01363e-08,57.6866,156.801,122.313,-23.1986,-1386.0,-606.0,-1400.0,-600.0
-1384.0,-606.0,-87.2673,6.5594e-08,60.3721,159.444,119.628,-20.556,-1384.0,-606.0,-1400.0,-600.0
-1382.0,-606.0,-87.9872,7.12602e-08,62.6769,161.565,117.323,-18.4349,-1382.0,-606.0,-1400.0,-600.0
-1380.0,-606.0,-88.6703,7.70887e-08,64.6621,163.301,115.338,-16.6992,-1380.0,-606.0,-1400.0,-600.0
-1378.0,-606.0,-89.3171,8.30456e-08,66.3812,164.745,113.619,-15.2551,-1378.0,-606.0,-1400.0,-600.0
-1376.0,-606.0,-89.929,8.91049e-08,67.8789,165.964,112.121,-14.0362,-1376.0,-606.0,-1400.0,-600.0
-1374.0,-606.0,-90.5083,9.52472e-08,69.192,167.005,110.808,-12.9946,-1374.0,-606.0,-1400.0,-600.0
-1372.0,-606.0,-91.0572,1.01457e-07,70.3503,167.905,109.65,-12.0948,-1372.0,-606.0,-1400.0,-600.0
-1370.0,-606.0,-91.5605,1.07507e-07,71.7236,168.69,108.276,-11.3099,-1370.0,-606.0,-1400.0,-600.0
-1368.0,-606.0,-92.0381,1.13581e-07,73.0301,169.38,106.97,-10.6197,-1368.0,-606.0,-1400.0,-600.0
-1366.0,-606.0,-92.4957,1.19722e-07,74.2052,169.992,105.795,-10.008,-1366.0,-606.0,-1400.0,-600.0
-1364.0,-606.0,-92.9343,1.25919e-07,75.2666,170.538,104.733,-9.46232,-1364.0,-606.0,-1400.0,-600.0
-1362.0,-606.0,-93.3551,1.32165e-07,76.2291,171.027,103.771,-8.97263,-1362.0,-606.0,-1400.0,-600.0
-1360.0,-606.0,-93.7591,1.38453e-07,77.1053,171.469,102.895,-8.53077,-1360.0,-606.0,-1400.0,-600.0
-1358.0,-606.0,-94.1473,1.44778e-07,77.9059,171.87,102.094,-8.1301,-1358.0,-606.0,-1400.0,-600.0
-1356.0,-606.0,-94.5209,1.51135e-07,78.6397,172.235,101.36,-7.76517,-1356.0,-606.0,-1400.0,-600.0
-1354.0,-606.0,-94.8805,1.57521e-07,79.3146,172.569,100.685,-7.43141,-1354.0,-606.0,-1400.0,-600.0
-1352.0,-606.0,-95.2273,1.63931e-07,79.9371,172.875,100.063,-7.12502,-1352.0,-606.0,-1400.0,-600.0
-1350.0,-606.0,-95.5654,1.70434e-07,80.372,173.157,99.628,-6.84277,-1350.0,-606.0,-1400.0,-600.0
-1348.0,-606.0,-95.8926,1.76971e-07,80.7309,173.418,99.2691,-6.58194,-1348.0,-606.0,-1400.0,-600.0
-1346.0,-606.0,-96.2085,1.83519e-07,81.0643,173.66,98.9357,-6.34019,-1346.0,-606.0,-1400.0,-600.0
-1344.0,-606.0,-96.5136,1.90075e-07,81.375,173.884,98.625,-6.1155,-1344.0,-606.0,-1400.0,-600.0
-1342.0,-606.0,-96.8088,1.9664e-07,81.665,174.094,98.335,-5.90614,-1342.0,-606.0,-1400.0,-600.0
-1340.0,-606.0,-97.0946,2.03211e-07,81.9363,174.289,98.0637,-5.71059,-1340.0,-606.0,-1400.0,-600.0
-1338.0,-606.0,-97.3716,2.09789e-07,82.1908,174.472,97.8092,-5.52754,-1338.0,-606.0,-1400.0,-600.0
-1336.0,-606.0,-97.6402,2.16372e-07,82.4298,174.644,97.5702,-5.35583,-1336.0,-606.0,-1400.0,-600.0
-1334.0,-606.0,-97.901,2.22961e-07,82.6548,174.806,97.3452,-5.19443,-1334.0,-606.0,-1400.0,-600.0
-1332.0,-606.0,-98.1545,2.29555e-07,82.8669,174.958,97.1331,-5.04245,-1332.0,-606.0,-1400.0,-600.0
-1330.0,-606.0,-98.4009,2.36154e-07,83.0672,175.101,96.9328,-4.89909,-1330.0,-606.0,-1400.0,-600.0
-1328.0,-606.0,-98.6407,2.42756e-07,83.2566,175.236,96.7434,-4.76364,-1328.0,-606.0,-1400.0,-600.0
-1326.0,-606.0,-98.8741,2.49362e-07,83.4361,175.365,96.5639,-4.63546,-1326.0,-606.0,-1400.0,-600.0
-1324.0,-606.0,-99.1016,2.55972e-07,83.6063,175.486,96.3937,-4.51399,-1324.0,-606.0,-1400.0,-600.0
-1322.0,-606.0,-99.3235,2.62585e-07,83.7679,175.601,96.2321,-4.39871,-1322.0,-606.0,-1400.0,-600.0
-1320.0,-606.0,-99.5399,2.69201e-07,83.9217,175.711,96.0783,-4.28915,-1320.0,-606.0,-1400.0,-600.0
-1318.0,-606.0,-99.7511,2.75819e-07,84.0681,175.815,95.9319,-4.18492,-1318.0,-606.0,-1400.0,-600.0
-1316.0,-606.0,-99.9574,2.82441e-07,84.2076,175.914,95.7924,-4.08562,-1316.0,-606.0,-1400.0,-600.0
-1314.0,-606.0,-100.159,2.89064e-07,84.3408,176.009,95.6592,-3.99091,-1314.0,-606.0,-1400.0,-600.0
-1312.0,-606.0,-100.356,2.9569e-07,84.468,176.1,95.532,-3.90049,-1312.0,-606.0,-1400.0,-600.0
-1310.0,-606.0,-100.549,3.02318e-07,84.5896,176.186,95.4104,-3.81407,-1310.0,-606.0,-1400.0,-600.0
-1308.0,-606.0,-100.738,3.08948e-07,84.7061,176.269,95.2939,-3.7314,-1308.0,-606.0,-1400.0,-600.0
-1306.0,-606.0,-100.922,3.1558e-07,84.8176,176.348,95.1824,-3.65222,-1306.0,-606.0,-1400.0,-600.0
-1304.0,-606.0,-101.103,3.22215e-07,84.9213,176.424,95.0787,-3.57633,-1304.0,-606.0,-1400.0,-600.0
-1302.0,-606.0,-101.281,3.28875e-07,84.9752,176.496,95.0248,-3.50353,-1302.0,-606.0,-1400.0,-600.0
-1300.0,-606.0,-101.456,3.35535e-07,85.0269,176.566,94.9731,-3.43363,-1300.0,-606.0,-1400.0,-600.0
-1298.0,-606.0,-101.627,3.42196e-07,85.0766,176.634,94.9234,-3.36646,-1298.0,-606.0,-1400.0,-600.0
-1296.0,-606.0,-101.795,3.48858e-07,85.1244,176.698,94.8756,-3.30187,-1296.0,-606.0,-1400.0,-600.0
-1294.0,-606.0,-101.959,3.55521e-07,85.1704,176.76,94.8296,-3.2397,-1294.0,-606.0,-1400.0,-600.0
-1292.0,-606.0,-102.121,3.62184e-07,85.2147,176.82,94.7853,-3.17983,-1292.0,-606.0,-1400.0,-600.0
-1290.0,-606.0,-102.279,3.68848e-07,85.2575,176.878,94.7425,-3.12213,-1290.0,-606.0,-1400.0,-600.0
-1288.0,-606.0,-102.435,3.75512e-07,85.2987,176.934,94.7013,-3.06649,-1288.0,-606.0,-1400.0,-600.0
-1286.0,-606.0,-102.588,3.82177e-07,85.3385,176.987,94.6615,-3.01279,-1286.0,-606.0,-1400.0,-600.0
-1284.0,-606.0,-102.739,3.88842e-07,85.3769,177.039,94.6231,-2.96094,-1284.0,-606.0,-1400.0,-600.0
-1282.0,-606.0,-102.887,3.95508e-07,85.4141,177.089,94.5859,-2.91084,-1282.0,-606.0,-1400.0,-600.0
-1280.0,-606.0,-103.032,4.02174e-07,85.45,177.138,94.55,-2.86241,-1280.0,-606.0,-1400.0,-600.0
-1278.0,-606.0,-103.175,4.08841e-07,85.4847,177.184,94.5153,-2.81556,-1278.0,-606.0,-1400.0,-600.0
-1276.0,-606.0,-103.316,4.15508e-07,85.5183,177.23,94.4817,-2.77022,-1276.0,-606.0,-1400.0,-600.0
-1274.0,-606.0,-103.454,4.22175e-07,85.5509,177.274,94.4491,-2.72631,-1274.0,-606.0,-1400.0,-600.0
-1272.0,-606.0,-103.591,4.28843e-07,85.5825,177.316,94.4175,-2.68378,-1272.0,-606.0,-1400.0,-600.0
-1270.0,-606.0,-103.725,4.35511e-07,85.6131,177.357,94.3869,-2.64255,-1270.0,-606.0,-1400.0,-600.0
-1268.0,-606.0,-103.857,4.4218e-07,85.6428,177.397,94.3572,-2.60256,-1268.0,-606.0,-1400.0,-600.0
-1266.0,-606.0,-103.988,4.48849e-07,85.6716,177.436,94.3284,-2.56377,-1266.0,-606.0,-1400.0,-600.0
-1264.0,-606.0,-104.116,4.55518e-07,85.6995,177.474,94.3005,-2.52612,-1264.0,-606.0,-1400.0,-600.0
-1262.0,-606.0,-104.243,4.62187e-07,85.7267,177.51,94.2733,-2.48955,-1262.0,-606.0,-1400.0,-600.0
-1260.0,-606.0,-104.367,4.68857e-07,85.753,177.546,94.247,-2.45403,-1260.0,-606.0,-1400.0,-600.0
-1258.0,-606.0,-104.49,4.75527e-07,85.7787,177.58,94.2213,-2.41951,-1258.0,-606.0,-1400.0,-600.0
-1256.0,-606.0,-104.612,4.82197e-07,85.8036,177.614,94.1964,-2.38594,-1256.0,-606.0,-1400.0,-600.0
-1254.0,-606.0,-104.731,4.88868e-07,85.8279,177.647,94.1721,-2.3533,-1254.0,-606.0,-1400.0,-600.0
-1252.0,-606.0,-104.849,4.9555e-07,85.8326,177.678,94.1674,-2.32153,-1252.0,-606.0,-1400.0,-600.0
-1250.0,-606.0,-104.966,5.02242e-07,85.8238,177.709,94.1762,-2.29061,-1250.0,-606.0,-1400.0,-600.0
-1248.0,-606.0,-105.081,5.08933e-07,85.8152,177.739,94.1848,-2.2605,-1248.0,-606.0,-1400.0,-600.0
-1246.0,-606.0,-105.195,5.15625e-07,85.8068,177.769,94.1932,-2.23117,-1246.0,-606.0,-1400.0,-600.0
-1244.0,-606.0,-105.307,5.22317e-07,85.7987,177.797,94.2013,-2.2026,-1244.0,-606.0,-1400.0,-600.0
-1242.0,-606.0,-105.418,5.29009e-07,85.7908,177.825,94.2092,-2.17474,-1242.0,-606.0,-1400.0,-600.0
-1240.0,-606.0,-105.528,5.35701e-07,85.783,177.852,94.217,-2.14759,-1240.0,-606.0,-1400.0,-600.0
-1238.0,-606.0,-105.636,5.42393e-07,85.7755,177.879,94.2245,-2.1211,-1238.0,-606.0,-1400.0,-600.0
-1236.0,-606.0,-105.743,5.49085e-07,85.7681,177.905,94.2319,-2.09525,-1236.0,-606.0,-1400.0,-600.0
-1234.0,-606.0,-105.848,5.55778e-07,85.7609,177.93,94.2391,-2.07003,-1234.0,-606.0,-1400.0,-600.0
-1232.0,-606.0,-105.952,5.62459e-07,85.7691,177.955,94.2309,-2.04541,-1232.0,-606.0,-1400.0,-600.0
-1230.0,-606.0,-106.055,5.69131e-07,85.7904,177.979,94.2096,-2.02136,-1230.0,-606.0,-1400.0,-600.0
-1228.0,-606.0,-106.156,5.75788e-07,85.8317,178.002,94.1683,-1.99788,-1228.0,-606.0,-1400.0,-600.0
-1226.0,-606.0,-106.256,5.8244e-07,85.8794,178.025,94.1206,-1.97493,-1226.0,-606.0,-1400.0,-600.0
-1224.0,-606.0,-106.355,5.89111e-07,85.9004,178.047,94.0996,-1.95251,-1224.0,-606.0,-1400.0,-600.0
-1222.0,-606.0,-106.453,5.95784e-07,85.9193,178.069,94.0807,-1.93059,-1222.0,-606.0,-1400.0,-600.0
-1220.0,-606.0,-106.55,6.02457e-07,85.9377,178.091,94.0623,-1.90915,-1220.0,-606.0,-1400.0,-600.0
-1218.0,-606.0,-106.646,6.0913e-07,85.9557,178.112,94.0443,-1.88819,-1218.0,-606.0,-1400.0,-600.0
-1216.0,-606.0,-106.741,6.15803e-07,85.9733,178.132,94.0267,-1.86768,-1216.0,-606.0,-1400.0,-600.0
-1214.0,-606.0,-106.835,6.22476e-07,85.9906,178.152,94.0094,-1.84761,-1214.0,-606.0,-1400.0,-600.0
-1212.0,-606.0,-106.928,6.2915e-07,86.0075,178.172,93.9925,-1.82797,-1212.0,-606.0,-1400.0,-600.0
-1210.0,-606.0,-107.02,6.35823e-07,86.024,178.191,93.976,-1.80874,-1210.0,-606.0,-1400.0,-600.0
-1208.0,-606.0,-107.111,6.42497e-07,86.0402,178.21,93.9598,-1.78991,-1208.0,-606.0,-1400.0,-600.0
-1206.0,-606.0,-107.201,6.49171e-07,86.0561,178.229,93.9439,-1.77147,-1206.0,-606.0,-1400.0,-600.0
-1204.0,-606.0,-107.29,6.5581e-07,86.1152,178.247,93.8848,-1.7534,-1204.0,-606.0,-1400.0,-600.0
-1202.0,-606.0,-107.377,6.62447e-07,86.1786,178.264,93.8214,-1.7357,-1202.0,-606.0,-1400.0,-600.0
-1600.0,-604.0,-107.444,6.67566e-07,89.0671,1.14576,90.9329,-178.854,-1600.0,-604.0,-1400.0,-600.0
-1598.0,-604.0,-107.357,6.60895e-07,89.0578,1.15733,90.9422,-178.843,-1598.0,-604.0,-1400.0,-600.0
-1596.0,-604.0,-107.269,6.54224e-07,89.0482,1.16914,90.9518,-178.831,-1596.0,-604.0,-1400.0,-600.0
-1594.0,-604.0,-107.179,6.47552e-07,89.0384,1.18119,90.9616,-178.819,-1594.0,-604.0,-1400.0,-600.0
-1592.0,-604.0,-107.089,6.40881e-07,89.0284,1.19349,90.9716,-178.807,-1592.0,-604.0,-1400.0,-600.0
-1590.0,-604.0,-106.998,6.3421e-07,89.0182,1.20605,90.9818,-178.794,-1590.0,-604.0,-1400.0,-600.0
-1588.0,-604.0,-106.906,6.27539e-07,89.0078,1.21888,90.9922,-178.781,-1588.0,-604.0,-1400.0,-600.0
-1586.0,-604.0,-106.813,6.20869e-07,88.9972,1.23198,91.0028,-178.768,-1586.0,-604.0,-1400.0,-600.0
-1584.0,-604.0,-106.719,6.14206e-07,88.9419,1.24536,91.0581,-178.755,-1584.0,-604.0,-1400.0,-600.0
-1582.0,-604.0,-106.624,6.07558e-07,88.8241,1.25905,91.1759,-178.741,-1582.0,-604.0,-1400.0,-600.0
-1580.0,-604.0,-106.528,6.00912e-07,88.7036,1.27303,91.2964,-178.727,-1580.0,-604.0,-1400.0,-600.0
-1578.0,-604.0,-106.431,5.94262e-07,88.6045,1.28733,91.3955,-178.713,-1578.0,-604.0,-1400.0,-600.0
-1576.0,-604.0,-106.333,5.87614e-07,88.5063,1.30195,91.4937,-178.698,-1576.0,-604.0,-1400.0,-600.0
-1574.0,-604.0,-106.234,5.80968e-07,88.4058,1.31691,91.5942,-178.683,-1574.0,-604.0,-1400.0,-600.0
-1572.0,-604.0,-106.134,5.74323e-07,88.3031,1.33222,91.6969,-178.668,-1572.0,-604.0,-1400.0,-600.0
-1570.0,-604.0,-106.033,5.6768e-07,88.1979,1.34789,91.8021,-178.652,-1570.0,-604.0,-1400.0,-600.0
-1568.0,-604.0,-105.93,5.61039e-07,88.0902,1.36393,91.9098,-178.636,-1568.0,-604.0,-1400.0,-600.0
-1566.0,-604.0,-105.826,5.54401e-07,87.98,1.38035,92.02,-178.62,-1566.0,-604.0,-1400.0,-600.0
-1564.0,-604.0,-105.722,5.47764e-07,87.8671,1.39718,92.1329,-178.603,-1564.0,-604.0,-1400.0,-600.0
-1562.0,-604.0,-105.615,5.4113e-07,87.7514,1.41442,92.2486,-178.586,-1562.0,-604.0,-1400.0,-600.0
-1560.0,-604.0,-105.508,5.34498e-07,87.6329,1.4321,92.3671,-178.568,-1560.0,-604.0,-1400.0,-600.0
-1558.0,-604.0,-105.399,5.27869e-07,87.5113,1.45022,92.4887,-178.55,-1558.0,-604.0,-1400.0,-600.0
-1556.0,-604.0,-105.289,5.21241e-07,87.3878,1.4688,92.6122,-178.531,-1556.0,-604.0,-1400.0,-600.0
-1554.0,-604.0,-105.178,5.14603e-07,87.2913,1.48787,92.7087,-178.512,-1554.0,-604.0,-1400.0,-600.0
-1552.0,-604.0,-105.065,5.07967e-07,87.1923,1.50744,92.8077,-178.493,-1552.0,-604.0,-1400.0,-600.0
-1550.0,-604.0,-104.95,5.01332e-07,87.0907,1.52753,92.9093,-178.472,-1550.0,-604.0,-1400.0,-600.0
-1548.0,-604.0,-104.834,4.94699e-07,86.9863,1.54816,93.0137,-178.452,-1548.0,-604.0,-1400.0,-600.0
-1546.0,-604.0,-104.717,4.88068e-07,86.8791,1.56935,93.1209,-178.431,-1546.0,-604.0,-1400.0,-600.0
-1544.0,-604.0,-104.598,4.81438e-07,86.7689,1.59114,93.2311,-178.409,-1544.0,-604.0,-1400.0,-600.0
-1542.0,-604.0,-104.477,4.74811e-07,86.6557,1.61354,93.3443,-178.386,-1542.0,-604.0,-1400.0,-600.0
-1540.0,-604.0,-104.355,4.68185e-07,86.5393,1.63658,93.4607,-178.363,-1540.0,-604.0,-1400.0,-600.0
-1538.0,-604.0,-104.231,4.61562e-07,86.4195,1.66028,93.5805,-178.34,-1538.0,-604.0,-1400.0,-600.0
-1536.0,-604.0,-104.104,4.54901e-07,86.3739,1.68468,93.6261,-178.315,-1536.0,-604.0,-1400.0,-600.0
-1534.0,-604.0,-103.976,4.48226e-07,86.3559,1.70981,93.6441,-178.29,-1534.0,-604.0,-1400.0,-600.0
-1532.0,-604.0,-103.845,4.41551e-07,86.3374,1.7357,93.6626,-178.264,-1532.0,-604.0,-1400.0,-600.0
-1530.0,-604.0,-103.712,4.34876e-07,86.3183,1.76239,93.6817,-178.238,-1530.0,-604.0,-1400.0,-600.0
-1528.0,-604.0,-103.578,4.28202e-07,86.2986,1.78991,93.7014,-178.21,-1528.0,-604.0,-1400.0,-600.0
-1526.0,-604.0,-103.441,4.21527e-07,86.2783,1.8183,93.7217,-178.182,-1526.0,-604.0,-1400.0,-600.0
-1524.0,-604.0,-103.302,4.14853e-07,86.2574,1.84761,93.7426,-178.152,-1524.0,-604.0,-1400.0,-600.0
-1522.0,-604.0,-103.161,4.08179e-07,86.2358,1.87788,93.7642,-178.122,-1522.0,-604.0,-1400.0,-600.0
-1520.0,-604.0,-103.018,4.01505e-07,86.2134,1.90915,93.7866,-178.091,-1520.0,-604.0,-1400.0,-600.0
-1518.0,-604.0,-102.872,3.94848e-07,86.1553,1.94149,93.8447,-178.059,-1518.0,-604.0,-1400.0,-600.0
-1516.0,-604.0,-102.725,3.88213e-07,86.0478,1.97493,93.9522,-178.025,-1516.0,-604.0,-1400.0,-600.0
-1514.0,-604.0,-102.575,3.81579e-07,85.9366,2.00955,94.0634,-177.99,-1514.0,-604.0,-1400.0,-600.0
-1512.0,-604.0,-102.421,3.74894e-07,85.9354,2.04541,94.0646,-177.955,-1512.0,-604.0,-1400.0,-600.0
-1510.0,-604.0,-102.264,3.68202e-07,85.9493,2.08257,94.0507,-177.917,-1510.0,-604.0,-1400.0,-600.0
-1508.0,-604.0,-102.105,3.61509e-07,85.9637,2.1211,94.0363,-177.879,-1508.0,-604.0,-1400.0,-600.0
-1506.0,-604.0,-101.942,3.54818e-07,85.9787,2.16108,94.0213,-177.839,-1506.0,-604.0,-1400.0,-600.0
-1504.0,-604.0,-101.776,3.48126e-07,85.9942,2.2026,94.0058,-177.797,-1504.0,-604.0,-1400.0,-600.0
-1502.0,-604.0,-101.607,3.41434e-07,86.0104,2.24574,93.9896,-177.754,-1502.0,-604.0,-1400.0,-600.0
-1500.0,-604.0,-101.435,3.34743e-07,86.0272,2.29061,93.9728,-177.709,-1500.0,-604.0,-1400.0,-600.0
-1498.0,-604.0,-101.26,3.28052e-07,86.0446,2.33731,93.9554,-177.663,-1498.0,-604.0,-1400.0,-600.0
-1496.0,-604.0,-101.08,3.21361e-07,86.0629,2.38594,93.9371,-177.614,-1496.0,-604.0,-1400.0,-600.0
-1494.0,-604.0,-100.897,3.14671e-07,86.0818,2.43665,93.9182,-177.563,-1494.0,-604.0,-1400.0,-600.0
-1492.0,-604.0,-100.71,3.07981e-07,86.1017,2.48955,93.8983,-177.51,-1492.0,-604.0,-1400.0,-600.0
-1490.0,-604.0,-100.519,3.01293e-07,86.1161,2.5448,93.8839,-177.455,-1490.0,-604.0,-1400.0,-600.0
-1488.0,-604.0,-100.326,2.94662e-07,85.9737,2.60256,94.0263,-177.397,-1488.0,-604.0,-1400.0,-600.0
-1486.0,-604.0,-100.128,2.88033e-07,85.8247,2.663,94.1753,-177.337,-1486.0,-604.0,-1400.0,-600.0
-1484.0,-604.0,-99.9252,2.81395e-07,85.6968,2.72631,94.3032,-177.274,-1484.0,-604.0,-1400.0,-600.0
-1482.0,-604.0,-99.7173,2.74749e-07,85.5925,2.7927,94.4075,-177.207,-1482.0,-604.0,-1400.0,-600.0
-1480.0,-604.0,-99.5044,2.68104e-07,85.4831,2.86241,94.5169,-177.138,-1480.0,-604.0,-1400.0,-600.0
-1478.0,-604.0,-99.2861,2.6146e-07,85.3681,2.93567,94.6319,-177.064,-1478.0,-604.0,-1400.0,-600.0
-1476.0,-604.0,-99.0624,2.54818e-07,85.2471,3.01279,94.7529,-176.987,-1476.0,-604.0,-1400.0,-600.0
-1474.0,-604.0,-98.8327,2.48178e-07,85.1196,3.09406,94.8804,-176.906,-1474.0,-604.0,-1400.0,-600.0
-1472.0,-604.0,-98.597,2.41539e-07,84.9851,3.17983,95.0149,-176.82,-1472.0,-604.0,-1400.0,-600.0
-1470.0,-604.0,-98.3547,2.34902e-07,84.8431,3.27049,95.1569,-176.73,-1470.0,-604.0,-1400.0,-600.0
-1468.0,-604.0,-98.1056,2.28268e-07,84.6928,3.36646,95.3072,-176.634,-1468.0,-604.0,-1400.0,-600.0
-1466.0,-604.0,-97.8494,2.21641e-07,84.5195,3.46823,95.4805,-176.532,-1466.0,-604.0,-1400.0,-600.0
-1464.0,-604.0,-97.5865,2.15039e-07,84.2753,3.57633,95.7247,-176.424,-1464.0,-604.0,-1400.0,-600.0
-1462.0,-604.0,-97.3156,2.08443e-07,84.0157,3.69139,95.9843,-176.309,-1462.0,-604.0,-1400.0,-600.0
-1460.0,-604.0,-97.0362,2.01852e-07,83.7391,3.81407,96.2609,-176.186,-1460.0,-604.0,-1400.0,-600.0
-1458.0,-604.0,-96.7479,1.95266e-07,83.4439,3.94519,96.5561,-176.055,-1458.0,-604.0,-1400.0,-600.0
-1456.0,-604.0,-96.4499,1.88688e-07,83.1282,4.08562,96.8718,-175.914,-1456.0,-604.0,-1400.0,-600.0
-1454.0,-604.0,-96.1418,1.82117e-07,82.7896,4.23639,97.2104,-175.764,-1454.0,-604.0,-1400.0,-600.0
-1452.0,-604.0,-95.8227,1.75554e-07,82.4258,4.39871,97.5742,-175.601,-1452.0,-604.0,-1400.0,-600.0
-1450.0,-604.0,-95.492,1.69e-07,82.0339,4.57392,97.9661,-175.426,-1450.0,-604.0,-1400.0,-600.0
-1448.0,-604.0,-95.1487,1.62456e-07,81.6104,4.76364,98.3896,-175.236,-1448.0,-604.0,-1400.0,-600.0
-1446.0,-604.0,-94.792,1.55924e-07,81.1515,4.96974,98.8485,-175.03,-1446.0,-604.0,-1400.0,-600.0
-1444.0,-604.0,-94.4208,1.49405e-07,80.6527,5.19443,99.3473,-174.806,-1444.0,-604.0,-1400.0,-600.0
-1442.0,-604.0,-94.0339,1.42901e-07,80.1085,5.44033,99.8915,-174.56,-1442.0,-604.0,-1400.0,-600.0
-1440.0,-604.0,-93.6301,1.36413e-07,79.5128,5.71059,100.487,-174.289,-1440.0,-604.0,-1400.0,-600.0
-1438.0,-604.0,-93.2079,1.29945e-07,78.8579,6.00901,101.142,-173.991,-1438.0,-604.0,-1400.0,-600.0
-1436.0,-604.0,-92.7657,1.235e-07,78.1348,6.34019,101.865,-173.66,-1436.0,-604.0,-1400.0,-600.0
-1434.0,-604.0,-92.3018,1.17081e-07,77.3328,6.70984,102.667,-173.29,-1434.0,-604.0,-1400.0,-600.0
-1432.0,-604.0,-91.8142,1.10692e-07,76.4385,7.12502,103.561,-172.875,-1432.0,-604.0,-1400.0,-600.0
-1430.0,-604.0,-91.3007,1.0434e-07,75.4359,7.59464,104.564,-172.405,-1430.0,-604.0,-1400.0,-600.0
-1428.0,-604.0,-90.7587,9.80318e-08,74.305,8.1301,105.695,-171.87,-1428.0,-604.0,-1400.0,-600.0
-1426.0,-604.0,-90.1857,9.17759e-08,73.0207,8.74616,106.979,-171.254,-1426.0,-604.0,-1400.0,-600.0
-1424.0,-604.0,-89.5787,8.5584e-08,71.552,9.46232,108.448,-170.538,-1424.0,-604.0,-1400.0,-600.0
-1422.0,-604.0,-88.9348,7.94711e-08,69.8592,10.3048,110.141,-169.695,-1422.0,-604.0,-1400.0,-600.0
-1420.0,-604.0,-88.251,7.34569e-08,67.8919,11.3099,112.108,-168.69,-1420.0,-604.0,-1400.0,-600.0
-1418.0,-604.0,-87.5249,6.75678e-08,65.5861,12.5288,114.414,-167.471,-1418.0,-604.0,-1400.0,-600.0
-1416.0,-604.0,-86.7552,6.18395e-08,62.86,14.0362,117.14,-165.964,-1416.0,-604.0,-1400.0,-600.0
-1414.0,-604.0,-85.9431,5.63211e-08,59.6114,15.9454,120.389,-164.055,-1414.0,-604.0,-1400.0,-600.0
-1412.0,-604.0,-85.0946,5.10807e-08,55.7176,18.4349,124.282,-161.565,-1412.0,-604.0,-1400.0,-600.0
-1410.0,-604.0,-84.2245,4.6213e-08,51.0459,21.8014,128.954,-158.199,-1410.0,-604.0,-1400.0,-600.0
-1408.0,-604.0,-83.3626,4.18483e-08,45.4927,26.5651,134.507,-153.435,-1408.0,-604.0,-1400.0,-600.0
-1406.0,-604.0,-82.5609,3.81594e-08,39.0908,33.6901,140.909,-146.31,-1406.0,-604.0,-1400.0,-600.0
-1404.0,-604.0,-81.8987,3.53585e-08,32.2644,45.0,147.736,-135.0,-1404.0,-604.0,-1400.0,-600.0
-1402.0,-604.0,-81.4731,3.36681e-08,26.3093,63.4349,153.691,-116.565,-1402.0,-604.0,-1400.0,-600.0
-1400.0,-604.0,-81.3666,3.32579e-08,23.6604,90.0,156.34,-90.0,-1400.0,-604.0,-1400.0,-600.0
-1398.0,-604.0,-81.6027,3.41739e-08,25.8907,116.565,154.109,-63.4349,-1398.0,-604.0,-1400.0,-600.0
-1396.0,-604.0,-82.1308,3.63161e-08,31.3156,135.0,148.684,-45.0,-1396.0,-604.0,-1400.0,-600.0
-1394.0,-604.0,-82.8254,3.93391e-08,37.7083,146.31,142.292,-33.6901,-1394.0,-604.0,-1400.0,-600.0
-1392.0,-604.0,-83.6226,4.31196e-08,43.7992,153.435,136.201,-26.5651,-1392.0,-604.0,-1400.0,-600.0
-1390.0,-604.0,-84.474,4.75593e-08,49.081,158.199,130.919,-21.8014,-1390.0,-604.0,-1400.0,-600.0
-1388.0,-604.0,-85.3534,5.26251e-08,53.3238,161.565,126.676,-18.4349,-1388.0,-604.0,-1400.0,-600.0
-1386.0,-604.0,-86.201,5.80184e-08,56.8644,164.055,123.136,-15.9454,-1386.0,-604.0,-1400.0,-600.0
-1384.0,-604.0,-87.0067,6.36561e-08,59.8255,165.964,120.174,-14.0362,-1384.0,-604.0,-1400.0,-600.0
-1382.0,-604.0,-87.7672,6.94787e-08,62.3179,167.471,117.682,-12.5288,-1382.0,-604.0,-1400.0,-600.0
-1380.0,-604.0,-88.4829,7.54434e-08,64.4329,168.69,115.567,-11.3099,-1380.0,-604.0,-1400.0,-600.0
-1378.0,-604.0,-89.1559,8.1519e-08,66.2431,169.695,113.757,-10.3048,-1378.0,-604.0,-1400.0,-600.0
-1376.0,-604.0,-89.7892,8.76825e-08,67.8056,170.538,112.194,-9.46232,-1376.0,-604.0,-1400.0,-600.0
-1374.0,-604.0,-90.386,9.39166e-08,69.1652,171.254,110.835,-8.74616,-1374.0,-604.0,-1400.0,-600.0
-1372.0,-604.0,-90.9495,1.00208e-07,70.3573,171.87,109.643,-8.1301,-1372.0,-604.0,-1400.0,-600.0
-1370.0,-604.0,-91.4649,1.06331e-07,71.7591,172.405,108.241,-7.59464,-1370.0,-604.0,-1400.0,-600.0
-1368.0,-604.0,-91.9527,1.1247e-07,73.0872,172.875,106.913,-7.12502,-1368.0,-604.0,-1400.0,-600.0
-1366.0,-604.0,-92.4191,1.18671e-07,74.2781,173.29,105.722,-6.70984,-1366.0,-604.0,-1400.0,-600.0
-1364.0,-604.0,-92.8652,1.24922e-07,75.3509,173.66,104.649,-6.34019,-1364.0,-604.0,-1400.0,-600.0
-1362.0,-604.0,-93.2925,1.31217e-07,76.3217,173.991,103.678,-6.00901,-1362.0,-604.0,-1400.0,-600.0
-1360.0,-604.0,-93.7022,1.37551e-07,77.2036,174.289,102.796,-5.71059,-1360.0,-604.0,-1400.0,-600.0
-1358.0,-604.0,-94.0955,1.43917e-07,78.0081,174.56,101.992,-5.44033,-1358.0,-604.0,-1400.0,-600.0
-1356.0,-604.0,-94.4734,1.50312e-07,78.7445,174.806,101.256,-5.19443,-1356.0,-604.0,-1400.0,-600.0
-1354.0,-604.0,-94.8369,1.56732e-07,79.4208,175.03,100.579,-4.96974,-1354.0,-604.0,-1400.0,-600.0
-1352.0,-604.0,-95.1898,1.63226e-07,79.9425,175.236,100.057,-4.76364,-1352.0,-604.0,-1400.0,-600.0
-1350.0,-604.0,-95.532,1.69779e-07,80.3345,175.426,99.6655,-4.57392,-1350.0,-604.0,-1400.0,-600.0
-1348.0,-604.0,-95.8616,1.76341e-07,80.6975,175.601,99.3025,-4.39871,-1348.0,-604.0,-1400.0,-600.0
-1346.0,-604.0,-96.1796,1.82911e-07,81.0344,175.764,98.9656,-4.23639,-1346.0,-604.0,-1400.0,-600.0
-1344.0,-604.0,-96.4868,1.89489e-07,81.3481,175.914,98.6519,-4.08562,-1344.0,-604.0,-1400.0,-600.0
-1342.0,-604.0,-96.7837,1.96073e-07,81.6407,176.055,98.3593,-3.94519,-1342.0,-604.0,-1400.0,-600.0
-1340.0,-604.0,-97.0711,2.02662e-07,81.9144,176.186,98.0856,-3.81407,-1340.0,-604.0,-1400.0,-600.0
-1338.0,-604.0,-97.3495,2.09257e-07,82.1708,176.309,97.8292,-3.69139,-1338.0,-604.0,-1400.0,-600.0
-1336.0,-604.0,-97.6195,2.15857e-07,82.4116,176.424,97.5884,-3.57633,-1336.0,-604.0,-1400.0,-600.0
-1334.0,-604.0,-97.8815,2.22461e-07,82.6382,176.532,97.3618,-3.46823,-1334.0,-604.0,-1400.0,-600.0
-1332.0,-604.0,-98.1361,2.2907e-07,82.8517,176.634,97.1483,-3.36646,-1332.0,-604.0,-1400.0,-600.0
-1330.0,-604.0,-98.3835,2.35682e-07,83.0532,176.73,96.9468,-3.27049,-1330.0,-604.0,-1400.0,-600.0
-1328.0,-604.0,-98.6242,2.42297e-07,83.2438,176.82,96.7562,-3.17983,-1328.0,-604.0,-1400.0,-600.0
-1326.0,-604.0,-98.8585,2.48915e-07,83.4242,176.906,96.5758,-3.09406,-1326.0,-604.0,-1400.0,-600.0
-1324.0,-604.0,-99.0868,2.55537e-07,83.5953,176.987,96.4047,-3.01279,-1324.0,-604.0,-1400.0,-600.0
-1322.0,-604.0,-99.3094,2.6216e-07,83.7578,177.064,96.2422,-2.93567,-1322.0,-604.0,-1400.0,-600.0
-1320.0,-604.0,-99.5265,2.68787e-07,83.9123,177.138,96.0877,-2.86241,-1320.0,-604.0,-1400.0,-600.0
-1318.0,-604.0,-99.7384,2.75415e-07,84.0593,177.207,95.9407,-2.7927,-1318.0,-604.0,-1400.0,-600.0
-1316.0,-604.0,-99.9453,2.82046e-07,84.1995,177.274,95.8005,-2.72631,-1316.0,-604.0,-1400.0,-600.0
-1314.0,-604.0,-100.147,2.88679e-07,84.3332,177.337,95.6668,-2.663,-1314.0,-604.0,-1400.0,-600.0
-1312.0,-604.0,-100.345,2.95313e-07,84.4609,177.397,95.5391,-2.60256,-1312.0,-604.0,-1400.0,-600.0
-1310.0,-604.0,-100.538,3.0195e-07,84.583,177.455,95.417,-2.5448,-1310.0,-604.0,-1400.0,-600.0
-1308.0,-604.0,-100.728,3.08588e-07,84.6999,177.51,95.3001,-2.48955,-1308.0,-604.0,-1400.0,-600.0
-1306.0,-604.0,-100.913,3.15227e-07,84.8118,177.563,95.1882,-2.43665,-1306.0,-604.0,-1400.0,-600.0
-1304.0,-604.0,-101.095,3.21889e-07,84.8776,177.614,95.1224,-2.38594,-1304.0,-604.0,-1400.0,-600.0
-1302.0,-604.0,-101.273,3.28555e-07,84.9325,177.663,95.0675,-2.33731,-1302.0,-604.0,-1400.0,-600.0
-1300.0,-604.0,-101.448,3.35222e-07,84.9852,177.709,95.0148,-2.29061,-1300.0,-604.0,-1400.0,-600.0
-1298.0,-604.0,-101.619,3.41889e-07,85.0358,177.754,94.9642,-2.24574,-1298.0,-604.0,-1400.0,-600.0
-1296.0,-604.0,-101.787,3.48557e-07,85.0846,177.797,94.9154,-2.2026,-1296.0,-604.0,-1400.0,-600.0
-1294.0,-604.0,-101.952,3.55226e-07,85.1314,177.839,94.8686,-2.16108,-1294.0,-604.0,-1400.0,-600.0
-1292.0,-604.0,-102.114,3.61894e-07,85.1766,177.879,94.8234,-2.1211,-1292.0,-604.0,-1400.0,-600.0
-1290.0,-604.0,-102.273,3.68564e-07,85.2201,177.917,94.7799,-2.08257,-1290.0,-604.0,-1400.0,-600.0
-1288.0,-604.0,-102.429,3.75233e-07,85.2621,177.955,94.7379,-2.04541,-1288.0,-604.0,-1400.0,-600.0
-1286.0,-604.0,-102.582,3.81903e-07,85.3027,177.99,94.6973,-2.00955,-1286.0,-604.0,-1400.0,-600.0
-1284.0,-604.0,-102.733,3.88573e-07,85.3418,178.025,94.6582,-1.97493,-1284.0,-604.0,-1400.0,-600.0
-1282.0,-604.0,-102.881,3.95244e-07,85.3796,178.059,94.6204,-1.94149,-1282.0,-604.0,-1400.0,-600.0
-1280.0,-604.0,-103.026,4.01914e-07,85.4162,178.091,94.5838,-1.90915,-1280.0,-604.0,-1400.0,-600.0
-1278.0,-604.0,-103.17,4.08585e-07,85.4515,178.122,94.5485,-1.87788,-1278.0,-604.0,-1400.0,-600.0
-1276.0,-604.0,-103.311,4.15257e-07,85.4858,178.152,94.5142,-1.84761,-1276.0,-604.0,-1400.0,-600.0
-1274.0,-604.0,-103.449,4.21928e-07,85.5189,178.182,94.4811,-1.8183,-1274.0,-604.0,-1400.0,-600.0
-1272.0,-604.0,-103.586,4.286e-07,85.551,178.21,94.449,-1.78991,-1272.0,-604.0,-1400.0,-600.0
-1270.0,-604.0,-103.72,4.35272e-07,85.5822,178.238,94.4178,-1.76239,-1270.0,-604.0,-1400.0,-600.0
-1268.0,-604.0,-103.853,4.41944e-07,85.6124,178.264,94.3876,-1.7357,-1268.0,-604.0,-1400.0,-600.0
-1266.0,-604.0,-103.983,4.48617e-07,85.6417,178.29,94.3583,-1.70981,-1266.0,-604.0,-1400.0,-600.0
-1264.0,-604.0,-104.112,4.5529e-07,85.6701,178.315,94.3299,-1.68468,-1264.0,-604.0,-1400.0,-600.0
-1262.0,-604.0,-104.238,4.61962e-07,85.6977,178.34,94.3023,-1.66028,-1262.0,-604.0,-1400.0,-600.0
-1260.0,-604.0,-104.363,4.68636e-07,85.7246,178.363,94.2754,-1.63658,-1260.0,-604.0,-1400.0,-600.0
-1258.0,-604.0,-104.486,4.75309e-07,85.7507,178.386,94.2493,-1.61354,-1258.0,-604.0,-1400.0,-600.0
-1256.0,-604.0,-104.608,4.81982e-07,85.776,178.409,94.224,-1.59114,-1256.0,-604.0,-1400.0,-600.0
-1254.0,-604.0,-104.727,4.88656e-07,85.8007,178.431,94.1993,-1.56935,-1254.0,-604.0,-1400.0,-600.0
-1252.0,-604.0,-104.846,4.95341e-07,85.8058,178.452,94.1942,-1.54816,-1252.0,-604.0,-1400.0,-600.0
-1250.0,-604.0,-104.963,5.02036e-07,85.7974,178.472,94.2026,-1.52753,-1250.0,-604.0,-1400.0,-600.0
-1248.0,-604.0,-105.078,5.0873e-07,85.7892,178.493,94.2108,-1.50744,-1248.0,-604.0,-1400.0,-600.0
-1246.0,-604.0,-105.192,5.15425e-07,85.7812,178.512,94.2188,-1.48787,-1246.0,-604.0,-1400.0,-600.0
-1244.0,-604.0,-105.304,5.22119e-07,85.7734,178.531,94.2266,-1.4688,-1244.0,-604.0,-1400.0,-600.0
-1242.0,-604.0,-105.415,5.28814e-07,85.7658,178.55,94.2342,-1.45022,-1242.0,-604.0,-1400.0,-600.0
-1240.0,-604.0,-105.525,5.35509e-07,85.7584,178.568,94.2416,-1.4321,-1240.0,-604.0,-1400.0,-600.0
-1238.0,-604.0,-105.633,5.42204e-07,85.7511,178.586,94.2489,-1.41442,-1238.0,-604.0,-1400.0,-600.0
-1236.0,-604.0,-105.74,5.48898e-07,85.7441,178.603,94.2559,-1.39718,-1236.0,-604.0,-1400.0,-600.0
-1234.0,-604.0,-105.845,5.55587e-07,85.7459,178.62,94.2541,-1.38035,-1234.0,-604.0,-1400.0,-600.0
-1232.0,-604.0,-105.949,5.62261e-07,85.7677,178.636,94.2323,-1.36393,-1232.0,-604.0,-1400.0,-600.0
-1230.0,-604.0,-106.052,5.68935e-07,85.789,178.652,94.211,-1.34789,-1230.0,-604.0,-1400.0,-600.0
-1228.0,-604.0,-106.153,5.75595e-07,85.8303,178.668,94.1697,-1.33222,-1228.0,-604.0,-1400.0,-600.0
-1226.0,-604.0,-106.253,5.82249e-07,85.878,178.683,94.122,-1.31691,-1226.0,-604.0,-1400.0,-600.0
-1224.0,-604.0,-106.352,5.88907e-07,85.9201,178.698,94.0799,-1.30195,-1224.0,-604.0,-1400.0,-600.0
-1222.0,-604.0,-106.45,5.95582e-07,85.9387,178.713,94.0613,-1.28733,-1222.0,-604.0,-1400.0,-600.0
-1220.0,-604.0,-106.548,6.02257e-07,85.9569,178.727,94.0431,-1.27303,-1220.0,-604.0,-1400.0,-600.0
-1218.0,-604.0,-106.644,6.08932e-07,85.9748,178.741,94.0252,-1.25905,-1218.0,-604.0,-1400.0,-600.0
-1216.0,-604.0,-106.739,6.15607e-07,85.9922,178.755,94.0078,-1.24536,-1216.0,-604.0,-1400.0,-600.0
-1214.0,-604.0,-106.832,6.22282e-07,86.0093,178.768,93.9907,-1.23198,-1214.0,-604.0,-1400.0,-600.0
-1212.0,-604.0,-106.925,6.28958e-07,86.026,178.781,93.974,-1.21888,-1212.0,-604.0,-1400.0,-600.0
-1210.0,-604.0,-107.017,6.35633e-07,86.0423,178.794,93.9577,-1.20605,-1210.0,-604.0,-1400.0,-600.0
-1208.0,-604.0,-107.108,6.42309e-07,86.0583,178.807,93.9417,-1.19349,-1208.0,-604.0,-1400.0,-600.0
-1206.0,-604.0,-107.199,6.48984e-07,86.074,178.819,93.926,-1.18119,-1206.0,-604.0,-1400.0,-600.0
-1204.0,-604.0,-107.287,6.55626e-07,86.133,178.831,93.867,-1.16914,-1204.0,-604.0,-1400.0,-600.0
-1202.0,-604.0,-107.375,6.62264e-07,86.1963,178.843,93.8037,-1.15733,-1202.0,-604.0,-1400.0,-600.0
-1600.0,-602.0,-107.443,6.67446e-07,89.1782,0.572939,90.8218,-179.427,-1600.0,-602.0,-1400.0,-600.0
-1598.0,-602.0,-107.355,6.60774e-07,89.1699,0.578726,90.8301,-179.421,-1598.0,-602.0,-1400.0,-600.0
-1596.0,-602.0,-107.267,6.54101e-07,89.1614,0.584631,90.8386,-179.415,-1596.0,-602.0,-1400.0,-600.0
-1594.0,-602.0,-107.178,6.47429e-07,89.1528,0.590657,90.8472,-179.409,-1594.0,-602.0,-1400.0,-600.0
-1592.0,-602.0,-107.087,6.40757e-07,89.144,0.596809,90.856,-179.403,-1592.0,-602.0,-1400.0,-600.0
-1590.0,-602.0,-106.996,6.34084e-07,89.135,0.603091,90.865,-179.397,-1590.0,-602.0,-1400.0,-600.0
-1588.0,-602.0,-106.904,6.27412e-07,89.1259,0.609507,90.8741,-179.39,-1588.0,-602.0,-1400.0,-600.0
-1586.0,-602.0,-106.811,6.2074e-07,89.1165,0.61606,90.8835,-179.384,-1586.0,-602.0,-1400.0,-600.0
-1584.0,-602.0,-106.717,6.14075e-07,89.0625,0.622756,90.9375,-179.377,-1584.0,-602.0,-1400.0,-600.0
-1582.0,-602.0,-106.622,6.07422e-07,88.946,0.629599,91.054,-179.37,-1582.0,-602.0,-1400.0,-600.0
-1580.0,-602.0,-106.526,6.00773e-07,88.8269,0.636594,91.1731,-179.363,-1580.0,-602.0,-1400.0,-600.0
-1578.0,-602.0,-106.429,5.94125e-07,88.7082,0.643746,91.2918,-179.356,-1578.0,-602.0,-1400.0,-600.0
-1576.0,-602.0,-106.331,5.87473e-07,88.6112,0.65106,91.3888,-179.349,-1576.0,-602.0,-1400.0,-600.0
-1574.0,-602.0,-106.232,5.80824e-07,88.5119,0.658543,91.4881,-179.341,-1574.0,-602.0,-1400.0,-600.0
-1572.0,-602.0,-106.132,5.74176e-07,88.4104,0.6662,91.5896,-179.334,-1572.0,-602.0,-1400.0,-600.0
-1570.0,-602.0,-106.03,5.6753e-07,88.3064,0.674037,91.6936,-179.326,-1570.0,-602.0,-1400.0,-600.0
-1568.0,-602.0,-105.928,5.60885e-07,88.2,0.68206,91.8,-179.318,-1568.0,-602.0,-1400.0,-600.0
-1566.0,-602.0,-105.824,5.54243e-07,88.0911,0.690277,91.9089,-179.31,-1566.0,-602.0,-1400.0,-600.0
-1564.0,-602.0,-105.719,5.47603e-07,87.9795,0.698694,92.0205,-179.301,-1564.0,-602.0,-1400.0,-600.0
-1562.0,-602.0,-105.613,5.40965e-07,87.8651,0.707319,92.1349,-179.293,-1562.0,-602.0,-1400.0,-600.0
-1560.0,-602.0,-105.505,5.3433e-07,87.7479,0.71616,92.2521,-179.284,-1560.0,-602.0,-1400.0,-600.0
-1558.0,-602.0,-105.397,5.27696e-07,87.6278,0.725224,92.3722,-179.275,-1558.0,-602.0,-1400.0,-600.0
-1556.0,-602.0,-105.286,5.21065e-07,87.5046,0.734521,92.4954,-179.265,-1556.0,-602.0,-1400.0,-600.0
-1554.0,-602.0,-105.175,5.14433e-07,87.3867,0.744059,92.6133,-179.256,-1554.0,-602.0,-1400.0,-600.0
-1552.0,-602.0,-105.062,5.07794e-07,87.2889,0.753848,92.7111,-179.246,-1552.0,-602.0,-1400.0,-600.0
-1550.0,-602.0,-104.947,5.01156e-07,87.1885,0.763898,92.8115,-179.236,-1550.0,-602.0,-1400.0,-600.0
-1548.0,-602.0,-104.831,4.94519e-07,87.0854,0.77422,92.9146,-179.226,-1548.0,-602.0,-1400.0,-600.0
-1546.0,-602.0,-104.714,4.87885e-07,86.9795,0.784825,93.0205,-179.215,-1546.0,-602.0,-1400.0,-600.0
-1544.0,-602.0,-104.594,4.81252e-07,86.8706,0.795724,93.1294,-179.204,-1544.0,-602.0,-1400.0,-600.0
-1542.0,-602.0,-104.474,4.7462e-07,86.7588,0.806929,93.2412,-179.193,-1542.0,-602.0,-1400.0,-600.0
-1540.0,-602.0,-104.351,4.67991e-07,86.6437,0.818455,93.3563,-179.182,-1540.0,-602.0,-1400.0,-600.0
-1538.0,-602.0,-104.227,4.61364e-07,86.5254,0.830315,93.4746,-179.17,-1538.0,-602.0,-1400.0,-600.0
-1536.0,-602.0,-104.1,4.547e-07,86.4813,0.842524,93.5187,-179.157,-1536.0,-602.0,-1400.0,-600.0
-1534.0,-602.0,-103.972,4.48023e-07,86.4649,0.855097,93.5351,-179.145,-1534.0,-602.0,-1400.0,-600.0
-1532.0,-602.0,-103.841,4.41345e-07,86.448,0.868051,93.552,-179.132,-1532.0,-602.0,-1400.0,-600.0
-1530.0,-602.0,-103.708,4.34668e-07,86.4306,0.881404,93.5694,-179.119,-1530.0,-602.0,-1400.0,-600.0
-1528.0,-602.0,-103.574,4.27991e-07,86.4126,0.895174,93.5874,-179.105,-1528.0,-602.0,-1400.0,-600.0
-1526.0,-602.0,-103.437,4.21314e-07,86.3941,0.90938,93.6059,-179.091,-1526.0,-602.0,-1400.0,-600.0
-1524.0,-602.0,-103.298,4.14637e-07,86.375,0.924045,93.625,-179.076,-1524.0,-602.0,-1400.0,-600.0
-1522.0,-602.0,-103.156,4.0796e-07,86.3552,0.939191,93.6448,-179.061,-1522.0,-602.0,-1400.0,-600.0
-1520.0,-602.0,-103.013,4.0129e-07,86.3191,0.954841,93.6809,-179.045,-1520.0,-602.0,-1400.0,-600.0
-1518.0,-602.0,-102.868,3.9465e-07,86.2161,0.971022,93.7839,-179.029,-1518.0,-602.0,-1400.0,-600.0
-1516.0,-602.0,-102.72,3.88011e-07,86.1096,0.98776,93.8904,-179.012,-1516.0,-602.0,-1400.0,-600.0
-1514.0,-602.0,-102.57,3.81374e-07,85.9994,1.00509,94.0006,-178.995,-1514.0,-602.0,-1400.0,-600.0
-1512.0,-602.0,-102.416,3.74685e-07,85.9993,1.02303,94.0007,-178.977,-1512.0,-602.0,-1400.0,-600.0
-1510.0,-602.0,-102.259,3.6799e-07,86.0143,1.04163,93.9857,-178.958,-1510.0,-602.0,-1400.0,-600.0
-1508.0,-602.0,-102.099,3.61295e-07,86.0299,1.06091,93.9701,-178.939,-1508.0,-602.0,-1400.0,-600.0
-1506.0,-602.0,-101.937,3.54599e-07,86.0461,1.08092,93.9539,-178.919,-1506.0,-602.0,-1400.0,-600.0
-1504.0,-602.0,-101.771,3.47904e-07,86.0629,1.10171,93.9371,-178.898,-1504.0,-602.0,-1400.0,-600.0
-1502.0,-602.0,-101.602,3.41209e-07,86.0804,1.1233,93.9196,-178.877,-1502.0,-602.0,-1400.0,-600.0
-1500.0,-602.0,-101.429,3.34514e-07,86.0985,1.14576,93.9015,-178.854,-1500.0,-602.0,-1400.0,-600.0
-1498.0,-602.0,-101.253,3.27819e-07,86.1174,1.16914,93.8826,-178.831,-1498.0,-602.0,-1400.0,-600.0
-1496.0,-602.0,-101.074,3.21124e-07,86.1371,1.19349,93.8629,-178.807,-1496.0,-602.0,-1400.0,-600.0
-1494.0,-602.0,-100.891,3.14429e-07,86.1576,1.21888,93.8424,-178.781,-1494.0,-602.0,-1400.0,-600.0
-1492.0,-602.0,-100.703,3.07735e-07,86.1791,1.24536,93.8209,-178.755,-1492.0,-602.0,-1400.0,-600.0
-1490.0,-602.0,-100.512,3.01042e-07,86.1952,1.27303,93.8048,-178.727,-1490.0,-602.0,-1400.0,-600.0
-1488.0,-602.0,-100.318,2.94405e-07,86.0544,1.30195,93.9456,-178.698,-1488.0,-602.0,-1400.0,-600.0
-1486.0,-602.0,-100.12,2.87769e-07,85.9071,1.33222,94.0929,-178.668,-1486.0,-602.0,-1400.0,-600.0
-1484.0,-602.0,-99.9172,2.81136e-07,85.7528,1.36393,94.2472,-178.636,-1484.0,-602.0,-1400.0,-600.0
-1482.0,-602.0,-99.7091,2.74489e-07,85.6335,1.39718,94.3665,-178.603,-1482.0,-602.0,-1400.0,-600.0
-1480.0,-602.0,-99.4957,2.67838e-07,85.5249,1.4321,94.4751,-178.568,-1480.0,-602.0,-1400.0,-600.0
-1478.0,-602.0,-99.277,2.61187e-07,85.4107,1.4688,94.5893,-178.531,-1478.0,-602.0,-1400.0,-600.0
-1476.0,-602.0,-99.0528,2.54538e-07,85.2906,1.50744,94.7094,-178.493,-1476.0,-602.0,-1400.0,-600.0
-1474.0,-602.0,-98.8226,2.4789e-07,85.164,1.54816,94.836,-178.452,-1474.0,-602.0,-1400.0,-600.0
-1472.0,-602.0,-98.5863,2.41243e-07,85.0304,1.59114,94.9696,-178.409,-1472.0,-602.0,-1400.0,-600.0
-1470.0,-602.0,-98.3434,2.34598e-07,84.8893,1.63658,95.1107,-178.363,-1470.0,-602.0,-1400.0,-600.0
-1468.0,-602.0,-98.0936,2.27955e-07,84.74,1.68468,95.26,-178.315,-1468.0,-602.0,-1400.0,-600.0
-1466.0,-602.0,-97.8367,2.21319e-07,84.5677,1.7357,95.4323,-178.264,-1466.0,-602.0,-1400.0,-600.0
-1464.0,-602.0,-97.573,2.14707e-07,84.3243,1.78991,95.6757,-178.21,-1464.0,-602.0,-1400.0,-600.0
-1462.0,-602.0,-97.3013,2.08099e-07,84.0656,1.84761,95.9344,-178.152,-1462.0,-602.0,-1400.0,-600.0
-1460.0,-602.0,-97.0209,2.01497e-07,83.7898,1.90915,96.2102,-178.091,-1460.0,-602.0,-1400.0,-600.0
-1458.0,-602.0,-96.7315,1.94899e-07,83.4954,1.97493,96.5046,-178.025,-1458.0,-602.0,-1400.0,-600.0
-1456.0,-602.0,-96.4324,1.88308e-07,83.1804,2.04541,96.8196,-177.955,-1456.0,-602.0,-1400.0,-600.0
-1454.0,-602.0,-96.1229,1.81723e-07,82.8425,2.1211,97.1575,-177.879,-1454.0,-602.0,-1400.0,-600.0
-1452.0,-602.0,-95.8024,1.75144e-07,82.4793,2.2026,97.5207,-177.797,-1452.0,-602.0,-1400.0,-600.0
-1450.0,-602.0,-95.4701,1.68574e-07,82.0877,2.29061,97.9123,-177.709,-1450.0,-602.0,-1400.0,-600.0
-1448.0,-602.0,-95.125,1.62013e-07,81.6645,2.38594,98.3355,-177.614,-1448.0,-602.0,-1400.0,-600.0
-1446.0,-602.0,-94.7662,1.55462e-07,81.2055,2.48955,98.7945,-177.51,-1446.0,-602.0,-1400.0,-600.0
-1444.0,-602.0,-94.3926,1.48922e-07,80.7063,2.60256,99.2937,-177.397,-1444.0,-602.0,-1400.0,-600.0
-1442.0,-602.0,-94.0031,1.42395e-07,80.1612,2.72631,99.8388,-177.274,-1442.0,-602.0,-1400.0,-600.0
-1440.0,-602.0,-93.5962,1.35883e-07,79.564,2.86241,100.436,-177.138,-1440.0,-602.0,-1400.0,-600.0
-1438.0,-602.0,-93.1705,1.29388e-07,78.9067,3.01279,101.093,-176.987,-1438.0,-602.0,-1400.0,-600.0
-1436.0,-602.0,-92.7244,1.22913e-07,78.1802,3.17983,101.82,-176.82,-1436.0,-602.0,-1400.0,-600.0
-1434.0,-602.0,-92.2557,1.16461e-07,77.3731,3.36646,102.627,-176.634,-1434.0,-602.0,-1400.0,-600.0
-1432.0,-602.0,-91.7626,1.10036e-07,76.4718,3.57633,103.528,-176.424,-1432.0,-602.0,-1400.0,-600.0
-1430.0,-602.0,-91.2424,1.03644e-07,75.4592,3.81407,104.541,-176.186,-1430.0,-602.0,-1400.0,-600.0
-1428.0,-602.0,-90.6926,9.72894e-08,74.3142,4.08562,105.686,-175.914,-1428.0,-602.0,-1400.0,-600.0
-1426.0,-602.0,-90.1102,9.09818e-08,73.0102,4.39871,106.99,-175.601,-1426.0,-602.0,-1400.0,-600.0
-1424.0,-602.0,-89.4917,8.47311e-08,71.5135,4.76364,108.487,-175.236,-1424.0,-602.0,-1400.0,-600.0
-1422.0,-602.0,-88.8336,7.85511e-08,69.7808,5.19443,110.219,-174.806,-1422.0,-602.0,-1400.0,-600.0
-1420.0,-602.0,-88.1323,7.24598e-08,67.7558,5.71059,112.244,-174.289,-1420.0,-602.0,-1400.0,-600.0
-1418.0,-602.0,-87.3841,6.64815e-08,65.3653,6.34019,114.635,-173.66,-1418.0,-602.0,-1400.0,-600.0
-1416.0,-602.0,-86.5864,6.06497e-08,62.5124,7.12502,117.488,-172.875,-1416.0,-602.0,-1400.0,-600.0
-1414.0,-602.0,-85.7386,5.5011e-08,59.0703,8.1301,120.93,-171.87,-1414.0,-602.0,-1400.0,-600.0
-1412.0,-602.0,-84.8445,4.96313e-08,54.8742,9.46232,125.126,-170.538,-1412.0,-602.0,-1400.0,-600.0
-1410.0,-602.0,-83.9167,4.46043e-08,49.7193,11.3099,130.281,-168.69,-1410.0,-602.0,-1400.0,-600.0
-1408.0,-602.0,-82.9839,4.00631e-08,43.3772,14.0362,136.623,-165.964,-1408.0,-602.0,-1400.0,-600.0
-1406.0,-602.0,-82.1009,3.61911e-08,35.6694,18.4349,144.331,-161.565,-1406.0,-602.0,-1400.0,-600.0
-1404.0,-602.0,-81.3575,3.32229e-08,26.6896,26.5651,153.31,-153.435,-1404.0,-602.0,-1400.0,-600.0
-1402.0,-602.0,-80.8716,3.14158e-08,17.4823,45.0,162.518,-135.0,-1402.0,-602.0,-1400.0,-600.0
-1400.0,-602.0,-80.7485,3.09738e-08,12.4422,90.0,167.558,-90.0,-1400.0,-602.0,-1400.0,-600.0
-1398.0,-602.0,-81.019,3.19535e-08,17.1789,135.0,162.821,-45.0,-1398.0,-602.0,-1400.0,-600.0
-1396.0,-602.0,-81.6177,3.42331e-08,25.8427,153.435,154.157,-26.5651,-1396.0,-602.0,-1400.0,-600.0
-1394.0,-602.0,-82.3919,3.74242e-08,34.3255,161.565,145.674,-18.4349,-1394.0,-602.0,-1400.0,-600.0
-1392.0,-602.0,-83.2649,4.13801e-08,41.6778,165.964,138.322,-14.0362,-1392.0,-602.0,-1400.0,-600.0
-1390.0,-602.0,-84.1785,4.59687e-08,47.7521,168.69,132.248,-11.3099,-1390.0,-602.0,-1400.0,-600.0
-1388.0,-602.0,-85.0939,5.10768e-08,52.631,170.538,127.369,-9.46232,-1388.0,-602.0,-1400.0,-600.0
-1386.0,-602.0,-85.9884,5.66157e-08,56.4585,171.87,123.542,-8.1301,-1386.0,-602.0,-1400.0,-600.0
-1384.0,-602.0,-86.8306,6.23783e-08,59.6016,172.875,120.398,-7.12502,-1384.0,-602.0,-1400.0,-600.0
-1382.0,-602.0,-87.6196,6.83081e-08,62.2117,173.66,117.788,-6.34019,-1382.0,-602.0,-1400.0,-600.0
-1380.0,-602.0,-88.3578,7.43651e-08,64.4042,174.289,115.596,-5.71059,-1380.0,-602.0,-1400.0,-600.0
-1378.0,-602.0,-89.0488,8.05207e-08,66.266,174.806,113.734,-5.19443,-1378.0,-602.0,-1400.0,-600.0
-1376.0,-602.0,-89.6967,8.67537e-08,67.8632,175.236,112.137,-4.76364,-1376.0,-602.0,-1400.0,-600.0
-1374.0,-602.0,-90.3054,9.30488e-08,69.2462,175.601,110.754,-4.39871,-1374.0,-602.0,-1400.0,-600.0
-1372.0,-602.0,-90.8786,9.9394e-08,70.454,175.914,109.546,-4.08562,-1372.0,-602.0,-1400.0,-600.0
-1370.0,-602.0,-91.4021,1.05566e-07,71.8688,176.186,108.131,-3.81407,-1370.0,-602.0,-1400.0,-600.0
-1368.0,-602.0,-91.8968,1.1175e-07,73.206,176.424,106.794,-3.57633,-1368.0,-602.0,-1400.0,-600.0
-1366.0,-602.0,-92.369,1.1799e-07,74.4027,176.634,105.597,-3.36646,-1366.0,-602.0,-1400.0,-600.0
-1364.0,-602.0,-92.8203,1.24277e-07,75.4788,176.82,104.521,-3.17983,-1364.0,-602.0,-1400.0,-600.0
-1362.0,-602.0,-93.2519,1.30606e-07,76.4511,176.987,103.549,-3.01279,-1362.0,-602.0,-1400.0,-600.0
-1360.0,-602.0,-93.6654,1.36969e-07,77.3335,177.138,102.667,-2.86241,-1360.0,-602.0,-1400.0,-600.0
-1358.0,-602.0,-94.0619,1.43363e-07,78.1373,177.274,101.863,-2.72631,-1358.0,-602.0,-1400.0,-600.0
-1356.0,-602.0,-94.4427,1.49783e-07,78.8725,177.397,101.128,-2.60256,-1356.0,-602.0,-1400.0,-600.0
-1354.0,-602.0,-94.8105,1.56256e-07,79.4889,177.51,100.511,-2.48955,-1354.0,-602.0,-1400.0,-600.0
-1352.0,-602.0,-95.168,1.62816e-07,79.917,177.614,100.083,-2.38594,-1352.0,-602.0,-1400.0,-600.0
-1350.0,-602.0,-95.5118,1.69385e-07,80.3118,177.709,99.6882,-2.29061,-1350.0,-602.0,-1400.0,-600.0
-1348.0,-602.0,-95.8429,1.75962e-07,80.6772,177.797,99.3228,-2.2026,-1348.0,-602.0,-1400.0,-600.0
-1346.0,-602.0,-96.1622,1.82546e-07,81.0163,177.879,98.9837,-2.1211,-1346.0,-602.0,-1400.0,-600.0
-1344.0,-602.0,-96.4705,1.89136e-07,81.3318,177.955,98.6682,-2.04541,-1344.0,-602.0,-1400.0,-600.0
-1342.0,-602.0,-96.7686,1.95732e-07,81.626,178.025,98.374,-1.97493,-1342.0,-602.0,-1400.0,-600.0
-1340.0,-602.0,-97.0569,2.02332e-07,81.9011,178.091,98.0989,-1.90915,-1340.0,-602.0,-1400.0,-600.0
-1338.0,-602.0,-97.3362,2.08938e-07,82.1588,178.152,97.8412,-1.84761,-1338.0,-602.0,-1400.0,-600.0
-1336.0,-602.0,-97.607,2.15547e-07,82.4007,178.21,97.5993,-1.78991,-1336.0,-602.0,-1400.0,-600.0
-1334.0,-602.0,-97.8698,2.22161e-07,82.6281,178.264,97.3719,-1.7357,-1334.0,-602.0,-1400.0,-600.0
-1332.0,-602.0,-98.125,2.28778e-07,82.8425,178.315,97.1575,-1.68468,-1332.0,-602.0,-1400.0,-600.0
-1330.0,-602.0,-98.373,2.35398e-07,83.0448,178.363,96.9552,-1.63658,-1330.0,-602.0,-1400.0,-600.0
-1328.0,-602.0,-98.6143,2.42021e-07,83.236,178.409,96.764,-1.59114,-1328.0,-602.0,-1400.0,-600.0
-1326.0,-602.0,-98.8492,2.48647e-07,83.4171,178.452,96.5829,-1.54816,-1326.0,-602.0,-1400.0,-600.0
-1324.0,-602.0,-99.0779,2.55275e-07,83.5887,178.493,96.4113,-1.50744,-1324.0,-602.0,-1400.0,-600.0
-1322.0,-602.0,-99.3009,2.61906e-07,83.7517,178.531,96.2483,-1.4688,-1322.0,-602.0,-1400.0,-600.0
-1320.0,-602.0,-99.5184,2.68538e-07,83.9066,178.568,96.0934,-1.4321,-1320.0,-602.0,-1400.0,-600.0
-1318.0,-602.0,-99.7307,2.75173e-07,84.0541,178.603,95.9459,-1.39718,-1318.0,-602.0,-1400.0,-600.0
-1316.0,-602.0,-99.938,2.81809e-07,84.1946,178.636,95.8054,-1.36393,-1316.0,-602.0,-1400.0,-600.0
-1314.0,-602.0,-100.14,2.88447e-07,84.3286,178.668,95.6714,-1.33222,-1314.0,-602.0,-1400.0,-600.0
-1312.0,-602.0,-100.338,2.95087e-07,84.4566,178.698,95.5434,-1.30195,-1312.0,-602.0,-1400.0,-600.0
-1310.0,-602.0,-100.532,3.01728e-07,84.579,178.727,95.421,-1.27303,-1310.0,-602.0,-1400.0,-600.0
-1308.0,-602.0,-100.721,3.08371e-07,84.6961,178.755,95.3039,-1.24536,-1308.0,-602.0,-1400.0,-600.0
-1306.0,-602.0,-100.907,3.1503e-07,84.7778,178.781,95.2222,-1.21888,-1306.0,-602.0,-1400.0,-600.0
-1304.0,-602.0,-101.09,3.217e-07,84.836,178.807,95.164,-1.19349,-1304.0,-602.0,-1400.0,-600.0
-1302.0,-602.0,-101.268,3.28371e-07,84.8918,178.831,95.1082,-1.16914,-1302.0,-602.0,-1400.0,-600.0
-1300.0,-602.0,-101.443,3.35042e-07,84.9454,178.854,95.0546,-1.14576,-1300.0,-602.0,-1400.0,-600.0
-1298.0,-602.0,-101.615,3.41713e-07,84.9969,178.877,95.0031,-1.1233,-1298.0,-602.0,-1400.0,-600.0
-1296.0,-602.0,-101.783,3.48384e-07,85.0465,178.898,94.9535,-1.10171,-1296.0,-602.0,-1400.0,-600.0
-1294.0,-602.0,-101.948,3.55056e-07,85.0942,178.919,94.9058,-1.08092,-1294.0,-602.0,-1400.0,-600.0
-1292.0,-602.0,-102.11,3.61728e-07,85.1401,178.939,94.8599,-1.06091,-1292.0,-602.0,-1400.0,-600.0
-1290.0,-602.0,-102.269,3.684e-07,85.1843,178.958,94.8157,-1.04163,-1290.0,-602.0,-1400.0,-600.0
-1288.0,-602.0,-102.425,3.75073e-07,85.227,178.977,94.773,-1.02303,-1288.0,-602.0,-1400.0,-600.0
-1286.0,-602.0,-102.578,3.81746e-07,85.2682,178.995,94.7318,-1.00509,-1286.0,-602.0,-1400.0,-600.0
-1284.0,-602.0,-102.729,3.88419e-07,85.308,179.012,94.692,-0.98776,-1284.0,-602.0,-1400.0,-600.0
-1282.0,-602.0,-102.877,3.95092e-07,85.3464,179.029,94.6536,-0.971022,-1282.0,-602.0,-1400.0,-600.0
-1280.0,-602.0,-103.023,4.01765e-07,85.3836,179.045,94.6164,-0.954841,-1280.0,-602.0,-1400.0,-600.0
-1278.0,-602.0,-103.167,4.08439e-07,85.4195,179.061,94.5805,-0.939191,-1278.0,-602.0,-1400.0,-600.0
-1276.0,-602.0,-103.308,4.15113e-07,85.4543,179.076,94.5457,-0.924045,-1276.0,-602.0,-1400.0,-600.0
-1274.0,-602.0,-103.446,4.21787e-07,85.488,179.091,94.512,-0.90938,-1274.0,-602.0,-1400.0,-600.0
-1272.0,-602.0,-103.583,4.28461e-07,85.5207,179.105,94.4793,-0.895174,-1272.0,-602.0,-1400.0,-600.0
-1270.0,-602.0,-103.718,4.35135e-07,85.5523,179.119,94.4477,-0.881404,-1270.0,-602.0,-1400.0,-600.0
-1268.0,-602.0,-103.85,4.4181e-07,85.583,179.132,94.417,-0.868051,-1268.0,-602.0,-1400.0,-600.0
-1266.0,-602.0,-103.981,4.48484e-07,85.6127,179.145,94.3873,-0.855097,-1266.0,-602.0,-1400.0,-600.0
-1264.0,-602.0,-104.109,4.55159e-07,85.6416,179.157,94.3584,-0.842524,-1264.0,-602.0,-1400.0,-600.0
-1262.0,-602.0,-104.236,4.61834e-07,85.6697,179.17,94.3303,-0.830315,-1262.0,-602.0,-1400.0,-600.0
-1260.0,-602.0,-104.361,4.68509e-07,85.697,179.182,94.303,-0.818455,-1260.0,-602.0,-1400.0,-600.0
-1258.0,-602.0,-104.484,4.75184e-07,85.7235,179.193,94.2765,-0.806929,-1258.0,-602.0,-1400.0,-600.0
-1256.0,-602.0,-104.605,4.8186e-07,85.7492,179.204,94.2508,-0.795724,-1256.0,-602.0,-1400.0,-600.0
-1254.0,-602.0,-104.725,4.88535e-07,85.7743,179.215,94.2257,-0.784825,-1254.0,-602.0,-1400.0,-600.0
-1252.0,-602.0,-104.844,4.95222e-07,85.7798,179.226,94.2202,-0.77422,-1252.0,-602.0,-1400.0,-600.0
-1250.0,-602.0,-104.96,5.01919e-07,85.7717,179.236,94.2283,-0.763898,-1250.0,-602.0,-1400.0,-600.0
-1248.0,-602.0,-105.076,5.08615e-07,85.7639,179.246,94.2361,-0.753848,-1248.0,-602.0,-1400.0,-600.0
-1246.0,-602.0,-105.19,5.15311e-07,85.7562,179.256,94.2438,-0.744059,-1246.0,-602.0,-1400.0,-600.0
-1244.0,-602.0,-105.302,5.22007e-07,85.7487,179.265,94.2513,-0.734521,-1244.0,-602.0,-1400.0,-600.0
-1242.0,-602.0,-105.413,5.28704e-07,85.7414,179.275,94.2586,-0.725224,-1242.0,-602.0,-1400.0,-600.0
-1240.0,-602.0,-105.523,5.354e-07,85.7343,179.284,94.2657,-0.71616,-1240.0,-602.0,-1400.0,-600.0
-1238.0,-602.0,-105.631,5.42096e-07,85.7274,179.293,94.2726,-0.707319,-1238.0,-602.0,-1400.0,-600.0
-1236.0,-602.0,-105.738,5.48791e-07,85.7226,179.301,94.2774,-0.698694,-1236.0,-602.0,-1400.0,-600.0
-1234.0,-602.0,-105.843,5.55467e-07,85.7449,179.31,94.2551,-0.690277,-1234.0,-602.0,-1400.0,-600.0
-1232.0,-602.0,-105.947,5.62142e-07,85.7668,179.318,94.2332,-0.68206,-1232.0,-602.0,-1400.0,-600.0
-1230.0,-602.0,-106.05,5.68818e-07,85.7881,179.326,94.2119,-0.674037,-1230.0,-602.0,-1400.0,-600.0
-1228.0,-602.0,-106.151,5.75479e-07,85.8295,179.334,94.1705,-0.6662,-1228.0,-602.0,-1400.0,-600.0
-1226.0,-602.0,-106.252,5.82134e-07,85.8772,179.341,94.1228,-0.658543,-1226.0,-602.0,-1400.0,-600.0
-1224.0,-602.0,-106.351,5.8879e-07,85.9239,179.349,94.0761,-0.65106,-1224.0,-602.0,-1400.0,-600.0
-1222.0,-602.0,-106.449,5.95454e-07,85.9586,179.356,94.0414,-0.643746,-1222.0,-602.0,-1400.0,-600.0
-1220.0,-602.0,-106.546,6.02131e-07,85.9767,179.363,94.0233,-0.636594,-1220.0,-602.0,-1400.0,-600.0
-1218.0,-602.0,-106.642,6.08807e-07,85.9943,179.37,94.0057,-0.629599,-1218.0,-602.0,-1400.0,-600.0
-1216.0,-602.0,-106.737,6.15483e-07,86.0115,179.377,93.9885,-0.622756,-1216.0,-602.0,-1400.0,-600.0
-1214.0,-602.0,-106.831,6.2216e-07,86.0284,179.384,93.9716,-0.61606,-1214.0,-602.0,-1400.0,-600.0
-1212.0,-602.0,-106.924,6.28836e-07,86.0449,179.39,93.9551,-0.609507,-1212.0,-602.0,-1400.0,-600.0
-1210.0,-602.0,-107.016,6.35513e-07,86.0611,179.397,93.9389,-0.603091,-1210.0,-602.0,-1400.0,-600.0
-1208.0,-602.0,-107.107,6.4219e-07,86.0769,179.403,93.9231,-0.596809,-1208.0,-602.0,-1400.0,-600.0
-1206.0,-602.0,-107.197,6.48867e-07,86.0924,179.409,93.9076,-0.590657,-1206.0,-602.0,-1400.0,-600.0
-1204.0,-602.0,-107.286,6.5551e-07,86.1512,179.415,93.8488,-0.584631,-1204.0,-602.0,-1400.0,-600.0
-1202.0,-602.0,-107.373,6.62149e-07,86.2143,179.421,93.7857,-0.578726,-1202.0,-602.0,-1400.0,-600.0
-1600.0,-600.0,-107.442,6.67395e-07,89.2893,-3.25689e-14,90.7107,180.0,-1600.0,-600.0,-1400.0,-600.0
-1598.0,-600.0,-107.355,6.60722e-07,89.2821,-3.28979e-14,90.7179,180.0,-1598.0,-600.0,-1400.0,-600.0
-1596.0,-600.0,-107.266,6.5405e-07,89.2748,-3.32336e-14,90.7252,180.0,-1596.0,-600.0,-1400.0,-600.0
-1594.0,-600.0,-107.177,6.47377e-07,89.2674,-3.35762e-14,90.7326,180.0,-1594.0,-600.0,-1400.0,-600.0
-1592.0,-600.0,-107.087,6.40704e-07,89.2598,-3.39259e-14,90.7402,180.0,-1592.0,-600.0,-1400.0,-600.0
-1590.0,-600.0,-106.995,6.34031e-07,89.252,-3.4283e-14,90.748,180.0,-1590.0,-600.0,-1400.0,-600.0
-1588.0,-600.0,-106.903,6.27358e-07,89.2441,-3.46477e-14,90.7559,180.0,-1588.0,-600.0,-1400.0,-600.0
-1586.0,-600.0,-106.81,6.20685e-07,89.236,-3.50203e-14,90.764,180.0,-1586.0,-600.0,-1400.0,-600.0
-1584.0,-600.0,-106.716,6.14019e-07,89.1833,-3.5401e-14,90.8167,180.0,-1584.0,-600.0,-1400.0,-600.0
-1582.0,-600.0,-106.621,6.07363e-07,89.0681,-3.579e-14,90.9319,180.0,-1582.0,-600.0,-1400.0,-600.0
-1580.0,-600.0,-106.525,6.0071e-07,88.9503,-3.61876e-14,91.0497,180.0,-1580.0,-600.0,-1400.0,-600.0
-1578.0,-600.0,-106.428,5.9406e-07,88.8299,-3.65942e-14,91.1701,180.0,-1578.0,-600.0,-1400.0,-600.0
-1576.0,-600.0,-106.33,5.8741e-07,88.7164,-3.70101e-14,91.2836,180.0,-1576.0,-600.0,-1400.0,-600.0
-1574.0,-600.0,-106.231,5.80758e-07,88.6183,-3.74355e-14,91.3817,180.0,-1574.0,-600.0,-1400.0,-600.0
-1572.0,-600.0,-106.131,5.74108e-07,88.5179,-3.78708e-14,91.4821,180.0,-1572.0,-600.0,-1400.0,-600.0
-1570.0,-600.0,-106.029,5.67459e-07,88.4152,-3.83163e-14,91.5848,180.0,-1570.0,-600.0,-1400.0,-600.0
-1568.0,-600.0,-105.927,5.60813e-07,88.3101,-3.87725e-14,91.6899,180.0,-1568.0,-600.0,-1400.0,-600.0
-1566.0,-600.0,-105.823,5.54168e-07,88.2024,-3.92396e-14,91.7976,180.0,-1566.0,-600.0,-1400.0,-600.0
-1564.0,-600.0,-105.718,5.47526e-07,88.0922,-3.97181e-14,91.9078,180.0,-1564.0,-600.0,-1400.0,-600.0
-1562.0,-600.0,-105.612,5.40885e-07,87.9792,-4.02085e-14,92.0208,180.0,-1562.0,-600.0,-1400.0,-600.0
-1560.0,-600.0,-105.504,5.34247e-07,87.8634,-4.07111e-14,92.1366,180.0,-1560.0,-600.0,-1400.0,-600.0
-1558.0,-600.0,-105.395,5.2761e-07,87.7447,-4.12264e-14,92.2553,180.0,-1558.0,-600.0,-1400.0,-600.0
-1556.0,-600.0,-105.285,5.20977e-07,87.623,-4.1755e-14,92.377,180.0,-1556.0,-600.0,-1400.0,-600.0
-1554.0,-600.0,-105.173,5.14345e-07,87.4981,-4.22972e-14,92.5019,180.0,-1554.0,-600.0,-1400.0,-600.0
-1552.0,-600.0,-105.06,5.0771e-07,87.386,-4.28538e-14,92.614,180.0,-1552.0,-600.0,-1400.0,-600.0
-1550.0,-600.0,-104.946,5.0107e-07,87.2868,-4.34252e-14,92.7132,180.0,-1550.0,-600.0,-1400.0,-600.0
-1548.0,-600.0,-104.83,4.94431e-07,87.185,-4.4012e-14,92.815,180.0,-1548.0,-600.0,-1400.0,-600.0
-1546.0,-600.0,-104.712,4.87794e-07,87.0805,-4.46149e-14,92.9195,180.0,-1546.0,-600.0,-1400.0,-600.0
-1544.0,-600.0,-104.593,4.81159e-07,86.973,-4.52346e-14,93.027,180.0,-1544.0,-600.0,-1400.0,-600.0
-1542.0,-600.0,-104.472,4.74526e-07,86.8625,-4.58717e-14,93.1375,180.0,-1542.0,-600.0,-1400.0,-600.0
-1540.0,-600.0,-104.349,4.67894e-07,86.7489,-4.6527e-14,93.2511,180.0,-1540.0,-600.0,-1400.0,-600.0
-1538.0,-600.0,-104.225,4.61264e-07,86.6321,-4.72013e-14,93.3679,180.0,-1538.0,-600.0,-1400.0,-600.0
-1536.0,-600.0,-104.098,4.54599e-07,86.5895,-4.78954e-14,93.4105,180.0,-1536.0,-600.0,-1400.0,-600.0
-1534.0,-600.0,-103.97,4.47921e-07,86.5747,-4.86103e-14,93.4253,180.0,-1534.0,-600.0,-1400.0,-600.0
-1532.0,-600.0,-103.839,4.41242e-07,86.5594,-4.93468e-14,93.4406,180.0,-1532.0,-600.0,-1400.0,-600.0
-1530.0,-600.0,-103.706,4.34564e-07,86.5437,-5.0106e-14,93.4563,180.0,-1530.0,-600.0,-1400.0,-600.0
-1528.0,-600.0,-103.571,4.27886e-07,86.5275,-5.08889e-14,93.4725,180.0,-1528.0,-600.0,-1400.0,-600.0
-1526.0,-600.0,-103.434,4.21208e-07,86.5108,-5.16966e-14,93.4892,180.0,-1526.0,-600.0,-1400.0,-600.0
-1524.0,-600.0,-103.295,4.14529e-07,86.4936,-5.25305e-14,93.5064,180.0,-1524.0,-600.0,-1400.0,-600.0
-1522.0,-600.0,-103.154,4.07851e-07,86.4757,-5.33916e-14,93.5243,180.0,-1522.0,-600.0,-1400.0,-600.0
-1520.0,-600.0,-103.011,4.01207e-07,86.3801,-5.42815e-14,93.6199,180.0,-1520.0,-600.0,-1400.0,-600.0
-1518.0,-600.0,-102.866,3.94565e-07,86.2781,-5.52015e-14,93.7219,180.0,-1518.0,-600.0,-1400.0,-600.0
-1516.0,-600.0,-102.718,3.87925e-07,86.1727,-5.61532e-14,93.8273,180.0,-1516.0,-600.0,-1400.0,-600.0
-1514.0,-600.0,-102.568,3.81286e-07,86.0635,-5.71384e-14,93.9365,180.0,-1514.0,-600.0,-1400.0,-600.0
-1512.0,-600.0,-102.414,3.74596e-07,86.0645,-5.81587e-14,93.9355,180.0,-1512.0,-600.0,-1400.0,-600.0
-1510.0,-600.0,-102.257,3.679e-07,86.0807,-5.92161e-14,93.9193,180.0,-1510.0,-600.0,-1400.0,-600.0
-1508.0,-600.0,-102.097,3.61203e-07,86.0975,-6.03127e-14,93.9025,180.0,-1508.0,-600.0,-1400.0,-600.0
-1506.0,-600.0,-101.934,3.54507e-07,86.115,-6.14507e-14,93.885,180.0,-1506.0,-600.0,-1400.0,-600.0
-1504.0,-600.0,-101.768,3.47811e-07,86.1331,-6.26325e-14,93.8669,180.0,-1504.0,-600.0,-1400.0,-600.0
-1502.0,-600.0,-101.599,3.41114e-07,86.1519,-6.38605e-14,93.8481,180.0,-1502.0,-600.0,-1400.0,-600.0
-1500.0,-600.0,-101.427,3.34418e-07,86.1715,-6.51378e-14,93.8285,180.0,-1500.0,-600.0,-1400.0,-600.0
-1498.0,-600.0,-101.251,3.27722e-07,86.1919,-6.64671e-14,93.8081,180.0,-1498.0,-600.0,-1400.0,-600.0
-1496.0,-600.0,-101.071,3.21026e-07,86.2131,-6.78518e-14,93.7869,180.0,-1496.0,-600.0,-1400.0,-600.0
-1494.0,-600.0,-100.888,3.1433e-07,86.2353,-6.92955e-14,93.7647,180.0,-1494.0,-600.0,-1400.0,-600.0
-1492.0,-600.0,-100.701,3.07634e-07,86.2584,-7.08019e-14,93.7416,180.0,-1492.0,-600.0,-1400.0,-600.0
-1490.0,-600.0,-100.509,3.0094e-07,86.2763,-7.23753e-14,93.7237,180.0,-1490.0,-600.0,-1400.0,-600.0
-1488.0,-600.0,-100.315,2.943e-07,86.1372,-7.40202e-14,93.8628,180.0,-1488.0,-600.0,-1400.0,-600.0
-1486.0,-600.0,-100.117,2.87662e-07,85.9917,-7.57416e-14,94.0083,180.0,-1486.0,-600.0,-1400.0,-600.0
-1484.0,-600.0,-99.9137,2.81025e-07,85.8394,-7.7545e-14,94.1606,180.0,-1484.0,-600.0,-1400.0,-600.0
-1482.0,-600.0,-99.7059,2.74391e-07,85.6796,-7.94363e-14,94.3204,180.0,-1482.0,-600.0,-1400.0,-600.0
-1480.0,-600.0,-99.4925,2.67738e-07,85.5695,-8.14222e-14,94.4305,180.0,-1480.0,-600.0,-1400.0,-600.0
-1478.0,-600.0,-99.2736,2.61085e-07,85.4564,-8.35099e-14,94.5436,180.0,-1478.0,-600.0,-1400.0,-600.0
-1476.0,-600.0,-99.0492,2.54433e-07,85.3374,-8.57076e-14,94.6626,180.0,-1476.0,-600.0,-1400.0,-600.0
-1474.0,-600.0,-98.8189,2.47782e-07,85.212,-8.8024e-14,94.788,180.0,-1474.0,-600.0,-1400.0,-600.0
-1472.0,-600.0,-98.5823,2.41132e-07,85.0796,-9.04691e-14,94.9204,180.0,-1472.0,-600.0,-1400.0,-600.0
-1470.0,-600.0,-98.3392,2.34484e-07,84.9398,-9.30539e-14,95.0602,180.0,-1470.0,-600.0,-1400.0,-600.0
-1468.0,-600.0,-98.0892,2.27838e-07,84.7917,-9.57908e-14,95.2083,180.0,-1468.0,-600.0,-1400.0,-600.0
-1466.0,-600.0,-97.832,2.21198e-07,84.6209,-9.86936e-14,95.3791,180.0,-1466.0,-600.0,-1400.0,-600.0
-1464.0,-600.0,-97.568,2.14582e-07,84.3789,-1.01778e-13,95.6211,180.0,-1464.0,-600.0,-1400.0,-600.0
-1462.0,-600.0,-97.2959,2.0797e-07,84.1216,-1.05061e-13,95.8784,180.0,-1462.0,-600.0,-1400.0,-600.0
-1460.0,-600.0,-97.0152,2.01363e-07,83.8474,-1.08563e-13,96.1526,180.0,-1460.0,-600.0,-1400.0,-600.0
-1458.0,-600.0,-96.7253,1.94761e-07,83.5547,-1.12306e-13,96.4453,180.0,-1458.0,-600.0,-1400.0,-600.0
-1456.0,-600.0,-96.4258,1.88164e-07,83.2413,-1.16317e-13,96.7587,180.0,-1456.0,-600.0,-1400.0,-600.0
-1454.0,-600.0,-96.1158,1.81573e-07,82.9052,-1.20625e-13,97.0948,180.0,-1454.0,-600.0,-1400.0,-600.0
-1452.0,-600.0,-95.7947,1.74989e-07,82.5438,-1.25265e-13,97.4562,180.0,-1452.0,-600.0,-1400.0,-600.0
-1450.0,-600.0,-95.4617,1.68412e-07,82.1542,-1.30276e-13,97.8458,180.0,-1450.0,-600.0,-1400.0,-600.0
-1448.0,-600.0,-95.1159,1.61844e-07,81.7329,-1.35704e-13,98.2671,180.0,-1448.0,-600.0,-1400.0,-600.0
-1446.0,-600.0,-94.7563,1.55286e-07,81.276,-1.41604e-13,98.724,180.0,-1446.0,-600.0,-1400.0,-600.0
-1444.0,-600.0,-94.3819,1.48738e-07,80.7789,-1.4804e-13,99.2211,180.0,-1444.0,-600.0,-1400.0,-600.0
-1442.0,-600.0,-93.9913,1.42202e-07,80.236,-1.5509e-13,99.764,180.0,-1442.0,-600.0,-1400.0,-600.0
-1440.0,-600.0,-93.5832,1.3568e-07,79.6409,-1.62844e-13,100.359,180.0,-1440.0,-600.0,-1400.0,-600.0
-1438.0,-600.0,-93.1562,1.29175e-07,78.9857,-1.71415e-13,101.014,180.0,-1438.0,-600.0,-1400.0,-600.0
-1436.0,-600.0,-92.7084,1.22688e-07,78.2611,-1.80938e-13,101.739,180.0,-1436.0,-600.0,-1400.0,-600.0
-1434.0,-600.0,-92.2379,1.16223e-07,77.4559,-1.91582e-13,102.544,180.0,-1434.0,-600.0,-1400.0,-600.0
-1432.0,-600.0,-91.7426,1.09783e-07,76.5559,-2.03555e-13,103.444,180.0,-1432.0,-600.0,-1400.0,-600.0
-1430.0,-600.0,-91.2198,1.03374e-07,75.5441,-2.17126e-13,104.456,180.0,-1430.0,-600.0,-1400.0,-600.0
-1428.0,-600.0,-90.6669,9.7002e-08,74.3989,-2.32635e-13,105.601,180.0,-1428.0,-600.0,-1400.0,-600.0
-1426.0,-600.0,-90.0807,9.06737e-08,73.0933,-2.5053e-13,106.907,180.0,-1426.0,-600.0,-1400.0,-600.0
-1424.0,-600.0,-89.4576,8.43995e-08,71.5927,-2.71407e-13,108.407,180.0,-1424.0,-600.0,-1400.0,-600.0
-1422.0,-600.0,-88.7939,7.81925e-08,69.8525,-2.96081e-13,110.147,180.0,-1422.0,-600.0,-1400.0,-600.0
-1420.0,-600.0,-88.0854,7.207e-08,67.8145,-3.25689e-13,112.185,180.0,-1420.0,-600.0,-1400.0,-600.0
-1418.0,-600.0,-87.3282,6.60555e-08,65.4018,-3.61876e-13,114.598,180.0,-1418.0,-600.0,-1400.0,-600.0
-1416.0,-600.0,-86.5191,6.01815e-08,62.5122,-4.07111e-13,117.488,180.0,-1416.0,-600.0,-1400.0,-600.0
-1414.0,-600.0,-85.6564,5.44932e-08,59.0087,-4.6527e-13,120.991,180.0,-1414.0,-600.0,-1400.0,-600.0
-1412.0,-600.0,-84.7431,4.90555e-08,54.7092,-5.42815e-13,125.291,180.0,-1412.0,-600.0,-1400.0,-600.0
-1410.0,-600.0,-83.7906,4.39614e-08,49.3771,-6.51378e-13,130.623,180.0,-1410.0,-600.0,-1400.0,-600.0
-1408.0,-600.0,-82.8267,3.93446e-08,42.7235,-8.14222e-13,137.276,180.0,-1408.0,-600.0,-1400.0,-600.0
-1406.0,-600.0,-81.907,3.53922e-08,34.4488,-1.08563e-12,145.551,180.0,-1406.0,-600.0,-1400.0,-600.0
-1404.0,-600.0,-81.1259,3.2349e-08,24.3677,-1.62844e-12,155.632,180.0,-1404.0,-600.0,-1400.0,-600.0
-1402.0,-600.0,-80.6112,3.04882e-08,12.6436,-3.25689e-12,167.356,180.0,-1402.0,-600.0,-1400.0,-600.0
-1400.0,-600.0,-80.4798,3.00305e-08,0.0,-153.435,180.0,26.5651,-1400.0,-600.0,-1400.0,-600.0
-1398.0,-600.0,-80.7665,3.1038e-08,12.416,-180.0,167.584,3.25689e-12,-1398.0,-600.0,-1400.0,-600.0
-1396.0,-600.0,-81.398,3.33784e-08,23.5698,-180.0,156.43,1.62844e-12,-1396.0,-600.0,-1400.0,-600.0
-1394.0,-600.0,-82.2088,3.66434e-08,33.1173,-180.0,146.883,1.08563e-12,-1394.0,-600.0,-1400.0,-600.0
-1392.0,-600.0,-83.1156,4.06753e-08,41.0156,-180.0,138.984,8.14222e-13,-1392.0,-600.0,-1400.0,-600.0
-1390.0,-600.0,-84.0579,4.53353e-08,47.3925,-180.0,132.607,6.51378e-13,-1390.0,-600.0,-1400.0,-600.0
-1388.0,-600.0,-84.9866,5.04497e-08,52.5302,-180.0,127.47,5.42815e-13,-1388.0,-600.0,-1400.0,-600.0
-1386.0,-600.0,-85.8906,5.59819e-08,56.5585,-180.0,123.441,4.6527e-13,-1386.0,-600.0,-1400.0,-600.0
-1384.0,-600.0,-86.7499,6.18017e-08,59.7518,-180.0,120.248,4.07111e-13,-1384.0,-600.0,-1400.0,-600.0
-1382.0,-600.0,-87.5522,6.77802e-08,62.3889,-180.0,117.611,3.61876e-13,-1382.0,-600.0,-1400.0,-600.0
-1380.0,-600.0,-88.3008,7.38789e-08,64.5946,-180.0,115.405,3.25689e-13,-1380.0,-600.0,-1400.0,-600.0
-1378.0,-600.0,-89.0001,8.00703e-08,66.4616,-180.0,113.538,2.96081e-13,-1378.0,-600.0,-1400.0,-600.0
-1376.0,-600.0,-89.6546,8.63345e-08,68.0592,-180.0,111.941,2.71407e-13,-1376.0,-600.0,-1400.0,-600.0
-1374.0,-600.0,-90.2687,9.26567e-08,69.4397,-180.0,110.56,2.5053e-13,-1374.0,-600.0,-1400.0,-600.0
-1372.0,-600.0,-90.8464,9.90258e-08,70.6433,-180.0,109.357,2.32635e-13,-1372.0,-600.0,-1400.0,-600.0
-1370.0,-600.0,-91.3737,1.05221e-07,72.0545,-180.0,107.946,2.17126e-13,-1370.0,-600.0,-1400.0,-600.0
-1368.0,-600.0,-91.8716,1.11426e-07,73.3875,-180.0,106.612,2.03555e-13,-1368.0,-600.0,-1400.0,-600.0
-1366.0,-600.0,-92.3466,1.17685e-07,74.5794,-180.0,105.421,1.91582e-13,-1366.0,-600.0,-1400.0,-600.0
-1364.0,-600.0,-92.8002,1.2399e-07,75.6504,-180.0,104.35,1.80938e-13,-1364.0,-600.0,-1400.0,-600.0
-1362.0,-600.0,-93.2339,1.30334e-07,76.6175,-180.0,103.383,1.71415e-13,-1362.0,-600.0,-1400.0,-600.0
-1360.0,-600.0,-93.6491,1.36712e-07,77.4946,-180.0,102.505,1.62844e-13,-1360.0,-600.0,-1400.0,-600.0
-1358.0,-600.0,-94.0472,1.43119e-07,78.2933,-180.0,101.707,1.5509e-13,-1358.0,-600.0,-1400.0,-600.0
-1356.0,-600.0,-94.4296,1.49557e-07,79.0124,-180.0,100.988,1.4804e-13,-1356.0,-600.0,-1400.0,-600.0
-1354.0,-600.0,-94.8025,1.56114e-07,79.4792,-180.0,100.521,1.41604e-13,-1354.0,-600.0,-1400.0,-600.0
-1352.0,-600.0,-95.1606,1.62679e-07,79.9084,-180.0,100.092,1.35704e-13,-1352.0,-600.0,-1400.0,-600.0
-1350.0,-600.0,-95.505,1.69254e-07,80.3042,-180.0,99.6958,1.30276e-13,-1350.0,-600.0,-1400.0,-600.0
-1348.0,-600.0,-95.8367,1.75835e-07,80.6705,-180.0,99.3295,1.25265e-13,-1348.0,-600.0,-1400.0,-600.0
-1346.0,-600.0,-96.1564,1.82424e-07,81.0103,-180.0,98.9897,1.20625e-13,-1346.0,-600.0,-1400.0,-600.0
-1344.0,-600.0,-96.4651,1.89018e-07,81.3263,-180.0,98.6737,1.16317e-13,-1344.0,-600.0,-1400.0,-600.0
-1342.0,-600.0,-96.7635,1.95618e-07,81.6211,-180.0,98.3789,1.12306e-13,-1342.0,-600.0,-1400.0,-600.0
-1340.0,-600.0,-97.0522,2.02222e-07,81.8966,-180.0,98.1034,1.08563e-13,-1340.0,-600.0,-1400.0,-600.0
-1338.0,-600.0,-97.3318,2.08831e-07,82.1547,-180.0,97.8453,1.05061e-13,-1338.0,-600.0,-1400.0,-600.0
-1336.0,-600.0,-97.6028,2.15444e-07,82.397,-180.0,97.603,1.01778e-13,-1336.0,-600.0,-1400.0,-600.0
-1334.0,-600.0,-97.8658,2.22061e-07,82.6248,-180.0,97.3752,9.86936e-14,-1334.0,-600.0,-1400.0,-600.0
-1332.0,-600.0,-98.1213,2.28681e-07,82.8394,-180.0,97.1606,9.57908e-14,-1332.0,-600.0,-1400.0,-600.0
-1330.0,-600.0,-98.3695,2.35303e-07,83.042,-180.0,96.958,9.30539e-14,-1330.0,-600.0,-1400.0,-600.0
-1328.0,-600.0,-98.611,2.41929e-07,83.2334,-180.0,96.7666,9.04691e-14,-1328.0,-600.0,-1400.0,-600.0
-1326.0,-600.0,-98.846,2.48557e-07,83.4147,-180.0,96.5853,8.8024e-14,-1326.0,-600.0,-1400.0,-600.0
-1324.0,-600.0,-99.075,2.55188e-07,83.5865,-180.0,96.4135,8.57076e-14,-1324.0,-600.0,-1400.0,-600.0
-1322.0,-600.0,-99.2981,2.61821e-07,83.7497,-180.0,96.2503,8.35099e-14,-1322.0,-600.0,-1400.0,-600.0
-1320.0,-600.0,-99.5157,2.68455e-07,83.9047,-180.0,96.0953,8.14222e-14,-1320.0,-600.0,-1400.0,-600.0
-1318.0,-600.0,-99.7281,2.75092e-07,84.0523,-180.0,95.9477,7.94363e-14,-1318.0,-600.0,-1400.0,-600.0
-1316.0,-600.0,-99.9355,2.8173e-07,84.1929,-180.0,95.8071,7.7545e-14,-1316.0,-600.0,-1400.0,-600.0
-1314.0,-600.0,-100.138,2.8837e-07,84.3271,-180.0,95.6729,7.57416e-14,-1314.0,-600.0,-1400.0,-600.0
-1312.0,-600.0,-100.336,2.95012e-07,84.4552,-180.0,95.5448,7.40202e-14,-1312.0,-600.0,-1400.0,-600.0
-1310.0,-600.0,-100.53,3.01655e-07,84.5777,-180.0,95.4223,7.23753e-14,-1310.0,-600.0,-1400.0,-600.0
-1308.0,-600.0,-100.72,3.08308e-07,84.6759,-180.0,95.3241,7.08019e-14,-1308.0,-600.0,-1400.0,-600.0
-1306.0,-600.0,-100.906,3.14979e-07,84.7376,-180.0,95.2624,6.92955e-14,-1306.0,-600.0,-1400.0,-600.0
-1304.0,-600.0,-101.088,3.21651e-07,84.7966,-180.0,95.2034,6.78518e-14,-1304.0,-600.0,-1400.0,-600.0
-1302.0,-600.0,-101.267,3.28322e-07,84.8533,-180.0,95.1467,6.64671e-14,-1302.0,-600.0,-1400.0,-600.0
-1300.0,-600.0,-101.442,3.34994e-07,84.9077,-180.0,95.0923,6.51378e-14,-1300.0,-600.0,-1400.0,-600.0
-1298.0,-600.0,-101.613,3.41666e-07,84.9599,-180.0,95.0401,6.38605e-14,-1298.0,-600.0,-1400.0,-600.0
-1296.0,-600.0,-101.782,3.48339e-07,85.0102,-180.0,94.9898,6.26325e-14,-1296.0,-600.0,-1400.0,-600.0
-1294.0,-600.0,-101.947,3.55012e-07,85.0586,-180.0,94.9414,6.14507e-14,-1294.0,-600.0,-1400.0,-600.0
-1292.0,-600.0,-102.109,3.61685e-07,85.1052,-180.0,94.8948,6.03127e-14,-1292.0,-600.0,-1400.0,-600.0
-1290.0,-600.0,-102.268,3.68358e-07,85.1501,-180.0,94.8499,5.92161e-14,-1290.0,-600.0,-1400.0,-600.0
-1288.0,-600.0,-102.424,3.75032e-07,85.1934,-180.0,94.8066,5.81587e-14,-1288.0,-600.0,-1400.0,-600.0
-1286.0,-600.0,-102.577,3.81705e-07,85.2352,-180.0,94.7648,5.71384e-14,-1286.0,-600.0,-1400.0,-600.0
-1284.0,-600.0,-102.728,3.88379e-07,85.2756,-180.0,94.7244,5.61532e-14,-1284.0,-600.0,-1400.0,-600.0
-1282.0,-600.0,-102.877,3.95053e-07,85.3146,-180.0,94.6854,5.52015e-14,-1282.0,-600.0,-1400.0,-600.0
-1280.0,-600.0,-103.022,4.01727e-07,85.3523,-180.0,94.6477,5.42815e-14,-1280.0,-600.0,-1400.0,-600.0
-1278.0,-600.0,-103.166,4.08402e-07,85.3887,-180.0,94.6113,5.33916e-14,-1278.0,-600.0,-1400.0,-600.0
-1276.0,-600.0,-103.307,4.15076e-07,85.424,-180.0,94.576,5.25305e-14,-1276.0,-600.0,-1400.0,-600.0
-1274.0,-600.0,-103.446,4.21751e-07,85.4582,-180.0,94.5418,5.16966e-14,-1274.0,-600.0,-1400.0,-600.0
-1272.0,-600.0,-103.582,4.28426e-07,85.4913,-180.0,94.5087,5.08889e-14,-1272.0,-600.0,-1400.0,-600.0
-1270.0,-600.0,-103.717,4.35101e-07,85.5234,-180.0,94.4766,5.0106e-14,-1270.0,-600.0,-1400.0,-600.0
-1268.0,-600.0,-103.849,4.41776e-07,85.5546,-180.0,94.4454,4.93468e-14,-1268.0,-600.0,-1400.0,-600.0
-1266.0,-600.0,-103.98,4.48451e-07,85.5848,-180.0,94.4152,4.86103e-14,-1266.0,-600.0,-1400.0,-600.0
-1264.0,-600.0,-104.109,4.55127e-07,85.6141,-180.0,94.3859,4.78954e-14,-1264.0,-600.0,-1400.0,-600.0
-1262.0,-600.0,-104.235,4.61802e-07,85.6426,-180.0,94.3574,4.72013e-14,-1262.0,-600.0,-1400.0,-600.0
-1260.0,-600.0,-104.36,4.68478e-07,85.6702,-180.0,94.3298,4.6527e-14,-1260.0,-600.0,-1400.0,-600.0
-1258.0,-600.0,-104.483,4.75154e-07,85.6971,-180.0,94.3029,4.58717e-14,-1258.0,-600.0,-1400.0,-600.0
-1256.0,-600.0,-104.605,4.81829e-07,85.7232,-180.0,94.2768,4.52346e-14,-1256.0,-600.0,-1400.0,-600.0
-1254.0,-600.0,-104.725,4.88505e-07,85.7486,-180.0,94.2514,4.46149e-14,-1254.0,-600.0,-1400.0,-600.0
-1252.0,-600.0,-104.843,4.95193e-07,85.7545,-180.0,94.2455,4.4012e-14,-1252.0,-600.0,-1400.0,-600.0
-1250.0,-600.0,-104.96,5.0189e-07,85.7468,-180.0,94.2532,4.34252e-14,-1250.0,-600.0,-1400.0,-600.0
-1248.0,-600.0,-105.075,5.08587e-07,85.7393,-180.0,94.2607,4.28538e-14,-1248.0,-600.0,-1400.0,-600.0
-1246.0,-600.0,-105.189,5.15284e-07,85.7319,-180.0,94.2681,4.22972e-14,-1246.0,-600.0,-1400.0,-600.0
-1244.0,-600.0,-105.302,5.21981e-07,85.7248,-180.0,94.2752,4.1755e-14,-1244.0,-600.0,-1400.0,-600.0
-1242.0,-600.0,-105.413,5.28678e-07,85.7178,-180.0,94.2822,4.12264e-14,-1242.0,-600.0,-1400.0,-600.0
-1240.0,-600.0,-105.522,5.35375e-07,85.711,-180.0,94.289,4.07111e-14,-1240.0,-600.0,-1400.0,-600.0
-1238.0,-600.0,-105.631,5.42071e-07,85.7044,-180.0,94.2956,4.02085e-14,-1238.0,-600.0,-1400.0,-600.0
-1236.0,-600.0,-105.737,5.48751e-07,85.7223,-180.0,94.2777,3.97181e-14,-1236.0,-600.0,-1400.0,-600.0
-1234.0,-600.0,-105.843,5.55427e-07,85.7446,-180.0,94.2554,3.92396e-14,-1234.0,-600.0,-1400.0,-600.0
-1232.0,-600.0,-105.947,5.62103e-07,85.7665,-180.0,94.2335,3.87725e-14,-1232.0,-600.0,-1400.0,-600.0
-1230.0,-600.0,-106.049,5.68779e-07,85.7878,-180.0,94.2122,3.83163e-14,-1230.0,-600.0,-1400.0,-600.0
-1228.0,-600.0,-106.151,5.7544e-07,85.8292,-180.0,94.1708,3.78708e-14,-1228.0,-600.0,-1400.0,-600.0
-1226.0,-600.0,-106.251,5.82096e-07,85.8769,-180.0,94.1231,3.74355e-14,-1226.0,-600.0,-1400.0,-600.0
-1224.0,-600.0,-106.35,5.88752e-07,85.9236,-180.0,94.0764,3.70101e-14,-1224.0,-600.0,-1400.0,-600.0
-1222.0,-600.0,-106.448,5.95409e-07,85.9693,-180.0,94.0307,3.65942e-14,-1222.0,-600.0,-1400.0,-600.0
-1220.0,-600.0,-106.545,6.02079e-07,85.9969,-180.0,94.0031,3.61876e-14,-1220.0,-600.0,-1400.0,-600.0
-1218.0,-600.0,-106.641,6.08755e-07,86.0143,-180.0,93.9857,3.579e-14,-1218.0,-600.0,-1400.0,-600.0
-1216.0,-600.0,-106.736,6.15432e-07,86.0313,-180.0,93.9687,3.5401e-14,-1216.0,-600.0,-1400.0,-600.0
-1214.0,-600.0,-106.83,6.22109e-07,86.048,-180.0,93.952,3.50203e-14,-1214.0,-600.0,-1400.0,-600.0
-1212.0,-600.0,-106.923,6.28786e-07,86.0643,-180.0,93.9357,3.46477e-14,-1212.0,-600.0,-1400.0,-600.0
-1210.0,-600.0,-107.015,6.35463e-07,86.0803,-180.0,93.9197,3.4283e-14,-1210.0,-600.0,-1400.0,-600.0
-1208.0,-600.0,-107.106,6.4214e-07,86.0959,-180.0,93.9041,3.39259e-14,-1208.0,-600.0,-1400.0,-600.0
-1206.0,-600.0,-107.196,6.48818e-07,86.1112,-180.0,93.8888,3.35762e-14,-1206.0,-600.0,-1400.0,-600.0
-1204.0,-600.0,-107.285,6.55461e-07,86.1699,-180.0,93.8301,3.32336e-14,-1204.0,-600.0,-1400.0,-600.0
-1202.0,-600.0,-107.373,6.62101e-07,86.2328,-180.0,93.7672,3.28979e-14,-1202.0,-600.0,-1400.0,-600.0
-1600.0,-598.0,-107.442,6.67412e-07,89.4142,-0.572939,90.5858,179.427,-1600.0,-598.0,-1400.0,-600.0
-1598.0,-598.0,-107.355,6.60741e-07,89.3944,-0.578726,90.6056,179.421,-1598.0,-598.0,-1400.0,-600.0
-1596.0,-598.0,-107.267,6.54068e-07,89.3883,-0.584631,90.6117,179.415,-1596.0,-598.0,-1400.0,-600.0
-1594.0,-598.0,-107.177,6.47396e-07,89.382,-0.590657,90.618,179.409,-1594.0,-598.0,-1400.0,-600.0
-1592.0,-598.0,-107.087,6.40723e-07,89.3756,-0.596809,90.6244,179.403,-1592.0,-598.0,-1400.0,-600.0
-1590.0,-598.0,-106.996,6.3405e-07,89.369,-0.603091,90.631,179.397,-1590.0,-598.0,-1400.0,-600.0
-1588.0,-598.0,-106.904,6.27378e-07,89.3623,-0.609507,90.6377,179.39,-1588.0,-598.0,-1400.0,-600.0
-1586.0,-598.0,-106.81,6.20705e-07,89.3555,-0.61606,90.6445,179.384,-1586.0,-598.0,-1400.0,-600.0
-1584.0,-598.0,-106.716,6.14038e-07,89.3042,-0.622756,90.6958,179.377,-1584.0,-598.0,-1400.0,-600.0
-1582.0,-598.0,-106.621,6.0738e-07,89.1903,-0.629599,90.8097,179.37,-1582.0,-598.0,-1400.0,-600.0
-1580.0,-598.0,-106.525,6.00725e-07,89.0739,-0.636594,90.9261,179.363,-1580.0,-598.0,-1400.0,-600.0
-1578.0,-598.0,-106.428,5.94072e-07,88.9549,-0.643746,91.0451,179.356,-1578.0,-598.0,-1400.0,-600.0
-1576.0,-598.0,-106.33,5.87422e-07,88.8331,-0.65106,91.1669,179.349,-1576.0,-598.0,-1400.0,-600.0
-1574.0,-598.0,-106.231,5.80771e-07,88.7248,-0.658543,91.2752,179.341,-1574.0,-598.0,-1400.0,-600.0
-1572.0,-598.0,-106.131,5.7412e-07,88.6257,-0.6662,91.3743,179.334,-1572.0,-598.0,-1400.0,-600.0
-1570.0,-598.0,-106.029,5.6747e-07,88.5243,-0.674037,91.4757,179.326,-1570.0,-598.0,-1400.0,-600.0
-1568.0,-598.0,-105.927,5.60822e-07,88.4204,-0.68206,91.5796,179.318,-1568.0,-598.0,-1400.0,-600.0
-1566.0,-598.0,-105.823,5.54176e-07,88.3141,-0.690277,91.6859,179.31,-1566.0,-598.0,-1400.0,-600.0
-1564.0,-598.0,-105.718,5.47531e-07,88.2052,-0.698694,91.7948,179.301,-1564.0,-598.0,-1400.0,-600.0
-1562.0,-598.0,-105.612,5.40889e-07,88.0936,-0.707319,91.9064,179.293,-1562.0,-598.0,-1400.0,-600.0
-1560.0,-598.0,-105.504,5.34249e-07,87.9793,-0.71616,92.0207,179.284,-1560.0,-598.0,-1400.0,-600.0
-1558.0,-598.0,-105.395,5.27611e-07,87.862,-0.725224,92.138,179.275,-1558.0,-598.0,-1400.0,-600.0
-1556.0,-598.0,-105.285,5.20976e-07,87.7418,-0.734521,92.2582,179.265,-1556.0,-598.0,-1400.0,-600.0
-1554.0,-598.0,-105.173,5.14342e-07,87.6185,-0.744059,92.3815,179.256,-1554.0,-598.0,-1400.0,-600.0
-1552.0,-598.0,-105.06,5.07712e-07,87.4919,-0.753848,92.5081,179.246,-1552.0,-598.0,-1400.0,-600.0
-1550.0,-598.0,-104.946,5.01074e-07,87.3857,-0.763898,92.6143,179.236,-1550.0,-598.0,-1400.0,-600.0
-1548.0,-598.0,-104.83,4.94435e-07,87.2852,-0.77422,92.7148,179.226,-1548.0,-598.0,-1400.0,-600.0
-1546.0,-598.0,-104.712,4.87797e-07,87.182,-0.784825,92.818,179.215,-1546.0,-598.0,-1400.0,-600.0
-1544.0,-598.0,-104.593,4.8116e-07,87.076,-0.795724,92.924,179.204,-1544.0,-598.0,-1400.0,-600.0
-1542.0,-598.0,-104.472,4.74526e-07,86.9669,-0.806929,93.0331,179.193,-1542.0,-598.0,-1400.0,-600.0
-1540.0,-598.0,-104.349,4.67893e-07,86.8548,-0.818455,93.1452,179.182,-1540.0,-598.0,-1400.0,-600.0
-1538.0,-598.0,-104.225,4.61262e-07,86.7395,-0.830315,93.2605,179.17,-1538.0,-598.0,-1400.0,-600.0
-1536.0,-598.0,-104.098,4.54598e-07,86.6984,-0.842524,93.3016,179.157,-1536.0,-598.0,-1400.0,-600.0
-1534.0,-598.0,-103.97,4.4792e-07,86.6853,-0.855097,93.3147,179.145,-1534.0,-598.0,-1400.0,-600.0
-1532.0,-598.0,-103.839,4.41242e-07,86.6717,-0.868051,93.3283,179.132,-1532.0,-598.0,-1400.0,-600.0
-1530.0,-598.0,-103.706,4.34564e-07,86.6577,-0.881404,93.3423,179.119,-1530.0,-598.0,-1400.0,-600.0
-1528.0,-598.0,-103.571,4.27886e-07,86.6433,-0.895174,93.3567,179.105,-1528.0,-598.0,-1400.0,-600.0
-1526.0,-598.0,-103.434,4.21209e-07,86.6285,-0.90938,93.3715,179.091,-1526.0,-598.0,-1400.0,-600.0
-1524.0,-598.0,-103.295,4.14531e-07,86.6131,-0.924045,93.3869,179.076,-1524.0,-598.0,-1400.0,-600.0
-1522.0,-598.0,-103.155,4.07878e-07,86.5398,-0.939191,93.4602,179.061,-1522.0,-598.0,-1400.0,-600.0
-1520.0,-598.0,-103.012,4.01235e-07,86.4422,-0.954841,93.5578,179.045,-1520.0,-598.0,-1400.0,-600.0
-1518.0,-598.0,-102.866,3.94594e-07,86.3412,-0.971022,93.6588,179.029,-1518.0,-598.0,-1400.0,-600.0
-1516.0,-598.0,-102.719,3.87954e-07,86.2368,-0.98776,93.7632,179.012,-1516.0,-598.0,-1400.0,-600.0
-1514.0,-598.0,-102.569,3.81315e-07,86.1288,-1.00509,93.8712,178.995,-1514.0,-598.0,-1400.0,-600.0
-1512.0,-598.0,-102.415,3.74626e-07,86.131,-1.02303,93.869,178.977,-1512.0,-598.0,-1400.0,-600.0
-1510.0,-598.0,-102.258,3.67931e-07,86.1484,-1.04163,93.8516,178.958,-1510.0,-598.0,-1400.0,-600.0
-1508.0,-598.0,-102.098,3.61236e-07,86.1665,-1.06091,93.8335,178.939,-1508.0,-598.0,-1400.0,-600.0
-1506.0,-598.0,-101.935,3.54541e-07,86.1852,-1.08092,93.8148,178.919,-1506.0,-598.0,-1400.0,-600.0
-1504.0,-598.0,-101.769,3.47846e-07,86.2047,-1.10171,93.7953,178.898,-1504.0,-598.0,-1400.0,-600.0
-1502.0,-598.0,-101.6,3.41151e-07,86.225,-1.1233,93.775,178.877,-1502.0,-598.0,-1400.0,-600.0
-1500.0,-598.0,-101.428,3.34456e-07,86.246,-1.14576,93.754,178.854,-1500.0,-598.0,-1400.0,-600.0
-1498.0,-598.0,-101.252,3.27762e-07,86.2679,-1.16914,93.7321,178.831,-1498.0,-598.0,-1400.0,-600.0
-1496.0,-598.0,-101.072,3.21067e-07,86.2908,-1.19349,93.7092,178.807,-1496.0,-598.0,-1400.0,-600.0
-1494.0,-598.0,-100.889,3.14373e-07,86.3146,-1.21888,93.6854,178.781,-1494.0,-598.0,-1400.0,-600.0
-1492.0,-598.0,-100.702,3.07679e-07,86.3394,-1.24536,93.6606,178.755,-1492.0,-598.0,-1400.0,-600.0
-1490.0,-598.0,-100.511,3.00986e-07,86.3592,-1.27303,93.6408,178.727,-1490.0,-598.0,-1400.0,-600.0
-1488.0,-598.0,-100.317,2.94347e-07,86.2221,-1.30195,93.7779,178.698,-1488.0,-598.0,-1400.0,-600.0
-1486.0,-598.0,-100.118,2.87709e-07,86.0786,-1.33222,93.9214,178.668,-1486.0,-598.0,-1400.0,-600.0
-1484.0,-598.0,-99.9152,2.81073e-07,85.9283,-1.36393,94.0717,178.636,-1484.0,-598.0,-1400.0,-600.0
-1482.0,-598.0,-99.7075,2.7444e-07,85.7708,-1.39718,94.2292,178.603,-1482.0,-598.0,-1400.0,-600.0
-1480.0,-598.0,-99.4946,2.67804e-07,85.617,-1.4321,94.383,178.568,-1480.0,-598.0,-1400.0,-600.0
-1478.0,-598.0,-99.2759,2.61153e-07,85.5051,-1.4688,94.4949,178.531,-1478.0,-598.0,-1400.0,-600.0
-1476.0,-598.0,-99.0516,2.54503e-07,85.3874,-1.50744,94.6126,178.493,-1476.0,-598.0,-1400.0,-600.0
-1474.0,-598.0,-98.8214,2.47854e-07,85.2634,-1.54816,94.7366,178.452,-1474.0,-598.0,-1400.0,-600.0
-1472.0,-598.0,-98.585,2.41206e-07,85.1326,-1.59114,94.8674,178.409,-1472.0,-598.0,-1400.0,-600.0
-1470.0,-598.0,-98.342,2.3456e-07,84.9943,-1.63658,95.0057,178.363,-1470.0,-598.0,-1400.0,-600.0
-1468.0,-598.0,-98.0921,2.27916e-07,84.848,-1.68468,95.152,178.315,-1468.0,-598.0,-1400.0,-600.0
-1466.0,-598.0,-97.8352,2.21278e-07,84.679,-1.7357,95.321,178.264,-1466.0,-598.0,-1400.0,-600.0
-1464.0,-598.0,-97.5713,2.14665e-07,84.439,-1.78991,95.561,178.21,-1464.0,-598.0,-1400.0,-600.0
-1462.0,-598.0,-97.2994,2.08055e-07,84.1838,-1.84761,95.8162,178.152,-1462.0,-598.0,-1400.0,-600.0
-1460.0,-598.0,-97.0189,2.01451e-07,83.9119,-1.90915,96.0881,178.091,-1460.0,-598.0,-1400.0,-600.0
-1458.0,-598.0,-96.7294,1.94851e-07,83.6215,-1.97493,96.3785,178.025,-1458.0,-598.0,-1400.0,-600.0
-1456.0,-598.0,-96.4301,1.88257e-07,83.3108,-2.04541,96.6892,177.955,-1456.0,-598.0,-1400.0,-600.0
-1454.0,-598.0,-96.1204,1.81669e-07,82.9776,-2.1211,97.0224,177.879,-1454.0,-598.0,-1400.0,-600.0
-1452.0,-598.0,-95.7996,1.75088e-07,82.6193,-2.2026,97.3807,177.797,-1452.0,-598.0,-1400.0,-600.0
-1450.0,-598.0,-95.467,1.68515e-07,82.2331,-2.29061,97.7669,177.709,-1450.0,-598.0,-1400.0,-600.0
-1448.0,-598.0,-95.1216,1.61951e-07,81.8156,-2.38594,98.1844,177.614,-1448.0,-598.0,-1400.0,-600.0
-1446.0,-598.0,-94.7625,1.55396e-07,81.3628,-2.48955,98.6372,177.51,-1446.0,-598.0,-1400.0,-600.0
-1444.0,-598.0,-94.3886,1.48853e-07,80.8703,-2.60256,99.1297,177.397,-1444.0,-598.0,-1400.0,-600.0
-1442.0,-598.0,-93.9986,1.42322e-07,80.3325,-2.72631,99.6675,177.274,-1442.0,-598.0,-1400.0,-600.0
-1440.0,-598.0,-93.5913,1.35806e-07,79.7431,-2.86241,100.257,177.138,-1440.0,-598.0,-1400.0,-600.0
-1438.0,-598.0,-93.165,1.29306e-07,79.0944,-3.01279,100.906,176.987,-1438.0,-598.0,-1400.0,-600.0
-1436.0,-598.0,-92.7181,1.22826e-07,78.3773,-3.17983,101.623,176.82,-1436.0,-598.0,-1400.0,-600.0
-1434.0,-598.0,-92.2488,1.16368e-07,77.5806,-3.36646,102.419,176.634,-1434.0,-598.0,-1400.0,-600.0
-1432.0,-598.0,-91.7547,1.09936e-07,76.6906,-3.57633,103.309,176.424,-1432.0,-598.0,-1400.0,-600.0
-1430.0,-598.0,-91.2334,1.03536e-07,75.6904,-3.81407,104.31,176.186,-1430.0,-598.0,-1400.0,-600.0
-1428.0,-598.0,-90.6823,9.71736e-08,74.5592,-4.08562,105.441,175.914,-1428.0,-598.0,-1400.0,-600.0
-1426.0,-598.0,-90.0982,9.08565e-08,73.2706,-4.39871,106.729,175.601,-1426.0,-598.0,-1400.0,-600.0
-1424.0,-598.0,-89.4777,8.45952e-08,71.7908,-4.76364,108.209,175.236,-1424.0,-598.0,-1400.0,-600.0
-1422.0,-598.0,-88.8172,7.84029e-08,70.0768,-5.19443,109.923,174.806,-1422.0,-598.0,-1400.0,-600.0
-1420.0,-598.0,-88.1128,7.22974e-08,68.0725,-5.71059,111.927,174.289,-1420.0,-598.0,-1400.0,-600.0
-1418.0,-598.0,-87.3607,6.63027e-08,65.7044,-6.34019,114.296,173.66,-1418.0,-598.0,-1400.0,-600.0
-1416.0,-598.0,-86.558,6.04516e-08,62.8754,-7.12502,117.125,172.875,-1416.0,-598.0,-1400.0,-600.0
-1414.0,-598.0,-85.7037,5.47903e-08,59.4576,-8.1301,120.542,171.87,-1414.0,-598.0,-1400.0,-600.0
-1412.0,-598.0,-84.8011,4.93841e-08,55.2839,-9.46232,124.716,170.538,-1412.0,-598.0,-1400.0,-600.0
-1410.0,-598.0,-83.8624,4.43264e-08,50.145,-11.3099,129.855,168.69,-1410.0,-598.0,-1400.0,-600.0
-1408.0,-598.0,-82.9158,3.97504e-08,43.8046,-14.0362,136.195,165.964,-1408.0,-598.0,-1400.0,-600.0
-1406.0,-598.0,-82.0165,3.58412e-08,36.0718,-18.4349,143.928,161.565,-1406.0,-598.0,-1400.0,-600.0
-1404.0,-598.0,-81.2562,3.28377e-08,27.0279,-26.5651,152.972,153.435,-1404.0,-598.0,-1400.0,-600.0
-1402.0,-598.0,-80.7571,3.10043e-08,17.722,-45.0,162.278,135.0,-1402.0,-598.0,-1400.0,-600.0
-1400.0,-598.0,-80.6295,3.05524e-08,12.6166,-90.0,167.383,90.0,-1400.0,-598.0,-1400.0,-600.0
-1398.0,-598.0,-80.9062,3.15413e-08,17.4105,-135.0,162.589,45.0,-1398.0,-598.0,-1400.0,-600.0
-1396.0,-598.0,-81.5187,3.38451e-08,26.1613,-153.435,153.839,26.5651,-1396.0,-598.0,-1400.0,-600.0
-1394.0,-598.0,-82.309,3.70685e-08,34.7017,-161.565,145.298,18.4349,-1394.0,-598.0,-1400.0,-600.0
-1392.0,-598.0,-83.1971,4.10587e-08,42.0783,-165.964,137.922,14.0362,-1392.0,-598.0,-1400.0,-600.0
-1390.0,-598.0,-84.1237,4.56796e-08,48.1529,-168.69,131.847,11.3099,-1390.0,-598.0,-1400.0,-600.0
-1388.0,-598.0,-85.0397,5.07593e-08,53.1028,-170.538,126.897,9.46232,-1388.0,-598.0,-1400.0,-600.0
-1386.0,-598.0,-85.9203,5.61735e-08,57.1451,-171.87,122.855,8.1301,-1386.0,-598.0,-1400.0,-600.0
-1384.0,-598.0,-86.7701,6.19459e-08,60.2903,-172.875,119.71,7.12502,-1384.0,-598.0,-1400.0,-600.0
-1382.0,-598.0,-87.5688,6.79099e-08,62.8561,-173.66,117.144,6.34019,-1382.0,-598.0,-1400.0,-600.0
-1380.0,-598.0,-88.3146,7.39963e-08,65.0071,-174.289,114.993,5.71059,-1380.0,-598.0,-1400.0,-600.0
-1378.0,-598.0,-89.0116,8.01771e-08,66.8308,-174.806,113.169,5.19443,-1378.0,-598.0,-1400.0,-600.0
-1376.0,-598.0,-89.6644,8.64321e-08,68.3934,-175.236,111.607,4.76364,-1376.0,-598.0,-1400.0,-600.0
-1374.0,-598.0,-90.2771,9.27463e-08,69.745,-175.601,110.255,4.39871,-1374.0,-598.0,-1400.0,-600.0
-1372.0,-598.0,-90.8536,9.91085e-08,70.9243,-175.914,109.076,4.08562,-1372.0,-598.0,-1400.0,-600.0
-1370.0,-598.0,-91.3802,1.053e-07,72.3151,-176.186,107.685,3.81407,-1370.0,-598.0,-1400.0,-600.0
-1368.0,-598.0,-91.8777,1.11503e-07,73.6306,-176.424,106.369,3.57633,-1368.0,-598.0,-1400.0,-600.0
-1366.0,-598.0,-92.3521,1.1776e-07,74.8071,-176.634,105.193,3.36646,-1366.0,-598.0,-1400.0,-600.0
-1364.0,-598.0,-92.8053,1.24064e-07,75.8647,-176.82,104.135,3.17983,-1364.0,-598.0,-1400.0,-600.0
-1362.0,-598.0,-93.2386,1.30406e-07,76.8198,-176.987,103.18,3.01279,-1362.0,-598.0,-1400.0,-600.0
-1360.0,-598.0,-93.6535,1.36782e-07,77.6862,-177.138,102.314,2.86241,-1360.0,-598.0,-1400.0,-600.0
-1358.0,-598.0,-94.0513,1.43188e-07,78.4753,-177.274,101.525,2.72631,-1358.0,-598.0,-1400.0,-600.0
-1356.0,-598.0,-94.4383,1.49706e-07,79.0235,-177.397,100.977,2.60256,-1356.0,-598.0,-1400.0,-600.0
-1354.0,-598.0,-94.8105,1.56256e-07,79.4889,-177.51,100.511,2.48955,-1354.0,-598.0,-1400.0,-600.0
-1352.0,-598.0,-95.168,1.62816e-07,79.917,-177.614,100.083,2.38594,-1352.0,-598.0,-1400.0,-600.0
-1350.0,-598.0,-95.5118,1.69385e-07,80.3118,-177.709,99.6882,2.29061,-1350.0,-598.0,-1400.0,-600.0
-1348.0,-598.0,-95.8429,1.75962e-07,80.6772,-177.797,99.3228,2.2026,-1348.0,-598.0,-1400.0,-600.0
-1346.0,-598.0,-96.1622,1.82546e-07,81.0163,-177.879,98.9837,2.1211,-1346.0,-598.0,-1400.0,-600.0
-1344.0,-598.0,-96.4705,1.89136e-07,81.3318,-177.955,98.6682,2.04541,-1344.0,-598.0,-1400.0,-600.0
-1342.0,-598.0,-96.7686,1.95732e-07,81.626,-178.025,98.374,1.97493,-1342.0,-598.0,-1400.0,-600.0
-1340.0,-598.0,-97.0569,2.02332e-07,81.9011,-178.091,98.0989,1.90915,-1340.0,-598.0,-1400.0,-600.0
-1338.0,-598.0,-97.3362,2.08938e-07,82.1588,-178.152,97.8412,1.84761,-1338.0,-598.0,-1400.0,-600.0
-1336.0,-598.0,-97.607,2.15547e-07,82.4007,-178.21,97.5993,1.78991,-1336.0,-598.0,-1400.0,-600.0
-1334.0,-598.0,-97.8698,2.22161e-07,82.6281,-178.264,97.3719,1.7357,-1334.0,-598.0,-1400.0,-600.0
-1332.0,-598.0,-98.125,2.28778e-07,82.8425,-178.315,97.1575,1.68468,-1332.0,-598.0,-1400.0,-600.0
-1330.0,-598.0,-98.373,2.35398e-07,83.0448,-178.363,96.9552,1.63658,-1330.0,-598.0,-1400.0,-600.0
-1328.0,-598.0,-98.6143,2.42021e-07,83.236,-178.409,96.764,1.59114,-1328.0,-598.0,-1400.0,-600.0
-1326.0,-598.0,-98.8492,2.48647e-07,83.4171,-178.452,96.5829,1.54816,-1326.0,-598.0,-1400.0,-600.0
-1324.0,-598.0,-99.0779,2.55275e-07,83.5887,-178.493,96.4113,1.50744,-1324.0,-598.0,-1400.0,-600.0
-1322.0,-598.0,-99.3009,2.61906e-07,83.7517,-178.531,96.2483,1.4688,-1322.0,-598.0,-1400.0,-600.0
-1320.0,-598.0,-99.5184,2.68538e-07,83.9066,-178.568,96.0934,1.4321,-1320.0,-598.0,-1400.0,-600.0
-1318.0,-598.0,-99.7307,2.75173e-07,84.0541,-178.603,95.9459,1.39718,-1318.0,-598.0,-1400.0,-600.0
-1316.0,-598.0,-99.938,2.81809e-07,84.1946,-178.636,95.8054,1.36393,-1316.0,-598.0,-1400.0,-600.0
-1314.0,-598.0,-100.14,2.88447e-07,84.3286,-178.668,95.6714,1.33222,-1314.0,-598.0,-1400.0,-600.0
-1312.0,-598.0,-100.338,2.95087e-07,84.4566,-178.698,95.5434,1.30195,-1312.0,-598.0,-1400.0,-600.0
-1310.0,-598.0,-100.532,3.01732e-07,84.5721,-178.727,95.4279,1.27303,-1310.0,-598.0,-1400.0,-600.0
-1308.0,-598.0,-100.722,3.08401e-07,84.6373,-178.755,95.3627,1.24536,-1308.0,-598.0,-1400.0,-600.0
-1306.0,-598.0,-100.908,3.1507e-07,84.6997,-178.781,95.3003,1.21888,-1306.0,-598.0,-1400.0,-600.0
-1304.0,-598.0,-101.091,3.21739e-07,84.7595,-178.807,95.2405,1.19349,-1304.0,-598.0,-1400.0,-600.0
-1302.0,-598.0,-101.269,3.2841e-07,84.8168,-178.831,95.1832,1.16914,-1302.0,-598.0,-1400.0,-600.0
-1300.0,-598.0,-101.444,3.3508e-07,84.8719,-178.854,95.1281,1.14576,-1300.0,-598.0,-1400.0,-600.0
-1298.0,-598.0,-101.615,3.41751e-07,84.9249,-178.877,95.0751,1.1233,-1298.0,-598.0,-1400.0,-600.0
-1296.0,-598.0,-101.784,3.48422e-07,84.9758,-178.898,95.0242,1.10171,-1296.0,-598.0,-1400.0,-600.0
-1294.0,-598.0,-101.949,3.55093e-07,85.0248,-178.919,94.9752,1.08092,-1294.0,-598.0,-1400.0,-600.0
-1292.0,-598.0,-102.111,3.61765e-07,85.072,-178.939,94.928,1.06091,-1292.0,-598.0,-1400.0,-600.0
-1290.0,-598.0,-102.27,3.68437e-07,85.1175,-178.958,94.8825,1.04163,-1290.0,-598.0,-1400.0,-600.0
-1288.0,-598.0,-102.426,3.75109e-07,85.1613,-178.977,94.8387,1.02303,-1288.0,-598.0,-1400.0,-600.0
-1286.0,-598.0,-102.579,3.81782e-07,85.2037,-178.995,94.7963,1.00509,-1286.0,-598.0,-1400.0,-600.0
-1284.0,-598.0,-102.73,3.88454e-07,85.2446,-179.012,94.7554,0.98776,-1284.0,-598.0,-1400.0,-600.0
-1282.0,-598.0,-102.878,3.95127e-07,85.2841,-179.029,94.7159,0.971022,-1282.0,-598.0,-1400.0,-600.0
-1280.0,-598.0,-103.024,4.018e-07,85.3223,-179.045,94.6777,0.954841,-1280.0,-598.0,-1400.0,-600.0
-1278.0,-598.0,-103.167,4.08474e-07,85.3592,-179.061,94.6408,0.939191,-1278.0,-598.0,-1400.0,-600.0
-1276.0,-598.0,-103.308,4.15147e-07,85.395,-179.076,94.605,0.924045,-1276.0,-598.0,-1400.0,-600.0
-1274.0,-598.0,-103.447,4.21821e-07,85.4296,-179.091,94.5704,0.90938,-1274.0,-598.0,-1400.0,-600.0
-1272.0,-598.0,-103.584,4.28495e-07,85.4631,-179.105,94.5369,0.895174,-1272.0,-598.0,-1400.0,-600.0
-1270.0,-598.0,-103.718,4.35169e-07,85.4956,-179.119,94.5044,0.881404,-1270.0,-598.0,-1400.0,-600.0
-1268.0,-598.0,-103.851,4.41843e-07,85.5272,-179.132,94.4728,0.868051,-1268.0,-598.0,-1400.0,-600.0
-1266.0,-598.0,-103.981,4.48518e-07,85.5578,-179.145,94.4422,0.855097,-1266.0,-598.0,-1400.0,-600.0
-1264.0,-598.0,-104.11,4.55192e-07,85.5875,-179.157,94.4125,0.842524,-1264.0,-598.0,-1400.0,-600.0
-1262.0,-598.0,-104.237,4.61867e-07,85.6163,-179.17,94.3837,0.830315,-1262.0,-598.0,-1400.0,-600.0
-1260.0,-598.0,-104.361,4.68542e-07,85.6443,-179.182,94.3557,0.818455,-1260.0,-598.0,-1400.0,-600.0
-1258.0,-598.0,-104.485,4.75217e-07,85.6716,-179.193,94.3284,0.806929,-1258.0,-598.0,-1400.0,-600.0
-1256.0,-598.0,-104.606,4.81892e-07,85.6981,-179.204,94.3019,0.795724,-1256.0,-598.0,-1400.0,-600.0
-1254.0,-598.0,-104.726,4.88567e-07,85.7238,-179.215,94.2762,0.784825,-1254.0,-598.0,-1400.0,-600.0
-1252.0,-598.0,-104.844,4.95254e-07,85.73,-179.226,94.27,0.77422,-1252.0,-598.0,-1400.0,-600.0
-1250.0,-598.0,-104.961,5.01951e-07,85.7226,-179.236,94.2774,0.763898,-1250.0,-598.0,-1400.0,-600.0
-1248.0,-598.0,-105.076,5.08647e-07,85.7154,-179.246,94.2846,0.753848,-1248.0,-598.0,-1400.0,-600.0
-1246.0,-598.0,-105.19,5.15343e-07,85.7084,-179.256,94.2916,0.744059,-1246.0,-598.0,-1400.0,-600.0
-1244.0,-598.0,-105.303,5.2204e-07,85.7015,-179.265,94.2985,0.734521,-1244.0,-598.0,-1400.0,-600.0
-1242.0,-598.0,-105.414,5.28736e-07,85.6948,-179.275,94.3052,0.725224,-1242.0,-598.0,-1400.0,-600.0
-1240.0,-598.0,-105.523,5.35432e-07,85.6883,-179.284,94.3117,0.71616,-1240.0,-598.0,-1400.0,-600.0
-1238.0,-598.0,-105.631,5.42116e-07,85.6997,-179.293,94.3003,0.707319,-1238.0,-598.0,-1400.0,-600.0
-1236.0,-598.0,-105.738,5.48791e-07,85.7226,-179.301,94.2774,0.698694,-1236.0,-598.0,-1400.0,-600.0
-1234.0,-598.0,-105.843,5.55467e-07,85.7449,-179.31,94.2551,0.690277,-1234.0,-598.0,-1400.0,-600.0
-1232.0,-598.0,-105.947,5.62142e-07,85.7668,-179.318,94.2332,0.68206,-1232.0,-598.0,-1400.0,-600.0
-1230.0,-598.0,-106.05,5.68818e-07,85.7881,-179.326,94.2119,0.674037,-1230.0,-598.0,-1400.0,-600.0
-1228.0,-598.0,-106.151,5.75479e-07,85.8295,-179.334,94.1705,0.6662,-1228.0,-598.0,-1400.0,-600.0
-1226.0,-598.0,-106.252,5.82134e-07,85.8772,-179.341,94.1228,0.658543,-1226.0,-598.0,-1400.0,-600.0
-1224.0,-598.0,-106.351,5.8879e-07,85.9239,-179.349,94.0761,0.65106,-1224.0,-598.0,-1400.0,-600.0
-1222.0,-598.0,-106.449,5.95446e-07,85.9695,-179.356,94.0305,0.643746,-1222.0,-598.0,-1400.0,-600.0
-1220.0,-598.0,-106.545,6.02103e-07,86.0142,-179.363,93.9858,0.636594,-1220.0,-598.0,-1400.0,-600.0
-1218.0,-598.0,-106.641,6.08777e-07,86.0348,-179.37,93.9652,0.629599,-1218.0,-598.0,-1400.0,-600.0
-1216.0,-598.0,-106.736,6.15454e-07,86.0516,-179.377,93.9484,0.622756,-1216.0,-598.0,-1400.0,-600.0
-1214.0,-598.0,-106.83,6.2213e-07,86.0681,-179.384,93.9319,0.61606,-1214.0,-598.0,-1400.0,-600.0
-1212.0,-598.0,-106.923,6.28807e-07,86.0842,-179.39,93.9158,0.609507,-1212.0,-598.0,-1400.0,-600.0
-1210.0,-598.0,-107.015,6.35484e-07,86.0999,-179.397,93.9001,0.603091,-1210.0,-598.0,-1400.0,-600.0
-1208.0,-598.0,-107.106,6.4216e-07,86.1153,-179.403,93.8847,0.596809,-1208.0,-598.0,-1400.0,-600.0
-1206.0,-598.0,-107.197,6.48837e-07,86.1304,-179.409,93.8696,0.590657,-1206.0,-598.0,-1400.0,-600.0
-1204.0,-598.0,-107.285,6.55481e-07,86.1889,-179.415,93.8111,0.584631,-1204.0,-598.0,-1400.0,-600.0
-1202.0,-598.0,-107.373,6.62121e-07,86.2516,-179.421,93.7484,0.578726,-1202.0,-598.0,-1400.0,-600.0
-1600.0,-596.0,0.0,0.0,0.0,0.0,0.0,0.0,0.0,0.0,0.0,0.0
-1598.0,-596.0,0.0,0.0,0.0,0.0,0.0,0.0,0.0,0.0,0.0,0.0
-1596.0,-596.0,0.0,0.0,0.0,0.0,0.0,0.0,0.0,0.0,0.0,0.0
-1594.0,-596.0,0.0,0.0,0.0,0.0,0.0,0.0,0.0,0.0,0.0,0.0
-1592.0,-596.0,-107.088,6.40815e-07,89.4914,-1.19349,90.5086,178.807,-1592.0,-596.0,-1400.0,-600.0
-1590.0,-596.0,-106.997,6.34143e-07,89.4861,-1.20605,90.5139,178.794,-1590.0,-596.0,-1400.0,-600.0
-1588.0,-596.0,-106.905,6.27471e-07,89.4807,-1.21888,90.5193,178.781,-1588.0,-596.0,-1400.0,-600.0
-1586.0,-596.0,-106.812,6.20799e-07,89.4751,-1.23198,90.5249,178.768,-1586.0,-596.0,-1400.0,-600.0
-1584.0,-596.0,-106.718,6.14132e-07,89.4251,-1.24536,90.5749,178.755,-1584.0,-596.0,-1400.0,-600.0
-1582.0,-596.0,-106.623,6.07473e-07,89.3126,-1.25905,90.6874,178.741,-1582.0,-596.0,-1400.0,-600.0
-1580.0,-596.0,-106.527,6.00817e-07,89.1975,-1.27303,90.8025,178.727,-1580.0,-596.0,-1400.0,-600.0
-1578.0,-596.0,-106.43,5.94163e-07,89.0799,-1.28733,90.9201,178.713,-1578.0,-596.0,-1400.0,-600.0
-1576.0,-596.0,-106.332,5.87511e-07,88.9596,-1.30195,91.0404,178.698,-1576.0,-596.0,-1400.0,-600.0
-1574.0,-596.0,-106.233,5.80862e-07,88.8366,-1.31691,91.1634,178.683,-1574.0,-596.0,-1400.0,-600.0
-1572.0,-596.0,-106.132,5.74211e-07,88.7336,-1.33222,91.2664,178.668,-1572.0,-596.0,-1400.0,-600.0
-1570.0,-596.0,-106.031,5.67561e-07,88.6335,-1.34789,91.3665,178.652,-1570.0,-596.0,-1400.0,-600.0
-1568.0,-596.0,-105.928,5.60912e-07,88.531,-1.36393,91.469,178.636,-1568.0,-596.0,-1400.0,-600.0
-1566.0,-596.0,-105.824,5.54265e-07,88.426,-1.38035,91.574,178.62,-1566.0,-596.0,-1400.0,-600.0
-1564.0,-596.0,-105.719,5.47621e-07,88.3185,-1.39718,91.6815,178.603,-1564.0,-596.0,-1400.0,-600.0
-1562.0,-596.0,-105.613,5.40978e-07,88.2083,-1.41442,91.7917,178.586,-1562.0,-596.0,-1400.0,-600.0
-1560.0,-596.0,-105.505,5.34337e-07,88.0954,-1.4321,91.9046,178.568,-1560.0,-596.0,-1400.0,-600.0
-1558.0,-596.0,-105.397,5.27699e-07,87.9796,-1.45022,92.0204,178.55,-1558.0,-596.0,-1400.0,-600.0
-1556.0,-596.0,-105.286,5.21063e-07,87.8609,-1.4688,92.1391,178.531,-1556.0,-596.0,-1400.0,-600.0
-1554.0,-596.0,-105.175,5.14429e-07,87.7392,-1.48787,92.2608,178.512,-1554.0,-596.0,-1400.0,-600.0
-1552.0,-596.0,-105.062,5.07797e-07,87.6142,-1.50744,92.3858,178.493,-1552.0,-596.0,-1400.0,-600.0
-1550.0,-596.0,-104.947,5.01168e-07,87.486,-1.52753,92.514,178.472,-1550.0,-596.0,-1400.0,-600.0
-1548.0,-596.0,-104.831,4.9453e-07,87.3859,-1.54816,92.6141,178.452,-1548.0,-596.0,-1400.0,-600.0
-1546.0,-596.0,-104.714,4.87892e-07,87.2841,-1.56935,92.7159,178.431,-1546.0,-596.0,-1400.0,-600.0
-1544.0,-596.0,-104.595,4.81256e-07,87.1795,-1.59114,92.8205,178.409,-1544.0,-596.0,-1400.0,-600.0
-1542.0,-596.0,-104.474,4.74622e-07,87.0719,-1.61354,92.9281,178.386,-1542.0,-596.0,-1400.0,-600.0
-1540.0,-596.0,-104.351,4.67989e-07,86.9613,-1.63658,93.0387,178.363,-1540.0,-596.0,-1400.0,-600.0
-1538.0,-596.0,-104.227,4.61359e-07,86.8476,-1.66028,93.1524,178.34,-1538.0,-596.0,-1400.0,-600.0
-1536.0,-596.0,-104.1,4.54696e-07,86.8081,-1.68468,93.1919,178.315,-1536.0,-596.0,-1400.0,-600.0
-1534.0,-596.0,-103.972,4.4802e-07,86.7966,-1.70981,93.2034,178.29,-1534.0,-596.0,-1400.0,-600.0
-1532.0,-596.0,-103.841,4.41344e-07,86.7847,-1.7357,93.2153,178.264,-1532.0,-596.0,-1400.0,-600.0
-1530.0,-596.0,-103.708,4.34668e-07,86.7725,-1.76239,93.2275,178.238,-1530.0,-596.0,-1400.0,-600.0
-1528.0,-596.0,-103.574,4.27993e-07,86.7599,-1.78991,93.2401,178.21,-1528.0,-596.0,-1400.0,-600.0
-1526.0,-596.0,-103.437,4.21317e-07,86.7469,-1.8183,93.2531,178.182,-1526.0,-596.0,-1400.0,-600.0
-1524.0,-596.0,-103.298,4.14658e-07,86.6952,-1.84761,93.3048,178.152,-1524.0,-596.0,-1400.0,-600.0
-1522.0,-596.0,-103.158,4.08016e-07,86.6017,-1.87788,93.3983,178.122,-1522.0,-596.0,-1400.0,-600.0
-1520.0,-596.0,-103.015,4.01375e-07,86.5051,-1.90915,93.4949,178.091,-1520.0,-596.0,-1400.0,-600.0
-1518.0,-596.0,-102.87,3.94736e-07,86.4053,-1.94149,93.5947,178.059,-1518.0,-596.0,-1400.0,-600.0
-1516.0,-596.0,-102.722,3.88098e-07,86.3021,-1.97493,93.6979,178.025,-1516.0,-596.0,-1400.0,-600.0
-1514.0,-596.0,-102.572,3.81461e-07,86.1953,-2.00955,93.8047,177.99,-1514.0,-596.0,-1400.0,-600.0
-1512.0,-596.0,-102.418,3.74775e-07,86.1986,-2.04541,93.8014,177.955,-1512.0,-596.0,-1400.0,-600.0
-1510.0,-596.0,-102.261,3.68084e-07,86.2173,-2.08257,93.7827,177.917,-1510.0,-596.0,-1400.0,-600.0
-1508.0,-596.0,-102.102,3.61392e-07,86.2367,-2.1211,93.7633,177.879,-1508.0,-596.0,-1400.0,-600.0
-1506.0,-596.0,-101.939,3.54701e-07,86.2568,-2.16108,93.7432,177.839,-1506.0,-596.0,-1400.0,-600.0
-1504.0,-596.0,-101.773,3.4801e-07,86.2777,-2.2026,93.7223,177.797,-1504.0,-596.0,-1400.0,-600.0
-1502.0,-596.0,-101.604,3.41319e-07,86.2994,-2.24574,93.7006,177.754,-1502.0,-596.0,-1400.0,-600.0
-1500.0,-596.0,-101.432,3.34628e-07,86.322,-2.29061,93.678,177.709,-1500.0,-596.0,-1400.0,-600.0
-1498.0,-596.0,-101.257,3.27938e-07,86.3455,-2.33731,93.6545,177.663,-1498.0,-596.0,-1400.0,-600.0
-1496.0,-596.0,-101.077,3.21248e-07,86.37,-2.38594,93.63,177.614,-1496.0,-596.0,-1400.0,-600.0
-1494.0,-596.0,-100.894,3.14558e-07,86.3955,-2.43665,93.6045,177.563,-1494.0,-596.0,-1400.0,-600.0
-1492.0,-596.0,-100.707,3.07868e-07,86.4222,-2.48955,93.5778,177.51,-1492.0,-596.0,-1400.0,-600.0
-1490.0,-596.0,-100.516,3.01181e-07,86.4439,-2.5448,93.5561,177.455,-1490.0,-596.0,-1400.0,-600.0
-1488.0,-596.0,-100.322,2.94546e-07,86.3088,-2.60256,93.6912,177.397,-1488.0,-596.0,-1400.0,-600.0
-1486.0,-596.0,-100.124,2.87912e-07,86.1674,-2.663,93.8326,177.337,-1486.0,-596.0,-1400.0,-600.0
-1484.0,-596.0,-99.9216,2.81281e-07,86.0195,-2.72631,93.9805,177.274,-1484.0,-596.0,-1400.0,-600.0
-1482.0,-596.0,-99.7142,2.74652e-07,85.8643,-2.7927,94.1357,177.207,-1482.0,-596.0,-1400.0,-600.0
-1480.0,-596.0,-99.5018,2.68025e-07,85.7015,-2.86241,94.2985,177.138,-1480.0,-596.0,-1400.0,-600.0
-1478.0,-596.0,-99.2839,2.61392e-07,85.5567,-2.93567,94.4433,177.064,-1478.0,-596.0,-1400.0,-600.0
-1476.0,-596.0,-99.06,2.54748e-07,85.4406,-3.01279,94.5594,176.987,-1476.0,-596.0,-1400.0,-600.0
-1474.0,-596.0,-98.8302,2.48106e-07,85.3182,-3.09406,94.6818,176.906,-1474.0,-596.0,-1400.0,-600.0
-1472.0,-596.0,-98.5943,2.41465e-07,85.1892,-3.17983,94.8108,176.82,-1472.0,-596.0,-1400.0,-600.0
-1470.0,-596.0,-98.3519,2.34826e-07,85.0529,-3.27049,94.9471,176.73,-1470.0,-596.0,-1400.0,-600.0
-1468.0,-596.0,-98.1026,2.2819e-07,84.9086,-3.36646,95.0914,176.634,-1468.0,-596.0,-1400.0,-600.0
-1466.0,-596.0,-97.8462,2.2156e-07,84.7418,-3.46823,95.2582,176.532,-1466.0,-596.0,-1400.0,-600.0
-1464.0,-596.0,-97.5831,2.14955e-07,84.5044,-3.57633,95.4956,176.424,-1464.0,-596.0,-1400.0,-600.0
-1462.0,-596.0,-97.3119,2.08354e-07,84.2519,-3.69139,95.7481,176.309,-1462.0,-596.0,-1400.0,-600.0
-1460.0,-596.0,-97.0323,2.01759e-07,83.9829,-3.81407,96.0171,176.186,-1460.0,-596.0,-1400.0,-600.0
-1458.0,-596.0,-96.7436,1.9517e-07,83.6958,-3.94519,96.3042,176.055,-1458.0,-596.0,-1400.0,-600.0
-1456.0,-596.0,-96.4453,1.88587e-07,83.3886,-4.08562,96.6114,175.914,-1456.0,-596.0,-1400.0,-600.0
-1454.0,-596.0,-96.1367,1.8201e-07,83.0593,-4.23639,96.9407,175.764,-1454.0,-596.0,-1400.0,-600.0
-1452.0,-596.0,-95.8172,1.75442e-07,82.7054,-4.39871,97.2946,175.601,-1452.0,-596.0,-1400.0,-600.0
-1450.0,-596.0,-95.4859,1.68882e-07,82.324,-4.57392,97.676,175.426,-1450.0,-596.0,-1400.0,-600.0
-1448.0,-596.0,-95.1421,1.62332e-07,81.9119,-4.76364,98.0881,175.236,-1448.0,-596.0,-1400.0,-600.0
-1446.0,-596.0,-94.7847,1.55794e-07,81.4653,-4.96974,98.5347,175.03,-1446.0,-596.0,-1400.0,-600.0
-1444.0,-596.0,-94.4127,1.49267e-07,80.9797,-5.19443,99.0203,174.806,-1444.0,-596.0,-1400.0,-600.0
-1442.0,-596.0,-94.025,1.42755e-07,80.4499,-5.44033,99.5501,174.56,-1442.0,-596.0,-1400.0,-600.0
-1440.0,-596.0,-93.6202,1.36259e-07,79.8698,-5.71059,100.13,174.289,-1440.0,-596.0,-1400.0,-600.0
-1438.0,-596.0,-93.1969,1.29781e-07,79.2319,-6.00901,100.768,173.991,-1438.0,-596.0,-1400.0,-600.0
-1436.0,-596.0,-92.7534,1.23325e-07,78.5274,-6.34019,101.473,173.66,-1436.0,-596.0,-1400.0,-600.0
-1434.0,-596.0,-92.288,1.16894e-07,77.7457,-6.70984,102.254,173.29,-1434.0,-596.0,-1400.0,-600.0
-1432.0,-596.0,-91.7986,1.10493e-07,76.8738,-7.12502,103.126,172.875,-1432.0,-596.0,-1400.0,-600.0
-1430.0,-596.0,-91.2828,1.04126e-07,75.8958,-7.59464,104.104,172.405,-1430.0,-596.0,-1400.0,-600.0
-1428.0,-596.0,-90.7383,9.78017e-08,74.792,-8.1301,105.208,171.87,-1428.0,-596.0,-1400.0,-600.0
-1426.0,-596.0,-90.1621,9.15274e-08,73.5377,-8.74616,106.462,171.254,-1426.0,-596.0,-1400.0,-600.0
-1424.0,-596.0,-89.5513,8.53147e-08,72.1021,-9.46232,107.898,170.538,-1424.0,-596.0,-1400.0,-600.0
-1422.0,-596.0,-88.9027,7.91779e-08,70.4458,-10.3048,109.554,169.695,-1422.0,-596.0,-1400.0,-600.0
-1420.0,-596.0,-88.213,7.31363e-08,68.5187,-11.3099,111.481,168.69,-1420.0,-596.0,-1400.0,-600.0
-1418.0,-596.0,-87.4795,6.72155e-08,66.2564,-12.5288,113.744,167.471,-1418.0,-596.0,-1400.0,-600.0
-1416.0,-596.0,-86.7004,6.14504e-08,63.5764,-14.0362,116.424,165.964,-1416.0,-596.0,-1400.0,-600.0
-1414.0,-596.0,-85.8762,5.58893e-08,60.375,-15.9454,119.625,164.055,-1414.0,-596.0,-1400.0,-600.0
-1412.0,-596.0,-85.0123,5.05994e-08,56.5255,-18.4349,123.475,161.565,-1412.0,-596.0,-1400.0,-600.0
-1410.0,-596.0,-84.1228,4.56751e-08,51.8882,-21.8014,128.112,158.199,-1410.0,-596.0,-1400.0,-600.0
-1408.0,-596.0,-83.237,4.12476e-08,46.348,-26.5651,133.652,153.435,-1408.0,-596.0,-1400.0,-600.0
-1406.0,-596.0,-82.4079,3.74932e-08,39.9228,-33.6901,140.077,146.31,-1406.0,-596.0,-1400.0,-600.0
-1404.0,-596.0,-81.7182,3.46315e-08,33.027,-45.0,146.973,135.0,-1404.0,-596.0,-1400.0,-600.0
-1402.0,-596.0,-81.2716,3.28963e-08,26.9759,-63.4349,153.024,116.565,-1402.0,-596.0,-1400.0,-600.0
-1400.0,-596.0,-81.158,3.24688e-08,24.2719,-90.0,155.728,90.0,-1400.0,-596.0,-1400.0,-600.0
-1398.0,-596.0,-81.4035,3.33993e-08,26.5375,-116.565,153.462,63.4349,-1398.0,-596.0,-1400.0,-600.0
-1396.0,-596.0,-81.9532,3.55813e-08,32.0383,-135.0,147.962,45.0,-1396.0,-596.0,-1400.0,-600.0
-1394.0,-596.0,-82.6741,3.86597e-08,38.4909,-146.31,141.509,33.6901,-1394.0,-596.0,-1400.0,-600.0
-1392.0,-596.0,-83.497,4.25008e-08,44.6047,-153.435,135.395,26.5651,-1392.0,-596.0,-1400.0,-600.0
-1390.0,-596.0,-84.3675,4.698e-08,49.9029,-158.199,130.097,21.8014,-1390.0,-596.0,-1400.0,-600.0
-1388.0,-596.0,-85.2383,5.19327e-08,54.3622,-161.565,125.638,18.4349,-1388.0,-596.0,-1400.0,-600.0
-1386.0,-596.0,-86.0831,5.7236e-08,58.0842,-164.055,121.916,15.9454,-1386.0,-596.0,-1400.0,-600.0
-1384.0,-596.0,-86.8899,6.28059e-08,61.1874,-165.964,118.813,14.0362,-1384.0,-596.0,-1400.0,-600.0
-1382.0,-596.0,-87.6685,6.86935e-08,63.5934,-167.471,116.407,12.5288,-1382.0,-596.0,-1400.0,-600.0
-1380.0,-596.0,-88.3985,7.47144e-08,65.6275,-168.69,114.373,11.3099,-1380.0,-596.0,-1400.0,-600.0
-1378.0,-596.0,-89.0831,8.08389e-08,67.3633,-169.695,112.637,10.3048,-1378.0,-596.0,-1400.0,-600.0
-1376.0,-596.0,-89.7258,8.70449e-08,68.858,-170.538,111.142,9.46232,-1376.0,-596.0,-1400.0,-600.0
-1374.0,-596.0,-90.3303,9.33164e-08,70.1561,-171.254,109.844,8.74616,-1374.0,-596.0,-1400.0,-600.0
-1372.0,-596.0,-90.9002,9.96409e-08,71.2925,-171.87,108.708,8.1301,-1372.0,-596.0,-1400.0,-600.0
-1370.0,-596.0,-91.4216,1.05803e-07,72.6469,-172.405,107.353,7.59464,-1370.0,-596.0,-1400.0,-600.0
-1368.0,-596.0,-91.9148,1.1198e-07,73.9322,-172.875,106.068,7.12502,-1368.0,-596.0,-1400.0,-600.0
-1366.0,-596.0,-92.3856,1.18215e-07,75.0835,-173.29,104.917,6.70984,-1366.0,-596.0,-1400.0,-600.0
-1364.0,-596.0,-92.8356,1.24497e-07,76.1195,-173.66,103.88,6.34019,-1364.0,-596.0,-1400.0,-600.0
-1362.0,-596.0,-93.2662,1.3082e-07,77.0563,-173.991,102.944,6.00901,-1362.0,-596.0,-1400.0,-600.0
-1360.0,-596.0,-93.6787,1.37179e-07,77.9067,-174.289,102.093,5.71059,-1360.0,-596.0,-1400.0,-600.0
-1358.0,-596.0,-94.0783,1.43633e-07,78.5532,-174.56,101.447,5.44033,-1358.0,-596.0,-1400.0,-600.0
-1356.0,-596.0,-94.4641,1.50152e-07,79.0564,-174.806,100.944,5.19443,-1356.0,-596.0,-1400.0,-600.0
-1354.0,-596.0,-94.8342,1.56683e-07,79.5179,-175.03,100.482,4.96974,-1354.0,-596.0,-1400.0,-600.0
-1352.0,-596.0,-95.1898,1.63226e-07,79.9425,-175.236,100.057,4.76364,-1352.0,-596.0,-1400.0,-600.0
-1350.0,-596.0,-95.532,1.69779e-07,80.3345,-175.426,99.6655,4.57392,-1350.0,-596.0,-1400.0,-600.0
-1348.0,-596.0,-95.8616,1.76341e-07,80.6975,-175.601,99.3025,4.39871,-1348.0,-596.0,-1400.0,-600.0
-1346.0,-596.0,-96.1796,1.82911e-07,81.0344,-175.764,98.9656,4.23639,-1346.0,-596.0,-1400.0,-600.0
-1344.0,-596.0,-96.4868,1.89489e-07,81.3481,-175.914,98.6519,4.08562,-1344.0,-596.0,-1400.0,-600.0
-1342.0,-596.0,-96.7837,1.96073e-07,81.6407,-176.055,98.3593,3.94519,-1342.0,-596.0,-1400.0,-600.0
-1340.0,-596.0,-97.0711,2.02662e-07,81.9144,-176.186,98.0856,3.81407,-1340.0,-596.0,-1400.0,-600.0
-1338.0,-596.0,-97.3495,2.09257e-07,82.1708,-176.309,97.8292,3.69139,-1338.0,-596.0,-1400.0,-600.0
-1336.0,-596.0,-97.6195,2.15857e-07,82.4116,-176.424,97.5884,3.57633,-1336.0,-596.0,-1400.0,-600.0
-1334.0,-596.0,-97.8815,2.22461e-07,82.6382,-176.532,97.3618,3.46823,-1334.0,-596.0,-1400.0,-600.0
-1332.0,-596.0,-98.1361,2.2907e-07,82.8517,-176.634,97.1483,3.36646,-1332.0,-596.0,-1400.0,-600.0
-1330.0,-596.0,-98.3835,2.35682e-07,83.0532,-176.73,96.9468,3.27049,-1330.0,-596.0,-1400.0,-600.0
-1328.0,-596.0,-98.6242,2.42297e-07,83.2438,-176.82,96.7562,3.17983,-1328.0,-596.0,-1400.0,-600.0
-1326.0,-596.0,-98.8585,2.48915e-07,83.4242,-176.906,96.5758,3.09406,-1326.0,-596.0,-1400.0,-600.0
-1324.0,-596.0,-99.0868,2.55537e-07,83.5953,-176.987,96.4047,3.01279,-1324.0,-596.0,-1400.0,-600.0
-1322.0,-596.0,-99.3094,2.6216e-07,83.7578,-177.064,96.2422,2.93567,-1322.0,-596.0,-1400.0,-600.0
-1320.0,-596.0,-99.5265,2.68787e-07,83.9123,-177.138,96.0877,2.86241,-1320.0,-596.0,-1400.0,-600.0
-1318.0,-596.0,-99.7384,2.75415e-07,84.0593,-177.207,95.9407,2.7927,-1318.0,-596.0,-1400.0,-600.0
-1316.0,-596.0,-99.9453,2.82046e-07,84.1995,-177.274,95.8005,2.72631,-1316.0,-596.0,-1400.0,-600.0
-1314.0,-596.0,-100.147,2.88679e-07,84.3332,-177.337,95.6668,2.663,-1314.0,-596.0,-1400.0,-600.0
-1312.0,-596.0,-100.345,2.95313e-07,84.4609,-177.397,95.5391,2.60256,-1312.0,-596.0,-1400.0,-600.0
-1310.0,-596.0,-100.539,3.01974e-07,84.5354,-177.455,95.4646,2.5448,-1310.0,-596.0,-1400.0,-600.0
-1308.0,-596.0,-100.729,3.08637e-07,84.6012,-177.51,95.3988,2.48955,-1308.0,-596.0,-1400.0,-600.0
-1306.0,-596.0,-100.915,3.15302e-07,84.6642,-177.563,95.3358,2.43665,-1306.0,-596.0,-1400.0,-600.0
-1304.0,-596.0,-101.097,3.21967e-07,84.7246,-177.614,95.2754,2.38594,-1304.0,-596.0,-1400.0,-600.0
-1302.0,-596.0,-101.275,3.28632e-07,84.7826,-177.663,95.2174,2.33731,-1302.0,-596.0,-1400.0,-600.0
-1300.0,-596.0,-101.45,3.35299e-07,84.8383,-177.709,95.1617,2.29061,-1300.0,-596.0,-1400.0,-600.0
-1298.0,-596.0,-101.621,3.41965e-07,84.8918,-177.754,95.1082,2.24574,-1298.0,-596.0,-1400.0,-600.0
-1296.0,-596.0,-101.789,3.48632e-07,84.9432,-177.797,95.0568,2.2026,-1296.0,-596.0,-1400.0,-600.0
-1294.0,-596.0,-101.954,3.553e-07,84.9928,-177.839,95.0072,2.16108,-1294.0,-596.0,-1400.0,-600.0
-1292.0,-596.0,-102.116,3.61968e-07,85.0405,-177.879,94.9595,2.1211,-1292.0,-596.0,-1400.0,-600.0
-1290.0,-596.0,-102.274,3.68637e-07,85.0865,-177.917,94.9135,2.08257,-1290.0,-596.0,-1400.0,-600.0
-1288.0,-596.0,-102.43,3.75305e-07,85.1308,-177.955,94.8692,2.04541,-1288.0,-596.0,-1400.0,-600.0
-1286.0,-596.0,-102.584,3.81975e-07,85.1736,-177.99,94.8264,2.00955,-1286.0,-596.0,-1400.0,-600.0
-1284.0,-596.0,-102.734,3.88644e-07,85.215,-178.025,94.785,1.97493,-1284.0,-596.0,-1400.0,-600.0
-1282.0,-596.0,-102.882,3.95314e-07,85.2549,-178.059,94.7451,1.94149,-1282.0,-596.0,-1400.0,-600.0
-1280.0,-596.0,-103.028,4.01984e-07,85.2935,-178.091,94.7065,1.90915,-1280.0,-596.0,-1400.0,-600.0
-1278.0,-596.0,-103.171,4.08655e-07,85.3309,-178.122,94.6691,1.87788,-1278.0,-596.0,-1400.0,-600.0
-1276.0,-596.0,-103.312,4.15326e-07,85.3671,-178.152,94.6329,1.84761,-1276.0,-596.0,-1400.0,-600.0
-1274.0,-596.0,-103.451,4.21997e-07,85.4021,-178.182,94.5979,1.8183,-1274.0,-596.0,-1400.0,-600.0
-1272.0,-596.0,-103.587,4.28668e-07,85.436,-178.21,94.564,1.78991,-1272.0,-596.0,-1400.0,-600.0
-1270.0,-596.0,-103.722,4.35339e-07,85.4689,-178.238,94.5311,1.76239,-1270.0,-596.0,-1400.0,-600.0
-1268.0,-596.0,-103.854,4.42011e-07,85.5008,-178.264,94.4992,1.7357,-1268.0,-596.0,-1400.0,-600.0
-1266.0,-596.0,-103.984,4.48683e-07,85.5318,-178.29,94.4682,1.70981,-1266.0,-596.0,-1400.0,-600.0
-1264.0,-596.0,-104.113,4.55356e-07,85.5618,-178.315,94.4382,1.68468,-1264.0,-596.0,-1400.0,-600.0
-1262.0,-596.0,-104.24,4.62028e-07,85.591,-178.34,94.409,1.66028,-1262.0,-596.0,-1400.0,-600.0
-1260.0,-596.0,-104.364,4.68701e-07,85.6194,-178.363,94.3806,1.63658,-1260.0,-596.0,-1400.0,-600.0
-1258.0,-596.0,-104.487,4.75374e-07,85.6469,-178.386,94.3531,1.61354,-1258.0,-596.0,-1400.0,-600.0
-1256.0,-596.0,-104.609,4.82047e-07,85.6737,-178.409,94.3263,1.59114,-1256.0,-596.0,-1400.0,-600.0
-1254.0,-596.0,-104.728,4.8872e-07,85.6998,-178.431,94.3002,1.56935,-1254.0,-596.0,-1400.0,-600.0
-1252.0,-596.0,-104.847,4.95405e-07,85.7063,-178.452,94.2937,1.54816,-1252.0,-596.0,-1400.0,-600.0
-1250.0,-596.0,-104.964,5.021e-07,85.6992,-178.472,94.3008,1.52753,-1250.0,-596.0,-1400.0,-600.0
-1248.0,-596.0,-105.079,5.08794e-07,85.6923,-178.493,94.3077,1.50744,-1248.0,-596.0,-1400.0,-600.0
-1246.0,-596.0,-105.193,5.15489e-07,85.6855,-178.512,94.3145,1.48787,-1246.0,-596.0,-1400.0,-600.0
-1244.0,-596.0,-105.305,5.22184e-07,85.6789,-178.531,94.3211,1.4688,-1244.0,-596.0,-1400.0,-600.0
-1242.0,-596.0,-105.416,5.28878e-07,85.6725,-178.55,94.3275,1.45022,-1242.0,-596.0,-1400.0,-600.0
-1240.0,-596.0,-105.525,5.35566e-07,85.6772,-178.568,94.3228,1.4321,-1240.0,-596.0,-1400.0,-600.0
-1238.0,-596.0,-105.633,5.42239e-07,85.7006,-178.586,94.2994,1.41442,-1238.0,-596.0,-1400.0,-600.0
-1236.0,-596.0,-105.74,5.48913e-07,85.7235,-178.603,94.2765,1.39718,-1236.0,-596.0,-1400.0,-600.0
-1234.0,-596.0,-105.845,5.55587e-07,85.7459,-178.62,94.2541,1.38035,-1234.0,-596.0,-1400.0,-600.0
-1232.0,-596.0,-105.949,5.62261e-07,85.7677,-178.636,94.2323,1.36393,-1232.0,-596.0,-1400.0,-600.0
-1230.0,-596.0,-106.052,5.68935e-07,85.789,-178.652,94.211,1.34789,-1230.0,-596.0,-1400.0,-600.0
-1228.0,-596.0,-106.153,5.75595e-07,85.8303,-178.668,94.1697,1.33222,-1228.0,-596.0,-1400.0,-600.0
-1226.0,-596.0,-106.253,5.82249e-07,85.878,-178.683,94.122,1.31691,-1226.0,-596.0,-1400.0,-600.0
-1224.0,-596.0,-106.352,5.88903e-07,85.9247,-178.698,94.0753,1.30195,-1224.0,-596.0,-1400.0,-600.0
-1222.0,-596.0,-106.45,5.95558e-07,85.9703,-178.713,94.0297,1.28733,-1222.0,-596.0,-1400.0,-600.0
-1220.0,-596.0,-106.547,6.02214e-07,86.0149,-178.727,93.9851,1.27303,-1220.0,-596.0,-1400.0,-600.0
-1218.0,-596.0,-106.643,6.08872e-07,86.0558,-178.741,93.9442,1.25905,-1218.0,-596.0,-1400.0,-600.0
-1216.0,-596.0,-106.738,6.15547e-07,86.0724,-178.755,93.9276,1.24536,-1216.0,-596.0,-1400.0,-600.0
-1214.0,-596.0,-106.832,6.22223e-07,86.0886,-178.768,93.9114,1.23198,-1214.0,-596.0,-1400.0,-600.0
-1212.0,-596.0,-106.925,6.28898e-07,86.1044,-178.781,93.8956,1.21888,-1212.0,-596.0,-1400.0,-600.0
-1210.0,-596.0,-107.017,6.35574e-07,86.12,-178.794,93.88,1.20605,-1210.0,-596.0,-1400.0,-600.0
-1208.0,-596.0,-107.108,6.4225e-07,86.1352,-178.807,93.8648,1.19349,-1208.0,-596.0,-1400.0,-600.0
-1206.0,-596.0,-107.198,6.48926e-07,86.1501,-178.819,93.8499,1.18119,-1206.0,-596.0,-1400.0,-600.0
-1204.0,-596.0,-107.286,6.55568e-07,86.2083,-178.831,93.7917,1.16914,-1204.0,-596.0,-1400.0,-600.0
-1202.0,-596.0,-107.374,6.62208e-07,86.2708,-178.843,93.7292,1.15733,-1202.0,-596.0,-1400.0,-600.0
-1600.0,-594.0,0.0,0.0,0.0,0.0,0.0,0.0,0.0,0.0,0.0,0.0
-1598.0,-594.0,0.0,0.0,0.0,0.0,0.0,0.0,0.0,0.0,0.0,0.0
-1596.0,-594.0,0.0,0.0,0.0,0.0,0.0,0.0,0.0,0.0,0.0,0.0
-1594.0,-594.0,0.0,0.0,0.0,0.0,0.0,0.0,0.0,0.0,0.0,0.0
-1592.0,-594.0,-107.09,6.40978e-07,89.6073,-1.78991,90.3927,178.21,-1592.0,-594.0,-1400.0,-600.0
-1590.0,-594.0,-106.999,6.34308e-07,89.6032,-1.80874,90.3968,178.191,-1590.0,-594.0,-1400.0,-600.0
-1588.0,-594.0,-106.907,6.27638e-07,89.599,-1.82797,90.401,178.172,-1588.0,-594.0,-1400.0,-600.0
-1586.0,-594.0,-106.814,6.20968e-07,89.5948,-1.84761,90.4052,178.152,-1586.0,-594.0,-1400.0,-600.0
-1584.0,-594.0,-106.72,6.14302e-07,89.5461,-1.86768,90.4539,178.132,-1584.0,-594.0,-1400.0,-600.0
-1582.0,-594.0,-106.625,6.07643e-07,89.4349,-1.88819,90.5651,178.112,-1582.0,-594.0,-1400.0,-600.0
-1580.0,-594.0,-106.529,6.00985e-07,89.3212,-1.90915,90.6788,178.091,-1580.0,-594.0,-1400.0,-600.0
-1578.0,-594.0,-106.432,5.94331e-07,89.205,-1.93059,90.795,178.069,-1578.0,-594.0,-1400.0,-600.0
-1576.0,-594.0,-106.334,5.87679e-07,89.0862,-1.95251,90.9138,178.047,-1576.0,-594.0,-1400.0,-600.0
-1574.0,-594.0,-106.235,5.81029e-07,88.9647,-1.97493,91.0353,178.025,-1574.0,-594.0,-1400.0,-600.0
-1572.0,-594.0,-106.135,5.74382e-07,88.8417,-1.99788,91.1583,178.002,-1572.0,-594.0,-1400.0,-600.0
-1570.0,-594.0,-106.033,5.67732e-07,88.7428,-2.02136,91.2572,177.979,-1570.0,-594.0,-1400.0,-600.0
-1568.0,-594.0,-105.931,5.61084e-07,88.6417,-2.04541,91.3583,177.955,-1568.0,-594.0,-1400.0,-600.0
-1566.0,-594.0,-105.827,5.54438e-07,88.538,-2.07003,91.462,177.93,-1566.0,-594.0,-1400.0,-600.0
-1564.0,-594.0,-105.722,5.47793e-07,88.4319,-2.09525,91.5681,177.905,-1564.0,-594.0,-1400.0,-600.0
-1562.0,-594.0,-105.616,5.41151e-07,88.3232,-2.1211,91.6768,177.879,-1562.0,-594.0,-1400.0,-600.0
-1560.0,-594.0,-105.508,5.34511e-07,88.2117,-2.14759,91.7883,177.852,-1560.0,-594.0,-1400.0,-600.0
-1558.0,-594.0,-105.399,5.27873e-07,88.0975,-2.17474,91.9025,177.825,-1558.0,-594.0,-1400.0,-600.0
-1556.0,-594.0,-105.289,5.21237e-07,87.9804,-2.2026,92.0196,177.797,-1556.0,-594.0,-1400.0,-600.0
-1554.0,-594.0,-105.178,5.14604e-07,87.8602,-2.23117,92.1398,177.769,-1554.0,-594.0,-1400.0,-600.0
-1552.0,-594.0,-105.065,5.07973e-07,87.7369,-2.2605,92.2631,177.739,-1552.0,-594.0,-1400.0,-600.0
-1550.0,-594.0,-104.951,5.01344e-07,87.6103,-2.29061,92.3897,177.709,-1550.0,-594.0,-1400.0,-600.0
-1548.0,-594.0,-104.835,4.94716e-07,87.4869,-2.32153,92.5131,177.678,-1548.0,-594.0,-1400.0,-600.0
-1546.0,-594.0,-104.717,4.8808e-07,87.3866,-2.3533,92.6134,177.647,-1546.0,-594.0,-1400.0,-600.0
-1544.0,-594.0,-104.598,4.81446e-07,87.2834,-2.38594,92.7166,177.614,-1544.0,-594.0,-1400.0,-600.0
-1542.0,-594.0,-104.477,4.74813e-07,87.1774,-2.41951,92.8226,177.58,-1542.0,-594.0,-1400.0,-600.0
-1540.0,-594.0,-104.355,4.68182e-07,87.0684,-2.45403,92.9316,177.546,-1540.0,-594.0,-1400.0,-600.0
-1538.0,-594.0,-104.231,4.61554e-07,86.9562,-2.48955,93.0438,177.51,-1538.0,-594.0,-1400.0,-600.0
-1536.0,-594.0,-104.104,4.54893e-07,86.9184,-2.52612,93.0816,177.474,-1536.0,-594.0,-1400.0,-600.0
-1534.0,-594.0,-103.975,4.48221e-07,86.9085,-2.56377,93.0915,177.436,-1534.0,-594.0,-1400.0,-600.0
-1532.0,-594.0,-103.845,4.41549e-07,86.8984,-2.60256,93.1016,177.397,-1532.0,-594.0,-1400.0,-600.0
-1530.0,-594.0,-103.712,4.34877e-07,86.888,-2.64255,93.112,177.357,-1530.0,-594.0,-1400.0,-600.0
-1528.0,-594.0,-103.578,4.28205e-07,86.8772,-2.68378,93.1228,177.316,-1528.0,-594.0,-1400.0,-600.0
-1526.0,-594.0,-103.441,4.21542e-07,86.8463,-2.72631,93.1537,177.274,-1526.0,-594.0,-1400.0,-600.0
-1524.0,-594.0,-103.303,4.14902e-07,86.7568,-2.77022,93.2432,177.23,-1524.0,-594.0,-1400.0,-600.0
-1522.0,-594.0,-103.163,4.08263e-07,86.6645,-2.81556,93.3355,177.184,-1522.0,-594.0,-1400.0,-600.0
-1520.0,-594.0,-103.02,4.01626e-07,86.569,-2.86241,93.431,177.138,-1520.0,-594.0,-1400.0,-600.0
-1518.0,-594.0,-102.875,3.94991e-07,86.4704,-2.91084,93.5296,177.089,-1518.0,-594.0,-1400.0,-600.0
-1516.0,-594.0,-102.728,3.88357e-07,86.3684,-2.96094,93.6316,177.039,-1516.0,-594.0,-1400.0,-600.0
-1514.0,-594.0,-102.578,3.81724e-07,86.2629,-3.01279,93.7371,176.987,-1514.0,-594.0,-1400.0,-600.0
-1512.0,-594.0,-102.424,3.75044e-07,86.2674,-3.06649,93.7326,176.934,-1512.0,-594.0,-1400.0,-600.0
-1510.0,-594.0,-102.268,3.68358e-07,86.2874,-3.12213,93.7126,176.878,-1510.0,-594.0,-1400.0,-600.0
-1508.0,-594.0,-102.108,3.61672e-07,86.3081,-3.17983,93.6919,176.82,-1508.0,-594.0,-1400.0,-600.0
-1506.0,-594.0,-101.946,3.54987e-07,86.3296,-3.2397,93.6704,176.76,-1506.0,-594.0,-1400.0,-600.0
-1504.0,-594.0,-101.781,3.48302e-07,86.352,-3.30187,93.648,176.698,-1504.0,-594.0,-1400.0,-600.0
-1502.0,-594.0,-101.612,3.41617e-07,86.3752,-3.36646,93.6248,176.634,-1502.0,-594.0,-1400.0,-600.0
-1500.0,-594.0,-101.44,3.34933e-07,86.3993,-3.43363,93.6007,176.566,-1500.0,-594.0,-1400.0,-600.0
-1498.0,-594.0,-101.265,3.2825e-07,86.4245,-3.50353,93.5755,176.496,-1498.0,-594.0,-1400.0,-600.0
-1496.0,-594.0,-101.086,3.21567e-07,86.4506,-3.57633,93.5494,176.424,-1496.0,-594.0,-1400.0,-600.0
-1494.0,-594.0,-100.903,3.14885e-07,86.4779,-3.65222,93.5221,176.348,-1494.0,-594.0,-1400.0,-600.0
-1492.0,-594.0,-100.717,3.08203e-07,86.5064,-3.7314,93.4936,176.269,-1492.0,-594.0,-1400.0,-600.0
-1490.0,-594.0,-100.526,3.01524e-07,86.5301,-3.81407,93.4699,176.186,-1490.0,-594.0,-1400.0,-600.0
-1488.0,-594.0,-100.333,2.94896e-07,86.3972,-3.90049,93.6028,176.1,-1488.0,-594.0,-1400.0,-600.0
-1486.0,-594.0,-100.135,2.8827e-07,86.2582,-3.99091,93.7418,176.009,-1486.0,-594.0,-1400.0,-600.0
-1484.0,-594.0,-99.9329,2.81647e-07,86.1127,-4.08562,93.8873,175.914,-1484.0,-594.0,-1400.0,-600.0
-1482.0,-594.0,-99.726,2.75026e-07,85.9601,-4.18492,94.0399,175.815,-1482.0,-594.0,-1400.0,-600.0
-1480.0,-594.0,-99.5142,2.68408e-07,85.8001,-4.28915,94.1999,175.711,-1480.0,-594.0,-1400.0,-600.0
-1478.0,-594.0,-99.2972,2.61793e-07,85.632,-4.39871,94.368,175.601,-1478.0,-594.0,-1400.0,-600.0
-1476.0,-594.0,-99.0743,2.55168e-07,85.4967,-4.51399,94.5033,175.486,-1476.0,-594.0,-1400.0,-600.0
-1474.0,-594.0,-98.8453,2.48536e-07,85.3763,-4.63546,94.6237,175.365,-1474.0,-594.0,-1400.0,-600.0
-1472.0,-594.0,-98.6102,2.41908e-07,85.2493,-4.76364,94.7507,175.236,-1472.0,-594.0,-1400.0,-600.0
-1470.0,-594.0,-98.3687,2.35281e-07,85.1152,-4.89909,94.8848,175.101,-1470.0,-594.0,-1400.0,-600.0
-1468.0,-594.0,-98.1204,2.28658e-07,84.9734,-5.04245,95.0266,174.958,-1468.0,-594.0,-1400.0,-600.0
-1466.0,-594.0,-97.8651,2.22042e-07,84.8092,-5.19443,95.1908,174.806,-1466.0,-594.0,-1400.0,-600.0
-1464.0,-594.0,-97.6031,2.15452e-07,84.5747,-5.35583,95.4253,174.644,-1464.0,-594.0,-1400.0,-600.0
-1462.0,-594.0,-97.3333,2.08867e-07,84.3255,-5.52754,95.6745,174.472,-1462.0,-594.0,-1400.0,-600.0
-1460.0,-594.0,-97.055,2.02288e-07,84.0601,-5.71059,95.9399,174.289,-1460.0,-594.0,-1400.0,-600.0
-1458.0,-594.0,-96.7679,1.95716e-07,83.777,-5.90614,96.223,174.094,-1458.0,-594.0,-1400.0,-600.0
-1456.0,-594.0,-96.4713,1.89151e-07,83.4743,-6.1155,96.5257,173.884,-1456.0,-594.0,-1400.0,-600.0
-1454.0,-594.0,-96.1646,1.82595e-07,83.1499,-6.34019,96.8501,173.66,-1454.0,-594.0,-1400.0,-600.0
-1452.0,-594.0,-95.8472,1.76048e-07,82.8015,-6.58194,97.1985,173.418,-1452.0,-594.0,-1400.0,-600.0
-1450.0,-594.0,-95.5183,1.69512e-07,82.4263,-6.84277,97.5737,173.157,-1450.0,-594.0,-1400.0,-600.0
-1448.0,-594.0,-95.1771,1.62987e-07,82.0212,-7.12502,97.9788,172.875,-1448.0,-594.0,-1400.0,-600.0
-1446.0,-594.0,-94.8226,1.56475e-07,81.5826,-7.43141,98.4174,172.569,-1446.0,-594.0,-1400.0,-600.0
-1444.0,-594.0,-94.454,1.49978e-07,81.1063,-7.76517,98.8937,172.235,-1444.0,-594.0,-1400.0,-600.0
-1442.0,-594.0,-94.0701,1.43497e-07,80.5872,-8.1301,99.4128,171.87,-1442.0,-594.0,-1400.0,-600.0
-1440.0,-594.0,-93.6696,1.37036e-07,80.0195,-8.53077,99.9805,171.469,-1440.0,-594.0,-1400.0,-600.0
-1438.0,-594.0,-93.2513,1.30596e-07,79.3963,-8.97263,100.604,171.027,-1438.0,-594.0,-1400.0,-600.0
-1436.0,-594.0,-92.8136,1.24182e-07,78.7092,-9.46232,101.291,170.538,-1436.0,-594.0,-1400.0,-600.0
-1434.0,-594.0,-92.3549,1.17798e-07,77.9485,-10.008,102.051,169.992,-1434.0,-594.0,-1400.0,-600.0
-1432.0,-594.0,-91.8733,1.11448e-07,77.1021,-10.6197,102.898,169.38,-1432.0,-594.0,-1400.0,-600.0
-1430.0,-594.0,-91.3669,1.05138e-07,76.1555,-11.3099,103.844,168.69,-1430.0,-594.0,-1400.0,-600.0
-1428.0,-594.0,-90.8334,9.88778e-08,75.0909,-12.0948,104.909,167.905,-1428.0,-594.0,-1400.0,-600.0
-1426.0,-594.0,-90.2705,9.26757e-08,73.8863,-12.9946,106.114,167.005,-1426.0,-594.0,-1400.0,-600.0
-1424.0,-594.0,-89.6757,8.65447e-08,72.5148,-14.0362,107.485,165.964,-1424.0,-594.0,-1400.0,-600.0
-1422.0,-594.0,-89.0467,8.0501e-08,70.9426,-15.2551,109.057,164.745,-1422.0,-594.0,-1400.0,-600.0
-1420.0,-594.0,-88.3812,7.45659e-08,69.128,-16.6992,110.872,163.301,-1420.0,-594.0,-1400.0,-600.0
-1418.0,-594.0,-87.6778,6.87674e-08,67.0194,-18.4349,112.981,161.565,-1418.0,-594.0,-1400.0,-600.0
-1416.0,-594.0,-86.9365,6.31432e-08,64.5544,-20.556,115.446,159.444,-1416.0,-594.0,-1400.0,-600.0
-1414.0,-594.0,-86.1599,5.77443e-08,61.66,-23.1986,118.34,156.801,-1414.0,-594.0,-1400.0,-600.0
-1412.0,-594.0,-85.3558,5.264e-08,58.2588,-26.5651,121.741,153.435,-1412.0,-594.0,-1400.0,-600.0
-1410.0,-594.0,-84.5405,4.79246e-08,54.2872,-30.9638,125.713,149.036,-1410.0,-594.0,-1400.0,-600.0
-1408.0,-594.0,-83.7435,4.3724e-08,49.7411,-36.8699,130.259,143.13,-1408.0,-594.0,-1400.0,-600.0
-1406.0,-594.0,-83.0135,4.02e-08,44.7733,-45.0,135.227,135.0,-1406.0,-594.0,-1400.0,-600.0
-1404.0,-594.0,-82.4196,3.75436e-08,39.8584,-56.3099,140.142,123.69,-1404.0,-594.0,-1400.0,-600.0
-1402.0,-594.0,-82.0422,3.59476e-08,35.9484,-71.5651,144.052,108.435,-1402.0,-594.0,-1400.0,-600.0
-1400.0,-594.0,-81.9469,3.55551e-08,34.2689,-90.0,145.731,90.0,-1400.0,-594.0,-1400.0,-600.0
-1398.0,-594.0,-82.1521,3.64051e-08,35.4279,-108.435,144.572,71.5651,-1398.0,-594.0,-1400.0,-600.0
-1396.0,-594.0,-82.619,3.84152e-08,38.7815,-123.69,141.218,56.3099,-1396.0,-594.0,-1400.0,-600.0
-1394.0,-594.0,-83.2443,4.12824e-08,43.3016,-135.0,136.698,45.0,-1394.0,-594.0,-1400.0,-600.0
-1392.0,-594.0,-83.974,4.48996e-08,48.0006,-143.13,131.999,36.8699,-1392.0,-594.0,-1400.0,-600.0
-1390.0,-594.0,-84.7617,4.91608e-08,52.3292,-149.036,127.671,30.9638,-1390.0,-594.0,-1400.0,-600.0
-1388.0,-594.0,-85.5635,5.39135e-08,56.1342,-153.435,123.866,26.5651,-1388.0,-594.0,-1400.0,-600.0
-1386.0,-594.0,-86.3526,5.90391e-08,59.4114,-156.801,120.589,23.1986,-1386.0,-594.0,-1400.0,-600.0
-1384.0,-594.0,-87.1143,6.44487e-08,62.2149,-159.444,117.785,20.556,-1384.0,-594.0,-1400.0,-600.0
-1382.0,-594.0,-87.8457,7.01091e-08,64.5577,-161.565,115.442,18.4349,-1382.0,-594.0,-1400.0,-600.0
-1380.0,-594.0,-88.5486,7.60164e-08,66.4268,-163.301,113.573,16.6992,-1380.0,-594.0,-1400.0,-600.0
-1378.0,-594.0,-89.2114,8.20422e-08,68.0387,-164.745,111.961,15.2551,-1378.0,-594.0,-1400.0,-600.0
-1376.0,-594.0,-89.8366,8.81622e-08,69.4385,-165.964,110.562,14.0362,-1376.0,-594.0,-1400.0,-600.0
-1374.0,-594.0,-90.4268,9.43582e-08,70.6623,-167.005,109.338,12.9946,-1374.0,-594.0,-1400.0,-600.0
-1372.0,-594.0,-90.9848,1.00616e-07,71.7394,-167.905,108.261,12.0948,-1372.0,-594.0,-1400.0,-600.0
-1370.0,-594.0,-91.4969,1.06724e-07,73.0437,-168.69,106.956,11.3099,-1370.0,-594.0,-1400.0,-600.0
-1368.0,-594.0,-91.9822,1.12853e-07,74.2875,-169.38,105.713,10.6197,-1368.0,-594.0,-1400.0,-600.0
-1366.0,-594.0,-92.4463,1.19043e-07,75.4044,-169.992,104.596,10.008,-1366.0,-594.0,-1400.0,-600.0
-1364.0,-594.0,-92.8905,1.25286e-07,76.4118,-170.538,103.588,9.46232,-1364.0,-594.0,-1400.0,-600.0
-1362.0,-594.0,-93.3161,1.31573e-07,77.3243,-171.027,102.676,8.97263,-1362.0,-594.0,-1400.0,-600.0
-1360.0,-594.0,-93.7268,1.37939e-07,78.0739,-171.469,101.926,8.53077,-1360.0,-594.0,-1400.0,-600.0
-1358.0,-594.0,-94.125,1.44406e-07,78.6153,-171.87,101.385,8.1301,-1358.0,-594.0,-1400.0,-600.0
-1356.0,-594.0,-94.5068,1.50891e-07,79.1107,-172.235,100.889,7.76517,-1356.0,-594.0,-1400.0,-600.0
-1354.0,-594.0,-94.8734,1.57392e-07,79.5656,-172.569,100.434,7.43141,-1354.0,-594.0,-1400.0,-600.0
-1352.0,-594.0,-95.226,1.63907e-07,79.9847,-172.875,100.015,7.12502,-1352.0,-594.0,-1400.0,-600.0
-1350.0,-594.0,-95.5654,1.70434e-07,80.372,-173.157,99.628,6.84277,-1350.0,-594.0,-1400.0,-600.0
-1348.0,-594.0,-95.8926,1.76971e-07,80.7309,-173.418,99.2691,6.58194,-1348.0,-594.0,-1400.0,-600.0
-1346.0,-594.0,-96.2085,1.83519e-07,81.0643,-173.66,98.9357,6.34019,-1346.0,-594.0,-1400.0,-600.0
-1344.0,-594.0,-96.5136,1.90075e-07,81.375,-173.884,98.625,6.1155,-1344.0,-594.0,-1400.0,-600.0
-1342.0,-594.0,-96.8088,1.9664e-07,81.665,-174.094,98.335,5.90614,-1342.0,-594.0,-1400.0,-600.0
-1340.0,-594.0,-97.0946,2.03211e-07,81.9363,-174.289,98.0637,5.71059,-1340.0,-594.0,-1400.0,-600.0
-1338.0,-594.0,-97.3716,2.09789e-07,82.1908,-174.472,97.8092,5.52754,-1338.0,-594.0,-1400.0,-600.0
-1336.0,-594.0,-97.6402,2.16372e-07,82.4298,-174.644,97.5702,5.35583,-1336.0,-594.0,-1400.0,-600.0
-1334.0,-594.0,-97.901,2.22961e-07,82.6548,-174.806,97.3452,5.19443,-1334.0,-594.0,-1400.0,-600.0
-1332.0,-594.0,-98.1545,2.29555e-07,82.8669,-174.958,97.1331,5.04245,-1332.0,-594.0,-1400.0,-600.0
-1330.0,-594.0,-98.4009,2.36154e-07,83.0672,-175.101,96.9328,4.89909,-1330.0,-594.0,-1400.0,-600.0
-1328.0,-594.0,-98.6407,2.42756e-07,83.2566,-175.236,96.7434,4.76364,-1328.0,-594.0,-1400.0,-600.0
-1326.0,-594.0,-98.8741,2.49362e-07,83.4361,-175.365,96.5639,4.63546,-1326.0,-594.0,-1400.0,-600.0
-1324.0,-594.0,-99.1016,2.55972e-07,83.6063,-175.486,96.3937,4.51399,-1324.0,-594.0,-1400.0,-600.0
-1322.0,-594.0,-99.3235,2.62585e-07,83.7679,-175.601,96.2321,4.39871,-1322.0,-594.0,-1400.0,-600.0
-1320.0,-594.0,-99.5399,2.69201e-07,83.9217,-175.711,96.0783,4.28915,-1320.0,-594.0,-1400.0,-600.0
-1318.0,-594.0,-99.7511,2.75819e-07,84.0681,-175.815,95.9319,4.18492,-1318.0,-594.0,-1400.0,-600.0
-1316.0,-594.0,-99.9574,2.82441e-07,84.2076,-175.914,95.7924,4.08562,-1316.0,-594.0,-1400.0,-600.0
-1314.0,-594.0,-100.159,2.89064e-07,84.3408,-176.009,95.6592,3.99091,-1314.0,-594.0,-1400.0,-600.0
-1312.0,-594.0,-100.357,2.95708e-07,84.4321,-176.1,95.5679,3.90049,-1312.0,-594.0,-1400.0,-600.0
-1310.0,-594.0,-100.55,3.02363e-07,84.5013,-176.186,95.4987,3.81407,-1310.0,-594.0,-1400.0,-600.0
-1308.0,-594.0,-100.74,3.09018e-07,84.5677,-176.269,95.4323,3.7314,-1308.0,-594.0,-1400.0,-600.0
-1306.0,-594.0,-100.925,3.15675e-07,84.6312,-176.348,95.3688,3.65222,-1306.0,-594.0,-1400.0,-600.0
-1304.0,-594.0,-101.107,3.22332e-07,84.6921,-176.424,95.3079,3.57633,-1304.0,-594.0,-1400.0,-600.0
-1302.0,-594.0,-101.284,3.28991e-07,84.7506,-176.496,95.2494,3.50353,-1302.0,-594.0,-1400.0,-600.0
-1300.0,-594.0,-101.459,3.3565e-07,84.8067,-176.566,95.1933,3.43363,-1300.0,-594.0,-1400.0,-600.0
-1298.0,-594.0,-101.63,3.4231e-07,84.8607,-176.634,95.1393,3.36646,-1298.0,-594.0,-1400.0,-600.0
-1296.0,-594.0,-101.797,3.48971e-07,84.9126,-176.698,95.0874,3.30187,-1296.0,-594.0,-1400.0,-600.0
-1294.0,-594.0,-101.962,3.55632e-07,84.9626,-176.76,95.0374,3.2397,-1294.0,-594.0,-1400.0,-600.0
-1292.0,-594.0,-102.123,3.62294e-07,85.0107,-176.82,94.9893,3.17983,-1292.0,-594.0,-1400.0,-600.0
-1290.0,-594.0,-102.282,3.68957e-07,85.0571,-176.878,94.9429,3.12213,-1290.0,-594.0,-1400.0,-600.0
-1288.0,-594.0,-102.438,3.7562e-07,85.1019,-176.934,94.8981,3.06649,-1288.0,-594.0,-1400.0,-600.0
-1286.0,-594.0,-102.591,3.82284e-07,85.1451,-176.987,94.8549,3.01279,-1286.0,-594.0,-1400.0,-600.0
-1284.0,-594.0,-102.741,3.88949e-07,85.1868,-177.039,94.8132,2.96094,-1284.0,-594.0,-1400.0,-600.0
-1282.0,-594.0,-102.889,3.95613e-07,85.2272,-177.089,94.7728,2.91084,-1282.0,-594.0,-1400.0,-600.0
-1280.0,-594.0,-103.034,4.02279e-07,85.2662,-177.138,94.7338,2.86241,-1280.0,-594.0,-1400.0,-600.0
-1278.0,-594.0,-103.177,4.08945e-07,85.3039,-177.184,94.6961,2.81556,-1278.0,-594.0,-1400.0,-600.0
-1276.0,-594.0,-103.318,4.15611e-07,85.3404,-177.23,94.6596,2.77022,-1276.0,-594.0,-1400.0,-600.0
-1274.0,-594.0,-103.457,4.22278e-07,85.3758,-177.274,94.6242,2.72631,-1274.0,-594.0,-1400.0,-600.0
-1272.0,-594.0,-103.593,4.28945e-07,85.4101,-177.316,94.5899,2.68378,-1272.0,-594.0,-1400.0,-600.0
-1270.0,-594.0,-103.727,4.35612e-07,85.4433,-177.357,94.5567,2.64255,-1270.0,-594.0,-1400.0,-600.0
-1268.0,-594.0,-103.859,4.4228e-07,85.4755,-177.397,94.5245,2.60256,-1268.0,-594.0,-1400.0,-600.0
-1266.0,-594.0,-103.99,4.48948e-07,85.5068,-177.436,94.4932,2.56377,-1266.0,-594.0,-1400.0,-600.0
-1264.0,-594.0,-104.118,4.55617e-07,85.5372,-177.474,94.4628,2.52612,-1264.0,-594.0,-1400.0,-600.0
-1262.0,-594.0,-104.244,4.62286e-07,85.5667,-177.51,94.4333,2.48955,-1262.0,-594.0,-1400.0,-600.0
-1260.0,-594.0,-104.369,4.68955e-07,85.5953,-177.546,94.4047,2.45403,-1260.0,-594.0,-1400.0,-600.0
-1258.0,-594.0,-104.492,4.75624e-07,85.6232,-177.58,94.3768,2.41951,-1258.0,-594.0,-1400.0,-600.0
-1256.0,-594.0,-104.613,4.82294e-07,85.6502,-177.614,94.3498,2.38594,-1256.0,-594.0,-1400.0,-600.0
-1254.0,-594.0,-104.733,4.88964e-07,85.6766,-177.647,94.3234,2.3533,-1254.0,-594.0,-1400.0,-600.0
-1252.0,-594.0,-104.851,4.95646e-07,85.6834,-177.678,94.3166,2.32153,-1252.0,-594.0,-1400.0,-600.0
-1250.0,-594.0,-104.968,5.02338e-07,85.6766,-177.709,94.3234,2.29061,-1250.0,-594.0,-1400.0,-600.0
-1248.0,-594.0,-105.083,5.09029e-07,85.6699,-177.739,94.3301,2.2605,-1248.0,-594.0,-1400.0,-600.0
-1246.0,-594.0,-105.197,5.15721e-07,85.6634,-177.769,94.3366,2.23117,-1246.0,-594.0,-1400.0,-600.0
-1244.0,-594.0,-105.309,5.22413e-07,85.6571,-177.797,94.3429,2.2026,-1244.0,-594.0,-1400.0,-600.0
-1242.0,-594.0,-105.42,5.29103e-07,85.6549,-177.825,94.3451,2.17474,-1242.0,-594.0,-1400.0,-600.0
-1240.0,-594.0,-105.529,5.35773e-07,85.6789,-177.852,94.3211,2.14759,-1240.0,-594.0,-1400.0,-600.0
-1238.0,-594.0,-105.637,5.42445e-07,85.7023,-177.879,94.2977,2.1211,-1238.0,-594.0,-1400.0,-600.0
-1236.0,-594.0,-105.743,5.49116e-07,85.7251,-177.905,94.2749,2.09525,-1236.0,-594.0,-1400.0,-600.0
-1234.0,-594.0,-105.848,5.55787e-07,85.7474,-177.93,94.2526,2.07003,-1234.0,-594.0,-1400.0,-600.0
-1232.0,-594.0,-105.952,5.62459e-07,85.7692,-177.955,94.2308,2.04541,-1232.0,-594.0,-1400.0,-600.0
-1230.0,-594.0,-106.055,5.69131e-07,85.7904,-177.979,94.2096,2.02136,-1230.0,-594.0,-1400.0,-600.0
-1228.0,-594.0,-106.156,5.75788e-07,85.8317,-178.002,94.1683,1.99788,-1228.0,-594.0,-1400.0,-600.0
-1226.0,-594.0,-106.256,5.8244e-07,85.8794,-178.025,94.1206,1.97493,-1226.0,-594.0,-1400.0,-600.0
-1224.0,-594.0,-106.355,5.89092e-07,85.926,-178.047,94.074,1.95251,-1224.0,-594.0,-1400.0,-600.0
-1222.0,-594.0,-106.453,5.95745e-07,85.9716,-178.069,94.0284,1.93059,-1222.0,-594.0,-1400.0,-600.0
-1220.0,-594.0,-106.55,6.02399e-07,86.0161,-178.091,93.9839,1.90915,-1220.0,-594.0,-1400.0,-600.0
-1218.0,-594.0,-106.645,6.09053e-07,86.0597,-178.112,93.9403,1.88819,-1218.0,-594.0,-1400.0,-600.0
-1216.0,-594.0,-106.74,6.15713e-07,86.0936,-178.132,93.9064,1.86768,-1216.0,-594.0,-1400.0,-600.0
-1214.0,-594.0,-106.834,6.22387e-07,86.1095,-178.152,93.8905,1.84761,-1214.0,-594.0,-1400.0,-600.0
-1212.0,-594.0,-106.927,6.29061e-07,86.1252,-178.172,93.8748,1.82797,-1212.0,-594.0,-1400.0,-600.0
-1210.0,-594.0,-107.019,6.35735e-07,86.1405,-178.191,93.8595,1.80874,-1210.0,-594.0,-1400.0,-600.0
-1208.0,-594.0,-107.11,6.42409e-07,86.1554,-178.21,93.8446,1.78991,-1208.0,-594.0,-1400.0,-600.0
-1206.0,-594.0,-107.2,6.49083e-07,86.1701,-178.229,93.8299,1.77147,-1206.0,-594.0,-1400.0,-600.0
-1204.0,-594.0,-107.289,6.55724e-07,86.2281,-178.247,93.7719,1.7534,-1204.0,-594.0,-1400.0,-600.0
-1202.0,-594.0,-107.376,6.62362e-07,86.2904,-178.264,93.7096,1.7357,-1202.0,-594.0,-1400.0,-600.0
-1600.0,-592.0,0.0,0.0,0.0,0.0,0.0,0.0,0.0,0.0,0.0,0.0
-1598.0,-592.0,0.0,0.0,0.0,0.0,0.0,0.0,0.0,0.0,0.0,0.0
-1596.0,-592.0,0.0,0.0,0.0,0.0,0.0,0.0,0.0,0.0,0.0,0.0
-1594.0,-592.0,0.0,0.0,0.0,0.0,0.0,0.0,0.0,0.0,0.0,0.0
-1592.0,-592.0,-107.094,6.41214e-07,89.7232,-2.38594,90.2768,177.614,-1592.0,-592.0,-1400.0,-600.0
-1590.0,-592.0,-107.003,6.34546e-07,89.7203,-2.41103,90.2797,177.589,-1590.0,-592.0,-1400.0,-600.0
-1588.0,-592.0,-106.91,6.27879e-07,89.7174,-2.43665,90.2826,177.563,-1588.0,-592.0,-1400.0,-600.0
-1586.0,-592.0,-106.817,6.21211e-07,89.7143,-2.46282,90.2857,177.537,-1586.0,-592.0,-1400.0,-600.0
-1584.0,-592.0,-106.724,6.14547e-07,89.667,-2.48955,90.333,177.51,-1584.0,-592.0,-1400.0,-600.0
-1582.0,-592.0,-106.629,6.07888e-07,89.5572,-2.51688,90.4428,177.483,-1582.0,-592.0,-1400.0,-600.0
-1580.0,-592.0,-106.533,6.01231e-07,89.445,-2.5448,90.555,177.455,-1580.0,-592.0,-1400.0,-600.0
-1578.0,-592.0,-106.436,5.94576e-07,89.3302,-2.57336,90.6698,177.427,-1578.0,-592.0,-1400.0,-600.0
-1576.0,-592.0,-106.338,5.87925e-07,89.2128,-2.60256,90.7872,177.397,-1576.0,-592.0,-1400.0,-600.0
-1574.0,-592.0,-106.239,5.81275e-07,89.0928,-2.63243,90.9072,177.368,-1574.0,-592.0,-1400.0,-600.0
-1572.0,-592.0,-106.139,5.74629e-07,88.9699,-2.663,91.0301,177.337,-1572.0,-592.0,-1400.0,-600.0
-1570.0,-592.0,-106.037,5.67984e-07,88.8523,-2.69428,91.1477,177.306,-1570.0,-592.0,-1400.0,-600.0
-1568.0,-592.0,-105.935,5.61337e-07,88.7525,-2.72631,91.2475,177.274,-1568.0,-592.0,-1400.0,-600.0
-1566.0,-592.0,-105.831,5.54692e-07,88.6502,-2.75911,91.3498,177.241,-1566.0,-592.0,-1400.0,-600.0
-1564.0,-592.0,-105.726,5.48049e-07,88.5455,-2.7927,91.4545,177.207,-1564.0,-592.0,-1400.0,-600.0
-1562.0,-592.0,-105.62,5.41408e-07,88.4382,-2.82712,91.5618,177.173,-1562.0,-592.0,-1400.0,-600.0
-1560.0,-592.0,-105.513,5.3477e-07,88.3283,-2.86241,91.6717,177.138,-1560.0,-592.0,-1400.0,-600.0
-1558.0,-592.0,-105.404,5.28133e-07,88.2156,-2.89858,91.7844,177.101,-1558.0,-592.0,-1400.0,-600.0
-1556.0,-592.0,-105.294,5.21499e-07,88.1,-2.93567,91.9,177.064,-1556.0,-592.0,-1400.0,-600.0
-1554.0,-592.0,-105.182,5.14867e-07,87.9815,-2.97373,92.0185,177.026,-1554.0,-592.0,-1400.0,-600.0
-1552.0,-592.0,-105.069,5.08238e-07,87.8598,-3.01279,92.1402,176.987,-1552.0,-592.0,-1400.0,-600.0
-1550.0,-592.0,-104.955,5.01611e-07,87.735,-3.05288,92.265,176.947,-1550.0,-592.0,-1400.0,-600.0
-1548.0,-592.0,-104.839,4.94987e-07,87.6068,-3.09406,92.3932,176.906,-1548.0,-592.0,-1400.0,-600.0
-1546.0,-592.0,-104.722,4.88361e-07,87.4895,-3.13636,92.5105,176.864,-1546.0,-592.0,-1400.0,-600.0
-1544.0,-592.0,-104.603,4.81729e-07,87.3878,-3.17983,92.6122,176.82,-1544.0,-592.0,-1400.0,-600.0
-1542.0,-592.0,-104.482,4.751e-07,87.2834,-3.22452,92.7166,176.775,-1542.0,-592.0,-1400.0,-600.0
-1540.0,-592.0,-104.36,4.68472e-07,87.1759,-3.27049,92.8241,176.73,-1540.0,-592.0,-1400.0,-600.0
-1538.0,-592.0,-104.236,4.61846e-07,87.0654,-3.31778,92.9346,176.682,-1538.0,-592.0,-1400.0,-600.0
-1536.0,-592.0,-104.11,4.5519e-07,87.0292,-3.36646,92.9708,176.634,-1536.0,-592.0,-1400.0,-600.0
-1534.0,-592.0,-103.981,4.48523e-07,87.021,-3.41659,92.979,176.583,-1534.0,-592.0,-1400.0,-600.0
-1532.0,-592.0,-103.851,4.41856e-07,87.0126,-3.46823,92.9874,176.532,-1532.0,-592.0,-1400.0,-600.0
-1530.0,-592.0,-103.719,4.35189e-07,87.004,-3.52145,92.996,176.479,-1530.0,-592.0,-1400.0,-600.0
-1528.0,-592.0,-103.584,4.28523e-07,86.9932,-3.57633,93.0068,176.424,-1528.0,-592.0,-1400.0,-600.0
-1526.0,-592.0,-103.449,4.21888e-07,86.9076,-3.63295,93.0924,176.367,-1526.0,-592.0,-1400.0,-600.0
-1524.0,-592.0,-103.311,4.15253e-07,86.8192,-3.69139,93.1808,176.309,-1524.0,-592.0,-1400.0,-600.0
-1522.0,-592.0,-103.17,4.0862e-07,86.728,-3.75173,93.272,176.248,-1522.0,-592.0,-1400.0,-600.0
-1520.0,-592.0,-103.028,4.01989e-07,86.6338,-3.81407,93.3662,176.186,-1520.0,-592.0,-1400.0,-600.0
-1518.0,-592.0,-102.883,3.95359e-07,86.5364,-3.87852,93.4636,176.121,-1518.0,-592.0,-1400.0,-600.0
-1516.0,-592.0,-102.736,3.88731e-07,86.4356,-3.94519,93.5644,176.055,-1516.0,-592.0,-1400.0,-600.0
-1514.0,-592.0,-102.587,3.82105e-07,86.3314,-4.01418,93.6686,175.986,-1514.0,-592.0,-1400.0,-600.0
-1512.0,-592.0,-102.433,3.75432e-07,86.3373,-4.08562,93.6627,175.914,-1512.0,-592.0,-1400.0,-600.0
-1510.0,-592.0,-102.277,3.68753e-07,86.3586,-4.15964,93.6414,175.84,-1510.0,-592.0,-1400.0,-600.0
-1508.0,-592.0,-102.118,3.62075e-07,86.3807,-4.23639,93.6193,175.764,-1508.0,-592.0,-1400.0,-600.0
-1506.0,-592.0,-101.956,3.55398e-07,86.4036,-4.31603,93.5964,175.684,-1506.0,-592.0,-1400.0,-600.0
-1504.0,-592.0,-101.791,3.48722e-07,86.4274,-4.39871,93.5726,175.601,-1504.0,-592.0,-1400.0,-600.0
-1502.0,-592.0,-101.623,3.42046e-07,86.4522,-4.48461,93.5478,175.515,-1502.0,-592.0,-1400.0,-600.0
-1500.0,-592.0,-101.452,3.35372e-07,86.4779,-4.57392,93.5221,175.426,-1500.0,-592.0,-1400.0,-600.0
-1498.0,-592.0,-101.277,3.28698e-07,86.5047,-4.66686,93.4953,175.333,-1498.0,-592.0,-1400.0,-600.0
-1496.0,-592.0,-101.098,3.22025e-07,86.5326,-4.76364,93.4674,175.236,-1496.0,-592.0,-1400.0,-600.0
-1494.0,-592.0,-100.916,3.15353e-07,86.5617,-4.86451,93.4383,175.135,-1494.0,-592.0,-1400.0,-600.0
-1492.0,-592.0,-100.73,3.08683e-07,86.5921,-4.96974,93.4079,175.03,-1492.0,-592.0,-1400.0,-600.0
-1490.0,-592.0,-100.54,3.02015e-07,86.6178,-5.07961,93.3822,174.92,-1490.0,-592.0,-1400.0,-600.0
-1488.0,-592.0,-100.348,2.95397e-07,86.4872,-5.19443,93.5128,174.806,-1488.0,-592.0,-1400.0,-600.0
-1486.0,-592.0,-100.151,2.88782e-07,86.3507,-5.31455,93.6493,174.685,-1486.0,-592.0,-1400.0,-600.0
-1484.0,-592.0,-99.9491,2.82171e-07,86.2077,-5.44033,93.7923,174.56,-1484.0,-592.0,-1400.0,-600.0
-1482.0,-592.0,-99.743,2.75562e-07,86.058,-5.5722,93.942,174.428,-1482.0,-592.0,-1400.0,-600.0
-1480.0,-592.0,-99.532,2.68957e-07,85.9009,-5.71059,94.0991,174.289,-1480.0,-592.0,-1400.0,-600.0
-1478.0,-592.0,-99.3159,2.62356e-07,85.7359,-5.85601,94.2641,174.144,-1478.0,-592.0,-1400.0,-600.0
-1476.0,-592.0,-99.0944,2.55759e-07,85.5624,-6.00901,94.4376,173.991,-1476.0,-592.0,-1400.0,-600.0
-1474.0,-592.0,-98.8666,2.49146e-07,85.4374,-6.17018,94.5626,173.83,-1474.0,-592.0,-1400.0,-600.0
-1472.0,-592.0,-98.6327,2.42533e-07,85.3128,-6.34019,94.6872,173.66,-1472.0,-592.0,-1400.0,-600.0
-1470.0,-592.0,-98.3925,2.35925e-07,85.1812,-6.5198,94.8188,173.48,-1470.0,-592.0,-1400.0,-600.0
-1468.0,-592.0,-98.1455,2.2932e-07,85.042,-6.70984,94.958,173.29,-1468.0,-592.0,-1400.0,-600.0
-1466.0,-592.0,-97.8918,2.22724e-07,84.8809,-6.91123,95.1191,173.089,-1466.0,-592.0,-1400.0,-600.0
-1464.0,-592.0,-97.6314,2.16154e-07,84.6499,-7.12502,95.3501,172.875,-1464.0,-592.0,-1400.0,-600.0
-1462.0,-592.0,-97.3633,2.0959e-07,84.4045,-7.35238,95.5955,172.648,-1462.0,-592.0,-1400.0,-600.0
-1460.0,-592.0,-97.087,2.03035e-07,84.1433,-7.59464,95.8567,172.405,-1460.0,-592.0,-1400.0,-600.0
-1458.0,-592.0,-96.8021,1.96487e-07,83.8648,-7.85331,96.1352,172.147,-1458.0,-592.0,-1400.0,-600.0
-1456.0,-592.0,-96.5079,1.89949e-07,83.5673,-8.1301,96.4327,171.87,-1456.0,-592.0,-1400.0,-600.0
-1454.0,-592.0,-96.2038,1.83421e-07,83.2488,-8.42697,96.7512,171.573,-1454.0,-592.0,-1400.0,-600.0
-1452.0,-592.0,-95.8894,1.76905e-07,82.9069,-8.74616,97.0931,171.254,-1452.0,-592.0,-1400.0,-600.0
-1450.0,-592.0,-95.5637,1.70401e-07,82.5392,-9.09028,97.4608,170.91,-1450.0,-592.0,-1400.0,-600.0
-1448.0,-592.0,-95.2262,1.63911e-07,82.1427,-9.46232,97.8573,170.538,-1448.0,-592.0,-1400.0,-600.0
-1446.0,-592.0,-94.8759,1.57437e-07,81.7138,-9.86581,98.2862,170.134,-1446.0,-592.0,-1400.0,-600.0
-1444.0,-592.0,-94.5119,1.5098e-07,81.2487,-10.3048,98.7513,169.695,-1444.0,-592.0,-1400.0,-600.0
-1442.0,-592.0,-94.1333,1.44544e-07,80.7427,-10.7843,99.2573,169.216,-1442.0,-592.0,-1400.0,-600.0
-1440.0,-592.0,-93.7389,1.38132e-07,80.1903,-11.3099,99.8097,168.69,-1440.0,-592.0,-1400.0,-600.0
-1438.0,-592.0,-93.3274,1.31745e-07,79.5853,-11.8887,100.415,168.111,-1438.0,-592.0,-1400.0,-600.0
-1436.0,-592.0,-92.8977,1.25389e-07,78.9199,-12.5288,101.08,167.471,-1436.0,-592.0,-1400.0,-600.0
-1434.0,-592.0,-92.4482,1.19069e-07,78.1853,-13.2405,101.815,166.759,-1434.0,-592.0,-1400.0,-600.0
-1432.0,-592.0,-91.9774,1.1279e-07,77.3706,-14.0362,102.629,165.964,-1432.0,-592.0,-1400.0,-600.0
-1430.0,-592.0,-91.4836,1.0656e-07,76.4632,-14.9314,103.537,165.069,-1430.0,-592.0,-1400.0,-600.0
-1428.0,-592.0,-90.965,1.00387e-07,75.4475,-15.9454,104.553,164.055,-1428.0,-592.0,-1400.0,-600.0
-1426.0,-592.0,-90.42,9.4284e-08,74.3048,-17.1027,105.695,162.897,-1426.0,-592.0,-1400.0,-600.0
-1424.0,-592.0,-89.8466,8.82641e-08,73.0126,-18.4349,106.987,161.565,-1424.0,-592.0,-1400.0,-600.0
-1422.0,-592.0,-89.2436,8.2346e-08,71.5439,-19.9831,108.456,160.017,-1422.0,-592.0,-1400.0,-600.0
-1420.0,-592.0,-88.6097,7.65532e-08,69.8662,-21.8014,110.134,158.199,-1420.0,-592.0,-1400.0,-600.0
-1418.0,-592.0,-87.9452,7.09165e-08,67.9421,-23.9625,112.058,156.038,-1418.0,-592.0,-1400.0,-600.0
-1416.0,-592.0,-87.2517,6.54763e-08,65.7293,-26.5651,114.271,153.435,-1416.0,-592.0,-1400.0,-600.0
-1414.0,-592.0,-86.5341,6.02856e-08,63.185,-29.7449,116.815,150.255,-1414.0,-592.0,-1400.0,-600.0
-1412.0,-592.0,-85.8021,5.54148e-08,60.2745,-33.6901,119.725,146.31,-1412.0,-592.0,-1400.0,-600.0
-1410.0,-592.0,-85.0733,5.09557e-08,56.9914,-38.6598,123.009,141.34,-1410.0,-592.0,-1400.0,-600.0
-1408.0,-592.0,-84.3759,4.70253e-08,53.3957,-45.0,126.604,135.0,-1408.0,-592.0,-1400.0,-600.0
-1406.0,-592.0,-83.752,4.37666e-08,49.6754,-53.1301,130.325,126.87,-1406.0,-592.0,-1400.0,-600.0
-1404.0,-592.0,-83.2561,4.13385e-08,46.2161,-63.4349,133.784,116.565,-1404.0,-592.0,-1400.0,-600.0
-1402.0,-592.0,-82.9469,3.98931e-08,43.6084,-75.9638,136.392,104.036,-1402.0,-592.0,-1400.0,-600.0
-1400.0,-592.0,-82.8693,3.95382e-08,42.4648,-90.0,137.535,90.0,-1400.0,-592.0,-1400.0,-600.0
-1398.0,-592.0,-83.0357,4.03028e-08,43.0561,-104.036,136.944,75.9638,-1398.0,-592.0,-1400.0,-600.0
-1396.0,-592.0,-83.4201,4.21259e-08,45.1099,-116.565,134.89,63.4349,-1396.0,-592.0,-1400.0,-600.0
-1394.0,-592.0,-83.9461,4.47555e-08,48.2059,-126.87,131.794,53.1301,-1394.0,-592.0,-1400.0,-600.0
-1392.0,-592.0,-84.5744,4.81123e-08,51.687,-135.0,128.313,45.0,-1392.0,-592.0,-1400.0,-600.0
-1390.0,-592.0,-85.2682,5.21115e-08,55.0837,-141.34,124.916,38.6598,-1390.0,-592.0,-1400.0,-600.0
-1388.0,-592.0,-85.9886,5.6617e-08,58.2086,-146.31,121.791,33.6901,-1388.0,-592.0,-1400.0,-600.0
-1386.0,-592.0,-86.7099,6.15178e-08,60.9968,-150.255,119.003,29.7449,-1386.0,-592.0,-1400.0,-600.0
-1384.0,-592.0,-87.4161,6.67267e-08,63.4481,-153.435,116.552,26.5651,-1384.0,-592.0,-1400.0,-600.0
-1382.0,-592.0,-88.0983,7.21772e-08,65.5907,-156.038,114.409,23.9625,-1382.0,-592.0,-1400.0,-600.0
-1380.0,-592.0,-88.7582,7.78728e-08,67.3659,-158.199,112.634,21.8014,-1380.0,-592.0,-1400.0,-600.0
-1378.0,-592.0,-89.3919,8.37637e-08,68.8297,-160.017,111.17,19.9831,-1378.0,-592.0,-1400.0,-600.0
-1376.0,-592.0,-89.9932,8.97651e-08,70.115,-161.565,109.885,18.4349,-1376.0,-592.0,-1400.0,-600.0
-1374.0,-592.0,-90.5637,9.58562e-08,71.2489,-162.897,108.751,17.1027,-1374.0,-592.0,-1400.0,-600.0
-1372.0,-592.0,-91.1053,1.02021e-07,72.2543,-164.055,107.746,15.9454,-1372.0,-592.0,-1400.0,-600.0
-1370.0,-592.0,-91.6043,1.08051e-07,73.4969,-165.069,106.503,14.9314,-1370.0,-592.0,-1400.0,-600.0
-1368.0,-592.0,-92.0786,1.14111e-07,74.6899,-165.964,105.31,14.0362,-1368.0,-592.0,-1400.0,-600.0
-1366.0,-592.0,-92.5331,1.20239e-07,75.7649,-166.759,104.235,13.2405,-1366.0,-592.0,-1400.0,-600.0
-1364.0,-592.0,-92.9691,1.26424e-07,76.7375,-167.471,103.263,12.5288,-1364.0,-592.0,-1400.0,-600.0
-1362.0,-592.0,-93.3884,1.32673e-07,77.5931,-168.111,102.407,11.8887,-1362.0,-592.0,-1400.0,-600.0
-1360.0,-592.0,-93.7974,1.39065e-07,78.1718,-168.69,101.828,11.3099,-1360.0,-592.0,-1400.0,-600.0
-1358.0,-592.0,-94.1895,1.45482e-07,78.7006,-169.216,101.299,10.7843,-1358.0,-592.0,-1400.0,-600.0
-1356.0,-592.0,-94.5659,1.51921e-07,79.1854,-169.695,100.815,10.3048,-1356.0,-592.0,-1400.0,-600.0
-1354.0,-592.0,-94.9278,1.58379e-07,79.6314,-170.134,100.369,9.86581,-1354.0,-592.0,-1400.0,-600.0
-1352.0,-592.0,-95.2761,1.64855e-07,80.0429,-170.538,99.9571,9.46232,-1352.0,-592.0,-1400.0,-600.0
-1350.0,-592.0,-95.6118,1.71346e-07,80.4237,-170.91,99.5763,9.09028,-1350.0,-592.0,-1400.0,-600.0
-1348.0,-592.0,-95.9357,1.7785e-07,80.7771,-171.254,99.2229,8.74616,-1348.0,-592.0,-1400.0,-600.0
-1346.0,-592.0,-96.2485,1.84366e-07,81.1058,-171.573,98.8942,8.42697,-1346.0,-592.0,-1400.0,-600.0
-1344.0,-592.0,-96.551,1.90894e-07,81.4122,-171.87,98.5878,8.1301,-1344.0,-592.0,-1400.0,-600.0
-1342.0,-592.0,-96.8437,1.97431e-07,81.6986,-172.147,98.3014,7.85331,-1342.0,-592.0,-1400.0,-600.0
-1340.0,-592.0,-97.1273,2.03977e-07,81.9668,-172.405,98.0332,7.59464,-1340.0,-592.0,-1400.0,-600.0
-1338.0,-592.0,-97.4022,2.1053e-07,82.2184,-172.648,97.7816,7.35238,-1338.0,-592.0,-1400.0,-600.0
-1336.0,-592.0,-97.6691,2.17092e-07,82.455,-172.875,97.545,7.12502,-1336.0,-592.0,-1400.0,-600.0
-1334.0,-592.0,-97.9282,2.23659e-07,82.6778,-173.089,97.3222,6.91123,-1334.0,-592.0,-1400.0,-600.0
-1332.0,-592.0,-98.1801,2.30233e-07,82.888,-173.29,97.112,6.70984,-1332.0,-592.0,-1400.0,-600.0
-1330.0,-592.0,-98.4251,2.36813e-07,83.0866,-173.48,96.9134,6.5198,-1330.0,-592.0,-1400.0,-600.0
-1328.0,-592.0,-98.6636,2.43397e-07,83.2745,-173.66,96.7255,6.34019,-1328.0,-592.0,-1400.0,-600.0
-1326.0,-592.0,-98.8959,2.49986e-07,83.4525,-173.83,96.5475,6.17018,-1326.0,-592.0,-1400.0,-600.0
-1324.0,-592.0,-99.1223,2.5658e-07,83.6215,-173.991,96.3785,6.00901,-1324.0,-592.0,-1400.0,-600.0
-1322.0,-592.0,-99.3431,2.63178e-07,83.782,-174.144,96.218,5.85601,-1322.0,-592.0,-1400.0,-600.0
-1320.0,-592.0,-99.5585,2.69779e-07,83.9348,-174.289,96.0652,5.71059,-1320.0,-592.0,-1400.0,-600.0
-1318.0,-592.0,-99.7689,2.76384e-07,84.0802,-174.428,95.9198,5.5722,-1318.0,-592.0,-1400.0,-600.0
-1316.0,-592.0,-99.9744,2.82992e-07,84.2189,-174.56,95.7811,5.44033,-1316.0,-592.0,-1400.0,-600.0
-1314.0,-592.0,-100.176,2.89615e-07,84.3276,-174.685,95.6724,5.31455,-1314.0,-592.0,-1400.0,-600.0
-1312.0,-592.0,-100.373,2.96256e-07,84.4004,-174.806,95.5996,5.19443,-1312.0,-592.0,-1400.0,-600.0
-1310.0,-592.0,-100.566,3.02899e-07,84.4701,-174.92,95.5299,5.07961,-1310.0,-592.0,-1400.0,-600.0
-1308.0,-592.0,-100.754,3.09543e-07,84.5368,-175.03,95.4632,4.96974,-1308.0,-592.0,-1400.0,-600.0
-1306.0,-592.0,-100.939,3.16188e-07,84.6007,-175.135,95.3993,4.86451,-1306.0,-592.0,-1400.0,-600.0
-1304.0,-592.0,-101.12,3.22836e-07,84.6619,-175.236,95.3381,4.76364,-1304.0,-592.0,-1400.0,-600.0
-1302.0,-592.0,-101.297,3.29484e-07,84.7208,-175.333,95.2792,4.66686,-1302.0,-592.0,-1400.0,-600.0
-1300.0,-592.0,-101.471,3.36134e-07,84.7773,-175.426,95.2227,4.57392,-1300.0,-592.0,-1400.0,-600.0
-1298.0,-592.0,-101.642,3.42784e-07,84.8316,-175.515,95.1684,4.48461,-1298.0,-592.0,-1400.0,-600.0
-1296.0,-592.0,-101.809,3.49436e-07,84.8839,-175.601,95.1161,4.39871,-1296.0,-592.0,-1400.0,-600.0
-1294.0,-592.0,-101.973,3.56089e-07,84.9342,-175.684,95.0658,4.31603,-1294.0,-592.0,-1400.0,-600.0
-1292.0,-592.0,-102.134,3.62743e-07,84.9827,-175.764,95.0173,4.23639,-1292.0,-592.0,-1400.0,-600.0
-1290.0,-592.0,-102.292,3.69398e-07,85.0294,-175.84,94.9706,4.15964,-1290.0,-592.0,-1400.0,-600.0
-1288.0,-592.0,-102.448,3.76053e-07,85.0745,-175.914,94.9255,4.08562,-1288.0,-592.0,-1400.0,-600.0
-1286.0,-592.0,-102.6,3.8271e-07,85.1181,-175.986,94.8819,4.01418,-1286.0,-592.0,-1400.0,-600.0
-1284.0,-592.0,-102.75,3.89367e-07,85.1602,-176.055,94.8398,3.94519,-1284.0,-592.0,-1400.0,-600.0
-1282.0,-592.0,-102.898,3.96025e-07,85.2008,-176.121,94.7992,3.87852,-1282.0,-592.0,-1400.0,-600.0
-1280.0,-592.0,-103.043,4.02684e-07,85.2401,-176.186,94.7599,3.81407,-1280.0,-592.0,-1400.0,-600.0
-1278.0,-592.0,-103.186,4.09343e-07,85.2782,-176.248,94.7218,3.75173,-1278.0,-592.0,-1400.0,-600.0
-1276.0,-592.0,-103.326,4.16003e-07,85.315,-176.309,94.685,3.69139,-1276.0,-592.0,-1400.0,-600.0
-1274.0,-592.0,-103.465,4.22664e-07,85.3507,-176.367,94.6493,3.63295,-1274.0,-592.0,-1400.0,-600.0
-1272.0,-592.0,-103.601,4.29325e-07,85.3853,-176.424,94.6147,3.57633,-1272.0,-592.0,-1400.0,-600.0
-1270.0,-592.0,-103.735,4.35987e-07,85.4188,-176.479,94.5812,3.52145,-1270.0,-592.0,-1400.0,-600.0
-1268.0,-592.0,-103.867,4.42649e-07,85.4513,-176.532,94.5487,3.46823,-1268.0,-592.0,-1400.0,-600.0
-1266.0,-592.0,-103.997,4.49312e-07,85.4829,-176.583,94.5171,3.41659,-1266.0,-592.0,-1400.0,-600.0
-1264.0,-592.0,-104.125,4.55976e-07,85.5135,-176.634,94.4865,3.36646,-1264.0,-592.0,-1400.0,-600.0
-1262.0,-592.0,-104.251,4.62639e-07,85.5433,-176.682,94.4567,3.31778,-1262.0,-592.0,-1400.0,-600.0
-1260.0,-592.0,-104.376,4.69304e-07,85.5722,-176.73,94.4278,3.27049,-1260.0,-592.0,-1400.0,-600.0
-1258.0,-592.0,-104.498,4.75968e-07,85.6003,-176.775,94.3997,3.22452,-1258.0,-592.0,-1400.0,-600.0
-1256.0,-592.0,-104.619,4.82633e-07,85.6276,-176.82,94.3724,3.17983,-1256.0,-592.0,-1400.0,-600.0
-1254.0,-592.0,-104.739,4.89299e-07,85.6542,-176.864,94.3458,3.13636,-1254.0,-592.0,-1400.0,-600.0
-1252.0,-592.0,-104.857,4.95977e-07,85.6613,-176.906,94.3387,3.09406,-1252.0,-592.0,-1400.0,-600.0
-1250.0,-592.0,-104.973,5.02664e-07,85.6547,-176.947,94.3453,3.05288,-1250.0,-592.0,-1400.0,-600.0
-1248.0,-592.0,-105.088,5.09352e-07,85.6483,-176.987,94.3517,3.01279,-1248.0,-592.0,-1400.0,-600.0
-1246.0,-592.0,-105.202,5.1604e-07,85.6421,-177.026,94.3579,2.97373,-1246.0,-592.0,-1400.0,-600.0
-1244.0,-592.0,-105.314,5.22728e-07,85.636,-177.064,94.364,2.93567,-1244.0,-592.0,-1400.0,-600.0
-1242.0,-592.0,-105.425,5.29397e-07,85.6573,-177.101,94.3427,2.89858,-1242.0,-592.0,-1400.0,-600.0
-1240.0,-592.0,-105.534,5.36064e-07,85.6812,-177.138,94.3188,2.86241,-1240.0,-592.0,-1400.0,-600.0
-1238.0,-592.0,-105.641,5.42732e-07,85.7046,-177.173,94.2954,2.82712,-1238.0,-592.0,-1400.0,-600.0
-1236.0,-592.0,-105.748,5.494e-07,85.7273,-177.207,94.2727,2.7927,-1236.0,-592.0,-1400.0,-600.0
-1234.0,-592.0,-105.853,5.56068e-07,85.7496,-177.241,94.2504,2.75911,-1234.0,-592.0,-1400.0,-600.0
-1232.0,-592.0,-105.956,5.62736e-07,85.7713,-177.274,94.2287,2.72631,-1232.0,-592.0,-1400.0,-600.0
-1230.0,-592.0,-106.059,5.69405e-07,85.7925,-177.306,94.2075,2.69428,-1230.0,-592.0,-1400.0,-600.0
-1228.0,-592.0,-106.16,5.76059e-07,85.8337,-177.337,94.1663,2.663,-1228.0,-592.0,-1400.0,-600.0
-1226.0,-592.0,-106.26,5.82708e-07,85.8813,-177.368,94.1187,2.63243,-1226.0,-592.0,-1400.0,-600.0
-1224.0,-592.0,-106.359,5.89357e-07,85.9278,-177.397,94.0722,2.60256,-1224.0,-592.0,-1400.0,-600.0
-1222.0,-592.0,-106.457,5.96007e-07,85.9733,-177.427,94.0267,2.57336,-1222.0,-592.0,-1400.0,-600.0
-1220.0,-592.0,-106.553,6.02657e-07,86.0178,-177.455,93.9822,2.5448,-1220.0,-592.0,-1400.0,-600.0
-1218.0,-592.0,-106.649,6.09308e-07,86.0614,-177.483,93.9386,2.51688,-1218.0,-592.0,-1400.0,-600.0
-1216.0,-592.0,-106.744,6.1596e-07,86.104,-177.51,93.896,2.48955,-1216.0,-592.0,-1400.0,-600.0
-1214.0,-592.0,-106.837,6.22623e-07,86.1309,-177.537,93.8691,2.46282,-1214.0,-592.0,-1400.0,-600.0
-1212.0,-592.0,-106.93,6.29294e-07,86.1463,-177.563,93.8537,2.43665,-1212.0,-592.0,-1400.0,-600.0
-1210.0,-592.0,-107.022,6.35965e-07,86.1613,-177.589,93.8387,2.41103,-1210.0,-592.0,-1400.0,-600.0
-1208.0,-592.0,-107.113,6.42637e-07,86.1761,-177.614,93.8239,2.38594,-1208.0,-592.0,-1400.0,-600.0
-1206.0,-592.0,-107.203,6.49308e-07,86.1905,-177.639,93.8095,2.36137,-1206.0,-592.0,-1400.0,-600.0
-1204.0,-592.0,-107.291,6.55947e-07,86.2483,-177.663,93.7517,2.33731,-1204.0,-592.0,-1400.0,-600.0
-1202.0,-592.0,-107.379,6.62583e-07,86.3103,-177.686,93.6897,2.31372,-1202.0,-592.0,-1400.0,-600.0
-1600.0,-590.0,0.0,0.0,0.0,0.0,0.0,0.0,0.0,0.0,0.0,0.0
-1598.0,-590.0,0.0,0.0,0.0,0.0,0.0,0.0,0.0,0.0,0.0,0.0
-1596.0,-590.0,0.0,0.0,0.0,0.0,0.0,0.0,0.0,0.0,0.0,0.0
-1594.0,-590.0,0.0,0.0,0.0,0.0,0.0,0.0,0.0,0.0,0.0,0.0
-1592.0,-590.0,-107.098,6.41521e-07,89.839,-2.98146,90.161,177.019,-1592.0,-590.0,-1400.0,-600.0
-1590.0,-590.0,-107.007,6.34857e-07,89.8373,-3.01279,90.1627,176.987,-1590.0,-590.0,-1400.0,-600.0
-1588.0,-590.0,-106.915,6.28193e-07,89.8356,-3.04478,90.1644,176.955,-1588.0,-590.0,-1400.0,-600.0
-1586.0,-590.0,-106.822,6.21529e-07,89.8339,-3.07746,90.1661,176.923,-1586.0,-590.0,-1400.0,-600.0
-1584.0,-590.0,-106.728,6.14867e-07,89.7879,-3.11084,90.2121,176.889,-1584.0,-590.0,-1400.0,-600.0
-1582.0,-590.0,-106.633,6.08209e-07,89.6794,-3.14496,90.3206,176.855,-1582.0,-590.0,-1400.0,-600.0
-1580.0,-590.0,-106.537,6.01553e-07,89.5686,-3.17983,90.4314,176.82,-1580.0,-590.0,-1400.0,-600.0
-1578.0,-590.0,-106.441,5.949e-07,89.4553,-3.21548,90.5447,176.785,-1578.0,-590.0,-1400.0,-600.0
-1576.0,-590.0,-106.343,5.88249e-07,89.3394,-3.25195,90.6606,176.748,-1576.0,-590.0,-1400.0,-600.0
-1574.0,-590.0,-106.244,5.81601e-07,89.2209,-3.28924,90.7791,176.711,-1574.0,-590.0,-1400.0,-600.0
-1572.0,-590.0,-106.144,5.74956e-07,89.0996,-3.3274,90.9004,176.673,-1572.0,-590.0,-1400.0,-600.0
-1570.0,-590.0,-106.042,5.68314e-07,88.9755,-3.36646,91.0245,176.634,-1570.0,-590.0,-1400.0,-600.0
-1568.0,-590.0,-105.94,5.61672e-07,88.8633,-3.40644,91.1367,176.594,-1568.0,-590.0,-1400.0,-600.0
-1566.0,-590.0,-105.836,5.55029e-07,88.7625,-3.44739,91.2375,176.553,-1566.0,-590.0,-1400.0,-600.0
-1564.0,-590.0,-105.731,5.48389e-07,88.6592,-3.48932,91.3408,176.511,-1564.0,-590.0,-1400.0,-600.0
-1562.0,-590.0,-105.625,5.4175e-07,88.5534,-3.53229,91.4466,176.468,-1562.0,-590.0,-1400.0,-600.0
-1560.0,-590.0,-105.518,5.35114e-07,88.445,-3.57633,91.555,176.424,-1560.0,-590.0,-1400.0,-600.0
-1558.0,-590.0,-105.409,5.2848e-07,88.3338,-3.62148,91.6662,176.379,-1558.0,-590.0,-1400.0,-600.0
-1556.0,-590.0,-105.3,5.21849e-07,88.2198,-3.66779,91.7802,176.332,-1556.0,-590.0,-1400.0,-600.0
-1554.0,-590.0,-105.188,5.15219e-07,88.1029,-3.71529,91.8971,176.285,-1554.0,-590.0,-1400.0,-600.0
-1552.0,-590.0,-105.076,5.08593e-07,87.983,-3.76403,92.017,176.236,-1552.0,-590.0,-1400.0,-600.0
-1550.0,-590.0,-104.961,5.01969e-07,87.8599,-3.81407,92.1401,176.186,-1550.0,-590.0,-1400.0,-600.0
-1548.0,-590.0,-104.846,4.95348e-07,87.7334,-3.86546,92.2666,176.135,-1548.0,-590.0,-1400.0,-600.0
-1546.0,-590.0,-104.729,4.8873e-07,87.6036,-3.91825,92.3964,176.082,-1546.0,-590.0,-1400.0,-600.0
-1544.0,-590.0,-104.61,4.82106e-07,87.4926,-3.9725,92.5074,176.028,-1544.0,-590.0,-1400.0,-600.0
-1542.0,-590.0,-104.489,4.75481e-07,87.3897,-4.02826,92.6103,175.972,-1542.0,-590.0,-1400.0,-600.0
-1540.0,-590.0,-104.367,4.68858e-07,87.2839,-4.08562,92.7161,175.914,-1540.0,-590.0,-1400.0,-600.0
-1538.0,-590.0,-104.243,4.62236e-07,87.1751,-4.14462,92.8249,175.855,-1538.0,-590.0,-1400.0,-600.0
-1536.0,-590.0,-104.117,4.55586e-07,87.1405,-4.20536,92.8595,175.795,-1536.0,-590.0,-1400.0,-600.0
-1534.0,-590.0,-103.989,4.48925e-07,87.134,-4.26789,92.866,175.732,-1534.0,-590.0,-1400.0,-600.0
-1532.0,-590.0,-103.859,4.42265e-07,87.1274,-4.33231,92.8726,175.668,-1532.0,-590.0,-1400.0,-600.0
-1530.0,-590.0,-103.727,4.35605e-07,87.1206,-4.39871,92.8794,175.601,-1530.0,-590.0,-1400.0,-600.0
-1528.0,-590.0,-103.593,4.28968e-07,87.0541,-4.46716,92.9459,175.533,-1528.0,-590.0,-1400.0,-600.0
-1526.0,-590.0,-103.458,4.22339e-07,86.9696,-4.53777,93.0304,175.462,-1526.0,-590.0,-1400.0,-600.0
-1524.0,-590.0,-103.32,4.15712e-07,86.8823,-4.61065,93.1177,175.389,-1524.0,-590.0,-1400.0,-600.0
-1522.0,-590.0,-103.18,4.09086e-07,86.7923,-4.6859,93.2077,175.314,-1522.0,-590.0,-1400.0,-600.0
-1520.0,-590.0,-103.038,4.02462e-07,86.6993,-4.76364,93.3007,175.236,-1520.0,-590.0,-1400.0,-600.0
-1518.0,-590.0,-102.894,3.9584e-07,86.6032,-4.844,93.3968,175.156,-1518.0,-590.0,-1400.0,-600.0
-1516.0,-590.0,-102.747,3.8922e-07,86.5038,-4.92711,93.4962,175.073,-1516.0,-590.0,-1400.0,-600.0
-1514.0,-590.0,-102.598,3.82601e-07,86.401,-5.01311,93.599,174.987,-1514.0,-590.0,-1400.0,-600.0
-1512.0,-590.0,-102.445,3.75938e-07,86.4081,-5.10217,93.5919,174.898,-1512.0,-590.0,-1400.0,-600.0
-1510.0,-590.0,-102.289,3.69269e-07,86.4308,-5.19443,93.5692,174.806,-1510.0,-590.0,-1400.0,-600.0
-1508.0,-590.0,-102.131,3.62601e-07,86.4542,-5.29008,93.5458,174.71,-1508.0,-590.0,-1400.0,-600.0
-1506.0,-590.0,-101.969,3.55935e-07,86.4786,-5.38931,93.5214,174.611,-1506.0,-590.0,-1400.0,-600.0
-1504.0,-590.0,-101.805,3.49269e-07,86.5039,-5.49232,93.4961,174.508,-1504.0,-590.0,-1400.0,-600.0
-1502.0,-590.0,-101.637,3.42605e-07,86.5303,-5.59934,93.4697,174.401,-1502.0,-590.0,-1400.0,-600.0
-1500.0,-590.0,-101.466,3.35942e-07,86.5576,-5.71059,93.4424,174.289,-1500.0,-590.0,-1400.0,-600.0
-1498.0,-590.0,-101.292,3.29281e-07,86.5861,-5.82634,93.4139,174.174,-1498.0,-590.0,-1400.0,-600.0
-1496.0,-590.0,-101.114,3.22621e-07,86.6158,-5.94686,93.3842,174.053,-1496.0,-590.0,-1400.0,-600.0
-1494.0,-590.0,-100.933,3.15963e-07,86.6467,-6.07246,93.3533,173.928,-1494.0,-590.0,-1400.0,-600.0
-1492.0,-590.0,-100.748,3.09306e-07,86.679,-6.20345,93.321,173.797,-1492.0,-590.0,-1400.0,-600.0
-1490.0,-590.0,-100.559,3.02653e-07,86.7068,-6.34019,93.2932,173.66,-1490.0,-590.0,-1400.0,-600.0
-1488.0,-590.0,-100.367,2.96049e-07,86.5787,-6.48307,93.4213,173.517,-1488.0,-590.0,-1400.0,-600.0
-1486.0,-590.0,-100.171,2.89448e-07,86.4447,-6.63251,93.5553,173.367,-1486.0,-590.0,-1400.0,-600.0
-1484.0,-590.0,-99.9701,2.82852e-07,86.3045,-6.78897,93.6955,173.211,-1484.0,-590.0,-1400.0,-600.0
-1482.0,-590.0,-99.765,2.76259e-07,86.1577,-6.95296,93.8423,173.047,-1482.0,-590.0,-1400.0,-600.0
-1480.0,-590.0,-99.555,2.69671e-07,86.0037,-7.12502,93.9963,172.875,-1480.0,-590.0,-1400.0,-600.0
-1478.0,-590.0,-99.3401,2.63087e-07,85.842,-7.30576,94.158,172.694,-1478.0,-590.0,-1400.0,-600.0
-1476.0,-590.0,-99.1198,2.56508e-07,85.6721,-7.49586,94.3279,172.504,-1476.0,-590.0,-1400.0,-600.0
-1474.0,-590.0,-98.894,2.49932e-07,85.5014,-7.69605,94.4986,172.304,-1474.0,-590.0,-1400.0,-600.0
-1472.0,-590.0,-98.6616,2.43341e-07,85.3793,-7.90716,94.6207,172.093,-1472.0,-590.0,-1400.0,-600.0
-1470.0,-590.0,-98.423,2.36755e-07,85.2505,-8.1301,94.7495,171.87,-1470.0,-590.0,-1400.0,-600.0
-1468.0,-590.0,-98.1779,2.30174e-07,85.1144,-8.36589,94.8856,171.634,-1468.0,-590.0,-1400.0,-600.0
-1466.0,-590.0,-97.926,2.23603e-07,84.9566,-8.61565,95.0434,171.384,-1466.0,-590.0,-1400.0,-600.0
-1464.0,-590.0,-97.6678,2.17059e-07,84.7295,-8.88066,95.2705,171.119,-1464.0,-590.0,-1400.0,-600.0
-1462.0,-590.0,-97.402,2.10524e-07,84.4884,-9.16235,95.5116,170.838,-1462.0,-590.0,-1400.0,-600.0
-1460.0,-590.0,-97.1282,2.03998e-07,84.232,-9.46232,95.768,170.538,-1460.0,-590.0,-1400.0,-600.0
-1458.0,-590.0,-96.846,1.97482e-07,83.9588,-9.78241,96.0412,170.218,-1458.0,-590.0,-1400.0,-600.0
-1456.0,-590.0,-96.5548,1.90977e-07,83.6673,-10.1247,96.3327,169.875,-1456.0,-590.0,-1400.0,-600.0
-1454.0,-590.0,-96.2541,1.84486e-07,83.3554,-10.4915,96.6446,169.509,-1454.0,-590.0,-1400.0,-600.0
-1452.0,-590.0,-95.9434,1.78008e-07,83.0211,-10.8855,96.9789,169.114,-1452.0,-590.0,-1400.0,-600.0
-1450.0,-590.0,-95.6219,1.71545e-07,82.662,-11.3099,97.338,168.69,-1450.0,-590.0,-1400.0,-600.0
-1448.0,-590.0,-95.289,1.651e-07,82.2752,-11.7683,97.7248,168.232,-1448.0,-590.0,-1400.0,-600.0
-1446.0,-590.0,-94.9439,1.58674e-07,81.8576,-12.2648,98.1424,167.735,-1446.0,-590.0,-1400.0,-600.0
-1444.0,-590.0,-94.5858,1.5227e-07,81.4055,-12.8043,98.5945,167.196,-1444.0,-590.0,-1400.0,-600.0
-1442.0,-590.0,-94.2138,1.4589e-07,80.9147,-13.3925,99.0853,166.608,-1442.0,-590.0,-1400.0,-600.0
-1440.0,-590.0,-93.8269,1.39539e-07,80.3801,-14.0362,99.6199,165.964,-1440.0,-590.0,-1400.0,-600.0
-1438.0,-590.0,-93.4241,1.33219e-07,79.7961,-14.7436,100.204,165.256,-1438.0,-590.0,-1400.0,-600.0
-1436.0,-590.0,-93.0043,1.26937e-07,79.1559,-15.5241,100.844,164.476,-1436.0,-590.0,-1400.0,-600.0
-1434.0,-590.0,-92.5662,1.20697e-07,78.4515,-16.3895,101.549,163.61,-1434.0,-590.0,-1400.0,-600.0
-1432.0,-590.0,-92.1087,1.14507e-07,77.6736,-17.354,102.326,162.646,-1432.0,-590.0,-1400.0,-600.0
-1430.0,-590.0,-91.6303,1.08375e-07,76.8114,-18.4349,103.189,161.565,-1430.0,-590.0,-1400.0,-600.0
-1428.0,-590.0,-91.13,1.02311e-07,75.8517,-19.6538,104.148,160.346,-1428.0,-590.0,-1400.0,-600.0
-1426.0,-590.0,-90.6065,9.63293e-08,74.7794,-21.0375,105.221,158.962,-1426.0,-590.0,-1400.0,-600.0
-1424.0,-590.0,-90.0587,9.04449e-08,73.5768,-22.6199,106.423,157.38,-1424.0,-590.0,-1400.0,-600.0
-1422.0,-590.0,-89.4863,8.46786e-08,72.2233,-24.444,107.777,155.556,-1422.0,-590.0,-1400.0,-600.0
-1420.0,-590.0,-88.8893,7.90561e-08,70.6957,-26.5651,109.304,153.435,-1420.0,-590.0,-1400.0,-600.0
-1418.0,-590.0,-88.2692,7.36106e-08,68.9694,-29.0546,111.031,150.945,-1418.0,-590.0,-1400.0,-600.0
-1416.0,-590.0,-87.6292,6.83841e-08,67.0198,-32.0054,112.98,147.995,-1416.0,-590.0,-1400.0,-600.0
-1414.0,-590.0,-86.976,6.34309e-08,64.8278,-35.5377,115.172,144.462,-1414.0,-590.0,-1400.0,-600.0
-1412.0,-590.0,-86.3203,5.88201e-08,62.3888,-39.8056,117.611,140.194,-1412.0,-590.0,-1400.0,-600.0
-1410.0,-590.0,-85.6795,5.46384e-08,59.7287,-45.0,120.271,135.0,-1410.0,-590.0,-1400.0,-600.0
-1408.0,-590.0,-85.0794,5.09915e-08,56.9295,-51.3402,123.071,128.66,-1408.0,-590.0,-1400.0,-600.0
-1406.0,-590.0,-84.5544,4.80015e-08,54.1597,-59.0362,125.84,120.964,-1406.0,-590.0,-1400.0,-600.0
-1404.0,-590.0,-84.146,4.57972e-08,51.694,-68.1986,128.306,111.801,-1404.0,-590.0,-1400.0,-600.0
-1402.0,-590.0,-83.8955,4.44955e-08,49.8849,-78.6901,130.115,101.31,-1402.0,-590.0,-1400.0,-600.0
-1400.0,-590.0,-83.8329,4.41762e-08,49.0533,-90.0,130.947,90.0,-1400.0,-590.0,-1400.0,-600.0
-1398.0,-590.0,-83.9665,4.48605e-08,49.3347,-101.31,130.665,78.6901,-1398.0,-590.0,-1400.0,-600.0
-1396.0,-590.0,-132.045,5.09844e-08,159.955,-143.511,132.89,69.1424,-1396.26,-590.196,-1396.26,-590.196
-1394.0,-590.0,-123.243,5.39317e-08,156.441,-164.519,130.778,60.746,-1394.48,-590.141,-1394.42,-590.117
-1392.0,-590.0,-123.334,5.68412e-08,150.811,-173.118,128.268,53.3721,-1392.63,-590.084,-1392.56,-590.067
-1390.0,-590.0,-123.831,6.03598e-08,145.39,-177.35,125.663,47.2421,-1390.78,-590.028,-1390.25,-590.011
-1388.0,-590.0,-86.4849,5.99456e-08,60.3978,-140.194,119.602,39.8056,-1388.0,-590.0,-1400.0,-600.0
-1386.0,-590.0,-87.1339,6.45943e-08,62.7145,-144.462,117.285,35.5377,-1386.0,-590.0,-1400.0,-600.0
-1384.0,-590.0,-87.779,6.95733e-08,64.8103,-147.995,115.19,32.0054,-1384.0,-590.0,-1400.0,-600.0
-1382.0,-590.0,-88.4104,7.48167e-08,66.6849,-150.945,113.315,29.0546,-1382.0,-590.0,-1400.0,-600.0
-1380.0,-590.0,-89.022,8.02726e-08,68.353,-153.435,111.647,26.5651,-1380.0,-590.0,-1400.0,-600.0
-1378.0,-590.0,-89.618,8.59723e-08,69.7057,-155.556,110.294,24.444,-1378.0,-590.0,-1400.0,-600.0
-1376.0,-590.0,-90.1906,9.18282e-08,70.8653,-157.38,109.135,22.6199,-1376.0,-590.0,-1400.0,-600.0
-1374.0,-590.0,-90.7372,9.77897e-08,71.8994,-158.962,108.101,21.0375,-1374.0,-590.0,-1400.0,-600.0
-1372.0,-590.0,-91.2588,1.03839e-07,72.8244,-160.346,107.176,19.6538,-1372.0,-590.0,-1400.0,-600.0
-1370.0,-590.0,-91.7415,1.0977e-07,73.9971,-161.565,106.003,18.4349,-1370.0,-590.0,-1400.0,-600.0
-1368.0,-590.0,-92.2019,1.15742e-07,75.132,-162.646,104.868,17.354,-1368.0,-590.0,-1400.0,-600.0
-1366.0,-590.0,-92.6446,1.2179e-07,76.1592,-163.61,103.841,16.3895,-1366.0,-590.0,-1400.0,-600.0
-1364.0,-590.0,-93.0701,1.27902e-07,77.0919,-164.476,102.908,15.5241,-1364.0,-590.0,-1400.0,-600.0
-1362.0,-590.0,-93.4863,1.34175e-07,77.7342,-165.256,102.266,14.7436,-1362.0,-590.0,-1400.0,-600.0
-1360.0,-590.0,-93.8865,1.40499e-07,78.2943,-165.964,101.706,14.0362,-1360.0,-590.0,-1400.0,-600.0
-1358.0,-590.0,-94.271,1.46853e-07,78.8075,-166.608,101.193,13.3925,-1358.0,-590.0,-1400.0,-600.0
-1356.0,-590.0,-94.6407,1.53234e-07,79.2792,-167.196,100.721,12.8043,-1356.0,-590.0,-1400.0,-600.0
-1354.0,-590.0,-94.9967,1.5964e-07,79.7142,-167.735,100.286,12.2648,-1354.0,-590.0,-1400.0,-600.0
-1352.0,-590.0,-95.3398,1.66066e-07,80.1163,-168.232,99.8837,11.7683,-1352.0,-590.0,-1400.0,-600.0
-1350.0,-590.0,-95.6707,1.72511e-07,80.489,-168.69,99.511,11.3099,-1350.0,-590.0,-1400.0,-600.0
-1348.0,-590.0,-95.9904,1.78973e-07,80.8355,-169.114,99.1645,10.8855,-1348.0,-590.0,-1400.0,-600.0
-1346.0,-590.0,-96.2995,1.8545e-07,81.1582,-169.509,98.8418,10.4915,-1346.0,-590.0,-1400.0,-600.0
-1344.0,-590.0,-96.5985,1.91941e-07,81.4594,-169.875,98.5406,10.1247,-1344.0,-590.0,-1400.0,-600.0
-1342.0,-590.0,-96.8882,1.98443e-07,81.7413,-170.218,98.2587,9.78241,-1342.0,-590.0,-1400.0,-600.0
-1340.0,-590.0,-97.169,2.04957e-07,82.0055,-170.538,97.9945,9.46232,-1340.0,-590.0,-1400.0,-600.0
-1338.0,-590.0,-97.4414,2.1148e-07,82.2536,-170.838,97.7464,9.16235,-1338.0,-590.0,-1400.0,-600.0
-1336.0,-590.0,-97.7059,2.18013e-07,82.4871,-171.119,97.5129,8.88066,-1336.0,-590.0,-1400.0,-600.0
-1334.0,-590.0,-97.9629,2.24554e-07,82.7071,-171.384,97.2929,8.61565,-1334.0,-590.0,-1400.0,-600.0
-1332.0,-590.0,-98.2129,2.31102e-07,82.9149,-171.634,97.0851,8.36589,-1332.0,-590.0,-1400.0,-600.0
-1330.0,-590.0,-98.4561,2.37657e-07,83.1112,-171.87,96.8888,8.1301,-1330.0,-590.0,-1400.0,-600.0
-1328.0,-590.0,-98.6929,2.44219e-07,83.2972,-172.093,96.7028,7.90716,-1328.0,-590.0,-1400.0,-600.0
-1326.0,-590.0,-98.9237,2.50787e-07,83.4735,-172.304,96.5265,7.69605,-1326.0,-590.0,-1400.0,-600.0
-1324.0,-590.0,-99.1487,2.5736e-07,83.6409,-172.504,96.3591,7.49586,-1324.0,-590.0,-1400.0,-600.0
-1322.0,-590.0,-99.3682,2.63938e-07,83.8,-172.694,96.2,7.30576,-1322.0,-590.0,-1400.0,-600.0
-1320.0,-590.0,-99.5824,2.70521e-07,83.9514,-172.875,96.0486,7.12502,-1320.0,-590.0,-1400.0,-600.0
-1318.0,-590.0,-99.7916,2.77108e-07,84.0957,-173.047,95.9043,6.95296,-1318.0,-590.0,-1400.0,-600.0
-1316.0,-590.0,-99.9963,2.83705e-07,84.2225,-173.211,95.7775,6.78897,-1316.0,-590.0,-1400.0,-600.0
-1314.0,-590.0,-100.197,2.90327e-07,84.2988,-173.367,95.7012,6.63251,-1314.0,-590.0,-1400.0,-600.0
-1312.0,-590.0,-100.393,2.96953e-07,84.3718,-173.517,95.6282,6.48307,-1312.0,-590.0,-1400.0,-600.0
-1310.0,-590.0,-100.585,3.0358e-07,84.4416,-173.66,95.5584,6.34019,-1310.0,-590.0,-1400.0,-600.0
-1308.0,-590.0,-100.773,3.1021e-07,84.5085,-173.797,95.4915,6.20345,-1308.0,-590.0,-1400.0,-600.0
-1306.0,-590.0,-100.957,3.16842e-07,84.5726,-173.928,95.4274,6.07246,-1306.0,-590.0,-1400.0,-600.0
-1304.0,-590.0,-101.137,3.23476e-07,84.6341,-174.053,95.3659,5.94686,-1304.0,-590.0,-1400.0,-600.0
-1302.0,-590.0,-101.314,3.30112e-07,84.6932,-174.174,95.3068,5.82634,-1302.0,-590.0,-1400.0,-600.0
-1300.0,-590.0,-101.487,3.36749e-07,84.75,-174.289,95.25,5.71059,-1300.0,-590.0,-1400.0,-600.0
-1298.0,-590.0,-101.657,3.43388e-07,84.8046,-174.401,95.1954,5.59934,-1298.0,-590.0,-1400.0,-600.0
-1296.0,-590.0,-101.824,3.50029e-07,84.8571,-174.508,95.1429,5.49232,-1296.0,-590.0,-1400.0,-600.0
-1294.0,-590.0,-101.987,3.56671e-07,84.9077,-174.611,95.0923,5.38931,-1294.0,-590.0,-1400.0,-600.0
-1292.0,-590.0,-102.148,3.63314e-07,84.9564,-174.71,95.0436,5.29008,-1292.0,-590.0,-1400.0,-600.0
-1290.0,-590.0,-102.306,3.69959e-07,85.0034,-174.806,94.9966,5.19443,-1290.0,-590.0,-1400.0,-600.0
-1288.0,-590.0,-102.46,3.76605e-07,85.0488,-174.898,94.9512,5.10217,-1288.0,-590.0,-1400.0,-600.0
-1286.0,-590.0,-102.613,3.83252e-07,85.0926,-174.987,94.9074,5.01311,-1286.0,-590.0,-1400.0,-600.0
-1284.0,-590.0,-102.762,3.899e-07,85.135,-175.073,94.865,4.92711,-1284.0,-590.0,-1400.0,-600.0
-1282.0,-590.0,-102.909,3.96549e-07,85.1759,-175.156,94.8241,4.844,-1282.0,-590.0,-1400.0,-600.0
-1280.0,-590.0,-103.054,4.03199e-07,85.2155,-175.236,94.7845,4.76364,-1280.0,-590.0,-1400.0,-600.0
-1278.0,-590.0,-103.197,4.0985e-07,85.2538,-175.314,94.7462,4.6859,-1278.0,-590.0,-1400.0,-600.0
-1276.0,-590.0,-103.337,4.16503e-07,85.2909,-175.389,94.7091,4.61065,-1276.0,-590.0,-1400.0,-600.0
-1274.0,-590.0,-103.475,4.23155e-07,85.3268,-175.462,94.6732,4.53777,-1274.0,-590.0,-1400.0,-600.0
-1272.0,-590.0,-103.61,4.29809e-07,85.3616,-175.533,94.6384,4.46716,-1272.0,-590.0,-1400.0,-600.0
-1270.0,-590.0,-103.744,4.36464e-07,85.3954,-175.601,94.6046,4.39871,-1270.0,-590.0,-1400.0,-600.0
-1268.0,-590.0,-103.876,4.43119e-07,85.4281,-175.668,94.5719,4.33231,-1268.0,-590.0,-1400.0,-600.0
-1266.0,-590.0,-104.006,4.49775e-07,85.4599,-175.732,94.5401,4.26789,-1266.0,-590.0,-1400.0,-600.0
-1264.0,-590.0,-104.133,4.56432e-07,85.4908,-175.795,94.5092,4.20536,-1264.0,-590.0,-1400.0,-600.0
-1262.0,-590.0,-104.26,4.63089e-07,85.5208,-175.855,94.4792,4.14462,-1262.0,-590.0,-1400.0,-600.0
-1260.0,-590.0,-104.384,4.69747e-07,85.55,-175.914,94.45,4.08562,-1260.0,-590.0,-1400.0,-600.0
-1258.0,-590.0,-104.506,4.76406e-07,85.5783,-175.972,94.4217,4.02826,-1258.0,-590.0,-1400.0,-600.0
-1256.0,-590.0,-104.627,4.83065e-07,85.6059,-176.028,94.3941,3.9725,-1256.0,-590.0,-1400.0,-600.0
-1254.0,-590.0,-104.746,4.89724e-07,85.6327,-176.082,94.3673,3.91825,-1254.0,-590.0,-1400.0,-600.0
-1252.0,-590.0,-104.864,4.96397e-07,85.64,-176.135,94.36,3.86546,-1252.0,-590.0,-1400.0,-600.0
-1250.0,-590.0,-104.981,5.03079e-07,85.6337,-176.186,94.3663,3.81407,-1250.0,-590.0,-1400.0,-600.0
-1248.0,-590.0,-105.095,5.09762e-07,85.6275,-176.236,94.3725,3.76403,-1248.0,-590.0,-1400.0,-600.0
-1246.0,-590.0,-105.209,5.16444e-07,85.6215,-176.285,94.3785,3.71529,-1246.0,-590.0,-1400.0,-600.0
-1244.0,-590.0,-105.321,5.23113e-07,85.636,-176.332,94.364,3.66779,-1244.0,-590.0,-1400.0,-600.0
-1242.0,-590.0,-105.431,5.29775e-07,85.6604,-176.379,94.3396,3.62148,-1242.0,-590.0,-1400.0,-600.0
-1240.0,-590.0,-105.54,5.36438e-07,85.6842,-176.424,94.3158,3.57633,-1240.0,-590.0,-1400.0,-600.0
-1238.0,-590.0,-105.647,5.43101e-07,85.7075,-176.468,94.2925,3.53229,-1238.0,-590.0,-1400.0,-600.0
-1236.0,-590.0,-105.753,5.49764e-07,85.7302,-176.511,94.2698,3.48932,-1236.0,-590.0,-1400.0,-600.0
-1234.0,-590.0,-105.858,5.56428e-07,85.7523,-176.553,94.2477,3.44739,-1234.0,-590.0,-1400.0,-600.0
-1232.0,-590.0,-105.962,5.63092e-07,85.7739,-176.594,94.2261,3.40644,-1232.0,-590.0,-1400.0,-600.0
-1230.0,-590.0,-106.064,5.69757e-07,85.7951,-176.634,94.2049,3.36646,-1230.0,-590.0,-1400.0,-600.0
-1228.0,-590.0,-106.165,5.76406e-07,85.8362,-176.673,94.1638,3.3274,-1228.0,-590.0,-1400.0,-600.0
-1226.0,-590.0,-106.265,5.83051e-07,85.8837,-176.711,94.1163,3.28924,-1226.0,-590.0,-1400.0,-600.0
-1224.0,-590.0,-106.364,5.89697e-07,85.9302,-176.748,94.0698,3.25195,-1224.0,-590.0,-1400.0,-600.0
-1222.0,-590.0,-106.462,5.96343e-07,85.9756,-176.785,94.0244,3.21548,-1222.0,-590.0,-1400.0,-600.0
-1220.0,-590.0,-106.558,6.0299e-07,86.02,-176.82,93.98,3.17983,-1220.0,-590.0,-1400.0,-600.0
-1218.0,-590.0,-106.654,6.09637e-07,86.0635,-176.855,93.9365,3.14496,-1218.0,-590.0,-1400.0,-600.0
-1216.0,-590.0,-106.748,6.16285e-07,86.106,-176.889,93.894,3.11084,-1216.0,-590.0,-1400.0,-600.0
-1214.0,-590.0,-106.842,6.22934e-07,86.1477,-176.923,93.8523,3.07746,-1214.0,-590.0,-1400.0,-600.0
-1212.0,-590.0,-106.934,6.29598e-07,86.1678,-176.955,93.8322,3.04478,-1212.0,-590.0,-1400.0,-600.0
-1210.0,-590.0,-107.026,6.36266e-07,86.1826,-176.987,93.8174,3.01279,-1210.0,-590.0,-1400.0,-600.0
-1208.0,-590.0,-107.117,6.42934e-07,86.1971,-177.019,93.8029,2.98146,-1208.0,-590.0,-1400.0,-600.0
-1206.0,-590.0,-107.207,6.49603e-07,86.2113,-177.049,93.7887,2.95078,-1206.0,-590.0,-1400.0,-600.0
-1204.0,-590.0,-107.295,6.56239e-07,86.2688,-177.079,93.7312,2.92072,-1204.0,-590.0,-1400.0,-600.0
-1202.0,-590.0,-107.383,6.62872e-07,86.3306,-177.109,93.6694,2.89127,-1202.0,-590.0,-1400.0,-600.0
-1600.0,-588.0,0.0,0.0,0.0,0.0,0.0,0.0,0.0,0.0,0.0,0.0
-1598.0,-588.0,0.0,0.0,0.0,0.0,0.0,0.0,0.0,0.0,0.0,0.0
-1596.0,-588.0,0.0,0.0,0.0,0.0,0.0,0.0,0.0,0.0,0.0,0.0
-1594.0,-588.0,0.0,0.0,0.0,0.0,0.0,0.0,0.0,0.0,0.0,0.0
-1592.0,-588.0,-107.103,6.419e-07,89.9647,-3.57633,90.0353,176.424,-1592.0,-588.0,-1400.0,-600.0
-1590.0,-588.0,-107.012,6.3524e-07,89.9542,-3.61388,90.0458,176.386,-1590.0,-588.0,-1400.0,-600.0
-1588.0,-588.0,-106.92,6.2858e-07,89.9537,-3.65222,90.0463,176.348,-1588.0,-588.0,-1400.0,-600.0
-1586.0,-588.0,-106.827,6.2192e-07,89.9533,-3.69139,90.0467,176.309,-1586.0,-588.0,-1400.0,-600.0
-1584.0,-588.0,-106.734,6.15262e-07,89.9086,-3.7314,90.0914,176.269,-1584.0,-588.0,-1400.0,-600.0
-1582.0,-588.0,-106.639,6.08605e-07,89.8016,-3.77228,90.1984,176.228,-1582.0,-588.0,-1400.0,-600.0
-1580.0,-588.0,-106.543,6.01952e-07,89.6922,-3.81407,90.3078,176.186,-1580.0,-588.0,-1400.0,-600.0
-1578.0,-588.0,-106.446,5.953e-07,89.5803,-3.8568,90.4197,176.143,-1578.0,-588.0,-1400.0,-600.0
-1576.0,-588.0,-106.349,5.88652e-07,89.4659,-3.90049,90.5341,176.1,-1576.0,-588.0,-1400.0,-600.0
-1574.0,-588.0,-106.25,5.82006e-07,89.3489,-3.94519,90.6511,176.055,-1574.0,-588.0,-1400.0,-600.0
-1572.0,-588.0,-106.15,5.75363e-07,89.2292,-3.99091,90.7708,176.009,-1572.0,-588.0,-1400.0,-600.0
-1570.0,-588.0,-106.049,5.68723e-07,89.1067,-4.03771,90.8933,175.962,-1570.0,-588.0,-1400.0,-600.0
-1568.0,-588.0,-105.946,5.62086e-07,88.9814,-4.08562,91.0186,175.914,-1568.0,-588.0,-1400.0,-600.0
-1566.0,-588.0,-105.843,5.55448e-07,88.8748,-4.13467,91.1252,175.865,-1566.0,-588.0,-1400.0,-600.0
-1564.0,-588.0,-105.738,5.48811e-07,88.7729,-4.18492,91.2271,175.815,-1564.0,-588.0,-1400.0,-600.0
-1562.0,-588.0,-105.632,5.42176e-07,88.6686,-4.23639,91.3314,175.764,-1562.0,-588.0,-1400.0,-600.0
-1560.0,-588.0,-105.525,5.35543e-07,88.5617,-4.28915,91.4383,175.711,-1560.0,-588.0,-1400.0,-600.0
-1558.0,-588.0,-105.417,5.28913e-07,88.4521,-4.34324,91.5479,175.657,-1558.0,-588.0,-1400.0,-600.0
-1556.0,-588.0,-105.307,5.22285e-07,88.3398,-4.39871,91.6602,175.601,-1556.0,-588.0,-1400.0,-600.0
-1554.0,-588.0,-105.196,5.1566e-07,88.2245,-4.4556,91.7755,175.544,-1554.0,-588.0,-1400.0,-600.0
-1552.0,-588.0,-105.083,5.09038e-07,88.1063,-4.51399,91.8937,175.486,-1552.0,-588.0,-1400.0,-600.0
-1550.0,-588.0,-104.969,5.02418e-07,87.9849,-4.57392,92.0151,175.426,-1550.0,-588.0,-1400.0,-600.0
-1548.0,-588.0,-104.854,4.95801e-07,87.8603,-4.63546,92.1397,175.365,-1548.0,-588.0,-1400.0,-600.0
-1546.0,-588.0,-104.737,4.89187e-07,87.7324,-4.69868,92.2676,175.301,-1546.0,-588.0,-1400.0,-600.0
-1544.0,-588.0,-104.618,4.82576e-07,87.6009,-4.76364,92.3991,175.236,-1544.0,-588.0,-1400.0,-600.0
-1542.0,-588.0,-104.498,4.75957e-07,87.4964,-4.83042,92.5036,175.17,-1542.0,-588.0,-1400.0,-600.0
-1540.0,-588.0,-104.376,4.6934e-07,87.3922,-4.89909,92.6078,175.101,-1540.0,-588.0,-1400.0,-600.0
-1538.0,-588.0,-104.253,4.62724e-07,87.2851,-4.96974,92.7149,175.03,-1538.0,-588.0,-1400.0,-600.0
-1536.0,-588.0,-104.127,4.56081e-07,87.2521,-5.04245,92.7479,174.958,-1536.0,-588.0,-1400.0,-600.0
-1534.0,-588.0,-103.999,4.49428e-07,87.2474,-5.11731,92.7526,174.883,-1534.0,-588.0,-1400.0,-600.0
-1532.0,-588.0,-103.869,4.42776e-07,87.2425,-5.19443,92.7575,174.806,-1532.0,-588.0,-1400.0,-600.0
-1530.0,-588.0,-103.738,4.3614e-07,87.1964,-5.2739,92.8036,174.726,-1530.0,-588.0,-1400.0,-600.0
-1528.0,-588.0,-103.604,4.29517e-07,87.1155,-5.35583,92.8845,174.644,-1528.0,-588.0,-1400.0,-600.0
-1526.0,-588.0,-103.469,4.22896e-07,87.0321,-5.44033,92.9679,174.56,-1526.0,-588.0,-1400.0,-600.0
-1524.0,-588.0,-103.332,4.16277e-07,86.9461,-5.52754,93.0539,174.472,-1524.0,-588.0,-1400.0,-600.0
-1522.0,-588.0,-103.193,4.0966e-07,86.8573,-5.61758,93.1427,174.382,-1522.0,-588.0,-1400.0,-600.0
-1520.0,-588.0,-103.051,4.03046e-07,86.7655,-5.71059,93.2345,174.289,-1520.0,-588.0,-1400.0,-600.0
-1518.0,-588.0,-102.907,3.96433e-07,86.6708,-5.80673,93.3292,174.193,-1518.0,-588.0,-1400.0,-600.0
-1516.0,-588.0,-102.761,3.89822e-07,86.5728,-5.90614,93.4272,174.094,-1516.0,-588.0,-1400.0,-600.0
-1514.0,-588.0,-102.612,3.83214e-07,86.4714,-6.00901,93.5286,173.991,-1514.0,-588.0,-1400.0,-600.0
-1512.0,-588.0,-102.459,3.76562e-07,86.4799,-6.1155,93.5201,173.884,-1512.0,-588.0,-1400.0,-600.0
-1510.0,-588.0,-102.304,3.69905e-07,86.5039,-6.22583,93.4961,173.774,-1510.0,-588.0,-1400.0,-600.0
-1508.0,-588.0,-102.146,3.6325e-07,86.5288,-6.34019,93.4712,173.66,-1508.0,-588.0,-1400.0,-600.0
-1506.0,-588.0,-101.985,3.56596e-07,86.5546,-6.45882,93.4454,173.541,-1506.0,-588.0,-1400.0,-600.0
-1504.0,-588.0,-101.822,3.49944e-07,86.5815,-6.58194,93.4185,173.418,-1504.0,-588.0,-1400.0,-600.0
-1502.0,-588.0,-101.655,3.43294e-07,86.6094,-6.70984,93.3906,173.29,-1502.0,-588.0,-1400.0,-600.0
-1500.0,-588.0,-101.485,3.36645e-07,86.6384,-6.84277,93.3616,173.157,-1500.0,-588.0,-1400.0,-600.0
-1498.0,-588.0,-101.311,3.29999e-07,86.6686,-6.98106,93.3314,173.019,-1498.0,-588.0,-1400.0,-600.0
-1496.0,-588.0,-101.134,3.23354e-07,86.7001,-7.12502,93.2999,172.875,-1496.0,-588.0,-1400.0,-600.0
-1494.0,-588.0,-100.954,3.16712e-07,86.7329,-7.275,93.2671,172.725,-1494.0,-588.0,-1400.0,-600.0
-1492.0,-588.0,-100.769,3.10072e-07,86.7671,-7.43141,93.2329,172.569,-1492.0,-588.0,-1400.0,-600.0
-1490.0,-588.0,-100.581,3.03436e-07,86.797,-7.59464,93.203,172.405,-1490.0,-588.0,-1400.0,-600.0
-1488.0,-588.0,-100.39,2.9685e-07,86.6714,-7.76517,93.3286,172.235,-1488.0,-588.0,-1400.0,-600.0
-1486.0,-588.0,-100.195,2.90267e-07,86.5401,-7.94347,93.4599,172.057,-1486.0,-588.0,-1400.0,-600.0
-1484.0,-588.0,-99.9958,2.83689e-07,86.4028,-8.1301,93.5972,171.87,-1484.0,-588.0,-1400.0,-600.0
-1482.0,-588.0,-99.7919,2.77116e-07,86.259,-8.32565,93.741,171.674,-1482.0,-588.0,-1400.0,-600.0
-1480.0,-588.0,-99.5833,2.70548e-07,86.1083,-8.53077,93.8917,171.469,-1480.0,-588.0,-1400.0,-600.0
-1478.0,-588.0,-99.3697,2.63985e-07,85.9501,-8.74616,94.0499,171.254,-1478.0,-588.0,-1400.0,-600.0
-1476.0,-588.0,-99.151,2.57429e-07,85.784,-8.97263,94.216,171.027,-1476.0,-588.0,-1400.0,-600.0
-1474.0,-588.0,-98.9269,2.50879e-07,85.6092,-9.21103,94.3908,170.789,-1474.0,-588.0,-1400.0,-600.0
-1472.0,-588.0,-98.6968,2.44328e-07,85.4488,-9.46232,94.5512,170.538,-1472.0,-588.0,-1400.0,-600.0
-1470.0,-588.0,-98.4602,2.37769e-07,85.323,-9.72758,94.677,170.272,-1470.0,-588.0,-1400.0,-600.0
-1468.0,-588.0,-98.2172,2.31217e-07,85.1902,-10.008,94.8098,169.992,-1468.0,-588.0,-1400.0,-600.0
-1466.0,-588.0,-97.9677,2.24677e-07,85.036,-10.3048,94.964,169.695,-1466.0,-588.0,-1400.0,-600.0
-1464.0,-588.0,-97.712,2.18165e-07,84.8132,-10.6197,95.1868,169.38,-1464.0,-588.0,-1400.0,-600.0
-1462.0,-588.0,-97.4489,2.11663e-07,84.5768,-10.9541,95.4232,169.046,-1462.0,-588.0,-1400.0,-600.0
-1460.0,-588.0,-97.1781,2.05173e-07,84.3257,-11.3099,95.6743,168.69,-1460.0,-588.0,-1400.0,-600.0
-1458.0,-588.0,-96.8992,1.98696e-07,84.0585,-11.6894,95.9415,168.311,-1458.0,-588.0,-1400.0,-600.0
-1456.0,-588.0,-96.6117,1.92232e-07,83.7735,-12.0948,96.2265,167.905,-1456.0,-588.0,-1400.0,-600.0
-1454.0,-588.0,-96.3151,1.85784e-07,83.4691,-12.5288,96.5309,167.471,-1454.0,-588.0,-1400.0,-600.0
-1452.0,-588.0,-96.0088,1.79352e-07,83.1432,-12.9946,96.8568,167.005,-1452.0,-588.0,-1400.0,-600.0
-1450.0,-588.0,-95.6923,1.7294e-07,82.7936,-13.4957,97.2064,166.504,-1450.0,-588.0,-1400.0,-600.0
-1448.0,-588.0,-95.3649,1.66548e-07,82.4177,-14.0362,97.5823,165.964,-1448.0,-588.0,-1400.0,-600.0
-1446.0,-588.0,-95.026,1.6018e-07,82.0127,-14.6209,97.9873,165.379,-1446.0,-588.0,-1400.0,-600.0
-1444.0,-588.0,-94.6749,1.53838e-07,81.5751,-15.2551,98.4249,164.745,-1444.0,-588.0,-1400.0,-600.0
-1442.0,-588.0,-94.3107,1.47526e-07,81.1011,-15.9454,98.8989,164.055,-1442.0,-588.0,-1400.0,-600.0
-1440.0,-588.0,-93.9327,1.41248e-07,80.5864,-16.6992,99.4136,163.301,-1440.0,-588.0,-1400.0,-600.0
-1438.0,-588.0,-93.54,1.35008e-07,80.0257,-17.5256,99.9743,162.474,-1438.0,-588.0,-1400.0,-600.0
-1436.0,-588.0,-93.1318,1.28812e-07,79.4133,-18.4349,100.587,161.565,-1436.0,-588.0,-1400.0,-600.0
-1434.0,-588.0,-92.7069,1.22667e-07,78.7423,-19.44,101.258,160.56,-1434.0,-588.0,-1400.0,-600.0
-1432.0,-588.0,-92.2647,1.16581e-07,78.0048,-20.556,101.995,159.444,-1432.0,-588.0,-1400.0,-600.0
-1430.0,-588.0,-91.8041,1.10564e-07,77.1918,-21.8014,102.808,158.199,-1430.0,-588.0,-1400.0,-600.0
-1428.0,-588.0,-91.3245,1.04627e-07,76.2928,-23.1986,103.707,156.801,-1428.0,-588.0,-1400.0,-600.0
-1426.0,-588.0,-90.8251,9.87843e-08,75.296,-24.7751,104.704,155.225,-1426.0,-588.0,-1400.0,-600.0
-1424.0,-588.0,-90.3059,9.30547e-08,74.1881,-26.5651,105.812,153.435,-1424.0,-588.0,-1400.0,-600.0
-1422.0,-588.0,-89.7671,8.74599e-08,72.9545,-28.6105,107.046,151.39,-1422.0,-588.0,-1400.0,-600.0
-1420.0,-588.0,-89.2099,8.20276e-08,71.5802,-30.9638,108.42,149.036,-1420.0,-588.0,-1400.0,-600.0
-1418.0,-588.0,-88.6368,7.67922e-08,70.0508,-33.6901,109.949,146.31,-1418.0,-588.0,-1400.0,-600.0
-1416.0,-588.0,-88.0524,7.17968e-08,68.3554,-36.8699,111.645,143.13,-1416.0,-588.0,-1400.0,-600.0
-1414.0,-588.0,-87.4639,6.70952e-08,66.491,-40.6013,113.509,139.399,-1414.0,-588.0,-1400.0,-600.0
-1412.0,-588.0,-86.8826,6.27532e-08,64.4702,-45.0,115.53,135.0,-1412.0,-588.0,-1400.0,-600.0
-1410.0,-588.0,-86.3248,5.88506e-08,62.332,-50.1944,117.668,129.806,-1410.0,-588.0,-1400.0,-600.0
-1408.0,-588.0,-85.8124,5.54802e-08,60.1565,-56.3099,119.843,123.69,-1408.0,-588.0,-1400.0,-600.0
-1406.0,-588.0,-85.373,5.27441e-08,58.0765,-63.4349,121.924,116.565,-1406.0,-588.0,-1400.0,-600.0
-1404.0,-588.0,-85.0373,5.0745e-08,56.2777,-71.5651,123.722,108.435,-1404.0,-588.0,-1400.0,-600.0
-1402.0,-588.0,-84.8341,4.95722e-08,54.9714,-80.5377,125.029,99.4623,-1402.0,-588.0,-1400.0,-600.0
-1400.0,-588.0,-84.7836,4.92846e-08,54.3347,-90.0,125.665,90.0,-1400.0,-588.0,-1400.0,-600.0
-1398.0,-588.0,-84.891,4.98976e-08,54.4418,-99.4623,125.558,80.5377,-1398.0,-588.0,-1400.0,-600.0
-1396.0,-588.0,-103.32,5.55392e-08,133.662,-110.031,130.217,71.6942,-1396.38,-589.057,-1396.37,-589.001
-1394.0,-588.0,-123.369,5.79985e-08,117.372,-112.544,131.302,62.574,-1394.89,-590.153,-1394.79,-589.893
-1392.0,-588.0,-123.096,6.05967e-08,116.577,-119.186,129.02,55.3908,-1393.17,-590.101,-1393.03,-589.85
-1390.0,-588.0,-123.51,6.37908e-08,115.611,-125.139,126.587,49.2856,-1391.44,-590.048,-1391.27,-589.806
-1388.0,-588.0,-124.028,6.74963e-08,114.562,-130.403,124.154,44.1429,-1389.69,-589.994,-1389.5,-589.761
-1386.0,-588.0,-124.153,7.16338e-08,113.495,-135.022,121.817,39.8178,-1387.93,-589.941,-1387.72,-589.716
-1384.0,-588.0,-124.381,7.61331e-08,112.456,-139.065,119.629,36.1689,-1386.17,-589.887,-1385.93,-589.671
-1382.0,-588.0,-124.816,8.09338e-08,111.471,-142.605,117.614,33.073,-1384.39,-589.832,-1384.13,-589.625
-1380.0,-588.0,-125.13,8.59857e-08,110.556,-145.714,115.774,30.4281,-1382.6,-589.777,-1382.32,-589.579
-1378.0,-588.0,-125.331,9.12469e-08,109.714,-148.456,114.105,28.1516,-1380.79,-589.722,-1380.5,-589.532
-1376.0,-588.0,-126.02,9.66266e-08,106.897,-152.538,112.751,26.3815,-1379.18,-589.673,-1378.85,-589.481
-1374.0,-588.0,-123.858,1.0228e-07,106.772,-155.209,111.427,24.7063,-1377.44,-589.62,-1376.9,-589.342
-1372.0,-588.0,-121.039,1.08059e-07,106.594,-157.634,110.235,23.2407,-1375.7,-589.567,-1374.96,-589.218
-1370.0,-588.0,-104.955,1.14142e-07,107.446,-160.752,109.351,22.1234,-1373.42,-589.193,-1373.42,-589.193
-1368.0,-588.0,-105.966,1.20349e-07,106.799,-161.846,108.878,20.9229,-1372.3,-589.411,-1372.3,-589.411
-1366.0,-588.0,-131.652,1.25679e-07,105.941,-159.776,106.915,19.3421,-1369.76,-589.385,-1369.76,-589.385
-1364.0,-588.0,-132.664,1.31786e-07,106.024,-161.496,106.105,18.4264,-1367.97,-589.33,-1367.97,-589.33
-1362.0,-588.0,-139.418,2.81209e-07,92.2109,118.492,100.581,-59.6749,-1389.52,-617.924,-1369.13,-574.866
-1360.0,-588.0,-139.363,1.93539e-07,91.7744,135.835,120.63,37.7961,-1386.99,-589.912,-1373.39,-574.995
-1358.0,-588.0,-139.884,1.98378e-07,91.7299,137.178,119.853,36.527,-1386.35,-589.892,-1372.08,-574.955
-1356.0,-588.0,-142.043,2.03321e-07,91.6866,138.457,119.102,35.3373,-1385.72,-589.873,-1370.77,-574.915
-1354.0,-588.0,0.0,0.0,0.0,0.0,0.0,0.0,0.0,0.0,0.0,0.0
-1352.0,-588.0,0.0,0.0,0.0,0.0,0.0,0.0,0.0,0.0,0.0,0.0
-1350.0,-588.0,0.0,0.0,0.0,0.0,0.0,0.0,0.0,0.0,0.0,0.0
-1348.0,-588.0,0.0,0.0,0.0,0.0,0.0,0.0,0.0,0.0,0.0,0.0
-1346.0,-588.0,0.0,0.0,0.0,0.0,0.0,0.0,0.0,0.0,0.0,0.0
-1344.0,-588.0,0.0,0.0,0.0,0.0,0.0,0.0,0.0,0.0,0.0,0.0
-1342.0,-588.0,-150.977,1.34725e-06,92.062,4.40074,91.5314,6.26239,-1170.14,-574.776,-1306.29,-585.251
-1340.0,-588.0,-150.99,1.3406e-06,92.1839,4.42285,91.5314,6.24052,-1170.13,-574.864,-1306.28,-585.392
-1338.0,-588.0,-97.4887,2.12635e-07,82.2959,-169.046,97.7041,10.9541,-1338.0,-588.0,-1400.0,-600.0
-1336.0,-588.0,-97.7505,2.19133e-07,82.5257,-169.38,97.4743,10.6197,-1336.0,-588.0,-1400.0,-600.0
-1334.0,-588.0,-98.005,2.25642e-07,82.7425,-169.695,97.2575,10.3048,-1334.0,-588.0,-1400.0,-600.0
-1332.0,-588.0,-98.2526,2.32159e-07,82.9473,-169.992,97.0527,10.008,-1332.0,-588.0,-1400.0,-600.0
-1330.0,-588.0,-98.4936,2.38686e-07,83.1411,-170.272,96.8589,9.72758,-1330.0,-588.0,-1400.0,-600.0
-1328.0,-588.0,-98.7285,2.4522e-07,83.3247,-170.538,96.6753,9.46232,-1328.0,-588.0,-1400.0,-600.0
-1326.0,-588.0,-98.9574,2.51762e-07,83.4989,-170.789,96.5011,9.21103,-1326.0,-588.0,-1400.0,-600.0
-1324.0,-588.0,-99.1807,2.5831e-07,83.6644,-171.027,96.3356,8.97263,-1324.0,-588.0,-1400.0,-600.0
-1322.0,-588.0,-99.3986,2.64865e-07,83.8218,-171.254,96.1782,8.74616,-1322.0,-588.0,-1400.0,-600.0
-1320.0,-588.0,-99.6114,2.71425e-07,83.9717,-171.469,96.0283,8.53077,-1320.0,-588.0,-1400.0,-600.0
-1318.0,-588.0,-99.8193,2.77991e-07,84.1146,-171.674,95.8854,8.32565,-1318.0,-588.0,-1400.0,-600.0
-1316.0,-588.0,-100.023,2.84589e-07,84.1968,-171.87,95.8032,8.1301,-1316.0,-588.0,-1400.0,-600.0
-1314.0,-588.0,-100.223,2.91191e-07,84.2731,-172.057,95.7269,7.94347,-1314.0,-588.0,-1400.0,-600.0
-1312.0,-588.0,-100.418,2.97798e-07,84.3461,-172.235,95.6539,7.76517,-1312.0,-588.0,-1400.0,-600.0
-1310.0,-588.0,-100.609,3.04407e-07,84.416,-172.405,95.584,7.59464,-1310.0,-588.0,-1400.0,-600.0
-1308.0,-588.0,-100.796,3.11019e-07,84.4829,-172.569,95.5171,7.43141,-1308.0,-588.0,-1400.0,-600.0
-1306.0,-588.0,-100.979,3.17635e-07,84.5471,-172.725,95.4529,7.275,-1306.0,-588.0,-1400.0,-600.0
-1304.0,-588.0,-101.158,3.24252e-07,84.6087,-172.875,95.3913,7.12502,-1304.0,-588.0,-1400.0,-600.0
-1302.0,-588.0,-101.334,3.30873e-07,84.6679,-173.019,95.3321,6.98106,-1302.0,-588.0,-1400.0,-600.0
-1300.0,-588.0,-101.506,3.37495e-07,84.7248,-173.157,95.2752,6.84277,-1300.0,-588.0,-1400.0,-600.0
-1298.0,-588.0,-101.676,3.4412e-07,84.7796,-173.29,95.2204,6.70984,-1298.0,-588.0,-1400.0,-600.0
-1296.0,-588.0,-101.842,3.50747e-07,84.8323,-173.418,95.1677,6.58194,-1296.0,-588.0,-1400.0,-600.0
-1294.0,-588.0,-102.004,3.57376e-07,84.883,-173.541,95.117,6.45882,-1294.0,-588.0,-1400.0,-600.0
-1292.0,-588.0,-102.164,3.64007e-07,84.932,-173.66,95.068,6.34019,-1292.0,-588.0,-1400.0,-600.0
-1290.0,-588.0,-102.321,3.70639e-07,84.9792,-173.774,95.0208,6.22583,-1290.0,-588.0,-1400.0,-600.0
-1288.0,-588.0,-102.476,3.77273e-07,85.0247,-173.884,94.9753,6.1155,-1288.0,-588.0,-1400.0,-600.0
-1286.0,-588.0,-102.628,3.83909e-07,85.0687,-173.991,94.9313,6.00901,-1286.0,-588.0,-1400.0,-600.0
-1284.0,-588.0,-102.777,3.90546e-07,85.1113,-174.094,94.8887,5.90614,-1284.0,-588.0,-1400.0,-600.0
-1282.0,-588.0,-102.923,3.97184e-07,85.1524,-174.193,94.8476,5.80673,-1282.0,-588.0,-1400.0,-600.0
-1280.0,-588.0,-103.068,4.03824e-07,85.1922,-174.289,94.8078,5.71059,-1280.0,-588.0,-1400.0,-600.0
-1278.0,-588.0,-103.21,4.10466e-07,85.2307,-174.382,94.7693,5.61758,-1278.0,-588.0,-1400.0,-600.0
-1276.0,-588.0,-103.349,4.17108e-07,85.268,-174.472,94.732,5.52754,-1276.0,-588.0,-1400.0,-600.0
-1274.0,-588.0,-103.487,4.23752e-07,85.3041,-174.56,94.6959,5.44033,-1274.0,-588.0,-1400.0,-600.0
-1272.0,-588.0,-103.622,4.30396e-07,85.3391,-174.644,94.6609,5.35583,-1272.0,-588.0,-1400.0,-600.0
-1270.0,-588.0,-103.756,4.37042e-07,85.3731,-174.726,94.6269,5.2739,-1270.0,-588.0,-1400.0,-600.0
-1268.0,-588.0,-103.887,4.43689e-07,85.4061,-174.806,94.5939,5.19443,-1268.0,-588.0,-1400.0,-600.0
-1266.0,-588.0,-104.016,4.50336e-07,85.4381,-174.883,94.5619,5.11731,-1266.0,-588.0,-1400.0,-600.0
-1264.0,-588.0,-104.144,4.56985e-07,85.4692,-174.958,94.5308,5.04245,-1264.0,-588.0,-1400.0,-600.0
-1262.0,-588.0,-104.27,4.63635e-07,85.4993,-175.03,94.5007,4.96974,-1262.0,-588.0,-1400.0,-600.0
-1260.0,-588.0,-104.394,4.70285e-07,85.5287,-175.101,94.4713,4.89909,-1260.0,-588.0,-1400.0,-600.0
-1258.0,-588.0,-104.516,4.76936e-07,85.5572,-175.17,94.4428,4.83042,-1258.0,-588.0,-1400.0,-600.0
-1256.0,-588.0,-104.637,4.83588e-07,85.585,-175.236,94.415,4.76364,-1256.0,-588.0,-1400.0,-600.0
-1254.0,-588.0,-104.756,4.90241e-07,85.612,-175.301,94.388,4.69868,-1254.0,-588.0,-1400.0,-600.0
-1252.0,-588.0,-104.873,4.96907e-07,85.6195,-175.365,94.3805,4.63546,-1252.0,-588.0,-1400.0,-600.0
-1250.0,-588.0,-104.989,5.03582e-07,85.6134,-175.426,94.3866,4.57392,-1250.0,-588.0,-1400.0,-600.0
-1248.0,-588.0,-105.104,5.10258e-07,85.6075,-175.486,94.3925,4.51399,-1248.0,-588.0,-1400.0,-600.0
-1246.0,-588.0,-105.217,5.16926e-07,85.615,-175.544,94.385,4.4556,-1246.0,-588.0,-1400.0,-600.0
-1244.0,-588.0,-105.328,5.23581e-07,85.6399,-175.601,94.3601,4.39871,-1244.0,-588.0,-1400.0,-600.0
-1242.0,-588.0,-105.438,5.30238e-07,85.6642,-175.657,94.3358,4.34324,-1242.0,-588.0,-1400.0,-600.0
-1240.0,-588.0,-105.547,5.36894e-07,85.6879,-175.711,94.3121,4.28915,-1240.0,-588.0,-1400.0,-600.0
-1238.0,-588.0,-105.654,5.43552e-07,85.7111,-175.764,94.2889,4.23639,-1238.0,-588.0,-1400.0,-600.0
-1236.0,-588.0,-105.76,5.5021e-07,85.7336,-175.815,94.2664,4.18492,-1236.0,-588.0,-1400.0,-600.0
-1234.0,-588.0,-105.865,5.56868e-07,85.7557,-175.865,94.2443,4.13467,-1234.0,-588.0,-1400.0,-600.0
-1232.0,-588.0,-105.969,5.63527e-07,85.7772,-175.914,94.2228,4.08562,-1232.0,-588.0,-1400.0,-600.0
-1230.0,-588.0,-106.071,5.70186e-07,85.7982,-175.962,94.2018,4.03771,-1230.0,-588.0,-1400.0,-600.0
-1228.0,-588.0,-106.172,5.76831e-07,85.8392,-176.009,94.1608,3.99091,-1228.0,-588.0,-1400.0,-600.0
-1226.0,-588.0,-106.272,5.83471e-07,85.8867,-176.055,94.1133,3.94519,-1226.0,-588.0,-1400.0,-600.0
-1224.0,-588.0,-106.37,5.90112e-07,85.933,-176.1,94.067,3.90049,-1224.0,-588.0,-1400.0,-600.0
-1222.0,-588.0,-106.468,5.96754e-07,85.9784,-176.143,94.0216,3.8568,-1222.0,-588.0,-1400.0,-600.0
-1220.0,-588.0,-106.564,6.03396e-07,86.0227,-176.186,93.9773,3.81407,-1220.0,-588.0,-1400.0,-600.0
-1218.0,-588.0,-106.659,6.10039e-07,86.0661,-176.228,93.9339,3.77228,-1218.0,-588.0,-1400.0,-600.0
-1216.0,-588.0,-106.754,6.16683e-07,86.1086,-176.269,93.8914,3.7314,-1216.0,-588.0,-1400.0,-600.0
-1214.0,-588.0,-106.847,6.23327e-07,86.1501,-176.309,93.8499,3.69139,-1214.0,-588.0,-1400.0,-600.0
-1212.0,-588.0,-106.939,6.29972e-07,86.1898,-176.348,93.8102,3.65222,-1212.0,-588.0,-1400.0,-600.0
-1210.0,-588.0,-107.031,6.36636e-07,86.2043,-176.386,93.7957,3.61388,-1210.0,-588.0,-1400.0,-600.0
-1208.0,-588.0,-107.122,6.43301e-07,86.2186,-176.424,93.7814,3.57633,-1208.0,-588.0,-1400.0,-600.0
-1206.0,-588.0,-107.212,6.49965e-07,86.2325,-176.46,93.7675,3.53956,-1206.0,-588.0,-1400.0,-600.0
-1204.0,-588.0,-107.3,6.56598e-07,86.2897,-176.496,93.7103,3.50353,-1204.0,-588.0,-1400.0,-600.0
-1202.0,-588.0,-107.388,6.63227e-07,86.3512,-176.532,93.6488,3.46823,-1202.0,-588.0,-1400.0,-600.0
-1600.0,-586.0,0.0,0.0,0.0,0.0,0.0,0.0,0.0,0.0,0.0,0.0
-1598.0,-586.0,0.0,0.0,0.0,0.0,0.0,0.0,0.0,0.0,0.0,0.0
-1596.0,-586.0,0.0,0.0,0.0,0.0,0.0,0.0,0.0,0.0,0.0,0.0
-1594.0,-586.0,0.0,0.0,0.0,0.0,0.0,0.0,0.0,0.0,0.0,0.0
-1592.0,-586.0,-107.109,6.42352e-07,90.0995,-4.17044,89.9005,175.83,-1592.0,-586.0,-1400.0,-600.0
-1590.0,-586.0,-107.018,6.35696e-07,90.0752,-4.21418,89.9248,175.786,-1590.0,-586.0,-1400.0,-600.0
-1588.0,-586.0,-106.927,6.29041e-07,90.0717,-4.25885,89.9283,175.741,-1588.0,-586.0,-1400.0,-600.0
-1586.0,-586.0,-106.834,6.22386e-07,90.0725,-4.30447,89.9275,175.696,-1586.0,-586.0,-1400.0,-600.0
-1584.0,-586.0,-106.74,6.15731e-07,90.0292,-4.35108,89.9708,175.649,-1584.0,-586.0,-1400.0,-600.0
-1582.0,-586.0,-106.646,6.09078e-07,89.9236,-4.39871,90.0764,175.601,-1582.0,-586.0,-1400.0,-600.0
-1580.0,-586.0,-106.55,6.02427e-07,89.8156,-4.44738,90.1844,175.553,-1580.0,-586.0,-1400.0,-600.0
-1578.0,-586.0,-106.453,5.95778e-07,89.7052,-4.49715,90.2948,175.503,-1578.0,-586.0,-1400.0,-600.0
-1576.0,-586.0,-106.356,5.89133e-07,89.5923,-4.54804,90.4077,175.452,-1576.0,-586.0,-1400.0,-600.0
-1574.0,-586.0,-106.257,5.8249e-07,89.4769,-4.6001,90.5231,175.4,-1574.0,-586.0,-1400.0,-600.0
-1572.0,-586.0,-106.157,5.7585e-07,89.3588,-4.65335,90.6412,175.347,-1572.0,-586.0,-1400.0,-600.0
-1570.0,-586.0,-106.056,5.69213e-07,89.2379,-4.70785,90.7621,175.292,-1570.0,-586.0,-1400.0,-600.0
-1568.0,-586.0,-105.954,5.62579e-07,89.1142,-4.76364,90.8858,175.236,-1568.0,-586.0,-1400.0,-600.0
-1566.0,-586.0,-105.851,5.55949e-07,88.9875,-4.82077,91.0125,175.179,-1566.0,-586.0,-1400.0,-600.0
-1564.0,-586.0,-105.746,5.49316e-07,88.8867,-4.87927,91.1133,175.121,-1564.0,-586.0,-1400.0,-600.0
-1562.0,-586.0,-105.64,5.42686e-07,88.7838,-4.93922,91.2162,175.061,-1562.0,-586.0,-1400.0,-600.0
-1560.0,-586.0,-105.533,5.36058e-07,88.6785,-5.00064,91.3215,174.999,-1560.0,-586.0,-1400.0,-600.0
-1558.0,-586.0,-105.425,5.29432e-07,88.5705,-5.06362,91.4295,174.936,-1558.0,-586.0,-1400.0,-600.0
-1556.0,-586.0,-105.316,5.22809e-07,88.4598,-5.12819,91.5402,174.872,-1556.0,-586.0,-1400.0,-600.0
-1554.0,-586.0,-105.205,5.16189e-07,88.3462,-5.19443,91.6538,174.806,-1554.0,-586.0,-1400.0,-600.0
-1552.0,-586.0,-105.092,5.09571e-07,88.2297,-5.2624,91.7703,174.738,-1552.0,-586.0,-1400.0,-600.0
-1550.0,-586.0,-104.978,5.02957e-07,88.1101,-5.33216,91.8899,174.668,-1550.0,-586.0,-1400.0,-600.0
-1548.0,-586.0,-104.863,4.96345e-07,87.9873,-5.40379,92.0127,174.596,-1548.0,-586.0,-1400.0,-600.0
-1546.0,-586.0,-104.747,4.89737e-07,87.8613,-5.47737,92.1387,174.523,-1546.0,-586.0,-1400.0,-600.0
-1544.0,-586.0,-104.628,4.83132e-07,87.7318,-5.55297,92.2682,174.447,-1544.0,-586.0,-1400.0,-600.0
-1542.0,-586.0,-104.509,4.76528e-07,87.6033,-5.63068,92.3967,174.369,-1542.0,-586.0,-1400.0,-600.0
-1540.0,-586.0,-104.387,4.69918e-07,87.5008,-5.71059,92.4992,174.289,-1540.0,-586.0,-1400.0,-600.0
-1538.0,-586.0,-104.264,4.63309e-07,87.3954,-5.7928,92.6046,174.207,-1538.0,-586.0,-1400.0,-600.0
-1536.0,-586.0,-104.138,4.56675e-07,87.3641,-5.87739,92.6359,174.123,-1536.0,-586.0,-1400.0,-600.0
-1534.0,-586.0,-104.011,4.50031e-07,87.3611,-5.96449,92.6389,174.036,-1534.0,-586.0,-1400.0,-600.0
-1532.0,-586.0,-103.881,4.43397e-07,87.3346,-6.05419,92.6654,173.946,-1532.0,-586.0,-1400.0,-600.0
-1530.0,-586.0,-103.75,4.36782e-07,87.2572,-6.14663,92.7428,173.853,-1530.0,-586.0,-1400.0,-600.0
-1528.0,-586.0,-103.618,4.30169e-07,87.1775,-6.24191,92.8225,173.758,-1528.0,-586.0,-1400.0,-600.0
-1526.0,-586.0,-103.483,4.23558e-07,87.0952,-6.34019,92.9048,173.66,-1526.0,-586.0,-1400.0,-600.0
-1524.0,-586.0,-103.346,4.16949e-07,87.0104,-6.4416,92.9896,173.558,-1524.0,-586.0,-1400.0,-600.0
-1522.0,-586.0,-103.207,4.10343e-07,86.9229,-6.54629,93.0771,173.454,-1522.0,-586.0,-1400.0,-600.0
-1520.0,-586.0,-103.066,4.03739e-07,86.8325,-6.65443,93.1675,173.346,-1520.0,-586.0,-1400.0,-600.0
-1518.0,-586.0,-102.922,3.97137e-07,86.7391,-6.76617,93.2609,173.234,-1518.0,-586.0,-1400.0,-600.0
-1516.0,-586.0,-102.777,3.90539e-07,86.6425,-6.88172,93.3575,173.118,-1516.0,-586.0,-1400.0,-600.0
-1514.0,-586.0,-102.628,3.83943e-07,86.5427,-7.00127,93.4573,172.999,-1514.0,-586.0,-1400.0,-600.0
-1512.0,-586.0,-102.477,3.77304e-07,86.5524,-7.12502,93.4476,172.875,-1512.0,-586.0,-1400.0,-600.0
-1510.0,-586.0,-102.322,3.70661e-07,86.5778,-7.25319,93.4222,172.747,-1510.0,-586.0,-1400.0,-600.0
-1508.0,-586.0,-102.165,3.6402e-07,86.6042,-7.38604,93.3958,172.614,-1508.0,-586.0,-1400.0,-600.0
-1506.0,-586.0,-102.005,3.57381e-07,86.6315,-7.52382,93.3685,172.476,-1506.0,-586.0,-1400.0,-600.0
-1504.0,-586.0,-101.841,3.50745e-07,86.6599,-7.6668,93.3401,172.333,-1504.0,-586.0,-1400.0,-600.0
-1502.0,-586.0,-101.675,3.44111e-07,86.6894,-7.81529,93.3106,172.185,-1502.0,-586.0,-1400.0,-600.0
-1500.0,-586.0,-101.506,3.37479e-07,86.7201,-7.96961,93.2799,172.03,-1500.0,-586.0,-1400.0,-600.0
-1498.0,-586.0,-101.333,3.3085e-07,86.752,-8.1301,93.248,171.87,-1498.0,-586.0,-1400.0,-600.0
-1496.0,-586.0,-101.157,3.24224e-07,86.7853,-8.29714,93.2147,171.703,-1496.0,-586.0,-1400.0,-600.0
-1494.0,-586.0,-100.978,3.176e-07,86.82,-8.47114,93.18,171.529,-1494.0,-586.0,-1400.0,-600.0
-1492.0,-586.0,-100.795,3.1098e-07,86.8562,-8.65254,93.1438,171.347,-1492.0,-586.0,-1400.0,-600.0
-1490.0,-586.0,-100.608,3.04365e-07,86.8881,-8.84181,93.1119,171.158,-1490.0,-586.0,-1400.0,-600.0
-1488.0,-586.0,-100.418,2.97799e-07,86.7652,-9.03948,93.2348,170.961,-1488.0,-586.0,-1400.0,-600.0
-1486.0,-586.0,-100.224,2.91237e-07,86.6367,-9.24611,93.3633,170.754,-1486.0,-586.0,-1400.0,-600.0
-1484.0,-586.0,-100.026,2.84681e-07,86.5024,-9.46232,93.4976,170.538,-1484.0,-586.0,-1400.0,-600.0
-1482.0,-586.0,-99.8237,2.78131e-07,86.3618,-9.68879,93.6382,170.311,-1482.0,-586.0,-1400.0,-600.0
-1480.0,-586.0,-99.6166,2.71587e-07,86.2145,-9.92625,93.7855,170.074,-1480.0,-586.0,-1400.0,-600.0
-1478.0,-586.0,-99.4047,2.6505e-07,86.06,-10.1755,93.94,169.824,-1478.0,-586.0,-1400.0,-600.0
-1476.0,-586.0,-99.1878,2.5852e-07,85.8977,-10.4375,94.1023,169.563,-1476.0,-586.0,-1400.0,-600.0
-1474.0,-586.0,-98.9656,2.51998e-07,85.7271,-10.7131,94.2729,169.287,-1474.0,-586.0,-1400.0,-600.0
-1472.0,-586.0,-98.7378,2.45484e-07,85.5476,-11.0035,94.4524,168.996,-1472.0,-586.0,-1400.0,-600.0
-1470.0,-586.0,-98.5038,2.38966e-07,85.3984,-11.3099,94.6016,168.69,-1470.0,-586.0,-1400.0,-600.0
-1468.0,-586.0,-98.2633,2.32448e-07,85.2691,-11.6336,94.7309,168.366,-1468.0,-586.0,-1400.0,-600.0
-1466.0,-586.0,-98.0166,2.25943e-07,85.1189,-11.9761,94.8811,168.024,-1466.0,-586.0,-1400.0,-600.0
-1464.0,-586.0,-97.7637,2.19468e-07,84.9007,-12.3391,95.0993,167.661,-1464.0,-586.0,-1400.0,-600.0
-1462.0,-586.0,-97.5039,2.13006e-07,84.6695,-12.7244,95.3305,167.276,-1462.0,-586.0,-1400.0,-600.0
-1460.0,-586.0,-97.2366,2.06558e-07,84.4241,-13.134,95.5759,166.866,-1460.0,-586.0,-1400.0,-600.0
-1458.0,-586.0,-96.9616,2.00125e-07,84.1632,-13.5704,95.8368,166.43,-1458.0,-586.0,-1400.0,-600.0
-1456.0,-586.0,-96.6783,1.93709e-07,83.8854,-14.0362,96.1146,165.964,-1456.0,-586.0,-1400.0,-600.0
-1454.0,-586.0,-96.3863,1.87311e-07,83.589,-14.5345,96.411,165.466,-1454.0,-586.0,-1400.0,-600.0
-1452.0,-586.0,-96.0851,1.80934e-07,83.2722,-15.0685,96.7278,164.932,-1452.0,-586.0,-1400.0,-600.0
-1450.0,-586.0,-95.7743,1.74579e-07,82.933,-15.6422,97.067,164.358,-1450.0,-586.0,-1400.0,-600.0
-1448.0,-586.0,-95.4533,1.68249e-07,82.569,-16.2602,97.431,163.74,-1448.0,-586.0,-1400.0,-600.0
-1446.0,-586.0,-95.1214,1.61947e-07,82.1775,-16.9275,97.8225,163.072,-1446.0,-586.0,-1400.0,-600.0
-1444.0,-586.0,-94.7782,1.55677e-07,81.7556,-17.6501,98.2444,162.35,-1444.0,-586.0,-1400.0,-600.0
-1442.0,-586.0,-94.4229,1.49442e-07,81.2999,-18.4349,98.7001,161.565,-1442.0,-586.0,-1400.0,-600.0
-1440.0,-586.0,-94.055,1.43248e-07,80.8065,-19.29,99.1935,160.71,-1440.0,-586.0,-1400.0,-600.0
-1438.0,-586.0,-93.6736,1.37099e-07,80.2709,-20.2249,99.7291,159.775,-1438.0,-586.0,-1400.0,-600.0
-1436.0,-586.0,-93.2782,1.31001e-07,79.6882,-21.2505,100.312,158.749,-1436.0,-586.0,-1400.0,-600.0
-1434.0,-586.0,-92.8681,1.24964e-07,79.0526,-22.3801,100.947,157.62,-1434.0,-586.0,-1400.0,-600.0
-1432.0,-586.0,-92.4428,1.18995e-07,78.3577,-23.6294,101.642,156.371,-1432.0,-586.0,-1400.0,-600.0
-1430.0,-586.0,-92.0016,1.13105e-07,77.5963,-25.0169,102.404,154.983,-1430.0,-586.0,-1400.0,-600.0
-1428.0,-586.0,-91.5444,1.07308e-07,76.7602,-26.5651,103.24,153.435,-1428.0,-586.0,-1400.0,-600.0
-1426.0,-586.0,-91.071,1.01619e-07,75.8407,-28.3008,104.159,151.699,-1426.0,-586.0,-1400.0,-600.0
-1424.0,-586.0,-90.582,9.60584e-08,74.8283,-30.2564,105.172,149.744,-1424.0,-586.0,-1400.0,-600.0
-1422.0,-586.0,-90.0783,9.06486e-08,73.7136,-32.4712,106.286,147.529,-1422.0,-586.0,-1400.0,-600.0
-1420.0,-586.0,-89.5619,8.54186e-08,72.4879,-34.992,107.512,145.008,-1420.0,-586.0,-1400.0,-600.0
-1418.0,-586.0,-89.0361,8.04035e-08,71.1448,-37.875,108.855,142.125,-1418.0,-586.0,-1400.0,-600.0
-1416.0,-586.0,-88.5062,7.56462e-08,69.6823,-41.1859,110.318,138.814,-1416.0,-586.0,-1400.0,-600.0
-1414.0,-586.0,-87.9797,7.11983e-08,68.1071,-45.0,111.893,135.0,-1414.0,-586.0,-1400.0,-600.0
-1412.0,-586.0,-87.4673,6.71214e-08,66.4395,-49.3987,113.56,130.601,-1412.0,-586.0,-1400.0,-600.0
-1410.0,-586.0,-86.9836,6.3487e-08,64.7204,-54.4623,115.28,125.538,-1410.0,-586.0,-1400.0,-600.0
-1408.0,-586.0,-86.547,6.03749e-08,63.0179,-60.2551,116.982,119.745,-1408.0,-586.0,-1400.0,-600.0
-1406.0,-586.0,-86.1787,5.78697e-08,61.4307,-66.8014,118.569,113.199,-1406.0,-586.0,-1400.0,-600.0
-1404.0,-586.0,-85.9016,5.60526e-08,60.0827,-74.0546,119.917,105.945,-1404.0,-586.0,-1400.0,-600.0
-1402.0,-586.0,-85.7356,5.49919e-08,59.1034,-81.8699,120.897,98.1301,-1402.0,-586.0,-1400.0,-600.0
-1400.0,-586.0,-85.6944,5.47318e-08,58.5955,-90.0,121.405,90.0,-1400.0,-586.0,-1400.0,-600.0
-1398.0,-586.0,-85.7815,5.52833e-08,58.6025,-98.1301,121.398,81.8699,-1398.0,-586.0,-1400.0,-600.0
-1396.0,-586.0,-119.269,1.7319e-07,105.331,-93.8965,101.908,-82.4981,-1397.59,-618.265,-1396.28,-590.076
-1394.0,-586.0,-127.021,1.73674e-07,106.981,-95.1436,101.787,-80.1585,-1396.84,-618.233,-1394.33,-589.646
-1392.0,-586.0,-126.064,6.60882e-08,102.507,-114.076,129.938,58.0599,-1393.84,-590.121,-1393.84,-590.121
-1390.0,-586.0,-126.788,6.90181e-08,102.103,-119.271,127.783,52.1385,-1392.28,-590.074,-1392.28,-590.074
-1388.0,-586.0,-127.394,7.2446e-08,101.653,-123.994,125.573,47.049,-1390.71,-590.026,-1390.71,-590.026
-1386.0,-586.0,-128.577,7.63049e-08,101.184,-128.252,123.4,42.6924,-1389.14,-589.977,-1389.14,-589.977
-1384.0,-586.0,-127.682,8.05329e-08,100.714,-132.07,121.322,38.962,-1387.55,-589.929,-1387.55,-589.929
-1382.0,-586.0,-128.837,8.50749e-08,100.257,-135.485,119.37,35.7575,-1385.95,-589.88,-1385.95,-589.88
-1380.0,-586.0,-128.597,8.98834e-08,99.8209,-138.536,117.559,32.9912,-1384.34,-589.831,-1384.34,-589.831
-1378.0,-586.0,-129.694,9.49178e-08,99.4101,-141.265,115.89,30.5898,-1382.71,-589.781,-1382.71,-589.781
-1376.0,-586.0,-120.443,1.88643e-07,105.679,-115.542,100.962,-61.4045,-1390.21,-617.954,-1377.79,-589.751
-1374.0,-586.0,-122.58,1.91434e-07,105.357,-117.411,100.886,-59.5427,-1389.46,-617.922,-1375.95,-589.751
-1372.0,-586.0,-129.133,1.10981e-07,96.864,-147.619,111.634,24.9641,-1377.72,-589.628,-1377.72,-589.628
-1370.0,-586.0,-116.899,1.97846e-07,111.594,-117.983,100.483,-55.7734,-1387.85,-617.854,-1371.57,-588.953
-1368.0,-586.0,-115.0,2.01053e-07,111.406,-119.787,100.151,-54.0899,-1387.09,-617.822,-1369.69,-588.953
-1366.0,-586.0,-131.853,1.28403e-07,98.8985,-153.09,108.51,21.1851,-1372.86,-589.479,-1372.86,-589.479
-1364.0,-586.0,-131.571,1.34319e-07,98.618,-154.432,107.607,20.135,-1371.16,-589.428,-1371.16,-589.428
-1362.0,-586.0,-131.562,1.40304e-07,98.3606,-155.66,106.775,19.1833,-1369.46,-589.376,-1369.46,-589.376
-1360.0,-586.0,-131.747,1.46348e-07,98.1246,-156.787,106.008,18.3173,-1367.75,-589.323,-1367.75,-589.323
-1358.0,-586.0,-142.132,1.93906e-07,91.8146,138.627,119.005,35.1847,-1385.63,-589.87,-1370.59,-574.91
-1356.0,-586.0,-141.6,2.12657e-07,91.5475,-132.418,120.576,37.7065,-1386.95,-589.911,-1358.79,-589.049
-1354.0,-586.0,0.0,0.0,0.0,0.0,0.0,0.0,0.0,0.0,0.0,0.0
-1352.0,-586.0,0.0,0.0,0.0,0.0,0.0,0.0,0.0,0.0,0.0,0.0
-1350.0,-586.0,0.0,0.0,0.0,0.0,0.0,0.0,0.0,0.0,0.0,0.0
-1348.0,-586.0,0.0,0.0,0.0,0.0,0.0,0.0,0.0,0.0,0.0,0.0
-1346.0,-586.0,0.0,0.0,0.0,0.0,0.0,0.0,0.0,0.0,0.0,0.0
-1344.0,-586.0,0.0,0.0,0.0,0.0,0.0,0.0,0.0,0.0,0.0,0.0
-1342.0,-586.0,-151.029,1.34675e-06,92.0655,4.11748,91.5318,6.54557,-1170.25,-573.638,-1306.33,-583.432
-1340.0,-586.0,-151.042,1.3401e-06,92.1878,4.13817,91.5317,6.5251,-1170.24,-573.72,-1306.33,-583.564
-1338.0,-586.0,-151.064,1.33345e-06,92.3254,4.15912,91.5317,6.50442,-1170.23,-573.803,-1306.33,-583.697
-1336.0,-586.0,-151.097,1.3268e-06,92.4816,4.18032,91.5317,6.48353,-1170.22,-573.887,-1306.32,-583.831
-1334.0,-586.0,-149.348,1.32018e-06,94.0175,4.1168,91.5316,6.45901,-1170.21,-573.986,-1319.09,-584.927
-1332.0,-586.0,-148.452,1.31354e-06,94.3093,4.12166,91.5316,6.43694,-1170.2,-574.074,-1316.83,-584.907
-1330.0,-586.0,-147.285,1.30691e-06,94.6498,4.12393,91.5316,6.41466,-1170.2,-574.164,-1315.01,-584.919
-1328.0,-586.0,-145.688,1.30027e-06,95.0525,4.12289,91.5316,6.39215,-1170.19,-574.254,-1313.51,-584.955
-1326.0,-586.0,-143.362,1.29365e-06,95.5359,4.11749,91.5315,6.36942,-1170.18,-574.346,-1312.25,-585.01
-1324.0,-586.0,-139.863,1.28702e-06,96.1271,4.10627,91.5315,6.34646,-1170.17,-574.438,-1311.19,-585.081
-1322.0,-586.0,-130.474,1.28041e-06,96.635,4.10035,91.5415,6.32328,-1170.16,-574.531,-1309.62,-585.113
-1320.0,-586.0,-130.495,1.2738e-06,96.6696,4.12196,91.5747,6.29983,-1170.15,-574.625,-1306.56,-585.032
-1318.0,-586.0,-130.497,1.26716e-06,96.6954,4.14379,91.5992,6.27666,-1170.14,-574.719,-1304.33,-585.009
-1316.0,-586.0,-130.493,1.26052e-06,96.7179,4.16586,91.6205,6.25346,-1170.14,-574.812,-1302.4,-585.009
-1314.0,-586.0,-136.668,3.43964e-07,97.7493,-5.3371,96.2214,8.05203,-1310.13,-587.286,-1306.25,-586.724
-1312.0,-586.0,-152.321,1.24713e-06,99.6419,4.48794,91.5313,6.2158,-1170.12,-574.963,-1306.28,-585.551
-1310.0,-586.0,-152.766,1.24055e-06,103.403,4.55287,91.5313,6.19208,-1170.11,-575.058,-1306.27,-585.703
-1308.0,-586.0,-152.771,3.81031e-07,109.664,-150.465,95.0613,36.9355,-1386.56,-589.899,-1310.12,-587.202
-1306.0,-586.0,-123.423,1.22683e-06,88.5801,4.51964,91.4199,6.14264,-1170.09,-575.257,-1170.09,-575.257
-1304.0,-586.0,-106.162,3.58964e-07,85.0968,-151.79,94.9032,-23.3833,-1361.3,-616.735,-1361.3,-616.735
-1302.0,-586.0,-108.042,3.64861e-07,85.1319,-152.287,94.8681,-22.8862,-1360.44,-616.699,-1360.44,-616.699
-1300.0,-586.0,-108.288,3.70784e-07,85.1661,-152.768,94.8339,-22.4049,-1359.58,-616.663,-1359.58,-616.663
-1298.0,-586.0,-106.795,3.76733e-07,85.1996,-153.235,94.8004,-21.9388,-1358.72,-616.627,-1358.72,-616.627
-1296.0,-586.0,-101.862,3.51591e-07,84.8094,-172.333,95.1906,7.6668,-1296.0,-586.0,-1400.0,-600.0
-1294.0,-586.0,-102.025,3.58204e-07,84.8602,-172.476,95.1398,7.52382,-1294.0,-586.0,-1400.0,-600.0
-1292.0,-586.0,-102.184,3.6482e-07,84.9093,-172.614,95.0907,7.38604,-1292.0,-586.0,-1400.0,-600.0
-1290.0,-586.0,-102.34,3.71438e-07,84.9566,-172.747,95.0434,7.25319,-1290.0,-586.0,-1400.0,-600.0
-1288.0,-586.0,-102.494,3.78058e-07,85.0023,-172.875,94.9977,7.12502,-1288.0,-586.0,-1400.0,-600.0
-1286.0,-586.0,-102.645,3.84681e-07,85.0464,-172.999,94.9536,7.00127,-1286.0,-586.0,-1400.0,-600.0
-1284.0,-586.0,-102.794,3.91305e-07,85.0891,-173.118,94.9109,6.88172,-1284.0,-586.0,-1400.0,-600.0
-1282.0,-586.0,-102.94,3.97931e-07,85.1303,-173.234,94.8697,6.76617,-1282.0,-586.0,-1400.0,-600.0
-1280.0,-586.0,-103.083,4.04559e-07,85.1702,-173.346,94.8298,6.65443,-1280.0,-586.0,-1400.0,-600.0
-1278.0,-586.0,-103.225,4.11188e-07,85.2089,-173.454,94.7911,6.54629,-1278.0,-586.0,-1400.0,-600.0
-1276.0,-586.0,-103.364,4.17819e-07,85.2464,-173.558,94.7536,6.4416,-1276.0,-586.0,-1400.0,-600.0
-1274.0,-586.0,-103.501,4.24452e-07,85.2826,-173.66,94.7174,6.34019,-1274.0,-586.0,-1400.0,-600.0
-1272.0,-586.0,-103.636,4.31086e-07,85.3178,-173.758,94.6822,6.24191,-1272.0,-586.0,-1400.0,-600.0
-1270.0,-586.0,-103.769,4.37721e-07,85.352,-173.853,94.648,6.14663,-1270.0,-586.0,-1400.0,-600.0
-1268.0,-586.0,-103.9,4.44358e-07,85.3851,-173.946,94.6149,6.05419,-1268.0,-586.0,-1400.0,-600.0
-1266.0,-586.0,-104.029,4.50996e-07,85.4173,-174.036,94.5827,5.96449,-1266.0,-586.0,-1400.0,-600.0
-1264.0,-586.0,-104.156,4.57635e-07,85.4485,-174.123,94.5515,5.87739,-1264.0,-586.0,-1400.0,-600.0
-1262.0,-586.0,-104.282,4.64276e-07,85.4789,-174.207,94.5211,5.7928,-1262.0,-586.0,-1400.0,-600.0
-1260.0,-586.0,-104.405,4.70917e-07,85.5084,-174.289,94.4916,5.71059,-1260.0,-586.0,-1400.0,-600.0
-1258.0,-586.0,-104.527,4.77559e-07,85.5371,-174.369,94.4629,5.63068,-1258.0,-586.0,-1400.0,-600.0
-1256.0,-586.0,-104.648,4.84203e-07,85.565,-174.447,94.435,5.55297,-1256.0,-586.0,-1400.0,-600.0
-1254.0,-586.0,-104.766,4.90848e-07,85.5922,-174.523,94.4078,5.47737,-1254.0,-586.0,-1400.0,-600.0
-1252.0,-586.0,-104.884,4.97505e-07,85.5999,-174.596,94.4001,5.40379,-1252.0,-586.0,-1400.0,-600.0
-1250.0,-586.0,-105.0,5.04173e-07,85.594,-174.668,94.406,5.33216,-1250.0,-586.0,-1400.0,-600.0
-1248.0,-586.0,-105.114,5.10838e-07,85.5943,-174.738,94.4057,5.2624,-1248.0,-586.0,-1400.0,-600.0
-1246.0,-586.0,-105.226,5.17485e-07,85.6197,-174.806,94.3803,5.19443,-1246.0,-586.0,-1400.0,-600.0
-1244.0,-586.0,-105.338,5.24134e-07,85.6445,-174.872,94.3555,5.12819,-1244.0,-586.0,-1400.0,-600.0
-1242.0,-586.0,-105.447,5.30783e-07,85.6687,-174.936,94.3313,5.06362,-1242.0,-586.0,-1400.0,-600.0
-1240.0,-586.0,-105.556,5.37433e-07,85.6923,-174.999,94.3077,5.00064,-1240.0,-586.0,-1400.0,-600.0
-1238.0,-586.0,-105.663,5.44084e-07,85.7153,-175.061,94.2847,4.93922,-1238.0,-586.0,-1400.0,-600.0
-1236.0,-586.0,-105.769,5.50736e-07,85.7377,-175.121,94.2623,4.87927,-1236.0,-586.0,-1400.0,-600.0
-1234.0,-586.0,-105.873,5.57388e-07,85.7597,-175.179,94.2403,4.82077,-1234.0,-586.0,-1400.0,-600.0
-1232.0,-586.0,-105.977,5.6404e-07,85.7811,-175.236,94.2189,4.76364,-1232.0,-586.0,-1400.0,-600.0
-1230.0,-586.0,-106.079,5.70694e-07,85.802,-175.292,94.198,4.70785,-1230.0,-586.0,-1400.0,-600.0
-1228.0,-586.0,-106.179,5.77333e-07,85.8429,-175.347,94.1571,4.65335,-1228.0,-586.0,-1400.0,-600.0
-1226.0,-586.0,-106.279,5.83967e-07,85.8902,-175.4,94.1098,4.6001,-1226.0,-586.0,-1400.0,-600.0
-1224.0,-586.0,-106.377,5.90602e-07,85.9364,-175.452,94.0636,4.54804,-1224.0,-586.0,-1400.0,-600.0
-1222.0,-586.0,-106.475,5.97239e-07,85.9817,-175.503,94.0183,4.49715,-1222.0,-586.0,-1400.0,-600.0
-1220.0,-586.0,-106.571,6.03876e-07,86.0259,-175.553,93.9741,4.44738,-1220.0,-586.0,-1400.0,-600.0
-1218.0,-586.0,-106.666,6.10513e-07,86.0692,-175.601,93.9308,4.39871,-1218.0,-586.0,-1400.0,-600.0
-1216.0,-586.0,-106.76,6.17152e-07,86.1115,-175.649,93.8885,4.35108,-1216.0,-586.0,-1400.0,-600.0
-1214.0,-586.0,-106.854,6.23791e-07,86.153,-175.696,93.847,4.30447,-1214.0,-586.0,-1400.0,-600.0
-1212.0,-586.0,-106.946,6.30431e-07,86.1935,-175.741,93.8065,4.25885,-1212.0,-586.0,-1400.0,-600.0
-1210.0,-586.0,-107.037,6.37077e-07,86.2264,-175.786,93.7736,4.21418,-1210.0,-586.0,-1400.0,-600.0
-1208.0,-586.0,-107.128,6.43736e-07,86.2404,-175.83,93.7596,4.17044,-1208.0,-586.0,-1400.0,-600.0
-1206.0,-586.0,-107.217,6.50397e-07,86.2541,-175.872,93.7459,4.12759,-1206.0,-586.0,-1400.0,-600.0
-1204.0,-586.0,-107.306,6.57025e-07,86.311,-175.914,93.689,4.08562,-1204.0,-586.0,-1400.0,-600.0
-1202.0,-586.0,-107.393,6.6365e-07,86.3722,-175.956,93.6278,4.04449,-1202.0,-586.0,-1400.0,-600.0
-1600.0,-584.0,0.0,0.0,0.0,0.0,0.0,0.0,0.0,0.0,0.0,0.0
-1598.0,-584.0,0.0,0.0,0.0,0.0,0.0,0.0,0.0,0.0,0.0,0.0
-1596.0,-584.0,0.0,0.0,0.0,0.0,0.0,0.0,0.0,0.0,0.0,0.0
-1594.0,-584.0,0.0,0.0,0.0,0.0,0.0,0.0,0.0,0.0,0.0,0.0
-1592.0,-584.0,-107.116,6.42876e-07,90.2341,-4.76364,89.7659,175.236,-1592.0,-584.0,-1400.0,-600.0
-1590.0,-584.0,-107.026,6.36225e-07,90.2112,-4.81355,89.7888,175.186,-1590.0,-584.0,-1400.0,-600.0
-1588.0,-584.0,-106.934,6.29575e-07,90.1895,-4.86451,89.8105,175.135,-1588.0,-584.0,-1400.0,-600.0
-1586.0,-584.0,-106.841,6.22925e-07,90.1915,-4.91657,89.8085,175.083,-1586.0,-584.0,-1400.0,-600.0
-1584.0,-584.0,-106.748,6.16275e-07,90.1496,-4.96974,89.8504,175.03,-1584.0,-584.0,-1400.0,-600.0
-1582.0,-584.0,-106.653,6.09625e-07,90.0454,-5.02408,89.9546,174.976,-1582.0,-584.0,-1400.0,-600.0
-1580.0,-584.0,-106.558,6.02978e-07,89.9388,-5.07961,90.0612,174.92,-1580.0,-584.0,-1400.0,-600.0
-1578.0,-584.0,-106.461,5.96333e-07,89.8299,-5.13638,90.1701,174.864,-1578.0,-584.0,-1400.0,-600.0
-1576.0,-584.0,-106.364,5.89692e-07,89.7185,-5.19443,90.2815,174.806,-1576.0,-584.0,-1400.0,-600.0
-1574.0,-584.0,-106.265,5.83053e-07,89.6046,-5.2538,90.3954,174.746,-1574.0,-584.0,-1400.0,-600.0
-1572.0,-584.0,-106.166,5.76417e-07,89.4881,-5.31455,90.5119,174.685,-1572.0,-584.0,-1400.0,-600.0
-1570.0,-584.0,-106.065,5.69784e-07,89.3689,-5.37671,90.6311,174.623,-1570.0,-584.0,-1400.0,-600.0
-1568.0,-584.0,-105.963,5.63154e-07,89.2468,-5.44033,90.7532,174.56,-1568.0,-584.0,-1400.0,-600.0
-1566.0,-584.0,-105.86,5.56528e-07,89.1219,-5.50548,90.8781,174.495,-1566.0,-584.0,-1400.0,-600.0
-1564.0,-584.0,-105.756,5.49904e-07,89.0003,-5.5722,90.9997,174.428,-1564.0,-584.0,-1400.0,-600.0
-1562.0,-584.0,-105.65,5.43279e-07,88.899,-5.64055,91.101,174.359,-1562.0,-584.0,-1400.0,-600.0
-1560.0,-584.0,-105.543,5.36657e-07,88.7952,-5.71059,91.2048,174.289,-1560.0,-584.0,-1400.0,-600.0
-1558.0,-584.0,-105.435,5.30037e-07,88.6888,-5.78239,91.3112,174.218,-1558.0,-584.0,-1400.0,-600.0
-1556.0,-584.0,-105.326,5.2342e-07,88.5797,-5.85601,91.4203,174.144,-1556.0,-584.0,-1400.0,-600.0
-1554.0,-584.0,-105.215,5.16806e-07,88.4679,-5.93153,91.5321,174.068,-1554.0,-584.0,-1400.0,-600.0
-1552.0,-584.0,-105.103,5.10194e-07,88.3531,-6.00901,91.6469,173.991,-1552.0,-584.0,-1400.0,-600.0
-1550.0,-584.0,-104.989,5.03586e-07,88.2353,-6.08853,91.7647,173.911,-1550.0,-584.0,-1400.0,-600.0
-1548.0,-584.0,-104.874,4.96981e-07,88.1144,-6.17018,91.8856,173.83,-1548.0,-584.0,-1400.0,-600.0
-1546.0,-584.0,-104.758,4.90379e-07,87.9903,-6.25403,92.0097,173.746,-1546.0,-584.0,-1400.0,-600.0
-1544.0,-584.0,-104.64,4.83781e-07,87.8627,-6.34019,92.1373,173.66,-1544.0,-584.0,-1400.0,-600.0
-1542.0,-584.0,-104.521,4.77186e-07,87.7316,-6.42875,92.2684,173.571,-1542.0,-584.0,-1400.0,-600.0
-1540.0,-584.0,-104.399,4.70591e-07,87.6096,-6.5198,92.3904,173.48,-1540.0,-584.0,-1400.0,-600.0
-1538.0,-584.0,-104.276,4.63991e-07,87.506,-6.61346,92.494,173.387,-1538.0,-584.0,-1400.0,-600.0
-1536.0,-584.0,-104.151,4.57367e-07,87.4764,-6.70984,92.5236,173.29,-1536.0,-584.0,-1400.0,-600.0
-1534.0,-584.0,-104.024,4.50736e-07,87.4688,-6.80905,92.5312,173.191,-1534.0,-584.0,-1400.0,-600.0
-1532.0,-584.0,-103.896,4.4413e-07,87.3948,-6.91123,92.6052,173.089,-1532.0,-584.0,-1400.0,-600.0
-1530.0,-584.0,-103.765,4.37526e-07,87.3185,-7.0165,92.6815,172.983,-1530.0,-584.0,-1400.0,-600.0
-1528.0,-584.0,-103.633,4.30924e-07,87.2399,-7.12502,92.7601,172.875,-1528.0,-584.0,-1400.0,-600.0
-1526.0,-584.0,-103.499,4.24324e-07,87.1589,-7.23692,92.8411,172.763,-1526.0,-584.0,-1400.0,-600.0
-1524.0,-584.0,-103.362,4.17728e-07,87.0753,-7.35238,92.9247,172.648,-1524.0,-584.0,-1400.0,-600.0
-1522.0,-584.0,-103.224,4.11133e-07,86.989,-7.47156,93.011,172.528,-1522.0,-584.0,-1400.0,-600.0
-1520.0,-584.0,-103.083,4.04542e-07,86.9,-7.59464,93.1,172.405,-1520.0,-584.0,-1400.0,-600.0
-1518.0,-584.0,-102.94,3.97953e-07,86.808,-7.72183,93.192,172.278,-1518.0,-584.0,-1400.0,-600.0
-1516.0,-584.0,-102.795,3.91368e-07,86.7129,-7.85331,93.2871,172.147,-1516.0,-584.0,-1400.0,-600.0
-1514.0,-584.0,-102.647,3.84786e-07,86.6146,-7.98933,93.3854,172.011,-1514.0,-584.0,-1400.0,-600.0
-1512.0,-584.0,-102.496,3.78162e-07,86.6258,-8.1301,93.3742,171.87,-1512.0,-584.0,-1400.0,-600.0
-1510.0,-584.0,-102.343,3.71536e-07,86.6526,-8.27589,93.3474,171.724,-1510.0,-584.0,-1400.0,-600.0
-1508.0,-584.0,-102.186,3.64911e-07,86.6803,-8.42697,93.3197,171.573,-1508.0,-584.0,-1400.0,-600.0
-1506.0,-584.0,-102.027,3.5829e-07,86.7092,-8.58362,93.2908,171.416,-1506.0,-584.0,-1400.0,-600.0
-1504.0,-584.0,-101.864,3.51671e-07,86.7391,-8.74616,93.2609,171.254,-1504.0,-584.0,-1400.0,-600.0
-1502.0,-584.0,-101.699,3.45055e-07,86.7702,-8.91493,93.2298,171.085,-1502.0,-584.0,-1400.0,-600.0
-1500.0,-584.0,-101.531,3.38443e-07,86.8026,-9.09028,93.1974,170.91,-1500.0,-584.0,-1400.0,-600.0
-1498.0,-584.0,-101.359,3.31834e-07,86.8363,-9.2726,93.1637,170.727,-1498.0,-584.0,-1400.0,-600.0
-1496.0,-584.0,-101.184,3.25228e-07,86.8714,-9.46232,93.1286,170.538,-1496.0,-584.0,-1400.0,-600.0
-1494.0,-584.0,-101.006,3.18627e-07,86.908,-9.65989,93.092,170.34,-1494.0,-584.0,-1400.0,-600.0
-1492.0,-584.0,-100.824,3.12029e-07,86.9461,-9.86581,93.0539,170.134,-1492.0,-584.0,-1400.0,-600.0
-1490.0,-584.0,-100.638,3.05438e-07,86.9802,-10.0806,93.0198,169.919,-1490.0,-584.0,-1400.0,-600.0
-1488.0,-584.0,-100.45,2.98894e-07,86.8599,-10.3048,93.1401,169.695,-1488.0,-584.0,-1400.0,-600.0
-1486.0,-584.0,-100.258,2.92357e-07,86.7344,-10.5392,93.2656,169.461,-1486.0,-584.0,-1400.0,-600.0
-1484.0,-584.0,-111.442,2.85829e-07,86.6032,-11.6606,93.3968,169.301,-1476.53,-585.541,-1476.53,-585.541
-1482.0,-584.0,-122.839,2.7937e-07,86.4667,-15.7424,93.5333,169.301,-1476.53,-585.541,-1476.53,-585.541
-1480.0,-584.0,-130.823,2.73108e-07,86.3263,-23.9674,93.6737,169.301,-1476.53,-585.541,-1476.53,-585.541
-1478.0,-584.0,-139.245,2.67578e-07,86.1899,-46.4256,93.8101,169.301,-1476.53,-585.541,-1476.53,-585.541
-1476.0,-584.0,0.0,0.0,0.0,0.0,0.0,0.0,0.0,0.0,0.0,0.0
-1474.0,-584.0,0.0,0.0,0.0,0.0,0.0,0.0,0.0,0.0,0.0,0.0
-1472.0,-584.0,0.0,0.0,0.0,0.0,0.0,0.0,0.0,0.0,0.0,0.0
-1470.0,-584.0,0.0,0.0,0.0,0.0,0.0,0.0,0.0,0.0,0.0,0.0
-1468.0,-584.0,0.0,0.0,0.0,0.0,0.0,0.0,0.0,0.0,0.0,0.0
-1466.0,-584.0,0.0,0.0,0.0,0.0,0.0,0.0,0.0,0.0,0.0,0.0
-1464.0,-584.0,0.0,0.0,0.0,0.0,0.0,0.0,0.0,0.0,0.0,0.0
-1462.0,-584.0,0.0,0.0,0.0,0.0,0.0,0.0,0.0,0.0,0.0,0.0
-1460.0,-584.0,0.0,0.0,0.0,0.0,0.0,0.0,0.0,0.0,0.0,0.0
-1458.0,-584.0,0.0,0.0,0.0,0.0,0.0,0.0,0.0,0.0,0.0,0.0
-1456.0,-584.0,0.0,0.0,0.0,0.0,0.0,0.0,0.0,0.0,0.0,0.0
-1454.0,-584.0,0.0,0.0,0.0,0.0,0.0,0.0,0.0,0.0,0.0,0.0
-1452.0,-584.0,0.0,0.0,0.0,0.0,0.0,0.0,0.0,0.0,0.0,0.0
-1450.0,-584.0,0.0,0.0,0.0,0.0,0.0,0.0,0.0,0.0,0.0,0.0
-1448.0,-584.0,0.0,0.0,0.0,0.0,0.0,0.0,0.0,0.0,0.0,0.0
-1446.0,-584.0,0.0,0.0,0.0,0.0,0.0,0.0,0.0,0.0,0.0,0.0
-1444.0,-584.0,0.0,0.0,0.0,0.0,0.0,0.0,0.0,0.0,0.0,0.0
-1442.0,-584.0,0.0,0.0,0.0,0.0,0.0,0.0,0.0,0.0,0.0,0.0
-1440.0,-584.0,0.0,0.0,0.0,0.0,0.0,0.0,0.0,0.0,0.0,0.0
-1438.0,-584.0,0.0,0.0,0.0,0.0,0.0,0.0,0.0,0.0,0.0,0.0
-1436.0,-584.0,0.0,0.0,0.0,0.0,0.0,0.0,0.0,0.0,0.0,0.0
-1434.0,-584.0,0.0,0.0,0.0,0.0,0.0,0.0,0.0,0.0,0.0,0.0
-1432.0,-584.0,0.0,0.0,0.0,0.0,0.0,0.0,0.0,0.0,0.0,0.0
-1430.0,-584.0,0.0,0.0,0.0,0.0,0.0,0.0,0.0,0.0,0.0,0.0
-1428.0,-584.0,0.0,0.0,0.0,0.0,0.0,0.0,0.0,0.0,0.0,0.0
-1426.0,-584.0,0.0,0.0,0.0,0.0,0.0,0.0,0.0,0.0,0.0,0.0
-1424.0,-584.0,-90.8809,9.94205e-08,75.4816,-33.6901,104.518,146.31,-1424.0,-584.0,-1400.0,-600.0
-1422.0,-584.0,-90.4125,9.42033e-08,74.4806,-36.0274,105.519,143.973,-1422.0,-584.0,-1400.0,-600.0
-1420.0,-584.0,-89.9365,8.91813e-08,73.3939,-38.6598,106.606,141.34,-1420.0,-584.0,-1400.0,-600.0
-1418.0,-584.0,-89.4566,8.43894e-08,72.2205,-41.6335,107.78,138.366,-1418.0,-584.0,-1400.0,-600.0
-1416.0,-584.0,-88.9782,7.98691e-08,70.9639,-45.0,109.036,135.0,-1416.0,-584.0,-1400.0,-600.0
-1414.0,-584.0,-88.5088,7.56691e-08,69.6356,-48.8141,110.364,131.186,-1414.0,-584.0,-1400.0,-600.0
-1412.0,-584.0,-88.0583,7.18455e-08,68.2579,-53.1301,111.742,126.87,-1412.0,-584.0,-1400.0,-600.0
-1410.0,-584.0,-87.6391,6.84614e-08,66.8678,-57.9946,113.132,122.005,-1410.0,-584.0,-1400.0,-600.0
-1408.0,-584.0,-87.2661,6.55849e-08,65.5198,-63.4349,114.48,116.565,-1408.0,-584.0,-1400.0,-600.0
-1406.0,-584.0,-86.956,6.32852e-08,64.2855,-69.444,115.715,110.556,-1406.0,-584.0,-1400.0,-600.0
-1404.0,-584.0,-86.7253,6.1627e-08,63.2478,-75.9638,116.752,104.036,-1404.0,-584.0,-1400.0,-600.0
-1402.0,-584.0,-86.5883,6.06629e-08,62.4884,-82.875,117.512,97.125,-1402.0,-584.0,-1400.0,-600.0
-1400.0,-584.0,-86.5543,6.04262e-08,62.0695,-90.0,117.93,90.0,-1400.0,-584.0,-1400.0,-600.0
-1398.0,-584.0,-86.6258,6.09252e-08,62.0185,-97.125,117.981,82.875,-1398.0,-584.0,-1400.0,-600.0
-1396.0,-584.0,-132.384,1.79617e-07,100.014,-92.6445,101.833,-82.5017,-1397.6,-618.265,-1396.29,-590.196
-1394.0,-584.0,-128.568,7.00173e-08,99.3876,-106.507,132.421,66.9972,-1395.83,-590.182,-1395.83,-590.182
-1392.0,-584.0,-127.96,7.21729e-08,99.1668,-111.662,130.727,60.5761,-1394.44,-590.14,-1394.44,-590.14
-1390.0,-584.0,-127.792,7.48633e-08,98.8955,-116.477,128.837,54.8874,-1393.04,-590.097,-1393.04,-590.097
-1388.0,-584.0,-128.471,7.80331e-08,98.5909,-120.922,126.856,49.906,-1391.63,-590.054,-1391.63,-590.054
-1386.0,-584.0,-129.49,8.16265e-08,98.268,-124.992,124.866,45.5702,-1390.21,-590.01,-1390.21,-590.01
-1384.0,-584.0,-129.936,8.55903e-08,97.939,-128.696,122.923,41.803,-1388.78,-589.967,-1388.78,-589.967
-1382.0,-584.0,-129.224,8.98753e-08,97.6129,-132.054,121.066,38.5262,-1387.34,-589.923,-1387.34,-589.923
-1380.0,-584.0,-130.066,9.4438e-08,97.2961,-135.093,119.313,35.6677,-1385.9,-589.878,-1385.9,-589.878
-1378.0,-584.0,-130.176,9.92399e-08,96.9928,-137.842,117.675,33.1641,-1384.44,-589.834,-1384.44,-589.834
-1376.0,-584.0,-130.855,1.04248e-07,96.7053,-140.328,116.154,30.961,-1382.98,-589.789,-1382.98,-589.789
-1374.0,-584.0,-131.688,1.09421e-07,96.2176,-142.557,114.74,29.0047,-1381.5,-589.744,-1381.5,-589.744
-1372.0,-584.0,-131.499,1.14733e-07,95.4937,-144.55,113.426,27.2566,-1380.0,-589.698,-1380.0,-589.698
-1370.0,-584.0,-129.487,2.60144e-07,108.123,-109.419,97.8579,67.7532,-1395.99,-590.187,-1371.4,-587.959
-1368.0,-584.0,-131.449,1.25885e-07,96.4396,-148.271,111.164,24.38,-1377.07,-589.608,-1377.07,-589.608
-1366.0,-584.0,-131.671,1.31574e-07,96.209,-149.818,110.143,23.1295,-1375.56,-589.562,-1375.56,-589.562
-1364.0,-584.0,-132.032,1.37351e-07,95.9946,-151.235,109.199,21.9978,-1374.05,-589.516,-1374.05,-589.516
-1362.0,-584.0,-132.656,1.43207e-07,95.7955,-152.537,108.326,20.9695,-1372.52,-589.469,-1372.52,-589.469
-1360.0,-584.0,-132.91,1.49131e-07,95.6105,-153.735,107.517,20.0316,-1370.99,-589.422,-1370.99,-589.422
-1358.0,-584.0,-132.75,1.55116e-07,95.4385,-154.84,106.766,19.1733,-1369.44,-589.375,-1369.44,-589.375
-1356.0,-584.0,-132.81,1.61155e-07,95.2785,-155.863,106.068,18.385,-1367.89,-589.327,-1367.89,-589.327
-1354.0,-584.0,0.0,0.0,0.0,0.0,0.0,0.0,0.0,0.0,0.0,0.0
-1352.0,-584.0,0.0,0.0,0.0,0.0,0.0,0.0,0.0,0.0,0.0,0.0
-1350.0,-584.0,0.0,0.0,0.0,0.0,0.0,0.0,0.0,0.0,0.0,0.0
-1348.0,-584.0,0.0,0.0,0.0,0.0,0.0,0.0,0.0,0.0,0.0,0.0
-1346.0,-584.0,0.0,0.0,0.0,0.0,0.0,0.0,0.0,0.0,0.0,0.0
-1344.0,-584.0,0.0,0.0,0.0,0.0,0.0,0.0,0.0,0.0,0.0,0.0
-1342.0,-584.0,-151.093,1.34629e-06,92.0689,3.83402,91.5321,6.82895,-1170.35,-572.498,-1306.38,-581.613
-1340.0,-584.0,-151.105,1.33964e-06,92.1916,3.85329,91.5321,6.80988,-1170.34,-572.575,-1306.38,-581.735
-1338.0,-584.0,-151.127,1.33298e-06,92.3298,3.87279,91.532,6.79061,-1170.34,-572.653,-1306.37,-581.859
-1336.0,-584.0,-149.723,1.32636e-06,93.9935,3.80813,91.532,6.76792,-1170.33,-572.744,-1321.7,-583.048
-1334.0,-584.0,-148.891,1.31972e-06,94.2645,3.81245,91.532,6.74751,-1170.32,-572.826,-1319.16,-583.011
-1332.0,-584.0,-147.83,1.31308e-06,94.5773,3.81454,91.532,6.72689,-1170.31,-572.909,-1317.09,-583.006
-1330.0,-584.0,-146.405,1.30645e-06,94.9424,3.81381,91.5319,6.70608,-1170.31,-572.992,-1315.36,-583.024
-1328.0,-584.0,-144.433,1.29981e-06,95.3743,3.80946,91.5319,6.68505,-1170.3,-573.077,-1313.9,-583.061
-1326.0,-584.0,-141.426,1.29319e-06,95.893,3.80037,91.5319,6.66382,-1170.29,-573.162,-1312.66,-583.114
-1324.0,-584.0,-137.09,1.28657e-06,96.5277,3.78492,91.5319,6.64239,-1170.28,-573.248,-1311.59,-583.179
-1322.0,-584.0,-130.555,1.27995e-06,96.6374,3.80037,91.5613,6.6207,-1170.27,-573.336,-1308.76,-583.12
-1320.0,-584.0,-130.562,1.27332e-06,96.6658,3.82041,91.5885,6.59915,-1170.27,-573.422,-1306.26,-583.082
-1318.0,-584.0,-130.556,1.26668e-06,96.6881,3.84066,91.6096,6.57776,-1170.26,-573.508,-1304.33,-583.082
-1316.0,-584.0,-130.551,1.26003e-06,96.7107,3.86112,91.6309,6.55613,-1170.25,-573.595,-1302.4,-583.082
-1314.0,-584.0,-151.802,1.25322e-06,97.3739,4.13974,91.5318,6.5436,-1170.24,-573.646,-1306.33,-583.445
-1312.0,-584.0,-137.454,3.72933e-07,96.9234,-24.7321,95.6182,-23.6589,-1361.76,-616.754,-1306.25,-586.649
-1310.0,-584.0,-152.333,1.24e-06,102.634,4.22839,91.5317,6.4995,-1170.23,-573.823,-1306.32,-583.728
-1308.0,-584.0,-154.054,1.23356e-06,113.77,4.43457,91.5317,6.47747,-1170.22,-573.911,-1306.32,-583.87
-1306.0,-584.0,-123.476,1.22633e-06,88.5695,4.20872,91.4305,6.45356,-1170.21,-574.008,-1170.21,-574.008
-1304.0,-584.0,-123.43,1.21968e-06,88.5484,4.23174,91.4516,6.43055,-1170.2,-574.1,-1170.2,-574.1
-1302.0,-584.0,-116.249,4.00087e-07,85.5304,-142.958,94.4696,35.7199,-1385.93,-589.879,-1344.43,-616.024
-1300.0,-584.0,-106.737,3.73892e-07,85.1732,-151.856,94.8268,-23.3175,-1361.19,-616.73,-1361.19,-616.73
-1298.0,-584.0,-108.5,3.79793e-07,85.2057,-152.332,94.7943,-22.8409,-1360.36,-616.696,-1360.36,-616.696
-1296.0,-584.0,-108.426,4.16259e-07,85.5877,-144.623,94.4123,34.0547,-1384.98,-589.85,-1340.89,-615.875
-1294.0,-584.0,-106.873,4.21724e-07,85.6066,-145.15,94.3934,33.5283,-1384.67,-589.841,-1339.7,-615.825
-1292.0,-584.0,-105.866,3.97642e-07,85.2992,-153.677,94.7008,-21.4968,-1357.87,-616.591,-1357.87,-616.591
-1290.0,-584.0,-105.122,4.03637e-07,85.3291,-154.098,94.6709,-21.0753,-1357.04,-616.556,-1357.04,-616.556
-1288.0,-584.0,-104.715,4.09653e-07,85.3583,-154.507,94.6417,-20.6662,-1356.2,-616.52,-1356.2,-616.52
-1286.0,-584.0,-104.505,4.1569e-07,85.3869,-154.904,94.6131,-20.2691,-1355.36,-616.485,-1355.36,-616.485
-1284.0,-584.0,-104.41,4.21746e-07,85.4149,-155.29,94.5851,-19.8833,-1354.52,-616.449,-1354.52,-616.449
-1282.0,-584.0,-102.958,3.98788e-07,85.1097,-172.278,94.8903,7.72183,-1282.0,-584.0,-1400.0,-600.0
-1280.0,-584.0,-103.102,4.05402e-07,85.1497,-172.405,94.8503,7.59464,-1280.0,-584.0,-1400.0,-600.0
-1278.0,-584.0,-103.242,4.12018e-07,85.1885,-172.528,94.8115,7.47156,-1278.0,-584.0,-1400.0,-600.0
-1276.0,-584.0,-103.381,4.18636e-07,85.226,-172.648,94.774,7.35238,-1276.0,-584.0,-1400.0,-600.0
-1274.0,-584.0,-103.518,4.25256e-07,85.2624,-172.763,94.7376,7.23692,-1274.0,-584.0,-1400.0,-600.0
-1272.0,-584.0,-103.652,4.31878e-07,85.2977,-172.875,94.7023,7.12502,-1272.0,-584.0,-1400.0,-600.0
-1270.0,-584.0,-103.785,4.38501e-07,85.332,-172.983,94.668,7.0165,-1270.0,-584.0,-1400.0,-600.0
-1268.0,-584.0,-103.915,4.45126e-07,85.3652,-173.089,94.6348,6.91123,-1268.0,-584.0,-1400.0,-600.0
-1266.0,-584.0,-104.044,4.51753e-07,85.3975,-173.191,94.6025,6.80905,-1266.0,-584.0,-1400.0,-600.0
-1264.0,-584.0,-104.171,4.58382e-07,85.4289,-173.29,94.5711,6.70984,-1264.0,-584.0,-1400.0,-600.0
-1262.0,-584.0,-104.296,4.65011e-07,85.4594,-173.387,94.5406,6.61346,-1262.0,-584.0,-1400.0,-600.0
-1260.0,-584.0,-104.419,4.71643e-07,85.489,-173.48,94.511,6.5198,-1260.0,-584.0,-1400.0,-600.0
-1258.0,-584.0,-104.54,4.78275e-07,85.5178,-173.571,94.4822,6.42875,-1258.0,-584.0,-1400.0,-600.0
-1256.0,-584.0,-104.66,4.84909e-07,85.5459,-173.66,94.4541,6.34019,-1256.0,-584.0,-1400.0,-600.0
-1254.0,-584.0,-104.779,4.91544e-07,85.5732,-173.746,94.4268,6.25403,-1254.0,-584.0,-1400.0,-600.0
-1252.0,-584.0,-104.896,4.98193e-07,85.5811,-173.83,94.4189,6.17018,-1252.0,-584.0,-1400.0,-600.0
-1250.0,-584.0,-105.011,5.04852e-07,85.5754,-173.911,94.4246,6.08853,-1250.0,-584.0,-1400.0,-600.0
-1248.0,-584.0,-105.125,5.11491e-07,85.5999,-173.991,94.4001,6.00901,-1248.0,-584.0,-1400.0,-600.0
-1246.0,-584.0,-105.237,5.1813e-07,85.6252,-174.068,94.3748,5.93153,-1246.0,-584.0,-1400.0,-600.0
-1244.0,-584.0,-105.348,5.24771e-07,85.6498,-174.144,94.3502,5.85601,-1244.0,-584.0,-1400.0,-600.0
-1242.0,-584.0,-105.458,5.31412e-07,85.6738,-174.218,94.3262,5.78239,-1242.0,-584.0,-1400.0,-600.0
-1240.0,-584.0,-105.566,5.38054e-07,85.6973,-174.289,94.3027,5.71059,-1240.0,-584.0,-1400.0,-600.0
-1238.0,-584.0,-105.673,5.44698e-07,85.7201,-174.359,94.2799,5.64055,-1238.0,-584.0,-1400.0,-600.0
-1236.0,-584.0,-105.778,5.51342e-07,85.7424,-174.428,94.2576,5.5722,-1236.0,-584.0,-1400.0,-600.0
-1234.0,-584.0,-105.883,5.57987e-07,85.7642,-174.495,94.2358,5.50548,-1234.0,-584.0,-1400.0,-600.0
-1232.0,-584.0,-105.986,5.64632e-07,85.7855,-174.56,94.2145,5.44033,-1232.0,-584.0,-1400.0,-600.0
-1230.0,-584.0,-106.088,5.71279e-07,85.8063,-174.623,94.1937,5.37671,-1230.0,-584.0,-1400.0,-600.0
-1228.0,-584.0,-106.188,5.77911e-07,85.847,-174.685,94.153,5.31455,-1228.0,-584.0,-1400.0,-600.0
-1226.0,-584.0,-106.287,5.84539e-07,85.8942,-174.746,94.1058,5.2538,-1226.0,-584.0,-1400.0,-600.0
-1224.0,-584.0,-106.386,5.91168e-07,85.9403,-174.806,94.0597,5.19443,-1224.0,-584.0,-1400.0,-600.0
-1222.0,-584.0,-106.483,5.97798e-07,85.9854,-174.864,94.0146,5.13638,-1222.0,-584.0,-1400.0,-600.0
-1220.0,-584.0,-106.579,6.04428e-07,86.0295,-174.92,93.9705,5.07961,-1220.0,-584.0,-1400.0,-600.0
-1218.0,-584.0,-106.674,6.1106e-07,86.0727,-174.976,93.9273,5.02408,-1218.0,-584.0,-1400.0,-600.0
-1216.0,-584.0,-106.768,6.17693e-07,86.1149,-175.03,93.8851,4.96974,-1216.0,-584.0,-1400.0,-600.0
-1214.0,-584.0,-106.861,6.24326e-07,86.1563,-175.083,93.8437,4.91657,-1214.0,-584.0,-1400.0,-600.0
-1212.0,-584.0,-106.953,6.30961e-07,86.1967,-175.135,93.8033,4.86451,-1212.0,-584.0,-1400.0,-600.0
-1210.0,-584.0,-107.044,6.37596e-07,86.2364,-175.186,93.7636,4.81355,-1210.0,-584.0,-1400.0,-600.0
-1208.0,-584.0,-107.135,6.44241e-07,86.2626,-175.236,93.7374,4.76364,-1208.0,-584.0,-1400.0,-600.0
-1206.0,-584.0,-107.224,6.50896e-07,86.276,-175.285,93.724,4.71475,-1206.0,-584.0,-1400.0,-600.0
-1204.0,-584.0,-107.312,6.57519e-07,86.3326,-175.333,93.6674,4.66686,-1204.0,-584.0,-1400.0,-600.0
-1202.0,-584.0,-107.4,6.6413e-07,86.4066,-175.38,93.5934,4.61992,-1202.0,-584.0,-1400.0,-600.0
-1600.0,-582.0,0.0,0.0,0.0,0.0,0.0,0.0,0.0,0.0,0.0,0.0
-1598.0,-582.0,0.0,0.0,0.0,0.0,0.0,0.0,0.0,0.0,0.0,0.0
-1596.0,-582.0,0.0,0.0,0.0,0.0,0.0,0.0,0.0,0.0,0.0,0.0
-1594.0,-582.0,0.0,0.0,0.0,0.0,0.0,0.0,0.0,0.0,0.0,0.0
-1592.0,-582.0,-107.124,6.43473e-07,90.3684,-5.35583,89.6316,174.644,-1592.0,-582.0,-1400.0,-600.0
-1590.0,-582.0,-107.034,6.36827e-07,90.3469,-5.41187,89.6531,174.588,-1590.0,-582.0,-1400.0,-600.0
-1588.0,-582.0,-106.942,6.30182e-07,90.325,-5.46909,89.675,174.531,-1588.0,-582.0,-1400.0,-600.0
-1586.0,-582.0,-106.85,6.23538e-07,90.3103,-5.52754,89.6897,174.472,-1586.0,-582.0,-1400.0,-600.0
-1584.0,-582.0,-106.757,6.16894e-07,90.2697,-5.58724,89.7303,174.413,-1584.0,-582.0,-1400.0,-600.0
-1582.0,-582.0,-106.662,6.10248e-07,90.1669,-5.64825,89.8331,174.352,-1582.0,-582.0,-1400.0,-600.0
-1580.0,-582.0,-106.567,6.03606e-07,90.0618,-5.71059,89.9382,174.289,-1580.0,-582.0,-1400.0,-600.0
-1578.0,-582.0,-106.471,5.96965e-07,89.9544,-5.77433,90.0456,174.226,-1578.0,-582.0,-1400.0,-600.0
-1576.0,-582.0,-106.373,5.90328e-07,89.8446,-5.83949,90.1554,174.161,-1576.0,-582.0,-1400.0,-600.0
-1574.0,-582.0,-106.275,5.83694e-07,89.7322,-5.90614,90.2678,174.094,-1574.0,-582.0,-1400.0,-600.0
-1572.0,-582.0,-106.175,5.77063e-07,89.6173,-5.97432,90.3827,174.026,-1572.0,-582.0,-1400.0,-600.0
-1570.0,-582.0,-106.075,5.70435e-07,89.4997,-6.04409,90.5003,173.956,-1570.0,-582.0,-1400.0,-600.0
-1568.0,-582.0,-105.973,5.6381e-07,89.3793,-6.1155,90.6207,173.884,-1568.0,-582.0,-1400.0,-600.0
-1566.0,-582.0,-105.87,5.57189e-07,89.2561,-6.18862,90.7439,173.811,-1566.0,-582.0,-1400.0,-600.0
-1564.0,-582.0,-105.766,5.50572e-07,89.13,-6.26349,90.87,173.737,-1564.0,-582.0,-1400.0,-600.0
-1562.0,-582.0,-105.661,5.43956e-07,89.0141,-6.34019,90.9859,173.66,-1562.0,-582.0,-1400.0,-600.0
-1560.0,-582.0,-105.554,5.3734e-07,88.9118,-6.41879,91.0882,173.581,-1560.0,-582.0,-1400.0,-600.0
-1558.0,-582.0,-105.446,5.30727e-07,88.8071,-6.49935,91.1929,173.501,-1558.0,-582.0,-1400.0,-600.0
-1556.0,-582.0,-105.337,5.24117e-07,88.6996,-6.58194,91.3004,173.418,-1556.0,-582.0,-1400.0,-600.0
-1554.0,-582.0,-105.227,5.1751e-07,88.5895,-6.66666,91.4105,173.333,-1554.0,-582.0,-1400.0,-600.0
-1552.0,-582.0,-105.115,5.10906e-07,88.4765,-6.75357,91.5235,173.246,-1552.0,-582.0,-1400.0,-600.0
-1550.0,-582.0,-105.002,5.04305e-07,88.3605,-6.84277,91.6395,173.157,-1550.0,-582.0,-1400.0,-600.0
-1548.0,-582.0,-104.887,4.97708e-07,88.2415,-6.93435,91.7585,173.066,-1548.0,-582.0,-1400.0,-600.0
-1546.0,-582.0,-104.771,4.91114e-07,88.1192,-7.0284,91.8808,172.972,-1546.0,-582.0,-1400.0,-600.0
-1544.0,-582.0,-104.653,4.84524e-07,87.9937,-7.12502,92.0063,172.875,-1544.0,-582.0,-1400.0,-600.0
-1542.0,-582.0,-104.534,4.77938e-07,87.8647,-7.22432,92.1353,172.776,-1542.0,-582.0,-1400.0,-600.0
-1540.0,-582.0,-104.414,4.71355e-07,87.7321,-7.32641,92.2679,172.674,-1540.0,-582.0,-1400.0,-600.0
-1538.0,-582.0,-104.291,4.6477e-07,87.6167,-7.43141,92.3833,172.569,-1538.0,-582.0,-1400.0,-600.0
-1536.0,-582.0,-104.166,4.58157e-07,87.5888,-7.53945,92.4112,172.461,-1536.0,-582.0,-1400.0,-600.0
-1534.0,-582.0,-104.04,4.51557e-07,87.5282,-7.65065,92.4718,172.349,-1534.0,-582.0,-1400.0,-600.0
-1532.0,-582.0,-103.912,4.44962e-07,87.4553,-7.76517,92.5447,172.235,-1532.0,-582.0,-1400.0,-600.0
-1530.0,-582.0,-103.782,4.3837e-07,87.3801,-7.88314,92.6199,172.117,-1530.0,-582.0,-1400.0,-600.0
-1528.0,-582.0,-103.65,4.31781e-07,87.3027,-8.00473,92.6973,171.995,-1528.0,-582.0,-1400.0,-600.0
-1526.0,-582.0,-103.516,4.25194e-07,87.2229,-8.1301,92.7771,171.87,-1526.0,-582.0,-1400.0,-600.0
-1524.0,-582.0,-103.381,4.18611e-07,87.1406,-8.25944,92.8594,171.741,-1524.0,-582.0,-1400.0,-600.0
-1522.0,-582.0,-103.243,4.12031e-07,87.0557,-8.39293,92.9443,171.607,-1522.0,-582.0,-1400.0,-600.0
-1520.0,-582.0,-103.103,4.05453e-07,86.968,-8.53077,93.032,171.469,-1520.0,-582.0,-1400.0,-600.0
-1518.0,-582.0,-102.96,3.9888e-07,86.8775,-8.67317,93.1225,171.327,-1518.0,-582.0,-1400.0,-600.0
-1516.0,-582.0,-102.816,3.9231e-07,86.784,-8.82038,93.216,171.18,-1516.0,-582.0,-1400.0,-600.0
-1514.0,-582.0,-102.669,3.85743e-07,86.6873,-8.97263,93.3127,171.027,-1514.0,-582.0,-1400.0,-600.0
-1512.0,-582.0,-102.519,3.79137e-07,86.6998,-9.13018,93.3002,170.87,-1512.0,-582.0,-1400.0,-600.0
-1510.0,-582.0,-102.366,3.72528e-07,86.728,-9.29331,93.272,170.707,-1510.0,-582.0,-1400.0,-600.0
-1508.0,-582.0,-102.21,3.65922e-07,86.7572,-9.46232,93.2428,170.538,-1508.0,-582.0,-1400.0,-600.0
-1506.0,-582.0,-102.052,3.5932e-07,86.7875,-9.63754,93.2125,170.362,-1506.0,-582.0,-1400.0,-600.0
-1504.0,-582.0,-101.89,3.52722e-07,86.8191,-9.8193,93.1809,170.181,-1504.0,-582.0,-1400.0,-600.0
-1502.0,-582.0,-101.726,3.46127e-07,86.8518,-10.008,93.1482,169.992,-1502.0,-582.0,-1400.0,-600.0
-1500.0,-582.0,-101.559,3.39536e-07,86.8858,-10.204,93.1142,169.796,-1500.0,-582.0,-1400.0,-600.0
-1498.0,-582.0,-101.388,3.32949e-07,86.9213,-10.4077,93.0787,169.592,-1498.0,-582.0,-1400.0,-600.0
-1496.0,-582.0,-101.215,3.26367e-07,86.9582,-10.6197,93.0418,169.38,-1496.0,-582.0,-1400.0,-600.0
-1494.0,-582.0,-112.994,3.19794e-07,86.9967,-11.4599,93.0033,169.301,-1476.53,-585.541,-1476.53,-585.541
-1492.0,-582.0,-120.065,3.1325e-07,87.0371,-12.8951,92.9629,169.301,-1476.53,-585.541,-1476.53,-585.541
-1490.0,-582.0,-124.969,3.0675e-07,87.0738,-14.732,92.9262,169.301,-1476.53,-585.541,-1476.53,-585.541
-1488.0,-582.0,-128.792,3.00355e-07,86.9577,-17.1611,93.0423,169.301,-1476.53,-585.541,-1476.53,-585.541
-1486.0,-582.0,-132.073,2.94061e-07,86.8375,-20.5085,93.1625,169.301,-1476.53,-585.541,-1476.53,-585.541
-1484.0,-582.0,-135.563,2.87935e-07,86.7141,-25.3729,93.2859,169.301,-1476.53,-585.541,-1476.53,-585.541
-1482.0,-582.0,-139.124,2.82121e-07,86.589,-32.9347,93.411,169.301,-1476.53,-585.541,-1476.53,-585.541
-1480.0,-582.0,-143.11,2.76949e-07,86.4669,-45.6119,93.5331,169.301,-1476.53,-585.541,-1476.53,-585.541
-1478.0,-582.0,-151.485,2.73229e-07,86.3595,-67.5096,93.6405,169.301,-1476.53,-585.541,-1476.53,-585.541
-1476.0,-582.0,0.0,0.0,0.0,0.0,0.0,0.0,0.0,0.0,0.0,0.0
-1474.0,-582.0,0.0,0.0,0.0,0.0,0.0,0.0,0.0,0.0,0.0,0.0
-1472.0,-582.0,0.0,0.0,0.0,0.0,0.0,0.0,0.0,0.0,0.0,0.0
-1470.0,-582.0,0.0,0.0,0.0,0.0,0.0,0.0,0.0,0.0,0.0,0.0
-1468.0,-582.0,0.0,0.0,0.0,0.0,0.0,0.0,0.0,0.0,0.0,0.0
-1466.0,-582.0,0.0,0.0,0.0,0.0,0.0,0.0,0.0,0.0,0.0,0.0
-1464.0,-582.0,0.0,0.0,0.0,0.0,0.0,0.0,0.0,0.0,0.0,0.0
-1462.0,-582.0,0.0,0.0,0.0,0.0,0.0,0.0,0.0,0.0,0.0,0.0
-1460.0,-582.0,0.0,0.0,0.0,0.0,0.0,0.0,0.0,0.0,0.0,0.0
-1458.0,-582.0,0.0,0.0,0.0,0.0,0.0,0.0,0.0,0.0,0.0,0.0
-1456.0,-582.0,0.0,0.0,0.0,0.0,0.0,0.0,0.0,0.0,0.0,0.0
-1454.0,-582.0,0.0,0.0,0.0,0.0,0.0,0.0,0.0,0.0,0.0,0.0
-1452.0,-582.0,0.0,0.0,0.0,0.0,0.0,0.0,0.0,0.0,0.0,0.0
-1450.0,-582.0,0.0,0.0,0.0,0.0,0.0,0.0,0.0,0.0,0.0,0.0
-1448.0,-582.0,0.0,0.0,0.0,0.0,0.0,0.0,0.0,0.0,0.0,0.0
-1446.0,-582.0,0.0,0.0,0.0,0.0,0.0,0.0,0.0,0.0,0.0,0.0
-1444.0,-582.0,0.0,0.0,0.0,0.0,0.0,0.0,0.0,0.0,0.0,0.0
-1442.0,-582.0,0.0,0.0,0.0,0.0,0.0,0.0,0.0,0.0,0.0,0.0
-1440.0,-582.0,0.0,0.0,0.0,0.0,0.0,0.0,0.0,0.0,0.0,0.0
-1438.0,-582.0,0.0,0.0,0.0,0.0,0.0,0.0,0.0,0.0,0.0,0.0
-1436.0,-582.0,0.0,0.0,0.0,0.0,0.0,0.0,0.0,0.0,0.0,0.0
-1434.0,-582.0,0.0,0.0,0.0,0.0,0.0,0.0,0.0,0.0,0.0,0.0
-1432.0,-582.0,0.0,0.0,0.0,0.0,0.0,0.0,0.0,0.0,0.0,0.0
-1430.0,-582.0,0.0,0.0,0.0,0.0,0.0,0.0,0.0,0.0,0.0,0.0
-1428.0,-582.0,0.0,0.0,0.0,0.0,0.0,0.0,0.0,0.0,0.0,0.0
-1426.0,-582.0,0.0,0.0,0.0,0.0,0.0,0.0,0.0,0.0,0.0,0.0
-1424.0,-582.0,-91.1972,1.03106e-07,76.1349,-36.8699,103.865,143.13,-1424.0,-582.0,-1400.0,-600.0
-1422.0,-582.0,-90.7633,9.80842e-08,75.2396,-39.2894,104.76,140.711,-1422.0,-582.0,-1400.0,-600.0
-1420.0,-582.0,-90.3261,9.32708e-08,74.2795,-41.9872,105.721,138.013,-1420.0,-582.0,-1400.0,-600.0
-1418.0,-582.0,-89.8894,8.86994e-08,73.2567,-45.0,106.743,135.0,-1418.0,-582.0,-1400.0,-600.0
-1416.0,-582.0,-89.4586,8.44095e-08,72.1779,-48.3665,107.822,131.634,-1416.0,-582.0,-1400.0,-600.0
-1414.0,-582.0,-89.0407,8.04461e-08,71.0561,-52.125,108.944,127.875,-1414.0,-582.0,-1400.0,-600.0
-1412.0,-582.0,-88.6445,7.68597e-08,69.9125,-56.3099,110.087,123.69,-1412.0,-582.0,-1400.0,-600.0
-1410.0,-582.0,-88.2803,7.37054e-08,68.7785,-60.9454,111.222,119.055,-1410.0,-582.0,-1400.0,-600.0
-1408.0,-582.0,-87.9604,7.10407e-08,67.6962,-66.0375,112.304,113.962,-1408.0,-582.0,-1400.0,-600.0
-1406.0,-582.0,-87.6974,6.89224e-08,66.7174,-71.5651,113.283,108.435,-1406.0,-582.0,-1400.0,-600.0
-1404.0,-582.0,-87.5036,6.74022e-08,65.8981,-77.4712,114.102,102.529,-1404.0,-582.0,-1400.0,-600.0
-1402.0,-582.0,-87.3892,6.65209e-08,65.2913,-83.6598,114.709,96.3402,-1402.0,-582.0,-1400.0,-600.0
-1400.0,-582.0,-87.3609,6.63041e-08,64.9367,-90.0,115.063,90.0,-1400.0,-582.0,-1400.0,-600.0
-1398.0,-582.0,-87.4202,6.67583e-08,64.8521,-96.3402,115.148,83.6598,-1398.0,-582.0,-1400.0,-600.0
-1396.0,-582.0,0.0,0.0,0.0,0.0,0.0,0.0,0.0,0.0,0.0,0.0
-1394.0,-582.0,-129.378,7.64028e-08,97.5922,-105.015,132.82,68.8071,-1396.2,-590.193,-1396.2,-590.193
-1392.0,-582.0,-130.024,7.83823e-08,97.4341,-109.773,131.354,62.7602,-1394.93,-590.155,-1394.93,-590.155
-1390.0,-582.0,-128.967,8.08657e-08,97.2388,-114.265,129.691,57.3163,-1393.66,-590.116,-1393.66,-590.116
-1388.0,-582.0,-129.662,8.38082e-08,97.0168,-118.461,127.916,52.4733,-1392.38,-590.077,-1392.38,-590.077
-1386.0,-582.0,-129.971,8.71633e-08,96.778,-122.35,126.101,48.1953,-1391.09,-590.037,-1391.09,-590.037
-1384.0,-582.0,-131.193,9.08852e-08,96.531,-125.932,124.299,44.4289,-1389.8,-589.998,-1389.8,-589.998
-1382.0,-582.0,-131.006,9.4931e-08,96.2823,-129.218,122.546,41.1147,-1388.49,-589.958,-1388.49,-589.958
-1380.0,-582.0,-130.559,9.92609e-08,96.0372,-132.223,120.869,38.1946,-1387.19,-589.918,-1387.19,-589.918
-1378.0,-582.0,-131.239,1.03839e-07,95.7991,-134.968,119.279,35.6148,-1385.87,-589.878,-1385.87,-589.878
-1376.0,-582.0,-131.546,1.08635e-07,95.5705,-137.474,117.785,33.328,-1384.54,-589.837,-1384.54,-589.837
-1374.0,-582.0,-131.978,1.13621e-07,95.3527,-139.762,116.388,31.2932,-1383.21,-589.796,-1383.21,-589.796
-1372.0,-582.0,-132.754,1.18756e-07,94.8925,-141.834,115.079,29.4661,-1381.87,-589.755,-1381.87,-589.755
-1370.0,-582.0,-133.248,1.24087e-07,95.2259,-143.791,113.881,27.855,-1380.54,-589.714,-1380.54,-589.714
-1368.0,-582.0,-132.696,1.29513e-07,95.0712,-145.549,112.756,26.3872,-1379.18,-589.673,-1379.18,-589.673
-1366.0,-582.0,-132.543,1.35048e-07,94.8888,-147.16,111.709,25.0585,-1377.82,-589.631,-1377.82,-589.631
-1364.0,-582.0,-132.661,1.40682e-07,94.7178,-148.643,110.736,23.8524,-1376.45,-589.59,-1376.45,-589.59
-1362.0,-582.0,-132.844,2.22285e-07,97.8323,-123.519,99.7104,-51.4488,-1385.84,-617.769,-1366.83,-589.295
-1360.0,-582.0,-133.187,1.52203e-07,94.4079,-151.273,108.989,21.7491,-1373.69,-589.505,-1373.69,-589.505
-1358.0,-582.0,-133.688,1.58071e-07,94.2676,-152.443,108.204,20.8279,-1372.3,-589.462,-1372.3,-589.462
-1356.0,-582.0,0.0,0.0,0.0,0.0,0.0,0.0,0.0,0.0,0.0,0.0
-1354.0,-582.0,0.0,0.0,0.0,0.0,0.0,0.0,0.0,0.0,0.0,0.0
-1352.0,-582.0,0.0,0.0,0.0,0.0,0.0,0.0,0.0,0.0,0.0,0.0
-1350.0,-582.0,0.0,0.0,0.0,0.0,0.0,0.0,0.0,0.0,0.0,0.0
-1348.0,-582.0,0.0,0.0,0.0,0.0,0.0,0.0,0.0,0.0,0.0,0.0
-1346.0,-582.0,0.0,0.0,0.0,0.0,0.0,0.0,0.0,0.0,0.0,0.0
-1344.0,-582.0,0.0,0.0,0.0,0.0,0.0,0.0,0.0,0.0,0.0,0.0
-1342.0,-582.0,-141.233,4.89359e-07,91.6324,29.7988,95.5653,-24.4798,-1363.08,-616.81,-1327.94,-573.951
-1340.0,-582.0,-149.405,4.47299e-07,91.8314,-169.852,96.0236,7.89413,-1307.7,-587.202,-1342.39,-582.427
-1338.0,-582.0,-151.201,1.33255e-06,92.334,3.58628,91.5323,7.077,-1170.44,-571.501,-1306.42,-580.021
-1336.0,-582.0,-149.313,1.32594e-06,94.2232,3.50598,91.5323,7.05517,-1170.44,-571.589,-1321.54,-581.114
-1334.0,-582.0,-148.341,1.3193e-06,94.5123,3.50769,91.5323,7.0362,-1170.43,-571.665,-1319.23,-581.094
-1332.0,-582.0,-147.068,1.31266e-06,94.8463,3.50699,91.5323,7.01704,-1170.42,-571.742,-1317.29,-581.098
-1330.0,-582.0,-140.298,4.80301e-07,91.4582,-171.922,96.2338,7.92086,-1310.5,-587.547,-1342.35,-583.753
-1328.0,-582.0,-140.797,4.86907e-07,91.4469,-172.035,96.2124,7.81025,-1310.01,-587.656,-1342.35,-584.007
-1326.0,-582.0,-139.049,1.29277e-06,96.2518,3.48262,91.5322,6.95843,-1170.4,-571.978,-1312.99,-581.208
-1324.0,-582.0,-130.63,1.28615e-06,96.6053,3.48191,91.5479,6.9385,-1170.39,-572.058,-1310.95,-581.206
-1322.0,-582.0,-130.641,1.27952e-06,96.6363,3.50018,91.5779,6.91853,-1170.39,-572.138,-1308.18,-581.155
-1320.0,-582.0,-130.634,1.27287e-06,96.6584,3.51865,91.5988,6.89891,-1170.38,-572.217,-1306.26,-581.155
-1318.0,-582.0,-130.628,1.26623e-06,96.6807,3.53731,91.6199,6.87908,-1170.37,-572.297,-1304.33,-581.155
-1316.0,-582.0,-130.622,1.25958e-06,96.7032,3.55617,91.6413,6.85904,-1170.36,-572.377,-1302.4,-581.155
-1314.0,-582.0,-134.894,3.8178e-07,94.5261,-25.6745,95.6194,-24.1131,-1362.5,-616.786,-1306.27,-585.714
-1312.0,-582.0,-133.525,3.75774e-07,94.2254,-26.1654,95.6202,-24.5557,-1363.2,-616.815,-1306.3,-584.802
-1310.0,-582.0,-151.875,1.23949e-06,101.838,3.90584,91.5321,6.80719,-1170.34,-572.586,-1306.38,-581.753
-1308.0,-582.0,-153.741,1.23302e-06,112.534,4.0727,91.532,6.7867,-1170.34,-572.668,-1306.37,-581.884
-1306.0,-582.0,-123.545,1.22586e-06,88.5588,3.89755,91.4412,6.76473,-1170.33,-572.757,-1170.33,-572.757
-1304.0,-582.0,-123.497,1.21921e-06,88.5377,3.91888,91.4623,6.74341,-1170.32,-572.842,-1170.32,-572.842
-1302.0,-582.0,-123.45,1.21257e-06,88.5164,3.94043,91.4836,6.72185,-1170.31,-572.929,-1170.31,-572.929
-1300.0,-582.0,-121.976,4.88287e-07,86.2805,-131.417,93.7195,-43.396,-1381.4,-617.583,-1329.57,-615.522
-1298.0,-582.0,-116.596,4.14785e-07,85.5811,-143.334,94.4189,35.344,-1385.72,-589.873,-1343.66,-615.992
-1296.0,-582.0,-107.288,3.88822e-07,85.2438,-151.917,94.7562,-23.2567,-1361.08,-616.726,-1361.08,-616.726
-1294.0,-582.0,-108.923,3.94725e-07,85.274,-152.374,94.726,-22.7991,-1360.29,-616.693,-1360.29,-616.693
-1292.0,-582.0,-107.644,4.31028e-07,85.6353,-144.928,94.3647,33.75,-1384.8,-589.845,-1340.21,-615.846
-1290.0,-582.0,-106.628,4.36512e-07,85.6532,-145.433,94.3468,33.2452,-1384.49,-589.835,-1339.05,-615.798
-1288.0,-582.0,-106.215,4.12578e-07,85.3612,-153.668,94.6388,-21.5055,-1357.89,-616.592,-1357.89,-616.592
-1286.0,-582.0,-105.481,4.18572e-07,85.3891,-154.074,94.6109,-21.099,-1357.09,-616.558,-1357.09,-616.558
-1284.0,-582.0,-105.069,4.24587e-07,85.4164,-154.469,94.5836,-20.704,-1356.28,-616.524,-1356.28,-616.524
-1282.0,-582.0,-104.85,4.30622e-07,85.4432,-154.853,94.5568,-20.3201,-1355.47,-616.49,-1355.47,-616.49
-1280.0,-582.0,-104.745,4.36676e-07,85.4694,-155.226,94.5306,-19.9469,-1354.66,-616.455,-1354.66,-616.455
-1278.0,-582.0,-104.709,4.42747e-07,85.4951,-155.589,94.5049,-19.5839,-1353.84,-616.421,-1353.84,-616.421
-1276.0,-582.0,-104.718,4.48836e-07,85.5203,-155.943,94.4797,-19.2307,-1353.03,-616.386,-1353.03,-616.386
-1274.0,-582.0,-104.757,4.54941e-07,85.5449,-156.286,94.4551,-18.8871,-1352.2,-616.352,-1352.2,-616.352
-1272.0,-582.0,-104.815,4.61062e-07,85.5691,-156.621,94.4309,-18.5526,-1351.38,-616.317,-1351.38,-616.317
-1270.0,-582.0,-104.888,4.67199e-07,85.5927,-156.947,94.4073,-18.2268,-1350.56,-616.282,-1350.56,-616.282
-1268.0,-582.0,-103.932,4.45993e-07,85.3464,-172.235,94.6536,7.76517,-1268.0,-582.0,-1400.0,-600.0
-1266.0,-582.0,-104.06,4.52608e-07,85.3788,-172.349,94.6212,7.65065,-1266.0,-582.0,-1400.0,-600.0
-1264.0,-582.0,-104.187,4.59224e-07,85.4103,-172.461,94.5897,7.53945,-1264.0,-582.0,-1400.0,-600.0
-1262.0,-582.0,-104.311,4.65842e-07,85.4409,-172.569,94.5591,7.43141,-1262.0,-582.0,-1400.0,-600.0
-1260.0,-582.0,-104.434,4.72462e-07,85.4706,-172.674,94.5294,7.32641,-1260.0,-582.0,-1400.0,-600.0
-1258.0,-582.0,-104.555,4.79083e-07,85.4995,-172.776,94.5005,7.22432,-1258.0,-582.0,-1400.0,-600.0
-1256.0,-582.0,-104.675,4.85706e-07,85.5277,-172.875,94.4723,7.12502,-1256.0,-582.0,-1400.0,-600.0
-1254.0,-582.0,-104.793,4.9233e-07,85.5551,-172.972,94.4449,7.0284,-1254.0,-582.0,-1400.0,-600.0
-1252.0,-582.0,-104.909,4.98969e-07,85.5631,-173.066,94.4369,6.93435,-1252.0,-582.0,-1400.0,-600.0
-1250.0,-582.0,-105.024,5.05602e-07,85.5806,-173.157,94.4194,6.84277,-1250.0,-582.0,-1400.0,-600.0
-1248.0,-582.0,-105.138,5.12231e-07,85.6063,-173.246,94.3937,6.75357,-1248.0,-582.0,-1400.0,-600.0
-1246.0,-582.0,-105.25,5.18861e-07,85.6314,-173.333,94.3686,6.66666,-1246.0,-582.0,-1400.0,-600.0
-1244.0,-582.0,-105.36,5.25492e-07,85.6558,-173.418,94.3442,6.58194,-1244.0,-582.0,-1400.0,-600.0
-1242.0,-582.0,-105.469,5.32124e-07,85.6796,-173.501,94.3204,6.49935,-1242.0,-582.0,-1400.0,-600.0
-1240.0,-582.0,-105.577,5.38758e-07,85.7029,-173.581,94.2971,6.41879,-1240.0,-582.0,-1400.0,-600.0
-1238.0,-582.0,-105.684,5.45392e-07,85.7256,-173.66,94.2744,6.34019,-1238.0,-582.0,-1400.0,-600.0
-1236.0,-582.0,-105.789,5.52028e-07,85.7477,-173.737,94.2523,6.26349,-1236.0,-582.0,-1400.0,-600.0
-1234.0,-582.0,-105.893,5.58665e-07,85.7694,-173.811,94.2306,6.18862,-1234.0,-582.0,-1400.0,-600.0
-1232.0,-582.0,-105.996,5.65302e-07,85.7905,-173.884,94.2095,6.1155,-1232.0,-582.0,-1400.0,-600.0
-1230.0,-582.0,-106.098,5.71941e-07,85.8112,-173.956,94.1888,6.04409,-1230.0,-582.0,-1400.0,-600.0
-1228.0,-582.0,-106.198,5.78566e-07,85.8517,-174.026,94.1483,5.97432,-1228.0,-582.0,-1400.0,-600.0
-1226.0,-582.0,-106.297,5.85186e-07,85.8988,-174.094,94.1012,5.90614,-1226.0,-582.0,-1400.0,-600.0
-1224.0,-582.0,-106.395,5.91808e-07,85.9447,-174.161,94.0553,5.83949,-1224.0,-582.0,-1400.0,-600.0
-1222.0,-582.0,-106.492,5.98431e-07,85.9897,-174.226,94.0103,5.77433,-1222.0,-582.0,-1400.0,-600.0
-1220.0,-582.0,-106.588,6.05054e-07,86.0336,-174.289,93.9664,5.71059,-1220.0,-582.0,-1400.0,-600.0
-1218.0,-582.0,-106.683,6.11679e-07,86.0767,-174.352,93.9233,5.64825,-1218.0,-582.0,-1400.0,-600.0
-1216.0,-582.0,-106.777,6.18305e-07,86.1188,-174.413,93.8812,5.58724,-1216.0,-582.0,-1400.0,-600.0
-1214.0,-582.0,-106.87,6.24932e-07,86.16,-174.472,93.84,5.52754,-1214.0,-582.0,-1400.0,-600.0
-1212.0,-582.0,-106.961,6.3156e-07,86.2004,-174.531,93.7996,5.46909,-1212.0,-582.0,-1400.0,-600.0
-1210.0,-582.0,-107.052,6.38189e-07,86.2399,-174.588,93.7601,5.41187,-1210.0,-582.0,-1400.0,-600.0
-1208.0,-582.0,-107.142,6.44819e-07,86.2786,-174.644,93.7214,5.35583,-1208.0,-582.0,-1400.0,-600.0
-1206.0,-582.0,-107.232,6.51463e-07,86.2983,-174.699,93.7017,5.30093,-1206.0,-582.0,-1400.0,-600.0
-1204.0,-582.0,-107.32,6.5808e-07,86.3563,-174.753,93.6437,5.24714,-1204.0,-582.0,-1400.0,-600.0
-1202.0,-582.0,-107.406,6.64659e-07,86.4654,-174.806,93.5346,5.19443,-1202.0,-582.0,-1400.0,-600.0
-1600.0,-580.0,0.0,0.0,0.0,0.0,0.0,0.0,0.0,0.0,0.0,0.0
-1598.0,-580.0,0.0,0.0,0.0,0.0,0.0,0.0,0.0,0.0,0.0,0.0
-1596.0,-580.0,0.0,0.0,0.0,0.0,0.0,0.0,0.0,0.0,0.0,0.0
-1594.0,-580.0,0.0,0.0,0.0,0.0,0.0,0.0,0.0,0.0,0.0,0.0
-1592.0,-580.0,-107.133,6.44141e-07,90.5024,-5.94686,89.4976,174.053,-1592.0,-580.0,-1400.0,-600.0
-1590.0,-580.0,-107.043,6.37502e-07,90.4823,-6.00901,89.5177,173.991,-1590.0,-580.0,-1400.0,-600.0
-1588.0,-580.0,-106.952,6.30864e-07,90.4619,-6.07246,89.5381,173.928,-1588.0,-580.0,-1400.0,-600.0
-1586.0,-580.0,-106.86,6.24226e-07,90.4409,-6.13726,89.5591,173.863,-1586.0,-580.0,-1400.0,-600.0
-1584.0,-580.0,-106.767,6.17587e-07,90.3896,-6.20345,89.6104,173.797,-1584.0,-580.0,-1400.0,-600.0
-1582.0,-580.0,-106.672,6.10946e-07,90.2882,-6.27108,89.7118,173.729,-1582.0,-580.0,-1400.0,-600.0
-1580.0,-580.0,-106.577,6.04309e-07,90.1845,-6.34019,89.8155,173.66,-1580.0,-580.0,-1400.0,-600.0
-1578.0,-580.0,-106.481,5.97674e-07,90.0786,-6.41084,89.9214,173.589,-1578.0,-580.0,-1400.0,-600.0
-1576.0,-580.0,-106.384,5.91042e-07,89.9703,-6.48307,90.0297,173.517,-1576.0,-580.0,-1400.0,-600.0
-1574.0,-580.0,-106.286,5.84414e-07,89.8595,-6.55695,90.1405,173.443,-1574.0,-580.0,-1400.0,-600.0
-1572.0,-580.0,-106.186,5.77788e-07,89.7462,-6.63251,90.2538,173.367,-1572.0,-580.0,-1400.0,-600.0
-1570.0,-580.0,-106.086,5.71166e-07,89.6303,-6.70984,90.3697,173.29,-1570.0,-580.0,-1400.0,-600.0
-1568.0,-580.0,-105.984,5.64548e-07,89.5116,-6.78897,90.4884,173.211,-1568.0,-580.0,-1400.0,-600.0
-1566.0,-580.0,-105.882,5.57933e-07,89.3901,-6.86999,90.6099,173.13,-1566.0,-580.0,-1400.0,-600.0
-1564.0,-580.0,-105.778,5.51322e-07,89.2657,-6.95296,90.7343,173.047,-1564.0,-580.0,-1400.0,-600.0
-1562.0,-580.0,-105.673,5.44714e-07,89.1383,-7.03794,90.8617,172.962,-1562.0,-580.0,-1400.0,-600.0
-1560.0,-580.0,-105.567,5.38107e-07,89.0283,-7.12502,90.9717,172.875,-1560.0,-580.0,-1400.0,-600.0
-1558.0,-580.0,-105.459,5.31502e-07,88.9252,-7.21426,91.0748,172.786,-1558.0,-580.0,-1400.0,-600.0
-1556.0,-580.0,-105.35,5.249e-07,88.8194,-7.30576,91.1806,172.694,-1556.0,-580.0,-1400.0,-600.0
-1554.0,-580.0,-105.24,5.18301e-07,88.711,-7.39959,91.289,172.6,-1554.0,-580.0,-1400.0,-600.0
-1552.0,-580.0,-105.129,5.11706e-07,88.5997,-7.49586,91.4003,172.504,-1552.0,-580.0,-1400.0,-600.0
-1550.0,-580.0,-105.016,5.05114e-07,88.4856,-7.59464,91.5144,172.405,-1550.0,-580.0,-1400.0,-600.0
-1548.0,-580.0,-104.901,4.98525e-07,88.3684,-7.69605,91.6316,172.304,-1548.0,-580.0,-1400.0,-600.0
-1546.0,-580.0,-104.786,4.91941e-07,88.2482,-7.80019,91.7518,172.2,-1546.0,-580.0,-1400.0,-600.0
-1544.0,-580.0,-104.668,4.8536e-07,88.1246,-7.90716,91.8754,172.093,-1544.0,-580.0,-1400.0,-600.0
-1542.0,-580.0,-104.55,4.78783e-07,87.9977,-8.01709,92.0023,171.983,-1542.0,-580.0,-1400.0,-600.0
-1540.0,-580.0,-104.429,4.72211e-07,87.8672,-8.1301,92.1328,171.87,-1540.0,-580.0,-1400.0,-600.0
-1538.0,-580.0,-104.307,4.65642e-07,87.7331,-8.24632,92.2669,171.754,-1538.0,-580.0,-1400.0,-600.0
-1536.0,-580.0,-104.183,4.59058e-07,87.6577,-8.36589,92.3423,171.634,-1536.0,-580.0,-1400.0,-600.0
-1534.0,-580.0,-104.058,4.52474e-07,87.588,-8.48894,92.412,171.511,-1534.0,-580.0,-1400.0,-600.0
-1532.0,-580.0,-103.93,4.45893e-07,87.5161,-8.61565,92.4839,171.384,-1532.0,-580.0,-1400.0,-600.0
-1530.0,-580.0,-103.801,4.39315e-07,87.4421,-8.74616,92.5579,171.254,-1530.0,-580.0,-1400.0,-600.0
-1528.0,-580.0,-103.67,4.3274e-07,87.3659,-8.88066,92.6341,171.119,-1528.0,-580.0,-1400.0,-600.0
-1526.0,-580.0,-103.536,4.26168e-07,87.2874,-9.01932,92.7126,170.981,-1526.0,-580.0,-1400.0,-600.0
-1524.0,-580.0,-103.401,4.19599e-07,87.2064,-9.16235,92.7936,170.838,-1524.0,-580.0,-1400.0,-600.0
-1522.0,-580.0,-103.264,4.13034e-07,87.1228,-9.30994,92.8772,170.69,-1522.0,-580.0,-1400.0,-600.0
-1520.0,-580.0,-103.125,4.06473e-07,87.0366,-9.46232,92.9634,170.538,-1520.0,-580.0,-1400.0,-600.0
-1518.0,-580.0,-102.983,3.99916e-07,86.9476,-9.61973,93.0524,170.38,-1518.0,-580.0,-1400.0,-600.0
-1516.0,-580.0,-102.839,3.93363e-07,86.8556,-9.78241,93.1444,170.218,-1516.0,-580.0,-1400.0,-600.0
-1514.0,-580.0,-102.693,3.86814e-07,86.7605,-9.95063,93.2395,170.049,-1514.0,-580.0,-1400.0,-600.0
-1512.0,-580.0,-102.544,3.80227e-07,86.7744,-10.1247,93.2256,169.875,-1512.0,-580.0,-1400.0,-600.0
-1510.0,-580.0,-102.392,3.73638e-07,86.804,-10.3048,93.196,169.695,-1510.0,-580.0,-1400.0,-600.0
-1508.0,-580.0,-102.237,3.67053e-07,86.8347,-10.4915,93.1653,169.509,-1508.0,-580.0,-1400.0,-600.0
-1506.0,-580.0,-102.079,3.60472e-07,86.8665,-10.6849,93.1335,169.315,-1506.0,-580.0,-1400.0,-600.0
-1504.0,-580.0,-114.398,3.53901e-07,86.8996,-11.4053,93.1004,169.301,-1476.53,-585.541,-1476.53,-585.541
-1502.0,-580.0,-119.735,3.47348e-07,86.9342,-12.2749,93.0658,169.301,-1476.53,-585.541,-1476.53,-585.541
-1500.0,-580.0,-123.662,3.40819e-07,86.9702,-13.2853,93.0298,169.301,-1476.53,-585.541,-1476.53,-585.541
-1498.0,-580.0,-126.725,3.34319e-07,87.008,-14.4732,92.992,169.301,-1476.53,-585.541,-1476.53,-585.541
-1496.0,-580.0,-129.296,3.27858e-07,87.0475,-15.8884,92.9525,169.301,-1476.53,-585.541,-1476.53,-585.541
-1494.0,-580.0,-131.572,3.21446e-07,87.0892,-17.6007,92.9108,169.301,-1476.53,-585.541,-1476.53,-585.541
-1492.0,-580.0,-133.638,3.15102e-07,87.1331,-19.7104,92.8669,169.301,-1476.53,-585.541,-1476.53,-585.541
-1490.0,-580.0,-135.737,3.08853e-07,87.174,-22.3655,92.826,169.301,-1476.53,-585.541,-1476.53,-585.541
-1488.0,-580.0,-137.973,3.02779e-07,87.0639,-25.7916,92.9361,169.301,-1476.53,-585.541,-1476.53,-585.541
-1486.0,-580.0,-139.851,2.96909e-07,86.9513,-30.342,93.0487,169.301,-1476.53,-585.541,-1476.53,-585.541
-1484.0,-580.0,-142.622,2.91357e-07,86.8377,-36.5806,93.1623,169.301,-1476.53,-585.541,-1476.53,-585.541
-1482.0,-580.0,-145.249,2.86328e-07,86.7257,-45.3895,93.2743,169.301,-1476.53,-585.541,-1476.53,-585.541
-1480.0,-580.0,-149.88,2.82188e-07,86.6203,-57.9726,93.3797,169.301,-1476.53,-585.541,-1476.53,-585.541
-1478.0,-580.0,-155.097,2.79527e-07,86.5303,-75.1806,93.4697,169.301,-1476.53,-585.541,-1476.53,-585.541
-1476.0,-580.0,0.0,0.0,0.0,0.0,0.0,0.0,0.0,0.0,0.0,0.0
-1474.0,-580.0,0.0,0.0,0.0,0.0,0.0,0.0,0.0,0.0,0.0,0.0
-1472.0,-580.0,0.0,0.0,0.0,0.0,0.0,0.0,0.0,0.0,0.0,0.0
-1470.0,-580.0,0.0,0.0,0.0,0.0,0.0,0.0,0.0,0.0,0.0,0.0
-1468.0,-580.0,0.0,0.0,0.0,0.0,0.0,0.0,0.0,0.0,0.0,0.0
-1466.0,-580.0,0.0,0.0,0.0,0.0,0.0,0.0,0.0,0.0,0.0,0.0
-1464.0,-580.0,0.0,0.0,0.0,0.0,0.0,0.0,0.0,0.0,0.0,0.0
-1462.0,-580.0,0.0,0.0,0.0,0.0,0.0,0.0,0.0,0.0,0.0,0.0
-1460.0,-580.0,0.0,0.0,0.0,0.0,0.0,0.0,0.0,0.0,0.0,0.0
-1458.0,-580.0,0.0,0.0,0.0,0.0,0.0,0.0,0.0,0.0,0.0,0.0
-1456.0,-580.0,0.0,0.0,0.0,0.0,0.0,0.0,0.0,0.0,0.0,0.0
-1454.0,-580.0,0.0,0.0,0.0,0.0,0.0,0.0,0.0,0.0,0.0,0.0
-1452.0,-580.0,0.0,0.0,0.0,0.0,0.0,0.0,0.0,0.0,0.0,0.0
-1450.0,-580.0,0.0,0.0,0.0,0.0,0.0,0.0,0.0,0.0,0.0,0.0
-1448.0,-580.0,0.0,0.0,0.0,0.0,0.0,0.0,0.0,0.0,0.0,0.0
-1446.0,-580.0,0.0,0.0,0.0,0.0,0.0,0.0,0.0,0.0,0.0,0.0
-1444.0,-580.0,0.0,0.0,0.0,0.0,0.0,0.0,0.0,0.0,0.0,0.0
-1442.0,-580.0,0.0,0.0,0.0,0.0,0.0,0.0,0.0,0.0,0.0,0.0
-1440.0,-580.0,0.0,0.0,0.0,0.0,0.0,0.0,0.0,0.0,0.0,0.0
-1438.0,-580.0,0.0,0.0,0.0,0.0,0.0,0.0,0.0,0.0,0.0,0.0
-1436.0,-580.0,0.0,0.0,0.0,0.0,0.0,0.0,0.0,0.0,0.0,0.0
-1434.0,-580.0,0.0,0.0,0.0,0.0,0.0,0.0,0.0,0.0,0.0,0.0
-1432.0,-580.0,0.0,0.0,0.0,0.0,0.0,0.0,0.0,0.0,0.0,0.0
-1430.0,-580.0,0.0,0.0,0.0,0.0,0.0,0.0,0.0,0.0,0.0,0.0
-1428.0,-580.0,0.0,0.0,0.0,0.0,0.0,0.0,0.0,0.0,0.0,0.0
-1426.0,-580.0,0.0,0.0,0.0,0.0,0.0,0.0,0.0,0.0,0.0,0.0
-1424.0,-580.0,-91.526,1.07081e-07,76.778,-39.8056,103.222,140.194,-1424.0,-580.0,-1400.0,-600.0
-1422.0,-580.0,-91.1252,1.02254e-07,75.9791,-42.2737,104.021,137.726,-1422.0,-580.0,-1400.0,-600.0
-1420.0,-580.0,-90.7244,9.7646e-08,75.1319,-45.0,104.868,135.0,-1420.0,-580.0,-1400.0,-600.0
-1418.0,-580.0,-90.3277,9.32886e-08,74.2406,-48.0128,105.759,131.987,-1418.0,-580.0,-1400.0,-600.0
-1416.0,-580.0,-89.9401,8.9219e-08,73.313,-51.3402,106.687,128.66,-1416.0,-580.0,-1400.0,-600.0
-1414.0,-580.0,-89.5679,8.54781e-08,72.3618,-55.008,107.638,124.992,-1414.0,-580.0,-1400.0,-600.0
-1412.0,-580.0,-89.2187,8.21111e-08,71.406,-59.0362,108.594,120.964,-1412.0,-580.0,-1400.0,-600.0
-1410.0,-580.0,-88.9013,7.91655e-08,70.4711,-63.4349,109.529,116.565,-1410.0,-580.0,-1400.0,-600.0
-1408.0,-580.0,-88.6253,7.66899e-08,69.5894,-68.1986,110.411,111.801,-1408.0,-580.0,-1400.0,-600.0
-1406.0,-580.0,-88.4004,7.47312e-08,68.7981,-73.3008,111.202,106.699,-1406.0,-580.0,-1400.0,-600.0
-1404.0,-580.0,-88.2361,7.33306e-08,68.1361,-78.6901,111.864,101.31,-1404.0,-580.0,-1400.0,-600.0
-1402.0,-580.0,-88.1395,7.25206e-08,67.6387,-84.2894,112.361,95.7106,-1402.0,-580.0,-1400.0,-600.0
-1400.0,-580.0,-88.1156,7.2321e-08,67.332,-90.0,112.668,90.0,-1400.0,-580.0,-1400.0,-600.0
-1398.0,-580.0,-88.1654,7.27367e-08,67.2283,-95.7106,112.772,84.2894,-1398.0,-580.0,-1400.0,-600.0
-1396.0,-580.0,0.0,0.0,0.0,0.0,0.0,0.0,0.0,0.0,0.0,0.0
-1394.0,-580.0,-133.319,1.9326e-07,96.697,-94.4205,101.798,-80.6623,-1397.0,-618.24,-1394.78,-590.15
-1392.0,-580.0,-131.132,8.46737e-08,96.3728,-108.205,131.856,64.6603,-1395.34,-590.167,-1395.34,-590.167
-1390.0,-580.0,-130.372,8.69774e-08,96.225,-112.41,130.386,59.4611,-1394.18,-590.132,-1394.18,-590.132
-1388.0,-580.0,-130.196,8.97193e-08,96.0553,-116.376,128.795,54.7732,-1393.01,-590.096,-1393.01,-590.096
-1386.0,-580.0,-131.213,9.28608e-08,95.8705,-120.089,127.142,50.5785,-1391.83,-590.06,-1391.83,-590.06
-1384.0,-580.0,-131.429,9.63627e-08,95.6768,-123.542,125.476,46.8413,-1390.65,-590.024,-1390.65,-590.024
-1382.0,-580.0,-132.48,1.00187e-07,95.4791,-126.741,123.833,43.5178,-1389.46,-589.987,-1389.46,-589.987
-1380.0,-580.0,-131.961,1.04299e-07,95.2817,-129.694,122.238,40.5617,-1388.26,-589.951,-1388.26,-589.951
-1378.0,-580.0,-131.715,1.08665e-07,95.0875,-132.415,120.71,37.9288,-1387.06,-589.914,-1387.06,-589.914
-1376.0,-580.0,-132.319,1.13256e-07,94.8988,-134.919,119.256,35.5783,-1385.85,-589.877,-1385.85,-589.877
-1374.0,-580.0,-132.73,1.18047e-07,94.7172,-137.222,117.883,33.4737,-1384.63,-589.84,-1384.63,-589.84
-1372.0,-580.0,-132.988,1.23013e-07,94.5434,-139.342,116.591,31.5834,-1383.41,-589.802,-1383.41,-589.802
-1370.0,-580.0,-133.794,1.28136e-07,94.4075,-141.296,115.38,29.8807,-1382.19,-589.765,-1382.19,-589.765
-1368.0,-580.0,-134.084,1.33394e-07,94.2496,-143.095,114.246,28.3398,-1380.95,-589.727,-1380.95,-589.727
-1366.0,-580.0,-134.019,1.38774e-07,94.1004,-144.756,113.185,26.9415,-1379.71,-589.689,-1379.71,-589.689
-1364.0,-580.0,-133.478,2.24351e-07,96.2754,-121.014,99.9825,-53.8164,-1386.97,-617.817,-1369.64,-589.381
-1362.0,-580.0,-133.039,2.27841e-07,96.213,-122.463,99.8174,-52.3628,-1386.28,-617.788,-1367.93,-589.329
-1360.0,-580.0,-133.761,1.55517e-07,93.7016,-149.03,110.398,23.4394,-1375.95,-589.574,-1375.95,-589.574
-1358.0,-580.0,-133.969,1.61264e-07,93.5838,-150.254,109.587,22.4599,-1374.69,-589.535,-1374.69,-589.535
-1356.0,-580.0,0.0,0.0,0.0,0.0,0.0,0.0,0.0,0.0,0.0,0.0
-1354.0,-580.0,0.0,0.0,0.0,0.0,0.0,0.0,0.0,0.0,0.0,0.0
-1352.0,-580.0,0.0,0.0,0.0,0.0,0.0,0.0,0.0,0.0,0.0,0.0
-1350.0,-580.0,0.0,0.0,0.0,0.0,0.0,0.0,0.0,0.0,0.0,0.0
-1348.0,-580.0,0.0,0.0,0.0,0.0,0.0,0.0,0.0,0.0,0.0,0.0
-1346.0,-580.0,0.0,0.0,0.0,0.0,0.0,0.0,0.0,0.0,0.0,0.0
-1344.0,-580.0,0.0,0.0,0.0,0.0,0.0,0.0,0.0,0.0,0.0,0.0
-1342.0,-580.0,-142.292,4.86079e-07,91.7598,29.1094,95.4418,-23.8071,-1362.0,-616.765,-1331.29,-574.038
-1340.0,-580.0,-141.351,4.80262e-07,91.7777,29.4971,95.5122,-24.1903,-1362.62,-616.791,-1329.37,-573.988
-1338.0,-580.0,-140.77,4.74468e-07,91.796,29.8943,95.5841,-24.5829,-1363.24,-616.817,-1327.46,-573.938
-1336.0,-580.0,-148.823,1.32555e-06,94.4536,3.20345,91.5326,7.3426,-1170.54,-570.433,-1321.42,-579.184
-1334.0,-580.0,-147.672,1.31891e-06,94.7611,3.20254,91.5326,7.32507,-1170.54,-570.503,-1319.28,-579.177
-1332.0,-580.0,-146.133,1.31227e-06,95.1163,3.199,91.5326,7.30738,-1170.53,-570.574,-1317.45,-579.187
-1330.0,-580.0,-143.955,1.30563e-06,95.5311,3.19212,91.5325,7.2895,-1170.52,-570.646,-1315.87,-579.212
-1328.0,-580.0,-140.778,1.299e-06,96.0221,3.18098,91.5325,7.27146,-1170.52,-570.719,-1314.49,-579.249
-1326.0,-580.0,-130.715,1.29238e-06,96.5732,3.16657,91.5346,7.25323,-1170.51,-570.792,-1313.15,-579.289
-1324.0,-580.0,-130.731,1.28576e-06,96.6069,3.18311,91.5673,7.23481,-1170.5,-570.866,-1310.11,-579.228
-1322.0,-580.0,-130.724,1.27911e-06,96.6288,3.19982,91.588,7.21694,-1170.5,-570.938,-1308.18,-579.228
-1320.0,-580.0,-130.717,1.27246e-06,96.6508,3.2167,91.609,7.19887,-1170.49,-571.011,-1306.26,-579.228
-1318.0,-580.0,-130.71,1.26581e-06,96.673,3.23377,91.6302,7.18061,-1170.48,-571.084,-1304.33,-579.228
-1316.0,-580.0,-130.703,1.25916e-06,96.6955,3.25102,91.6517,7.16217,-1170.48,-571.158,-1302.4,-579.228
-1314.0,-580.0,-151.035,1.25228e-06,96.5137,3.52192,91.5324,7.15281,-1170.47,-571.196,-1306.43,-579.534
-1312.0,-580.0,-151.073,1.24564e-06,97.9685,3.54746,91.5324,7.13405,-1170.47,-571.272,-1306.43,-579.655
-1310.0,-580.0,-151.382,1.23902e-06,101.013,3.58518,91.5324,7.11512,-1170.46,-571.348,-1306.43,-579.776
-1308.0,-580.0,-153.108,1.23252e-06,111.19,3.71654,91.5324,7.09619,-1170.45,-571.424,-1306.42,-579.898
-1306.0,-580.0,-123.625,1.22543e-06,88.5482,3.58615,91.4518,7.07613,-1170.44,-571.504,-1170.44,-571.504
-1304.0,-580.0,-123.578,1.21878e-06,88.5271,3.60578,91.4729,7.0565,-1170.44,-571.583,-1170.44,-571.583
-1302.0,-580.0,-123.53,1.21213e-06,88.5057,3.62563,91.4943,7.03666,-1170.43,-571.663,-1170.43,-571.663
-1300.0,-580.0,-123.481,1.20548e-06,88.484,3.64569,91.516,7.01659,-1170.42,-571.744,-1170.42,-571.744
-1298.0,-580.0,-108.97,4.97715e-07,86.2936,-131.748,93.7064,-43.6762,-1381.58,-617.59,-1329.71,-615.526
-1296.0,-580.0,-116.995,4.24136e-07,85.6114,-143.149,94.3886,35.5293,-1385.82,-589.876,-1344.04,-616.008
-1294.0,-580.0,-115.139,4.29501e-07,85.6286,-143.684,94.3714,34.9938,-1385.53,-589.867,-1342.93,-615.961
-1292.0,-580.0,-107.815,4.03753e-07,85.3091,-151.973,94.6909,-23.2004,-1360.99,-616.722,-1360.99,-616.722
-1290.0,-580.0,-108.554,4.40338e-07,85.6629,-144.716,94.3371,33.9623,-1384.93,-589.849,-1340.69,-615.866
-1288.0,-580.0,-107.226,4.45808e-07,85.6799,-145.212,94.3201,33.4655,-1384.63,-589.84,-1339.56,-615.819
-1286.0,-580.0,-107.72,4.21541e-07,85.3922,-153.256,94.6078,-21.9175,-1358.68,-616.625,-1358.68,-616.625
-1284.0,-580.0,-106.552,4.27514e-07,85.4189,-153.66,94.5811,-21.5137,-1357.91,-616.592,-1357.91,-616.592
-1282.0,-580.0,-105.826,4.33508e-07,85.445,-154.052,94.555,-21.1211,-1357.13,-616.56,-1357.13,-616.56
-1280.0,-580.0,-105.411,4.39522e-07,85.4706,-154.434,94.5294,-20.7393,-1356.35,-616.527,-1356.35,-616.527
-1278.0,-580.0,-105.183,4.45555e-07,85.4957,-154.806,94.5043,-20.3678,-1355.57,-616.494,-1355.57,-616.494
-1276.0,-580.0,-105.069,4.51606e-07,85.5204,-155.167,94.4796,-20.0063,-1354.79,-616.461,-1354.79,-616.461
-1274.0,-580.0,-105.025,4.57674e-07,85.5445,-155.519,94.4555,-19.6543,-1354.0,-616.428,-1354.0,-616.428
-1272.0,-580.0,-105.026,4.6376e-07,85.5682,-155.862,94.4318,-19.3116,-1353.22,-616.394,-1353.22,-616.394
-1270.0,-580.0,-105.057,4.69861e-07,85.5914,-156.195,94.4086,-18.9779,-1352.42,-616.361,-1352.42,-616.361
-1268.0,-580.0,-105.108,4.75978e-07,85.6141,-156.521,94.3859,-18.6527,-1351.63,-616.328,-1351.63,-616.328
-1266.0,-580.0,-105.174,4.8211e-07,85.6364,-156.838,94.3636,-18.3358,-1350.83,-616.294,-1350.83,-616.294
-1264.0,-580.0,-105.251,4.88256e-07,85.6583,-157.146,94.3417,-18.0269,-1350.04,-616.26,-1350.04,-616.26
-1262.0,-580.0,-105.335,4.94416e-07,85.6798,-157.448,94.3202,-17.7256,-1349.23,-616.227,-1349.23,-616.227
-1260.0,-580.0,-105.425,5.0059e-07,85.7008,-157.741,94.2992,-17.4319,-1348.43,-616.193,-1348.43,-616.193
-1258.0,-580.0,-105.52,5.06776e-07,85.7215,-158.028,94.2785,-17.1453,-1347.62,-616.159,-1347.62,-616.159
-1256.0,-580.0,-105.619,5.12975e-07,85.7417,-158.308,94.2583,-16.8656,-1346.81,-616.125,-1346.81,-616.125
-1254.0,-580.0,-105.72,5.19185e-07,85.7616,-158.581,94.2384,-16.5927,-1346.0,-616.09,-1346.0,-616.09
-1252.0,-580.0,-104.924,4.99822e-07,85.5618,-172.304,94.4382,7.69605,-1252.0,-580.0,-1400.0,-600.0
-1250.0,-580.0,-105.039,5.06438e-07,85.5879,-172.405,94.4121,7.59464,-1250.0,-580.0,-1400.0,-600.0
-1248.0,-580.0,-105.152,5.13056e-07,85.6134,-172.504,94.3866,7.49586,-1248.0,-580.0,-1400.0,-600.0
-1246.0,-580.0,-105.263,5.19675e-07,85.6382,-172.6,94.3618,7.39959,-1246.0,-580.0,-1400.0,-600.0
-1244.0,-580.0,-105.373,5.26296e-07,85.6625,-172.694,94.3375,7.30576,-1244.0,-580.0,-1400.0,-600.0
-1242.0,-580.0,-105.482,5.32918e-07,85.6861,-172.786,94.3139,7.21426,-1242.0,-580.0,-1400.0,-600.0
-1240.0,-580.0,-105.59,5.39542e-07,85.7092,-172.875,94.2908,7.12502,-1240.0,-580.0,-1400.0,-600.0
-1238.0,-580.0,-105.696,5.46167e-07,85.7317,-172.962,94.2683,7.03794,-1238.0,-580.0,-1400.0,-600.0
-1236.0,-580.0,-105.801,5.52794e-07,85.7536,-173.047,94.2464,6.95296,-1236.0,-580.0,-1400.0,-600.0
-1234.0,-580.0,-105.905,5.59421e-07,85.7751,-173.13,94.2249,6.86999,-1234.0,-580.0,-1400.0,-600.0
-1232.0,-580.0,-106.008,5.6605e-07,85.7961,-173.211,94.2039,6.78897,-1232.0,-580.0,-1400.0,-600.0
-1230.0,-580.0,-106.109,5.7268e-07,85.8166,-173.29,94.1834,6.70984,-1230.0,-580.0,-1400.0,-600.0
-1228.0,-580.0,-106.209,5.79297e-07,85.857,-173.367,94.143,6.63251,-1228.0,-580.0,-1400.0,-600.0
-1226.0,-580.0,-106.308,5.85909e-07,85.9038,-173.443,94.0962,6.55695,-1226.0,-580.0,-1400.0,-600.0
-1224.0,-580.0,-106.406,5.92522e-07,85.9496,-173.517,94.0504,6.48307,-1224.0,-580.0,-1400.0,-600.0
-1222.0,-580.0,-106.502,5.99137e-07,85.9944,-173.589,94.0056,6.41084,-1222.0,-580.0,-1400.0,-600.0
-1220.0,-580.0,-106.598,6.05753e-07,86.0382,-173.66,93.9618,6.34019,-1220.0,-580.0,-1400.0,-600.0
-1218.0,-580.0,-106.693,6.12371e-07,86.0811,-173.729,93.9189,6.27108,-1218.0,-580.0,-1400.0,-600.0
-1216.0,-580.0,-106.786,6.18989e-07,86.1231,-173.797,93.8769,6.20345,-1216.0,-580.0,-1400.0,-600.0
-1214.0,-580.0,-106.879,6.25609e-07,86.1642,-173.863,93.8358,6.13726,-1214.0,-580.0,-1400.0,-600.0
-1212.0,-580.0,-106.971,6.3223e-07,86.2044,-173.928,93.7956,6.07246,-1212.0,-580.0,-1400.0,-600.0
-1210.0,-580.0,-107.061,6.38852e-07,86.2438,-173.991,93.7562,6.00901,-1210.0,-580.0,-1400.0,-600.0
-1208.0,-580.0,-107.151,6.45475e-07,86.2824,-174.053,93.7176,5.94686,-1208.0,-580.0,-1400.0,-600.0
-1206.0,-580.0,-107.24,6.52099e-07,86.3202,-174.114,93.6798,5.88599,-1206.0,-580.0,-1400.0,-600.0
-1204.0,-580.0,-107.328,6.58681e-07,86.416,-174.174,93.584,5.82634,-1204.0,-580.0,-1400.0,-600.0
-1202.0,-580.0,-107.414,6.65256e-07,86.5244,-174.232,93.4756,5.76789,-1202.0,-580.0,-1400.0,-600.0
-1600.0,-578.0,0.0,0.0,0.0,0.0,0.0,0.0,0.0,0.0,0.0,0.0
-1598.0,-578.0,0.0,0.0,0.0,0.0,0.0,0.0,0.0,0.0,0.0,0.0
-1596.0,-578.0,0.0,0.0,0.0,0.0,0.0,0.0,0.0,0.0,0.0,0.0
-1594.0,-578.0,0.0,0.0,0.0,0.0,0.0,0.0,0.0,0.0,0.0,0.0
-1592.0,-578.0,-107.143,6.44869e-07,90.5216,-6.53663,89.4784,173.463,-1592.0,-578.0,-1400.0,-600.0
-1590.0,-578.0,-107.053,6.38237e-07,90.5017,-6.60484,89.4983,173.395,-1590.0,-578.0,-1400.0,-600.0
-1588.0,-578.0,-106.962,6.31606e-07,90.4814,-6.67447,89.5186,173.326,-1588.0,-578.0,-1400.0,-600.0
-1586.0,-578.0,-106.87,6.24976e-07,90.4607,-6.74558,89.5393,173.254,-1586.0,-578.0,-1400.0,-600.0
-1584.0,-578.0,-106.777,6.18345e-07,90.4067,-6.81821,89.5933,173.182,-1584.0,-578.0,-1400.0,-600.0
-1582.0,-578.0,-106.683,6.11712e-07,90.3056,-6.89242,89.6944,173.108,-1582.0,-578.0,-1400.0,-600.0
-1580.0,-578.0,-106.588,6.05083e-07,90.2022,-6.96826,89.7978,173.032,-1580.0,-578.0,-1400.0,-600.0
-1578.0,-578.0,-106.492,5.98456e-07,90.0966,-7.04577,89.9034,172.954,-1578.0,-578.0,-1400.0,-600.0
-1576.0,-578.0,-106.395,5.91833e-07,89.9886,-7.12502,90.0114,172.875,-1576.0,-578.0,-1400.0,-600.0
-1574.0,-578.0,-106.298,5.85213e-07,89.8782,-7.20606,90.1218,172.794,-1574.0,-578.0,-1400.0,-600.0
-1572.0,-578.0,-106.198,5.78596e-07,89.7652,-7.28895,90.2348,172.711,-1572.0,-578.0,-1400.0,-600.0
-1570.0,-578.0,-106.098,5.71983e-07,89.6496,-7.37377,90.3504,172.626,-1570.0,-578.0,-1400.0,-600.0
-1568.0,-578.0,-105.997,5.65374e-07,89.5313,-7.46057,90.4687,172.539,-1568.0,-578.0,-1400.0,-600.0
-1566.0,-578.0,-105.895,5.58768e-07,89.4103,-7.54942,90.5897,172.451,-1566.0,-578.0,-1400.0,-600.0
-1564.0,-578.0,-105.791,5.52167e-07,89.2863,-7.64041,90.7137,172.36,-1564.0,-578.0,-1400.0,-600.0
-1562.0,-578.0,-105.687,5.45569e-07,89.1593,-7.7336,90.8407,172.266,-1562.0,-578.0,-1400.0,-600.0
-1560.0,-578.0,-105.581,5.3897e-07,89.0636,-7.82908,90.9364,172.171,-1560.0,-578.0,-1400.0,-600.0
-1558.0,-578.0,-105.473,5.32375e-07,88.9635,-7.92693,91.0365,172.073,-1558.0,-578.0,-1400.0,-600.0
-1556.0,-578.0,-105.365,5.25783e-07,88.8585,-8.02724,91.1415,171.973,-1556.0,-578.0,-1400.0,-600.0
-1554.0,-578.0,-105.255,5.19195e-07,88.7507,-8.1301,91.2493,171.87,-1554.0,-578.0,-1400.0,-600.0
-1552.0,-578.0,-105.144,5.12611e-07,88.6402,-8.23562,91.3598,171.764,-1552.0,-578.0,-1400.0,-600.0
-1550.0,-578.0,-105.032,5.0603e-07,88.5268,-8.34389,91.4732,171.656,-1550.0,-578.0,-1400.0,-600.0
-1548.0,-578.0,-104.918,4.99453e-07,88.4104,-8.45503,91.5896,171.545,-1548.0,-578.0,-1400.0,-600.0
-1546.0,-578.0,-104.802,4.9288e-07,88.2909,-8.56914,91.7091,171.431,-1546.0,-578.0,-1400.0,-600.0
-1544.0,-578.0,-104.685,4.86311e-07,88.1682,-8.68635,91.8318,171.314,-1544.0,-578.0,-1400.0,-600.0
-1542.0,-578.0,-104.567,4.79747e-07,88.0422,-8.80679,91.9578,171.193,-1542.0,-578.0,-1400.0,-600.0
-1540.0,-578.0,-104.447,4.73187e-07,87.9127,-8.93059,92.0873,171.069,-1540.0,-578.0,-1400.0,-600.0
-1538.0,-578.0,-104.326,4.66632e-07,87.7795,-9.05789,92.2205,170.942,-1538.0,-578.0,-1400.0,-600.0
-1536.0,-578.0,-104.202,4.60058e-07,87.7166,-9.18884,92.2834,170.811,-1536.0,-578.0,-1400.0,-600.0
-1534.0,-578.0,-104.077,4.53488e-07,87.6479,-9.32359,92.3521,170.676,-1534.0,-578.0,-1400.0,-600.0
-1532.0,-578.0,-103.95,4.46922e-07,87.5772,-9.46232,92.4228,170.538,-1532.0,-578.0,-1400.0,-600.0
-1530.0,-578.0,-103.821,4.40359e-07,87.5044,-9.6052,92.4956,170.395,-1530.0,-578.0,-1400.0,-600.0
-1528.0,-578.0,-103.691,4.33799e-07,87.4294,-9.75242,92.5706,170.248,-1528.0,-578.0,-1400.0,-600.0
-1526.0,-578.0,-103.558,4.27243e-07,87.3522,-9.90418,92.6478,170.096,-1526.0,-578.0,-1400.0,-600.0
-1524.0,-578.0,-103.424,4.20691e-07,87.2725,-10.0607,92.7275,169.939,-1524.0,-578.0,-1400.0,-600.0
-1522.0,-578.0,-103.287,4.14143e-07,87.1903,-10.2222,92.8097,169.778,-1522.0,-578.0,-1400.0,-600.0
-1520.0,-578.0,-103.149,4.076e-07,87.1056,-10.3889,92.8944,169.611,-1520.0,-578.0,-1400.0,-600.0
-1518.0,-578.0,-103.008,4.01061e-07,87.018,-10.561,92.982,169.439,-1518.0,-578.0,-1400.0,-600.0
-1516.0,-578.0,-110.23,3.94526e-07,86.9276,-10.8171,93.0724,169.301,-1476.53,-585.541,-1476.53,-585.541
-1514.0,-578.0,-115.592,3.88003e-07,86.8343,-11.3799,93.1657,169.301,-1476.53,-585.541,-1476.53,-585.541
-1512.0,-578.0,-119.939,3.81452e-07,86.8497,-12.0035,93.1503,169.301,-1476.53,-585.541,-1476.53,-585.541
-1510.0,-578.0,-123.264,3.74912e-07,86.8809,-12.6982,93.1191,169.301,-1476.53,-585.541,-1476.53,-585.541
-1508.0,-578.0,-125.919,3.68391e-07,86.9134,-13.4767,93.0866,169.301,-1476.53,-585.541,-1476.53,-585.541
-1506.0,-578.0,-128.138,3.61892e-07,86.9472,-14.3548,93.0528,169.301,-1476.53,-585.541,-1476.53,-585.541
-1504.0,-578.0,-130.076,3.5542e-07,86.9826,-15.3523,93.0174,169.301,-1476.53,-585.541,-1476.53,-585.541
-1502.0,-578.0,-131.824,3.48982e-07,87.0195,-16.4947,92.9805,169.301,-1476.53,-585.541,-1476.53,-585.541
-1500.0,-578.0,-133.438,3.42585e-07,87.0581,-17.8148,92.9419,169.301,-1476.53,-585.541,-1476.53,-585.541
-1498.0,-578.0,-134.94,3.36238e-07,87.0987,-19.3559,92.9013,169.301,-1476.53,-585.541,-1476.53,-585.541
-1496.0,-578.0,-136.406,3.29957e-07,87.1414,-21.1755,92.8586,169.301,-1476.53,-585.541,-1476.53,-585.541
-1494.0,-578.0,-138.023,3.23759e-07,87.1864,-23.3519,92.8136,169.301,-1476.53,-585.541,-1476.53,-585.541
-1492.0,-578.0,-139.636,3.17673e-07,87.2342,-25.9926,92.7658,169.301,-1476.53,-585.541,-1476.53,-585.541
-1490.0,-578.0,-141.046,3.11756e-07,87.2131,-29.2483,92.7869,169.301,-1476.53,-585.541,-1476.53,-585.541
-1488.0,-578.0,-142.958,3.06062e-07,87.1414,-33.3316,92.8586,169.301,-1476.53,-585.541,-1476.53,-585.541
-1486.0,-578.0,-144.302,3.00675e-07,87.0364,-38.5416,92.9636,169.301,-1476.53,-585.541,-1476.53,-585.541
-1484.0,-578.0,-146.749,2.95722e-07,86.932,-45.2857,93.068,169.301,-1476.53,-585.541,-1476.53,-585.541
-1482.0,-578.0,-148.784,2.91412e-07,86.8312,-54.0635,93.1688,169.301,-1476.53,-585.541,-1476.53,-585.541
-1480.0,-578.0,-153.102,2.88049e-07,86.738,-65.3152,93.262,169.301,-1476.53,-585.541,-1476.53,-585.541
-1478.0,-578.0,-155.504,1.03647e-06,82.7555,-174.326,87.122,176.877,-1593.3,-589.455,-1593.3,-589.455
-1476.0,-578.0,0.0,0.0,0.0,0.0,0.0,0.0,0.0,0.0,0.0,0.0
-1474.0,-578.0,0.0,0.0,0.0,0.0,0.0,0.0,0.0,0.0,0.0,0.0
-1472.0,-578.0,0.0,0.0,0.0,0.0,0.0,0.0,0.0,0.0,0.0,0.0
-1470.0,-578.0,0.0,0.0,0.0,0.0,0.0,0.0,0.0,0.0,0.0,0.0
-1468.0,-578.0,0.0,0.0,0.0,0.0,0.0,0.0,0.0,0.0,0.0,0.0
-1466.0,-578.0,0.0,0.0,0.0,0.0,0.0,0.0,0.0,0.0,0.0,0.0
-1464.0,-578.0,0.0,0.0,0.0,0.0,0.0,0.0,0.0,0.0,0.0,0.0
-1462.0,-578.0,0.0,0.0,0.0,0.0,0.0,0.0,0.0,0.0,0.0,0.0
-1460.0,-578.0,0.0,0.0,0.0,0.0,0.0,0.0,0.0,0.0,0.0,0.0
-1458.0,-578.0,0.0,0.0,0.0,0.0,0.0,0.0,0.0,0.0,0.0,0.0
-1456.0,-578.0,0.0,0.0,0.0,0.0,0.0,0.0,0.0,0.0,0.0,0.0
-1454.0,-578.0,0.0,0.0,0.0,0.0,0.0,0.0,0.0,0.0,0.0,0.0
-1452.0,-578.0,0.0,0.0,0.0,0.0,0.0,0.0,0.0,0.0,0.0,0.0
-1450.0,-578.0,0.0,0.0,0.0,0.0,0.0,0.0,0.0,0.0,0.0,0.0
-1448.0,-578.0,0.0,0.0,0.0,0.0,0.0,0.0,0.0,0.0,0.0,0.0
-1446.0,-578.0,0.0,0.0,0.0,0.0,0.0,0.0,0.0,0.0,0.0,0.0
-1444.0,-578.0,0.0,0.0,0.0,0.0,0.0,0.0,0.0,0.0,0.0,0.0
-1442.0,-578.0,0.0,0.0,0.0,0.0,0.0,0.0,0.0,0.0,0.0,0.0
-1440.0,-578.0,0.0,0.0,0.0,0.0,0.0,0.0,0.0,0.0,0.0,0.0
-1438.0,-578.0,0.0,0.0,0.0,0.0,0.0,0.0,0.0,0.0,0.0,0.0
-1436.0,-578.0,0.0,0.0,0.0,0.0,0.0,0.0,0.0,0.0,0.0,0.0
-1434.0,-578.0,0.0,0.0,0.0,0.0,0.0,0.0,0.0,0.0,0.0,0.0
-1432.0,-578.0,0.0,0.0,0.0,0.0,0.0,0.0,0.0,0.0,0.0,0.0
-1430.0,-578.0,0.0,0.0,0.0,0.0,0.0,0.0,0.0,0.0,0.0,0.0
-1428.0,-578.0,0.0,0.0,0.0,0.0,0.0,0.0,0.0,0.0,0.0,0.0
-1426.0,-578.0,0.0,0.0,0.0,0.0,0.0,0.0,0.0,0.0,0.0,0.0
-1424.0,-578.0,-91.863,1.11315e-07,77.4034,-42.5104,102.597,137.49,-1424.0,-578.0,-1400.0,-600.0
-1422.0,-578.0,-91.4933,1.06679e-07,76.691,-45.0,103.309,135.0,-1422.0,-578.0,-1400.0,-600.0
-1420.0,-578.0,-91.1265,1.0227e-07,75.9433,-47.7263,104.057,132.274,-1420.0,-578.0,-1400.0,-600.0
-1418.0,-578.0,-90.7631,9.80819e-08,75.2447,-50.7106,104.755,129.289,-1418.0,-578.0,-1400.0,-600.0
-1416.0,-578.0,-90.4128,9.42058e-08,74.475,-53.9726,105.525,126.027,-1416.0,-578.0,-1400.0,-600.0
-1414.0,-578.0,-90.0803,9.06697e-08,73.668,-57.5288,106.332,122.471,-1414.0,-578.0,-1400.0,-600.0
-1412.0,-578.0,-89.7712,8.75013e-08,72.8662,-61.3895,107.134,118.61,-1412.0,-578.0,-1400.0,-600.0
-1410.0,-578.0,-89.4928,8.47419e-08,72.0902,-65.556,107.91,114.444,-1410.0,-578.0,-1400.0,-600.0
-1408.0,-578.0,-89.2527,8.24326e-08,71.3642,-70.0169,108.636,109.983,-1408.0,-578.0,-1400.0,-600.0
-1406.0,-578.0,-89.0587,8.06121e-08,70.7154,-74.7449,109.285,105.255,-1406.0,-578.0,-1400.0,-600.0
-1404.0,-578.0,-88.9176,7.9314e-08,70.1708,-79.6952,109.829,100.305,-1404.0,-578.0,-1400.0,-600.0
-1402.0,-578.0,-88.8351,7.85642e-08,69.7548,-84.8056,110.245,95.1944,-1402.0,-578.0,-1400.0,-600.0
-1400.0,-578.0,-88.8145,7.83785e-08,69.4851,-90.0,110.515,90.0,-1400.0,-578.0,-1400.0,-600.0
-1398.0,-578.0,-88.8568,7.87609e-08,69.3704,-95.1944,110.63,84.8056,-1398.0,-578.0,-1400.0,-600.0
-1396.0,-578.0,-172.542,3.33846e-07,59.1218,-9.23119,112.458,26.006,-1378.81,-589.662,-1365.54,-582.951
-1394.0,-578.0,-133.948,1.99898e-07,95.9086,-94.2648,101.801,-80.811,-1397.05,-618.242,-1394.91,-590.154
-1392.0,-578.0,-131.844,9.10252e-08,95.6549,-106.87,132.264,66.3227,-1395.69,-590.178,-1395.69,-590.178
-1390.0,-578.0,-131.899,9.31718e-08,95.5391,-110.82,130.958,61.361,-1394.62,-590.145,-1394.62,-590.145
-1388.0,-578.0,-131.121,9.57363e-08,95.4049,-114.573,129.527,56.8358,-1393.54,-590.112,-1393.54,-590.112
-1386.0,-578.0,-131.575,9.86862e-08,95.2572,-118.114,128.022,52.7409,-1392.45,-590.079,-1392.45,-590.079
-1384.0,-578.0,-132.123,1.01988e-07,95.1006,-121.437,126.485,49.054,-1391.36,-590.046,-1391.36,-590.046
-1382.0,-578.0,-132.791,1.05609e-07,94.9389,-124.539,124.95,45.7431,-1390.27,-590.012,-1390.27,-590.012
-1380.0,-578.0,-133.543,1.09517e-07,94.7756,-127.427,123.443,42.7726,-1389.17,-589.978,-1389.17,-589.978
-1378.0,-578.0,-132.844,1.13683e-07,94.6132,-130.109,121.981,40.1063,-1388.06,-589.945,-1388.06,-589.945
-1376.0,-578.0,-132.732,1.18079e-07,94.4537,-132.595,120.578,37.7096,-1386.95,-589.911,-1386.95,-589.911
-1374.0,-578.0,-133.29,1.22681e-07,94.2985,-134.897,119.239,35.5508,-1385.83,-589.876,-1385.83,-589.876
-1372.0,-578.0,-133.711,2.17989e-07,95.6628,-113.99,100.687,-60.8322,-1389.98,-617.944,-1377.17,-589.611
-1370.0,-578.0,-133.899,1.32415e-07,94.0051,-139.004,116.767,31.8366,-1383.58,-589.808,-1383.58,-589.808
-1368.0,-578.0,-134.592,1.3751e-07,93.8677,-140.833,115.635,30.2339,-1382.45,-589.773,-1382.45,-589.773
-1366.0,-578.0,-134.976,1.42735e-07,93.7369,-142.53,114.569,28.7743,-1381.31,-589.738,-1381.31,-589.738
-1364.0,-578.0,-134.865,2.30087e-07,95.4576,-120.107,100.077,-54.6716,-1387.36,-617.834,-1370.62,-589.411
-1362.0,-578.0,-133.749,2.33491e-07,95.4015,-121.532,99.9178,-53.2398,-1386.7,-617.806,-1368.97,-589.361
-1360.0,-578.0,-134.573,1.59061e-07,93.383,-146.932,111.741,25.098,-1377.87,-589.633,-1377.87,-589.633
-1358.0,-578.0,-134.652,1.64684e-07,93.2773,-148.202,110.909,24.0646,-1376.71,-589.597,-1376.71,-589.597
-1356.0,-578.0,0.0,0.0,0.0,0.0,0.0,0.0,0.0,0.0,0.0,0.0
-1354.0,-578.0,0.0,0.0,0.0,0.0,0.0,0.0,0.0,0.0,0.0,0.0
-1352.0,-578.0,0.0,0.0,0.0,0.0,0.0,0.0,0.0,0.0,0.0,0.0
-1350.0,-578.0,0.0,0.0,0.0,0.0,0.0,0.0,0.0,0.0,0.0,0.0
-1348.0,-578.0,0.0,0.0,0.0,0.0,0.0,0.0,0.0,0.0,0.0,0.0
-1346.0,-578.0,0.0,0.0,0.0,0.0,0.0,0.0,0.0,0.0,0.0,0.0
-1344.0,-578.0,0.0,0.0,0.0,0.0,0.0,0.0,0.0,0.0,0.0,0.0
-1342.0,-578.0,-151.112,1.34509e-06,91.9876,2.98249,91.5328,7.68016,-1170.67,-569.074,-1306.52,-576.151
-1340.0,-578.0,-142.944,4.77007e-07,91.8499,28.794,95.3855,-23.5017,-1361.5,-616.743,-1332.87,-574.079
-1338.0,-578.0,-141.607,4.71173e-07,91.8686,29.1854,95.4568,-23.8884,-1362.13,-616.77,-1330.89,-574.028
-1336.0,-578.0,-140.731,4.65361e-07,91.8878,29.5865,95.5296,-24.2849,-1362.77,-616.797,-1328.91,-573.976
-1334.0,-578.0,-140.212,4.59573e-07,91.9073,29.9978,95.604,-24.6916,-1363.41,-616.824,-1326.94,-573.925
-1332.0,-578.0,-145.551,1.3119e-06,95.2611,2.89767,91.5328,7.59837,-1170.64,-569.404,-1318.1,-577.296
-1330.0,-578.0,-143.043,1.30526e-06,95.6905,2.88826,91.5328,7.58197,-1170.63,-569.47,-1316.47,-577.318
-1328.0,-578.0,-139.486,1.29863e-06,96.1988,2.87435,91.5328,7.56542,-1170.63,-569.536,-1315.05,-577.35
-1326.0,-578.0,-130.806,1.29201e-06,96.5667,2.86913,91.5458,7.54869,-1170.62,-569.603,-1313.04,-577.351
-1324.0,-578.0,-130.82,1.28539e-06,96.5992,2.88412,91.5773,7.53186,-1170.62,-569.671,-1310.11,-577.3
-1322.0,-578.0,-130.812,1.27873e-06,96.621,2.89926,91.5982,7.51553,-1170.61,-569.737,-1308.18,-577.3
-1320.0,-578.0,-130.805,1.27208e-06,96.643,2.91457,91.6192,7.49902,-1170.6,-569.803,-1306.26,-577.3
-1318.0,-578.0,-130.798,1.26543e-06,96.6652,2.93004,91.6405,7.48234,-1170.6,-569.87,-1304.33,-577.3
-1316.0,-578.0,-150.761,1.25853e-06,95.3087,3.1943,91.5327,7.47472,-1170.59,-569.901,-1306.49,-577.469
-1314.0,-578.0,-129.65,1.26933e-06,96.2118,-2.55791,91.677,-9.44254,-1310.01,-614.966,-1298.82,-578.678
-1312.0,-578.0,-150.591,1.24522e-06,97.3854,3.23562,91.5327,7.44059,-1170.58,-570.038,-1306.48,-577.688
-1310.0,-578.0,-150.84,1.23859e-06,100.158,3.26636,91.5327,7.42329,-1170.57,-570.108,-1306.48,-577.799
-1308.0,-578.0,-152.252,1.23206e-06,109.725,3.36636,91.5326,7.40594,-1170.57,-570.178,-1306.48,-577.91
-1306.0,-578.0,-123.188,1.24222e-06,88.5579,-2.09906,91.4421,-9.50765,-1310.55,-614.982,-1169.37,-583.008
-1304.0,-578.0,-123.132,1.23556e-06,88.5371,-2.1104,91.4629,-9.51899,-1310.64,-614.984,-1169.38,-582.961
-1302.0,-578.0,-123.077,1.2289e-06,88.516,-2.12186,91.484,-9.53045,-1310.73,-614.987,-1169.38,-582.914
-1300.0,-578.0,-123.018,1.22225e-06,88.4858,-2.13345,91.5142,-9.54203,-1310.83,-614.99,-1169.38,-582.866
-1298.0,-578.0,-109.551,5.02729e-07,86.2843,-131.24,93.7157,-44.1837,-1381.89,-617.603,-1330.93,-615.561
-1296.0,-578.0,-109.098,5.07162e-07,86.2849,-131.809,93.7151,-43.6156,-1381.54,-617.588,-1329.56,-615.522
-1294.0,-578.0,-116.968,4.33506e-07,85.6152,-142.971,94.3848,35.7066,-1385.92,-589.879,-1344.41,-616.023
-1292.0,-578.0,-109.693,4.07189e-07,89.5756,-151.107,95.5951,-24.0255,-1362.36,-616.78,-1310.28,-588.086
-1290.0,-578.0,-110.858,4.13046e-07,89.5425,-151.554,95.5548,-23.5767,-1361.62,-616.749,-1308.62,-588.086
-1288.0,-578.0,-108.321,4.187e-07,85.3438,-152.025,94.6562,-23.1481,-1360.9,-616.718,-1360.9,-616.718
-1286.0,-578.0,-107.915,4.55125e-07,85.6816,-145.001,94.3184,33.6767,-1384.76,-589.844,-1340.04,-615.839
-1284.0,-578.0,-107.025,4.60613e-07,85.698,-145.479,94.302,33.1992,-1384.47,-589.835,-1338.95,-615.793
-1282.0,-578.0,-108.004,4.36492e-07,85.4227,-153.262,94.5773,-21.9113,-1358.67,-616.624,-1358.67,-616.624
-1280.0,-578.0,-106.874,4.42466e-07,85.4481,-153.652,94.5519,-21.5213,-1357.92,-616.593,-1357.92,-616.593
-1278.0,-578.0,-106.159,4.4846e-07,85.4729,-154.032,94.5271,-21.1417,-1357.17,-616.561,-1357.17,-616.561
-1276.0,-578.0,-105.741,4.54472e-07,85.4973,-154.401,94.5027,-20.7722,-1356.42,-616.53,-1356.42,-616.53
-1274.0,-578.0,-105.506,4.60503e-07,85.5212,-154.761,94.4788,-20.4123,-1355.67,-616.498,-1355.67,-616.498
-1272.0,-578.0,-105.383,4.66552e-07,85.5447,-155.112,94.4553,-20.0618,-1354.91,-616.466,-1354.91,-616.466
-1270.0,-578.0,-105.331,4.72617e-07,85.5677,-155.453,94.4323,-19.7203,-1354.15,-616.434,-1354.15,-616.434
-1268.0,-578.0,-105.324,4.78699e-07,85.5903,-155.786,94.4097,-19.3875,-1353.39,-616.402,-1353.39,-616.402
-1266.0,-578.0,-105.348,4.84797e-07,85.6125,-156.11,94.3875,-19.0631,-1352.63,-616.37,-1352.63,-616.37
-1264.0,-578.0,-105.393,4.9091e-07,85.6343,-156.427,94.3657,-18.7467,-1351.86,-616.337,-1351.86,-616.337
-1262.0,-578.0,-105.453,4.97037e-07,85.6556,-156.735,94.3444,-18.4382,-1351.09,-616.305,-1351.09,-616.305
-1260.0,-578.0,-105.524,5.03179e-07,85.6766,-157.036,94.3234,-18.1372,-1350.32,-616.273,-1350.32,-616.273
-1258.0,-578.0,-105.603,5.09334e-07,85.6971,-157.33,94.3029,-17.8434,-1349.55,-616.24,-1349.55,-616.24
-1256.0,-578.0,-105.688,5.15502e-07,85.7173,-157.617,94.2827,-17.5568,-1348.77,-616.207,-1348.77,-616.207
-1254.0,-578.0,-105.777,5.21677e-07,85.745,-157.896,94.255,-17.2769,-1348.0,-616.174,-1348.0,-616.174
-1252.0,-578.0,-105.871,5.27861e-07,85.7772,-158.17,94.2228,-17.0036,-1347.22,-616.142,-1347.22,-616.142
-1250.0,-578.0,-105.967,5.34066e-07,85.796,-158.437,94.204,-16.7366,-1346.43,-616.109,-1346.43,-616.109
-1248.0,-578.0,-106.067,5.40282e-07,85.8145,-158.698,94.1855,-16.4758,-1345.65,-616.075,-1345.65,-616.075
-1246.0,-578.0,-106.169,5.46509e-07,85.8327,-158.952,94.1673,-16.221,-1344.86,-616.042,-1344.86,-616.042
-1244.0,-578.0,-106.272,5.52746e-07,85.8505,-159.201,94.1495,-15.9719,-1344.07,-616.009,-1344.07,-616.009
-1242.0,-578.0,-106.378,5.58994e-07,85.868,-159.445,94.132,-15.7284,-1343.27,-615.975,-1343.27,-615.975
-1240.0,-578.0,-106.486,5.65251e-07,85.8852,-159.683,94.1148,-15.4903,-1342.48,-615.942,-1342.48,-615.942
-1238.0,-578.0,-105.71,5.47037e-07,85.7184,-172.266,94.2816,7.7336,-1238.0,-578.0,-1400.0,-600.0
-1236.0,-578.0,-105.815,5.53653e-07,85.7404,-172.36,94.2596,7.64041,-1236.0,-578.0,-1400.0,-600.0
-1234.0,-578.0,-105.918,5.60271e-07,85.7619,-172.451,94.2381,7.54942,-1234.0,-578.0,-1400.0,-600.0
-1232.0,-578.0,-106.02,5.6689e-07,85.783,-172.539,94.217,7.46057,-1232.0,-578.0,-1400.0,-600.0
-1230.0,-578.0,-106.121,5.73502e-07,85.8151,-172.626,94.1849,7.37377,-1230.0,-578.0,-1400.0,-600.0
-1228.0,-578.0,-106.221,5.80103e-07,85.8628,-172.711,94.1372,7.28895,-1228.0,-578.0,-1400.0,-600.0
-1226.0,-578.0,-106.32,5.86706e-07,85.9094,-172.794,94.0906,7.20606,-1226.0,-578.0,-1400.0,-600.0
-1224.0,-578.0,-106.417,5.93311e-07,85.955,-172.875,94.045,7.12502,-1224.0,-578.0,-1400.0,-600.0
-1222.0,-578.0,-106.514,5.99917e-07,85.9996,-172.954,94.0004,7.04577,-1222.0,-578.0,-1400.0,-600.0
-1220.0,-578.0,-106.609,6.06525e-07,86.0433,-173.032,93.9567,6.96826,-1220.0,-578.0,-1400.0,-600.0
-1218.0,-578.0,-106.703,6.13134e-07,86.086,-173.108,93.914,6.89242,-1218.0,-578.0,-1400.0,-600.0
-1216.0,-578.0,-106.797,6.19744e-07,86.1278,-173.182,93.8722,6.81821,-1216.0,-578.0,-1400.0,-600.0
-1214.0,-578.0,-106.889,6.26356e-07,86.1687,-173.254,93.8313,6.74558,-1214.0,-578.0,-1400.0,-600.0
-1212.0,-578.0,-106.981,6.32969e-07,86.2088,-173.326,93.7912,6.67447,-1212.0,-578.0,-1400.0,-600.0
-1210.0,-578.0,-107.071,6.39583e-07,86.2481,-173.395,93.7519,6.60484,-1210.0,-578.0,-1400.0,-600.0
-1208.0,-578.0,-107.161,6.46199e-07,86.2866,-173.463,93.7134,6.53663,-1208.0,-578.0,-1400.0,-600.0
-1206.0,-578.0,-107.25,6.52795e-07,86.3522,-173.53,93.6478,6.46982,-1206.0,-578.0,-1400.0,-600.0
-1204.0,-578.0,-107.337,6.59363e-07,86.4594,-173.596,93.5406,6.40435,-1204.0,-578.0,-1400.0,-600.0
-1202.0,-578.0,-107.423,6.65931e-07,86.5672,-173.66,93.4328,6.34019,-1202.0,-578.0,-1400.0,-600.0
-1600.0,-576.0,0.0,0.0,0.0,0.0,0.0,0.0,0.0,0.0,0.0,0.0
-1598.0,-576.0,0.0,0.0,0.0,0.0,0.0,0.0,0.0,0.0,0.0,0.0
-1596.0,-576.0,0.0,0.0,0.0,0.0,0.0,0.0,0.0,0.0,0.0,0.0
-1594.0,-576.0,0.0,0.0,0.0,0.0,0.0,0.0,0.0,0.0,0.0,0.0
-1592.0,-576.0,-107.154,6.45663e-07,90.521,-7.12502,89.479,172.875,-1592.0,-576.0,-1400.0,-600.0
-1590.0,-576.0,-107.064,6.39039e-07,90.5011,-7.19923,89.4989,172.801,-1590.0,-576.0,-1400.0,-600.0
-1588.0,-576.0,-106.973,6.32417e-07,90.4808,-7.275,89.5192,172.725,-1588.0,-576.0,-1400.0,-600.0
-1586.0,-576.0,-106.882,6.25795e-07,90.4601,-7.35238,89.5399,172.648,-1586.0,-576.0,-1400.0,-600.0
-1584.0,-576.0,-106.789,6.19173e-07,90.4062,-7.43141,89.5938,172.569,-1584.0,-576.0,-1400.0,-600.0
-1582.0,-576.0,-106.695,6.12549e-07,90.3052,-7.51214,89.6948,172.488,-1582.0,-576.0,-1400.0,-600.0
-1580.0,-576.0,-106.601,6.05929e-07,90.202,-7.59464,89.798,172.405,-1580.0,-576.0,-1400.0,-600.0
-1578.0,-576.0,-106.505,5.99311e-07,90.0965,-7.67896,89.9035,172.321,-1578.0,-576.0,-1400.0,-600.0
-1576.0,-576.0,-106.408,5.92698e-07,89.9886,-7.76517,90.0114,172.235,-1576.0,-576.0,-1400.0,-600.0
-1574.0,-576.0,-106.311,5.86087e-07,89.8784,-7.85331,90.1216,172.147,-1574.0,-576.0,-1400.0,-600.0
-1572.0,-576.0,-106.212,5.79481e-07,89.7656,-7.94347,90.2344,172.057,-1572.0,-576.0,-1400.0,-600.0
-1570.0,-576.0,-106.112,5.72878e-07,89.6502,-8.03571,90.3498,171.964,-1570.0,-576.0,-1400.0,-600.0
-1568.0,-576.0,-106.011,5.66279e-07,89.5321,-8.1301,90.4679,171.87,-1568.0,-576.0,-1400.0,-600.0
-1566.0,-576.0,-105.909,5.59684e-07,89.4113,-8.22672,90.5887,171.773,-1566.0,-576.0,-1400.0,-600.0
-1564.0,-576.0,-105.806,5.53093e-07,89.2875,-8.32565,90.7125,171.674,-1564.0,-576.0,-1400.0,-600.0
-1562.0,-576.0,-105.702,5.46507e-07,89.1608,-8.42697,90.8392,171.573,-1562.0,-576.0,-1400.0,-600.0
-1560.0,-576.0,-105.596,5.3992e-07,89.0653,-8.53077,90.9347,171.469,-1560.0,-576.0,-1400.0,-600.0
-1558.0,-576.0,-105.489,5.33332e-07,88.9886,-8.63713,91.0114,171.363,-1558.0,-576.0,-1400.0,-600.0
-1556.0,-576.0,-105.381,5.26752e-07,88.884,-8.74616,91.116,171.254,-1556.0,-576.0,-1400.0,-600.0
-1554.0,-576.0,-105.272,5.20176e-07,88.7768,-8.85796,91.2232,171.142,-1554.0,-576.0,-1400.0,-600.0
-1552.0,-576.0,-105.161,5.13604e-07,88.6669,-8.97263,91.3331,171.027,-1552.0,-576.0,-1400.0,-600.0
-1550.0,-576.0,-105.049,5.07035e-07,88.5541,-9.09028,91.4459,170.91,-1550.0,-576.0,-1400.0,-600.0
-1548.0,-576.0,-104.935,5.00471e-07,88.4384,-9.21103,91.5616,170.789,-1548.0,-576.0,-1400.0,-600.0
-1546.0,-576.0,-104.82,4.93912e-07,88.3196,-9.335,91.6804,170.665,-1546.0,-576.0,-1400.0,-600.0
-1544.0,-576.0,-104.704,4.87357e-07,88.1976,-9.46232,91.8024,170.538,-1544.0,-576.0,-1400.0,-600.0
-1542.0,-576.0,-104.586,4.80806e-07,88.0723,-9.59313,91.9277,170.407,-1542.0,-576.0,-1400.0,-600.0
-1540.0,-576.0,-104.467,4.74261e-07,87.9435,-9.72758,92.0565,170.272,-1540.0,-576.0,-1400.0,-600.0
-1538.0,-576.0,-104.346,4.6772e-07,87.8112,-9.86581,92.1888,170.134,-1538.0,-576.0,-1400.0,-600.0
-1536.0,-576.0,-104.223,4.61161e-07,87.7514,-10.008,92.2486,169.992,-1536.0,-576.0,-1400.0,-600.0
-1534.0,-576.0,-104.098,4.54599e-07,87.7081,-10.1543,92.2919,169.846,-1534.0,-576.0,-1400.0,-600.0
-1532.0,-576.0,-103.972,4.48048e-07,87.6386,-10.3048,92.3614,169.695,-1532.0,-576.0,-1400.0,-600.0
-1530.0,-576.0,-103.844,4.41502e-07,87.567,-10.4599,92.433,169.54,-1530.0,-576.0,-1400.0,-600.0
-1528.0,-576.0,-103.714,4.34959e-07,87.4932,-10.6197,92.5068,169.38,-1528.0,-576.0,-1400.0,-600.0
-1526.0,-576.0,-112.177,4.28422e-07,87.4172,-10.9169,92.5828,169.301,-1476.53,-585.541,-1476.53,-585.541
-1524.0,-576.0,-116.658,4.21894e-07,87.339,-11.3651,92.661,169.301,-1476.53,-585.541,-1476.53,-585.541
-1522.0,-576.0,-120.331,4.15377e-07,87.2583,-11.8512,92.7417,169.301,-1476.53,-585.541,-1476.53,-585.541
-1520.0,-576.0,-123.218,4.08874e-07,87.1751,-12.3801,92.8249,169.301,-1476.53,-585.541,-1476.53,-585.541
-1518.0,-576.0,-125.59,4.02385e-07,87.0894,-12.9575,92.9106,169.301,-1476.53,-585.541,-1476.53,-585.541
-1516.0,-576.0,-127.584,3.95913e-07,87.001,-13.5903,92.999,169.301,-1476.53,-585.541,-1476.53,-585.541
-1514.0,-576.0,-129.32,3.8946e-07,86.9097,-14.2868,93.0903,169.301,-1476.53,-585.541,-1476.53,-585.541
-1512.0,-576.0,-130.874,3.82988e-07,86.927,-15.0568,93.073,169.301,-1476.53,-585.541,-1476.53,-585.541
-1510.0,-576.0,-132.295,3.76536e-07,86.9601,-15.9123,93.0399,169.301,-1476.53,-585.541,-1476.53,-585.541
-1508.0,-576.0,-133.619,3.70113e-07,86.9947,-16.8678,93.0053,169.301,-1476.53,-585.541,-1476.53,-585.541
-1506.0,-576.0,-134.865,3.63724e-07,87.0307,-17.9414,92.9693,169.301,-1476.53,-585.541,-1476.53,-585.541
-1504.0,-576.0,-136.041,3.57376e-07,87.0684,-19.1556,92.9316,169.301,-1476.53,-585.541,-1476.53,-585.541
-1502.0,-576.0,-137.174,3.51078e-07,87.1078,-20.5384,92.8922,169.301,-1476.53,-585.541,-1476.53,-585.541
-1500.0,-576.0,-138.389,3.44841e-07,87.1492,-22.1257,92.8508,169.301,-1476.53,-585.541,-1476.53,-585.541
-1498.0,-576.0,-139.67,3.38679e-07,87.1927,-23.9633,92.8073,169.301,-1476.53,-585.541,-1476.53,-585.541
-1496.0,-576.0,-140.925,3.32611e-07,87.2386,-26.1107,92.7614,169.301,-1476.53,-585.541,-1476.53,-585.541
-1494.0,-576.0,-142.064,3.26663e-07,87.2872,-28.6456,92.7128,169.301,-1476.53,-585.541,-1476.53,-585.541
-1492.0,-576.0,-143.257,3.20883e-07,87.2924,-31.67,92.7076,169.301,-1476.53,-585.541,-1476.53,-585.541
-1490.0,-576.0,-144.952,3.15322e-07,87.2446,-35.318,92.7554,169.301,-1476.53,-585.541,-1476.53,-585.541
-1488.0,-576.0,-146.077,3.10032e-07,87.1976,-39.7637,92.8024,169.301,-1476.53,-585.541,-1476.53,-585.541
-1486.0,-576.0,-147.918,3.05121e-07,87.1202,-45.2256,92.8798,169.301,-1476.53,-585.541,-1476.53,-585.541
-1484.0,-576.0,-150.388,3.00719e-07,87.0243,-51.9557,92.9757,169.301,-1476.53,-585.541,-1476.53,-585.541
-1482.0,-576.0,-153.219,2.97005e-07,86.9326,-60.1914,93.0674,169.301,-1476.53,-585.541,-1476.53,-585.541
-1480.0,-576.0,-155.131,1.0305e-06,82.71,-173.917,87.1236,176.471,-1593.33,-588.078,-1593.33,-588.078
-1478.0,-576.0,-155.28,1.03712e-06,82.7934,-173.957,87.1235,176.51,-1593.32,-588.21,-1593.32,-588.21
-1476.0,-576.0,0.0,0.0,0.0,0.0,0.0,0.0,0.0,0.0,0.0,0.0
-1474.0,-576.0,0.0,0.0,0.0,0.0,0.0,0.0,0.0,0.0,0.0,0.0
-1472.0,-576.0,0.0,0.0,0.0,0.0,0.0,0.0,0.0,0.0,0.0,0.0
-1470.0,-576.0,0.0,0.0,0.0,0.0,0.0,0.0,0.0,0.0,0.0,0.0
-1468.0,-576.0,0.0,0.0,0.0,0.0,0.0,0.0,0.0,0.0,0.0,0.0
-1466.0,-576.0,0.0,0.0,0.0,0.0,0.0,0.0,0.0,0.0,0.0,0.0
-1464.0,-576.0,0.0,0.0,0.0,0.0,0.0,0.0,0.0,0.0,0.0,0.0
-1462.0,-576.0,0.0,0.0,0.0,0.0,0.0,0.0,0.0,0.0,0.0,0.0
-1460.0,-576.0,0.0,0.0,0.0,0.0,0.0,0.0,0.0,0.0,0.0,0.0
-1458.0,-576.0,0.0,0.0,0.0,0.0,0.0,0.0,0.0,0.0,0.0,0.0
-1456.0,-576.0,0.0,0.0,0.0,0.0,0.0,0.0,0.0,0.0,0.0,0.0
-1454.0,-576.0,0.0,0.0,0.0,0.0,0.0,0.0,0.0,0.0,0.0,0.0
-1452.0,-576.0,0.0,0.0,0.0,0.0,0.0,0.0,0.0,0.0,0.0,0.0
-1450.0,-576.0,0.0,0.0,0.0,0.0,0.0,0.0,0.0,0.0,0.0,0.0
-1448.0,-576.0,0.0,0.0,0.0,0.0,0.0,0.0,0.0,0.0,0.0,0.0
-1446.0,-576.0,0.0,0.0,0.0,0.0,0.0,0.0,0.0,0.0,0.0,0.0
-1444.0,-576.0,0.0,0.0,0.0,0.0,0.0,0.0,0.0,0.0,0.0,0.0
-1442.0,-576.0,0.0,0.0,0.0,0.0,0.0,0.0,0.0,0.0,0.0,0.0
-1440.0,-576.0,0.0,0.0,0.0,0.0,0.0,0.0,0.0,0.0,0.0,0.0
-1438.0,-576.0,0.0,0.0,0.0,0.0,0.0,0.0,0.0,0.0,0.0,0.0
-1436.0,-576.0,0.0,0.0,0.0,0.0,0.0,0.0,0.0,0.0,0.0,0.0
-1434.0,-576.0,0.0,0.0,0.0,0.0,0.0,0.0,0.0,0.0,0.0,0.0
-1432.0,-576.0,0.0,0.0,0.0,0.0,0.0,0.0,0.0,0.0,0.0,0.0
-1430.0,-576.0,0.0,0.0,0.0,0.0,0.0,0.0,0.0,0.0,0.0,0.0
-1428.0,-576.0,0.0,0.0,0.0,0.0,0.0,0.0,0.0,0.0,0.0,0.0
-1426.0,-576.0,0.0,0.0,0.0,0.0,0.0,0.0,0.0,0.0,0.0,0.0
-1424.0,-576.0,-92.2047,1.1578e-07,78.0059,-45.0,101.994,135.0,-1424.0,-576.0,-1400.0,-600.0
-1422.0,-576.0,-91.8641,1.11329e-07,77.3703,-47.4896,102.63,132.51,-1422.0,-576.0,-1400.0,-600.0
-1420.0,-576.0,-91.5284,1.07111e-07,76.7095,-50.1944,103.291,129.806,-1420.0,-576.0,-1400.0,-600.0
-1418.0,-576.0,-91.1984,1.03119e-07,76.1042,-53.1301,103.896,126.87,-1418.0,-576.0,-1400.0,-600.0
-1416.0,-576.0,-90.8779,9.93854e-08,75.56,-56.3099,104.44,123.69,-1416.0,-576.0,-1400.0,-600.0
-1414.0,-576.0,-90.5802,9.60389e-08,74.8713,-59.7436,105.129,120.256,-1414.0,-576.0,-1400.0,-600.0
-1412.0,-576.0,-90.3057,9.30522e-08,74.1934,-63.4349,105.807,116.565,-1412.0,-576.0,-1400.0,-600.0
-1410.0,-576.0,-90.0603,9.0461e-08,73.5424,-67.3801,106.458,112.62,-1410.0,-576.0,-1400.0,-600.0
-1408.0,-576.0,-89.8502,8.83e-08,72.9366,-71.5651,107.063,108.435,-1408.0,-576.0,-1400.0,-600.0
-1406.0,-576.0,-89.6814,8.66015e-08,72.396,-75.9638,107.604,104.036,-1406.0,-576.0,-1400.0,-600.0
-1404.0,-576.0,-89.5593,8.5393e-08,71.94,-80.5377,108.06,99.4623,-1404.0,-576.0,-1400.0,-600.0
-1402.0,-576.0,-89.488,8.46957e-08,71.5854,-85.2364,108.415,94.7636,-1402.0,-576.0,-1400.0,-600.0
-1400.0,-576.0,-89.4702,8.4522e-08,71.3448,-90.0,108.655,90.0,-1400.0,-576.0,-1400.0,-600.0
-1398.0,-576.0,-89.5064,8.48753e-08,71.2247,-94.7636,108.775,85.2364,-1398.0,-576.0,-1400.0,-600.0
-1396.0,-576.0,-170.471,3.3463e-07,59.4303,-10.946,112.635,26.232,-1379.03,-589.668,-1365.54,-581.891
-1394.0,-576.0,-134.643,2.06564e-07,95.5958,-94.1239,101.804,-80.9508,-1397.09,-618.244,-1395.02,-590.157
-1392.0,-576.0,-132.504,9.74229e-08,95.1363,-105.718,132.599,67.7859,-1395.99,-590.187,-1395.99,-590.187
-1390.0,-576.0,-133.045,9.94313e-08,95.0431,-109.437,131.433,63.0511,-1395.0,-590.157,-1395.0,-590.157
-1388.0,-576.0,-132.181,1.01838e-07,94.9342,-112.993,130.142,58.6902,-1393.99,-590.126,-1393.99,-590.126
-1386.0,-576.0,-132.085,1.04616e-07,94.8133,-116.372,128.77,54.7052,-1392.99,-590.095,-1392.99,-590.095
-1384.0,-576.0,-133.017,1.07736e-07,94.6839,-119.565,127.353,51.0833,-1391.98,-590.064,-1391.98,-590.064
-1382.0,-576.0,-133.111,1.1117e-07,94.5489,-122.568,125.922,47.8023,-1390.96,-590.033,-1390.96,-590.033
-1380.0,-576.0,-133.989,1.14889e-07,94.4111,-125.382,124.502,44.8347,-1389.94,-590.002,-1389.94,-590.002
-1378.0,-576.0,-134.447,1.18867e-07,94.2728,-128.014,123.112,42.1516,-1388.92,-589.971,-1388.92,-589.971
-1376.0,-576.0,-133.665,1.23078e-07,94.1356,-130.469,121.763,39.7242,-1387.89,-589.939,-1387.89,-589.939
-1374.0,-576.0,-133.64,1.27499e-07,94.001,-132.757,120.466,37.5251,-1386.86,-589.908,-1386.86,-589.908
-1372.0,-576.0,-134.068,2.24096e-07,95.1017,-113.273,100.748,-61.5302,-1390.26,-617.956,-1377.86,-589.633
-1370.0,-576.0,-134.689,1.36891e-07,93.7431,-136.872,118.043,33.7138,-1384.78,-589.844,-1384.78,-589.844
-1368.0,-576.0,-134.727,1.41825e-07,93.6211,-138.72,116.921,32.0587,-1383.73,-589.812,-1383.73,-589.812
-1366.0,-576.0,-135.312,1.46896e-07,93.504,-140.441,115.859,30.546,-1382.68,-589.78,-1382.68,-589.78
-1364.0,-576.0,-135.81,1.52092e-07,93.3921,-142.046,114.854,29.16,-1381.63,-589.748,-1381.63,-589.748
-1362.0,-576.0,-134.79,2.39202e-07,94.8648,-120.666,100.011,-54.0772,-1387.09,-617.822,-1369.94,-589.39
-1360.0,-576.0,-135.792,1.62806e-07,93.1836,-144.942,113.009,26.7141,-1379.5,-589.683,-1379.5,-589.683
-1358.0,-576.0,-135.484,1.68304e-07,93.0869,-146.25,112.164,25.6316,-1378.43,-589.65,-1378.43,-589.65
-1356.0,-576.0,0.0,0.0,0.0,0.0,0.0,0.0,0.0,0.0,0.0,0.0
-1354.0,-576.0,0.0,0.0,0.0,0.0,0.0,0.0,0.0,0.0,0.0,0.0
-1352.0,-576.0,0.0,0.0,0.0,0.0,0.0,0.0,0.0,0.0,0.0,0.0
-1350.0,-576.0,0.0,0.0,0.0,0.0,0.0,0.0,0.0,0.0,0.0,0.0
-1348.0,-576.0,0.0,0.0,0.0,0.0,0.0,0.0,0.0,0.0,0.0,0.0
-1346.0,-576.0,0.0,0.0,0.0,0.0,0.0,0.0,0.0,0.0,0.0,0.0
-1344.0,-576.0,0.0,0.0,0.0,0.0,0.0,0.0,0.0,0.0,0.0,0.0
-1342.0,-576.0,0.0,0.0,0.0,0.0,0.0,0.0,0.0,0.0,0.0,0.0
-1340.0,-576.0,0.0,0.0,0.0,0.0,0.0,0.0,0.0,0.0,0.0,0.0
-1338.0,-576.0,0.0,0.0,0.0,0.0,0.0,0.0,0.0,0.0,0.0,0.0
-1336.0,-576.0,-142.163,4.62098e-07,91.9698,28.8604,95.3989,-23.5747,-1361.62,-616.749,-1332.5,-574.07
-1334.0,-576.0,-140.888,4.56268e-07,91.9899,29.2655,95.4727,-23.975,-1362.28,-616.776,-1330.46,-574.017
-1332.0,-576.0,-140.079,4.50462e-07,92.0104,29.681,95.5481,-24.3858,-1362.93,-616.804,-1328.43,-573.964
-1330.0,-576.0,0.0,0.0,0.0,0.0,0.0,0.0,0.0,0.0,0.0,0.0
-1328.0,-576.0,-135.446,4.32515e-07,92.5944,-25.5659,95.6186,-23.7713,-1361.94,-616.762,-1306.26,-586.402
-1326.0,-576.0,-129.825,1.30949e-06,96.2095,-2.53914,91.5346,-9.68344,-1311.96,-615.022,-1312.42,-576.602
-1324.0,-576.0,-129.823,1.30286e-06,96.2398,-2.55222,91.5657,-9.69435,-1312.05,-615.024,-1309.44,-576.649
-1322.0,-576.0,-129.805,1.2962e-06,96.2594,-2.56543,91.5862,-9.70612,-1312.14,-615.027,-1307.51,-576.649
-1320.0,-576.0,-162.367,1.29036e-06,97.3828,-2.62642,87.8768,-9.81312,-1312.98,-615.051,-1308.76,-576.516
-1318.0,-576.0,-162.417,1.28371e-06,97.4153,-2.63904,87.8736,-9.83054,-1313.12,-615.055,-1306.83,-576.515
-1316.0,-576.0,-129.632,1.27628e-06,96.1809,-2.8455,91.6842,-9.73016,-1312.33,-615.033,-1299.85,-576.803
-1314.0,-576.0,-129.613,1.26962e-06,96.2006,-2.86054,91.7057,-9.74237,-1312.43,-615.035,-1297.93,-576.803
-1312.0,-576.0,0.0,0.0,0.0,0.0,0.0,0.0,0.0,0.0,0.0,0.0
-1310.0,-576.0,0.0,0.0,0.0,0.0,0.0,0.0,0.0,0.0,0.0,0.0
-1308.0,-576.0,0.0,0.0,0.0,0.0,0.0,0.0,0.0,0.0,0.0,0.0
-1306.0,-576.0,-123.137,1.24249e-06,88.5483,-2.4067,91.4517,-9.81528,-1313.0,-615.051,-1169.49,-581.737
-1304.0,-576.0,-123.081,1.23583e-06,88.5274,-2.41969,91.4726,-9.82827,-1313.1,-615.054,-1169.49,-581.684
-1302.0,-576.0,-123.022,1.22918e-06,88.4969,-2.43283,91.5031,-9.84141,-1313.2,-615.057,-1169.5,-581.629
-1300.0,-576.0,-122.963,1.22253e-06,88.4659,-2.44611,91.5341,-9.85469,-1313.3,-615.06,-1169.5,-581.575
-1298.0,-576.0,-122.906,1.21587e-06,88.4442,-2.45954,91.5558,-9.86812,-1313.41,-615.063,-1169.51,-581.519
-1296.0,-576.0,-109.622,5.12173e-07,86.273,-131.31,93.727,-44.1144,-1381.85,-617.601,-1330.76,-615.556
-1294.0,-576.0,-109.228,5.16612e-07,86.2737,-131.867,93.7263,-43.5572,-1381.5,-617.587,-1329.42,-615.518
-1292.0,-576.0,-120.009,4.43057e-07,89.0536,-142.801,95.1411,35.8763,-1386.01,-589.882,-1311.09,-590.488
-1290.0,-576.0,-116.631,4.1627e-07,89.3289,-150.72,95.5475,-24.3825,-1362.93,-616.804,-1308.72,-586.498
-1288.0,-576.0,-109.959,4.22107e-07,89.4555,-151.189,95.4738,-23.9448,-1362.23,-616.774,-1305.87,-585.828
-1286.0,-576.0,-110.883,4.59006e-07,85.6642,-144.317,94.3358,34.3611,-1385.16,-589.856,-1341.57,-615.904
-1284.0,-576.0,-108.718,4.64449e-07,85.6803,-144.798,94.3197,33.8795,-1384.88,-589.847,-1340.5,-615.859
-1282.0,-576.0,-107.57,4.69924e-07,85.6962,-145.269,94.3038,33.4091,-1384.59,-589.839,-1339.43,-615.814
-1280.0,-576.0,-109.593,4.45493e-07,85.4234,-152.88,94.5766,-22.2929,-1359.38,-616.654,-1359.38,-616.654
-1278.0,-576.0,-108.28,4.51447e-07,85.448,-153.268,94.552,-21.9056,-1358.66,-616.624,-1358.66,-616.624
-1276.0,-576.0,-106.683,4.86595e-07,85.7441,-147.387,94.2559,32.8642,-1384.26,-589.828,-1338.15,-615.766
-1274.0,-576.0,-106.48,4.63413e-07,85.4959,-154.012,94.5041,-21.161,-1357.21,-616.563,-1357.21,-616.563
-1272.0,-576.0,-106.06,4.69424e-07,85.5192,-154.37,94.4808,-20.803,-1356.49,-616.532,-1356.49,-616.532
-1270.0,-576.0,-105.819,4.75454e-07,85.5421,-154.719,94.4579,-20.4541,-1355.76,-616.502,-1355.76,-616.502
-1268.0,-576.0,-105.688,4.815e-07,85.5645,-155.059,94.4355,-20.1139,-1355.03,-616.471,-1355.03,-616.471
-1266.0,-576.0,-105.628,4.87563e-07,85.5866,-155.391,94.4134,-19.7822,-1354.29,-616.44,-1354.29,-616.44
-1264.0,-576.0,-105.615,4.93642e-07,85.6082,-155.715,94.3918,-19.4587,-1353.56,-616.409,-1353.56,-616.409
-1262.0,-576.0,-105.632,4.99736e-07,85.6295,-156.03,94.3705,-19.1431,-1352.82,-616.378,-1352.82,-616.378
-1260.0,-576.0,-105.67,5.05845e-07,85.6504,-156.338,94.3496,-18.8352,-1352.08,-616.347,-1352.08,-616.347
-1258.0,-576.0,-105.724,5.11968e-07,85.6709,-156.639,94.3291,-18.5346,-1351.34,-616.315,-1351.34,-616.315
-1256.0,-576.0,-105.79,5.18105e-07,85.6917,-156.932,94.3083,-18.2411,-1350.59,-616.284,-1350.59,-616.284
-1254.0,-576.0,-105.863,5.24234e-07,85.7421,-157.219,94.2579,-17.9545,-1349.84,-616.252,-1349.84,-616.252
-1252.0,-576.0,-105.943,5.30388e-07,85.774,-157.499,94.226,-17.6746,-1349.1,-616.221,-1349.1,-616.221
-1250.0,-576.0,-106.028,5.36564e-07,85.7926,-157.772,94.2074,-17.4012,-1348.34,-616.189,-1348.34,-616.189
-1248.0,-576.0,-106.117,5.42751e-07,85.8108,-158.039,94.1892,-17.134,-1347.59,-616.157,-1347.59,-616.157
-1246.0,-576.0,-106.209,5.4895e-07,85.8287,-158.301,94.1713,-16.8728,-1346.83,-616.126,-1346.83,-616.126
-1244.0,-576.0,-106.304,5.5516e-07,85.8463,-158.556,94.1537,-16.6175,-1346.08,-616.094,-1346.08,-616.094
-1242.0,-576.0,-106.401,5.61381e-07,85.8636,-158.806,94.1364,-16.3678,-1345.31,-616.061,-1345.31,-616.061
-1240.0,-576.0,-106.5,5.67613e-07,85.8805,-159.05,94.1195,-16.1236,-1344.55,-616.029,-1344.55,-616.029
-1238.0,-576.0,-106.601,5.73854e-07,85.8972,-159.289,94.1028,-15.8848,-1343.79,-615.997,-1343.79,-615.997
-1236.0,-576.0,-106.704,5.80105e-07,85.9136,-159.522,94.0864,-15.6511,-1343.02,-615.965,-1343.02,-615.965
-1234.0,-576.0,-106.809,5.86366e-07,85.9297,-159.751,94.0703,-15.4224,-1342.25,-615.932,-1342.25,-615.932
-1232.0,-576.0,-106.916,5.92632e-07,85.9504,-159.975,94.0496,-15.1985,-1341.47,-615.9,-1341.47,-615.9
-1230.0,-576.0,-107.024,5.98891e-07,85.9928,-160.194,94.0072,-14.9794,-1340.7,-615.867,-1340.7,-615.867
-1228.0,-576.0,-107.134,6.05158e-07,86.0343,-160.409,93.9657,-14.7648,-1339.92,-615.834,-1339.92,-615.834
-1226.0,-576.0,-107.246,6.11435e-07,86.0751,-160.619,93.9249,-14.5546,-1339.14,-615.801,-1339.14,-615.801
-1224.0,-576.0,-106.43,5.94173e-07,85.9609,-172.235,94.0391,7.76517,-1224.0,-576.0,-1400.0,-600.0
-1222.0,-576.0,-106.526,6.0077e-07,86.0053,-172.321,93.9947,7.67896,-1222.0,-576.0,-1400.0,-600.0
-1220.0,-576.0,-106.621,6.07369e-07,86.0488,-172.405,93.9512,7.59464,-1220.0,-576.0,-1400.0,-600.0
-1218.0,-576.0,-106.715,6.13968e-07,86.0913,-172.488,93.9087,7.51214,-1218.0,-576.0,-1400.0,-600.0
-1216.0,-576.0,-106.808,6.2057e-07,86.133,-172.569,93.867,7.43141,-1216.0,-576.0,-1400.0,-600.0
-1214.0,-576.0,-106.901,6.27173e-07,86.1737,-172.648,93.8263,7.35238,-1214.0,-576.0,-1400.0,-600.0
-1212.0,-576.0,-106.992,6.33778e-07,86.2137,-172.725,93.7863,7.275,-1212.0,-576.0,-1400.0,-600.0
-1210.0,-576.0,-107.082,6.40384e-07,86.2528,-172.801,93.7472,7.19923,-1210.0,-576.0,-1400.0,-600.0
-1208.0,-576.0,-107.172,6.46979e-07,86.3077,-172.875,93.6923,7.12502,-1208.0,-576.0,-1400.0,-600.0
-1206.0,-576.0,-107.26,6.53552e-07,86.3944,-172.948,93.6056,7.05231,-1206.0,-576.0,-1400.0,-600.0
-1204.0,-576.0,-107.347,6.60112e-07,86.5009,-173.019,93.4991,6.98106,-1204.0,-576.0,-1400.0,-600.0
-1202.0,-576.0,-107.433,6.66674e-07,86.6082,-173.089,93.3918,6.91123,-1202.0,-576.0,-1400.0,-600.0
-1600.0,-574.0,-141.675,6.73148e-07,90.5956,-0.662572,89.4044,172.374,-1593.64,-574.074,-1593.64,-574.074
-1598.0,-574.0,-138.596,6.66472e-07,90.5774,-0.966108,89.4226,172.374,-1593.64,-574.074,-1593.64,-574.074
-1596.0,-574.0,-132.781,6.59798e-07,90.5587,-1.78271,89.4413,172.374,-1593.64,-574.074,-1593.64,-574.074
-1594.0,-574.0,-107.254,6.5314e-07,90.5397,-7.63333,89.4603,172.367,-1594.0,-574.0,-1400.0,-600.0
-1592.0,-574.0,-107.165,6.46524e-07,90.5203,-7.71189,89.4797,172.288,-1592.0,-574.0,-1400.0,-600.0
-1590.0,-574.0,-107.076,6.3991e-07,90.5004,-7.79208,89.4996,172.208,-1590.0,-574.0,-1400.0,-600.0
-1588.0,-574.0,-106.985,6.33296e-07,90.4802,-7.87394,89.5198,172.126,-1588.0,-574.0,-1400.0,-600.0
-1586.0,-574.0,-106.894,6.26684e-07,90.4595,-7.95753,89.5405,172.042,-1586.0,-574.0,-1400.0,-600.0
-1584.0,-574.0,-106.801,6.20071e-07,90.4056,-8.04289,89.5944,171.957,-1584.0,-574.0,-1400.0,-600.0
-1582.0,-574.0,-106.708,6.13457e-07,90.3048,-8.1301,89.6952,171.87,-1582.0,-574.0,-1400.0,-600.0
-1580.0,-574.0,-106.614,6.06847e-07,90.2017,-8.21921,89.7983,171.781,-1580.0,-574.0,-1400.0,-600.0
-1578.0,-574.0,-106.518,6.0024e-07,90.0964,-8.31028,89.9036,171.69,-1578.0,-574.0,-1400.0,-600.0
-1576.0,-574.0,-106.422,5.93636e-07,89.9887,-8.40337,90.0113,171.597,-1576.0,-574.0,-1400.0,-600.0
-1574.0,-574.0,-106.325,5.87036e-07,89.8786,-8.49856,90.1214,171.501,-1574.0,-574.0,-1400.0,-600.0
-1572.0,-574.0,-106.226,5.80441e-07,89.766,-8.59591,90.234,171.404,-1572.0,-574.0,-1400.0,-600.0
-1570.0,-574.0,-106.127,5.73849e-07,89.6508,-8.6955,90.3492,171.304,-1570.0,-574.0,-1400.0,-600.0
-1568.0,-574.0,-106.026,5.67261e-07,89.533,-8.79741,90.467,171.203,-1568.0,-574.0,-1400.0,-600.0
-1566.0,-574.0,-105.924,5.60678e-07,89.4123,-8.90172,90.5877,171.098,-1566.0,-574.0,-1400.0,-600.0
-1564.0,-574.0,-105.822,5.54099e-07,89.2888,-9.0085,90.7112,170.991,-1564.0,-574.0,-1400.0,-600.0
-1562.0,-574.0,-105.718,5.47525e-07,89.1624,-9.11786,90.8376,170.882,-1562.0,-574.0,-1400.0,-600.0
-1560.0,-574.0,-105.613,5.4095e-07,89.0671,-9.22989,90.9329,170.77,-1560.0,-574.0,-1400.0,-600.0
-1558.0,-574.0,-105.506,5.34374e-07,88.9952,-9.34467,91.0048,170.655,-1558.0,-574.0,-1400.0,-600.0
-1556.0,-574.0,-105.398,5.27804e-07,88.9097,-9.46232,91.0903,170.538,-1556.0,-574.0,-1400.0,-600.0
-1554.0,-574.0,-105.289,5.21241e-07,88.8031,-9.58294,91.1969,170.417,-1554.0,-574.0,-1400.0,-600.0
-1552.0,-574.0,-105.179,5.14682e-07,88.6937,-9.70665,91.3063,170.293,-1552.0,-574.0,-1400.0,-600.0
-1550.0,-574.0,-105.068,5.08127e-07,88.5816,-9.83356,91.4184,170.166,-1550.0,-574.0,-1400.0,-600.0
-1548.0,-574.0,-104.955,5.01577e-07,88.4665,-9.9638,91.5335,170.036,-1548.0,-574.0,-1400.0,-600.0
-1546.0,-574.0,-104.84,4.95031e-07,88.3484,-10.0975,91.6516,169.902,-1546.0,-574.0,-1400.0,-600.0
-1544.0,-574.0,-104.724,4.88491e-07,88.2271,-10.2348,91.7729,169.765,-1544.0,-574.0,-1400.0,-600.0
-1542.0,-574.0,-104.607,4.81955e-07,88.1026,-10.3758,91.8974,169.624,-1542.0,-574.0,-1400.0,-600.0
-1540.0,-574.0,-104.488,4.75425e-07,87.9746,-10.5208,92.0254,169.479,-1540.0,-574.0,-1400.0,-600.0
-1538.0,-574.0,-104.368,4.68901e-07,87.8431,-10.6698,92.1569,169.33,-1538.0,-574.0,-1400.0,-600.0
-1536.0,-574.0,-113.758,4.62359e-07,87.784,-10.9831,92.216,169.301,-1476.53,-585.541,-1476.53,-585.541
-1534.0,-574.0,-117.584,4.55817e-07,87.7522,-11.3555,92.2478,169.301,-1476.53,-585.541,-1476.53,-585.541
-1532.0,-574.0,-120.78,4.4929e-07,87.7002,-11.7538,92.2998,169.301,-1476.53,-585.541,-1476.53,-585.541
-1530.0,-574.0,-123.34,4.42779e-07,87.6299,-12.1806,92.3701,169.301,-1476.53,-585.541,-1476.53,-585.541
-1528.0,-574.0,-125.494,4.36279e-07,87.5575,-12.639,92.4425,169.301,-1476.53,-585.541,-1476.53,-585.541
-1526.0,-574.0,-127.321,4.29791e-07,87.4831,-13.1326,92.5169,169.301,-1476.53,-585.541,-1476.53,-585.541
-1524.0,-574.0,-128.915,4.23319e-07,87.4064,-13.6656,92.5936,169.301,-1476.53,-585.541,-1476.53,-585.541
-1522.0,-574.0,-130.338,4.16862e-07,87.3275,-14.2428,92.6725,169.301,-1476.53,-585.541,-1476.53,-585.541
-1520.0,-574.0,-131.634,4.10423e-07,87.2462,-14.8697,92.7538,169.301,-1476.53,-585.541,-1476.53,-585.541
-1518.0,-574.0,-132.833,4.04005e-07,87.1624,-15.5529,92.8376,169.301,-1476.53,-585.541,-1476.53,-585.541
-1516.0,-574.0,-133.957,3.9761e-07,87.0761,-16.3002,92.9239,169.301,-1476.53,-585.541,-1476.53,-585.541
-1514.0,-574.0,-135.02,3.91241e-07,86.9871,-17.1206,93.0129,169.301,-1476.53,-585.541,-1476.53,-585.541
-1512.0,-574.0,-136.031,3.84863e-07,87.0063,-18.0251,92.9937,169.301,-1476.53,-585.541,-1476.53,-585.541
-1510.0,-574.0,-136.995,3.78515e-07,87.0414,-19.0268,92.9586,169.301,-1476.53,-585.541,-1476.53,-585.541
-1508.0,-574.0,-137.922,3.72206e-07,87.0781,-20.1415,92.9219,169.301,-1476.53,-585.541,-1476.53,-585.541
-1506.0,-574.0,-138.88,3.65945e-07,87.1164,-21.3885,92.8836,169.301,-1476.53,-585.541,-1476.53,-585.541
-1504.0,-574.0,-139.916,3.59741e-07,87.1565,-22.7914,92.8435,169.301,-1476.53,-585.541,-1476.53,-585.541
-1502.0,-574.0,-140.963,3.53604e-07,87.1985,-24.3793,92.8015,169.301,-1476.53,-585.541,-1476.53,-585.541
-1500.0,-574.0,-141.986,3.47549e-07,87.2426,-26.1884,92.7574,169.301,-1476.53,-585.541,-1476.53,-585.541
-1498.0,-574.0,-142.934,3.41594e-07,87.2891,-28.2639,92.7109,169.301,-1476.53,-585.541,-1476.53,-585.541
-1496.0,-574.0,-143.711,3.35762e-07,87.3383,-30.6624,92.6617,169.301,-1476.53,-585.541,-1476.53,-585.541
-1494.0,-574.0,-145.194,3.30091e-07,87.368,-33.4551,92.632,169.301,-1476.53,-585.541,-1476.53,-585.541
-1492.0,-574.0,-146.317,3.24634e-07,87.3237,-36.7305,92.6763,169.301,-1476.53,-585.541,-1476.53,-585.541
-1490.0,-574.0,-147.577,3.19426e-07,87.28,-40.5977,92.72,169.301,-1476.53,-585.541,-1476.53,-585.541
-1488.0,-574.0,-148.883,3.14538e-07,87.2377,-45.1864,92.7623,169.301,-1476.53,-585.541,-1476.53,-585.541
-1486.0,-574.0,-151.043,3.10066e-07,87.1979,-50.6408,92.8021,169.301,-1476.53,-585.541,-1476.53,-585.541
-1484.0,-574.0,-152.935,3.06141e-07,87.1175,-57.1004,92.8825,169.301,-1476.53,-585.541,-1476.53,-585.541
-1482.0,-574.0,-154.269,3.02905e-07,87.0333,-64.6568,92.9667,169.301,-1476.53,-585.541,-1476.53,-585.541
-1480.0,-574.0,-154.899,1.03119e-06,82.7489,-173.545,87.1252,176.102,-1593.35,-586.825,-1593.35,-586.825
-1478.0,-574.0,-155.046,1.03781e-06,82.8315,-173.587,87.1251,176.143,-1593.35,-586.964,-1593.35,-586.964
-1476.0,-574.0,0.0,0.0,0.0,0.0,0.0,0.0,0.0,0.0,0.0,0.0
-1474.0,-574.0,0.0,0.0,0.0,0.0,0.0,0.0,0.0,0.0,0.0,0.0
-1472.0,-574.0,0.0,0.0,0.0,0.0,0.0,0.0,0.0,0.0,0.0,0.0
-1470.0,-574.0,0.0,0.0,0.0,0.0,0.0,0.0,0.0,0.0,0.0,0.0
-1468.0,-574.0,0.0,0.0,0.0,0.0,0.0,0.0,0.0,0.0,0.0,0.0
-1466.0,-574.0,0.0,0.0,0.0,0.0,0.0,0.0,0.0,0.0,0.0,0.0
-1464.0,-574.0,0.0,0.0,0.0,0.0,0.0,0.0,0.0,0.0,0.0,0.0
-1462.0,-574.0,0.0,0.0,0.0,0.0,0.0,0.0,0.0,0.0,0.0,0.0
-1460.0,-574.0,0.0,0.0,0.0,0.0,0.0,0.0,0.0,0.0,0.0,0.0
-1458.0,-574.0,0.0,0.0,0.0,0.0,0.0,0.0,0.0,0.0,0.0,0.0
-1456.0,-574.0,0.0,0.0,0.0,0.0,0.0,0.0,0.0,0.0,0.0,0.0
-1454.0,-574.0,0.0,0.0,0.0,0.0,0.0,0.0,0.0,0.0,0.0,0.0
-1452.0,-574.0,0.0,0.0,0.0,0.0,0.0,0.0,0.0,0.0,0.0,0.0
-1450.0,-574.0,0.0,0.0,0.0,0.0,0.0,0.0,0.0,0.0,0.0,0.0
-1448.0,-574.0,0.0,0.0,0.0,0.0,0.0,0.0,0.0,0.0,0.0,0.0
-1446.0,-574.0,0.0,0.0,0.0,0.0,0.0,0.0,0.0,0.0,0.0,0.0
-1444.0,-574.0,0.0,0.0,0.0,0.0,0.0,0.0,0.0,0.0,0.0,0.0
-1442.0,-574.0,0.0,0.0,0.0,0.0,0.0,0.0,0.0,0.0,0.0,0.0
-1440.0,-574.0,0.0,0.0,0.0,0.0,0.0,0.0,0.0,0.0,0.0,0.0
-1438.0,-574.0,0.0,0.0,0.0,0.0,0.0,0.0,0.0,0.0,0.0,0.0
-1436.0,-574.0,0.0,0.0,0.0,0.0,0.0,0.0,0.0,0.0,0.0,0.0
-1434.0,-574.0,0.0,0.0,0.0,0.0,0.0,0.0,0.0,0.0,0.0,0.0
-1432.0,-574.0,0.0,0.0,0.0,0.0,0.0,0.0,0.0,0.0,0.0,0.0
-1430.0,-574.0,0.0,0.0,0.0,0.0,0.0,0.0,0.0,0.0,0.0,0.0
-1428.0,-574.0,0.0,0.0,0.0,0.0,0.0,0.0,0.0,0.0,0.0,0.0
-1426.0,-574.0,0.0,0.0,0.0,0.0,0.0,0.0,0.0,0.0,0.0,0.0
-1424.0,-574.0,-92.5483,1.20449e-07,78.5821,-47.2906,101.418,132.709,-1424.0,-574.0,-1400.0,-600.0
-1422.0,-574.0,-92.2345,1.16177e-07,78.0144,-49.7636,101.986,130.236,-1422.0,-574.0,-1400.0,-600.0
-1420.0,-574.0,-91.9272,1.12141e-07,77.4288,-52.4314,102.571,127.569,-1420.0,-574.0,-1400.0,-600.0
-1418.0,-574.0,-91.6271,1.08334e-07,76.9028,-55.3048,103.097,124.695,-1418.0,-574.0,-1400.0,-600.0
-1416.0,-574.0,-91.3374,1.04782e-07,76.4504,-58.3925,103.55,121.608,-1416.0,-574.0,-1400.0,-600.0
-1414.0,-574.0,-91.0664,1.01565e-07,75.9636,-61.6992,104.036,118.301,-1414.0,-574.0,-1400.0,-600.0
-1412.0,-574.0,-90.8216,9.8744e-08,75.3853,-65.2249,104.615,114.775,-1412.0,-574.0,-1400.0,-600.0
-1410.0,-574.0,-90.6042,9.63048e-08,74.833,-68.9625,105.167,111.038,-1410.0,-574.0,-1400.0,-600.0
-1408.0,-574.0,-90.4193,9.42766e-08,74.321,-72.8973,105.679,107.103,-1408.0,-574.0,-1400.0,-600.0
-1406.0,-574.0,-90.2715,9.26863e-08,73.8637,-77.0054,106.136,102.995,-1406.0,-574.0,-1400.0,-600.0
-1404.0,-574.0,-90.1649,9.15569e-08,73.4754,-81.2538,106.525,98.7462,-1404.0,-574.0,-1400.0,-600.0
-1402.0,-574.0,-90.1029,9.09055e-08,73.1682,-85.6013,106.832,94.3987,-1402.0,-574.0,-1400.0,-600.0
-1400.0,-574.0,-90.0873,9.07424e-08,72.9511,-90.0,107.049,90.0,-1400.0,-574.0,-1400.0,-600.0
-1398.0,-574.0,-90.1186,9.10702e-08,72.829,-94.3987,107.171,85.6013,-1398.0,-574.0,-1400.0,-600.0
-1396.0,-574.0,-116.872,1.25556e-07,77.5035,95.6625,102.497,82.4644,-1396.79,-575.704,-1396.52,-568.753
-1394.0,-574.0,-110.791,1.37125e-07,78.4527,-98.634,101.547,82.4644,-1396.79,-575.704,-1394.25,-575.627
-1392.0,-574.0,-132.038,1.28959e-07,77.5823,113.163,102.418,82.4644,-1396.79,-575.704,-1394.27,-568.685
-1390.0,-574.0,-136.239,1.40717e-07,78.5703,-112.226,101.43,82.4644,-1396.79,-575.704,-1390.62,-575.517
-1388.0,-574.0,-140.8,1.35591e-07,78.1321,127.108,101.868,82.4644,-1396.79,-575.704,-1392.07,-568.618
-1386.0,-574.0,-129.702,2.49028e-07,83.5708,154.602,96.4292,148.195,-1425.26,-584.337,-1397.02,-568.768
-1384.0,-574.0,-133.154,2.55046e-07,83.7231,155.664,96.2769,148.195,-1425.26,-584.337,-1395.66,-568.727
-1382.0,-574.0,-137.539,2.61114e-07,83.8695,156.646,96.1305,148.195,-1425.26,-584.337,-1394.31,-568.686
-1380.0,-574.0,-134.01,2.7063e-07,84.0859,-151.632,95.9141,148.195,-1425.26,-584.337,-1382.35,-575.266
-1378.0,-574.0,-136.754,2.73381e-07,84.1456,158.401,95.8544,148.195,-1425.26,-584.337,-1391.63,-568.604
-1376.0,-574.0,-138.666,2.79571e-07,84.2757,159.187,95.7243,148.195,-1425.26,-584.337,-1390.3,-568.564
-1374.0,-574.0,-139.663,2.88398e-07,84.4515,-154.534,95.5485,148.195,-1425.26,-584.337,-1376.27,-575.082
-1372.0,-574.0,-139.855,2.94416e-07,84.5652,-155.382,95.4348,148.195,-1425.26,-584.337,-1374.23,-575.02
-1370.0,-574.0,-142.187,3.00476e-07,84.6752,-156.178,95.3248,148.195,-1425.26,-584.337,-1372.17,-574.958
-1368.0,-574.0,-141.349,3.04628e-07,84.748,161.85,95.252,148.195,-1425.26,-584.337,-1385.07,-568.405
-1366.0,-574.0,-140.54,3.10954e-07,84.8551,162.416,95.1449,148.195,-1425.26,-584.337,-1383.78,-568.366
-1364.0,-574.0,-140.178,3.17299e-07,84.9583,162.948,95.0417,148.195,-1425.26,-584.337,-1382.49,-568.327
-1362.0,-574.0,-140.096,3.23664e-07,85.0577,163.45,94.9423,148.195,-1425.26,-584.337,-1381.22,-568.289
-1360.0,-574.0,-124.482,1.45547e-06,88.9022,20.8925,91.0978,-23.1313,-1360.87,-616.717,-1202.92,-514.039
-1358.0,-574.0,-123.843,1.44924e-06,88.8975,20.9866,91.1025,-23.2254,-1361.03,-616.724,-1201.65,-514.025
-1356.0,-574.0,-123.235,1.44301e-06,88.8928,21.0815,91.1072,-23.3203,-1361.19,-616.731,-1200.38,-514.011
-1354.0,-574.0,-144.341,1.28435e-06,88.756,1.86734,91.244,7.79523,-1306.24,-587.164,-1185.79,-568.516
-1352.0,-574.0,-144.171,1.27768e-06,88.7495,1.8803,91.2505,7.79523,-1306.24,-587.164,-1185.79,-568.543
-1350.0,-574.0,-142.358,3.6287e-07,85.5928,-164.175,94.4072,148.195,-1425.26,-584.337,-1351.5,-574.426
-1348.0,-574.0,-143.821,1.26434e-06,88.7363,1.90676,91.2637,7.79523,-1306.24,-587.164,-1185.78,-568.599
-1346.0,-574.0,-143.643,1.25769e-06,88.7049,1.92027,91.2951,7.79523,-1306.24,-587.164,-1185.78,-568.628
-1344.0,-574.0,-143.461,1.25103e-06,88.6722,1.93397,91.3278,7.79523,-1306.24,-587.164,-1185.78,-568.657
-1342.0,-574.0,-143.28,1.24437e-06,88.6588,1.94787,91.3412,7.79523,-1306.24,-587.164,-1185.77,-568.687
-1340.0,-574.0,-143.093,1.2377e-06,88.6516,1.96198,91.3484,7.79523,-1306.24,-587.164,-1185.77,-568.717
-1338.0,-574.0,-142.902,1.23103e-06,88.6443,1.97629,91.3557,7.79523,-1306.24,-587.164,-1185.77,-568.747
-1336.0,-574.0,-142.705,1.22436e-06,88.6369,1.9908,91.3631,7.79523,-1306.24,-587.164,-1185.76,-568.778
-1334.0,-574.0,-142.503,1.2177e-06,88.6294,2.00554,91.3706,7.79523,-1306.24,-587.164,-1185.76,-568.809
-1332.0,-574.0,-142.296,1.21103e-06,88.6219,2.02049,91.3781,7.79523,-1306.24,-587.164,-1185.76,-568.841
-1330.0,-574.0,-142.083,1.20436e-06,88.6142,2.03567,91.3858,7.79523,-1306.24,-587.164,-1185.75,-568.873
-1328.0,-574.0,-129.763,1.31641e-06,96.1673,-2.81806,91.5114,-9.96306,-1314.13,-615.084,-1315.55,-574.613
-1326.0,-574.0,-129.762,1.30978e-06,96.1986,-2.83249,91.5437,-9.97524,-1314.23,-615.086,-1312.42,-574.672
-1324.0,-574.0,-129.758,1.30315e-06,96.2288,-2.84708,91.5748,-9.98764,-1314.32,-615.089,-1309.44,-574.724
-1322.0,-574.0,-129.737,1.29649e-06,96.2484,-2.86182,91.5954,-10.0009,-1314.42,-615.092,-1307.51,-574.724
-1320.0,-574.0,-162.213,1.29065e-06,97.3546,-2.92756,87.8246,-10.0989,-1315.15,-615.112,-1308.72,-574.577
-1318.0,-574.0,-161.391,1.28121e-06,95.8088,-5.67496,91.6939,-2.76158,-1239.86,-607.725,-1300.15,-575.774
-1316.0,-574.0,-129.571,1.2766e-06,96.1696,-3.14639,91.7127,-10.0283,-1314.62,-615.098,-1298.96,-574.937
-1314.0,-574.0,-129.55,1.26995e-06,96.1892,-3.16302,91.7344,-10.0421,-1314.73,-615.1,-1297.05,-574.937
-1312.0,-574.0,-129.528,1.26329e-06,96.2091,-3.17981,91.7563,-10.056,-1314.83,-615.103,-1295.13,-574.937
-1310.0,-574.0,-133.96,1.25667e-06,100.896,-3.54053,91.6563,-10.0777,-1314.99,-615.108,-1303.0,-574.433
-1308.0,-574.0,0.0,0.0,0.0,0.0,0.0,0.0,0.0,0.0,0.0,0.0
-1306.0,-574.0,-123.035,1.24279e-06,88.5387,-2.71419,91.4613,-10.1228,-1315.33,-615.117,-1169.61,-580.466
-1304.0,-574.0,-122.973,1.23614e-06,88.5115,-2.72884,91.4885,-10.1374,-1315.43,-615.121,-1169.61,-580.405
-1302.0,-574.0,-122.908,1.22949e-06,88.4772,-2.74365,91.5228,-10.1522,-1315.54,-615.124,-1169.62,-580.344
-1300.0,-574.0,-122.844,1.22284e-06,88.4461,-2.75862,91.5539,-10.1672,-1315.65,-615.127,-1169.63,-580.282
-1298.0,-574.0,-122.781,1.21619e-06,88.4243,-2.77376,91.5757,-10.1823,-1315.76,-615.13,-1169.63,-580.219
-1296.0,-574.0,-122.717,1.20953e-06,88.4023,-2.78906,91.5977,-10.1976,-1315.87,-615.133,-1169.64,-580.156
-1294.0,-574.0,-109.701,5.21618e-07,86.262,-131.377,93.738,-44.0475,-1381.81,-617.599,-1330.6,-615.551
-1292.0,-574.0,-109.36,5.26062e-07,86.2629,-131.923,93.7371,-43.5009,-1381.47,-617.585,-1329.28,-615.514
-1290.0,-574.0,-119.104,4.5242e-07,88.9829,-142.638,95.0703,36.0392,-1386.1,-589.884,-1308.26,-587.94
-1288.0,-574.0,-117.656,4.57589e-07,85.6319,-143.147,94.3681,35.5307,-1385.82,-589.876,-1344.05,-616.008
-1286.0,-574.0,-116.089,4.62952e-07,85.6477,-143.644,94.3523,35.0339,-1385.55,-589.868,-1343.01,-615.964
-1284.0,-574.0,-112.329,4.68349e-07,85.6633,-144.129,94.3367,34.5485,-1385.27,-589.859,-1341.97,-615.921
-1282.0,-574.0,-109.657,4.73779e-07,85.679,-144.604,94.321,34.0743,-1385.0,-589.851,-1340.93,-615.877
-1280.0,-574.0,-108.194,4.7924e-07,85.6945,-145.067,94.3055,33.6108,-1384.72,-589.842,-1339.89,-615.833
-1278.0,-574.0,-107.407,4.84732e-07,85.71,-145.52,94.29,33.1579,-1384.44,-589.834,-1338.85,-615.789
-1276.0,-574.0,-109.824,4.60446e-07,85.4481,-152.898,94.5519,-22.2749,-1359.35,-616.653,-1359.35,-616.653
-1274.0,-574.0,-108.547,4.66401e-07,85.4716,-153.273,94.5284,-21.9002,-1358.65,-616.623,-1358.65,-616.623
-1272.0,-574.0,-106.836,5.01469e-07,85.7566,-147.567,94.2434,32.6841,-1384.14,-589.825,-1337.71,-615.753
-1270.0,-574.0,-106.758,5.0712e-07,85.772,-147.972,94.228,32.2786,-1383.88,-589.817,-1336.7,-615.725
-1268.0,-574.0,-106.369,4.84377e-07,85.5397,-154.341,94.4603,-20.8319,-1356.54,-616.535,-1356.54,-616.535
-1266.0,-574.0,-106.122,4.90405e-07,85.5616,-154.68,94.4384,-20.4933,-1355.84,-616.505,-1355.84,-616.505
-1264.0,-574.0,-105.985,4.96449e-07,85.5832,-155.01,94.4168,-20.1629,-1355.13,-616.475,-1355.13,-616.475
-1262.0,-574.0,-105.917,5.02509e-07,85.6043,-155.333,94.3957,-19.8405,-1354.42,-616.445,-1354.42,-616.445
-1260.0,-574.0,-105.897,5.08585e-07,85.6251,-155.648,94.3749,-19.5258,-1353.71,-616.415,-1353.71,-616.415
-1258.0,-574.0,-105.908,5.14676e-07,85.6455,-155.955,94.3545,-19.2186,-1353.0,-616.385,-1353.0,-616.385
-1256.0,-574.0,-105.94,5.20765e-07,85.6899,-156.255,94.3101,-18.9186,-1352.28,-616.355,-1352.28,-616.355
-1254.0,-574.0,-105.988,5.26863e-07,85.7399,-156.548,94.2601,-18.6255,-1351.56,-616.325,-1351.56,-616.325
-1252.0,-574.0,-106.048,5.32987e-07,85.7714,-156.834,94.2286,-18.3392,-1350.84,-616.294,-1350.84,-616.294
-1250.0,-574.0,-106.117,5.39133e-07,85.7896,-157.114,94.2104,-18.0595,-1350.12,-616.264,-1350.12,-616.264
-1248.0,-574.0,-106.192,5.45291e-07,85.8076,-157.387,94.1924,-17.786,-1349.4,-616.234,-1349.4,-616.234
-1246.0,-574.0,-106.272,5.51462e-07,85.8252,-157.655,94.1748,-17.5187,-1348.67,-616.203,-1348.67,-616.203
-1244.0,-574.0,-106.357,5.57644e-07,85.8426,-157.916,94.1574,-17.2574,-1347.94,-616.172,-1347.94,-616.172
-1242.0,-574.0,-106.445,5.63838e-07,85.8596,-158.172,94.1404,-17.0017,-1347.21,-616.141,-1347.21,-616.141
-1240.0,-574.0,-106.535,5.70042e-07,85.8764,-158.422,94.1236,-16.7517,-1346.48,-616.11,-1346.48,-616.11
-1238.0,-574.0,-106.628,5.76257e-07,85.8929,-158.666,94.1071,-16.507,-1345.74,-616.079,-1345.74,-616.079
-1236.0,-574.0,-106.723,5.82483e-07,85.909,-158.906,94.091,-16.2676,-1345.0,-616.048,-1345.0,-616.048
-1234.0,-574.0,-106.82,5.88718e-07,85.925,-159.14,94.075,-16.0333,-1344.26,-616.017,-1344.26,-616.017
-1232.0,-574.0,-106.918,5.94944e-07,85.9661,-159.37,94.0339,-15.8039,-1343.52,-615.986,-1343.52,-615.986
-1230.0,-574.0,-107.018,6.01179e-07,86.008,-159.594,93.992,-15.5792,-1342.78,-615.955,-1342.78,-615.955
-1228.0,-574.0,-107.12,6.07423e-07,86.0491,-159.814,93.9509,-15.3592,-1342.03,-615.923,-1342.03,-615.923
-1226.0,-574.0,-107.223,6.13676e-07,86.0895,-160.03,93.9105,-15.1437,-1341.28,-615.892,-1341.28,-615.892
-1224.0,-574.0,-107.328,6.19938e-07,86.129,-160.241,93.871,-14.9326,-1340.53,-615.86,-1340.53,-615.86
-1222.0,-574.0,-107.435,6.26209e-07,86.1678,-160.448,93.8322,-14.7257,-1339.78,-615.828,-1339.78,-615.828
-1220.0,-574.0,-107.544,6.32487e-07,86.2059,-160.65,93.7941,-14.5229,-1339.02,-615.796,-1339.02,-615.796
-1218.0,-574.0,-109.453,6.6062e-07,86.3677,-155.995,93.6323,24.2557,-1376.93,-589.604,-1309.99,-614.966
-1216.0,-574.0,-119.85,6.21472e-07,86.1386,-171.7,93.8614,7.79523,-1306.24,-587.164,-1306.24,-587.164
-1214.0,-574.0,-117.759,6.28063e-07,86.1792,-171.878,93.8208,7.79523,-1306.24,-587.164,-1306.24,-587.164
-1212.0,-574.0,-115.438,6.34656e-07,86.2189,-172.048,93.7811,7.79523,-1306.24,-587.164,-1306.24,-587.164
-1210.0,-574.0,-107.094,6.41249e-07,86.2628,-172.208,93.7372,7.79208,-1210.0,-574.0,-1400.0,-600.0
-1208.0,-574.0,-107.183,6.47811e-07,86.3507,-172.288,93.6493,7.71189,-1208.0,-574.0,-1400.0,-600.0
-1206.0,-574.0,-107.271,6.54376e-07,86.4368,-172.367,93.5632,7.63333,-1206.0,-574.0,-1400.0,-600.0
-1204.0,-574.0,-107.357,6.60929e-07,86.5427,-172.444,93.4573,7.55634,-1204.0,-574.0,-1400.0,-600.0
-1202.0,-574.0,-107.443,6.67483e-07,86.6494,-172.519,93.3506,7.48089,-1202.0,-574.0,-1400.0,-600.0
-1600.0,-572.0,-107.527,6.73889e-07,90.595,-7.96961,89.405,172.03,-1600.0,-572.0,-1400.0,-600.0
-1598.0,-572.0,-107.441,6.67278e-07,90.5767,-8.04906,89.4233,171.951,-1598.0,-572.0,-1400.0,-600.0
-1596.0,-572.0,-107.354,6.60668e-07,90.558,-8.1301,89.442,171.87,-1596.0,-572.0,-1400.0,-600.0
-1594.0,-572.0,-107.266,6.5406e-07,90.539,-8.21278,89.461,171.787,-1594.0,-572.0,-1400.0,-600.0
-1592.0,-572.0,-107.178,6.47453e-07,90.5195,-8.29714,89.4805,171.703,-1592.0,-572.0,-1400.0,-600.0
-1590.0,-572.0,-107.089,6.40848e-07,90.4997,-8.38325,89.5003,171.617,-1590.0,-572.0,-1400.0,-600.0
-1588.0,-572.0,-106.998,6.34245e-07,90.4795,-8.47114,89.5205,171.529,-1588.0,-572.0,-1400.0,-600.0
-1586.0,-572.0,-106.907,6.27643e-07,90.4588,-8.56089,89.5412,171.439,-1586.0,-572.0,-1400.0,-600.0
-1584.0,-572.0,-106.815,6.2104e-07,90.405,-8.65254,89.595,171.347,-1584.0,-572.0,-1400.0,-600.0
-1582.0,-572.0,-106.722,6.14436e-07,90.3043,-8.74616,89.6957,171.254,-1582.0,-572.0,-1400.0,-600.0
-1580.0,-572.0,-106.628,6.07837e-07,90.2014,-8.84181,89.7986,171.158,-1580.0,-572.0,-1400.0,-600.0
-1578.0,-572.0,-106.533,6.0124e-07,90.0962,-8.93957,89.9038,171.06,-1578.0,-572.0,-1400.0,-600.0
-1576.0,-572.0,-106.437,5.94648e-07,89.9887,-9.03948,90.0113,170.961,-1576.0,-572.0,-1400.0,-600.0
-1574.0,-572.0,-106.34,5.8806e-07,89.8788,-9.14164,90.1212,170.858,-1574.0,-572.0,-1400.0,-600.0
-1572.0,-572.0,-106.242,5.81476e-07,89.7664,-9.24611,90.2336,170.754,-1572.0,-572.0,-1400.0,-600.0
-1570.0,-572.0,-106.143,5.74896e-07,89.6515,-9.35298,90.3485,170.647,-1570.0,-572.0,-1400.0,-600.0
-1568.0,-572.0,-106.042,5.6832e-07,89.5339,-9.46232,90.4661,170.538,-1568.0,-572.0,-1400.0,-600.0
-1566.0,-572.0,-105.941,5.61749e-07,89.4135,-9.57423,90.5865,170.426,-1566.0,-572.0,-1400.0,-600.0
-1564.0,-572.0,-105.839,5.55183e-07,89.2902,-9.68879,90.7098,170.311,-1564.0,-572.0,-1400.0,-600.0
-1562.0,-572.0,-105.735,5.48622e-07,89.1641,-9.80609,90.8359,170.194,-1562.0,-572.0,-1400.0,-600.0
-1560.0,-572.0,-105.63,5.4206e-07,89.069,-9.92625,90.931,170.074,-1560.0,-572.0,-1400.0,-600.0
-1558.0,-572.0,-105.524,5.35498e-07,88.9973,-10.0493,91.0027,169.951,-1558.0,-572.0,-1400.0,-600.0
-1556.0,-572.0,-105.417,5.2894e-07,88.9238,-10.1755,91.0762,169.824,-1556.0,-572.0,-1400.0,-600.0
-1554.0,-572.0,-105.309,5.22388e-07,88.8294,-10.3048,91.1706,169.695,-1554.0,-572.0,-1400.0,-600.0
-1552.0,-572.0,-105.199,5.15843e-07,88.7207,-10.4375,91.2793,169.563,-1552.0,-572.0,-1400.0,-600.0
-1550.0,-572.0,-105.088,5.09303e-07,88.6092,-10.5735,91.3908,169.426,-1550.0,-572.0,-1400.0,-600.0
-1548.0,-572.0,-111.438,5.02768e-07,88.4948,-10.7287,91.5052,169.301,-1476.53,-585.541,-1476.53,-585.541
-1546.0,-572.0,-115.154,4.9624e-07,88.3774,-11.0302,91.6226,169.301,-1476.53,-585.541,-1476.53,-585.541
-1544.0,-572.0,-118.404,4.89721e-07,88.2568,-11.3488,91.7432,169.301,-1476.53,-585.541,-1476.53,-585.541
-1542.0,-572.0,-121.248,4.83212e-07,88.1331,-11.6861,91.8669,169.301,-1476.53,-585.541,-1476.53,-585.541
-1540.0,-572.0,-123.55,4.76713e-07,88.006,-12.0438,91.994,169.301,-1476.53,-585.541,-1476.53,-585.541
-1538.0,-572.0,-125.53,4.70226e-07,87.8755,-12.4237,92.1245,169.301,-1476.53,-585.541,-1476.53,-585.541
-1536.0,-572.0,-127.222,4.63727e-07,87.8172,-12.8279,92.1828,169.301,-1476.53,-585.541,-1476.53,-585.541
-1534.0,-572.0,-128.706,4.5723e-07,87.7862,-13.2588,92.2138,169.301,-1476.53,-585.541,-1476.53,-585.541
-1532.0,-572.0,-130.031,4.50746e-07,87.7543,-13.7191,92.2457,169.301,-1476.53,-585.541,-1476.53,-585.541
-1530.0,-572.0,-131.236,4.44283e-07,87.6936,-14.2119,92.3064,169.301,-1476.53,-585.541,-1476.53,-585.541
-1528.0,-572.0,-132.346,4.37839e-07,87.6228,-14.7405,92.3772,169.301,-1476.53,-585.541,-1476.53,-585.541
-1526.0,-572.0,-133.383,4.31411e-07,87.5499,-15.3091,92.4501,169.301,-1476.53,-585.541,-1476.53,-585.541
-1524.0,-572.0,-134.359,4.25002e-07,87.4749,-15.922,92.5251,169.301,-1476.53,-585.541,-1476.53,-585.541
-1522.0,-572.0,-135.287,4.18614e-07,87.3978,-16.5847,92.6022,169.301,-1476.53,-585.541,-1476.53,-585.541
-1520.0,-572.0,-136.174,4.1225e-07,87.3184,-17.3032,92.6816,169.301,-1476.53,-585.541,-1476.53,-585.541
-1518.0,-572.0,-137.024,4.05913e-07,87.2367,-18.0845,92.7633,169.301,-1476.53,-585.541,-1476.53,-585.541
-1516.0,-572.0,-137.839,3.99606e-07,87.1527,-18.9371,92.8473,169.301,-1476.53,-585.541,-1476.53,-585.541
-1514.0,-572.0,-138.624,3.93333e-07,87.0661,-19.8706,92.9339,169.301,-1476.53,-585.541,-1476.53,-585.541
-1512.0,-572.0,-139.415,3.87062e-07,87.0873,-20.8967,92.9127,169.301,-1476.53,-585.541,-1476.53,-585.541
-1510.0,-572.0,-140.265,3.80831e-07,87.1245,-22.0289,92.8755,169.301,-1476.53,-585.541,-1476.53,-585.541
-1508.0,-572.0,-141.152,3.74651e-07,87.1633,-23.2837,92.8367,169.301,-1476.53,-585.541,-1476.53,-585.541
-1506.0,-572.0,-142.033,3.68533e-07,87.2038,-24.6807,92.7962,169.301,-1476.53,-585.541,-1476.53,-585.541
-1504.0,-572.0,-142.894,3.62487e-07,87.2463,-26.2434,92.7537,169.301,-1476.53,-585.541,-1476.53,-585.541
-1502.0,-572.0,-143.703,3.56527e-07,87.2909,-28.0005,92.7091,169.301,-1476.53,-585.541,-1476.53,-585.541
-1500.0,-572.0,-144.331,3.50669e-07,87.3378,-29.9866,92.6622,169.301,-1476.53,-585.541,-1476.53,-585.541
-1498.0,-572.0,-145.436,3.44934e-07,87.3872,-32.2438,92.6128,169.301,-1476.53,-585.541,-1476.53,-585.541
-1496.0,-572.0,-146.606,3.39351e-07,87.4394,-34.823,92.5606,169.301,-1476.53,-585.541,-1476.53,-585.541
-1494.0,-572.0,-147.252,3.33976e-07,87.3986,-37.7852,92.6014,169.301,-1476.53,-585.541,-1476.53,-585.541
-1492.0,-572.0,-148.725,3.28829e-07,87.3579,-41.2029,92.6421,169.301,-1476.53,-585.541,-1476.53,-585.541
-1490.0,-572.0,-149.71,3.23965e-07,87.3182,-45.1588,92.6818,169.301,-1476.53,-585.541,-1476.53,-585.541
-1488.0,-572.0,-151.533,3.19454e-07,87.2803,-49.743,92.7197,169.301,-1476.53,-585.541,-1476.53,-585.541
-1486.0,-572.0,-151.845,3.15382e-07,87.2451,-55.0438,92.7549,169.301,-1476.53,-585.541,-1476.53,-585.541
-1484.0,-572.0,-154.37,1.01872e-06,82.6153,-173.083,87.1274,175.644,-1593.39,-585.271,-1593.39,-585.271
-1482.0,-572.0,-154.516,1.02532e-06,82.7032,-173.129,87.1272,175.689,-1593.39,-585.422,-1593.39,-585.422
-1480.0,-572.0,-154.661,1.03193e-06,82.788,-173.174,87.127,175.733,-1593.38,-585.572,-1593.38,-585.572
-1478.0,-572.0,-154.805,1.03854e-06,82.8699,-173.219,87.1268,175.776,-1593.38,-585.719,-1593.38,-585.719
-1476.0,-572.0,0.0,0.0,0.0,0.0,0.0,0.0,0.0,0.0,0.0,0.0
-1474.0,-572.0,0.0,0.0,0.0,0.0,0.0,0.0,0.0,0.0,0.0,0.0
-1472.0,-572.0,0.0,0.0,0.0,0.0,0.0,0.0,0.0,0.0,0.0,0.0
-1470.0,-572.0,0.0,0.0,0.0,0.0,0.0,0.0,0.0,0.0,0.0,0.0
-1468.0,-572.0,0.0,0.0,0.0,0.0,0.0,0.0,0.0,0.0,0.0,0.0
-1466.0,-572.0,0.0,0.0,0.0,0.0,0.0,0.0,0.0,0.0,0.0,0.0
-1464.0,-572.0,0.0,0.0,0.0,0.0,0.0,0.0,0.0,0.0,0.0,0.0
-1462.0,-572.0,0.0,0.0,0.0,0.0,0.0,0.0,0.0,0.0,0.0,0.0
-1460.0,-572.0,0.0,0.0,0.0,0.0,0.0,0.0,0.0,0.0,0.0,0.0
-1458.0,-572.0,0.0,0.0,0.0,0.0,0.0,0.0,0.0,0.0,0.0,0.0
-1456.0,-572.0,0.0,0.0,0.0,0.0,0.0,0.0,0.0,0.0,0.0,0.0
-1454.0,-572.0,0.0,0.0,0.0,0.0,0.0,0.0,0.0,0.0,0.0,0.0
-1452.0,-572.0,0.0,0.0,0.0,0.0,0.0,0.0,0.0,0.0,0.0,0.0
-1450.0,-572.0,0.0,0.0,0.0,0.0,0.0,0.0,0.0,0.0,0.0,0.0
-1448.0,-572.0,0.0,0.0,0.0,0.0,0.0,0.0,0.0,0.0,0.0,0.0
-1446.0,-572.0,0.0,0.0,0.0,0.0,0.0,0.0,0.0,0.0,0.0,0.0
-1444.0,-572.0,0.0,0.0,0.0,0.0,0.0,0.0,0.0,0.0,0.0,0.0
-1442.0,-572.0,0.0,0.0,0.0,0.0,0.0,0.0,0.0,0.0,0.0,0.0
-1440.0,-572.0,0.0,0.0,0.0,0.0,0.0,0.0,0.0,0.0,0.0,0.0
-1438.0,-572.0,0.0,0.0,0.0,0.0,0.0,0.0,0.0,0.0,0.0,0.0
-1436.0,-572.0,0.0,0.0,0.0,0.0,0.0,0.0,0.0,0.0,0.0,0.0
-1434.0,-572.0,0.0,0.0,0.0,0.0,0.0,0.0,0.0,0.0,0.0,0.0
-1432.0,-572.0,0.0,0.0,0.0,0.0,0.0,0.0,0.0,0.0,0.0,0.0
-1430.0,-572.0,0.0,0.0,0.0,0.0,0.0,0.0,0.0,0.0,0.0,0.0
-1428.0,-572.0,0.0,0.0,0.0,0.0,0.0,0.0,0.0,0.0,0.0,0.0
-1426.0,-572.0,0.0,0.0,0.0,0.0,0.0,0.0,0.0,0.0,0.0,0.0
-1424.0,-572.0,-92.8915,1.253e-07,79.1303,-49.3987,100.87,130.601,-1424.0,-572.0,-1400.0,-600.0
-1422.0,-572.0,-92.6023,1.21199e-07,78.622,-51.8428,101.378,128.157,-1422.0,-572.0,-1400.0,-600.0
-1420.0,-572.0,-92.3207,1.17335e-07,78.1015,-54.4623,101.898,125.538,-1420.0,-572.0,-1400.0,-600.0
-1418.0,-572.0,-92.0474,1.13702e-07,77.6427,-57.2648,102.357,122.735,-1418.0,-572.0,-1400.0,-600.0
-1416.0,-572.0,-91.7852,1.10323e-07,77.2579,-60.2551,102.742,119.745,-1416.0,-572.0,-1400.0,-600.0
-1414.0,-572.0,-91.5399,1.07253e-07,76.8867,-63.4349,103.113,116.565,-1414.0,-572.0,-1400.0,-600.0
-1412.0,-572.0,-91.3184,1.04554e-07,76.4574,-66.8014,103.543,113.199,-1412.0,-572.0,-1400.0,-600.0
-1410.0,-572.0,-91.125,1.02252e-07,75.984,-70.3462,104.016,109.654,-1410.0,-572.0,-1400.0,-600.0
-1408.0,-572.0,-90.9612,1.00343e-07,75.5457,-74.0546,104.454,105.945,-1408.0,-572.0,-1400.0,-600.0
-1406.0,-572.0,-90.8308,9.88491e-08,75.1536,-77.9052,104.846,102.095,-1406.0,-572.0,-1400.0,-600.0
-1404.0,-572.0,-90.7372,9.77896e-08,74.8181,-81.8699,105.182,98.1301,-1404.0,-572.0,-1400.0,-600.0
-1402.0,-572.0,-90.6827,9.71788e-08,74.5481,-85.9144,105.452,94.0856,-1402.0,-572.0,-1400.0,-600.0
-1400.0,-572.0,-90.669,9.70249e-08,74.3504,-90.0,105.65,90.0,-1400.0,-572.0,-1400.0,-600.0
-1398.0,-572.0,-90.6963,9.73303e-08,74.2286,-94.0856,105.771,85.9144,-1398.0,-572.0,-1400.0,-600.0
-1396.0,-572.0,-111.053,9.81223e-08,74.1883,-101.98,105.812,82.4644,-1396.79,-575.704,-1396.79,-575.704
-1394.0,-572.0,-105.483,1.43522e-07,79.1495,-97.6641,100.851,82.4644,-1396.79,-575.704,-1394.49,-575.634
-1392.0,-572.0,-129.207,1.44806e-07,79.1334,-103.947,100.867,82.4644,-1396.79,-575.704,-1392.89,-575.586
-1390.0,-572.0,-129.305,2.34173e-07,83.236,154.732,96.764,148.195,-1425.26,-584.337,-1396.86,-568.763
-1388.0,-572.0,-133.589,2.40206e-07,83.3854,155.903,96.6146,148.195,-1425.26,-584.337,-1395.34,-568.717
-1386.0,-572.0,-136.392,2.38084e-07,83.3262,-162.554,96.6738,148.195,-1425.26,-584.337,-1425.26,-584.337
-1384.0,-572.0,-135.464,2.5241e-07,83.7066,157.961,96.2934,148.195,-1425.26,-584.337,-1392.34,-568.626
-1382.0,-572.0,-136.736,2.58579e-07,83.8573,158.87,96.1427,148.195,-1425.26,-584.337,-1390.85,-568.581
-1380.0,-572.0,-139.58,2.64786e-07,84.0019,159.709,95.9981,148.195,-1425.26,-584.337,-1389.37,-568.536
-1378.0,-572.0,-131.503,2.79625e-07,84.3212,-150.767,95.6788,148.195,-1425.26,-584.337,-1383.92,-575.314
-1376.0,-572.0,-135.221,2.85449e-07,84.4375,-151.777,95.5625,148.195,-1425.26,-584.337,-1382.07,-575.258
-1374.0,-572.0,-140.733,2.83599e-07,84.4011,161.883,95.5989,148.195,-1425.26,-584.337,-1384.99,-568.403
-1372.0,-572.0,-139.813,2.89923e-07,84.5236,162.51,95.4764,148.195,-1425.26,-584.337,-1383.55,-568.36
-1370.0,-572.0,-139.435,2.9627e-07,84.6413,163.097,95.3587,148.195,-1425.26,-584.337,-1382.12,-568.316
-1368.0,-572.0,-139.382,3.02637e-07,84.7543,163.647,95.2457,148.195,-1425.26,-584.337,-1380.7,-568.273
-1366.0,-572.0,-139.517,3.09023e-07,84.863,164.163,95.137,148.195,-1425.26,-584.337,-1379.29,-568.23
-1364.0,-572.0,-139.763,3.15425e-07,84.9676,164.648,95.0324,148.195,-1425.26,-584.337,-1377.89,-568.188
-1362.0,-572.0,-140.08,3.21844e-07,85.0682,165.105,94.9318,148.195,-1425.26,-584.337,-1376.49,-568.145
-1360.0,-572.0,-143.41,3.33665e-07,85.2433,-157.988,94.7567,148.195,-1425.26,-584.337,-1366.92,-574.799
-1358.0,-572.0,-142.265,3.39844e-07,85.33,-158.587,94.67,148.195,-1425.26,-584.337,-1364.99,-574.74
-1356.0,-572.0,-124.78,1.44062e-06,88.8995,20.8338,91.1005,-23.0726,-1360.77,-616.713,-1203.71,-514.048
-1354.0,-572.0,-124.119,1.43439e-06,88.8947,20.9286,91.1053,-23.1674,-1360.93,-616.72,-1202.43,-514.034
-1352.0,-572.0,-123.484,1.42816e-06,88.8899,21.0243,91.1101,-23.2631,-1361.09,-616.726,-1201.15,-514.019
-1350.0,-572.0,-122.881,1.42193e-06,88.885,21.1208,91.115,-23.3596,-1361.26,-616.733,-1199.86,-514.005
-1348.0,-572.0,-142.034,3.71109e-07,85.7243,-163.202,94.2757,148.195,-1425.26,-584.337,-1356.2,-574.475
-1346.0,-572.0,-142.381,3.77527e-07,85.7147,-163.6,94.2853,148.195,-1425.26,-584.337,-1354.34,-574.456
-1344.0,-572.0,-142.787,3.8396e-07,85.7023,-163.981,94.2977,148.195,-1425.26,-584.337,-1352.49,-574.436
-1342.0,-572.0,-146.658,1.24417e-06,88.6489,1.5361,91.3511,7.79523,-1306.24,-587.164,-1185.85,-567.813
-1340.0,-572.0,-143.758,3.96818e-07,85.7595,-164.692,94.2405,148.195,-1425.26,-584.337,-1348.76,-574.398
-1338.0,-572.0,-144.33,4.03242e-07,85.8272,-165.026,94.1728,148.195,-1425.26,-584.337,-1346.89,-574.378
-1336.0,-572.0,-144.968,4.09677e-07,85.8928,-165.345,94.1072,148.195,-1425.26,-584.337,-1345.02,-574.359
-1334.0,-572.0,-123.661,1.33635e-06,88.7419,-2.81033,91.2581,-10.2189,-1316.03,-615.137,-1169.65,-580.068
-1332.0,-572.0,-123.606,1.32969e-06,88.7356,-2.82443,91.2644,-10.233,-1316.13,-615.14,-1169.65,-580.01
-1330.0,-572.0,-123.549,1.32303e-06,88.7292,-2.83867,91.2708,-10.2473,-1316.23,-615.143,-1169.66,-579.951
-1328.0,-572.0,-123.493,1.31636e-06,88.7228,-2.85306,91.2772,-10.2616,-1316.34,-615.146,-1169.66,-579.891
-1326.0,-572.0,-123.435,1.3097e-06,88.7163,-2.8676,91.2837,-10.2762,-1316.44,-615.149,-1169.67,-579.831
-1324.0,-572.0,-123.376,1.30304e-06,88.7083,-2.88228,91.2917,-10.2909,-1316.55,-615.152,-1169.67,-579.77
-1322.0,-572.0,-123.314,1.29638e-06,88.6892,-2.89711,91.3108,-10.3057,-1316.65,-615.155,-1169.68,-579.709
-1320.0,-572.0,-123.251,1.28972e-06,88.6699,-2.9121,91.3301,-10.3207,-1316.76,-615.158,-1169.68,-579.646
-1318.0,-572.0,-123.188,1.28307e-06,88.6504,-2.92725,91.3496,-10.3358,-1316.87,-615.161,-1169.69,-579.584
-1316.0,-572.0,-123.123,1.27641e-06,88.6307,-2.94255,91.3693,-10.3511,-1316.98,-615.164,-1169.7,-579.52
-1314.0,-572.0,-123.057,1.26975e-06,88.6108,-2.95801,91.3892,-10.3666,-1317.09,-615.167,-1169.7,-579.456
-1312.0,-572.0,-122.99,1.2631e-06,88.5907,-2.97364,91.4093,-10.3822,-1317.2,-615.171,-1169.71,-579.392
-1310.0,-572.0,-122.922,1.25644e-06,88.5704,-2.98943,91.4296,-10.398,-1317.31,-615.174,-1169.71,-579.326
-1308.0,-572.0,-122.853,1.24979e-06,88.5499,-3.00539,91.4501,-10.414,-1317.42,-615.177,-1169.72,-579.26
-1306.0,-572.0,-122.782,1.24314e-06,88.526,-3.02152,91.474,-10.4301,-1317.53,-615.18,-1169.73,-579.193
-1304.0,-572.0,-122.708,1.23649e-06,88.4919,-3.03783,91.5081,-10.4464,-1317.65,-615.183,-1169.73,-579.126
-1302.0,-572.0,-122.632,1.22984e-06,88.4575,-3.05431,91.5425,-10.4629,-1317.76,-615.187,-1169.74,-579.057
-1300.0,-572.0,-122.556,1.22319e-06,88.4263,-3.07097,91.5737,-10.4796,-1317.88,-615.19,-1169.75,-578.988
-1298.0,-572.0,-122.481,1.21654e-06,88.4044,-3.08782,91.5956,-10.4964,-1318.0,-615.193,-1169.75,-578.918
-1296.0,-572.0,-122.405,1.20989e-06,88.3823,-3.10485,91.6177,-10.5134,-1318.11,-615.197,-1169.76,-578.848
-1294.0,-572.0,-122.327,1.20323e-06,88.3599,-3.12207,91.6401,-10.5306,-1318.23,-615.2,-1169.77,-578.776
-1292.0,-572.0,-109.787,5.31064e-07,86.2515,-131.441,93.7485,-43.983,-1381.77,-617.598,-1330.45,-615.547
-1290.0,-572.0,-109.493,5.35513e-07,86.2525,-131.978,93.7475,-43.4466,-1381.44,-617.584,-1329.15,-615.51
-1288.0,-572.0,-117.951,4.61787e-07,88.915,-142.483,95.0025,36.1954,-1386.18,-589.887,-1305.35,-585.324
-1286.0,-572.0,-117.64,4.66961e-07,85.632,-142.983,94.368,35.6952,-1385.91,-589.879,-1344.38,-616.022
-1284.0,-572.0,-117.27,4.72312e-07,85.6473,-143.471,94.3527,35.2064,-1385.64,-589.871,-1343.37,-615.98
-1282.0,-572.0,-113.918,4.77697e-07,85.6626,-143.949,94.3374,34.7286,-1385.38,-589.862,-1342.36,-615.937
-1280.0,-572.0,-110.752,4.83114e-07,85.6778,-144.416,94.3222,34.2615,-1385.11,-589.854,-1341.35,-615.894
-1278.0,-572.0,-108.912,4.88563e-07,85.6929,-144.873,94.3071,33.8048,-1384.83,-589.846,-1340.33,-615.851
-1276.0,-572.0,-107.909,4.94042e-07,85.708,-145.32,94.292,33.3583,-1384.56,-589.838,-1339.31,-615.809
-1274.0,-572.0,-110.622,4.69465e-07,85.4484,-152.543,94.5516,-22.63,-1359.99,-616.68,-1359.99,-616.68
-1272.0,-572.0,-110.049,4.754e-07,85.4713,-152.915,94.5287,-22.258,-1359.31,-616.652,-1359.31,-616.652
-1270.0,-572.0,-107.139,5.10713e-07,85.7533,-147.336,94.2467,32.9151,-1384.29,-589.829,-1338.27,-615.769
-1268.0,-572.0,-107.007,5.16349e-07,85.7684,-147.736,94.2316,32.5143,-1384.03,-589.821,-1337.29,-615.741
-1266.0,-572.0,-106.964,5.22009e-07,85.7833,-148.129,94.2167,32.1223,-1383.78,-589.813,-1336.31,-615.713
-1264.0,-572.0,-106.67,4.9933e-07,85.559,-154.314,94.441,-20.8591,-1356.6,-616.537,-1356.6,-616.537
-1262.0,-572.0,-106.417,5.05356e-07,85.58,-154.643,94.42,-20.5301,-1355.92,-616.508,-1355.92,-616.508
-1260.0,-572.0,-106.273,5.11398e-07,85.6007,-154.964,94.3993,-20.209,-1355.23,-616.479,-1355.23,-616.479
-1258.0,-572.0,-106.199,5.17444e-07,85.6382,-155.278,94.3618,-19.8954,-1354.54,-616.45,-1354.54,-616.45
-1256.0,-572.0,-106.171,5.23496e-07,85.6888,-155.584,94.3112,-19.589,-1353.86,-616.421,-1353.86,-616.421
-1254.0,-572.0,-106.176,5.29563e-07,85.7382,-155.884,94.2618,-19.2898,-1353.16,-616.392,-1353.16,-616.392
-1252.0,-572.0,-106.203,5.35656e-07,85.7693,-156.176,94.2307,-18.9973,-1352.47,-616.363,-1352.47,-616.363
-1250.0,-572.0,-106.246,5.41772e-07,85.7873,-156.462,94.2127,-18.7115,-1351.78,-616.334,-1351.78,-616.334
-1248.0,-572.0,-106.301,5.47901e-07,85.805,-156.741,94.195,-18.432,-1351.08,-616.304,-1351.08,-616.304
-1246.0,-572.0,-106.365,5.54042e-07,85.8224,-157.015,94.1776,-18.1588,-1350.38,-616.275,-1350.38,-616.275
-1244.0,-572.0,-106.435,5.60196e-07,85.8394,-157.282,94.1606,-17.8915,-1349.68,-616.245,-1349.68,-616.245
-1242.0,-572.0,-106.511,5.66362e-07,85.8562,-157.543,94.1438,-17.6301,-1348.97,-616.216,-1348.97,-616.216
-1240.0,-572.0,-106.592,5.72539e-07,85.8728,-157.799,94.1272,-17.3743,-1348.27,-616.186,-1348.27,-616.186
-1238.0,-572.0,-106.675,5.78728e-07,85.889,-158.049,94.111,-17.1241,-1347.56,-616.156,-1347.56,-616.156
-1236.0,-572.0,-106.762,5.84927e-07,85.905,-158.294,94.095,-16.8791,-1346.85,-616.126,-1346.85,-616.126
-1234.0,-572.0,-106.85,5.91122e-07,85.94,-158.534,94.06,-16.6392,-1346.14,-616.096,-1346.14,-616.096
-1232.0,-572.0,-106.941,5.97323e-07,85.9822,-158.769,94.0178,-16.4044,-1345.43,-616.066,-1345.43,-616.066
-1230.0,-572.0,-107.033,6.03533e-07,86.0236,-158.999,93.9764,-16.1744,-1344.71,-616.036,-1344.71,-616.036
-1228.0,-572.0,-107.127,6.09753e-07,86.0643,-159.224,93.9357,-15.9492,-1343.99,-616.006,-1343.99,-616.006
-1226.0,-572.0,-107.223,6.15982e-07,86.1041,-159.445,93.8959,-15.7285,-1343.27,-615.975,-1343.27,-615.975
-1224.0,-572.0,-107.321,6.22221e-07,86.1432,-159.661,93.8568,-15.5122,-1342.55,-615.945,-1342.55,-615.945
-1222.0,-572.0,-107.419,6.28469e-07,86.1816,-159.873,93.8184,-15.3003,-1341.83,-615.915,-1341.83,-615.915
-1220.0,-572.0,-107.52,6.34725e-07,86.2193,-160.081,93.7807,-15.0926,-1341.1,-615.884,-1341.1,-615.884
-1218.0,-572.0,-107.622,6.4099e-07,86.2563,-160.284,93.7437,-14.8889,-1340.37,-615.853,-1340.37,-615.853
-1216.0,-572.0,-107.726,6.47262e-07,86.2927,-160.484,93.7073,-14.6892,-1339.64,-615.822,-1339.64,-615.822
-1214.0,-572.0,-107.832,6.53543e-07,86.3283,-160.68,93.6717,-14.4933,-1338.91,-615.792,-1338.91,-615.792
-1212.0,-572.0,-127.806,6.35646e-07,86.2248,-170.859,93.7752,7.79523,-1306.24,-587.164,-1306.24,-587.164
-1210.0,-572.0,-126.582,6.4219e-07,86.3069,-171.046,93.6931,7.79523,-1306.24,-587.164,-1306.24,-587.164
-1208.0,-572.0,-125.251,6.48735e-07,86.3941,-171.225,93.6059,7.79523,-1306.24,-587.164,-1306.24,-587.164
-1206.0,-572.0,-123.824,6.55284e-07,86.4795,-171.397,93.5205,7.79523,-1306.24,-587.164,-1306.24,-587.164
-1204.0,-572.0,-122.199,6.61823e-07,86.5848,-171.563,93.4152,7.79523,-1306.24,-587.164,-1306.24,-587.164
-1202.0,-572.0,-120.4,6.68364e-07,86.6909,-171.723,93.3091,7.79523,-1306.24,-587.164,-1306.24,-587.164
-1600.0,-570.0,-107.539,6.74846e-07,90.5941,-8.53077,89.4059,171.469,-1600.0,-570.0,-1400.0,-600.0
-1598.0,-570.0,-107.453,6.68245e-07,90.5758,-8.61565,89.4242,171.384,-1598.0,-570.0,-1400.0,-600.0
-1596.0,-570.0,-107.367,6.61645e-07,90.5572,-8.70222,89.4428,171.298,-1596.0,-570.0,-1400.0,-600.0
-1594.0,-570.0,-107.28,6.55047e-07,90.5382,-8.79054,89.4618,171.209,-1594.0,-570.0,-1400.0,-600.0
-1592.0,-570.0,-107.191,6.4845e-07,90.5187,-8.88066,89.4813,171.119,-1592.0,-570.0,-1400.0,-600.0
-1590.0,-570.0,-107.102,6.41855e-07,90.4989,-8.97263,89.5011,171.027,-1590.0,-570.0,-1400.0,-600.0
-1588.0,-570.0,-107.012,6.35262e-07,90.4787,-9.0665,89.5213,170.933,-1588.0,-570.0,-1400.0,-600.0
-1586.0,-570.0,-106.921,6.28671e-07,90.458,-9.16235,89.542,170.838,-1586.0,-570.0,-1400.0,-600.0
-1584.0,-570.0,-106.83,6.22079e-07,90.4044,-9.26022,89.5956,170.74,-1584.0,-570.0,-1400.0,-600.0
-1582.0,-570.0,-106.737,6.15487e-07,90.3038,-9.36019,89.6962,170.64,-1582.0,-570.0,-1400.0,-600.0
-1580.0,-570.0,-106.643,6.08898e-07,90.2011,-9.46232,89.7989,170.538,-1580.0,-570.0,-1400.0,-600.0
-1578.0,-570.0,-106.548,6.02313e-07,90.0961,-9.56669,89.9039,170.433,-1578.0,-570.0,-1400.0,-600.0
-1576.0,-570.0,-106.453,5.95733e-07,89.9888,-9.67336,90.0112,170.327,-1576.0,-570.0,-1400.0,-600.0
-1574.0,-570.0,-106.356,5.89157e-07,89.8791,-9.78241,90.1209,170.218,-1574.0,-570.0,-1400.0,-600.0
-1572.0,-570.0,-106.258,5.82585e-07,89.7669,-9.89392,90.2331,170.106,-1572.0,-570.0,-1400.0,-600.0
-1570.0,-570.0,-106.16,5.76018e-07,89.6522,-10.008,90.3478,169.992,-1570.0,-570.0,-1400.0,-600.0
-1568.0,-570.0,-106.06,5.69455e-07,89.5348,-10.1247,90.4652,169.875,-1568.0,-570.0,-1400.0,-600.0
-1566.0,-570.0,-105.959,5.62898e-07,89.4147,-10.2441,90.5853,169.756,-1566.0,-570.0,-1400.0,-600.0
-1564.0,-570.0,-105.857,5.56345e-07,89.2918,-10.3663,90.7082,169.634,-1564.0,-570.0,-1400.0,-600.0
-1562.0,-570.0,-105.754,5.49797e-07,89.1659,-10.4915,90.8341,169.509,-1562.0,-570.0,-1400.0,-600.0
-1560.0,-570.0,-105.65,5.4325e-07,89.071,-10.6197,90.929,169.38,-1560.0,-570.0,-1400.0,-600.0
-1558.0,-570.0,-112.964,5.36703e-07,88.9996,-10.8002,91.0004,169.301,-1476.53,-585.541,-1476.53,-585.541
-1556.0,-570.0,-116.225,5.30162e-07,88.9263,-11.0654,91.0737,169.301,-1476.53,-585.541,-1476.53,-585.541
-1554.0,-570.0,-119.142,5.23628e-07,88.8513,-11.3438,91.1487,169.301,-1476.53,-585.541,-1476.53,-585.541
-1552.0,-570.0,-121.715,5.17106e-07,88.7477,-11.6363,91.2523,169.301,-1476.53,-585.541,-1476.53,-585.541
-1550.0,-570.0,-123.817,5.10595e-07,88.6369,-11.9441,91.3631,169.301,-1476.53,-585.541,-1476.53,-585.541
-1548.0,-570.0,-125.642,5.04093e-07,88.5233,-12.2684,91.4767,169.301,-1476.53,-585.541,-1476.53,-585.541
-1546.0,-570.0,-127.223,4.97601e-07,88.4067,-12.6104,91.5933,169.301,-1476.53,-585.541,-1476.53,-585.541
-1544.0,-570.0,-128.615,4.9112e-07,88.287,-12.9718,91.713,169.301,-1476.53,-585.541,-1476.53,-585.541
-1542.0,-570.0,-129.863,4.84651e-07,88.1642,-13.3541,91.8358,169.301,-1476.53,-585.541,-1476.53,-585.541
-1540.0,-570.0,-130.996,4.78195e-07,88.0381,-13.7592,91.9619,169.301,-1476.53,-585.541,-1476.53,-585.541
-1538.0,-570.0,-132.04,4.71753e-07,87.9086,-14.189,92.0914,169.301,-1476.53,-585.541,-1476.53,-585.541
-1536.0,-570.0,-133.011,4.65303e-07,87.8512,-14.6461,92.1488,169.301,-1476.53,-585.541,-1476.53,-585.541
-1534.0,-570.0,-133.924,4.58858e-07,87.821,-15.1328,92.179,169.301,-1476.53,-585.541,-1476.53,-585.541
-1532.0,-570.0,-134.787,4.52428e-07,87.79,-15.6521,92.21,169.301,-1476.53,-585.541,-1476.53,-585.541
-1530.0,-570.0,-135.611,4.46016e-07,87.7581,-16.2074,92.2419,169.301,-1476.53,-585.541,-1476.53,-585.541
-1528.0,-570.0,-136.4,4.39634e-07,87.6888,-16.8023,92.3112,169.301,-1476.53,-585.541,-1476.53,-585.541
-1526.0,-570.0,-137.16,4.33273e-07,87.6176,-17.4412,92.3824,169.301,-1476.53,-585.541,-1476.53,-585.541
-1524.0,-570.0,-137.892,4.26936e-07,87.5444,-18.1289,92.4556,169.301,-1476.53,-585.541,-1476.53,-585.541
-1522.0,-570.0,-138.597,4.20625e-07,87.4691,-18.871,92.5309,169.301,-1476.53,-585.541,-1476.53,-585.541
-1520.0,-570.0,-139.279,4.14345e-07,87.3918,-19.674,92.6082,169.301,-1476.53,-585.541,-1476.53,-585.541
-1518.0,-570.0,-139.954,4.08098e-07,87.3122,-20.5452,92.6878,169.301,-1476.53,-585.541,-1476.53,-585.541
-1516.0,-570.0,-140.665,4.01888e-07,87.2305,-21.4934,92.7695,169.301,-1476.53,-585.541,-1476.53,-585.541
-1514.0,-570.0,-141.423,3.95722e-07,87.1465,-22.5285,92.8535,169.301,-1476.53,-585.541,-1476.53,-585.541
-1512.0,-570.0,-142.191,3.89568e-07,87.1696,-23.6625,92.8304,169.301,-1476.53,-585.541,-1476.53,-585.541
-1510.0,-570.0,-142.949,3.83465e-07,87.2088,-24.909,92.7912,169.301,-1476.53,-585.541,-1476.53,-585.541
-1508.0,-570.0,-143.691,3.77425e-07,87.2497,-26.2844,92.7503,169.301,-1476.53,-585.541,-1476.53,-585.541
-1506.0,-570.0,-144.394,3.71461e-07,87.2925,-27.8078,92.7075,169.301,-1476.53,-585.541,-1476.53,-585.541
-1504.0,-570.0,-144.961,3.65584e-07,87.3374,-29.502,92.6626,169.301,-1476.53,-585.541,-1476.53,-585.541
-1502.0,-570.0,-145.706,3.59811e-07,87.3844,-31.3939,92.6156,169.301,-1476.53,-585.541,-1476.53,-585.541
-1500.0,-570.0,-146.822,3.54159e-07,87.4339,-33.5153,92.5661,169.301,-1476.53,-585.541,-1476.53,-585.541
-1498.0,-570.0,-147.706,3.48652e-07,87.486,-35.9035,92.514,169.301,-1476.53,-585.541,-1476.53,-585.541
-1496.0,-570.0,-148.035,3.43338e-07,87.4696,-38.6024,92.5304,169.301,-1476.53,-585.541,-1476.53,-585.541
-1494.0,-570.0,-149.662,3.38239e-07,87.4314,-41.6619,92.5686,169.301,-1476.53,-585.541,-1476.53,-585.541
-1492.0,-570.0,-150.437,3.33393e-07,87.3941,-45.1383,92.6059,169.301,-1476.53,-585.541,-1476.53,-585.541
-1490.0,-570.0,-151.947,3.28854e-07,87.3581,-49.0914,92.6419,169.301,-1476.53,-585.541,-1476.53,-585.541
-1488.0,-570.0,-152.626,3.24686e-07,87.3241,-53.5802,92.6759,169.301,-1476.53,-585.541,-1476.53,-585.541
-1486.0,-570.0,-153.991,1.01297e-06,82.4918,-172.658,87.1295,175.224,-1593.42,-583.841,-1593.42,-583.841
-1484.0,-570.0,-154.134,1.01953e-06,82.6264,-172.708,87.1293,175.272,-1593.42,-584.002,-1593.42,-584.002
-1482.0,-570.0,-154.277,1.02611e-06,82.7433,-172.756,87.129,175.318,-1593.41,-584.161,-1593.41,-584.161
-1480.0,-570.0,-154.419,1.03271e-06,82.8273,-172.804,87.1288,175.365,-1593.41,-584.319,-1593.41,-584.319
-1478.0,-570.0,-154.559,1.03932e-06,82.9085,-172.851,87.1286,175.411,-1593.41,-584.475,-1593.41,-584.475
-1476.0,-570.0,0.0,0.0,0.0,0.0,0.0,0.0,0.0,0.0,0.0,0.0
-1474.0,-570.0,0.0,0.0,0.0,0.0,0.0,0.0,0.0,0.0,0.0,0.0
-1472.0,-570.0,0.0,0.0,0.0,0.0,0.0,0.0,0.0,0.0,0.0,0.0
-1470.0,-570.0,0.0,0.0,0.0,0.0,0.0,0.0,0.0,0.0,0.0,0.0
-1468.0,-570.0,0.0,0.0,0.0,0.0,0.0,0.0,0.0,0.0,0.0,0.0
-1466.0,-570.0,0.0,0.0,0.0,0.0,0.0,0.0,0.0,0.0,0.0,0.0
-1464.0,-570.0,0.0,0.0,0.0,0.0,0.0,0.0,0.0,0.0,0.0,0.0
-1462.0,-570.0,0.0,0.0,0.0,0.0,0.0,0.0,0.0,0.0,0.0,0.0
-1460.0,-570.0,0.0,0.0,0.0,0.0,0.0,0.0,0.0,0.0,0.0,0.0
-1458.0,-570.0,0.0,0.0,0.0,0.0,0.0,0.0,0.0,0.0,0.0,0.0
-1456.0,-570.0,0.0,0.0,0.0,0.0,0.0,0.0,0.0,0.0,0.0,0.0
-1454.0,-570.0,0.0,0.0,0.0,0.0,0.0,0.0,0.0,0.0,0.0,0.0
-1452.0,-570.0,0.0,0.0,0.0,0.0,0.0,0.0,0.0,0.0,0.0,0.0
-1450.0,-570.0,0.0,0.0,0.0,0.0,0.0,0.0,0.0,0.0,0.0,0.0
-1448.0,-570.0,0.0,0.0,0.0,0.0,0.0,0.0,0.0,0.0,0.0,0.0
-1446.0,-570.0,0.0,0.0,0.0,0.0,0.0,0.0,0.0,0.0,0.0,0.0
-1444.0,-570.0,0.0,0.0,0.0,0.0,0.0,0.0,0.0,0.0,0.0,0.0
-1442.0,-570.0,0.0,0.0,0.0,0.0,0.0,0.0,0.0,0.0,0.0,0.0
-1440.0,-570.0,0.0,0.0,0.0,0.0,0.0,0.0,0.0,0.0,0.0,0.0
-1438.0,-570.0,0.0,0.0,0.0,0.0,0.0,0.0,0.0,0.0,0.0,0.0
-1436.0,-570.0,0.0,0.0,0.0,0.0,0.0,0.0,0.0,0.0,0.0,0.0
-1434.0,-570.0,0.0,0.0,0.0,0.0,0.0,0.0,0.0,0.0,0.0,0.0
-1432.0,-570.0,0.0,0.0,0.0,0.0,0.0,0.0,0.0,0.0,0.0,0.0
-1430.0,-570.0,0.0,0.0,0.0,0.0,0.0,0.0,0.0,0.0,0.0,0.0
-1428.0,-570.0,-110.868,1.40411e-07,108.132,-47.2258,102.13,133.049,-1425.53,-572.669,-1425.53,-572.669
-1426.0,-570.0,0.0,0.0,0.0,0.0,0.0,0.0,0.0,0.0,0.0,0.0
-1424.0,-570.0,-93.2324,1.30313e-07,79.6497,-51.3402,100.35,128.66,-1424.0,-570.0,-1400.0,-600.0
-1422.0,-570.0,-92.9657,1.26374e-07,79.1934,-53.7462,100.807,126.254,-1422.0,-570.0,-1400.0,-600.0
-1420.0,-570.0,-92.7073,1.22673e-07,78.7292,-56.3099,101.271,123.69,-1420.0,-570.0,-1400.0,-600.0
-1418.0,-570.0,-92.4579,1.19203e-07,78.3272,-59.0362,101.673,120.964,-1418.0,-570.0,-1400.0,-600.0
-1416.0,-570.0,-92.22,1.15984e-07,77.9985,-61.9275,102.002,118.072,-1416.0,-570.0,-1400.0,-600.0
-1414.0,-570.0,-91.9987,1.13067e-07,77.6841,-64.9831,102.316,115.017,-1414.0,-570.0,-1400.0,-600.0
-1412.0,-570.0,-91.7973,1.10477e-07,77.3908,-68.1986,102.609,111.801,-1412.0,-570.0,-1400.0,-600.0
-1410.0,-570.0,-91.6232,1.08286e-07,77.0141,-71.5651,102.986,108.435,-1410.0,-570.0,-1400.0,-600.0
-1408.0,-570.0,-91.4774,1.06484e-07,76.6347,-75.0686,103.365,104.931,-1408.0,-570.0,-1400.0,-600.0
-1406.0,-570.0,-91.3617,1.05076e-07,76.2942,-78.6901,103.706,101.31,-1406.0,-570.0,-1400.0,-600.0
-1404.0,-570.0,-91.2788,1.04079e-07,76.0006,-82.4054,103.999,97.5946,-1404.0,-570.0,-1400.0,-600.0
-1402.0,-570.0,-91.2307,1.03504e-07,75.7604,-86.1859,104.24,93.8141,-1402.0,-570.0,-1400.0,-600.0
-1400.0,-570.0,-91.2185,1.03358e-07,75.5788,-90.0,104.421,90.0,-1400.0,-570.0,-1400.0,-600.0
-1398.0,-570.0,-91.2425,1.03644e-07,75.4587,-93.8141,104.541,86.1859,-1398.0,-570.0,-1400.0,-600.0
-1396.0,-570.0,-99.008,1.04357e-07,75.4005,-97.8458,104.599,82.4644,-1396.79,-575.704,-1396.79,-575.704
-1394.0,-570.0,-109.328,1.49952e-07,79.7877,-96.8891,100.212,82.4644,-1396.79,-575.704,-1394.68,-575.64
-1392.0,-570.0,-124.821,1.53064e-06,88.9942,6.52254,91.0058,-10.4578,-1317.73,-615.186,-1375.52,-568.116
-1390.0,-570.0,-124.745,1.52401e-06,88.9793,6.55104,91.0207,-10.4863,-1317.93,-615.191,-1372.9,-568.037
-1388.0,-570.0,-124.667,1.51739e-06,88.9642,6.5798,91.0358,-10.5151,-1318.12,-615.197,-1370.29,-567.958
-1386.0,-570.0,-124.588,1.51076e-06,88.9588,6.6088,91.0412,-10.5441,-1318.32,-615.203,-1367.69,-567.879
-1384.0,-570.0,-124.506,1.50413e-06,88.9542,6.63806,91.0458,-10.5733,-1318.53,-615.208,-1365.1,-567.8
-1382.0,-570.0,-124.422,1.49751e-06,88.9496,6.66758,91.0504,-10.6029,-1318.73,-615.214,-1362.51,-567.722
-1380.0,-570.0,-137.306,2.5903e-07,83.9161,-162.422,96.0839,148.195,-1425.26,-584.337,-1425.26,-584.337
-1378.0,-570.0,-137.764,2.65369e-07,84.0619,-163.123,95.9381,148.195,-1425.26,-584.337,-1425.26,-584.337
-1376.0,-570.0,-138.625,2.75253e-07,84.2759,163.282,95.7241,148.195,-1425.26,-584.337,-1381.65,-568.302
-1374.0,-570.0,-124.53,1.46992e-06,88.9298,-2.81506,91.0702,-10.2236,-1316.06,-615.138,-1169.65,-580.048
-1372.0,-570.0,-124.48,1.46326e-06,88.925,-2.8279,91.075,-10.2365,-1316.16,-615.141,-1169.65,-579.995
-1370.0,-570.0,-124.429,1.4566e-06,88.9201,-2.84085,91.0799,-10.2494,-1316.25,-615.144,-1169.66,-579.942
-1368.0,-570.0,-124.377,1.44993e-06,88.9151,-2.85392,91.0849,-10.2625,-1316.34,-615.146,-1169.66,-579.887
-1366.0,-570.0,-124.325,1.44327e-06,88.9101,-2.86712,91.0899,-10.2757,-1316.44,-615.149,-1169.67,-579.833
-1364.0,-570.0,-124.273,1.4366e-06,88.905,-2.88043,91.095,-10.289,-1316.53,-615.152,-1169.67,-579.778
-1362.0,-570.0,-124.219,1.42994e-06,88.8999,-2.89387,91.1001,-10.3025,-1316.63,-615.155,-1169.68,-579.722
-1360.0,-570.0,-124.165,1.42328e-06,88.8948,-2.90744,91.1052,-10.316,-1316.73,-615.157,-1169.68,-579.666
-1358.0,-570.0,-124.11,1.41661e-06,88.8896,-2.92113,91.1104,-10.3297,-1316.82,-615.16,-1169.69,-579.609
-1356.0,-570.0,-124.055,1.40995e-06,88.8843,-2.93495,91.1157,-10.3435,-1316.92,-615.163,-1169.69,-579.552
-1354.0,-570.0,-123.998,1.40329e-06,88.879,-2.94891,91.121,-10.3575,-1317.02,-615.166,-1169.7,-579.494
-1352.0,-570.0,-123.941,1.39662e-06,88.8737,-2.96299,91.1263,-10.3716,-1317.12,-615.168,-1169.7,-579.436
-1350.0,-570.0,-123.883,1.38996e-06,88.8683,-2.97721,91.1317,-10.3858,-1317.22,-615.171,-1169.71,-579.377
-1348.0,-570.0,-123.752,1.41331e-06,88.887,20.9659,91.113,-23.2047,-1360.99,-616.722,-1201.93,-514.028
-1346.0,-570.0,-123.12,1.40709e-06,88.86,21.0631,91.14,-23.3019,-1361.16,-616.729,-1200.63,-514.013
-1344.0,-570.0,-122.523,1.40088e-06,88.8319,21.1612,91.1681,-23.4,-1361.32,-616.736,-1199.33,-513.999
-1342.0,-570.0,-123.629,1.36334e-06,88.7761,-3.03549,91.2239,-10.4441,-1317.63,-615.183,-1169.73,-579.135
-1340.0,-570.0,-123.563,1.35669e-06,88.7516,-3.05042,91.2484,-10.459,-1317.74,-615.186,-1169.74,-579.073
-1338.0,-570.0,-123.499,1.35003e-06,88.7455,-3.0655,91.2545,-10.4741,-1317.84,-615.189,-1169.74,-579.011
-1336.0,-570.0,-123.435,1.34336e-06,88.7392,-3.08072,91.2608,-10.4893,-1317.95,-615.192,-1169.75,-578.948
-1334.0,-570.0,-123.37,1.3367e-06,88.7329,-3.0961,91.2671,-10.5047,-1318.05,-615.195,-1169.76,-578.884
-1332.0,-570.0,-123.303,1.33004e-06,88.7266,-3.11163,91.2734,-10.5202,-1318.16,-615.198,-1169.76,-578.82
-1330.0,-570.0,-123.236,1.32338e-06,88.7202,-3.12732,91.2798,-10.5359,-1318.27,-615.201,-1169.77,-578.754
-1328.0,-570.0,-123.167,1.31672e-06,88.7137,-3.14316,91.2863,-10.5517,-1318.38,-615.204,-1169.77,-578.689
-1326.0,-570.0,-123.098,1.31005e-06,88.7072,-3.15917,91.2928,-10.5678,-1318.49,-615.207,-1169.78,-578.622
-1324.0,-570.0,-123.027,1.30339e-06,88.6991,-3.17534,91.3009,-10.5839,-1318.6,-615.21,-1169.79,-578.555
-1322.0,-570.0,-122.953,1.29674e-06,88.68,-3.19168,91.32,-10.6003,-1318.71,-615.214,-1169.79,-578.488
-1320.0,-570.0,-122.877,1.29008e-06,88.6607,-3.20819,91.3393,-10.6168,-1318.82,-615.217,-1169.8,-578.419
-1318.0,-570.0,-122.801,1.28343e-06,88.6412,-3.22486,91.3588,-10.6334,-1318.93,-615.22,-1169.81,-578.35
-1316.0,-570.0,-122.723,1.27678e-06,88.6214,-3.24172,91.3786,-10.6503,-1319.05,-615.223,-1169.81,-578.28
-1314.0,-570.0,-122.644,1.27012e-06,88.6015,-3.25874,91.3985,-10.6673,-1319.16,-615.226,-1169.82,-578.209
-1312.0,-570.0,-122.563,1.26347e-06,88.5813,-3.27595,91.4187,-10.6845,-1319.28,-615.23,-1169.83,-578.138
-1310.0,-570.0,-122.482,1.25681e-06,88.561,-3.29334,91.439,-10.7019,-1319.4,-615.233,-1169.83,-578.066
-1308.0,-570.0,-122.399,1.25016e-06,88.5403,-3.31092,91.4597,-10.7195,-1319.51,-615.236,-1169.84,-577.993
-1306.0,-570.0,-122.312,1.24352e-06,88.5065,-3.32868,91.4935,-10.7373,-1319.63,-615.24,-1169.85,-577.919
-1304.0,-570.0,-122.223,1.23687e-06,88.4724,-3.34664,91.5276,-10.7552,-1319.75,-615.243,-1169.85,-577.844
-1302.0,-570.0,-122.133,1.23023e-06,88.4379,-3.36479,91.5621,-10.7734,-1319.87,-615.247,-1169.86,-577.769
-1300.0,-570.0,-122.043,1.22358e-06,88.4066,-3.38314,91.5934,-10.7917,-1319.99,-615.25,-1169.87,-577.693
-1298.0,-570.0,-121.953,1.21693e-06,88.3846,-3.40169,91.6154,-10.8103,-1320.12,-615.254,-1169.87,-577.616
-1296.0,-570.0,-121.862,1.21028e-06,88.3624,-3.42044,91.6376,-10.829,-1320.24,-615.257,-1169.88,-577.538
-1294.0,-570.0,-121.769,1.20363e-06,88.3399,-3.4394,91.6601,-10.848,-1320.36,-615.261,-1169.89,-577.459
-1292.0,-570.0,-121.675,1.19698e-06,88.3172,-3.45857,91.6828,-10.8672,-1320.49,-615.264,-1169.9,-577.38
-1290.0,-570.0,-109.878,5.4051e-07,86.2413,-131.503,93.7587,-43.9208,-1381.73,-617.596,-1330.3,-615.543
-1288.0,-570.0,-115.658,5.44964e-07,86.2424,-132.031,93.7576,-43.396,-1381.4,-617.583,-1329.02,-615.506
-1286.0,-570.0,-121.385,1.17703e-06,88.2475,-3.51739,91.7525,-10.926,-1320.87,-615.275,-1169.92,-577.135
-1284.0,-570.0,-121.285,1.17038e-06,88.2237,-3.53745,91.7763,-10.946,-1321.0,-615.279,-1169.93,-577.052
-1282.0,-570.0,-117.964,4.81676e-07,85.647,-143.306,94.353,35.3723,-1385.74,-589.873,-1343.72,-615.994
-1280.0,-570.0,-115.524,4.87049e-07,85.6619,-143.776,94.3381,34.9018,-1385.47,-589.865,-1342.73,-615.953
-1278.0,-570.0,-112.017,4.92454e-07,85.6767,-144.236,94.3233,34.4417,-1385.21,-589.857,-1341.74,-615.911
-1276.0,-570.0,-109.744,4.97891e-07,85.6915,-144.686,94.3085,33.9916,-1384.95,-589.849,-1340.75,-615.869
-1274.0,-570.0,-108.477,5.03357e-07,85.7062,-145.127,94.2938,33.5512,-1384.68,-589.841,-1339.76,-615.827
-1272.0,-570.0,-107.775,5.08852e-07,85.7208,-145.557,94.2792,33.1204,-1384.42,-589.833,-1338.76,-615.785
-1270.0,-570.0,-110.896,4.84417e-07,85.4711,-152.571,94.5289,-22.6024,-1359.94,-616.678,-1359.94,-616.678
-1268.0,-570.0,-110.267,4.90354e-07,85.493,-152.931,94.507,-22.2421,-1359.29,-616.65,-1359.29,-616.65
-1266.0,-570.0,-107.278,5.25586e-07,85.7649,-147.509,94.2351,32.7418,-1384.18,-589.826,-1337.85,-615.757
-1264.0,-570.0,-107.189,5.31232e-07,85.7795,-147.897,94.2205,32.3541,-1383.93,-589.818,-1336.89,-615.73
-1262.0,-570.0,-107.174,5.36902e-07,85.794,-148.276,94.206,31.9746,-1383.68,-589.81,-1335.93,-615.703
-1260.0,-570.0,-106.961,5.14276e-07,85.5872,-154.289,94.4128,-20.8846,-1356.65,-616.539,-1356.65,-616.539
-1258.0,-570.0,-106.704,5.20279e-07,85.6382,-154.608,94.3618,-20.5649,-1355.99,-616.511,-1355.99,-616.511
-1256.0,-570.0,-106.553,5.26298e-07,85.6882,-154.921,94.3118,-20.2525,-1355.33,-616.483,-1355.33,-616.483
-1254.0,-570.0,-106.473,5.32333e-07,85.7372,-155.226,94.2628,-19.9472,-1354.66,-616.455,-1354.66,-616.455
-1252.0,-570.0,-106.439,5.38395e-07,85.7679,-155.525,94.2321,-19.6488,-1353.99,-616.427,-1353.99,-616.427
-1250.0,-570.0,-106.437,5.4448e-07,85.7855,-155.816,94.2145,-19.357,-1353.32,-616.399,-1353.32,-616.399
-1248.0,-570.0,-106.459,5.50579e-07,85.8029,-156.102,94.1971,-19.0718,-1352.65,-616.371,-1352.65,-616.371
-1246.0,-570.0,-106.497,5.56691e-07,85.82,-156.381,94.18,-18.7928,-1351.98,-616.342,-1351.98,-616.342
-1244.0,-570.0,-106.547,5.62816e-07,85.8368,-156.654,94.1632,-18.5199,-1351.3,-616.314,-1351.3,-616.314
-1242.0,-570.0,-106.607,5.68953e-07,85.8534,-156.921,94.1466,-18.2528,-1350.62,-616.285,-1350.62,-616.285
-1240.0,-570.0,-106.673,5.75103e-07,85.8696,-157.182,94.1304,-17.9915,-1349.94,-616.257,-1349.94,-616.257
-1238.0,-570.0,-106.745,5.81264e-07,85.8857,-157.438,94.1143,-17.7358,-1349.26,-616.228,-1349.26,-616.228
-1236.0,-570.0,-106.821,5.87427e-07,85.9144,-157.688,94.0856,-17.4854,-1348.58,-616.199,-1348.58,-616.199
-1234.0,-570.0,-106.9,5.93591e-07,85.9569,-157.933,94.0431,-17.2402,-1347.89,-616.17,-1347.89,-616.17
-1232.0,-570.0,-106.982,5.99766e-07,85.9986,-158.173,94.0014,-17.0001,-1347.21,-616.141,-1347.21,-616.141
-1230.0,-570.0,-107.067,6.05951e-07,86.0395,-158.408,93.9605,-16.7649,-1346.52,-616.112,-1346.52,-616.112
-1228.0,-570.0,-107.154,6.12146e-07,86.0797,-158.639,93.9203,-16.5346,-1345.82,-616.083,-1345.82,-616.083
-1226.0,-570.0,-107.243,6.18352e-07,86.1191,-158.865,93.8809,-16.3088,-1345.13,-616.054,-1345.13,-616.054
-1224.0,-570.0,-107.333,6.24567e-07,86.1578,-159.086,93.8422,-16.0876,-1344.44,-616.024,-1344.44,-616.024
-1222.0,-570.0,-107.425,6.30791e-07,86.1957,-159.303,93.8043,-15.8707,-1343.74,-615.995,-1343.74,-615.995
-1220.0,-570.0,-107.518,6.37024e-07,86.233,-159.515,93.767,-15.6581,-1343.04,-615.966,-1343.04,-615.966
-1218.0,-570.0,-107.613,6.43267e-07,86.2696,-159.724,93.7304,-15.4496,-1342.34,-615.936,-1342.34,-615.936
-1216.0,-570.0,-107.71,6.49518e-07,86.3056,-159.928,93.6944,-15.2452,-1341.64,-615.906,-1341.64,-615.906
-1214.0,-570.0,-107.808,6.55777e-07,86.3409,-160.129,93.6591,-15.0447,-1340.93,-615.877,-1340.93,-615.877
-1212.0,-570.0,-107.907,6.62022e-07,86.4062,-160.325,93.5938,-14.848,-1340.22,-615.847,-1340.22,-615.847
-1210.0,-570.0,-108.007,6.68262e-07,86.4882,-160.518,93.5118,-14.655,-1339.52,-615.817,-1339.52,-615.817
-1208.0,-570.0,-108.11,6.74512e-07,86.5688,-160.708,93.4312,-14.4656,-1338.8,-615.787,-1338.8,-615.787
-1206.0,-570.0,-131.588,6.56318e-07,86.5228,-170.283,93.4772,7.79523,-1306.24,-587.164,-1306.24,-587.164
-1204.0,-570.0,-130.728,6.62837e-07,86.6274,-170.47,93.3726,7.79523,-1306.24,-587.164,-1306.24,-587.164
-1202.0,-570.0,-129.813,6.6936e-07,86.7328,-170.649,93.2672,7.79523,-1306.24,-587.164,-1306.24,-587.164
-1600.0,-568.0,-107.552,6.75868e-07,90.5932,-9.09028,89.4068,170.91,-1600.0,-568.0,-1400.0,-600.0
-1598.0,-568.0,-107.467,6.69277e-07,90.575,-9.18054,89.425,170.819,-1598.0,-568.0,-1400.0,-600.0
-1596.0,-568.0,-107.381,6.62687e-07,90.5563,-9.2726,89.4437,170.727,-1596.0,-568.0,-1400.0,-600.0
-1594.0,-568.0,-107.294,6.561e-07,90.5373,-9.36651,89.4627,170.633,-1594.0,-568.0,-1400.0,-600.0
-1592.0,-568.0,-107.206,6.49514e-07,90.5179,-9.46232,89.4821,170.538,-1592.0,-568.0,-1400.0,-600.0
-1590.0,-568.0,-107.117,6.4293e-07,90.4981,-9.5601,89.5019,170.44,-1590.0,-568.0,-1400.0,-600.0
-1588.0,-568.0,-107.027,6.36348e-07,90.4779,-9.65989,89.5221,170.34,-1588.0,-568.0,-1400.0,-600.0
-1586.0,-568.0,-106.937,6.29768e-07,90.4573,-9.76177,89.5427,170.238,-1586.0,-568.0,-1400.0,-600.0
-1584.0,-568.0,-106.845,6.23188e-07,90.4037,-9.86581,89.5963,170.134,-1584.0,-568.0,-1400.0,-600.0
-1582.0,-568.0,-106.753,6.16607e-07,90.3033,-9.97206,89.6967,170.028,-1582.0,-568.0,-1400.0,-600.0
-1580.0,-568.0,-106.659,6.10031e-07,90.2007,-10.0806,89.7993,169.919,-1580.0,-568.0,-1400.0,-600.0
-1578.0,-568.0,-106.565,6.03458e-07,90.0959,-10.1915,89.9041,169.808,-1578.0,-568.0,-1400.0,-600.0
-1576.0,-568.0,-106.47,5.96891e-07,89.9888,-10.3048,90.0112,169.695,-1576.0,-568.0,-1400.0,-600.0
-1574.0,-568.0,-106.373,5.90327e-07,89.8793,-10.4207,90.1207,169.579,-1574.0,-568.0,-1400.0,-600.0
-1572.0,-568.0,-106.276,5.83769e-07,89.7674,-10.5392,90.2326,169.461,-1572.0,-568.0,-1400.0,-600.0
-1570.0,-568.0,-106.178,5.77215e-07,89.6529,-10.6603,90.3471,169.34,-1570.0,-568.0,-1400.0,-600.0
-1568.0,-568.0,-114.286,5.70667e-07,89.5358,-10.856,90.4642,169.301,-1476.53,-585.541,-1476.53,-585.541
-1566.0,-568.0,-117.226,5.64126e-07,89.416,-11.0928,90.584,169.301,-1476.53,-585.541,-1476.53,-585.541
-1564.0,-568.0,-119.833,5.57593e-07,89.2934,-11.3399,90.7066,169.301,-1476.53,-585.541,-1476.53,-585.541
-1562.0,-568.0,-122.175,5.51068e-07,89.1678,-11.5982,90.8322,169.301,-1476.53,-585.541,-1476.53,-585.541
-1560.0,-568.0,-124.11,5.44548e-07,89.0733,-11.8683,90.9267,169.301,-1476.53,-585.541,-1476.53,-585.541
-1558.0,-568.0,-125.804,5.38031e-07,89.002,-12.1511,90.998,169.301,-1476.53,-585.541,-1476.53,-585.541
-1556.0,-568.0,-127.289,5.31521e-07,88.9291,-12.4475,91.0709,169.301,-1476.53,-585.541,-1476.53,-585.541
-1554.0,-568.0,-128.603,5.25021e-07,88.8543,-12.7585,91.1457,169.301,-1476.53,-585.541,-1476.53,-585.541
-1552.0,-568.0,-129.784,5.1853e-07,88.7751,-13.0851,91.2249,169.301,-1476.53,-585.541,-1476.53,-585.541
-1550.0,-568.0,-130.859,5.12055e-07,88.665,-13.4286,91.335,169.301,-1476.53,-585.541,-1476.53,-585.541
-1548.0,-568.0,-131.849,5.05591e-07,88.5521,-13.7902,91.4479,169.301,-1476.53,-585.541,-1476.53,-585.541
-1546.0,-568.0,-132.769,4.9914e-07,88.4364,-14.1715,91.5636,169.301,-1476.53,-585.541,-1476.53,-585.541
-1544.0,-568.0,-133.632,4.92702e-07,88.3177,-14.5739,91.6823,169.301,-1476.53,-585.541,-1476.53,-585.541
-1542.0,-568.0,-134.447,4.86278e-07,88.1958,-14.9994,91.8042,169.301,-1476.53,-585.541,-1476.53,-585.541
-1540.0,-568.0,-135.222,4.7987e-07,88.0708,-15.4498,91.9292,169.301,-1476.53,-585.541,-1476.53,-585.541
-1538.0,-568.0,-135.963,4.73478e-07,87.9424,-15.9274,92.0576,169.301,-1476.53,-585.541,-1476.53,-585.541
-1536.0,-568.0,-136.674,4.67082e-07,87.8859,-16.4346,92.1141,169.301,-1476.53,-585.541,-1476.53,-585.541
-1534.0,-568.0,-137.36,4.60694e-07,87.8566,-16.9742,92.1434,169.301,-1476.53,-585.541,-1476.53,-585.541
-1532.0,-568.0,-138.024,4.54326e-07,87.8265,-17.5492,92.1735,169.301,-1476.53,-585.541,-1476.53,-585.541
-1530.0,-568.0,-138.666,4.47978e-07,87.7957,-18.1633,92.2043,169.301,-1476.53,-585.541,-1476.53,-585.541
-1528.0,-568.0,-139.287,4.41657e-07,87.7554,-18.8203,92.2446,169.301,-1476.53,-585.541,-1476.53,-585.541
-1526.0,-568.0,-139.888,4.35369e-07,87.6859,-19.5247,92.3141,169.301,-1476.53,-585.541,-1476.53,-585.541
-1524.0,-568.0,-140.48,4.29111e-07,87.6145,-20.2815,92.3855,169.301,-1476.53,-585.541,-1476.53,-585.541
-1522.0,-568.0,-141.088,4.22885e-07,87.5412,-21.0966,92.4588,169.301,-1476.53,-585.541,-1476.53,-585.541
-1520.0,-568.0,-141.737,4.16696e-07,87.4659,-21.9766,92.5341,169.301,-1476.53,-585.541,-1476.53,-585.541
-1518.0,-568.0,-142.412,4.10547e-07,87.3886,-22.9292,92.6114,169.301,-1476.53,-585.541,-1476.53,-585.541
-1516.0,-568.0,-143.087,4.04444e-07,87.3092,-23.9629,92.6908,169.301,-1476.53,-585.541,-1476.53,-585.541
-1514.0,-568.0,-143.753,3.98393e-07,87.2278,-25.088,92.7722,169.301,-1476.53,-585.541,-1476.53,-585.541
-1512.0,-568.0,-144.404,3.92364e-07,87.2528,-26.3161,92.7472,169.301,-1476.53,-585.541,-1476.53,-585.541
-1510.0,-568.0,-145.024,3.86396e-07,87.294,-27.6607,92.706,169.301,-1476.53,-585.541,-1476.53,-585.541
-1508.0,-568.0,-145.546,3.80506e-07,87.337,-29.1376,92.663,169.301,-1476.53,-585.541,-1476.53,-585.541
-1506.0,-568.0,-146.057,3.74703e-07,87.382,-30.7649,92.618,169.301,-1476.53,-585.541,-1476.53,-585.541
-1504.0,-568.0,-147.036,3.69003e-07,87.4291,-32.5638,92.5709,169.301,-1476.53,-585.541,-1476.53,-585.541
-1502.0,-568.0,-147.923,3.63421e-07,87.4785,-34.5588,92.5215,169.301,-1476.53,-585.541,-1476.53,-585.541
-1500.0,-568.0,-148.572,3.57979e-07,87.5304,-36.7781,92.4696,169.301,-1476.53,-585.541,-1476.53,-585.541
-1498.0,-568.0,-148.942,3.52714e-07,87.5369,-39.2538,92.4631,169.301,-1476.53,-585.541,-1476.53,-585.541
-1496.0,-568.0,-150.459,3.47653e-07,87.501,-42.022,92.499,169.301,-1476.53,-585.541,-1476.53,-585.541
-1494.0,-568.0,-151.086,3.42821e-07,87.4658,-45.1225,92.5342,169.301,-1476.53,-585.541,-1476.53,-585.541
-1492.0,-568.0,-152.307,3.3826e-07,87.4316,-48.5969,92.5684,169.301,-1476.53,-585.541,-1476.53,-585.541
-1490.0,-568.0,-153.497,1.00073e-06,82.2162,-172.174,87.1322,174.748,-1593.46,-582.219,-1593.46,-582.219
-1488.0,-568.0,-153.631,1.00728e-06,82.3608,-172.228,87.1319,174.799,-1593.45,-582.393,-1593.45,-582.393
-1486.0,-568.0,-153.765,1.01384e-06,82.5001,-172.281,87.1316,174.85,-1593.45,-582.564,-1593.45,-582.564
-1484.0,-568.0,-153.901,1.02039e-06,82.6345,-172.333,87.1313,174.899,-1593.44,-582.734,-1593.44,-582.734
-1482.0,-568.0,-154.037,1.02696e-06,82.7642,-172.384,87.131,174.948,-1593.44,-582.901,-1593.44,-582.901
-1480.0,-568.0,-154.174,1.03354e-06,82.8668,-172.434,87.1308,174.997,-1593.44,-583.066,-1593.44,-583.066
-1478.0,-568.0,-154.311,1.04014e-06,82.9473,-172.484,87.1305,175.045,-1593.43,-583.23,-1593.43,-583.23
-1476.0,-568.0,0.0,0.0,0.0,0.0,0.0,0.0,0.0,0.0,0.0,0.0
-1474.0,-568.0,0.0,0.0,0.0,0.0,0.0,0.0,0.0,0.0,0.0,0.0
-1472.0,-568.0,0.0,0.0,0.0,0.0,0.0,0.0,0.0,0.0,0.0,0.0
-1470.0,-568.0,0.0,0.0,0.0,0.0,0.0,0.0,0.0,0.0,0.0,0.0
-1468.0,-568.0,0.0,0.0,0.0,0.0,0.0,0.0,0.0,0.0,0.0,0.0
-1466.0,-568.0,0.0,0.0,0.0,0.0,0.0,0.0,0.0,0.0,0.0,0.0
-1464.0,-568.0,0.0,0.0,0.0,0.0,0.0,0.0,0.0,0.0,0.0,0.0
-1462.0,-568.0,0.0,0.0,0.0,0.0,0.0,0.0,0.0,0.0,0.0,0.0
-1460.0,-568.0,0.0,0.0,0.0,0.0,0.0,0.0,0.0,0.0,0.0,0.0
-1458.0,-568.0,-102.723,3.25957e-07,86.7624,55.4373,93.2376,127.286,-1442.02,-544.808,-1442.02,-544.808
-1456.0,-568.0,-102.879,3.2224e-07,86.6748,56.4162,93.3252,126.307,-1440.58,-544.774,-1440.58,-544.774
-1454.0,-568.0,-103.634,3.1862e-07,86.5863,57.4177,93.4137,125.305,-1439.13,-544.739,-1439.13,-544.739
-1452.0,-568.0,-112.448,3.15541e-07,94.0645,58.8429,94.7098,124.345,-1437.78,-544.707,-1445.27,-556.872
-1450.0,-568.0,-110.948,3.11684e-07,86.4065,59.4896,93.5935,123.233,-1436.25,-544.671,-1436.25,-544.671
-1448.0,-568.0,-106.74,3.08374e-07,86.3154,60.5601,93.6846,122.163,-1434.81,-544.637,-1434.81,-544.637
-1446.0,-568.0,-103.693,3.05174e-07,86.2237,61.6537,93.7763,121.069,-1433.38,-544.602,-1433.38,-544.602
-1444.0,-568.0,-102.583,3.02089e-07,86.1316,62.7703,93.8684,119.953,-1431.94,-544.568,-1431.94,-544.568
-1442.0,-568.0,-102.194,2.99121e-07,86.0391,63.9097,93.9609,118.813,-1430.51,-544.534,-1430.51,-544.534
-1440.0,-568.0,-114.379,2.96278e-07,85.9464,65.5841,94.0536,117.862,-1429.33,-544.506,-1429.33,-544.506
-1438.0,-568.0,-119.556,4.08229e-07,87.0196,73.169,92.9804,-103.963,-1404.61,-618.561,-1430.9,-544.544
-1436.0,-568.0,-113.562,4.06373e-07,86.9662,74.1616,93.0338,-103.698,-1404.52,-618.557,-1429.33,-544.506
-1434.0,-568.0,-122.872,7.06922e-07,88.2338,75.7542,91.7662,113.553,-1429.64,-532.017,-1412.72,-484.203
-1432.0,-568.0,-128.843,6.76883e-07,88.1315,81.9166,91.8685,79.7933,-1396.62,-581.218,-1420.16,-484.607
-1430.0,-568.0,-114.839,6.76019e-07,88.1052,82.836,91.8948,80.0993,-1396.63,-580.713,-1419.51,-484.572
-1428.0,-568.0,-114.605,6.75229e-07,88.0791,83.3981,91.9209,80.6614,-1396.66,-579.714,-1418.34,-484.508
-1426.0,-568.0,-93.8228,1.39472e-07,80.5434,-50.9061,99.4566,129.094,-1426.0,-568.0,-1400.0,-600.0
-1424.0,-568.0,-93.5697,1.3547e-07,80.1405,-53.1301,99.8595,126.87,-1424.0,-568.0,-1400.0,-600.0
-1422.0,-568.0,-93.3234,1.31685e-07,79.7296,-55.4915,100.27,124.509,-1422.0,-568.0,-1400.0,-600.0
-1420.0,-568.0,-93.086,1.28136e-07,79.3139,-57.9946,100.686,122.005,-1420.0,-568.0,-1400.0,-600.0
-1418.0,-568.0,-92.858,1.24818e-07,78.9602,-60.6422,101.04,119.358,-1418.0,-568.0,-1400.0,-600.0
-1416.0,-568.0,-92.6415,1.21747e-07,78.6781,-63.4349,101.322,116.565,-1416.0,-568.0,-1400.0,-600.0
-1414.0,-568.0,-92.4411,1.18972e-07,78.4104,-66.3706,101.59,113.629,-1414.0,-568.0,-1400.0,-600.0
-1412.0,-568.0,-92.2597,1.16514e-07,78.1624,-69.444,101.838,110.556,-1412.0,-568.0,-1400.0,-600.0
-1410.0,-568.0,-92.0999,1.14392e-07,77.9396,-72.646,102.06,107.354,-1410.0,-568.0,-1400.0,-600.0
-1408.0,-568.0,-91.9694,1.12687e-07,77.6077,-75.9638,102.392,104.036,-1408.0,-568.0,-1400.0,-600.0
-1406.0,-568.0,-91.8662,1.11356e-07,77.3088,-79.3803,102.691,100.62,-1406.0,-568.0,-1400.0,-600.0
-1404.0,-568.0,-91.7924,1.10415e-07,77.0488,-82.875,102.951,97.125,-1404.0,-568.0,-1400.0,-600.0
-1402.0,-568.0,-91.7496,1.09872e-07,76.8329,-86.4237,103.167,93.5763,-1402.0,-568.0,-1400.0,-600.0
-1400.0,-568.0,-91.7386,1.09734e-07,76.665,-90.0,103.335,90.0,-1400.0,-568.0,-1400.0,-600.0
-1398.0,-568.0,-91.7598,1.10002e-07,76.5473,-93.5763,103.453,86.4237,-1398.0,-568.0,-1400.0,-600.0
-1396.0,-568.0,0.0,0.0,0.0,0.0,0.0,0.0,0.0,0.0,0.0,0.0
-1394.0,-568.0,0.0,0.0,0.0,0.0,0.0,0.0,0.0,0.0,0.0,0.0
-1392.0,-568.0,0.0,0.0,0.0,0.0,0.0,0.0,0.0,0.0,0.0,0.0
-1390.0,-568.0,0.0,0.0,0.0,0.0,0.0,0.0,0.0,0.0,0.0,0.0
-1388.0,-568.0,0.0,0.0,0.0,0.0,0.0,0.0,0.0,0.0,0.0,0.0
-1386.0,-568.0,0.0,0.0,0.0,0.0,0.0,0.0,0.0,0.0,0.0,0.0
-1384.0,-568.0,0.0,0.0,0.0,0.0,0.0,0.0,0.0,0.0,0.0,0.0
-1382.0,-568.0,0.0,0.0,0.0,0.0,0.0,0.0,0.0,0.0,0.0,0.0
-1380.0,-568.0,0.0,0.0,0.0,0.0,0.0,0.0,0.0,0.0,0.0,0.0
-1378.0,-568.0,0.0,0.0,0.0,0.0,0.0,0.0,0.0,0.0,0.0,0.0
-1376.0,-568.0,0.0,0.0,0.0,0.0,0.0,0.0,0.0,0.0,0.0,0.0
-1374.0,-568.0,0.0,0.0,0.0,0.0,0.0,0.0,0.0,0.0,0.0,0.0
-1372.0,-568.0,0.0,0.0,0.0,0.0,0.0,0.0,0.0,0.0,0.0,0.0
-1370.0,-568.0,-124.151,1.45694e-06,88.9288,-3.10301,91.0712,-10.5116,-1318.1,-615.196,-1169.76,-578.855
-1368.0,-568.0,-124.09,1.45027e-06,88.9239,-3.11729,91.0761,-10.5259,-1318.2,-615.199,-1169.76,-578.796
-1366.0,-568.0,-124.028,1.44361e-06,88.9189,-3.13169,91.0811,-10.5403,-1318.3,-615.202,-1169.77,-578.736
-1364.0,-568.0,-123.965,1.43695e-06,88.9139,-3.14623,91.0861,-10.5548,-1318.4,-615.205,-1169.78,-578.676
-1362.0,-568.0,-123.902,1.43029e-06,88.9088,-3.16091,91.0912,-10.5695,-1318.5,-615.208,-1169.78,-578.615
-1360.0,-568.0,-123.837,1.42363e-06,88.9037,-3.17572,91.0963,-10.5843,-1318.6,-615.21,-1169.79,-578.554
-1358.0,-568.0,-123.771,1.41696e-06,88.8986,-3.19067,91.1014,-10.5993,-1318.7,-615.213,-1169.79,-578.492
-1356.0,-568.0,-123.705,1.4103e-06,88.8934,-3.20577,91.1066,-10.6143,-1318.8,-615.216,-1169.8,-578.429
-1354.0,-568.0,-123.637,1.40364e-06,88.8881,-3.221,91.1119,-10.6296,-1318.91,-615.219,-1169.8,-578.366
-1352.0,-568.0,-123.569,1.39698e-06,88.8828,-3.23638,91.1172,-10.645,-1319.01,-615.222,-1169.81,-578.302
-1350.0,-568.0,-123.5,1.39032e-06,88.8775,-3.25191,91.1225,-10.6605,-1319.12,-615.225,-1169.82,-578.238
-1348.0,-568.0,-123.429,1.38366e-06,88.8721,-3.26759,91.1279,-10.6762,-1319.22,-615.228,-1169.82,-578.173
-1346.0,-568.0,-123.354,1.37701e-06,88.8441,-3.28342,91.1559,-10.692,-1319.33,-615.231,-1169.83,-578.107
-1344.0,-568.0,-123.277,1.37036e-06,88.8149,-3.29941,91.1851,-10.708,-1319.44,-615.234,-1169.83,-578.041
-1342.0,-568.0,-123.199,1.36371e-06,88.7855,-3.31555,91.2145,-10.7241,-1319.54,-615.237,-1169.84,-577.974
-1340.0,-568.0,-123.12,1.35706e-06,88.7557,-3.33185,91.2443,-10.7404,-1319.65,-615.24,-1169.85,-577.906
-1338.0,-568.0,-123.042,1.3504e-06,88.7367,-3.34831,91.2633,-10.7569,-1319.76,-615.244,-1169.85,-577.838
-1336.0,-568.0,-122.965,1.34374e-06,88.7304,-3.36493,91.2696,-10.7735,-1319.87,-615.247,-1169.86,-577.768
-1334.0,-568.0,-122.887,1.33708e-06,88.7241,-3.38172,91.2759,-10.7903,-1319.98,-615.25,-1169.87,-577.699
-1332.0,-568.0,-122.808,1.33042e-06,88.7177,-3.39868,91.2823,-10.8073,-1320.1,-615.253,-1169.87,-577.628
-1330.0,-568.0,-122.728,1.32376e-06,88.7112,-3.4158,91.2888,-10.8244,-1320.21,-615.256,-1169.88,-577.557
-1328.0,-568.0,-122.646,1.3171e-06,88.7047,-3.43311,91.2953,-10.8417,-1320.32,-615.259,-1169.89,-577.485
-1326.0,-568.0,-122.564,1.31044e-06,88.6981,-3.45058,91.3019,-10.8592,-1320.44,-615.263,-1169.89,-577.413
-1324.0,-568.0,-122.48,1.30379e-06,88.69,-3.46824,91.31,-10.8768,-1320.55,-615.266,-1169.9,-577.339
-1322.0,-568.0,-122.393,1.29713e-06,88.6709,-3.48608,91.3291,-10.8947,-1320.67,-615.269,-1169.91,-577.265
-1320.0,-568.0,-122.305,1.29048e-06,88.6515,-3.5041,91.3485,-10.9127,-1320.79,-615.273,-1169.91,-577.19
-1318.0,-568.0,-122.215,1.28383e-06,88.6319,-3.52231,91.3681,-10.9309,-1320.9,-615.276,-1169.92,-577.115
-1316.0,-568.0,-122.125,1.27718e-06,88.6122,-3.5407,91.3878,-10.9493,-1321.02,-615.279,-1169.93,-577.038
-1314.0,-568.0,-122.033,1.27052e-06,88.5922,-3.5593,91.4078,-10.9679,-1321.14,-615.283,-1169.94,-576.961
-1312.0,-568.0,-121.94,1.26387e-06,88.572,-3.57808,91.428,-10.9867,-1321.26,-615.286,-1169.94,-576.883
-1310.0,-568.0,-121.846,1.25722e-06,88.5516,-3.59707,91.4484,-11.0057,-1321.38,-615.29,-1169.95,-576.804
-1308.0,-568.0,-121.748,1.25058e-06,88.521,-3.61626,91.479,-11.0248,-1321.51,-615.293,-1169.96,-576.724
-1306.0,-568.0,-121.649,1.24393e-06,88.4871,-3.63565,91.5129,-11.0442,-1321.63,-615.297,-1169.97,-576.644
-1304.0,-568.0,-121.549,1.23729e-06,88.4529,-3.65526,91.5471,-11.0638,-1321.75,-615.3,-1169.97,-576.562
-1302.0,-568.0,-121.447,1.23065e-06,88.4183,-3.67507,91.5817,-11.0837,-1321.88,-615.304,-1169.98,-576.48
-1300.0,-568.0,-121.345,1.224e-06,88.3869,-3.6951,91.6131,-11.1037,-1322.01,-615.307,-1169.99,-576.396
-1298.0,-568.0,-121.244,1.21736e-06,88.3648,-3.71535,91.6352,-11.1239,-1322.13,-615.311,-1170.0,-576.312
-1296.0,-568.0,-121.142,1.21071e-06,88.3425,-3.73583,91.6575,-11.1444,-1322.26,-615.314,-1170.0,-576.227
-1294.0,-568.0,-121.038,1.20406e-06,88.3199,-3.75653,91.6801,-11.1651,-1322.39,-615.318,-1170.01,-576.141
-1292.0,-568.0,-120.933,1.19741e-06,88.2971,-3.77746,91.7029,-11.186,-1322.52,-615.322,-1170.02,-576.054
-1290.0,-568.0,-127.59,1.19123e-06,96.3438,-4.34435,92.0445,-11.1857,-1322.52,-615.322,-1276.52,-569.024
-1288.0,-568.0,-109.974,5.49957e-07,86.2315,-131.563,93.7685,-43.8607,-1381.69,-617.595,-1330.15,-615.539
-1286.0,-568.0,-116.857,5.54416e-07,86.2327,-132.114,93.7673,-43.396,-1381.4,-617.583,-1328.94,-615.504
-1284.0,-568.0,-125.826,5.58936e-07,86.2342,-132.938,93.7658,-43.396,-1381.4,-617.583,-1328.18,-615.483
-1282.0,-568.0,-127.326,1.16466e-06,96.4334,-4.44445,92.1467,-11.2723,-1323.05,-615.337,-1268.83,-569.024
-1280.0,-568.0,-118.269,4.91044e-07,85.6467,-143.146,94.3533,35.5318,-1385.82,-589.876,-1344.05,-616.008
-1278.0,-568.0,-116.938,4.96406e-07,85.6612,-143.609,94.3388,35.0685,-1385.57,-589.868,-1343.08,-615.967
-1276.0,-568.0,-113.439,5.01799e-07,85.6757,-144.063,94.3243,34.6151,-1385.31,-589.86,-1342.12,-615.927
-1274.0,-568.0,-110.708,5.07224e-07,85.6901,-144.506,94.3099,34.1715,-1385.05,-589.853,-1341.15,-615.886
-1272.0,-568.0,-109.126,5.12677e-07,85.7044,-144.941,94.2956,33.7372,-1384.79,-589.845,-1340.18,-615.845
-1270.0,-568.0,-108.24,5.1816e-07,85.7187,-145.366,94.2813,33.3121,-1384.54,-589.837,-1339.21,-615.804
-1268.0,-568.0,-110.487,4.93451e-07,85.4711,-152.239,94.5289,-22.9343,-1360.53,-616.703,-1360.53,-616.703
-1266.0,-568.0,-111.153,4.9937e-07,85.4925,-152.597,94.5075,-22.5765,-1359.89,-616.676,-1359.89,-616.676
-1264.0,-568.0,-107.575,5.34831e-07,85.7616,-147.289,94.2384,32.9614,-1384.32,-589.83,-1338.38,-615.772
-1262.0,-568.0,-107.434,5.40462e-07,85.7785,-147.673,94.2215,32.578,-1384.07,-589.823,-1337.45,-615.746
-1260.0,-568.0,-107.379,5.46097e-07,85.8221,-148.048,94.1779,32.2026,-1383.83,-589.815,-1336.51,-615.719
-1258.0,-568.0,-107.386,5.51756e-07,85.865,-148.416,94.135,31.8349,-1383.58,-589.808,-1335.57,-615.692
-1256.0,-568.0,-107.246,5.29169e-07,85.6882,-154.265,94.3118,-20.9088,-1356.7,-616.541,-1356.7,-616.541
-1254.0,-568.0,-106.984,5.35172e-07,85.7366,-154.576,94.2634,-20.5977,-1356.06,-616.514,-1356.06,-616.514
-1252.0,-568.0,-106.827,5.41202e-07,85.767,-154.88,94.233,-20.2936,-1355.41,-616.487,-1355.41,-616.487
-1250.0,-568.0,-106.74,5.47256e-07,85.7843,-155.177,94.2157,-19.9961,-1354.77,-616.46,-1354.77,-616.46
-1248.0,-568.0,-106.7,5.53324e-07,85.8014,-155.468,94.1986,-19.7053,-1354.12,-616.433,-1354.12,-616.433
-1246.0,-568.0,-106.693,5.59407e-07,85.8182,-155.753,94.1818,-19.4207,-1353.47,-616.405,-1353.47,-616.405
-1244.0,-568.0,-106.709,5.65502e-07,85.8347,-156.031,94.1653,-19.1423,-1352.82,-616.378,-1352.82,-616.378
-1242.0,-568.0,-106.742,5.71611e-07,85.851,-156.304,94.149,-18.8698,-1352.16,-616.35,-1352.16,-616.35
-1240.0,-568.0,-106.788,5.77733e-07,85.867,-156.57,94.133,-18.6032,-1351.51,-616.322,-1351.51,-616.322
-1238.0,-568.0,-106.843,5.83861e-07,85.8894,-156.831,94.1106,-18.3421,-1350.85,-616.295,-1350.85,-616.295
-1236.0,-568.0,-106.905,5.89987e-07,85.9322,-157.087,94.0678,-18.0865,-1350.19,-616.267,-1350.19,-616.267
-1234.0,-568.0,-106.972,5.96124e-07,85.9741,-157.337,94.0259,-17.8361,-1349.53,-616.239,-1349.53,-616.239
-1232.0,-568.0,-107.044,6.02273e-07,86.0153,-157.582,93.9847,-17.5909,-1348.87,-616.211,-1348.87,-616.211
-1230.0,-568.0,-107.12,6.08432e-07,86.0557,-157.823,93.9443,-17.3507,-1348.2,-616.183,-1348.2,-616.183
-1228.0,-568.0,-107.198,6.14603e-07,86.0954,-158.058,93.9046,-17.1153,-1347.54,-616.155,-1347.54,-616.155
-1226.0,-568.0,-107.28,6.20784e-07,86.1343,-158.289,93.8657,-16.8846,-1346.87,-616.127,-1346.87,-616.127
-1224.0,-568.0,-107.363,6.26974e-07,86.1725,-158.515,93.8275,-16.6585,-1346.2,-616.099,-1346.2,-616.099
-1222.0,-568.0,-107.448,6.33175e-07,86.2101,-158.736,93.7899,-16.4369,-1345.53,-616.07,-1345.53,-616.07
-1220.0,-568.0,-107.535,6.39385e-07,86.2469,-158.954,93.7531,-16.2195,-1344.85,-616.042,-1344.85,-616.042
-1218.0,-568.0,-107.623,6.45605e-07,86.2831,-159.167,93.7169,-16.0064,-1344.18,-616.014,-1344.18,-616.014
-1216.0,-568.0,-107.713,6.51833e-07,86.3187,-159.376,93.6813,-15.7973,-1343.5,-615.985,-1343.5,-615.985
-1214.0,-568.0,-107.804,6.58056e-07,86.373,-159.581,93.627,-15.5923,-1342.82,-615.956,-1342.82,-615.956
-1212.0,-568.0,-107.896,6.64267e-07,86.4557,-159.782,93.5443,-15.391,-1342.14,-615.928,-1342.14,-615.928
-1210.0,-568.0,-107.989,6.70487e-07,86.5369,-159.98,93.4631,-15.1936,-1341.46,-615.899,-1341.46,-615.899
-1208.0,-568.0,-108.084,6.76716e-07,86.6166,-160.174,93.3834,-14.9998,-1340.77,-615.87,-1340.77,-615.87
-1206.0,-568.0,-108.181,6.82954e-07,86.6948,-160.364,93.3052,-14.8096,-1340.08,-615.841,-1340.08,-615.841
-1204.0,-568.0,-108.278,6.89187e-07,86.7925,-160.55,93.2075,-14.6229,-1339.4,-615.812,-1339.4,-615.812
-1202.0,-568.0,-108.378,6.95427e-07,86.891,-160.734,93.109,-14.4395,-1338.71,-615.783,-1338.71,-615.783
-1600.0,-566.0,-107.566,6.76955e-07,90.5923,-9.64805,89.4077,170.352,-1600.0,-566.0,-1400.0,-600.0
-1598.0,-566.0,-107.481,6.70374e-07,90.574,-9.74364,89.426,170.256,-1598.0,-566.0,-1400.0,-600.0
-1596.0,-566.0,-107.395,6.63795e-07,90.5554,-9.84113,89.4446,170.159,-1596.0,-566.0,-1400.0,-600.0
-1594.0,-566.0,-107.308,6.57219e-07,90.5364,-9.94057,89.4636,170.059,-1594.0,-566.0,-1400.0,-600.0
-1592.0,-566.0,-107.221,6.50644e-07,90.517,-10.042,89.483,169.958,-1592.0,-566.0,-1400.0,-600.0
-1590.0,-566.0,-107.132,6.44072e-07,90.4972,-10.1455,89.5028,169.854,-1590.0,-566.0,-1400.0,-600.0
-1588.0,-566.0,-107.043,6.37502e-07,90.477,-10.2512,89.523,169.749,-1588.0,-566.0,-1400.0,-600.0
-1586.0,-566.0,-106.953,6.30934e-07,90.4564,-10.3591,89.5436,169.641,-1586.0,-566.0,-1400.0,-600.0
-1584.0,-566.0,-106.862,6.24366e-07,90.4029,-10.4692,89.5971,169.531,-1584.0,-566.0,-1400.0,-600.0
-1582.0,-566.0,-106.769,6.17798e-07,90.3027,-10.5816,89.6973,169.418,-1582.0,-566.0,-1400.0,-600.0
-1580.0,-566.0,-106.676,6.11234e-07,90.2003,-10.6965,89.7997,169.303,-1580.0,-566.0,-1400.0,-600.0
-1578.0,-566.0,-115.449,6.04676e-07,90.0958,-10.9008,89.9042,169.301,-1476.53,-585.541,-1476.53,-585.541
-1576.0,-566.0,-118.088,5.98124e-07,89.9889,-11.1146,90.0111,169.301,-1476.53,-585.541,-1476.53,-585.541
-1574.0,-566.0,-120.488,5.9158e-07,89.8796,-11.3368,90.1204,169.301,-1476.53,-585.541,-1476.53,-585.541
-1572.0,-566.0,-122.622,5.85043e-07,89.7679,-11.568,90.2321,169.301,-1476.53,-585.541,-1476.53,-585.541
-1570.0,-566.0,-124.413,5.78513e-07,89.6537,-11.8086,90.3463,169.301,-1476.53,-585.541,-1476.53,-585.541
-1568.0,-566.0,-125.996,5.71992e-07,89.5369,-12.0594,90.4631,169.301,-1476.53,-585.541,-1476.53,-585.541
-1566.0,-566.0,-127.397,5.6548e-07,89.4174,-12.3208,90.5826,169.301,-1476.53,-585.541,-1476.53,-585.541
-1564.0,-566.0,-128.644,5.58977e-07,89.2951,-12.5936,90.7049,169.301,-1476.53,-585.541,-1476.53,-585.541
-1562.0,-566.0,-129.768,5.52483e-07,89.17,-12.8786,90.83,169.301,-1476.53,-585.541,-1476.53,-585.541
-1560.0,-566.0,-130.793,5.45994e-07,89.0757,-13.1766,90.9243,169.301,-1476.53,-585.541,-1476.53,-585.541
-1558.0,-566.0,-131.738,5.39511e-07,89.0048,-13.4884,90.9952,169.301,-1476.53,-585.541,-1476.53,-585.541
-1556.0,-566.0,-132.615,5.33037e-07,88.9321,-13.815,91.0679,169.301,-1476.53,-585.541,-1476.53,-585.541
-1554.0,-566.0,-133.437,5.26574e-07,88.8577,-14.1575,91.1423,169.301,-1476.53,-585.541,-1476.53,-585.541
-1552.0,-566.0,-134.213,5.20121e-07,88.7815,-14.517,91.2185,169.301,-1476.53,-585.541,-1476.53,-585.541
-1550.0,-566.0,-134.949,5.13682e-07,88.6933,-14.8949,91.3067,169.301,-1476.53,-585.541,-1476.53,-585.541
-1548.0,-566.0,-135.651,5.07261e-07,88.5813,-15.2925,91.4187,169.301,-1476.53,-585.541,-1476.53,-585.541
-1546.0,-566.0,-136.325,5.00854e-07,88.4665,-15.7113,91.5335,169.301,-1476.53,-585.541,-1476.53,-585.541
-1544.0,-566.0,-136.973,4.94463e-07,88.3487,-16.1531,91.6513,169.301,-1476.53,-585.541,-1476.53,-585.541
-1542.0,-566.0,-137.599,4.88089e-07,88.2279,-16.6197,91.7721,169.301,-1476.53,-585.541,-1476.53,-585.541
-1540.0,-566.0,-138.206,4.81733e-07,88.1039,-17.1133,91.8961,169.301,-1476.53,-585.541,-1476.53,-585.541
-1538.0,-566.0,-138.794,4.75396e-07,87.9768,-17.6361,92.0232,169.301,-1476.53,-585.541,-1476.53,-585.541
-1536.0,-566.0,-139.365,4.69058e-07,87.9212,-18.1908,92.0788,169.301,-1476.53,-585.541,-1476.53,-585.541
-1534.0,-566.0,-139.92,4.62733e-07,87.8928,-18.7801,92.1072,169.301,-1476.53,-585.541,-1476.53,-585.541
-1532.0,-566.0,-140.458,4.56431e-07,87.8637,-19.4075,92.1363,169.301,-1476.53,-585.541,-1476.53,-585.541
-1530.0,-566.0,-140.985,4.50155e-07,87.8339,-20.0764,92.1661,169.301,-1476.53,-585.541,-1476.53,-585.541
-1528.0,-566.0,-141.518,4.43905e-07,87.8034,-20.7909,92.1966,169.301,-1476.53,-585.541,-1476.53,-585.541
-1526.0,-566.0,-142.08,4.37692e-07,87.7548,-21.5557,92.2452,169.301,-1476.53,-585.541,-1476.53,-585.541
-1524.0,-566.0,-142.673,4.31519e-07,87.6852,-22.376,92.3148,169.301,-1476.53,-585.541,-1476.53,-585.541
-1522.0,-566.0,-143.277,4.25384e-07,87.6138,-23.2575,92.3862,169.301,-1476.53,-585.541,-1476.53,-585.541
-1520.0,-566.0,-143.877,4.19292e-07,87.5406,-24.207,92.4594,169.301,-1476.53,-585.541,-1476.53,-585.541
-1518.0,-566.0,-144.469,4.13248e-07,87.4656,-25.2321,92.5344,169.301,-1476.53,-585.541,-1476.53,-585.541
-1516.0,-566.0,-145.049,4.07258e-07,87.3886,-26.3414,92.6114,169.301,-1476.53,-585.541,-1476.53,-585.541
-1514.0,-566.0,-145.604,4.01328e-07,87.3097,-27.5448,92.6903,169.301,-1476.53,-585.541,-1476.53,-585.541
-1512.0,-566.0,-146.086,3.95431e-07,87.3368,-28.8536,92.6632,169.301,-1476.53,-585.541,-1476.53,-585.541
-1510.0,-566.0,-146.486,3.89606e-07,87.3799,-30.2807,92.6201,169.301,-1476.53,-585.541,-1476.53,-585.541
-1508.0,-566.0,-147.254,3.83869e-07,87.4249,-31.8408,92.5751,169.301,-1476.53,-585.541,-1476.53,-585.541
-1506.0,-566.0,-148.12,3.78233e-07,87.4719,-33.5509,92.5281,169.301,-1476.53,-585.541,-1476.53,-585.541
-1504.0,-566.0,-148.835,3.72713e-07,87.5211,-35.4301,92.4789,169.301,-1476.53,-585.541,-1476.53,-585.541
-1502.0,-566.0,-149.249,3.67326e-07,87.5727,-37.5001,92.4273,169.301,-1476.53,-585.541,-1476.53,-585.541
-1500.0,-566.0,-149.873,3.621e-07,87.6008,-39.7851,92.3992,169.301,-1476.53,-585.541,-1476.53,-585.541
-1498.0,-566.0,-151.158,3.57071e-07,87.567,-42.3121,92.433,169.301,-1476.53,-585.541,-1476.53,-585.541
-1496.0,-566.0,-151.675,3.5225e-07,87.5337,-45.1099,92.4663,169.301,-1476.53,-585.541,-1476.53,-585.541
-1494.0,-566.0,-152.626,3.47672e-07,87.5012,-48.209,92.4988,169.301,-1476.53,-585.541,-1476.53,-585.541
-1492.0,-566.0,-153.169,9.95109e-07,82.0756,-171.736,87.1347,174.316,-1593.49,-580.741,-1593.49,-580.741
-1490.0,-566.0,-153.293,1.00165e-06,82.2255,-171.793,87.1344,174.37,-1593.48,-580.926,-1593.48,-580.926
-1488.0,-566.0,-153.418,1.0082e-06,82.3698,-171.849,87.1341,174.423,-1593.48,-581.108,-1593.48,-581.108
-1486.0,-566.0,-153.545,1.01475e-06,82.5088,-171.904,87.1337,174.476,-1593.48,-581.288,-1593.48,-581.288
-1484.0,-566.0,-153.673,1.0213e-06,82.6429,-171.959,87.1334,174.528,-1593.47,-581.466,-1593.47,-581.466
-1482.0,-566.0,-153.802,1.02785e-06,82.7723,-172.012,87.1331,174.579,-1593.47,-581.641,-1593.47,-581.641
-1480.0,-566.0,-153.932,1.03441e-06,82.8973,-172.065,87.1328,174.63,-1593.46,-581.814,-1593.46,-581.814
-1478.0,-566.0,-154.064,1.041e-06,82.9863,-172.117,87.1325,174.68,-1593.46,-581.986,-1593.46,-581.986
-1476.0,-566.0,0.0,0.0,0.0,0.0,0.0,0.0,0.0,0.0,0.0,0.0
-1474.0,-566.0,0.0,0.0,0.0,0.0,0.0,0.0,0.0,0.0,0.0,0.0
-1472.0,-566.0,0.0,0.0,0.0,0.0,0.0,0.0,0.0,0.0,0.0,0.0
-1470.0,-566.0,0.0,0.0,0.0,0.0,0.0,0.0,0.0,0.0,0.0,0.0
-1468.0,-566.0,0.0,0.0,0.0,0.0,0.0,0.0,0.0,0.0,0.0,0.0
-1466.0,-566.0,0.0,0.0,0.0,0.0,0.0,0.0,0.0,0.0,0.0,0.0
-1464.0,-566.0,0.0,0.0,0.0,0.0,0.0,0.0,0.0,0.0,0.0,0.0
-1462.0,-566.0,0.0,0.0,0.0,0.0,0.0,0.0,0.0,0.0,0.0,0.0
-1460.0,-566.0,0.0,0.0,0.0,0.0,0.0,0.0,0.0,0.0,0.0,0.0
-1458.0,-566.0,-102.61,3.2048e-07,86.7457,54.7594,93.2543,127.964,-1443.05,-544.832,-1443.05,-544.832
-1456.0,-566.0,-102.511,3.16699e-07,86.6557,55.7472,93.3443,126.976,-1441.56,-544.797,-1441.56,-544.797
-1454.0,-566.0,-102.822,3.13015e-07,86.5647,56.7587,93.4353,125.964,-1440.08,-544.762,-1440.08,-544.762
-1452.0,-566.0,-103.989,3.09431e-07,86.4726,57.7942,93.5274,124.929,-1438.6,-544.727,-1438.6,-544.727
-1450.0,-566.0,-107.604,3.05951e-07,86.3796,58.8538,93.6204,123.869,-1437.12,-544.691,-1437.12,-544.691
-1448.0,-566.0,-106.639,3.19733e-07,86.4852,-59.1097,93.5148,120.919,-1433.18,-544.598,-1446.24,-568.948
-1446.0,-566.0,-104.803,2.99317e-07,86.1911,61.0458,93.8089,121.677,-1434.17,-544.621,-1434.17,-544.621
-1444.0,-566.0,-102.826,2.9617e-07,86.096,62.1782,93.904,120.545,-1432.7,-544.586,-1432.7,-544.586
-1442.0,-566.0,-102.115,2.93141e-07,86.0004,63.3346,93.9996,119.388,-1431.23,-544.551,-1431.23,-544.551
-1440.0,-566.0,-101.938,2.90235e-07,85.9046,64.515,94.0954,118.208,-1429.76,-544.517,-1429.76,-544.517
-1438.0,-566.0,-117.0,4.19293e-07,87.1279,-71.0882,92.8721,-103.963,-1404.61,-618.561,-1437.06,-568.732
-1436.0,-566.0,-113.136,3.99954e-07,86.9485,73.9297,93.0515,-103.963,-1404.61,-618.561,-1429.81,-544.518
-1434.0,-566.0,-118.326,7.00455e-07,88.2351,75.4275,91.7649,113.553,-1429.64,-532.017,-1412.74,-484.204
-1432.0,-566.0,-130.665,6.70274e-07,88.1315,81.7207,91.8685,79.7933,-1396.62,-581.218,-1420.16,-484.607
-1430.0,-566.0,-114.768,6.69394e-07,88.1049,82.7647,91.8951,80.028,-1396.63,-580.833,-1419.66,-484.58
-1428.0,-566.0,-114.207,1.48704e-07,81.3293,-46.1026,98.6707,129.101,-1425.63,-568.463,-1425.63,-568.463
-1426.0,-566.0,-94.1373,1.44611e-07,80.969,-52.5946,99.031,127.405,-1426.0,-566.0,-1400.0,-600.0
-1424.0,-566.0,-93.9023,1.40754e-07,80.6032,-54.7824,99.3968,125.218,-1424.0,-566.0,-1400.0,-600.0
-1422.0,-566.0,-93.6746,1.37115e-07,80.232,-57.0948,99.768,122.905,-1422.0,-566.0,-1400.0,-600.0
-1420.0,-566.0,-93.4561,1.3371e-07,79.8582,-59.5345,100.142,120.466,-1420.0,-566.0,-1400.0,-600.0
-1418.0,-566.0,-93.2471,1.30533e-07,79.5455,-62.1027,100.454,117.897,-1418.0,-566.0,-1400.0,-600.0
-1416.0,-566.0,-93.0496,1.276e-07,79.3025,-64.7989,100.698,115.201,-1416.0,-566.0,-1400.0,-600.0
-1414.0,-566.0,-92.8675,1.24955e-07,79.0733,-67.6199,100.927,112.38,-1414.0,-566.0,-1400.0,-600.0
-1412.0,-566.0,-92.7033,1.22617e-07,78.8623,-70.56,101.138,109.44,-1412.0,-566.0,-1400.0,-600.0
-1410.0,-566.0,-92.5594,1.20602e-07,78.6738,-73.6105,101.326,106.39,-1410.0,-566.0,-1400.0,-600.0
-1408.0,-566.0,-92.4389,1.18942e-07,78.4813,-76.7595,101.519,103.241,-1408.0,-566.0,-1400.0,-600.0
-1406.0,-566.0,-92.3463,1.17682e-07,78.2161,-79.992,101.784,100.008,-1406.0,-566.0,-1400.0,-600.0
-1404.0,-566.0,-92.2802,1.1679e-07,77.9837,-83.2902,102.016,96.7098,-1404.0,-566.0,-1400.0,-600.0
-1402.0,-566.0,-92.2419,1.16276e-07,77.7878,-86.6335,102.212,93.3665,-1402.0,-566.0,-1400.0,-600.0
-1400.0,-566.0,-92.232,1.16144e-07,77.6316,-90.0,102.368,90.0,-1400.0,-566.0,-1400.0,-600.0
-1398.0,-566.0,-92.2509,1.16396e-07,77.5168,-93.3665,102.483,86.6335,-1398.0,-566.0,-1400.0,-600.0
-1396.0,-566.0,0.0,0.0,0.0,0.0,0.0,0.0,0.0,0.0,0.0,0.0
-1394.0,-566.0,0.0,0.0,0.0,0.0,0.0,0.0,0.0,0.0,0.0,0.0
-1392.0,-566.0,0.0,0.0,0.0,0.0,0.0,0.0,0.0,0.0,0.0,0.0
-1390.0,-566.0,0.0,0.0,0.0,0.0,0.0,0.0,0.0,0.0,0.0,0.0
-1388.0,-566.0,0.0,0.0,0.0,0.0,0.0,0.0,0.0,0.0,0.0,0.0
-1386.0,-566.0,0.0,0.0,0.0,0.0,0.0,0.0,0.0,0.0,0.0,0.0
-1384.0,-566.0,0.0,0.0,0.0,0.0,0.0,0.0,0.0,0.0,0.0,0.0
-1382.0,-566.0,0.0,0.0,0.0,0.0,0.0,0.0,0.0,0.0,0.0,0.0
-1380.0,-566.0,0.0,0.0,0.0,0.0,0.0,0.0,0.0,0.0,0.0,0.0
-1378.0,-566.0,0.0,0.0,0.0,0.0,0.0,0.0,0.0,0.0,0.0,0.0
-1376.0,-566.0,0.0,0.0,0.0,0.0,0.0,0.0,0.0,0.0,0.0,0.0
-1374.0,-566.0,0.0,0.0,0.0,0.0,0.0,0.0,0.0,0.0,0.0,0.0
-1372.0,-566.0,0.0,0.0,0.0,0.0,0.0,0.0,0.0,0.0,0.0,0.0
-1370.0,-566.0,0.0,0.0,0.0,0.0,0.0,0.0,0.0,0.0,0.0,0.0
-1368.0,-566.0,0.0,0.0,0.0,0.0,0.0,0.0,0.0,0.0,0.0,0.0
-1366.0,-566.0,0.0,0.0,0.0,0.0,0.0,0.0,0.0,0.0,0.0,0.0
-1364.0,-566.0,0.0,0.0,0.0,0.0,0.0,0.0,0.0,0.0,0.0,0.0
-1362.0,-566.0,0.0,0.0,0.0,0.0,0.0,0.0,0.0,0.0,0.0,0.0
-1360.0,-566.0,0.0,0.0,0.0,0.0,0.0,0.0,0.0,0.0,0.0,0.0
-1358.0,-566.0,0.0,0.0,0.0,0.0,0.0,0.0,0.0,0.0,0.0,0.0
-1356.0,-566.0,-123.188,1.41069e-06,88.9025,-3.47644,91.0975,-10.885,-1320.61,-615.267,-1169.9,-577.305
-1354.0,-566.0,-123.109,1.40403e-06,88.8972,-3.49295,91.1028,-10.9015,-1320.71,-615.27,-1169.91,-577.237
-1352.0,-566.0,-123.03,1.39737e-06,88.892,-3.50963,91.108,-10.9182,-1320.82,-615.274,-1169.92,-577.167
-1350.0,-566.0,-122.949,1.39071e-06,88.8867,-3.52646,91.1133,-10.935,-1320.93,-615.277,-1169.92,-577.097
-1348.0,-566.0,-122.868,1.38405e-06,88.8813,-3.54346,91.1187,-10.952,-1321.04,-615.28,-1169.93,-577.027
-1346.0,-566.0,-122.782,1.3774e-06,88.8534,-3.56062,91.1466,-10.9692,-1321.15,-615.283,-1169.94,-576.956
-1344.0,-566.0,-122.695,1.37075e-06,88.8243,-3.57795,91.1757,-10.9865,-1321.26,-615.286,-1169.94,-576.884
-1342.0,-566.0,-122.606,1.3641e-06,88.7949,-3.59544,91.2051,-11.004,-1321.37,-615.289,-1169.95,-576.811
-1340.0,-566.0,-122.517,1.35746e-06,88.7652,-3.61311,91.2348,-11.0217,-1321.49,-615.292,-1169.96,-576.737
-1338.0,-566.0,-122.427,1.35081e-06,88.7353,-3.63095,91.2647,-11.0395,-1321.6,-615.296,-1169.96,-576.663
-1336.0,-566.0,-122.338,1.34416e-06,88.7216,-3.64897,91.2784,-11.0576,-1321.71,-615.299,-1169.97,-576.588
-1334.0,-566.0,-122.25,1.3375e-06,88.7152,-3.66717,91.2848,-11.0758,-1321.83,-615.302,-1169.98,-576.513
-1332.0,-566.0,-122.16,1.33084e-06,88.7088,-3.68555,91.2912,-11.0941,-1321.95,-615.305,-1169.98,-576.436
-1330.0,-566.0,-122.07,1.32418e-06,88.7023,-3.70412,91.2977,-11.1127,-1322.06,-615.309,-1169.99,-576.359
-1328.0,-566.0,-121.979,1.31753e-06,88.6957,-3.72287,91.3043,-11.1315,-1322.18,-615.312,-1170.0,-576.281
-1326.0,-566.0,-121.887,1.31087e-06,88.6891,-3.74182,91.3109,-11.1504,-1322.3,-615.316,-1170.01,-576.202
-1324.0,-566.0,-121.794,1.30421e-06,88.681,-3.76095,91.319,-11.1695,-1322.42,-615.319,-1170.01,-576.122
-1322.0,-566.0,-121.698,1.29756e-06,88.6618,-3.78029,91.3382,-11.1889,-1322.54,-615.322,-1170.02,-576.042
-1320.0,-566.0,-121.601,1.29091e-06,88.6424,-3.79982,91.3576,-11.2084,-1322.66,-615.326,-1170.03,-575.961
-1318.0,-566.0,-121.503,1.28426e-06,88.6228,-3.81956,91.3772,-11.2281,-1322.78,-615.329,-1170.04,-575.878
-1316.0,-566.0,-121.404,1.27761e-06,88.603,-3.8395,91.397,-11.2481,-1322.9,-615.333,-1170.04,-575.795
-1314.0,-566.0,-121.304,1.27096e-06,88.583,-3.85965,91.417,-11.2682,-1323.03,-615.336,-1170.05,-575.712
-1312.0,-566.0,-121.203,1.26431e-06,88.5627,-3.88002,91.4373,-11.2886,-1323.15,-615.34,-1170.06,-575.627
-1310.0,-566.0,-121.101,1.25767e-06,88.5354,-3.90059,91.4646,-11.3092,-1323.28,-615.343,-1170.07,-575.541
-1308.0,-566.0,-120.996,1.25103e-06,88.5018,-3.92139,91.4982,-11.33,-1323.4,-615.347,-1170.08,-575.454
-1306.0,-566.0,-120.891,1.24439e-06,88.4678,-3.94241,91.5322,-11.351,-1323.53,-615.351,-1170.08,-575.367
-1304.0,-566.0,-120.784,1.23775e-06,88.4335,-3.96366,91.5665,-11.3722,-1323.66,-615.354,-1170.09,-575.278
-1302.0,-566.0,-120.677,1.23111e-06,88.3988,-3.98514,91.6012,-11.3937,-1323.79,-615.358,-1170.1,-575.189
-1300.0,-566.0,-120.569,1.22447e-06,88.3673,-4.00685,91.6327,-11.4154,-1323.92,-615.362,-1170.11,-575.098
-1298.0,-566.0,-120.463,1.21782e-06,88.3451,-4.0288,91.6549,-11.4374,-1324.05,-615.365,-1170.12,-575.007
-1296.0,-566.0,-120.355,1.21117e-06,88.3227,-4.05099,91.6773,-11.4596,-1324.18,-615.369,-1170.13,-574.915
-1294.0,-566.0,-120.247,1.20453e-06,88.3001,-4.07342,91.6999,-11.482,-1324.32,-615.373,-1170.14,-574.821
-1292.0,-566.0,-120.139,1.19788e-06,88.2771,-4.09611,91.7229,-11.5047,-1324.45,-615.377,-1170.14,-574.726
-1290.0,-566.0,-148.386,1.19152e-06,88.2544,-4.84716,91.7456,-9.41385,-1309.77,-614.96,-1170.01,-576.175
-1288.0,-566.0,-130.822,5.5503e-07,86.2213,-130.527,93.7787,-43.396,-1381.4,-617.583,-1330.35,-615.544
-1286.0,-566.0,-110.074,5.59405e-07,86.222,-131.622,93.778,-43.8026,-1381.66,-617.593,-1330.01,-615.535
-1284.0,-566.0,-118.0,5.63869e-07,86.2233,-132.192,93.7767,-43.396,-1381.4,-617.583,-1328.87,-615.502
-1282.0,-566.0,-126.457,5.68394e-07,86.2249,-132.993,93.7751,-43.396,-1381.4,-617.583,-1328.13,-615.481
-1280.0,-566.0,-131.565,5.72986e-07,86.227,-133.773,93.773,-43.396,-1381.4,-617.583,-1327.39,-615.46
-1278.0,-566.0,-118.263,5.00415e-07,85.6465,-142.992,94.3535,35.6854,-1385.91,-589.879,-1344.36,-616.021
-1276.0,-566.0,-117.965,5.05766e-07,85.6606,-143.449,94.3394,35.229,-1385.66,-589.871,-1343.42,-615.982
-1274.0,-566.0,-114.958,5.11149e-07,85.6747,-143.896,94.3253,34.7823,-1385.41,-589.863,-1342.48,-615.942
-1272.0,-566.0,-111.82,5.16561e-07,85.6888,-144.333,94.3112,34.3448,-1385.15,-589.856,-1341.53,-615.902
-1270.0,-566.0,-109.871,5.22003e-07,85.7028,-144.761,94.2972,33.9165,-1384.9,-589.848,-1340.58,-615.862
-1268.0,-566.0,-108.762,5.27474e-07,85.7168,-145.181,94.2832,33.4971,-1384.65,-589.84,-1339.63,-615.822
-1266.0,-566.0,-108.131,5.32972e-07,85.7307,-145.592,94.2693,33.0863,-1384.39,-589.832,-1338.68,-615.782
-1264.0,-566.0,-110.851,5.08402e-07,85.4921,-152.274,94.5079,-22.8991,-1360.46,-616.7,-1360.46,-616.7
-1262.0,-566.0,-111.397,5.14304e-07,85.5392,-152.621,94.4608,-22.5522,-1359.85,-616.674,-1359.85,-616.674
-1260.0,-566.0,-107.701,5.49664e-07,85.8267,-147.456,94.1733,32.7944,-1384.21,-589.827,-1337.98,-615.761
-1258.0,-566.0,-107.603,5.55287e-07,85.869,-147.828,94.131,32.423,-1383.97,-589.819,-1337.06,-615.735
-1256.0,-566.0,-107.575,5.60932e-07,85.9107,-148.192,94.0893,32.0591,-1383.73,-589.812,-1336.15,-615.709
-1254.0,-566.0,-107.599,5.666e-07,85.9516,-148.548,94.0484,31.7026,-1383.49,-589.805,-1335.23,-615.683
-1252.0,-566.0,-107.523,5.44077e-07,85.7666,-154.242,94.2334,-20.9316,-1356.75,-616.543,-1356.75,-616.543
-1250.0,-566.0,-107.256,5.50099e-07,85.7836,-154.545,94.2164,-20.6287,-1356.12,-616.517,-1356.12,-616.517
-1248.0,-566.0,-107.093,5.56137e-07,85.8003,-154.841,94.1997,-20.3324,-1355.5,-616.491,-1355.5,-616.491
-1246.0,-566.0,-107.0,5.62189e-07,85.8168,-155.131,94.1832,-20.0425,-1354.87,-616.464,-1354.87,-616.464
-1244.0,-566.0,-106.954,5.68255e-07,85.8331,-155.415,94.1669,-19.7588,-1354.24,-616.438,-1354.24,-616.438
-1242.0,-566.0,-106.942,5.74334e-07,85.8491,-155.692,94.1509,-19.4811,-1353.61,-616.411,-1353.61,-616.411
-1240.0,-566.0,-106.953,5.80427e-07,85.8651,-155.964,94.1349,-19.2092,-1352.97,-616.384,-1352.97,-616.384
-1238.0,-566.0,-106.981,5.86512e-07,85.908,-156.23,94.092,-18.943,-1352.34,-616.358,-1352.34,-616.358
-1236.0,-566.0,-107.022,5.9261e-07,85.9502,-156.491,94.0498,-18.6823,-1351.7,-616.331,-1351.7,-616.331
-1234.0,-566.0,-107.073,5.98721e-07,85.9916,-156.746,94.0084,-18.4269,-1351.07,-616.304,-1351.07,-616.304
-1232.0,-566.0,-107.131,6.04843e-07,86.0323,-156.997,93.9677,-18.1767,-1350.43,-616.277,-1350.43,-616.277
-1230.0,-566.0,-107.195,6.10977e-07,86.0722,-157.242,93.9278,-17.9316,-1349.78,-616.25,-1349.78,-616.25
-1228.0,-566.0,-107.263,6.17122e-07,86.1113,-157.482,93.8887,-17.6913,-1349.14,-616.223,-1349.14,-616.223
-1226.0,-566.0,-107.335,6.23277e-07,86.1498,-157.717,93.8502,-17.4559,-1348.5,-616.196,-1348.5,-616.196
-1224.0,-566.0,-107.41,6.29444e-07,86.1876,-157.948,93.8124,-17.225,-1347.85,-616.168,-1347.85,-616.168
-1222.0,-566.0,-107.488,6.35621e-07,86.2247,-158.175,93.7753,-16.9987,-1347.2,-616.141,-1347.2,-616.141
-1220.0,-566.0,-107.568,6.41807e-07,86.2611,-158.397,93.7389,-16.7767,-1346.55,-616.114,-1346.55,-616.114
-1218.0,-566.0,-107.649,6.48003e-07,86.2969,-158.614,93.7031,-16.559,-1345.9,-616.086,-1345.9,-616.086
-1216.0,-566.0,-107.733,6.54203e-07,86.3401,-158.828,93.6599,-16.3455,-1345.25,-616.059,-1345.25,-616.059
-1214.0,-566.0,-107.817,6.60383e-07,86.4234,-159.037,93.5766,-16.1359,-1344.59,-616.031,-1344.59,-616.031
-1212.0,-566.0,-107.903,6.66572e-07,86.5051,-159.243,93.4949,-15.9303,-1343.93,-616.003,-1343.93,-616.003
-1210.0,-566.0,-107.99,6.72771e-07,86.5854,-159.445,93.4146,-15.7286,-1343.27,-615.975,-1343.27,-615.975
-1208.0,-566.0,-108.079,6.7898e-07,86.6643,-159.643,93.3357,-15.5305,-1342.61,-615.948,-1342.61,-615.948
-1206.0,-566.0,-108.169,6.85198e-07,86.7418,-159.837,93.2582,-15.3361,-1341.95,-615.92,-1341.95,-615.92
-1204.0,-566.0,-108.26,6.9141e-07,86.8386,-160.028,93.1614,-15.1452,-1341.29,-615.892,-1341.29,-615.892
-1202.0,-566.0,-108.352,6.97631e-07,86.9363,-160.216,93.0637,-14.9577,-1340.62,-615.864,-1340.62,-615.864
-1600.0,-564.0,-107.581,6.78105e-07,90.5913,-10.204,89.4087,169.796,-1600.0,-564.0,-1400.0,-600.0
-1598.0,-564.0,-107.496,6.71536e-07,90.573,-10.3048,89.427,169.695,-1598.0,-564.0,-1400.0,-600.0
-1596.0,-564.0,-107.411,6.64968e-07,90.5544,-10.4077,89.4456,169.592,-1596.0,-564.0,-1400.0,-600.0
-1594.0,-564.0,-107.324,6.58403e-07,90.5354,-10.5126,89.4646,169.487,-1594.0,-564.0,-1400.0,-600.0
-1592.0,-564.0,-107.237,6.51841e-07,90.5161,-10.6197,89.4839,169.38,-1592.0,-564.0,-1400.0,-600.0
-1590.0,-564.0,-113.943,6.45281e-07,90.4963,-10.7493,89.5037,169.301,-1476.53,-585.541,-1476.53,-585.541
-1588.0,-564.0,-116.485,6.38724e-07,90.4761,-10.9376,89.5239,169.301,-1476.53,-585.541,-1476.53,-585.541
-1586.0,-564.0,-118.909,6.32172e-07,90.4555,-11.1325,89.5445,169.301,-1476.53,-585.541,-1476.53,-585.541
-1584.0,-564.0,-121.094,6.25622e-07,90.4021,-11.3343,89.5979,169.301,-1476.53,-585.541,-1476.53,-585.541
-1582.0,-564.0,-123.055,6.19074e-07,90.3021,-11.5435,89.6979,169.301,-1476.53,-585.541,-1476.53,-585.541
-1580.0,-564.0,-124.721,6.12533e-07,90.1999,-11.7605,89.8001,169.301,-1476.53,-585.541,-1476.53,-585.541
-1578.0,-564.0,-126.208,6.06e-07,90.0956,-11.9857,89.9044,169.301,-1476.53,-585.541,-1476.53,-585.541
-1576.0,-564.0,-127.536,5.99474e-07,89.9889,-12.2195,90.0111,169.301,-1476.53,-585.541,-1476.53,-585.541
-1574.0,-564.0,-128.722,5.92956e-07,89.8799,-12.4625,90.1201,169.301,-1476.53,-585.541,-1476.53,-585.541
-1572.0,-564.0,-129.796,5.86446e-07,89.7685,-12.7152,90.2315,169.301,-1476.53,-585.541,-1476.53,-585.541
-1570.0,-564.0,-130.777,5.79946e-07,89.6546,-12.9781,90.3454,169.301,-1476.53,-585.541,-1476.53,-585.541
-1568.0,-564.0,-131.682,5.73454e-07,89.5381,-13.252,90.4619,169.301,-1476.53,-585.541,-1476.53,-585.541
-1566.0,-564.0,-132.524,5.66973e-07,89.419,-13.5375,90.581,169.301,-1476.53,-585.541,-1476.53,-585.541
-1564.0,-564.0,-133.312,5.60502e-07,89.2971,-13.8353,90.7029,169.301,-1476.53,-585.541,-1476.53,-585.541
-1562.0,-564.0,-134.055,5.54042e-07,89.1723,-14.1462,90.8277,169.301,-1476.53,-585.541,-1476.53,-585.541
-1560.0,-564.0,-134.759,5.47589e-07,89.0784,-14.471,90.9216,169.301,-1476.53,-585.541,-1476.53,-585.541
-1558.0,-564.0,-135.43,5.41142e-07,89.0078,-14.8109,90.9922,169.301,-1476.53,-585.541,-1476.53,-585.541
-1556.0,-564.0,-136.072,5.34707e-07,88.9355,-15.1667,91.0645,169.301,-1476.53,-585.541,-1476.53,-585.541
-1554.0,-564.0,-136.689,5.28284e-07,88.8614,-15.5395,91.1386,169.301,-1476.53,-585.541,-1476.53,-585.541
-1552.0,-564.0,-137.285,5.21873e-07,88.7856,-15.9307,91.2144,169.301,-1476.53,-585.541,-1476.53,-585.541
-1550.0,-564.0,-137.861,5.15477e-07,88.7079,-16.3415,91.2921,169.301,-1476.53,-585.541,-1476.53,-585.541
-1548.0,-564.0,-138.419,5.09098e-07,88.6107,-16.7735,91.3893,169.301,-1476.53,-585.541,-1476.53,-585.541
-1546.0,-564.0,-138.962,5.0274e-07,88.4968,-17.2282,91.5032,169.301,-1476.53,-585.541,-1476.53,-585.541
-1544.0,-564.0,-139.491,4.964e-07,88.3801,-17.7074,91.6199,169.301,-1476.53,-585.541,-1476.53,-585.541
-1542.0,-564.0,-140.005,4.90079e-07,88.2603,-18.2132,91.7397,169.301,-1476.53,-585.541,-1476.53,-585.541
-1540.0,-564.0,-140.505,4.83779e-07,88.1376,-18.7476,91.8624,169.301,-1476.53,-585.541,-1476.53,-585.541
-1538.0,-564.0,-140.991,4.77502e-07,88.0116,-19.313,91.9884,169.301,-1476.53,-585.541,-1476.53,-585.541
-1536.0,-564.0,-141.468,4.71228e-07,87.957,-19.9123,92.043,169.301,-1476.53,-585.541,-1476.53,-585.541
-1534.0,-564.0,-141.944,4.6497e-07,87.9295,-20.5482,92.0705,169.301,-1476.53,-585.541,-1476.53,-585.541
-1532.0,-564.0,-142.438,4.58739e-07,87.9014,-21.2242,92.0986,169.301,-1476.53,-585.541,-1476.53,-585.541
-1530.0,-564.0,-142.961,4.52538e-07,87.8726,-21.9439,92.1274,169.301,-1476.53,-585.541,-1476.53,-585.541
-1528.0,-564.0,-143.502,4.46369e-07,87.8432,-22.7115,92.1568,169.301,-1476.53,-585.541,-1476.53,-585.541
-1526.0,-564.0,-144.046,4.40236e-07,87.8131,-23.5315,92.1869,169.301,-1476.53,-585.541,-1476.53,-585.541
-1524.0,-564.0,-144.586,4.3415e-07,87.7563,-24.4093,92.2437,169.301,-1476.53,-585.541,-1476.53,-585.541
-1522.0,-564.0,-145.118,4.28111e-07,87.6869,-25.3506,92.3131,169.301,-1476.53,-585.541,-1476.53,-585.541
-1520.0,-564.0,-145.64,4.22122e-07,87.6158,-26.362,92.3842,169.301,-1476.53,-585.541,-1476.53,-585.541
-1518.0,-564.0,-146.141,4.16188e-07,87.543,-27.451,92.457,169.301,-1476.53,-585.541,-1476.53,-585.541
-1516.0,-564.0,-146.588,4.10316e-07,87.4684,-28.626,92.5316,169.301,-1476.53,-585.541,-1476.53,-585.541
-1514.0,-564.0,-146.942,4.04512e-07,87.3921,-29.8964,92.6079,169.301,-1476.53,-585.541,-1476.53,-585.541
-1512.0,-564.0,-147.499,3.98751e-07,87.421,-31.273,92.579,169.301,-1476.53,-585.541,-1476.53,-585.541
-1510.0,-564.0,-148.314,3.93073e-07,87.466,-32.7679,92.534,169.301,-1476.53,-585.541,-1476.53,-585.541
-1508.0,-564.0,-149.026,3.87494e-07,87.5128,-34.3945,92.4872,169.301,-1476.53,-585.541,-1476.53,-585.541
-1506.0,-564.0,-149.601,3.82026e-07,87.5618,-36.1683,92.4382,169.301,-1476.53,-585.541,-1476.53,-585.541
-1504.0,-564.0,-149.806,3.76686e-07,87.613,-38.1061,92.387,169.301,-1476.53,-585.541,-1476.53,-585.541
-1502.0,-564.0,-150.707,3.71494e-07,87.6615,-40.2267,92.3385,169.301,-1476.53,-585.541,-1476.53,-585.541
-1500.0,-564.0,-151.783,3.66491e-07,87.6295,-42.5507,92.3705,169.301,-1476.53,-585.541,-1476.53,-585.541
-1498.0,-564.0,-152.216,3.61679e-07,87.598,-45.0997,92.402,169.301,-1476.53,-585.541,-1476.53,-585.541
-1496.0,-564.0,-152.757,9.83019e-07,81.7687,-171.23,87.1378,173.82,-1593.53,-579.045,-1593.53,-579.045
-1494.0,-564.0,-152.868,9.89548e-07,81.9303,-171.292,87.1375,173.878,-1593.52,-579.244,-1593.52,-579.244
-1492.0,-564.0,-152.981,9.96081e-07,82.0856,-171.352,87.1371,173.935,-1593.52,-579.44,-1593.52,-579.44
-1490.0,-564.0,-153.096,1.00262e-06,82.2351,-171.412,87.1367,173.992,-1593.51,-579.633,-1593.51,-579.633
-1488.0,-564.0,-153.213,1.00916e-06,82.3791,-171.471,87.1364,174.048,-1593.51,-579.824,-1593.51,-579.824
-1486.0,-564.0,-153.332,1.0157e-06,82.5179,-171.528,87.136,174.103,-1593.5,-580.012,-1593.5,-580.012
-1484.0,-564.0,-153.452,1.02225e-06,82.6517,-171.585,87.1357,174.157,-1593.5,-580.198,-1593.5,-580.198
-1482.0,-564.0,-153.573,1.02879e-06,82.7808,-171.641,87.1354,174.211,-1593.5,-580.382,-1593.5,-580.382
-1480.0,-564.0,-153.696,1.03535e-06,82.9054,-171.697,87.135,174.264,-1593.49,-580.563,-1593.49,-580.563
-1478.0,-564.0,-153.819,1.0419e-06,83.0255,-171.751,87.1347,174.316,-1593.49,-580.742,-1593.49,-580.742
-1476.0,-564.0,0.0,0.0,0.0,0.0,0.0,0.0,0.0,0.0,0.0,0.0
-1474.0,-564.0,0.0,0.0,0.0,0.0,0.0,0.0,0.0,0.0,0.0,0.0
-1472.0,-564.0,0.0,0.0,0.0,0.0,0.0,0.0,0.0,0.0,0.0,0.0
-1470.0,-564.0,0.0,0.0,0.0,0.0,0.0,0.0,0.0,0.0,0.0,0.0
-1468.0,-564.0,0.0,0.0,0.0,0.0,0.0,0.0,0.0,0.0,0.0,0.0
-1466.0,-564.0,0.0,0.0,0.0,0.0,0.0,0.0,0.0,0.0,0.0,0.0
-1464.0,-564.0,0.0,0.0,0.0,0.0,0.0,0.0,0.0,0.0,0.0,0.0
-1462.0,-564.0,0.0,0.0,0.0,0.0,0.0,0.0,0.0,0.0,0.0,0.0
-1460.0,-564.0,0.0,0.0,0.0,0.0,0.0,0.0,0.0,0.0,0.0,0.0
-1458.0,-564.0,-102.698,3.1505e-07,86.7288,54.0579,93.2712,128.665,-1444.12,-544.858,-1444.12,-544.858
-1456.0,-564.0,-102.32,3.11203e-07,86.6364,55.0544,93.3636,127.669,-1442.6,-544.822,-1442.6,-544.822
-1454.0,-564.0,-102.332,3.07452e-07,86.5427,56.0757,93.4573,126.647,-1441.08,-544.785,-1441.08,-544.785
-1452.0,-564.0,-102.859,3.03802e-07,86.4479,57.1221,93.5521,125.601,-1439.56,-544.749,-1439.56,-544.749
-1450.0,-564.0,-104.68,3.00257e-07,86.3521,58.1938,93.6479,124.529,-1438.04,-544.713,-1438.04,-544.713
-1448.0,-564.0,-105.625,3.25454e-07,86.5852,-59.714,93.4148,120.315,-1432.4,-544.579,-1445.13,-568.921
-1446.0,-564.0,-104.684,3.22163e-07,86.5001,-60.7408,93.4999,119.288,-1431.1,-544.548,-1443.27,-568.878
-1444.0,-564.0,-103.438,2.90283e-07,86.0594,61.5619,93.9406,121.161,-1433.5,-544.605,-1433.5,-544.605
-1442.0,-564.0,-102.173,2.87193e-07,85.9606,62.7357,94.0394,119.987,-1431.99,-544.569,-1431.99,-544.569
-1440.0,-564.0,-101.751,2.84225e-07,85.8615,63.9347,94.1385,118.788,-1430.48,-544.534,-1430.48,-544.534
-1438.0,-564.0,-116.674,2.81397e-07,85.7623,66.0345,94.2377,117.862,-1429.33,-544.506,-1429.33,-544.506
-1436.0,-564.0,-115.721,3.93544e-07,86.9302,73.6081,93.0698,-103.963,-1404.61,-618.561,-1430.27,-544.529
-1434.0,-564.0,-121.924,6.93997e-07,88.2365,75.0857,91.7635,113.553,-1429.64,-532.017,-1412.75,-484.204
-1432.0,-564.0,-128.975,6.92364e-07,88.209,76.4061,91.791,113.553,-1429.64,-532.017,-1412.7,-484.202
-1430.0,-564.0,-114.689,6.62771e-07,88.1047,82.692,91.8953,79.9553,-1396.63,-580.954,-1419.82,-484.589
-1428.0,-564.0,-94.6721,1.53789e-07,81.6994,-52.125,98.3006,127.875,-1428.0,-564.0,-1400.0,-600.0
-1426.0,-564.0,-94.4478,1.4987e-07,81.3719,-54.1623,98.6281,125.838,-1426.0,-564.0,-1400.0,-600.0
-1424.0,-564.0,-94.2294,1.46152e-07,81.0389,-56.3099,98.9611,123.69,-1424.0,-564.0,-1400.0,-600.0
-1422.0,-564.0,-94.0186,1.4265e-07,80.7025,-58.5704,99.2975,121.43,-1422.0,-564.0,-1400.0,-600.0
-1420.0,-564.0,-93.8171,1.39381e-07,80.3649,-60.9454,99.6351,119.055,-1420.0,-564.0,-1400.0,-600.0
-1418.0,-564.0,-93.6251,1.36336e-07,80.0873,-63.4349,99.9127,116.565,-1418.0,-564.0,-1400.0,-600.0
-1416.0,-564.0,-93.4444,1.3353e-07,79.8768,-66.0375,100.123,113.962,-1416.0,-564.0,-1400.0,-600.0
-1414.0,-564.0,-93.2785,1.31005e-07,79.6796,-68.7495,100.32,111.251,-1414.0,-564.0,-1400.0,-600.0
-1412.0,-564.0,-93.1293,1.28776e-07,79.499,-71.5651,100.501,108.435,-1412.0,-564.0,-1400.0,-600.0
-1410.0,-564.0,-92.999,1.2686e-07,79.3386,-74.4759,100.661,105.524,-1410.0,-564.0,-1400.0,-600.0
-1408.0,-564.0,-92.8894,1.2527e-07,79.2017,-77.4712,100.798,102.529,-1408.0,-564.0,-1400.0,-600.0
-1406.0,-564.0,-92.804,1.24045e-07,79.0318,-80.5377,100.968,99.4623,-1406.0,-564.0,-1400.0,-600.0
-1404.0,-564.0,-92.7445,1.23198e-07,78.822,-83.6598,101.178,96.3402,-1404.0,-564.0,-1400.0,-600.0
-1402.0,-564.0,-92.71,1.2271e-07,78.6429,-86.8202,101.357,93.1798,-1402.0,-564.0,-1400.0,-600.0
-1400.0,-564.0,-92.701,1.22584e-07,78.4968,-90.0,101.503,90.0,-1400.0,-564.0,-1400.0,-600.0
-1398.0,-564.0,-92.7179,1.22822e-07,78.3853,-93.1798,101.615,86.8202,-1398.0,-564.0,-1400.0,-600.0
-1396.0,-564.0,0.0,0.0,0.0,0.0,0.0,0.0,0.0,0.0,0.0,0.0
-1394.0,-564.0,0.0,0.0,0.0,0.0,0.0,0.0,0.0,0.0,0.0,0.0
-1392.0,-564.0,0.0,0.0,0.0,0.0,0.0,0.0,0.0,0.0,0.0,0.0
-1390.0,-564.0,0.0,0.0,0.0,0.0,0.0,0.0,0.0,0.0,0.0,0.0
-1388.0,-564.0,0.0,0.0,0.0,0.0,0.0,0.0,0.0,0.0,0.0,0.0
-1386.0,-564.0,0.0,0.0,0.0,0.0,0.0,0.0,0.0,0.0,0.0,0.0
-1384.0,-564.0,0.0,0.0,0.0,0.0,0.0,0.0,0.0,0.0,0.0,0.0
-1382.0,-564.0,0.0,0.0,0.0,0.0,0.0,0.0,0.0,0.0,0.0,0.0
-1380.0,-564.0,0.0,0.0,0.0,0.0,0.0,0.0,0.0,0.0,0.0,0.0
-1378.0,-564.0,0.0,0.0,0.0,0.0,0.0,0.0,0.0,0.0,0.0,0.0
-1376.0,-564.0,0.0,0.0,0.0,0.0,0.0,0.0,0.0,0.0,0.0,0.0
-1374.0,-564.0,0.0,0.0,0.0,0.0,0.0,0.0,0.0,0.0,0.0,0.0
-1372.0,-564.0,0.0,0.0,0.0,0.0,0.0,0.0,0.0,0.0,0.0,0.0
-1370.0,-564.0,0.0,0.0,0.0,0.0,0.0,0.0,0.0,0.0,0.0,0.0
-1368.0,-564.0,0.0,0.0,0.0,0.0,0.0,0.0,0.0,0.0,0.0,0.0
-1366.0,-564.0,0.0,0.0,0.0,0.0,0.0,0.0,0.0,0.0,0.0,0.0
-1364.0,-564.0,0.0,0.0,0.0,0.0,0.0,0.0,0.0,0.0,0.0,0.0
-1362.0,-564.0,0.0,0.0,0.0,0.0,0.0,0.0,0.0,0.0,0.0,0.0
-1360.0,-564.0,0.0,0.0,0.0,0.0,0.0,0.0,0.0,0.0,0.0,0.0
-1358.0,-564.0,0.0,0.0,0.0,0.0,0.0,0.0,0.0,0.0,0.0,0.0
-1356.0,-564.0,-122.553,1.4111e-06,88.9115,-3.74695,91.0885,-11.1555,-1322.33,-615.316,-1170.01,-576.181
-1354.0,-564.0,-122.466,1.40445e-06,88.9064,-3.76475,91.0936,-11.1733,-1322.44,-615.32,-1170.02,-576.107
-1352.0,-564.0,-122.379,1.39779e-06,88.9012,-3.78271,91.0988,-11.1913,-1322.55,-615.323,-1170.02,-576.032
-1350.0,-564.0,-122.291,1.39113e-06,88.8959,-3.80085,91.1041,-11.2094,-1322.67,-615.326,-1170.03,-575.956
-1348.0,-564.0,-122.202,1.38447e-06,88.8906,-3.81916,91.1094,-11.2277,-1322.78,-615.329,-1170.04,-575.88
-1346.0,-564.0,-122.109,1.37783e-06,88.8628,-3.83765,91.1372,-11.2462,-1322.89,-615.332,-1170.04,-575.803
-1344.0,-564.0,-122.016,1.37118e-06,88.8337,-3.85632,91.1663,-11.2649,-1323.01,-615.336,-1170.05,-575.725
-1342.0,-564.0,-121.921,1.36453e-06,88.8044,-3.87517,91.1956,-11.2837,-1323.12,-615.339,-1170.06,-575.647
-1340.0,-564.0,-121.826,1.35789e-06,88.7747,-3.8942,91.2253,-11.3028,-1323.24,-615.342,-1170.07,-575.568
-1338.0,-564.0,-121.73,1.35125e-06,88.7448,-3.91342,91.2552,-11.322,-1323.36,-615.346,-1170.07,-575.488
-1336.0,-564.0,-121.633,1.3446e-06,88.7146,-3.93284,91.2854,-11.3414,-1323.47,-615.349,-1170.08,-575.407
-1334.0,-564.0,-121.539,1.33795e-06,88.7064,-3.95244,91.2936,-11.361,-1323.59,-615.352,-1170.09,-575.325
-1332.0,-564.0,-121.444,1.33129e-06,88.6999,-3.97224,91.3001,-11.3808,-1323.71,-615.356,-1170.1,-575.243
-1330.0,-564.0,-121.348,1.32464e-06,88.6934,-3.99224,91.3066,-11.4008,-1323.83,-615.359,-1170.1,-575.159
-1328.0,-564.0,-121.252,1.31798e-06,88.6868,-4.01245,91.3132,-11.421,-1323.95,-615.363,-1170.11,-575.075
-1326.0,-564.0,-121.156,1.31133e-06,88.6801,-4.03286,91.3199,-11.4414,-1324.08,-615.366,-1170.12,-574.99
-1324.0,-564.0,-121.058,1.30467e-06,88.672,-4.05347,91.328,-11.4621,-1324.2,-615.37,-1170.13,-574.904
-1322.0,-564.0,-120.958,1.29802e-06,88.6527,-4.0743,91.3473,-11.4829,-1324.32,-615.373,-1170.14,-574.817
-1320.0,-564.0,-120.858,1.29137e-06,88.6333,-4.09534,91.3667,-11.5039,-1324.45,-615.377,-1170.14,-574.73
-1318.0,-564.0,-120.757,1.28473e-06,88.6136,-4.11661,91.3864,-11.5252,-1324.57,-615.38,-1170.15,-574.641
-1316.0,-564.0,-120.655,1.27808e-06,88.5938,-4.13809,91.4062,-11.5467,-1324.7,-615.384,-1170.16,-574.551
-1314.0,-564.0,-120.553,1.27143e-06,88.5738,-4.1598,91.4262,-11.5684,-1324.83,-615.387,-1170.17,-574.461
-1312.0,-564.0,-120.45,1.26479e-06,88.5496,-4.18173,91.4504,-11.5903,-1324.96,-615.391,-1170.18,-574.369
-1310.0,-564.0,-120.344,1.25815e-06,88.5163,-4.2039,91.4837,-11.6125,-1325.09,-615.395,-1170.19,-574.277
-1308.0,-564.0,-120.238,1.25151e-06,88.4826,-4.2263,91.5174,-11.6349,-1325.22,-615.398,-1170.19,-574.183
-1306.0,-564.0,-120.132,1.24487e-06,88.4486,-4.24895,91.5514,-11.6575,-1325.35,-615.402,-1170.2,-574.089
-1304.0,-564.0,-120.024,1.23824e-06,88.4142,-4.27184,91.5858,-11.6804,-1325.48,-615.406,-1170.21,-573.993
-1302.0,-564.0,-119.917,1.2316e-06,88.3794,-4.29497,91.6206,-11.7036,-1325.61,-615.41,-1170.22,-573.897
-1300.0,-564.0,-119.809,1.22496e-06,88.3478,-4.31836,91.6522,-11.7269,-1325.75,-615.413,-1170.23,-573.799
-1298.0,-564.0,-119.703,1.21832e-06,88.3255,-4.342,91.6745,-11.7506,-1325.88,-615.417,-1170.24,-573.701
-1296.0,-564.0,-119.595,1.21168e-06,88.303,-4.3659,91.697,-11.7745,-1326.02,-615.421,-1170.25,-573.601
-1294.0,-564.0,-119.488,1.20503e-06,88.2802,-4.39007,91.7198,-11.7986,-1326.16,-615.425,-1170.26,-573.5
-1292.0,-564.0,-119.38,1.19839e-06,88.2572,-4.4145,91.7428,-11.8231,-1326.29,-615.429,-1170.27,-573.398
-1290.0,-564.0,-147.404,1.09366e-06,88.0755,-3.13702,91.9245,-13.7653,-1335.91,-615.702,-1185.68,-569.718
-1288.0,-564.0,-135.363,6.09487e-07,86.866,-128.035,93.9125,54.5474,-1392.95,-590.094,-1328.28,-615.485
-1286.0,-564.0,-130.168,5.64467e-07,86.212,-130.647,93.788,-43.396,-1381.4,-617.583,-1330.25,-615.541
-1284.0,-564.0,-110.178,5.68853e-07,86.2128,-131.678,93.7872,-43.7465,-1381.62,-617.592,-1329.88,-615.531
-1282.0,-564.0,-119.085,5.73322e-07,86.2142,-132.265,93.7858,-43.396,-1381.4,-617.583,-1328.8,-615.5
-1280.0,-564.0,-127.031,5.77852e-07,86.2159,-133.045,93.7841,-43.396,-1381.4,-617.583,-1328.08,-615.48
-1278.0,-564.0,-131.917,5.82448e-07,86.218,-133.805,93.782,-43.396,-1381.4,-617.583,-1327.36,-615.459
-1276.0,-564.0,-128.779,5.09792e-07,85.6463,-142.544,94.3537,35.7331,-1385.93,-589.879,-1306.24,-587.164
-1274.0,-564.0,-118.57,5.15131e-07,85.6601,-143.294,94.3399,35.3837,-1385.74,-589.874,-1343.74,-615.995
-1272.0,-564.0,-116.44,5.20502e-07,85.6739,-143.735,94.3261,34.9434,-1385.5,-589.866,-1342.82,-615.956
-1270.0,-564.0,-113.081,5.25904e-07,85.6876,-144.166,94.3124,34.5121,-1385.25,-589.859,-1341.89,-615.917
-1268.0,-564.0,-110.728,5.31334e-07,85.7013,-144.588,94.2987,34.0896,-1385.0,-589.851,-1340.97,-615.878
-1266.0,-564.0,-109.354,5.36793e-07,85.7149,-145.002,94.2851,33.6757,-1384.76,-589.843,-1340.04,-615.839
-1264.0,-564.0,-108.565,5.42266e-07,85.7468,-145.408,94.2532,33.2701,-1384.51,-589.836,-1339.11,-615.8
-1262.0,-564.0,-109.902,5.17414e-07,85.5421,-151.963,94.4579,-23.2104,-1361.0,-616.723,-1361.0,-616.723
-1260.0,-564.0,-111.186,5.23296e-07,85.5923,-152.307,94.4077,-22.8659,-1360.41,-616.698,-1360.41,-616.698
-1258.0,-564.0,-107.993,5.58875e-07,85.8734,-147.247,94.1266,33.0037,-1384.34,-589.831,-1338.48,-615.775
-1256.0,-564.0,-107.844,5.64485e-07,85.9145,-147.615,94.0855,32.6363,-1384.11,-589.824,-1337.59,-615.75
-1254.0,-564.0,-107.779,5.70117e-07,85.9549,-147.975,94.0451,32.2761,-1383.88,-589.817,-1336.7,-615.724
-1252.0,-564.0,-107.773,5.75783e-07,85.9786,-148.328,94.0214,31.9231,-1383.64,-589.809,-1335.8,-615.699
-1250.0,-564.0,-107.814,5.81479e-07,85.9902,-148.674,94.0098,31.577,-1383.41,-589.802,-1334.9,-615.673
-1248.0,-564.0,-107.792,5.59015e-07,85.7998,-154.22,94.2002,-20.9532,-1356.79,-616.545,-1356.79,-616.545
-1246.0,-564.0,-107.52,5.65036e-07,85.816,-154.515,94.184,-20.6581,-1356.19,-616.52,-1356.19,-616.52
-1244.0,-564.0,-107.352,5.71072e-07,85.832,-154.804,94.168,-20.3693,-1355.58,-616.494,-1355.58,-616.494
-1242.0,-564.0,-107.254,5.77122e-07,85.8477,-155.087,94.1523,-20.0865,-1354.97,-616.468,-1354.97,-616.468
-1240.0,-564.0,-107.203,5.8317e-07,85.8846,-155.364,94.1154,-19.8096,-1354.35,-616.442,-1354.35,-616.442
-1238.0,-564.0,-107.185,5.89227e-07,85.9269,-155.635,94.0731,-19.5384,-1353.74,-616.417,-1353.74,-616.417
-1236.0,-564.0,-107.191,5.95297e-07,85.9685,-155.901,94.0315,-19.2727,-1353.12,-616.391,-1353.12,-616.391
-1234.0,-564.0,-107.215,6.0138e-07,86.0094,-156.161,93.9906,-19.0125,-1352.51,-616.365,-1352.51,-616.365
-1232.0,-564.0,-107.252,6.07476e-07,86.0495,-156.416,93.9505,-18.7575,-1351.89,-616.339,-1351.89,-616.339
-1230.0,-564.0,-107.298,6.13583e-07,86.0889,-156.666,93.9111,-18.5076,-1351.27,-616.312,-1351.27,-616.312
-1228.0,-564.0,-107.352,6.19702e-07,86.1275,-156.911,93.8725,-18.2626,-1350.65,-616.286,-1350.65,-616.286
-1226.0,-564.0,-107.412,6.25833e-07,86.1655,-157.151,93.8345,-18.0225,-1350.02,-616.26,-1350.02,-616.26
-1224.0,-564.0,-107.477,6.31974e-07,86.2029,-157.386,93.7971,-17.787,-1349.4,-616.234,-1349.4,-616.234
-1222.0,-564.0,-107.546,6.38126e-07,86.2395,-157.617,93.7605,-17.5561,-1348.77,-616.207,-1348.77,-616.207
-1220.0,-564.0,-107.618,6.44289e-07,86.2755,-157.844,93.7245,-17.3297,-1348.14,-616.181,-1348.14,-616.181
-1218.0,-564.0,-107.692,6.50461e-07,86.3109,-158.066,93.6891,-17.1075,-1347.51,-616.154,-1347.51,-616.154
-1216.0,-564.0,-107.768,6.56611e-07,86.3913,-158.284,93.6087,-16.8896,-1346.88,-616.128,-1346.88,-616.128
-1214.0,-564.0,-107.846,6.62768e-07,86.4736,-158.498,93.5264,-16.6757,-1346.25,-616.101,-1346.25,-616.101
-1212.0,-564.0,-107.926,6.68936e-07,86.5545,-158.708,93.4455,-16.4658,-1345.62,-616.074,-1345.62,-616.074
-1210.0,-564.0,-108.007,6.75114e-07,86.634,-158.914,93.366,-16.2598,-1344.98,-616.047,-1344.98,-616.047
-1208.0,-564.0,-108.09,6.81301e-07,86.7121,-159.116,93.2879,-16.0575,-1344.34,-616.02,-1344.34,-616.02
-1206.0,-564.0,-108.174,6.87498e-07,86.7888,-159.314,93.2112,-15.859,-1343.7,-615.994,-1343.7,-615.994
-1204.0,-564.0,-108.259,6.93691e-07,86.8847,-159.509,93.1153,-15.664,-1343.06,-615.966,-1343.06,-615.966
-1202.0,-564.0,-108.345,6.99892e-07,86.9816,-159.701,93.0184,-15.4725,-1342.42,-615.939,-1342.42,-615.939
-1600.0,-562.0,-115.059,6.79319e-07,90.5902,-10.7948,89.4098,169.301,-1476.53,-585.541,-1476.53,-585.541
-1598.0,-562.0,-117.436,6.72763e-07,90.572,-10.9683,89.428,169.301,-1476.53,-585.541,-1476.53,-585.541
-1596.0,-562.0,-119.648,6.66211e-07,90.5534,-11.1473,89.4466,169.301,-1476.53,-585.541,-1476.53,-585.541
-1594.0,-562.0,-121.658,6.59663e-07,90.5344,-11.3322,89.4656,169.301,-1476.53,-585.541,-1476.53,-585.541
-1592.0,-562.0,-123.472,6.5312e-07,90.5151,-11.5233,89.4849,169.301,-1476.53,-585.541,-1476.53,-585.541
-1590.0,-562.0,-125.028,6.46581e-07,90.4953,-11.7209,89.5047,169.301,-1476.53,-585.541,-1476.53,-585.541
-1588.0,-562.0,-126.433,6.40047e-07,90.4751,-11.9252,89.5249,169.301,-1476.53,-585.541,-1476.53,-585.541
-1586.0,-562.0,-127.694,6.33518e-07,90.4546,-12.1367,89.5454,169.301,-1476.53,-585.541,-1476.53,-585.541
-1584.0,-562.0,-128.827,6.26992e-07,90.4013,-12.3557,89.5987,169.301,-1476.53,-585.541,-1476.53,-585.541
-1582.0,-562.0,-129.855,6.20469e-07,90.3014,-12.5826,89.6986,169.301,-1476.53,-585.541,-1476.53,-585.541
-1580.0,-562.0,-130.797,6.13954e-07,90.1995,-12.8178,89.8005,169.301,-1476.53,-585.541,-1476.53,-585.541
-1578.0,-562.0,-131.667,6.07447e-07,90.0954,-13.0619,89.9046,169.301,-1476.53,-585.541,-1476.53,-585.541
-1576.0,-562.0,-132.477,6.00949e-07,89.989,-13.3153,90.011,169.301,-1476.53,-585.541,-1476.53,-585.541
-1574.0,-562.0,-133.236,5.9446e-07,89.8803,-13.5785,90.1197,169.301,-1476.53,-585.541,-1476.53,-585.541
-1572.0,-562.0,-133.951,5.8798e-07,89.7691,-13.8521,90.2309,169.301,-1476.53,-585.541,-1476.53,-585.541
-1570.0,-562.0,-134.628,5.8151e-07,89.6556,-14.1368,90.3444,169.301,-1476.53,-585.541,-1476.53,-585.541
-1568.0,-562.0,-135.273,5.75051e-07,89.5394,-14.4331,90.4606,169.301,-1476.53,-585.541,-1476.53,-585.541
-1566.0,-562.0,-135.89,5.68603e-07,89.4207,-14.7418,90.5793,169.301,-1476.53,-585.541,-1476.53,-585.541
-1564.0,-562.0,-136.481,5.62167e-07,89.2992,-15.0638,90.7008,169.301,-1476.53,-585.541,-1476.53,-585.541
-1562.0,-562.0,-137.051,5.55744e-07,89.1749,-15.3997,90.8251,169.301,-1476.53,-585.541,-1476.53,-585.541
-1560.0,-562.0,-137.602,5.49328e-07,89.0814,-15.7506,90.9186,169.301,-1476.53,-585.541,-1476.53,-585.541
-1558.0,-562.0,-138.135,5.42922e-07,89.0111,-16.1174,90.9889,169.301,-1476.53,-585.541,-1476.53,-585.541
-1556.0,-562.0,-138.653,5.36528e-07,88.9391,-16.5013,91.0609,169.301,-1476.53,-585.541,-1476.53,-585.541
-1554.0,-562.0,-139.157,5.30148e-07,88.8654,-16.9033,91.1346,169.301,-1476.53,-585.541,-1476.53,-585.541
-1552.0,-562.0,-139.648,5.23783e-07,88.79,-17.3247,91.21,169.301,-1476.53,-585.541,-1476.53,-585.541
-1550.0,-562.0,-140.127,5.17433e-07,88.7128,-17.7671,91.2872,169.301,-1476.53,-585.541,-1476.53,-585.541
-1548.0,-562.0,-140.595,5.11101e-07,88.6336,-18.2318,91.3664,169.301,-1476.53,-585.541,-1476.53,-585.541
-1546.0,-562.0,-141.05,5.04793e-07,88.5275,-18.7206,91.4725,169.301,-1476.53,-585.541,-1476.53,-585.541
-1544.0,-562.0,-141.494,4.98507e-07,88.4118,-19.2353,91.5882,169.301,-1476.53,-585.541,-1476.53,-585.541
-1542.0,-562.0,-141.928,4.92244e-07,88.2931,-19.778,91.7069,169.301,-1476.53,-585.541,-1476.53,-585.541
-1540.0,-562.0,-142.359,4.86004e-07,88.1716,-20.3508,91.8284,169.301,-1476.53,-585.541,-1476.53,-585.541
-1538.0,-562.0,-142.801,4.79791e-07,88.0469,-20.9563,91.9531,169.301,-1476.53,-585.541,-1476.53,-585.541
-1536.0,-562.0,-143.265,4.73584e-07,87.9933,-21.5971,92.0067,169.301,-1476.53,-585.541,-1476.53,-585.541
-1534.0,-562.0,-143.75,4.67397e-07,87.9667,-22.2763,92.0333,169.301,-1476.53,-585.541,-1476.53,-585.541
-1532.0,-562.0,-144.245,4.61242e-07,87.9396,-22.9973,92.0604,169.301,-1476.53,-585.541,-1476.53,-585.541
-1530.0,-562.0,-144.74,4.5512e-07,87.9119,-23.7636,92.0881,169.301,-1476.53,-585.541,-1476.53,-585.541
-1528.0,-562.0,-145.229,4.49036e-07,87.8836,-24.5796,92.1164,169.301,-1476.53,-585.541,-1476.53,-585.541
-1526.0,-562.0,-145.712,4.42992e-07,87.8547,-25.4497,92.1453,169.301,-1476.53,-585.541,-1476.53,-585.541
-1524.0,-562.0,-146.186,4.36994e-07,87.8252,-26.3791,92.1748,169.301,-1476.53,-585.541,-1476.53,-585.541
-1522.0,-562.0,-146.643,4.31056e-07,87.7601,-27.3736,92.2399,169.301,-1476.53,-585.541,-1476.53,-585.541
-1520.0,-562.0,-147.058,4.25174e-07,87.6911,-28.4396,92.3089,169.301,-1476.53,-585.541,-1476.53,-585.541
-1518.0,-562.0,-147.391,4.19354e-07,87.6206,-29.5842,92.3794,169.301,-1476.53,-585.541,-1476.53,-585.541
-1516.0,-562.0,-147.789,4.13603e-07,87.5484,-30.8154,92.4516,169.301,-1476.53,-585.541,-1476.53,-585.541
-1514.0,-562.0,-148.508,4.07929e-07,87.4747,-32.1422,92.5253,169.301,-1476.53,-585.541,-1476.53,-585.541
-1512.0,-562.0,-149.208,4.02308e-07,87.5054,-33.5745,92.4946,169.301,-1476.53,-585.541,-1476.53,-585.541
-1510.0,-562.0,-149.805,3.96778e-07,87.552,-35.1235,92.448,169.301,-1476.53,-585.541,-1476.53,-585.541
-1508.0,-562.0,-150.243,3.91357e-07,87.6006,-36.8014,92.3994,169.301,-1476.53,-585.541,-1476.53,-585.541
-1506.0,-562.0,-150.355,3.86058e-07,87.6514,-38.6219,92.3486,169.301,-1476.53,-585.541,-1476.53,-585.541
-1504.0,-562.0,-151.435,3.80898e-07,87.7044,-40.5995,92.2956,169.301,-1476.53,-585.541,-1476.53,-585.541
-1502.0,-562.0,-152.305,9.64504e-07,81.2554,-170.643,87.1417,173.25,-1593.57,-577.088,-1593.57,-577.088
-1500.0,-562.0,-152.398,9.71015e-07,81.4374,-170.711,87.1412,173.312,-1593.56,-577.304,-1593.56,-577.304
-1498.0,-562.0,-152.495,9.77529e-07,81.6121,-170.777,87.1408,173.374,-1593.56,-577.517,-1593.56,-577.517
-1496.0,-562.0,-152.594,9.84048e-07,81.7798,-170.842,87.1404,173.436,-1593.55,-577.727,-1593.55,-577.727
-1494.0,-562.0,-152.697,9.90571e-07,81.941,-170.906,87.14,173.496,-1593.55,-577.934,-1593.55,-577.934
-1492.0,-562.0,-152.801,9.97097e-07,82.0959,-170.969,87.1396,173.556,-1593.55,-578.139,-1593.55,-578.139
-1490.0,-562.0,-152.908,1.00363e-06,82.2451,-171.032,87.1392,173.615,-1593.54,-578.341,-1593.54,-578.341
-1488.0,-562.0,-153.017,1.01016e-06,82.3887,-171.093,87.1388,173.673,-1593.54,-578.54,-1593.54,-578.54
-1486.0,-562.0,-153.127,1.0167e-06,82.5272,-171.153,87.1384,173.73,-1593.53,-578.737,-1593.53,-578.737
-1484.0,-562.0,-153.239,1.02324e-06,82.6607,-171.213,87.138,173.787,-1593.53,-578.931,-1593.53,-578.931
-1482.0,-562.0,-153.353,1.02978e-06,82.7895,-171.271,87.1377,173.843,-1593.52,-579.123,-1593.52,-579.123
-1480.0,-562.0,-153.468,1.03632e-06,82.9139,-171.329,87.1373,173.898,-1593.52,-579.312,-1593.52,-579.312
-1478.0,-562.0,-153.584,1.04287e-06,83.034,-171.386,87.137,173.953,-1593.52,-579.499,-1593.52,-579.499
-1476.0,-562.0,0.0,0.0,0.0,0.0,0.0,0.0,0.0,0.0,0.0,0.0
-1474.0,-562.0,0.0,0.0,0.0,0.0,0.0,0.0,0.0,0.0,0.0,0.0
-1472.0,-562.0,0.0,0.0,0.0,0.0,0.0,0.0,0.0,0.0,0.0,0.0
-1470.0,-562.0,0.0,0.0,0.0,0.0,0.0,0.0,0.0,0.0,0.0,0.0
-1468.0,-562.0,0.0,0.0,0.0,0.0,0.0,0.0,0.0,0.0,0.0,0.0
-1466.0,-562.0,0.0,0.0,0.0,0.0,0.0,0.0,0.0,0.0,0.0,0.0
-1464.0,-562.0,0.0,0.0,0.0,0.0,0.0,0.0,0.0,0.0,0.0,0.0
-1462.0,-562.0,0.0,0.0,0.0,0.0,0.0,0.0,0.0,0.0,0.0,0.0
-1460.0,-562.0,0.0,0.0,0.0,0.0,0.0,0.0,0.0,0.0,0.0,0.0
-1458.0,-562.0,-114.504,3.09671e-07,86.712,53.1051,93.288,129.101,-1425.63,-568.463,-1445.15,-544.882
-1456.0,-562.0,-102.318,3.05753e-07,86.6169,54.3368,93.3831,128.386,-1443.69,-544.848,-1443.69,-544.848
-1454.0,-562.0,-102.054,3.01935e-07,86.5205,55.3676,93.4795,127.355,-1442.13,-544.81,-1442.13,-544.81
-1452.0,-562.0,-102.2,2.98217e-07,86.4229,56.4247,93.5771,126.298,-1440.57,-544.773,-1440.57,-544.773
-1450.0,-562.0,-103.049,2.94604e-07,86.3241,57.5084,93.6759,125.215,-1439.01,-544.736,-1439.01,-544.736
-1448.0,-562.0,-105.162,3.31211e-07,86.682,-60.2972,93.318,119.732,-1431.66,-544.562,-1444.07,-568.897
-1446.0,-562.0,-104.709,3.27978e-07,86.6,-61.3116,93.4,118.717,-1430.39,-544.531,-1442.25,-568.854
-1444.0,-562.0,-104.798,2.84432e-07,86.0218,60.9202,93.9782,121.803,-1434.34,-544.625,-1434.34,-544.625
-1442.0,-562.0,-102.464,2.81277e-07,85.9196,62.1113,94.0804,120.612,-1432.79,-544.588,-1432.79,-544.588
-1440.0,-562.0,-101.67,2.78246e-07,85.8169,63.3293,94.1831,119.394,-1431.24,-544.552,-1431.24,-544.552
-1438.0,-562.0,-101.484,2.75344e-07,85.714,64.5737,94.286,118.149,-1429.69,-544.515,-1429.69,-544.515
-1436.0,-562.0,-118.282,3.87145e-07,86.9114,73.2738,93.0886,-103.963,-1404.61,-618.561,-1430.75,-544.54
-1434.0,-562.0,-119.035,3.8531e-07,86.8547,75.0683,93.1453,-103.698,-1404.52,-618.557,-1429.33,-544.506
-1432.0,-562.0,-120.119,1.67256e-07,82.6411,-45.4153,97.3589,129.101,-1425.63,-568.463,-1425.63,-568.463
-1430.0,-562.0,-95.1777,1.62998e-07,82.3479,-51.7098,97.6521,128.29,-1430.0,-562.0,-1400.0,-600.0
-1428.0,-562.0,-94.9632,1.59026e-07,82.0532,-53.6156,97.9468,126.384,-1428.0,-562.0,-1400.0,-600.0
-1426.0,-562.0,-94.7537,1.55239e-07,81.753,-55.6197,98.247,124.38,-1426.0,-562.0,-1400.0,-600.0
-1424.0,-562.0,-94.5505,1.51653e-07,81.449,-57.7244,98.551,122.276,-1424.0,-562.0,-1400.0,-600.0
-1422.0,-562.0,-94.3551,1.4828e-07,81.1429,-59.9314,98.8571,120.069,-1422.0,-562.0,-1400.0,-600.0
-1420.0,-562.0,-94.1688,1.45137e-07,80.8368,-62.2415,99.1632,117.759,-1420.0,-562.0,-1400.0,-600.0
-1418.0,-562.0,-93.9921,1.42215e-07,80.5891,-64.6538,99.4109,115.346,-1418.0,-562.0,-1400.0,-600.0
-1416.0,-562.0,-93.8263,1.39528e-07,80.4062,-67.1663,99.5938,112.834,-1416.0,-562.0,-1400.0,-600.0
-1414.0,-562.0,-93.6745,1.37113e-07,80.2356,-69.7751,99.7644,110.225,-1414.0,-562.0,-1400.0,-600.0
-1412.0,-562.0,-93.5386,1.34985e-07,80.0801,-72.4744,99.9199,107.526,-1412.0,-562.0,-1400.0,-600.0
-1410.0,-562.0,-93.4202,1.33158e-07,79.9427,-75.2564,100.057,104.744,-1410.0,-562.0,-1400.0,-600.0
-1408.0,-562.0,-93.3208,1.31645e-07,79.8258,-78.1113,100.174,101.889,-1408.0,-562.0,-1400.0,-600.0
-1406.0,-562.0,-93.2419,1.30455e-07,79.7321,-81.0274,100.268,98.9726,-1406.0,-562.0,-1400.0,-600.0
-1404.0,-562.0,-93.1871,1.29635e-07,79.5777,-83.991,100.422,96.009,-1404.0,-562.0,-1400.0,-600.0
-1402.0,-562.0,-93.1558,1.2917e-07,79.4127,-86.9872,100.587,93.0128,-1402.0,-562.0,-1400.0,-600.0
-1400.0,-562.0,-93.1477,1.29049e-07,79.2755,-90.0,100.725,90.0,-1400.0,-562.0,-1400.0,-600.0
-1398.0,-562.0,-93.1629,1.29274e-07,79.1673,-93.0128,100.833,86.9872,-1398.0,-562.0,-1400.0,-600.0
-1396.0,-562.0,0.0,0.0,0.0,0.0,0.0,0.0,0.0,0.0,0.0,0.0
-1394.0,-562.0,0.0,0.0,0.0,0.0,0.0,0.0,0.0,0.0,0.0,0.0
-1392.0,-562.0,0.0,0.0,0.0,0.0,0.0,0.0,0.0,0.0,0.0,0.0
-1390.0,-562.0,0.0,0.0,0.0,0.0,0.0,0.0,0.0,0.0,0.0,0.0
-1388.0,-562.0,0.0,0.0,0.0,0.0,0.0,0.0,0.0,0.0,0.0,0.0
-1386.0,-562.0,0.0,0.0,0.0,0.0,0.0,0.0,0.0,0.0,0.0,0.0
-1384.0,-562.0,0.0,0.0,0.0,0.0,0.0,0.0,0.0,0.0,0.0,0.0
-1382.0,-562.0,0.0,0.0,0.0,0.0,0.0,0.0,0.0,0.0,0.0,0.0
-1380.0,-562.0,0.0,0.0,0.0,0.0,0.0,0.0,0.0,0.0,0.0,0.0
-1378.0,-562.0,0.0,0.0,0.0,0.0,0.0,0.0,0.0,0.0,0.0,0.0
-1376.0,-562.0,0.0,0.0,0.0,0.0,0.0,0.0,0.0,0.0,0.0,0.0
-1374.0,-562.0,0.0,0.0,0.0,0.0,0.0,0.0,0.0,0.0,0.0,0.0
-1372.0,-562.0,0.0,0.0,0.0,0.0,0.0,0.0,0.0,0.0,0.0,0.0
-1370.0,-562.0,0.0,0.0,0.0,0.0,0.0,0.0,0.0,0.0,0.0,0.0
-1368.0,-562.0,0.0,0.0,0.0,0.0,0.0,0.0,0.0,0.0,0.0,0.0
-1366.0,-562.0,0.0,0.0,0.0,0.0,0.0,0.0,0.0,0.0,0.0,0.0
-1364.0,-562.0,0.0,0.0,0.0,0.0,0.0,0.0,0.0,0.0,0.0,0.0
-1362.0,-562.0,0.0,0.0,0.0,0.0,0.0,0.0,0.0,0.0,0.0,0.0
-1360.0,-562.0,0.0,0.0,0.0,0.0,0.0,0.0,0.0,0.0,0.0,0.0
-1358.0,-562.0,0.0,0.0,0.0,0.0,0.0,0.0,0.0,0.0,0.0,0.0
-1356.0,-562.0,-121.872,1.41155e-06,88.9206,-4.0173,91.0794,-11.4259,-1323.98,-615.363,-1170.11,-575.055
-1354.0,-562.0,-121.782,1.40489e-06,88.9155,-4.03637,91.0845,-11.445,-1324.1,-615.367,-1170.12,-574.975
-1352.0,-562.0,-121.691,1.39824e-06,88.9104,-4.05563,91.0896,-11.4642,-1324.21,-615.37,-1170.13,-574.895
-1350.0,-562.0,-121.6,1.39158e-06,88.9052,-4.07506,91.0948,-11.4836,-1324.33,-615.373,-1170.14,-574.814
-1348.0,-562.0,-121.508,1.38493e-06,88.8999,-4.09469,91.1001,-11.5033,-1324.44,-615.376,-1170.14,-574.732
-1346.0,-562.0,-121.413,1.37828e-06,88.8721,-4.1145,91.1279,-11.5231,-1324.56,-615.38,-1170.15,-574.65
-1344.0,-562.0,-121.317,1.37164e-06,88.8431,-4.1345,91.1569,-11.5431,-1324.68,-615.383,-1170.16,-574.566
-1342.0,-562.0,-121.221,1.365e-06,88.8138,-4.1547,91.1862,-11.5633,-1324.8,-615.387,-1170.17,-574.482
-1340.0,-562.0,-121.124,1.35835e-06,88.7843,-4.1751,91.2157,-11.5837,-1324.92,-615.39,-1170.17,-574.397
-1338.0,-562.0,-121.026,1.35171e-06,88.7544,-4.1957,91.2456,-11.6043,-1325.04,-615.393,-1170.18,-574.311
-1336.0,-562.0,-120.928,1.34507e-06,88.7243,-4.21651,91.2757,-11.6251,-1325.16,-615.397,-1170.19,-574.224
-1334.0,-562.0,-120.83,1.33843e-06,88.6976,-4.23752,91.3024,-11.6461,-1325.28,-615.4,-1170.2,-574.137
-1332.0,-562.0,-120.734,1.33178e-06,88.6911,-4.25874,91.3089,-11.6673,-1325.4,-615.404,-1170.21,-574.048
-1330.0,-562.0,-120.638,1.32512e-06,88.6845,-4.28017,91.3155,-11.6888,-1325.53,-615.407,-1170.22,-573.959
-1328.0,-562.0,-120.541,1.31847e-06,88.6779,-4.30182,91.3221,-11.7104,-1325.65,-615.411,-1170.22,-573.868
-1326.0,-562.0,-120.444,1.31182e-06,88.6712,-4.32369,91.3288,-11.7323,-1325.78,-615.414,-1170.23,-573.777
-1324.0,-562.0,-120.347,1.30516e-06,88.663,-4.34578,91.337,-11.7544,-1325.9,-615.418,-1170.24,-573.685
-1322.0,-562.0,-120.247,1.29852e-06,88.6437,-4.3681,91.3563,-11.7767,-1326.03,-615.422,-1170.25,-573.592
-1320.0,-562.0,-120.147,1.29187e-06,88.6242,-4.39065,91.3758,-11.7992,-1326.16,-615.425,-1170.26,-573.497
-1318.0,-562.0,-120.047,1.28523e-06,88.6046,-4.41343,91.3954,-11.822,-1326.29,-615.429,-1170.27,-573.402
-1316.0,-562.0,-119.947,1.27858e-06,88.5847,-4.43645,91.4153,-11.845,-1326.42,-615.433,-1170.28,-573.306
-1314.0,-562.0,-119.845,1.27194e-06,88.5637,-4.45971,91.4363,-11.8683,-1326.55,-615.436,-1170.29,-573.209
-1312.0,-562.0,-119.742,1.2653e-06,88.5306,-4.48322,91.4694,-11.8918,-1326.68,-615.44,-1170.29,-573.111
-1310.0,-562.0,-119.639,1.25867e-06,88.4972,-4.50697,91.5028,-11.9156,-1326.81,-615.444,-1170.3,-573.011
-1308.0,-562.0,-119.535,1.25203e-06,88.4635,-4.53098,91.5365,-11.9396,-1326.95,-615.448,-1170.31,-572.911
-1306.0,-562.0,-119.431,1.2454e-06,88.4293,-4.55524,91.5707,-11.9638,-1327.08,-615.451,-1170.32,-572.81
-1304.0,-562.0,-119.326,1.23876e-06,88.3949,-4.57976,91.6051,-11.9883,-1327.22,-615.455,-1170.33,-572.707
-1302.0,-562.0,-119.222,1.23213e-06,88.36,-4.60455,91.64,-12.0131,-1327.35,-615.459,-1170.34,-572.603
-1300.0,-562.0,-119.117,1.22549e-06,88.3283,-4.62961,91.6717,-12.0382,-1327.49,-615.463,-1170.35,-572.499
-1298.0,-562.0,-119.013,1.21885e-06,88.306,-4.65494,91.694,-12.0635,-1327.63,-615.467,-1170.36,-572.393
-1296.0,-562.0,-118.909,1.21221e-06,88.2833,-4.68055,91.7167,-12.0891,-1327.77,-615.471,-1170.37,-572.286
-1294.0,-562.0,-118.805,1.20557e-06,88.2605,-4.70644,91.7395,-12.115,-1327.91,-615.475,-1170.38,-572.177
-1292.0,-562.0,-118.701,1.19894e-06,88.2374,-4.73262,91.7626,-12.1412,-1328.05,-615.479,-1170.39,-572.068
-1290.0,-562.0,-142.649,1.0941e-06,88.0537,-4.23087,91.9463,-13.7653,-1335.91,-615.702,-1185.68,-569.718
-1288.0,-562.0,-142.115,1.08746e-06,88.0269,-4.31326,91.9731,-13.7653,-1335.91,-615.702,-1185.68,-569.718
-1286.0,-562.0,-135.936,6.18881e-07,86.8294,-128.142,93.907,54.4423,-1392.92,-590.093,-1328.0,-615.477
-1284.0,-562.0,-110.706,5.73872e-07,86.2028,-131.234,93.7972,-44.1905,-1381.89,-617.603,-1330.94,-615.561
-1282.0,-562.0,-110.284,5.78301e-07,86.204,-131.732,93.796,-43.6922,-1381.59,-617.59,-1329.74,-615.527
-1280.0,-562.0,-120.168,5.82776e-07,86.2054,-132.336,93.7946,-43.396,-1381.4,-617.583,-1328.74,-615.498
-1278.0,-562.0,-127.57,5.87311e-07,86.2072,-133.094,93.7928,-43.396,-1381.4,-617.583,-1328.03,-615.478
-1276.0,-562.0,-132.256,5.91911e-07,86.2094,-133.835,93.7906,-43.396,-1381.4,-617.583,-1327.33,-615.458
-1274.0,-562.0,-133.724,5.19181e-07,85.6462,-142.024,94.3538,35.7331,-1385.93,-589.879,-1306.24,-587.164
-1272.0,-562.0,-118.843,5.24499e-07,85.6596,-143.145,94.3404,35.5328,-1385.82,-589.876,-1344.05,-616.008
-1270.0,-562.0,-117.702,5.29859e-07,85.673,-143.579,94.327,35.0988,-1385.58,-589.869,-1343.15,-615.97
-1268.0,-562.0,-114.467,5.3525e-07,85.6865,-144.004,94.3135,34.6734,-1385.34,-589.861,-1342.24,-615.932
-1266.0,-562.0,-111.714,5.40661e-07,85.7112,-144.421,94.2888,34.2566,-1385.1,-589.854,-1341.34,-615.894
-1264.0,-562.0,-110.032,5.46088e-07,85.7539,-144.83,94.2461,33.8481,-1384.86,-589.847,-1340.43,-615.856
-1262.0,-562.0,-109.052,5.51541e-07,85.796,-145.23,94.204,33.4477,-1384.62,-589.839,-1339.52,-615.817
-1260.0,-562.0,-108.479,5.57022e-07,85.8374,-145.623,94.1626,33.0552,-1384.38,-589.832,-1338.61,-615.779
-1258.0,-562.0,-110.289,5.32304e-07,85.6438,-152.004,94.3562,-23.169,-1360.93,-616.72,-1360.93,-616.72
-1256.0,-562.0,-111.503,5.38189e-07,85.6915,-152.339,94.3085,-22.8345,-1360.35,-616.695,-1360.35,-616.695
-1254.0,-562.0,-108.107,5.7369e-07,85.9585,-147.408,94.0415,32.8426,-1384.24,-589.828,-1338.1,-615.764
-1252.0,-562.0,-108.0,5.79322e-07,85.9818,-147.765,94.0182,32.4862,-1384.01,-589.821,-1337.22,-615.739
-1250.0,-562.0,-107.961,5.84983e-07,85.9931,-148.114,94.0069,32.1367,-1383.78,-589.814,-1336.34,-615.714
-1248.0,-562.0,-107.973,5.90666e-07,86.0043,-148.457,93.9957,31.7939,-1383.56,-589.807,-1335.47,-615.689
-1246.0,-562.0,-108.028,5.96369e-07,86.0154,-148.793,93.9846,31.4577,-1383.33,-589.8,-1334.59,-615.665
-1244.0,-562.0,-108.053,5.73953e-07,85.8313,-154.2,94.1687,-20.9737,-1356.83,-616.547,-1356.83,-616.547
-1242.0,-562.0,-107.779,5.79962e-07,85.8617,-154.487,94.1383,-20.686,-1356.24,-616.522,-1356.24,-616.522
-1240.0,-562.0,-107.606,5.85976e-07,85.9043,-154.769,94.0957,-20.4042,-1355.65,-616.497,-1355.65,-616.497
-1238.0,-562.0,-107.502,5.92004e-07,85.9461,-155.045,94.0539,-20.1282,-1355.06,-616.472,-1355.06,-616.472
-1236.0,-562.0,-107.445,5.98046e-07,85.9871,-155.316,94.0129,-19.8578,-1354.46,-616.447,-1354.46,-616.447
-1234.0,-562.0,-107.423,6.04102e-07,86.0274,-155.581,93.9726,-19.5928,-1353.86,-616.422,-1353.86,-616.422
-1232.0,-562.0,-107.424,6.1017e-07,86.067,-155.84,93.933,-19.3331,-1353.27,-616.397,-1353.27,-616.397
-1230.0,-562.0,-107.443,6.16251e-07,86.1058,-156.095,93.8942,-19.0786,-1352.67,-616.371,-1352.67,-616.371
-1228.0,-562.0,-107.476,6.22344e-07,86.144,-156.344,93.856,-18.8291,-1352.06,-616.346,-1352.06,-616.346
-1226.0,-562.0,-107.518,6.28448e-07,86.1815,-156.589,93.8185,-18.5844,-1351.46,-616.321,-1351.46,-616.321
-1224.0,-562.0,-107.569,6.34564e-07,86.2184,-156.829,93.7816,-18.3445,-1350.86,-616.295,-1350.86,-616.295
-1222.0,-562.0,-107.625,6.40692e-07,86.2546,-157.064,93.7454,-18.1092,-1350.25,-616.27,-1350.25,-616.27
-1220.0,-562.0,-107.687,6.4683e-07,86.2902,-157.295,93.7098,-17.8783,-1349.64,-616.244,-1349.64,-616.244
-1218.0,-562.0,-107.752,6.52953e-07,86.3594,-157.522,93.6406,-17.6518,-1349.03,-616.218,-1349.03,-616.218
-1216.0,-562.0,-107.82,6.59077e-07,86.4424,-157.744,93.5576,-17.4296,-1348.42,-616.192,-1348.42,-616.192
-1214.0,-562.0,-107.891,6.65212e-07,86.5238,-157.962,93.4762,-17.2115,-1347.81,-616.167,-1347.81,-616.167
-1212.0,-562.0,-107.964,6.71358e-07,86.6039,-158.176,93.3961,-16.9974,-1347.2,-616.141,-1347.2,-616.141
-1210.0,-562.0,-108.039,6.77514e-07,86.6825,-158.386,93.3175,-16.7872,-1346.58,-616.115,-1346.58,-616.115
-1208.0,-562.0,-108.116,6.8368e-07,86.7597,-158.592,93.2403,-16.5809,-1345.97,-616.089,-1345.97,-616.089
-1206.0,-562.0,-108.194,6.89856e-07,86.8356,-158.795,93.1644,-16.3783,-1345.35,-616.063,-1345.35,-616.063
-1204.0,-562.0,-108.274,6.96029e-07,86.9307,-158.994,93.0693,-16.1793,-1344.73,-616.037,-1344.73,-616.037
-1202.0,-562.0,-108.354,7.02209e-07,87.0268,-159.189,92.9732,-15.9839,-1344.11,-616.011,-1344.11,-616.011
-1600.0,-560.0,-125.333,6.8062e-07,90.5891,-11.6876,89.4109,169.301,-1476.53,-585.541,-1476.53,-585.541
-1598.0,-560.0,-126.664,6.74085e-07,90.5709,-11.8747,89.4291,169.301,-1476.53,-585.541,-1476.53,-585.541
-1596.0,-560.0,-127.866,6.67554e-07,90.5523,-12.0677,89.4477,169.301,-1476.53,-585.541,-1476.53,-585.541
-1594.0,-560.0,-128.95,6.61028e-07,90.5333,-12.267,89.4667,169.301,-1476.53,-585.541,-1476.53,-585.541
-1592.0,-560.0,-129.938,6.54507e-07,90.514,-12.4728,89.486,169.301,-1476.53,-585.541,-1476.53,-585.541
-1590.0,-560.0,-130.845,6.47992e-07,90.4942,-12.6856,89.5058,169.301,-1476.53,-585.541,-1476.53,-585.541
-1588.0,-560.0,-131.684,6.41482e-07,90.4741,-12.9057,89.5259,169.301,-1476.53,-585.541,-1476.53,-585.541
-1586.0,-560.0,-132.465,6.34978e-07,90.4535,-13.1334,89.5465,169.301,-1476.53,-585.541,-1476.53,-585.541
-1584.0,-560.0,-133.198,6.28477e-07,90.4003,-13.3691,89.5997,169.301,-1476.53,-585.541,-1476.53,-585.541
-1582.0,-560.0,-133.888,6.21981e-07,90.3007,-13.6133,89.6993,169.301,-1476.53,-585.541,-1476.53,-585.541
-1580.0,-560.0,-133.896,1.38474e-06,90.0885,-4.69328,89.9115,175.14,-1593.43,-583.553,-1476.93,-568.461
-1578.0,-560.0,-133.795,1.37809e-06,90.042,-4.71599,89.958,175.117,-1593.43,-583.476,-1476.94,-568.337
-1576.0,-560.0,-135.759,6.02547e-07,89.989,-14.4012,90.011,169.301,-1476.53,-585.541,-1476.53,-585.541
-1574.0,-560.0,-136.329,5.96089e-07,89.8806,-14.6841,90.1194,169.301,-1476.53,-585.541,-1476.53,-585.541
-1572.0,-560.0,-136.878,5.89641e-07,89.7698,-14.978,90.2302,169.301,-1476.53,-585.541,-1476.53,-585.541
-1570.0,-560.0,-137.407,5.83205e-07,89.6566,-15.2837,90.3434,169.301,-1476.53,-585.541,-1476.53,-585.541
-1568.0,-560.0,-137.919,5.7678e-07,89.5408,-15.6018,90.4592,169.301,-1476.53,-585.541,-1476.53,-585.541
-1566.0,-560.0,-138.416,5.70368e-07,89.4225,-15.933,90.5775,169.301,-1476.53,-585.541,-1476.53,-585.541
-1564.0,-560.0,-138.899,5.6397e-07,89.3014,-16.2782,90.6986,169.301,-1476.53,-585.541,-1476.53,-585.541
-1562.0,-560.0,-139.369,5.57585e-07,89.1776,-16.6383,90.8224,169.301,-1476.53,-585.541,-1476.53,-585.541
-1560.0,-560.0,-139.828,5.5121e-07,89.0845,-17.0142,90.9155,169.301,-1476.53,-585.541,-1476.53,-585.541
-1558.0,-560.0,-140.276,5.44846e-07,89.0146,-17.407,90.9854,169.301,-1476.53,-585.541,-1476.53,-585.541
-1556.0,-560.0,-140.714,5.38496e-07,88.943,-17.8177,91.057,169.301,-1476.53,-585.541,-1476.53,-585.541
-1554.0,-560.0,-141.142,5.32163e-07,88.8697,-18.2476,91.1303,169.301,-1476.53,-585.541,-1476.53,-585.541
-1552.0,-560.0,-141.56,5.25846e-07,88.7948,-18.6979,91.2052,169.301,-1476.53,-585.541,-1476.53,-585.541
-1550.0,-560.0,-141.968,5.19547e-07,88.718,-19.1702,91.282,169.301,-1476.53,-585.541,-1476.53,-585.541
-1548.0,-560.0,-142.367,5.13268e-07,88.6394,-19.6661,91.3606,169.301,-1476.53,-585.541,-1476.53,-585.541
-1546.0,-560.0,-142.762,5.0701e-07,88.5583,-20.1871,91.4417,169.301,-1476.53,-585.541,-1476.53,-585.541
-1544.0,-560.0,-143.161,5.00781e-07,88.4437,-20.7353,91.5563,169.301,-1476.53,-585.541,-1476.53,-585.541
-1542.0,-560.0,-143.577,4.94578e-07,88.3262,-21.3127,91.6738,169.301,-1476.53,-585.541,-1476.53,-585.541
-1540.0,-560.0,-144.013,4.88403e-07,88.2059,-21.9215,91.7941,169.301,-1476.53,-585.541,-1476.53,-585.541
-1538.0,-560.0,-144.465,4.82256e-07,88.0826,-22.5642,91.9174,169.301,-1476.53,-585.541,-1476.53,-585.541
-1536.0,-560.0,-144.919,4.7612e-07,88.03,-23.2436,91.97,169.301,-1476.53,-585.541,-1476.53,-585.541
-1534.0,-560.0,-145.371,4.70009e-07,88.0044,-23.9628,91.9956,169.301,-1476.53,-585.541,-1476.53,-585.541
-1532.0,-560.0,-145.819,4.63932e-07,87.9782,-24.725,92.0218,169.301,-1476.53,-585.541,-1476.53,-585.541
-1530.0,-560.0,-146.26,4.57894e-07,87.9516,-25.5339,92.0484,169.301,-1476.53,-585.541,-1476.53,-585.541
-1528.0,-560.0,-146.694,4.51898e-07,87.9244,-26.3936,92.0756,169.301,-1476.53,-585.541,-1476.53,-585.541
-1526.0,-560.0,-147.114,4.45948e-07,87.8967,-27.3087,92.1033,169.301,-1476.53,-585.541,-1476.53,-585.541
-1524.0,-560.0,-147.5,4.40048e-07,87.8685,-28.2841,92.1315,169.301,-1476.53,-585.541,-1476.53,-585.541
-1522.0,-560.0,-147.819,4.34206e-07,87.8334,-29.3254,92.1666,169.301,-1476.53,-585.541,-1476.53,-585.541
-1520.0,-560.0,-148.125,4.28435e-07,87.7665,-30.4387,92.2335,169.301,-1476.53,-585.541,-1476.53,-585.541
-1518.0,-560.0,-148.706,4.22732e-07,87.6981,-31.6308,92.3019,169.301,-1476.53,-585.541,-1476.53,-585.541
-1516.0,-560.0,-149.387,4.17105e-07,87.6284,-32.9093,92.3716,169.301,-1476.53,-585.541,-1476.53,-585.541
-1514.0,-560.0,-149.981,4.11563e-07,87.5572,-34.2825,92.4428,169.301,-1476.53,-585.541,-1476.53,-585.541
-1512.0,-560.0,-150.483,4.06082e-07,87.5895,-35.7595,92.4105,169.301,-1476.53,-585.541,-1476.53,-585.541
-1510.0,-560.0,-150.78,4.00702e-07,87.6377,-37.3504,92.3623,169.301,-1476.53,-585.541,-1476.53,-585.541
-1508.0,-560.0,-150.97,3.95439e-07,87.688,-39.0661,92.312,169.301,-1476.53,-585.541,-1476.53,-585.541
-1506.0,-560.0,-152.033,9.52644e-07,80.8375,-170.103,87.1455,172.725,-1593.61,-575.285,-1593.61,-575.285
-1504.0,-560.0,-152.095,9.59101e-07,81.0787,-170.177,87.145,172.792,-1593.6,-575.515,-1593.6,-575.515
-1502.0,-560.0,-152.177,9.65599e-07,81.2681,-170.248,87.1445,172.858,-1593.6,-575.743,-1593.6,-575.743
-1500.0,-560.0,-152.262,9.72102e-07,81.4497,-170.318,87.144,172.924,-1593.59,-575.968,-1593.59,-575.968
-1498.0,-560.0,-152.35,9.7861e-07,81.6239,-170.387,87.1435,172.988,-1593.59,-576.19,-1593.59,-576.19
-1496.0,-560.0,-152.441,9.85121e-07,81.7912,-170.455,87.1431,173.052,-1593.58,-576.409,-1593.58,-576.409
-1494.0,-560.0,-152.535,9.91637e-07,81.952,-170.522,87.1426,173.115,-1593.58,-576.625,-1593.58,-576.625
-1492.0,-560.0,-152.631,9.98156e-07,82.1066,-170.588,87.1422,173.177,-1593.57,-576.838,-1593.57,-576.838
-1490.0,-560.0,-152.729,1.00468e-06,82.2554,-170.652,87.1418,173.238,-1593.57,-577.049,-1593.57,-577.049
-1488.0,-560.0,-152.83,1.01121e-06,82.3987,-170.716,87.1413,173.299,-1593.56,-577.257,-1593.56,-577.257
-1486.0,-560.0,-152.933,1.01774e-06,82.5368,-170.779,87.1409,173.358,-1593.56,-577.462,-1593.56,-577.462
-1484.0,-560.0,-153.037,1.02427e-06,82.6699,-170.841,87.1405,173.417,-1593.56,-577.664,-1593.56,-577.664
-1482.0,-560.0,-153.143,1.0308e-06,82.7985,-170.902,87.1401,173.476,-1593.55,-577.864,-1593.55,-577.864
-1480.0,-560.0,-153.251,1.03734e-06,82.9226,-170.962,87.1397,173.533,-1593.55,-578.062,-1593.55,-578.062
-1478.0,-560.0,-153.36,1.04389e-06,83.0425,-171.021,87.1394,173.59,-1593.54,-578.257,-1593.54,-578.257
-1476.0,-560.0,0.0,0.0,0.0,0.0,0.0,0.0,0.0,0.0,0.0,0.0
-1474.0,-560.0,0.0,0.0,0.0,0.0,0.0,0.0,0.0,0.0,0.0,0.0
-1472.0,-560.0,0.0,0.0,0.0,0.0,0.0,0.0,0.0,0.0,0.0,0.0
-1470.0,-560.0,0.0,0.0,0.0,0.0,0.0,0.0,0.0,0.0,0.0,0.0
-1468.0,-560.0,0.0,0.0,0.0,0.0,0.0,0.0,0.0,0.0,0.0,0.0
-1466.0,-560.0,0.0,0.0,0.0,0.0,0.0,0.0,0.0,0.0,0.0,0.0
-1464.0,-560.0,0.0,0.0,0.0,0.0,0.0,0.0,0.0,0.0,0.0,0.0
-1462.0,-560.0,0.0,0.0,0.0,0.0,0.0,0.0,0.0,0.0,0.0,0.0
-1460.0,-560.0,0.0,0.0,0.0,0.0,0.0,0.0,0.0,0.0,0.0,0.0
-1458.0,-560.0,-114.809,3.5867e-07,87.1961,-122.233,92.8039,124.961,-1438.65,-544.728,-1459.15,-561.816
-1456.0,-560.0,-109.221,3.00353e-07,86.5973,53.5694,93.4027,129.101,-1425.63,-568.463,-1444.84,-544.875
-1454.0,-560.0,-101.964,2.96465e-07,86.498,54.6333,93.502,128.09,-1443.24,-544.837,-1443.24,-544.837
-1452.0,-560.0,-101.815,2.92678e-07,86.3974,55.7008,93.6026,127.022,-1441.63,-544.799,-1441.63,-544.799
-1450.0,-560.0,-102.138,2.88996e-07,86.2955,56.7962,93.7045,125.927,-1440.03,-544.76,-1440.03,-544.76
-1448.0,-560.0,-103.494,2.85422e-07,86.1924,57.9196,93.8076,124.803,-1438.42,-544.722,-1438.42,-544.722
-1446.0,-560.0,-104.925,3.33825e-07,86.6967,-61.8624,93.3033,118.166,-1429.71,-544.515,-1441.28,-568.831
-1444.0,-560.0,-107.597,2.78618e-07,85.9832,60.2516,94.0168,122.471,-1435.23,-544.646,-1435.23,-544.646
-1442.0,-560.0,-103.205,2.75396e-07,85.8773,61.4602,94.1227,121.263,-1433.63,-544.608,-1433.63,-544.608
-1440.0,-560.0,-101.747,2.723e-07,85.771,62.6972,94.229,120.026,-1432.04,-544.571,-1432.04,-544.571
-1438.0,-560.0,-101.284,2.69333e-07,85.6642,63.9625,94.3358,118.76,-1430.44,-544.533,-1430.44,-544.533
-1436.0,-560.0,-119.155,1.58916e-06,89.2557,10.4239,90.7443,-14.3334,-1338.28,-615.77,-1361.04,-546.209
-1434.0,-560.0,-113.957,3.78881e-07,86.834,74.0883,93.166,-103.963,-1404.61,-618.561,-1429.58,-544.512
-1432.0,-560.0,-95.6568,1.72234e-07,82.9273,-51.3402,97.0727,128.66,-1432.0,-560.0,-1400.0,-600.0
-1430.0,-560.0,-95.4515,1.68214e-07,82.6607,-53.1301,97.3393,126.87,-1430.0,-560.0,-1400.0,-600.0
-1428.0,-560.0,-95.2504,1.64368e-07,82.3889,-55.008,97.6111,124.992,-1428.0,-560.0,-1400.0,-600.0
-1426.0,-560.0,-95.0546,1.60707e-07,82.1131,-56.9761,97.8869,123.024,-1426.0,-560.0,-1400.0,-600.0
-1424.0,-560.0,-94.8653,1.57244e-07,81.8347,-59.0362,98.1653,120.964,-1424.0,-560.0,-1400.0,-600.0
-1422.0,-560.0,-94.6837,1.53994e-07,81.5552,-61.1892,98.4448,118.811,-1422.0,-560.0,-1400.0,-600.0
-1420.0,-560.0,-94.5113,1.50969e-07,81.2766,-63.4349,98.7234,116.565,-1420.0,-560.0,-1400.0,-600.0
-1418.0,-560.0,-94.3481,1.48162e-07,81.0546,-65.7723,98.9454,114.228,-1418.0,-560.0,-1400.0,-600.0
-1416.0,-560.0,-94.1956,1.45585e-07,80.8949,-68.1986,99.1051,111.801,-1416.0,-560.0,-1400.0,-600.0
-1414.0,-560.0,-94.0564,1.43272e-07,80.7466,-70.71,99.2534,109.29,-1414.0,-560.0,-1400.0,-600.0
-1412.0,-560.0,-93.9321,1.41237e-07,80.6121,-73.3008,99.3879,106.699,-1412.0,-560.0,-1400.0,-600.0
-1410.0,-560.0,-93.824,1.39492e-07,80.4936,-75.9638,99.5064,104.036,-1410.0,-560.0,-1400.0,-600.0
-1408.0,-560.0,-93.7336,1.38048e-07,80.3933,-78.6901,99.6067,101.31,-1408.0,-560.0,-1400.0,-600.0
-1406.0,-560.0,-93.6619,1.36914e-07,80.313,-81.4692,99.687,98.5308,-1406.0,-560.0,-1400.0,-600.0
-1404.0,-560.0,-93.61,1.36099e-07,80.2544,-84.2894,99.7456,95.7106,-1404.0,-560.0,-1400.0,-600.0
-1402.0,-560.0,-93.5814,1.35652e-07,80.1092,-87.1376,99.8908,92.8624,-1402.0,-560.0,-1400.0,-600.0
-1400.0,-560.0,-93.574,1.35536e-07,79.9798,-90.0,100.02,90.0,-1400.0,-560.0,-1400.0,-600.0
-1398.0,-560.0,0.0,0.0,0.0,0.0,0.0,0.0,0.0,0.0,0.0,0.0
-1396.0,-560.0,0.0,0.0,0.0,0.0,0.0,0.0,0.0,0.0,0.0,0.0
-1394.0,-560.0,0.0,0.0,0.0,0.0,0.0,0.0,0.0,0.0,0.0,0.0
-1392.0,-560.0,0.0,0.0,0.0,0.0,0.0,0.0,0.0,0.0,0.0,0.0
-1390.0,-560.0,0.0,0.0,0.0,0.0,0.0,0.0,0.0,0.0,0.0,0.0
-1388.0,-560.0,0.0,0.0,0.0,0.0,0.0,0.0,0.0,0.0,0.0,0.0
-1386.0,-560.0,0.0,0.0,0.0,0.0,0.0,0.0,0.0,0.0,0.0,0.0
-1384.0,-560.0,0.0,0.0,0.0,0.0,0.0,0.0,0.0,0.0,0.0,0.0
-1382.0,-560.0,0.0,0.0,0.0,0.0,0.0,0.0,0.0,0.0,0.0,0.0
-1380.0,-560.0,0.0,0.0,0.0,0.0,0.0,0.0,0.0,0.0,0.0,0.0
-1378.0,-560.0,0.0,0.0,0.0,0.0,0.0,0.0,0.0,0.0,0.0,0.0
-1376.0,-560.0,0.0,0.0,0.0,0.0,0.0,0.0,0.0,0.0,0.0,0.0
-1374.0,-560.0,0.0,0.0,0.0,0.0,0.0,0.0,0.0,0.0,0.0,0.0
-1372.0,-560.0,0.0,0.0,0.0,0.0,0.0,0.0,0.0,0.0,0.0,0.0
-1370.0,-560.0,0.0,0.0,0.0,0.0,0.0,0.0,0.0,0.0,0.0,0.0
-1368.0,-560.0,0.0,0.0,0.0,0.0,0.0,0.0,0.0,0.0,0.0,0.0
-1366.0,-560.0,0.0,0.0,0.0,0.0,0.0,0.0,0.0,0.0,0.0,0.0
-1364.0,-560.0,0.0,0.0,0.0,0.0,0.0,0.0,0.0,0.0,0.0,0.0
-1362.0,-560.0,0.0,0.0,0.0,0.0,0.0,0.0,0.0,0.0,0.0,0.0
-1360.0,-560.0,0.0,0.0,0.0,0.0,0.0,0.0,0.0,0.0,0.0,0.0
-1358.0,-560.0,0.0,0.0,0.0,0.0,0.0,0.0,0.0,0.0,0.0,0.0
-1356.0,-560.0,-121.207,1.41203e-06,88.9298,-4.28747,91.0702,-11.6961,-1325.57,-615.408,-1170.22,-573.928
-1354.0,-560.0,-121.116,1.40538e-06,88.9247,-4.30782,91.0753,-11.7164,-1325.69,-615.412,-1170.23,-573.843
-1352.0,-560.0,-121.025,1.39872e-06,88.9196,-4.32836,91.0804,-11.7369,-1325.8,-615.415,-1170.23,-573.757
-1350.0,-560.0,-120.934,1.39207e-06,88.9144,-4.34909,91.0856,-11.7577,-1325.92,-615.418,-1170.24,-573.671
-1348.0,-560.0,-120.842,1.38542e-06,88.9092,-4.37002,91.0908,-11.7786,-1326.04,-615.422,-1170.25,-573.584
-1346.0,-560.0,-120.748,1.37877e-06,88.8815,-4.39116,91.1185,-11.7997,-1326.16,-615.425,-1170.26,-573.495
-1344.0,-560.0,-120.653,1.37213e-06,88.8525,-4.4125,91.1475,-11.8211,-1326.28,-615.429,-1170.27,-573.406
-1342.0,-560.0,-120.557,1.36549e-06,88.8233,-4.43404,91.1767,-11.8426,-1326.4,-615.432,-1170.28,-573.316
-1340.0,-560.0,-120.462,1.35885e-06,88.7938,-4.4558,91.2062,-11.8644,-1326.53,-615.436,-1170.28,-573.225
-1338.0,-560.0,-120.366,1.35221e-06,88.764,-4.47778,91.236,-11.8864,-1326.65,-615.439,-1170.29,-573.133
-1336.0,-560.0,-120.269,1.34557e-06,88.7339,-4.49997,91.2661,-11.9086,-1326.77,-615.443,-1170.3,-573.041
-1334.0,-560.0,-120.173,1.33894e-06,88.7035,-4.52238,91.2965,-11.931,-1326.9,-615.446,-1170.31,-572.947
-1332.0,-560.0,-120.077,1.33229e-06,88.6823,-4.54501,91.3177,-11.9536,-1327.02,-615.45,-1170.32,-572.852
-1330.0,-560.0,-119.983,1.32564e-06,88.6757,-4.56788,91.3243,-11.9765,-1327.15,-615.453,-1170.33,-572.757
-1328.0,-560.0,-119.888,1.31899e-06,88.669,-4.59097,91.331,-11.9996,-1327.28,-615.457,-1170.34,-572.66
-1326.0,-560.0,-119.793,1.31234e-06,88.6623,-4.6143,91.3377,-12.0229,-1327.41,-615.461,-1170.35,-572.563
-1324.0,-560.0,-119.698,1.30569e-06,88.6541,-4.63786,91.3459,-12.0464,-1327.54,-615.464,-1170.36,-572.464
-1322.0,-560.0,-119.601,1.29905e-06,88.6348,-4.66167,91.3652,-12.0703,-1327.67,-615.468,-1170.36,-572.365
-1320.0,-560.0,-119.504,1.29241e-06,88.6152,-4.68572,91.3848,-12.0943,-1327.8,-615.472,-1170.37,-572.264
-1318.0,-560.0,-119.407,1.28576e-06,88.5955,-4.71002,91.4045,-12.1186,-1327.93,-615.475,-1170.38,-572.162
-1316.0,-560.0,-119.31,1.27912e-06,88.5756,-4.73457,91.4244,-12.1432,-1328.06,-615.479,-1170.39,-572.06
-1314.0,-560.0,-119.211,1.27249e-06,88.5449,-4.75938,91.4551,-12.168,-1328.19,-615.483,-1170.4,-571.956
-1312.0,-560.0,-119.111,1.26585e-06,88.5117,-4.78445,91.4883,-12.193,-1328.33,-615.487,-1170.41,-571.851
-1310.0,-560.0,-119.011,1.25922e-06,88.4782,-4.80979,91.5218,-12.2184,-1328.46,-615.491,-1170.42,-571.745
-1308.0,-560.0,-118.911,1.25259e-06,88.4444,-4.83539,91.5556,-12.244,-1328.6,-615.495,-1170.43,-571.637
-1306.0,-560.0,-118.811,1.24596e-06,88.4102,-4.86127,91.5898,-12.2699,-1328.74,-615.498,-1170.44,-571.529
-1304.0,-560.0,-118.711,1.23933e-06,88.3756,-4.88743,91.6244,-12.296,-1328.88,-615.502,-1170.45,-571.42
-1302.0,-560.0,-118.61,1.2327e-06,88.3407,-4.91386,91.6593,-12.3224,-1329.02,-615.506,-1170.46,-571.309
-1300.0,-560.0,-118.51,1.22606e-06,88.3089,-4.94059,91.6911,-12.3492,-1329.16,-615.51,-1170.47,-571.197
-1298.0,-560.0,-118.411,1.21943e-06,88.2865,-4.96761,91.7135,-12.3762,-1329.3,-615.514,-1170.48,-571.084
-1296.0,-560.0,-138.216,1.11457e-06,88.1107,-5.03375,91.8893,-13.7653,-1335.91,-615.702,-1185.68,-569.718
-1294.0,-560.0,-137.42,1.10794e-06,88.0848,-5.1262,91.9152,-13.7653,-1335.91,-615.702,-1185.68,-569.718
-1292.0,-560.0,-136.554,1.1013e-06,88.0586,-5.2221,91.9414,-13.7653,-1335.91,-615.702,-1185.68,-569.718
-1290.0,-560.0,-135.602,1.09467e-06,88.0321,-5.32164,91.9679,-13.7653,-1335.91,-615.702,-1185.68,-569.718
-1288.0,-560.0,-134.551,1.08804e-06,88.0052,-5.42504,91.9948,-13.7653,-1335.91,-615.702,-1185.68,-569.718
-1286.0,-560.0,-133.378,1.08141e-06,87.9781,-5.53253,92.0219,-13.7653,-1335.91,-615.702,-1185.68,-569.718
-1284.0,-560.0,-132.101,1.07479e-06,87.9506,-5.64435,92.0494,-13.7653,-1335.91,-615.702,-1185.68,-569.718
-1282.0,-560.0,-110.768,5.83316e-07,86.1942,-131.295,93.8058,-44.1295,-1381.86,-617.602,-1330.8,-615.557
-1280.0,-560.0,-110.393,5.8775e-07,86.1954,-131.785,93.8046,-43.6396,-1381.56,-617.589,-1329.62,-615.523
-1278.0,-560.0,-121.051,5.9223e-07,86.1969,-132.402,93.8031,-43.396,-1381.4,-617.583,-1328.68,-615.497
-1276.0,-560.0,-124.786,1.04829e-06,87.8371,-6.1406,92.1629,-13.7653,-1335.91,-615.702,-1185.68,-569.718
-1274.0,-560.0,-122.406,1.04167e-06,87.8079,-6.27855,92.1921,-13.7653,-1335.91,-615.702,-1185.68,-569.718
-1272.0,-560.0,-115.105,1.03506e-06,87.7782,-6.37104,92.2218,-13.7855,-1335.99,-615.704,-1185.68,-569.638
-1270.0,-560.0,-115.01,1.02844e-06,87.7482,-6.41233,92.2518,-13.8268,-1336.17,-615.71,-1185.7,-569.474
-1268.0,-560.0,-114.915,1.02182e-06,87.7202,-6.45415,92.2798,-13.8686,-1336.35,-615.715,-1185.71,-569.309
-1266.0,-560.0,-114.821,1.0152e-06,87.7053,-6.49652,92.2947,-13.911,-1336.53,-615.72,-1185.73,-569.141
-1264.0,-560.0,-112.849,5.49964e-07,85.7614,-144.26,94.2386,34.418,-1385.2,-589.857,-1341.69,-615.909
-1262.0,-560.0,-110.81,5.5538e-07,85.8028,-144.663,94.1972,34.0148,-1384.96,-589.85,-1340.8,-615.871
-1260.0,-560.0,-109.601,5.60823e-07,85.8436,-145.058,94.1564,33.6194,-1384.72,-589.842,-1339.91,-615.834
-1258.0,-560.0,-108.888,5.66292e-07,85.8838,-145.446,94.1162,33.2317,-1384.49,-589.835,-1339.02,-615.796
-1256.0,-560.0,-114.35,9.8208e-07,87.6278,-6.71697,92.3722,-14.1314,-1337.46,-615.746,-1185.81,-568.266
-1254.0,-560.0,-110.662,5.47196e-07,85.7399,-152.043,94.2601,-23.1299,-1360.86,-616.717,-1360.86,-616.717
-1252.0,-560.0,-108.394,5.82915e-07,85.9853,-147.208,94.0147,33.0424,-1384.37,-589.832,-1338.58,-615.778
-1250.0,-560.0,-108.238,5.88542e-07,85.9963,-147.561,94.0037,32.6897,-1384.14,-589.825,-1337.72,-615.754
-1248.0,-560.0,-108.163,5.94191e-07,86.0072,-147.907,93.9928,32.3437,-1383.92,-589.818,-1336.86,-615.729
-1246.0,-560.0,-108.147,5.99861e-07,86.018,-148.247,93.982,32.0042,-1383.7,-589.811,-1336.01,-615.705
-1244.0,-560.0,-108.175,6.05546e-07,86.0369,-148.58,93.9631,31.6711,-1383.47,-589.804,-1335.15,-615.68
-1242.0,-560.0,-108.241,6.11237e-07,86.0738,-148.907,93.9262,31.3443,-1383.25,-589.797,-1334.29,-615.656
-1240.0,-560.0,-108.309,5.88844e-07,85.9243,-154.18,94.0757,-20.9931,-1356.87,-616.549,-1356.87,-616.549
-1238.0,-560.0,-108.032,5.94844e-07,85.9655,-154.461,94.0345,-20.7124,-1356.3,-616.524,-1356.3,-616.524
-1236.0,-560.0,-107.854,6.00857e-07,86.0059,-154.736,93.9941,-20.4374,-1355.72,-616.5,-1355.72,-616.5
-1234.0,-560.0,-107.744,6.06884e-07,86.0456,-155.005,93.9544,-20.1679,-1355.14,-616.476,-1355.14,-616.476
-1232.0,-560.0,-107.683,6.12925e-07,86.0847,-155.27,93.9153,-19.9037,-1354.56,-616.451,-1354.56,-616.451
-1230.0,-560.0,-107.655,6.18979e-07,86.123,-155.529,93.877,-19.6447,-1353.98,-616.427,-1353.98,-616.427
-1228.0,-560.0,-107.652,6.25045e-07,86.1607,-155.783,93.8393,-19.3907,-1353.4,-616.402,-1353.4,-616.402
-1226.0,-560.0,-107.667,6.31124e-07,86.1977,-156.032,93.8023,-19.1416,-1352.82,-616.378,-1352.82,-616.378
-1224.0,-560.0,-107.695,6.37214e-07,86.2341,-156.276,93.7659,-18.8973,-1352.23,-616.353,-1352.23,-616.353
-1222.0,-560.0,-107.734,6.43316e-07,86.2699,-156.516,93.7301,-18.6577,-1351.64,-616.328,-1351.64,-616.328
-1220.0,-560.0,-107.781,6.49413e-07,86.3279,-156.751,93.6721,-18.4226,-1351.05,-616.303,-1351.05,-616.303
-1218.0,-560.0,-107.833,6.55502e-07,86.4114,-156.981,93.5886,-18.1919,-1350.46,-616.279,-1350.46,-616.279
-1216.0,-560.0,-107.891,6.61602e-07,86.4934,-157.208,93.5066,-17.9655,-1349.87,-616.254,-1349.87,-616.254
-1214.0,-560.0,-107.953,6.67714e-07,86.574,-157.43,93.426,-17.7432,-1349.28,-616.229,-1349.28,-616.229
-1212.0,-560.0,-108.018,6.73837e-07,86.6531,-157.648,93.3469,-17.5251,-1348.69,-616.204,-1348.69,-616.204
-1210.0,-560.0,-108.086,6.79971e-07,86.7309,-157.862,93.2691,-17.3109,-1348.09,-616.179,-1348.09,-616.179
-1208.0,-560.0,-108.156,6.86116e-07,86.8073,-158.073,93.1927,-17.1006,-1347.49,-616.153,-1347.49,-616.153
-1206.0,-560.0,-108.228,6.92271e-07,86.8825,-158.279,93.1175,-16.894,-1346.9,-616.128,-1346.9,-616.128
-1204.0,-560.0,-108.302,6.98422e-07,86.9767,-158.482,93.0233,-16.6911,-1346.3,-616.103,-1346.3,-616.103
-1202.0,-560.0,-108.378,7.04583e-07,87.072,-158.682,92.928,-16.4918,-1345.69,-616.078,-1345.69,-616.078
-1600.0,-558.0,-130.912,6.82022e-07,90.5879,-12.5747,89.4121,169.301,-1476.53,-585.541,-1476.53,-585.541
-1598.0,-558.0,-131.723,6.75509e-07,90.5697,-12.7751,89.4303,169.301,-1476.53,-585.541,-1476.53,-585.541
-1596.0,-558.0,-132.479,6.69001e-07,90.5511,-12.9817,89.4489,169.301,-1476.53,-585.541,-1476.53,-585.541
-1594.0,-558.0,-133.188,6.62499e-07,90.5321,-13.1951,89.4679,169.301,-1476.53,-585.541,-1476.53,-585.541
-1592.0,-558.0,-133.767,1.42521e-06,90.236,-4.82896,89.764,175.004,-1593.44,-583.091,-1476.95,-567.719
-1590.0,-558.0,-133.664,1.41856e-06,90.2258,-4.85165,89.7742,174.982,-1593.44,-583.013,-1476.96,-567.595
-1588.0,-558.0,-133.559,1.41191e-06,90.2154,-4.87456,89.7846,174.959,-1593.44,-582.935,-1476.96,-567.47
-1586.0,-558.0,-133.453,1.40526e-06,90.2049,-4.89768,89.7951,174.935,-1593.44,-582.857,-1476.96,-567.343
-1584.0,-558.0,-133.347,1.39861e-06,90.1799,-4.92102,89.8201,174.912,-1593.44,-582.777,-1476.96,-567.216
-1582.0,-558.0,-133.24,1.39196e-06,90.1344,-4.94458,89.8656,174.889,-1593.45,-582.697,-1476.97,-567.087
-1580.0,-558.0,-133.132,1.38531e-06,90.0884,-4.96837,89.9116,174.865,-1593.45,-582.615,-1476.97,-566.957
-1578.0,-558.0,-137.755,6.10705e-07,90.0949,-15.1858,89.9051,169.301,-1476.53,-585.541,-1476.53,-585.541
-1576.0,-558.0,-138.234,6.04268e-07,89.9891,-15.4767,90.0109,169.301,-1476.53,-585.541,-1476.53,-585.541
-1574.0,-558.0,-138.699,5.97842e-07,89.881,-15.7786,90.119,169.301,-1476.53,-585.541,-1476.53,-585.541
-1572.0,-558.0,-139.152,5.91429e-07,89.7705,-16.0922,90.2295,169.301,-1476.53,-585.541,-1476.53,-585.541
-1570.0,-558.0,-139.593,5.85028e-07,89.6577,-16.4182,90.3423,169.301,-1476.53,-585.541,-1476.53,-585.541
-1568.0,-558.0,-140.023,5.7864e-07,89.5423,-16.7573,90.4577,169.301,-1476.53,-585.541,-1476.53,-585.541
-1566.0,-558.0,-140.444,5.72266e-07,89.4244,-17.1102,90.5756,169.301,-1476.53,-585.541,-1476.53,-585.541
-1564.0,-558.0,-140.856,5.65907e-07,89.3039,-17.4779,90.6961,169.301,-1476.53,-585.541,-1476.53,-585.541
-1562.0,-558.0,-141.259,5.59564e-07,89.1806,-17.8612,90.8194,169.301,-1476.53,-585.541,-1476.53,-585.541
-1560.0,-558.0,-141.654,5.53232e-07,89.0879,-18.261,90.9121,169.301,-1476.53,-585.541,-1476.53,-585.541
-1558.0,-558.0,-142.04,5.46913e-07,89.0183,-18.6786,90.9817,169.301,-1476.53,-585.541,-1476.53,-585.541
-1556.0,-558.0,-142.417,5.4061e-07,88.9471,-19.1149,91.0529,169.301,-1476.53,-585.541,-1476.53,-585.541
-1554.0,-558.0,-142.786,5.34325e-07,88.8743,-19.5714,91.1257,169.301,-1476.53,-585.541,-1476.53,-585.541
-1552.0,-558.0,-143.151,5.28059e-07,88.7998,-20.0492,91.2002,169.301,-1476.53,-585.541,-1476.53,-585.541
-1550.0,-558.0,-143.516,5.21814e-07,88.7236,-20.5499,91.2764,169.301,-1476.53,-585.541,-1476.53,-585.541
-1548.0,-558.0,-143.892,5.1559e-07,88.6456,-21.0751,91.3544,169.301,-1476.53,-585.541,-1476.53,-585.541
-1546.0,-558.0,-144.286,5.0939e-07,88.5657,-21.6266,91.4343,169.301,-1476.53,-585.541,-1476.53,-585.541
-1544.0,-558.0,-144.696,5.03218e-07,88.4758,-22.2061,91.5242,169.301,-1476.53,-585.541,-1476.53,-585.541
-1542.0,-558.0,-145.115,4.97078e-07,88.3596,-22.8159,91.6404,169.301,-1476.53,-585.541,-1476.53,-585.541
-1540.0,-558.0,-145.535,4.90969e-07,88.2405,-23.4582,91.7595,169.301,-1476.53,-585.541,-1476.53,-585.541
-1538.0,-558.0,-145.952,4.84893e-07,88.1185,-24.1355,91.8815,169.301,-1476.53,-585.541,-1476.53,-585.541
-1536.0,-558.0,-146.364,4.78831e-07,88.067,-24.8505,91.933,169.301,-1476.53,-585.541,-1476.53,-585.541
-1534.0,-558.0,-146.77,4.72797e-07,88.0423,-25.6062,91.9577,169.301,-1476.53,-585.541,-1476.53,-585.541
-1532.0,-558.0,-146.738,8.30345e-07,88.8854,41.9346,91.1146,136.96,-1425.45,-576.237,-1465.35,-498.122
-1530.0,-558.0,-146.633,8.25399e-07,88.8788,42.3795,91.1212,136.96,-1425.45,-576.237,-1464.32,-498.067
-1528.0,-558.0,-146.847,8.20488e-07,88.8721,42.8322,91.1279,136.96,-1425.45,-576.237,-1463.29,-498.013
-1526.0,-558.0,-147.649,8.15613e-07,88.8653,43.2926,91.1347,136.96,-1425.45,-576.237,-1462.27,-497.958
-1524.0,-558.0,-148.485,4.43295e-07,87.912,-30.1232,92.088,169.301,-1476.53,-585.541,-1476.53,-585.541
-1522.0,-558.0,-148.926,4.37558e-07,87.8846,-31.2052,92.1154,169.301,-1476.53,-585.541,-1476.53,-585.541
-1520.0,-558.0,-149.561,4.31893e-07,87.8417,-32.3591,92.1583,169.301,-1476.53,-585.541,-1476.53,-585.541
-1518.0,-558.0,-150.149,4.26309e-07,87.7755,-33.5912,92.2245,169.301,-1476.53,-585.541,-1476.53,-585.541
-1516.0,-558.0,-150.661,4.20808e-07,87.7081,-34.9087,92.2919,169.301,-1476.53,-585.541,-1476.53,-585.541
-1514.0,-558.0,-151.074,4.15398e-07,87.6393,-36.3192,92.3607,169.301,-1476.53,-585.541,-1476.53,-585.541
-1512.0,-558.0,-151.236,4.10059e-07,87.6732,-37.8308,92.3268,169.301,-1476.53,-585.541,-1476.53,-585.541
-1510.0,-558.0,-151.622,4.04828e-07,87.723,-39.4526,92.277,169.301,-1476.53,-585.541,-1476.53,-585.541
-1508.0,-558.0,-152.652,3.99721e-07,87.7747,-41.1942,92.2253,169.301,-1476.53,-585.541,-1476.53,-585.541
-1506.0,-558.0,-153.346,3.94761e-07,87.7994,-43.0658,92.2006,169.301,-1476.53,-585.541,-1476.53,-585.541
-1504.0,-558.0,-151.985,9.60248e-07,81.0924,-169.78,87.148,172.399,-1593.63,-574.16,-1593.63,-574.16
-1502.0,-558.0,-152.058,9.66739e-07,81.2813,-169.854,87.1474,172.468,-1593.63,-574.398,-1593.63,-574.398
-1500.0,-558.0,-152.135,9.73234e-07,81.4624,-169.927,87.1469,172.536,-1593.62,-574.632,-1593.62,-574.632
-1498.0,-558.0,-152.214,9.79734e-07,81.6361,-169.998,87.1464,172.603,-1593.62,-574.863,-1593.62,-574.863
-1496.0,-558.0,-152.297,9.86238e-07,81.803,-170.069,87.1459,172.669,-1593.61,-575.091,-1593.61,-575.091
-1494.0,-558.0,-152.383,9.92747e-07,81.9633,-170.138,87.1454,172.734,-1593.61,-575.316,-1593.61,-575.316
-1492.0,-558.0,-152.471,9.99259e-07,82.1175,-170.207,87.1449,172.799,-1593.6,-575.538,-1593.6,-575.538
-1490.0,-558.0,-152.562,1.00577e-06,82.2659,-170.274,87.1445,172.862,-1593.6,-575.757,-1593.6,-575.757
-1488.0,-558.0,-152.655,1.01229e-06,82.4089,-170.34,87.144,172.925,-1593.59,-575.973,-1593.59,-575.973
-1486.0,-558.0,-152.75,1.01882e-06,82.5466,-170.405,87.1436,172.987,-1593.59,-576.187,-1593.59,-576.187
-1484.0,-558.0,-152.846,1.02534e-06,82.6795,-170.47,87.1431,173.049,-1593.58,-576.398,-1593.58,-576.398
-1482.0,-558.0,-152.945,1.03187e-06,82.8077,-170.533,87.1427,173.109,-1593.58,-576.606,-1593.58,-576.606
-1480.0,-558.0,-153.045,1.0384e-06,82.9315,-170.595,87.1423,173.169,-1593.57,-576.812,-1593.57,-576.812
-1478.0,-558.0,-153.147,1.04494e-06,83.0512,-170.657,87.1418,173.228,-1593.57,-577.015,-1593.57,-577.015
-1476.0,-558.0,0.0,0.0,0.0,0.0,0.0,0.0,0.0,0.0,0.0,0.0
-1474.0,-558.0,0.0,0.0,0.0,0.0,0.0,0.0,0.0,0.0,0.0,0.0
-1472.0,-558.0,0.0,0.0,0.0,0.0,0.0,0.0,0.0,0.0,0.0,0.0
-1470.0,-558.0,0.0,0.0,0.0,0.0,0.0,0.0,0.0,0.0,0.0,0.0
-1468.0,-558.0,0.0,0.0,0.0,0.0,0.0,0.0,0.0,0.0,0.0,0.0
-1466.0,-558.0,0.0,0.0,0.0,0.0,0.0,0.0,0.0,0.0,0.0,0.0
-1464.0,-558.0,0.0,0.0,0.0,0.0,0.0,0.0,0.0,0.0,0.0,0.0
-1462.0,-558.0,0.0,0.0,0.0,0.0,0.0,0.0,0.0,0.0,0.0,0.0
-1460.0,-558.0,0.0,0.0,0.0,0.0,0.0,0.0,0.0,0.0,0.0,0.0
-1458.0,-558.0,-115.589,3.64316e-07,87.2735,-121.672,92.7265,124.4,-1437.86,-544.709,-1459.19,-559.928
-1456.0,-558.0,-115.27,3.67873e-07,87.256,-122.558,92.744,125.286,-1439.11,-544.739,-1459.12,-562.886
-1454.0,-558.0,-102.133,2.91046e-07,86.4753,53.8714,93.5247,128.852,-1444.41,-544.865,-1444.41,-544.865
-1452.0,-558.0,-101.635,2.87187e-07,86.3716,54.949,93.6284,127.774,-1442.76,-544.825,-1442.76,-544.825
-1450.0,-558.0,-101.612,2.83433e-07,86.2664,56.0558,93.7336,126.667,-1441.11,-544.786,-1441.11,-544.786
-1448.0,-558.0,-102.188,2.79788e-07,86.1599,57.1921,93.8401,125.531,-1439.46,-544.747,-1439.46,-544.747
-1446.0,-558.0,-104.385,2.76257e-07,86.0522,58.3583,93.9478,124.365,-1437.81,-544.708,-1437.81,-544.708
-1444.0,-558.0,-109.824,2.72843e-07,85.9435,59.5544,94.0565,123.168,-1436.16,-544.669,-1436.16,-544.669
-1442.0,-558.0,-104.901,2.69552e-07,85.8338,60.7807,94.1662,121.942,-1434.52,-544.63,-1434.52,-544.63
-1440.0,-558.0,-102.098,2.66388e-07,85.7235,62.037,94.2765,120.686,-1432.88,-544.591,-1432.88,-544.591
-1438.0,-558.0,-101.203,2.63355e-07,85.6127,63.3232,94.3873,119.4,-1431.24,-544.552,-1431.24,-544.552
-1436.0,-558.0,-101.006,2.60458e-07,85.5017,64.6392,94.4983,118.084,-1429.61,-544.513,-1429.61,-544.513
-1434.0,-558.0,-96.1119,1.81492e-07,83.4479,-51.009,96.5521,128.991,-1434.0,-558.0,-1400.0,-600.0
-1432.0,-558.0,-95.9151,1.7743e-07,83.2057,-52.6961,96.7943,127.304,-1432.0,-558.0,-1400.0,-600.0
-1430.0,-558.0,-95.7219,1.7353e-07,82.9585,-54.4623,97.0415,125.538,-1430.0,-558.0,-1400.0,-600.0
-1428.0,-558.0,-95.5332,1.69804e-07,82.7074,-56.3099,97.2926,123.69,-1428.0,-558.0,-1400.0,-600.0
-1426.0,-558.0,-95.35,1.66262e-07,82.4533,-58.2405,97.5467,121.759,-1426.0,-558.0,-1400.0,-600.0
-1424.0,-558.0,-95.1733,1.62917e-07,82.1975,-60.2551,97.8025,119.745,-1424.0,-558.0,-1400.0,-600.0
-1422.0,-558.0,-95.0044,1.59782e-07,81.9414,-62.354,98.0586,117.646,-1422.0,-558.0,-1400.0,-600.0
-1420.0,-558.0,-94.8445,1.56869e-07,81.6868,-64.5367,98.3132,115.463,-1420.0,-558.0,-1400.0,-600.0
-1418.0,-558.0,-94.6936,1.54169e-07,81.4869,-66.8014,98.5131,113.199,-1418.0,-558.0,-1400.0,-600.0
-1416.0,-558.0,-94.5529,1.51694e-07,81.3469,-69.1455,98.6531,110.854,-1416.0,-558.0,-1400.0,-600.0
-1414.0,-558.0,-94.4249,1.49475e-07,81.2175,-71.5651,98.7825,108.435,-1414.0,-558.0,-1400.0,-600.0
-1412.0,-558.0,-94.3108,1.47526e-07,81.1006,-74.0546,98.8994,105.945,-1412.0,-558.0,-1400.0,-600.0
-1410.0,-558.0,-94.2118,1.45856e-07,80.9979,-76.6075,99.0021,103.392,-1410.0,-558.0,-1400.0,-600.0
-1408.0,-558.0,-94.1292,1.44476e-07,80.9111,-79.2157,99.0889,100.784,-1408.0,-558.0,-1400.0,-600.0
-1406.0,-558.0,-94.0638,1.43393e-07,80.8419,-81.8699,99.1581,98.1301,-1406.0,-558.0,-1400.0,-600.0
-1404.0,-558.0,-94.0164,1.42614e-07,80.7915,-84.5597,99.2085,95.4403,-1404.0,-558.0,-1400.0,-600.0
-1402.0,-558.0,-93.9883,1.42153e-07,80.7421,-87.2737,99.2579,92.7263,-1402.0,-558.0,-1400.0,-600.0
-1400.0,-558.0,-93.9815,1.42042e-07,80.6196,-90.0,99.3804,90.0,-1400.0,-558.0,-1400.0,-600.0
-1398.0,-558.0,0.0,0.0,0.0,0.0,0.0,0.0,0.0,0.0,0.0,0.0
-1396.0,-558.0,0.0,0.0,0.0,0.0,0.0,0.0,0.0,0.0,0.0,0.0
-1394.0,-558.0,0.0,0.0,0.0,0.0,0.0,0.0,0.0,0.0,0.0,0.0
-1392.0,-558.0,0.0,0.0,0.0,0.0,0.0,0.0,0.0,0.0,0.0,0.0
-1390.0,-558.0,0.0,0.0,0.0,0.0,0.0,0.0,0.0,0.0,0.0,0.0
-1388.0,-558.0,0.0,0.0,0.0,0.0,0.0,0.0,0.0,0.0,0.0,0.0
-1386.0,-558.0,0.0,0.0,0.0,0.0,0.0,0.0,0.0,0.0,0.0,0.0
-1384.0,-558.0,0.0,0.0,0.0,0.0,0.0,0.0,0.0,0.0,0.0,0.0
-1382.0,-558.0,0.0,0.0,0.0,0.0,0.0,0.0,0.0,0.0,0.0,0.0
-1380.0,-558.0,0.0,0.0,0.0,0.0,0.0,0.0,0.0,0.0,0.0,0.0
-1378.0,-558.0,0.0,0.0,0.0,0.0,0.0,0.0,0.0,0.0,0.0,0.0
-1376.0,-558.0,0.0,0.0,0.0,0.0,0.0,0.0,0.0,0.0,0.0,0.0
-1374.0,-558.0,0.0,0.0,0.0,0.0,0.0,0.0,0.0,0.0,0.0,0.0
-1372.0,-558.0,0.0,0.0,0.0,0.0,0.0,0.0,0.0,0.0,0.0,0.0
-1370.0,-558.0,0.0,0.0,0.0,0.0,0.0,0.0,0.0,0.0,0.0,0.0
-1368.0,-558.0,0.0,0.0,0.0,0.0,0.0,0.0,0.0,0.0,0.0,0.0
-1366.0,-558.0,0.0,0.0,0.0,0.0,0.0,0.0,0.0,0.0,0.0,0.0
-1364.0,-558.0,0.0,0.0,0.0,0.0,0.0,0.0,0.0,0.0,0.0,0.0
-1362.0,-558.0,0.0,0.0,0.0,0.0,0.0,0.0,0.0,0.0,0.0,0.0
-1360.0,-558.0,0.0,0.0,0.0,0.0,0.0,0.0,0.0,0.0,0.0,0.0
-1358.0,-558.0,0.0,0.0,0.0,0.0,0.0,0.0,0.0,0.0,0.0,0.0
-1356.0,-558.0,-120.59,1.41254e-06,88.9389,-4.55745,91.0611,-11.966,-1327.09,-615.452,-1170.32,-572.8
-1354.0,-558.0,-120.501,1.40589e-06,88.9339,-4.57907,91.0661,-11.9877,-1327.21,-615.455,-1170.33,-572.71
-1352.0,-558.0,-120.412,1.39924e-06,88.9288,-4.60089,91.0712,-12.0095,-1327.33,-615.458,-1170.34,-572.619
-1350.0,-558.0,-120.323,1.39259e-06,88.9237,-4.62292,91.0763,-12.0315,-1327.45,-615.462,-1170.35,-572.527
-1348.0,-558.0,-120.233,1.38594e-06,88.9185,-4.64516,91.0815,-12.0537,-1327.58,-615.465,-1170.36,-572.434
-1346.0,-558.0,-120.142,1.3793e-06,88.8909,-4.66761,91.1091,-12.0762,-1327.7,-615.469,-1170.37,-572.34
-1344.0,-558.0,-120.049,1.37266e-06,88.862,-4.69028,91.138,-12.0989,-1327.82,-615.472,-1170.38,-572.245
-1342.0,-558.0,-119.957,1.36602e-06,88.8328,-4.71317,91.1672,-12.1218,-1327.94,-615.476,-1170.38,-572.149
-1340.0,-558.0,-119.864,1.35938e-06,88.8034,-4.73629,91.1966,-12.1449,-1328.07,-615.479,-1170.39,-572.052
-1338.0,-558.0,-119.771,1.35275e-06,88.7737,-4.75963,91.2263,-12.1682,-1328.2,-615.483,-1170.4,-571.955
-1336.0,-558.0,-119.678,1.34611e-06,88.7436,-4.78321,91.2564,-12.1918,-1328.32,-615.487,-1170.41,-571.856
-1334.0,-558.0,-119.585,1.33947e-06,88.7133,-4.80702,91.2867,-12.2156,-1328.45,-615.49,-1170.42,-571.756
-1332.0,-558.0,-119.491,1.33284e-06,88.6827,-4.83107,91.3173,-12.2396,-1328.58,-615.494,-1170.43,-571.656
-1330.0,-558.0,-119.399,1.32619e-06,88.6669,-4.85535,91.3331,-12.2639,-1328.71,-615.498,-1170.44,-571.554
-1328.0,-558.0,-119.308,1.31955e-06,88.6602,-4.87989,91.3398,-12.2885,-1328.84,-615.501,-1170.45,-571.451
-1326.0,-558.0,-119.217,1.3129e-06,88.6534,-4.90467,91.3466,-12.3133,-1328.97,-615.505,-1170.46,-571.347
-1324.0,-558.0,-119.125,1.30625e-06,88.6452,-4.9297,91.3548,-12.3383,-1329.1,-615.509,-1170.47,-571.242
-1322.0,-558.0,-119.032,1.29961e-06,88.6258,-4.95499,91.3742,-12.3636,-1329.23,-615.512,-1170.48,-571.136
-1320.0,-558.0,-124.207,1.31185e-06,88.6263,20.7929,91.3737,-23.0317,-1360.69,-616.71,-1204.27,-514.054
-1318.0,-558.0,-123.474,1.30563e-06,88.6074,20.8969,91.3926,-23.1357,-1360.87,-616.717,-1202.86,-514.038
-1316.0,-558.0,-122.767,1.29941e-06,88.5808,21.0018,91.4192,-23.2406,-1361.05,-616.725,-1201.45,-514.023
-1314.0,-558.0,-122.098,1.29319e-06,88.5491,21.1078,91.4509,-23.3466,-1361.23,-616.732,-1200.04,-514.007
-1312.0,-558.0,-136.934,1.16821e-06,88.3661,-5.29949,91.6339,-13.7653,-1335.91,-615.702,-1185.68,-569.718
-1310.0,-558.0,-136.076,1.16159e-06,88.329,-5.38425,91.671,-13.7653,-1335.91,-615.702,-1185.68,-569.718
-1308.0,-558.0,-135.137,1.15496e-06,88.2915,-5.47175,91.7085,-13.7653,-1335.91,-615.702,-1185.68,-569.718
-1306.0,-558.0,-134.112,1.14834e-06,88.2535,-5.56213,91.7465,-13.7653,-1335.91,-615.702,-1185.68,-569.718
-1304.0,-558.0,-133.001,1.14172e-06,88.2151,-5.65555,91.7849,-13.7653,-1335.91,-615.702,-1185.68,-569.718
-1302.0,-558.0,-131.704,1.1351e-06,88.1762,-5.75214,91.8238,-13.7653,-1335.91,-615.702,-1185.68,-569.718
-1300.0,-558.0,-130.29,1.12848e-06,88.1407,-5.85207,91.8593,-13.7653,-1335.91,-615.702,-1185.68,-569.718
-1298.0,-558.0,-128.68,1.12186e-06,88.1153,-5.95553,91.8847,-13.7653,-1335.91,-615.702,-1185.68,-569.718
-1296.0,-558.0,-126.914,1.11523e-06,88.0896,-6.0627,91.9104,-13.7653,-1335.91,-615.702,-1185.68,-569.718
-1294.0,-558.0,-124.934,1.10861e-06,88.0637,-6.17378,91.9363,-13.7653,-1335.91,-615.702,-1185.68,-569.718
-1292.0,-558.0,-122.811,1.10199e-06,88.0374,-6.28899,91.9626,-13.7653,-1335.91,-615.702,-1185.68,-569.718
-1290.0,-558.0,-122.66,1.09537e-06,88.0107,-6.40856,91.9893,-13.7653,-1335.91,-615.702,-1185.68,-569.718
-1288.0,-558.0,-124.657,1.08875e-06,87.9838,-6.53275,92.0162,-13.7653,-1335.91,-615.702,-1185.68,-569.718
-1286.0,-558.0,-126.6,1.08214e-06,87.9566,-6.66182,92.0434,-13.7653,-1335.91,-615.702,-1185.68,-569.718
-1284.0,-558.0,-128.394,1.07552e-06,87.929,-6.79607,92.071,-13.7653,-1335.91,-615.702,-1185.68,-569.718
-1282.0,-558.0,-130.009,1.06891e-06,87.901,-6.93582,92.099,-13.7653,-1335.91,-615.702,-1185.68,-569.718
-1280.0,-558.0,-110.836,5.92761e-07,86.1858,-131.354,93.8142,-44.0704,-1381.82,-617.6,-1330.66,-615.553
-1278.0,-558.0,-110.504,5.972e-07,86.1871,-131.835,93.8129,-43.5887,-1381.52,-617.588,-1329.49,-615.52
-1276.0,-558.0,-114.99,1.04906e-06,87.8151,-6.65259,92.1849,-14.067,-1337.19,-615.738,-1185.79,-568.522
-1274.0,-558.0,-114.9,1.04245e-06,87.7857,-6.69511,92.2143,-14.1096,-1337.37,-615.743,-1185.8,-568.353
-1272.0,-558.0,-132.895,6.10835e-07,86.1929,-133.89,93.8071,-43.396,-1381.4,-617.583,-1327.27,-615.457
-1270.0,-558.0,-114.719,1.02922e-06,87.7259,-6.7818,92.2741,-14.1963,-1337.73,-615.754,-1185.84,-568.009
-1268.0,-558.0,-114.629,1.0226e-06,87.7098,-6.82599,92.2902,-14.2404,-1337.91,-615.759,-1185.85,-567.833
-1266.0,-558.0,-114.54,1.01598e-06,87.6949,-6.87076,92.3051,-14.2852,-1338.09,-615.764,-1185.87,-567.655
-1264.0,-558.0,-114.45,1.00936e-06,87.6797,-6.91611,92.3203,-14.3306,-1338.27,-615.769,-1185.89,-567.475
-1262.0,-558.0,-114.117,5.59272e-07,85.8099,-144.104,94.1901,34.574,-1385.29,-589.86,-1342.03,-615.923
-1260.0,-558.0,-111.702,5.64677e-07,85.85,-144.502,94.15,34.176,-1385.06,-589.853,-1341.16,-615.886
-1258.0,-558.0,-110.223,5.70109e-07,85.8896,-144.892,94.1104,33.7855,-1384.82,-589.846,-1340.29,-615.85
-1256.0,-558.0,-109.342,5.75567e-07,85.9287,-145.275,94.0713,33.4025,-1384.59,-589.838,-1339.42,-615.813
-1254.0,-558.0,-135.022,5.50609e-07,87.7376,-151.455,95.6185,-23.7599,-1361.92,-616.762,-1307.68,-587.202
-1252.0,-558.0,-116.385,5.56636e-07,93.1222,-151.548,94.8817,-23.3969,-1361.32,-616.736,-1263.96,-564.478
-1250.0,-558.0,-111.028,5.62122e-07,85.7857,-152.081,94.2143,-23.0928,-1360.8,-616.714,-1360.8,-616.714
-1248.0,-558.0,-108.496,5.97769e-07,86.0104,-147.364,93.9896,32.8869,-1384.27,-589.829,-1338.2,-615.767
-1246.0,-558.0,-108.381,6.03405e-07,86.0228,-147.706,93.9772,32.5444,-1384.05,-589.822,-1337.36,-615.743
-1244.0,-558.0,-108.333,6.09043e-07,86.0597,-148.043,93.9403,32.2082,-1383.83,-589.815,-1336.52,-615.72
-1242.0,-558.0,-108.335,6.14702e-07,86.096,-148.373,93.904,31.8782,-1383.61,-589.808,-1335.68,-615.696
-1240.0,-558.0,-108.376,6.20381e-07,86.1318,-148.697,93.8682,31.5542,-1383.39,-589.802,-1334.84,-615.672
-1238.0,-558.0,-108.452,6.2608e-07,86.167,-149.015,93.833,31.2362,-1383.17,-589.795,-1334.0,-615.648
-1236.0,-558.0,-108.559,6.31797e-07,86.2018,-149.327,93.7982,30.9239,-1382.95,-589.788,-1333.15,-615.624
-1234.0,-558.0,-108.278,6.09728e-07,86.0641,-154.436,93.9359,-20.7376,-1356.35,-616.527,-1356.35,-616.527
-1232.0,-558.0,-108.096,6.1574e-07,86.1026,-154.704,93.8974,-20.469,-1355.79,-616.503,-1355.79,-616.503
-1230.0,-558.0,-107.981,6.21767e-07,86.1404,-154.968,93.8596,-20.2057,-1355.22,-616.479,-1355.22,-616.479
-1228.0,-558.0,-107.915,6.27806e-07,86.1776,-155.226,93.8224,-19.9474,-1354.66,-616.455,-1354.66,-616.455
-1226.0,-558.0,-107.882,6.33858e-07,86.2142,-155.479,93.7858,-19.694,-1354.09,-616.431,-1354.09,-616.431
-1224.0,-558.0,-107.875,6.39922e-07,86.2501,-155.728,93.7499,-19.4455,-1353.53,-616.408,-1353.53,-616.408
-1222.0,-558.0,-107.886,6.45991e-07,86.2967,-155.972,93.7033,-19.2017,-1352.96,-616.384,-1352.96,-616.384
-1220.0,-558.0,-107.91,6.52043e-07,86.3807,-156.211,93.6193,-18.9625,-1352.39,-616.36,-1352.39,-616.36
-1218.0,-558.0,-107.945,6.58108e-07,86.4633,-156.446,93.5367,-18.7276,-1351.82,-616.335,-1351.82,-616.335
-1216.0,-558.0,-107.988,6.64185e-07,86.5444,-156.676,93.4556,-18.4972,-1351.24,-616.311,-1351.24,-616.311
-1214.0,-558.0,-108.037,6.70274e-07,86.624,-156.902,93.376,-18.2709,-1350.67,-616.287,-1350.67,-616.287
-1212.0,-558.0,-108.092,6.76374e-07,86.7023,-157.125,93.2977,-18.0488,-1350.09,-616.263,-1350.09,-616.263
-1210.0,-558.0,-108.15,6.82486e-07,86.7793,-157.343,93.2207,-17.8307,-1349.52,-616.239,-1349.52,-616.239
-1208.0,-558.0,-108.213,6.88608e-07,86.8549,-157.557,93.1451,-17.6164,-1348.94,-616.214,-1348.94,-616.214
-1206.0,-558.0,-108.278,6.94741e-07,86.9292,-157.767,93.0708,-17.406,-1348.36,-616.19,-1348.36,-616.19
-1204.0,-558.0,-108.345,7.00872e-07,87.0226,-157.974,92.9774,-17.1993,-1347.78,-616.165,-1347.78,-616.165
-1202.0,-558.0,-108.414,7.07011e-07,87.1171,-158.177,92.8829,-16.9962,-1347.19,-616.141,-1347.19,-616.141
-1600.0,-556.0,-133.43,1.45238e-06,90.2761,-5.00264,89.7239,174.831,-1593.45,-582.499,-1476.97,-566.769
-1598.0,-556.0,-133.323,1.44573e-06,90.2662,-5.02571,89.7338,174.807,-1593.45,-582.42,-1476.98,-566.643
-1596.0,-556.0,-133.215,1.43909e-06,90.2562,-5.04898,89.7438,174.784,-1593.45,-582.341,-1476.98,-566.515
-1594.0,-556.0,-133.106,1.43244e-06,90.2461,-5.07248,89.7539,174.761,-1593.45,-582.26,-1476.98,-566.387
-1592.0,-556.0,-132.995,1.42579e-06,90.2359,-5.09619,89.7641,174.737,-1593.46,-582.179,-1476.99,-566.257
-1590.0,-556.0,-132.884,1.41914e-06,90.2257,-5.12012,89.7743,174.713,-1593.46,-582.098,-1476.99,-566.126
-1588.0,-556.0,-132.77,1.41249e-06,90.2153,-5.14428,89.7847,174.689,-1593.46,-582.015,-1476.99,-565.994
-1586.0,-556.0,-132.656,1.40585e-06,90.2048,-5.16867,89.7952,174.664,-1593.46,-581.932,-1477.0,-565.86
-1584.0,-556.0,-132.542,1.3992e-06,90.1798,-5.19328,89.8202,174.64,-1593.46,-581.848,-1477.0,-565.725
-1582.0,-556.0,-132.427,1.39255e-06,90.1343,-5.21814,89.8657,174.615,-1593.47,-581.763,-1477.0,-565.589
-1580.0,-556.0,-139.407,6.18927e-07,90.198,-15.9347,89.802,169.301,-1476.53,-585.541,-1476.53,-585.541
-1578.0,-556.0,-139.823,6.12511e-07,90.0946,-16.2324,89.9054,169.301,-1476.53,-585.541,-1476.53,-585.541
-1576.0,-556.0,-140.229,6.06108e-07,89.9891,-16.5411,90.0109,169.301,-1476.53,-585.541,-1476.53,-585.541
-1574.0,-556.0,-140.626,5.99718e-07,89.8814,-16.8614,90.1186,169.301,-1476.53,-585.541,-1476.53,-585.541
-1572.0,-556.0,-141.014,5.9334e-07,89.7713,-17.194,90.2287,169.301,-1476.53,-585.541,-1476.53,-585.541
-1570.0,-556.0,-141.395,5.86976e-07,89.6588,-17.5396,90.3412,169.301,-1476.53,-585.541,-1476.53,-585.541
-1568.0,-556.0,-141.769,5.80628e-07,89.5439,-17.8989,90.4561,169.301,-1476.53,-585.541,-1476.53,-585.541
-1566.0,-556.0,-142.134,5.74294e-07,89.4265,-18.2727,90.5735,169.301,-1476.53,-585.541,-1476.53,-585.541
-1564.0,-556.0,-142.493,5.67977e-07,89.3064,-18.6619,90.6936,169.301,-1476.53,-585.541,-1476.53,-585.541
-1562.0,-556.0,-142.843,5.61678e-07,89.1837,-19.0674,90.8163,169.301,-1476.53,-585.541,-1476.53,-585.541
-1560.0,-556.0,-143.187,5.55391e-07,89.0914,-19.4902,90.9086,169.301,-1476.53,-585.541,-1476.53,-585.541
-1558.0,-556.0,-143.526,5.49119e-07,89.0223,-19.9314,90.9777,169.301,-1476.53,-585.541,-1476.53,-585.541
-1556.0,-556.0,-143.863,5.42865e-07,88.9515,-20.3922,91.0485,169.301,-1476.53,-585.541,-1476.53,-585.541
-1554.0,-556.0,-144.208,5.36632e-07,88.8792,-20.8738,91.1208,169.301,-1476.53,-585.541,-1476.53,-585.541
-1552.0,-556.0,-144.565,5.30419e-07,88.8052,-21.3776,91.1948,169.301,-1476.53,-585.541,-1476.53,-585.541
-1550.0,-556.0,-144.939,5.2423e-07,88.7295,-21.9051,91.2705,169.301,-1476.53,-585.541,-1476.53,-585.541
-1548.0,-556.0,-145.324,5.18065e-07,88.6521,-22.458,91.3479,169.301,-1476.53,-585.541,-1476.53,-585.541
-1546.0,-556.0,-145.714,5.11926e-07,88.5728,-23.0379,91.4272,169.301,-1476.53,-585.541,-1476.53,-585.541
-1544.0,-556.0,-146.103,5.05815e-07,88.4917,-23.6468,91.5083,169.301,-1476.53,-585.541,-1476.53,-585.541
-1542.0,-556.0,-146.488,4.99738e-07,88.3931,-24.2867,91.6069,169.301,-1476.53,-585.541,-1476.53,-585.541
-1540.0,-556.0,-146.87,4.93698e-07,88.2753,-24.96,91.7247,169.301,-1476.53,-585.541,-1476.53,-585.541
-1538.0,-556.0,-147.247,4.87695e-07,88.1547,-25.6691,91.8453,169.301,-1476.53,-585.541,-1476.53,-585.541
-1536.0,-556.0,-147.618,4.81709e-07,88.1042,-26.4167,91.8958,169.301,-1476.53,-585.541,-1476.53,-585.541
-1534.0,-556.0,-147.363,8.30922e-07,88.9011,41.0033,91.0989,136.96,-1425.45,-576.237,-1467.56,-498.24
-1532.0,-556.0,-146.942,8.25904e-07,88.8944,41.4398,91.1056,136.96,-1425.45,-576.237,-1466.51,-498.184
-1530.0,-556.0,-146.634,8.20919e-07,88.8877,41.8839,91.1123,136.96,-1425.45,-576.237,-1465.46,-498.128
-1528.0,-556.0,-146.504,8.15969e-07,88.881,42.3358,91.119,136.96,-1425.45,-576.237,-1464.42,-498.072
-1526.0,-556.0,-146.685,8.11055e-07,88.8742,42.7956,91.1258,136.96,-1425.45,-576.237,-1463.37,-498.017
-1524.0,-556.0,-147.445,8.06178e-07,88.8674,43.2636,91.1326,136.96,-1425.45,-576.237,-1462.33,-497.962
-1522.0,-556.0,-149.275,8.01338e-07,88.8605,43.7399,91.1395,136.96,-1425.45,-576.237,-1461.29,-497.906
-1520.0,-556.0,-150.824,4.35541e-07,87.9032,-34.2012,92.0968,169.301,-1476.53,-585.541,-1476.53,-585.541
-1518.0,-556.0,-151.267,4.30073e-07,87.8526,-35.4665,92.1474,169.301,-1476.53,-585.541,-1476.53,-585.541
-1516.0,-556.0,-151.59,4.24698e-07,87.7874,-36.8153,92.2126,169.301,-1476.53,-585.541,-1476.53,-585.541
-1514.0,-556.0,-151.655,4.19421e-07,87.721,-38.2547,92.279,169.301,-1476.53,-585.541,-1476.53,-585.541
-1512.0,-556.0,-152.256,4.14222e-07,87.7564,-39.792,92.2436,169.301,-1476.53,-585.541,-1476.53,-585.541
-1510.0,-556.0,-153.175,4.09137e-07,87.8074,-41.4352,92.1926,169.301,-1476.53,-585.541,-1476.53,-585.541
-1508.0,-556.0,-153.791,4.04187e-07,87.8507,-43.1925,92.1493,169.301,-1476.53,-585.541,-1476.53,-585.541
-1506.0,-556.0,-154.025,3.994e-07,87.825,-45.0727,92.175,169.301,-1476.53,-585.541,-1476.53,-585.541
-1504.0,-556.0,-154.045,3.94773e-07,87.7995,-47.0844,92.2005,169.301,-1476.53,-585.541,-1476.53,-585.541
-1502.0,-556.0,-155.555,3.90324e-07,87.7744,-49.2367,92.2256,169.301,-1476.53,-585.541,-1476.53,-585.541
-1500.0,-556.0,-156.319,3.86072e-07,87.7498,-51.5379,92.2502,169.301,-1476.53,-585.541,-1476.53,-585.541
-1498.0,-556.0,-155.942,3.82036e-07,87.7261,-53.9958,92.2739,169.301,-1476.53,-585.541,-1476.53,-585.541
-1496.0,-556.0,-157.585,3.7824e-07,87.7032,-56.617,92.2968,169.301,-1476.53,-585.541,-1476.53,-585.541
-1494.0,-556.0,-158.242,1.10378e-06,83.9585,-6.62938,87.1418,173.239,-1593.57,-577.051,-1477.18,-557.955
-1492.0,-556.0,-152.322,1.0004e-06,82.1288,-169.826,87.1478,172.422,-1593.63,-574.238,-1593.63,-574.238
-1490.0,-556.0,-152.405,1.00691e-06,82.2768,-169.896,87.1473,172.488,-1593.63,-574.466,-1593.63,-574.466
-1488.0,-556.0,-152.491,1.01343e-06,82.4194,-169.965,87.1468,172.553,-1593.62,-574.691,-1593.62,-574.691
-1486.0,-556.0,-152.578,1.01994e-06,82.5568,-170.033,87.1463,172.617,-1593.62,-574.913,-1593.62,-574.913
-1484.0,-556.0,-152.667,1.02646e-06,82.6893,-170.099,87.1458,172.681,-1593.61,-575.132,-1593.61,-575.132
-1482.0,-556.0,-152.758,1.03298e-06,82.8173,-170.165,87.1453,172.744,-1593.61,-575.348,-1593.61,-575.348
-1480.0,-556.0,-152.851,1.03951e-06,82.9408,-170.23,87.1449,172.806,-1593.6,-575.562,-1593.6,-575.562
-1478.0,-556.0,-152.946,1.04604e-06,83.0601,-170.294,87.1444,172.867,-1593.6,-575.773,-1593.6,-575.773
-1476.0,-556.0,0.0,0.0,0.0,0.0,0.0,0.0,0.0,0.0,0.0,0.0
-1474.0,-556.0,0.0,0.0,0.0,0.0,0.0,0.0,0.0,0.0,0.0,0.0
-1472.0,-556.0,0.0,0.0,0.0,0.0,0.0,0.0,0.0,0.0,0.0,0.0
-1470.0,-556.0,0.0,0.0,0.0,0.0,0.0,0.0,0.0,0.0,0.0,0.0
-1468.0,-556.0,0.0,0.0,0.0,0.0,0.0,0.0,0.0,0.0,0.0,0.0
-1466.0,-556.0,0.0,0.0,0.0,0.0,0.0,0.0,0.0,0.0,0.0,0.0
-1464.0,-556.0,0.0,0.0,0.0,0.0,0.0,0.0,0.0,0.0,0.0,0.0
-1462.0,-556.0,0.0,0.0,0.0,0.0,0.0,0.0,0.0,0.0,0.0,0.0
-1460.0,-556.0,0.0,0.0,0.0,0.0,0.0,0.0,0.0,0.0,0.0,0.0
-1458.0,-556.0,-118.992,4.2868e-07,87.712,65.2056,92.288,117.862,-1429.33,-544.506,-1452.95,-545.068
-1456.0,-556.0,-111.047,3.61934e-07,87.2452,-58.1942,92.7548,121.835,-1434.38,-544.626,-1447.95,-568.988
-1454.0,-556.0,-107.48,3.5848e-07,87.1735,-59.1018,92.8265,120.927,-1433.19,-544.598,-1446.25,-568.948
-1452.0,-556.0,-101.689,2.81747e-07,86.3455,54.168,93.6545,128.555,-1443.95,-544.854,-1443.95,-544.854
-1450.0,-556.0,-101.332,2.7792e-07,86.2369,55.2859,93.7631,127.437,-1442.25,-544.813,-1442.25,-544.813
-1448.0,-556.0,-101.463,2.74201e-07,86.1268,56.4348,93.8732,126.288,-1440.55,-544.773,-1440.55,-544.773
-1446.0,-556.0,-102.427,2.70597e-07,86.0153,57.6152,93.9847,125.108,-1438.85,-544.733,-1438.85,-544.733
-1444.0,-556.0,-106.021,2.67111e-07,85.9027,58.8272,94.0973,123.896,-1437.16,-544.692,-1437.16,-544.692
-1442.0,-556.0,-108.251,2.63748e-07,85.789,60.0711,94.211,122.652,-1435.47,-544.652,-1435.47,-544.652
-1440.0,-556.0,-103.01,2.60512e-07,85.6745,61.3468,94.3255,121.376,-1433.78,-544.612,-1433.78,-544.612
-1438.0,-556.0,-101.302,2.5741e-07,85.5594,62.6543,94.4406,120.069,-1432.09,-544.572,-1432.09,-544.572
-1436.0,-556.0,-100.791,2.54445e-07,85.4439,63.9935,94.5561,118.729,-1430.4,-544.532,-1430.4,-544.532
-1434.0,-556.0,-96.3564,1.86669e-07,83.6971,-52.3058,96.3029,127.694,-1434.0,-556.0,-1400.0,-600.0
-1432.0,-556.0,-96.1706,1.82722e-07,83.4715,-53.9726,96.5285,126.027,-1432.0,-556.0,-1400.0,-600.0
-1430.0,-556.0,-95.9887,1.78937e-07,83.242,-55.7131,96.758,124.287,-1430.0,-556.0,-1400.0,-600.0
-1428.0,-556.0,-95.8114,1.75325e-07,83.0093,-57.5288,96.9907,122.471,-1428.0,-556.0,-1400.0,-600.0
-1426.0,-556.0,-95.6397,1.71897e-07,82.7746,-59.4208,97.2254,120.579,-1426.0,-556.0,-1400.0,-600.0
-1424.0,-556.0,-95.4747,1.68664e-07,82.5389,-61.3895,97.4611,118.61,-1424.0,-556.0,-1400.0,-600.0
-1422.0,-556.0,-95.3173,1.65637e-07,82.3034,-63.4349,97.6966,116.565,-1422.0,-556.0,-1400.0,-600.0
-1420.0,-556.0,-95.1686,1.62828e-07,82.0698,-65.556,97.9302,114.444,-1420.0,-556.0,-1400.0,-600.0
-1418.0,-556.0,-95.0287,1.60229e-07,81.8891,-67.751,98.1109,112.249,-1418.0,-556.0,-1400.0,-600.0
-1416.0,-556.0,-94.8986,1.57848e-07,81.7659,-70.0169,98.2341,109.983,-1416.0,-556.0,-1400.0,-600.0
-1414.0,-556.0,-94.7805,1.55718e-07,81.6525,-72.3499,98.3475,107.65,-1414.0,-556.0,-1400.0,-600.0
-1412.0,-556.0,-94.6755,1.53848e-07,81.5503,-74.7449,98.4497,105.255,-1412.0,-556.0,-1400.0,-600.0
-1410.0,-556.0,-94.5846,1.52247e-07,81.4608,-77.1957,98.5392,102.804,-1410.0,-556.0,-1400.0,-600.0
-1408.0,-556.0,-94.5088,1.50925e-07,81.3855,-79.6952,98.6145,100.305,-1408.0,-556.0,-1400.0,-600.0
-1406.0,-556.0,-94.4489,1.49889e-07,81.3255,-82.2348,98.6745,97.7652,-1406.0,-556.0,-1400.0,-600.0
-1404.0,-556.0,-94.4056,1.49144e-07,81.2818,-84.8056,98.7182,95.1944,-1404.0,-556.0,-1400.0,-600.0
-1402.0,-556.0,-94.3794,1.48696e-07,81.2554,-87.3974,98.7446,92.6026,-1402.0,-556.0,-1400.0,-600.0
-1400.0,-556.0,-94.3716,1.48563e-07,81.2034,-90.0,98.7966,90.0,-1400.0,-556.0,-1400.0,-600.0
-1398.0,-556.0,0.0,0.0,0.0,0.0,0.0,0.0,0.0,0.0,0.0,0.0
-1396.0,-556.0,0.0,0.0,0.0,0.0,0.0,0.0,0.0,0.0,0.0,0.0
-1394.0,-556.0,0.0,0.0,0.0,0.0,0.0,0.0,0.0,0.0,0.0,0.0
-1392.0,-556.0,0.0,0.0,0.0,0.0,0.0,0.0,0.0,0.0,0.0,0.0
-1390.0,-556.0,0.0,0.0,0.0,0.0,0.0,0.0,0.0,0.0,0.0,0.0
-1388.0,-556.0,0.0,0.0,0.0,0.0,0.0,0.0,0.0,0.0,0.0,0.0
-1386.0,-556.0,0.0,0.0,0.0,0.0,0.0,0.0,0.0,0.0,0.0,0.0
-1384.0,-556.0,0.0,0.0,0.0,0.0,0.0,0.0,0.0,0.0,0.0,0.0
-1382.0,-556.0,0.0,0.0,0.0,0.0,0.0,0.0,0.0,0.0,0.0,0.0
-1380.0,-556.0,0.0,0.0,0.0,0.0,0.0,0.0,0.0,0.0,0.0,0.0
-1378.0,-556.0,0.0,0.0,0.0,0.0,0.0,0.0,0.0,0.0,0.0,0.0
-1376.0,-556.0,0.0,0.0,0.0,0.0,0.0,0.0,0.0,0.0,0.0,0.0
-1374.0,-556.0,0.0,0.0,0.0,0.0,0.0,0.0,0.0,0.0,0.0,0.0
-1372.0,-556.0,0.0,0.0,0.0,0.0,0.0,0.0,0.0,0.0,0.0,0.0
-1370.0,-556.0,0.0,0.0,0.0,0.0,0.0,0.0,0.0,0.0,0.0,0.0
-1368.0,-556.0,0.0,0.0,0.0,0.0,0.0,0.0,0.0,0.0,0.0,0.0
-1366.0,-556.0,0.0,0.0,0.0,0.0,0.0,0.0,0.0,0.0,0.0,0.0
-1364.0,-556.0,0.0,0.0,0.0,0.0,0.0,0.0,0.0,0.0,0.0,0.0
-1362.0,-556.0,0.0,0.0,0.0,0.0,0.0,0.0,0.0,0.0,0.0,0.0
-1360.0,-556.0,0.0,0.0,0.0,0.0,0.0,0.0,0.0,0.0,0.0,0.0
-1358.0,-556.0,0.0,0.0,0.0,0.0,0.0,0.0,0.0,0.0,0.0,0.0
-1356.0,-556.0,-120.037,1.41308e-06,88.9481,-4.82723,91.0519,-12.2358,-1328.56,-615.493,-1170.43,-571.672
-1354.0,-556.0,-119.951,1.40643e-06,88.9431,-4.85011,91.0569,-12.2587,-1328.68,-615.497,-1170.44,-571.576
-1352.0,-556.0,-119.865,1.39979e-06,88.9381,-4.87321,91.0619,-12.2818,-1328.8,-615.5,-1170.45,-571.479
-1350.0,-556.0,-119.778,1.39314e-06,88.933,-4.89653,91.067,-12.3051,-1328.92,-615.504,-1170.46,-571.381
-1348.0,-556.0,-119.692,1.38649e-06,88.9279,-4.92007,91.0721,-12.3287,-1329.05,-615.507,-1170.47,-571.283
-1346.0,-556.0,-119.604,1.37985e-06,88.9003,-4.94384,91.0997,-12.3524,-1329.17,-615.511,-1170.47,-571.183
-1344.0,-556.0,-119.515,1.37322e-06,88.8715,-4.96785,91.1285,-12.3764,-1329.3,-615.514,-1170.48,-571.083
-1342.0,-556.0,-130.737,1.47006e-06,88.9239,-172.065,91.0761,-11.9269,-1326.88,-615.446,-1357.55,-558.168
-1340.0,-556.0,-130.901,1.47668e-06,88.9068,-172.1,91.0932,-11.8911,-1326.68,-615.44,-1357.54,-558.434
-1338.0,-556.0,-131.064,1.4833e-06,88.8899,-172.136,91.1101,-11.8557,-1326.48,-615.434,-1357.53,-558.698
-1336.0,-556.0,-131.226,1.48992e-06,88.8732,-172.171,91.1268,-11.8206,-1326.28,-615.429,-1357.53,-558.96
-1334.0,-556.0,-131.387,1.49654e-06,88.8566,-172.206,91.1434,-11.7858,-1326.08,-615.423,-1357.52,-559.219
-1332.0,-556.0,-131.548,1.50316e-06,88.8402,-172.24,91.1598,-11.7513,-1325.89,-615.417,-1357.51,-559.476
-1330.0,-556.0,-136.547,1.22855e-06,88.5546,-5.42949,91.4454,-13.7653,-1335.91,-615.702,-1185.68,-569.718
-1328.0,-556.0,-135.701,1.22191e-06,88.543,-5.50533,91.457,-13.7653,-1335.91,-615.702,-1185.68,-569.718
-1326.0,-556.0,-132.037,1.52301e-06,88.8311,-172.342,91.1689,-11.6495,-1325.3,-615.401,-1357.49,-560.234
-1324.0,-556.0,-132.201,1.52962e-06,88.835,-172.375,91.165,-11.6162,-1325.11,-615.395,-1357.48,-560.482
-1322.0,-556.0,-132.36,1.53624e-06,88.8295,-172.408,91.1705,-11.5832,-1324.91,-615.39,-1357.47,-560.728
-1320.0,-556.0,-131.475,1.19537e-06,88.4821,-5.83101,91.5179,-13.7653,-1335.91,-615.702,-1185.68,-569.718
-1318.0,-556.0,-130.109,1.18875e-06,88.4551,-5.91852,91.5449,-13.7653,-1335.91,-615.702,-1185.68,-569.718
-1316.0,-556.0,-128.618,1.18213e-06,88.4191,-6.00869,91.5809,-13.7653,-1335.91,-615.702,-1185.68,-569.718
-1314.0,-556.0,-123.796,1.29082e-06,88.5272,20.8314,91.4728,-23.0702,-1360.76,-616.713,-1203.74,-514.048
-1312.0,-556.0,-123.06,1.2846e-06,88.4949,20.9373,91.5051,-23.1761,-1360.94,-616.72,-1202.31,-514.032
-1310.0,-556.0,-123.217,1.16228e-06,88.3087,-6.2964,91.6913,-13.7653,-1335.91,-615.702,-1185.68,-569.718
-1308.0,-556.0,-123.023,1.15567e-06,88.2711,-6.3985,91.7289,-13.7653,-1335.91,-615.702,-1185.68,-569.718
-1306.0,-556.0,-124.819,1.14906e-06,88.233,-6.50395,91.767,-13.7653,-1335.91,-615.702,-1185.68,-569.718
-1304.0,-556.0,-126.583,1.14245e-06,88.1945,-6.61292,91.8055,-13.7653,-1335.91,-615.702,-1185.68,-569.718
-1302.0,-556.0,-128.209,1.13584e-06,88.1556,-6.72559,91.8444,-13.7653,-1335.91,-615.702,-1185.68,-569.718
-1300.0,-556.0,-129.742,1.12923e-06,88.12,-6.84214,91.88,-13.7653,-1335.91,-615.702,-1185.68,-569.718
-1298.0,-556.0,-131.131,1.12262e-06,88.0946,-6.96278,91.9054,-13.7653,-1335.91,-615.702,-1185.68,-569.718
-1296.0,-556.0,-132.396,1.11601e-06,88.0688,-7.08773,91.9312,-13.7653,-1335.91,-615.702,-1185.68,-569.718
-1294.0,-556.0,-133.516,1.1094e-06,88.0427,-7.21723,91.9573,-13.7653,-1335.91,-615.702,-1185.68,-569.718
-1292.0,-556.0,-134.542,1.1028e-06,88.0164,-7.35151,91.9836,-13.7653,-1335.91,-615.702,-1185.68,-569.718
-1290.0,-556.0,-135.486,1.09619e-06,87.9897,-7.49086,92.0103,-13.7653,-1335.91,-615.702,-1185.68,-569.718
-1288.0,-556.0,-136.351,1.08959e-06,87.9627,-7.63557,92.0373,-13.7653,-1335.91,-615.702,-1185.68,-569.718
-1286.0,-556.0,-137.148,1.08299e-06,87.9353,-7.78594,92.0647,-13.7653,-1335.91,-615.702,-1185.68,-569.718
-1284.0,-556.0,-137.889,1.0764e-06,87.9077,-7.94231,92.0923,-13.7653,-1335.91,-615.702,-1185.68,-569.718
-1282.0,-556.0,-138.58,1.0698e-06,87.8797,-8.10505,92.1203,-13.7653,-1335.91,-615.702,-1185.68,-569.718
-1280.0,-556.0,-136.964,6.47076e-07,86.7309,-128.444,93.8912,54.1452,-1392.84,-590.091,-1327.2,-615.455
-1278.0,-556.0,-110.909,6.02206e-07,86.1777,-131.411,93.8223,-44.0131,-1381.78,-617.599,-1330.52,-615.549
-1276.0,-556.0,-110.616,6.0665e-07,86.1791,-131.885,93.8209,-43.5394,-1381.49,-617.586,-1329.37,-615.516
-1274.0,-556.0,-122.798,6.1114e-07,86.1807,-132.526,93.8193,-43.396,-1381.4,-617.583,-1328.57,-615.493
-1272.0,-556.0,-129.062,6.15689e-07,86.1827,-133.229,93.8173,-43.396,-1381.4,-617.583,-1327.91,-615.475
-1270.0,-556.0,-133.196,6.20285e-07,86.2027,-133.916,93.7973,-43.396,-1381.4,-617.583,-1327.25,-615.456
-1268.0,-556.0,-136.56,6.24932e-07,86.231,-134.588,93.769,-43.396,-1381.4,-617.583,-1326.59,-615.437
-1266.0,-556.0,-132.929,5.52574e-07,85.7365,-142.241,94.2635,35.7331,-1385.93,-589.879,-1306.24,-587.164
-1264.0,-556.0,-119.377,5.57876e-07,85.7771,-143.144,94.2229,35.5337,-1385.82,-589.876,-1344.05,-616.008
-1262.0,-556.0,-118.432,5.63216e-07,85.8172,-143.552,94.1828,35.1254,-1385.6,-589.869,-1343.2,-615.973
-1260.0,-556.0,-115.48,5.68583e-07,85.8568,-143.953,94.1432,34.7249,-1385.37,-589.862,-1342.35,-615.937
-1258.0,-556.0,-112.717,5.73979e-07,85.8958,-144.346,94.1042,34.3319,-1385.15,-589.855,-1341.5,-615.901
-1256.0,-556.0,-110.929,5.794e-07,85.9343,-144.732,94.0657,33.9462,-1384.92,-589.848,-1340.65,-615.865
-1254.0,-556.0,-109.851,5.84848e-07,85.9722,-145.11,94.0278,33.5678,-1384.69,-589.841,-1339.79,-615.829
-1252.0,-556.0,-109.2,5.90332e-07,85.9939,-145.481,94.0061,33.1964,-1384.46,-589.835,-1338.94,-615.793
-1250.0,-556.0,-135.693,5.65537e-07,87.7127,-151.509,95.6184,-23.7081,-1361.84,-616.758,-1307.48,-587.196
-1248.0,-556.0,-110.148,5.71162e-07,85.8025,-151.802,94.1975,-23.3717,-1361.28,-616.734,-1361.28,-616.734
-1246.0,-556.0,-111.377,5.7704e-07,85.8408,-152.116,94.1592,-23.0577,-1360.74,-616.712,-1360.74,-616.712
-1244.0,-556.0,-108.617,6.12593e-07,86.0825,-147.512,93.9175,32.739,-1384.18,-589.826,-1337.84,-615.757
-1242.0,-556.0,-108.534,6.18219e-07,86.1182,-147.845,93.8818,32.406,-1383.96,-589.819,-1337.02,-615.734
-1240.0,-556.0,-108.507,6.23866e-07,86.1534,-148.172,93.8466,32.0791,-1383.75,-589.813,-1336.2,-615.71
-1238.0,-556.0,-108.524,6.29533e-07,86.1881,-148.493,93.8119,31.7581,-1383.53,-589.806,-1335.37,-615.687
-1236.0,-556.0,-108.576,6.3522e-07,86.2223,-148.808,93.7777,31.4428,-1383.32,-589.799,-1334.55,-615.663
-1234.0,-556.0,-108.661,6.40926e-07,86.256,-149.118,93.744,31.1332,-1383.1,-589.793,-1333.72,-615.64
-1232.0,-556.0,-108.776,6.4665e-07,86.2892,-149.422,93.7108,30.829,-1382.89,-589.786,-1332.89,-615.616
-1230.0,-556.0,-108.519,6.24613e-07,86.158,-154.412,93.842,-20.7616,-1356.4,-616.529,-1356.4,-616.529
-1228.0,-556.0,-108.333,6.30625e-07,86.1947,-154.674,93.8053,-20.4991,-1355.85,-616.506,-1355.85,-616.506
-1226.0,-556.0,-108.213,6.36651e-07,86.2308,-154.932,93.7692,-20.2417,-1355.3,-616.482,-1355.3,-616.482
-1224.0,-556.0,-108.142,6.42689e-07,86.2662,-155.184,93.7338,-19.989,-1354.75,-616.459,-1354.75,-616.459
-1222.0,-556.0,-108.105,6.48703e-07,86.3504,-155.432,93.6496,-19.7412,-1354.2,-616.436,-1354.2,-616.436
-1220.0,-556.0,-108.093,6.54731e-07,86.4334,-155.675,93.5666,-19.4979,-1353.65,-616.413,-1353.65,-616.413
-1218.0,-556.0,-108.099,6.60772e-07,86.515,-155.914,93.485,-19.2591,-1353.09,-616.389,-1353.09,-616.389
-1216.0,-556.0,-108.12,6.66825e-07,86.5952,-156.149,93.4048,-19.0247,-1352.54,-616.366,-1352.54,-616.366
-1214.0,-556.0,-108.151,6.7289e-07,86.674,-156.379,93.326,-18.7945,-1351.98,-616.342,-1351.98,-616.342
-1212.0,-556.0,-108.19,6.78967e-07,86.7514,-156.605,93.2486,-18.5685,-1351.42,-616.319,-1351.42,-616.319
-1210.0,-556.0,-108.237,6.85056e-07,86.8275,-156.827,93.1725,-18.3465,-1350.86,-616.295,-1350.86,-616.295
-1208.0,-556.0,-108.288,6.91156e-07,86.9023,-157.045,93.0977,-18.1285,-1350.3,-616.272,-1350.3,-616.272
-1206.0,-556.0,-108.344,6.97267e-07,86.9758,-157.259,93.0242,-17.9143,-1349.74,-616.248,-1349.74,-616.248
-1204.0,-556.0,-108.403,7.03376e-07,87.0684,-157.469,92.9316,-17.7039,-1349.17,-616.224,-1349.17,-616.224
-1202.0,-556.0,-108.466,7.09494e-07,87.1621,-157.676,92.8379,-17.4972,-1348.61,-616.2,-1348.61,-616.2
-1600.0,-554.0,-132.642,1.45298e-06,90.276,-5.2648,89.724,174.568,-1593.47,-581.604,-1477.01,-565.333
-1598.0,-554.0,-132.528,1.44633e-06,90.2661,-5.28906,89.7339,174.544,-1593.47,-581.521,-1477.01,-565.2
-1596.0,-554.0,-132.412,1.43969e-06,90.2561,-5.31354,89.7439,174.52,-1593.47,-581.438,-1477.01,-565.066
-1594.0,-554.0,-132.296,1.43304e-06,90.246,-5.33825,89.754,174.495,-1593.47,-581.353,-1477.02,-564.931
-1592.0,-554.0,-132.178,1.4264e-06,90.2358,-5.36319,89.7642,174.47,-1593.48,-581.268,-1477.02,-564.794
-1590.0,-554.0,-132.059,1.41975e-06,90.2256,-5.38836,89.7744,174.445,-1593.48,-581.182,-1477.02,-564.656
-1588.0,-554.0,-131.939,1.41311e-06,90.2152,-5.41377,89.7848,174.419,-1593.48,-581.095,-1477.03,-564.517
-1586.0,-554.0,-131.818,1.40646e-06,90.2048,-5.43942,89.7952,174.394,-1593.48,-581.008,-1477.03,-564.376
-1584.0,-554.0,-131.697,1.39982e-06,90.1798,-5.46531,89.8202,174.368,-1593.48,-580.919,-1477.03,-564.234
-1582.0,-554.0,-140.816,6.27209e-07,90.2983,-16.6499,89.7017,169.301,-1476.53,-585.541,-1476.53,-585.541
-1580.0,-554.0,-141.184,6.20816e-07,90.1974,-16.9534,89.8026,169.301,-1476.53,-585.541,-1476.53,-585.541
-1578.0,-554.0,-141.545,6.14435e-07,90.0944,-17.2679,89.9056,169.301,-1476.53,-585.541,-1476.53,-585.541
-1576.0,-554.0,-141.899,6.08067e-07,89.9892,-17.5939,90.0108,169.301,-1476.53,-585.541,-1476.53,-585.541
-1574.0,-554.0,-142.247,6.01713e-07,89.8818,-17.932,90.1182,169.301,-1476.53,-585.541,-1476.53,-585.541
-1572.0,-554.0,-142.587,5.95373e-07,89.7721,-18.2829,90.2279,169.301,-1476.53,-585.541,-1476.53,-585.541
-1570.0,-554.0,-142.922,5.89049e-07,89.66,-18.6473,90.34,169.301,-1476.53,-585.541,-1476.53,-585.541
-1568.0,-554.0,-143.249,5.82741e-07,89.5456,-19.026,90.4544,169.301,-1476.53,-585.541,-1476.53,-585.541
-1566.0,-554.0,-143.571,5.7645e-07,89.4286,-19.4198,90.5714,169.301,-1476.53,-585.541,-1476.53,-585.541
-1564.0,-554.0,-143.887,5.70177e-07,89.3091,-19.8296,90.6909,169.301,-1476.53,-585.541,-1476.53,-585.541
-1562.0,-554.0,-144.201,5.63923e-07,89.187,-20.2563,90.813,169.301,-1476.53,-585.541,-1476.53,-585.541
-1560.0,-554.0,-144.519,5.57684e-07,89.0952,-20.701,90.9048,169.301,-1476.53,-585.541,-1476.53,-585.541
-1558.0,-554.0,-144.847,5.51461e-07,89.0264,-21.1647,90.9736,169.301,-1476.53,-585.541,-1476.53,-585.541
-1556.0,-554.0,-145.189,5.45259e-07,88.9561,-21.6486,91.0439,169.301,-1476.53,-585.541,-1476.53,-585.541
-1554.0,-554.0,-145.543,5.39079e-07,88.8843,-22.154,91.1157,169.301,-1476.53,-585.541,-1476.53,-585.541
-1552.0,-554.0,-145.905,5.32922e-07,88.8108,-22.6823,91.1892,169.301,-1476.53,-585.541,-1476.53,-585.541
-1550.0,-554.0,-146.268,5.26791e-07,88.7357,-23.2351,91.2643,169.301,-1476.53,-585.541,-1476.53,-585.541
-1548.0,-554.0,-146.63,5.20686e-07,88.6589,-23.8138,91.3411,169.301,-1476.53,-585.541,-1476.53,-585.541
-1546.0,-554.0,-146.989,5.1461e-07,88.5803,-24.4203,91.4197,169.301,-1476.53,-585.541,-1476.53,-585.541
-1544.0,-554.0,-147.344,5.08566e-07,88.4999,-25.0564,91.5001,169.301,-1476.53,-585.541,-1476.53,-585.541
-1542.0,-554.0,-147.695,5.02554e-07,88.4177,-25.7243,91.5823,169.301,-1476.53,-585.541,-1476.53,-585.541
-1540.0,-554.0,-148.04,4.96584e-07,88.3102,-26.4261,91.6898,169.301,-1476.53,-585.541,-1476.53,-585.541
-1538.0,-554.0,-148.375,4.90656e-07,88.1911,-27.1643,91.8089,169.301,-1476.53,-585.541,-1476.53,-585.541
-1536.0,-554.0,-148.446,8.31652e-07,88.9169,40.0742,91.0831,136.96,-1425.45,-576.237,-1469.87,-498.362
-1534.0,-554.0,-147.832,8.26563e-07,88.9103,40.5019,91.0897,136.96,-1425.45,-576.237,-1468.79,-498.305
-1532.0,-554.0,-147.304,8.21506e-07,88.9036,40.9373,91.0964,136.96,-1425.45,-576.237,-1467.72,-498.248
-1530.0,-554.0,-146.863,8.16482e-07,88.8968,41.3804,91.1032,136.96,-1425.45,-576.237,-1466.65,-498.191
-1528.0,-554.0,-146.533,8.11493e-07,88.89,41.8314,91.11,136.96,-1425.45,-576.237,-1465.59,-498.135
-1526.0,-554.0,-146.375,8.06539e-07,88.8832,42.2905,91.1168,136.96,-1425.45,-576.237,-1464.52,-498.078
-1524.0,-554.0,-146.523,8.01622e-07,88.8764,42.7579,91.1236,136.96,-1425.45,-576.237,-1463.46,-498.022
-1522.0,-554.0,-147.241,7.96742e-07,88.8695,43.2336,91.1305,136.96,-1425.45,-576.237,-1462.4,-497.965
-1520.0,-554.0,-149.029,7.919e-07,88.8626,43.7179,91.1374,136.96,-1425.45,-576.237,-1461.34,-497.909
-1518.0,-554.0,-152.038,4.34013e-07,87.9244,-37.2582,92.0756,169.301,-1476.53,-585.541,-1476.53,-585.541
-1516.0,-554.0,-152.086,4.28762e-07,87.8661,-38.6315,92.1339,169.301,-1476.53,-585.541,-1476.53,-585.541
-1514.0,-554.0,-152.844,4.23617e-07,87.802,-40.0924,92.198,169.301,-1476.53,-585.541,-1476.53,-585.541
-1512.0,-554.0,-153.656,4.18556e-07,87.8387,-41.6475,92.1613,169.301,-1476.53,-585.541,-1476.53,-585.541
-1510.0,-554.0,-154.209,4.13616e-07,87.891,-43.3037,92.109,169.301,-1476.53,-585.541,-1476.53,-585.541
-1508.0,-554.0,-154.412,4.08831e-07,87.8752,-45.068,92.1248,169.301,-1476.53,-585.541,-1476.53,-585.541
-1506.0,-554.0,-154.341,4.04198e-07,87.8508,-46.9479,92.1492,169.301,-1476.53,-585.541,-1476.53,-585.541
-1504.0,-554.0,-155.79,3.99731e-07,87.8268,-48.9504,92.1732,169.301,-1476.53,-585.541,-1476.53,-585.541
-1502.0,-554.0,-156.6,3.95445e-07,87.8032,-51.0827,92.1968,169.301,-1476.53,-585.541,-1476.53,-585.541
-1500.0,-554.0,-156.614,3.91359e-07,87.7802,-53.3512,92.2198,169.301,-1476.53,-585.541,-1476.53,-585.541
-1498.0,-554.0,-157.158,3.87491e-07,87.7581,-55.7617,92.2419,169.301,-1476.53,-585.541,-1476.53,-585.541
-1496.0,-554.0,-157.891,1.11115e-06,84.0493,-6.93235,87.1439,172.936,-1593.59,-576.009,-1477.22,-556.283
-1494.0,-554.0,-157.724,1.10456e-06,83.9615,-6.97517,87.1442,172.894,-1593.6,-575.867,-1477.23,-556.052
-1492.0,-554.0,-157.557,1.09798e-06,83.871,-7.01855,87.1445,172.853,-1593.6,-575.724,-1477.23,-555.818
-1490.0,-554.0,-157.39,1.09139e-06,83.7778,-7.06251,87.1448,172.81,-1593.6,-575.578,-1477.24,-555.581
-1488.0,-554.0,-157.224,1.08481e-06,83.6818,-7.10707,87.1452,172.768,-1593.61,-575.431,-1477.24,-555.341
-1486.0,-554.0,-157.059,1.07823e-06,83.5827,-7.15223,87.1455,172.724,-1593.61,-575.282,-1477.25,-555.098
-1484.0,-554.0,-156.894,1.07165e-06,83.4805,-7.19802,87.1458,172.681,-1593.61,-575.131,-1477.25,-554.852
-1482.0,-554.0,-152.584,1.03413e-06,82.8271,-169.798,87.1481,172.379,-1593.63,-574.091,-1593.63,-574.091
-1480.0,-554.0,-152.67,1.04065e-06,82.9503,-169.865,87.1476,172.443,-1593.63,-574.312,-1593.63,-574.312
-1478.0,-554.0,-152.758,1.04717e-06,83.0693,-169.931,87.1471,172.507,-1593.62,-574.531,-1593.62,-574.531
-1476.0,-554.0,0.0,0.0,0.0,0.0,0.0,0.0,0.0,0.0,0.0,0.0
-1474.0,-554.0,0.0,0.0,0.0,0.0,0.0,0.0,0.0,0.0,0.0,0.0
-1472.0,-554.0,0.0,0.0,0.0,0.0,0.0,0.0,0.0,0.0,0.0,0.0
-1470.0,-554.0,0.0,0.0,0.0,0.0,0.0,0.0,0.0,0.0,0.0,0.0
-1468.0,-554.0,0.0,0.0,0.0,0.0,0.0,0.0,0.0,0.0,0.0,0.0
-1466.0,-554.0,0.0,0.0,0.0,0.0,0.0,0.0,0.0,0.0,0.0,0.0
-1464.0,-554.0,0.0,0.0,0.0,0.0,0.0,0.0,0.0,0.0,0.0,0.0
-1462.0,-554.0,0.0,0.0,0.0,0.0,0.0,0.0,0.0,0.0,0.0,0.0
-1460.0,-554.0,0.0,0.0,0.0,0.0,0.0,0.0,0.0,0.0,0.0,0.0
-1458.0,-554.0,-113.491,3.71096e-07,87.3901,-57.8612,92.6099,122.168,-1434.82,-544.637,-1448.57,-569.003
-1456.0,-554.0,-108.682,3.67606e-07,87.3214,-58.743,92.6786,121.286,-1433.66,-544.609,-1446.92,-568.964
-1454.0,-554.0,-106.607,3.64205e-07,87.252,-59.6415,92.748,120.387,-1432.5,-544.582,-1445.26,-568.925
-1452.0,-554.0,-105.716,3.60896e-07,87.182,-60.5568,92.818,119.472,-1431.33,-544.554,-1443.6,-568.886
-1450.0,-554.0,-101.278,2.72458e-07,86.2068,54.4849,93.7932,128.238,-1443.46,-544.842,-1443.46,-544.842
-1448.0,-554.0,-101.06,2.68664e-07,86.093,55.6461,93.907,127.077,-1441.71,-544.801,-1441.71,-544.801
-1446.0,-554.0,-101.395,2.64984e-07,85.9776,56.8404,94.0224,125.883,-1439.96,-544.759,-1439.96,-544.759
-1444.0,-554.0,-102.999,2.61423e-07,85.8608,58.0681,94.1392,124.655,-1438.21,-544.717,-1438.21,-544.717
-1442.0,-554.0,-108.423,2.57985e-07,85.7428,59.3295,94.2572,123.393,-1436.47,-544.676,-1436.47,-544.676
-1440.0,-554.0,-105.16,2.54677e-07,85.6239,60.6248,94.3761,122.098,-1434.73,-544.635,-1434.73,-544.635
-1438.0,-554.0,-101.732,2.51502e-07,85.5042,61.9538,94.4958,120.769,-1432.99,-544.593,-1432.99,-544.593
-1436.0,-554.0,-96.7773,1.95929e-07,84.1423,-51.953,95.8577,128.047,-1436.0,-554.0,-1400.0,-600.0
-1434.0,-554.0,-96.5985,1.91939e-07,83.9356,-53.5308,96.0644,126.469,-1434.0,-554.0,-1400.0,-600.0
-1432.0,-554.0,-96.4229,1.88102e-07,83.7251,-55.1755,96.2749,124.824,-1432.0,-554.0,-1400.0,-600.0
-1430.0,-554.0,-96.2514,1.84428e-07,83.5115,-56.8887,96.4885,123.111,-1430.0,-554.0,-1400.0,-600.0
-1428.0,-554.0,-96.0847,1.80925e-07,83.2956,-58.6713,96.7044,121.329,-1428.0,-554.0,-1400.0,-600.0
-1426.0,-554.0,-95.9237,1.77605e-07,83.0781,-60.5241,96.9219,119.476,-1426.0,-554.0,-1400.0,-600.0
-1424.0,-554.0,-95.7692,1.74477e-07,82.8602,-62.4472,97.1398,117.553,-1424.0,-554.0,-1400.0,-600.0
-1422.0,-554.0,-95.6223,1.71552e-07,82.643,-64.44,97.357,115.56,-1422.0,-554.0,-1400.0,-600.0
-1420.0,-554.0,-95.4838,1.68841e-07,82.4278,-66.5014,97.5722,113.499,-1420.0,-554.0,-1400.0,-600.0
-1418.0,-554.0,-95.3539,1.66336e-07,82.2638,-68.6294,97.7362,111.371,-1418.0,-554.0,-1400.0,-600.0
-1416.0,-554.0,-95.2333,1.64044e-07,82.1551,-70.821,97.8449,109.179,-1416.0,-554.0,-1400.0,-600.0
-1414.0,-554.0,-95.124,1.61995e-07,82.0552,-73.0725,97.9448,106.928,-1414.0,-554.0,-1400.0,-600.0
-1412.0,-554.0,-95.0271,1.60198e-07,81.9655,-75.3791,98.0345,104.621,-1412.0,-554.0,-1400.0,-600.0
-1410.0,-554.0,-94.9433,1.58662e-07,81.8872,-77.7352,98.1128,102.265,-1410.0,-554.0,-1400.0,-600.0
-1408.0,-554.0,-94.8735,1.57394e-07,81.8214,-80.1342,98.1786,99.8658,-1408.0,-554.0,-1400.0,-600.0
-1406.0,-554.0,-94.8185,1.564e-07,81.7691,-82.5686,98.2309,97.4314,-1406.0,-554.0,-1400.0,-600.0
-1404.0,-554.0,-94.7787,1.55687e-07,81.7312,-85.0303,98.2688,94.9697,-1404.0,-554.0,-1400.0,-600.0
-1402.0,-554.0,-94.7547,1.55257e-07,81.7081,-87.5104,98.2919,92.4896,-1402.0,-554.0,-1400.0,-600.0
-1400.0,-554.0,-94.7467,1.55114e-07,81.7004,-90.0,98.2996,90.0,-1400.0,-554.0,-1400.0,-600.0
-1398.0,-554.0,-102.648,2.3473e-07,84.4825,-137.652,95.5175,140.344,-1425.38,-578.959,-1425.38,-578.959
-1396.0,-554.0,-147.785,3.259e-07,85.9793,164.103,94.0207,117.862,-1429.33,-544.506,-1429.33,-544.506
-1394.0,-554.0,-141.077,2.01866e-07,83.4198,108.87,96.5802,87.7729,-1398.22,-554.308,-1396.29,-547.288
-1392.0,-554.0,-147.952,2.04436e-07,83.4235,116.051,96.5765,87.7729,-1398.22,-554.308,-1395.3,-547.258
-1390.0,-554.0,-148.503,3.45278e-07,86.0648,166.431,93.9352,117.862,-1429.33,-544.506,-1429.33,-544.506
-1388.0,-554.0,0.0,0.0,0.0,0.0,0.0,0.0,0.0,0.0,0.0,0.0
-1386.0,-554.0,0.0,0.0,0.0,0.0,0.0,0.0,0.0,0.0,0.0,0.0
-1384.0,-554.0,0.0,0.0,0.0,0.0,0.0,0.0,0.0,0.0,0.0,0.0
-1382.0,-554.0,0.0,0.0,0.0,0.0,0.0,0.0,0.0,0.0,0.0,0.0
-1380.0,-554.0,0.0,0.0,0.0,0.0,0.0,0.0,0.0,0.0,0.0,0.0
-1378.0,-554.0,0.0,0.0,0.0,0.0,0.0,0.0,0.0,0.0,0.0,0.0
-1376.0,-554.0,0.0,0.0,0.0,0.0,0.0,0.0,0.0,0.0,0.0,0.0
-1374.0,-554.0,0.0,0.0,0.0,0.0,0.0,0.0,0.0,0.0,0.0,0.0
-1372.0,-554.0,0.0,0.0,0.0,0.0,0.0,0.0,0.0,0.0,0.0,0.0
-1370.0,-554.0,0.0,0.0,0.0,0.0,0.0,0.0,0.0,0.0,0.0,0.0
-1368.0,-554.0,0.0,0.0,0.0,0.0,0.0,0.0,0.0,0.0,0.0,0.0
-1366.0,-554.0,0.0,0.0,0.0,0.0,0.0,0.0,0.0,0.0,0.0,0.0
-1364.0,-554.0,0.0,0.0,0.0,0.0,0.0,0.0,0.0,0.0,0.0,0.0
-1362.0,-554.0,0.0,0.0,0.0,0.0,0.0,0.0,0.0,0.0,0.0,0.0
-1360.0,-554.0,0.0,0.0,0.0,0.0,0.0,0.0,0.0,0.0,0.0,0.0
-1358.0,-554.0,0.0,0.0,0.0,0.0,0.0,0.0,0.0,0.0,0.0,0.0
-1356.0,-554.0,-139.018,1.31541e-06,88.8794,-5.27235,91.1206,-13.7653,-1335.91,-615.702,-1185.68,-569.718
-1354.0,-554.0,-138.397,1.30877e-06,88.8737,-5.33464,91.1263,-13.7653,-1335.91,-615.702,-1185.68,-569.718
-1352.0,-554.0,-128.99,1.43795e-06,88.9749,-171.618,91.0251,-12.3739,-1329.28,-615.514,-1357.65,-554.833
-1350.0,-554.0,-129.162,1.44455e-06,88.9796,-171.656,91.0204,-12.3353,-1329.08,-615.508,-1357.64,-555.121
-1348.0,-554.0,-129.334,1.45115e-06,88.9842,-171.694,91.0158,-12.297,-1328.88,-615.502,-1357.63,-555.406
-1346.0,-554.0,-129.499,1.45776e-06,88.9676,-171.732,91.0324,-12.2591,-1328.68,-615.497,-1357.62,-555.689
-1344.0,-554.0,-129.663,1.46438e-06,88.9502,-171.77,91.0498,-12.2216,-1328.48,-615.491,-1357.62,-555.969
-1342.0,-554.0,-129.826,1.47099e-06,88.933,-171.807,91.067,-12.1844,-1328.28,-615.485,-1357.61,-556.247
-1340.0,-554.0,-129.989,1.47761e-06,88.9159,-171.844,91.0841,-12.1475,-1328.08,-615.48,-1357.6,-556.522
-1338.0,-554.0,-123.084,1.25671e-06,88.6996,8.10458,91.3004,-13.9496,-1336.7,-615.724,-1328.45,-552.64
-1336.0,-554.0,-130.021,1.24908e-06,88.6658,-5.96905,91.3342,-13.7653,-1335.91,-615.702,-1185.68,-569.718
-1334.0,-554.0,-128.577,1.24246e-06,88.6327,-6.04894,91.3673,-13.7653,-1335.91,-615.702,-1185.68,-569.718
-1332.0,-554.0,-127.116,1.23584e-06,88.5993,-6.131,91.4007,-13.7653,-1335.91,-615.702,-1185.68,-569.718
-1330.0,-554.0,-125.368,1.22922e-06,88.5655,-6.2153,91.4345,-13.7653,-1335.91,-615.702,-1185.68,-569.718
-1328.0,-554.0,-123.61,1.2226e-06,88.5337,-6.30194,91.4663,-13.7653,-1335.91,-615.702,-1185.68,-569.718
-1326.0,-554.0,-123.383,1.21597e-06,88.5257,-6.39102,91.4743,-13.7653,-1335.91,-615.702,-1185.68,-569.718
-1324.0,-554.0,-125.02,1.20934e-06,88.5161,-6.48265,91.4839,-13.7653,-1335.91,-615.702,-1185.68,-569.718
-1322.0,-554.0,-126.707,1.20272e-06,88.4945,-6.57693,91.5055,-13.7653,-1335.91,-615.702,-1185.68,-569.718
-1320.0,-554.0,-128.168,1.19611e-06,88.4709,-6.67398,91.5291,-13.7653,-1335.91,-615.702,-1185.68,-569.718
-1318.0,-554.0,-129.596,1.1895e-06,88.4352,-6.77392,91.5648,-13.7653,-1335.91,-615.702,-1185.68,-569.718
-1316.0,-554.0,-130.908,1.18289e-06,88.3992,-6.87689,91.6008,-13.7653,-1335.91,-615.702,-1185.68,-569.718
-1314.0,-554.0,-132.13,1.17628e-06,88.3627,-6.98302,91.6373,-13.7653,-1335.91,-615.702,-1185.68,-569.718
-1312.0,-554.0,-133.185,1.16968e-06,88.3259,-7.09246,91.6741,-13.7653,-1335.91,-615.702,-1185.68,-569.718
-1310.0,-554.0,-134.196,1.16308e-06,88.2886,-7.20536,91.7114,-13.7653,-1335.91,-615.702,-1185.68,-569.718
-1308.0,-554.0,-135.113,1.15648e-06,88.2509,-7.3219,91.7491,-13.7653,-1335.91,-615.702,-1185.68,-569.718
-1306.0,-554.0,-135.96,1.14988e-06,88.2128,-7.44225,91.7872,-13.7653,-1335.91,-615.702,-1185.68,-569.718
-1304.0,-554.0,-136.742,1.14328e-06,88.1742,-7.5666,91.8258,-13.7653,-1335.91,-615.702,-1185.68,-569.718
-1302.0,-554.0,-137.467,1.13669e-06,88.1352,-7.69515,91.8648,-13.7653,-1335.91,-615.702,-1185.68,-569.718
-1300.0,-554.0,-138.144,1.1301e-06,88.0996,-7.82811,91.9004,-13.7653,-1335.91,-615.702,-1185.68,-569.718
-1298.0,-554.0,-138.779,1.1235e-06,88.074,-7.96573,91.926,-13.7653,-1335.91,-615.702,-1185.68,-569.718
-1296.0,-554.0,-139.377,1.11691e-06,88.0482,-8.10823,91.9518,-13.7653,-1335.91,-615.702,-1185.68,-569.718
-1294.0,-554.0,-139.943,1.11031e-06,88.0221,-8.25589,91.9779,-13.7653,-1335.91,-615.702,-1185.68,-569.718
-1292.0,-554.0,-140.482,1.10372e-06,87.9956,-8.40898,92.0044,-13.7653,-1335.91,-615.702,-1185.68,-569.718
-1290.0,-554.0,-140.997,1.09714e-06,87.9689,-8.56782,92.0311,-13.7653,-1335.91,-615.702,-1185.68,-569.718
-1288.0,-554.0,-141.49,1.09056e-06,87.9418,-8.73273,92.0582,-13.7653,-1335.91,-615.702,-1185.68,-569.718
-1286.0,-554.0,-141.966,1.08398e-06,87.9144,-8.90406,92.0856,-13.7653,-1335.91,-615.702,-1185.68,-569.718
-1284.0,-554.0,-142.425,1.0774e-06,87.8866,-9.08218,92.1134,-13.7653,-1335.91,-615.702,-1185.68,-569.718
-1282.0,-554.0,-142.871,1.07083e-06,87.8586,-9.26752,92.1414,-13.7653,-1335.91,-615.702,-1185.68,-569.718
-1280.0,-554.0,-135.08,6.52333e-07,86.7226,-128.079,93.9105,54.5101,-1392.94,-590.094,-1328.17,-615.482
-1278.0,-554.0,-136.895,6.56479e-07,86.7014,-128.539,93.8862,54.0518,-1392.81,-590.09,-1326.95,-615.448
-1276.0,-554.0,-110.987,6.11652e-07,86.1698,-131.466,93.8302,-43.9577,-1381.75,-617.597,-1330.39,-615.545
-1274.0,-554.0,-110.73,6.16101e-07,86.1713,-131.933,93.8287,-43.4916,-1381.46,-617.585,-1329.26,-615.513
-1272.0,-554.0,-123.591,6.20587e-07,86.1846,-132.583,93.8154,-43.396,-1381.4,-617.583,-1328.51,-615.492
-1270.0,-554.0,-129.503,6.25122e-07,86.2123,-133.27,93.7877,-43.396,-1381.4,-617.583,-1327.87,-615.474
-1268.0,-554.0,-133.486,6.29715e-07,86.2399,-133.941,93.7601,-43.396,-1381.4,-617.583,-1327.22,-615.455
-1266.0,-554.0,-134.176,5.56744e-07,87.5734,-142.087,95.0044,36.4532,-1386.32,-589.891,-1299.45,-580.056
-1264.0,-554.0,-136.37,5.61931e-07,85.7856,-141.861,94.2144,35.7331,-1385.93,-589.879,-1306.24,-587.164
-1262.0,-554.0,-119.367,5.67211e-07,85.8249,-143.009,94.1751,35.6692,-1385.9,-589.878,-1344.33,-616.02
-1260.0,-554.0,-119.218,5.72541e-07,85.8638,-143.412,94.1362,35.2663,-1385.68,-589.872,-1343.5,-615.985
-1258.0,-554.0,-116.854,5.77899e-07,85.9022,-143.807,94.0978,34.8709,-1385.46,-589.865,-1342.67,-615.95
-1256.0,-554.0,-113.859,5.83285e-07,85.9401,-144.195,94.0599,34.4828,-1385.23,-589.858,-1341.83,-615.915
-1254.0,-554.0,-111.734,5.88696e-07,85.9775,-144.576,94.0225,34.1019,-1385.01,-589.851,-1341.0,-615.879
-1252.0,-554.0,-110.421,5.94145e-07,85.9988,-144.95,94.0012,33.728,-1384.79,-589.844,-1340.16,-615.844
-1250.0,-554.0,-109.624,5.99627e-07,86.0084,-145.317,93.9916,33.3609,-1384.57,-589.838,-1339.32,-615.809
-1248.0,-554.0,-135.126,5.74598e-07,87.7522,-151.239,95.6191,-23.9758,-1362.28,-616.776,-1308.53,-587.224
-1246.0,-554.0,-135.872,5.80593e-07,91.8405,-151.228,95.3883,-23.517,-1361.52,-616.745,-1261.31,-562.409
-1244.0,-554.0,-110.504,5.86043e-07,85.9048,-151.843,94.0952,-23.33,-1361.21,-616.731,-1361.21,-616.731
-1242.0,-554.0,-108.872,6.21789e-07,86.1406,-147.323,93.8594,32.9278,-1384.3,-589.829,-1338.3,-615.77
-1240.0,-554.0,-108.749,6.27403e-07,86.1752,-147.653,93.8248,32.598,-1384.09,-589.823,-1337.5,-615.747
-1238.0,-554.0,-108.692,6.33039e-07,86.2093,-147.977,93.7907,32.2741,-1383.88,-589.817,-1336.69,-615.724
-1236.0,-554.0,-108.683,6.38694e-07,86.2429,-148.295,93.7571,31.956,-1383.66,-589.81,-1335.88,-615.701
-1234.0,-554.0,-108.713,6.44369e-07,86.276,-148.607,93.724,31.6435,-1383.45,-589.804,-1335.07,-615.678
-1232.0,-554.0,-108.776,6.50063e-07,86.3087,-148.914,93.6913,31.3365,-1383.24,-589.797,-1334.27,-615.655
-1230.0,-554.0,-108.868,6.55776e-07,86.3409,-149.216,93.6591,31.0348,-1383.03,-589.791,-1333.45,-615.632
-1228.0,-554.0,-108.99,6.61506e-07,86.3726,-149.512,93.6274,30.7384,-1382.82,-589.784,-1332.64,-615.609
-1226.0,-554.0,-108.755,6.39501e-07,86.2476,-154.389,93.7524,-20.7844,-1356.45,-616.531,-1356.45,-616.531
-1224.0,-554.0,-108.564,6.45484e-07,86.3204,-154.646,93.6796,-20.5278,-1355.91,-616.508,-1355.91,-616.508
-1222.0,-554.0,-108.441,6.51473e-07,86.404,-154.897,93.596,-20.276,-1355.38,-616.486,-1355.38,-616.486
-1220.0,-554.0,-108.365,6.57476e-07,86.486,-155.145,93.514,-20.0288,-1354.84,-616.463,-1354.84,-616.463
-1218.0,-554.0,-108.323,6.63492e-07,86.5667,-155.387,93.4333,-19.7861,-1354.3,-616.44,-1354.3,-616.44
-1216.0,-554.0,-108.306,6.69521e-07,86.6459,-155.625,93.3541,-19.5479,-1353.76,-616.417,-1353.76,-616.417
-1214.0,-554.0,-108.309,6.75562e-07,86.7238,-155.859,93.2762,-19.3139,-1353.22,-616.395,-1353.22,-616.395
-1212.0,-554.0,-108.325,6.81616e-07,86.8004,-156.089,93.1996,-19.0841,-1352.68,-616.372,-1352.68,-616.372
-1210.0,-554.0,-108.353,6.87682e-07,86.8756,-156.315,93.1244,-18.8584,-1352.14,-616.349,-1352.14,-616.349
-1208.0,-554.0,-108.39,6.93759e-07,86.9496,-156.537,93.0504,-18.6367,-1351.59,-616.326,-1351.59,-616.326
-1206.0,-554.0,-108.433,6.99848e-07,87.0224,-156.754,92.9776,-18.4189,-1351.05,-616.303,-1351.05,-616.303
-1204.0,-554.0,-108.481,7.05935e-07,87.1141,-156.968,92.8859,-18.2049,-1350.5,-616.28,-1350.5,-616.28
-1202.0,-554.0,-108.534,7.12032e-07,87.2069,-157.179,92.7931,-17.9945,-1349.95,-616.257,-1349.95,-616.257
-1600.0,-552.0,-139.147,6.86828e-07,90.5838,-15.1982,89.4162,169.301,-1476.53,-585.541,-1476.53,-585.541
-1598.0,-552.0,-152.827,7.46271e-07,90.5157,-18.9928,89.4843,-103.963,-1404.61,-618.561,-1404.61,-618.561
-1596.0,-552.0,-155.907,7.25975e-07,90.5079,-83.8846,89.4921,172.374,-1593.64,-574.074,-1593.64,-574.074
-1594.0,-552.0,0.0,0.0,0.0,0.0,0.0,0.0,0.0,0.0,0.0,0.0
-1592.0,-552.0,0.0,0.0,0.0,0.0,0.0,0.0,0.0,0.0,0.0,0.0
-1590.0,-552.0,0.0,0.0,0.0,0.0,0.0,0.0,0.0,0.0,0.0,0.0
-1588.0,-552.0,0.0,0.0,0.0,0.0,0.0,0.0,0.0,0.0,0.0,0.0
-1586.0,-552.0,0.0,0.0,0.0,0.0,0.0,0.0,0.0,0.0,0.0,0.0
-1584.0,-552.0,0.0,0.0,0.0,0.0,0.0,0.0,0.0,0.0,0.0,0.0
-1582.0,-552.0,0.0,0.0,0.0,0.0,0.0,0.0,0.0,0.0,0.0,0.0
-1580.0,-552.0,0.0,0.0,0.0,0.0,0.0,0.0,0.0,0.0,0.0,0.0
-1578.0,-552.0,0.0,0.0,0.0,0.0,0.0,0.0,0.0,0.0,0.0,0.0
-1576.0,-552.0,0.0,0.0,0.0,0.0,0.0,0.0,0.0,0.0,0.0,0.0
-1574.0,-552.0,0.0,0.0,0.0,0.0,0.0,0.0,0.0,0.0,0.0,0.0
-1572.0,-552.0,0.0,0.0,0.0,0.0,0.0,0.0,0.0,0.0,0.0,0.0
-1570.0,-552.0,0.0,0.0,0.0,0.0,0.0,0.0,0.0,0.0,0.0,0.0
-1568.0,-552.0,0.0,0.0,0.0,0.0,0.0,0.0,0.0,0.0,0.0,0.0
-1566.0,-552.0,0.0,0.0,0.0,0.0,0.0,0.0,0.0,0.0,0.0,0.0
-1564.0,-552.0,0.0,0.0,0.0,0.0,0.0,0.0,0.0,0.0,0.0,0.0
-1562.0,-552.0,0.0,0.0,0.0,0.0,0.0,0.0,0.0,0.0,0.0,0.0
-1560.0,-552.0,-145.769,5.60108e-07,89.0991,-21.8927,90.9009,169.301,-1476.53,-585.541,-1476.53,-585.541
-1558.0,-552.0,-146.104,5.53936e-07,89.0308,-22.3777,90.9692,169.301,-1476.53,-585.541,-1476.53,-585.541
-1556.0,-552.0,-146.444,5.47787e-07,88.961,-22.8835,91.039,169.301,-1476.53,-585.541,-1476.53,-585.541
-1554.0,-552.0,-146.784,5.41662e-07,88.8896,-23.4114,91.1104,169.301,-1476.53,-585.541,-1476.53,-585.541
-1552.0,-552.0,-147.122,5.35564e-07,88.8167,-23.9627,91.1833,169.301,-1476.53,-585.541,-1476.53,-585.541
-1550.0,-552.0,-147.457,5.29492e-07,88.7421,-24.539,91.2579,169.301,-1476.53,-585.541,-1476.53,-585.541
-1548.0,-552.0,-147.789,5.23451e-07,88.6659,-25.1419,91.3341,169.301,-1476.53,-585.541,-1476.53,-585.541
-1546.0,-552.0,-148.117,5.1744e-07,88.5881,-25.773,91.4119,169.301,-1476.53,-585.541,-1476.53,-585.541
-1544.0,-552.0,-148.44,5.11464e-07,88.5084,-26.4343,91.4916,169.301,-1476.53,-585.541,-1476.53,-585.541
-1542.0,-552.0,-148.755,5.05523e-07,88.427,-27.1278,91.573,169.301,-1476.53,-585.541,-1476.53,-585.541
-1540.0,-552.0,-149.053,4.99621e-07,88.3438,-27.8558,91.6562,169.301,-1476.53,-585.541,-1476.53,-585.541
-1538.0,-552.0,-149.322,4.93769e-07,88.2276,-28.6204,91.7724,169.301,-1476.53,-585.541,-1476.53,-585.541
-1536.0,-552.0,-149.198,8.27375e-07,88.9263,39.5665,91.0737,136.96,-1425.45,-576.237,-1471.17,-498.431
-1534.0,-552.0,-148.442,8.22248e-07,88.9196,39.9929,91.0804,136.96,-1425.45,-576.237,-1470.07,-498.373
-1532.0,-552.0,-147.8,8.17152e-07,88.9129,40.427,91.0871,136.96,-1425.45,-576.237,-1468.98,-498.315
-1530.0,-552.0,-147.248,8.1209e-07,88.9061,40.869,91.0939,136.96,-1425.45,-576.237,-1467.89,-498.257
-1528.0,-552.0,-146.785,8.07061e-07,88.8993,41.319,91.1007,136.96,-1425.45,-576.237,-1466.8,-498.199
-1526.0,-552.0,-146.432,8.02068e-07,88.8924,41.7772,91.1076,136.96,-1425.45,-576.237,-1465.71,-498.141
-1524.0,-552.0,-146.248,7.9711e-07,88.8855,42.2437,91.1145,136.96,-1425.45,-576.237,-1464.63,-498.084
-1522.0,-552.0,-146.361,7.92189e-07,88.8786,42.7188,91.1214,136.96,-1425.45,-576.237,-1463.55,-498.026
-1520.0,-552.0,-147.037,7.87306e-07,88.8717,43.2025,91.1283,136.96,-1425.45,-576.237,-1462.47,-497.969
-1518.0,-552.0,-148.78,7.82462e-07,88.8647,43.6951,91.1353,136.96,-1425.45,-576.237,-1461.39,-497.912
-1516.0,-552.0,-152.063,7.77659e-07,88.8555,44.1967,91.1445,136.96,-1425.45,-576.237,-1460.31,-497.854
-1514.0,-552.0,-154.102,4.27973e-07,87.8822,-41.836,92.1178,169.301,-1476.53,-585.541,-1476.53,-585.541
-1512.0,-552.0,-154.602,4.23048e-07,87.9202,-43.402,92.0798,169.301,-1476.53,-585.541,-1476.53,-585.541
-1510.0,-552.0,-154.779,4.18262e-07,87.9231,-45.064,92.0769,169.301,-1476.53,-585.541,-1476.53,-585.541
-1508.0,-552.0,-154.642,4.13624e-07,87.8998,-46.8281,92.1002,169.301,-1476.53,-585.541,-1476.53,-585.541
-1506.0,-552.0,-156.011,4.09141e-07,87.8768,-48.7003,92.1232,169.301,-1476.53,-585.541,-1476.53,-585.541
-1504.0,-552.0,-156.853,4.04826e-07,87.8541,-50.6866,92.1459,169.301,-1476.53,-585.541,-1476.53,-585.541
-1502.0,-552.0,-157.116,4.00696e-07,87.832,-52.7923,92.168,169.301,-1476.53,-585.541,-1476.53,-585.541
-1500.0,-552.0,-156.757,3.96767e-07,87.8105,-55.0224,92.1895,169.301,-1476.53,-585.541,-1476.53,-585.541
-1498.0,-552.0,-157.552,1.11856e-06,84.1376,-7.23125,87.1461,172.637,-1593.62,-574.98,-1477.26,-554.632
-1496.0,-552.0,-157.395,1.11197e-06,84.0524,-7.27556,87.1465,172.594,-1593.62,-574.833,-1477.26,-554.392
-1494.0,-552.0,-157.239,1.10539e-06,83.9647,-7.32045,87.1468,172.551,-1593.62,-574.683,-1477.27,-554.149
-1492.0,-552.0,-157.082,1.09881e-06,83.8743,-7.36593,87.1471,172.507,-1593.62,-574.533,-1477.28,-553.903
-1490.0,-552.0,-156.927,1.09223e-06,83.7812,-7.41201,87.1475,172.463,-1593.63,-574.38,-1477.28,-553.654
-1488.0,-552.0,-156.772,1.08565e-06,83.6852,-7.45872,87.1478,172.418,-1593.63,-574.225,-1477.29,-553.402
-1486.0,-552.0,-164.668,3.76483e-07,87.6925,-74.2398,92.3075,169.301,-1476.53,-585.541,-1476.53,-585.541
-1484.0,-552.0,-164.95,3.74852e-07,87.6824,-77.4509,92.3176,169.301,-1476.53,-585.541,-1476.53,-585.541
-1482.0,-552.0,-165.135,1.81312e-06,89.521,-106.108,90.479,-124.304,-1548.93,-818.293,-1556.08,-808.509
-1480.0,-552.0,-165.046,1.815e-06,89.5215,-106.52,90.4785,-124.304,-1548.93,-818.293,-1556.08,-808.509
-1478.0,-552.0,-164.956,1.81692e-06,89.522,-106.93,90.478,-124.304,-1548.93,-818.293,-1556.08,-808.509
-1476.0,-552.0,0.0,0.0,0.0,0.0,0.0,0.0,0.0,0.0,0.0,0.0
-1474.0,-552.0,0.0,0.0,0.0,0.0,0.0,0.0,0.0,0.0,0.0,0.0
-1472.0,-552.0,0.0,0.0,0.0,0.0,0.0,0.0,0.0,0.0,0.0,0.0
-1470.0,-552.0,0.0,0.0,0.0,0.0,0.0,0.0,0.0,0.0,0.0,0.0
-1468.0,-552.0,0.0,0.0,0.0,0.0,0.0,0.0,0.0,0.0,0.0,0.0
-1466.0,-552.0,0.0,0.0,0.0,0.0,0.0,0.0,0.0,0.0,0.0,0.0
-1464.0,-552.0,0.0,0.0,0.0,0.0,0.0,0.0,0.0,0.0,0.0,0.0
-1462.0,-552.0,0.0,0.0,0.0,0.0,0.0,0.0,0.0,0.0,0.0,0.0
-1460.0,-552.0,0.0,0.0,0.0,0.0,0.0,0.0,0.0,0.0,0.0,0.0
-1458.0,-552.0,-110.211,3.76748e-07,87.4622,-58.4017,92.5378,121.627,-1434.11,-544.62,-1447.56,-568.979
-1456.0,-552.0,-107.413,3.73311e-07,87.3955,-59.275,92.6045,120.754,-1432.97,-544.593,-1445.93,-568.94
-1454.0,-552.0,-106.173,3.69962e-07,87.3283,-60.1644,92.6717,119.864,-1431.83,-544.566,-1444.31,-568.902
-1452.0,-552.0,-105.691,3.66705e-07,87.2604,-61.07,92.7396,118.959,-1430.69,-544.539,-1442.68,-568.864
-1450.0,-552.0,-101.576,2.67052e-07,86.1763,53.6513,93.8237,129.072,-1444.76,-544.873,-1444.76,-544.873
-1448.0,-552.0,-100.899,2.6318e-07,86.0585,54.8243,93.9415,127.899,-1442.95,-544.83,-1442.95,-544.83
-1446.0,-552.0,-100.829,2.59422e-07,85.939,56.0322,94.061,126.691,-1441.14,-544.787,-1441.14,-544.787
-1444.0,-552.0,-101.462,2.55783e-07,85.8179,57.2753,94.1821,125.448,-1439.34,-544.744,-1439.34,-544.744
-1442.0,-552.0,-104.174,2.52268e-07,85.6953,58.5542,94.3047,124.169,-1437.54,-544.701,-1437.54,-544.701
-1440.0,-552.0,-108.793,2.48884e-07,85.5717,59.8689,94.4283,122.854,-1435.74,-544.659,-1435.74,-544.659
-1438.0,-552.0,-97.1795,2.05206e-07,84.5476,-51.6325,95.4524,128.367,-1438.0,-552.0,-1400.0,-600.0
-1436.0,-552.0,-97.0072,2.01178e-07,84.3575,-53.1301,95.6425,126.87,-1436.0,-552.0,-1400.0,-600.0
-1434.0,-552.0,-96.8377,1.97294e-07,84.1638,-54.6888,95.8362,125.311,-1434.0,-552.0,-1400.0,-600.0
-1432.0,-552.0,-96.6717,1.93563e-07,83.9671,-56.3099,96.0329,123.69,-1432.0,-552.0,-1400.0,-600.0
-1430.0,-552.0,-96.5099,1.89994e-07,83.7679,-57.9946,96.2321,122.005,-1430.0,-552.0,-1400.0,-600.0
-1428.0,-552.0,-96.353,1.86596e-07,83.5669,-59.7436,96.4331,120.256,-1428.0,-552.0,-1400.0,-600.0
-1426.0,-552.0,-96.2018,1.83378e-07,83.365,-61.5571,96.635,118.443,-1426.0,-552.0,-1400.0,-600.0
-1424.0,-552.0,-96.057,1.8035e-07,83.1629,-63.4349,96.8371,116.565,-1424.0,-552.0,-1400.0,-600.0
-1422.0,-552.0,-95.9196,1.77522e-07,82.9619,-65.3764,97.0381,114.624,-1422.0,-552.0,-1400.0,-600.0
-1420.0,-552.0,-95.7904,1.74903e-07,82.763,-67.3801,97.237,112.62,-1420.0,-552.0,-1400.0,-600.0
-1418.0,-552.0,-95.6694,1.72485e-07,82.6135,-69.444,97.3865,110.556,-1418.0,-552.0,-1400.0,-600.0
-1416.0,-552.0,-95.5574,1.70276e-07,82.5171,-71.5651,97.4829,108.435,-1416.0,-552.0,-1400.0,-600.0
-1414.0,-552.0,-95.4561,1.68303e-07,82.4289,-73.7398,97.5711,106.26,-1414.0,-552.0,-1400.0,-600.0
-1412.0,-552.0,-95.3663,1.66574e-07,82.3499,-75.9638,97.6501,104.036,-1412.0,-552.0,-1400.0,-600.0
-1410.0,-552.0,-95.2889,1.65097e-07,82.281,-78.2317,97.719,101.768,-1410.0,-552.0,-1400.0,-600.0
-1408.0,-552.0,-95.2245,1.63879e-07,82.2233,-80.5377,97.7767,99.4623,-1408.0,-552.0,-1400.0,-600.0
-1406.0,-552.0,-95.1738,1.62925e-07,82.1775,-82.875,97.8225,97.125,-1406.0,-552.0,-1400.0,-600.0
-1404.0,-552.0,-95.1371,1.6224e-07,82.1443,-85.2364,97.8557,94.7636,-1404.0,-552.0,-1400.0,-600.0
-1402.0,-552.0,-95.115,1.61828e-07,82.1242,-87.6141,97.8758,92.3859,-1402.0,-552.0,-1400.0,-600.0
-1400.0,-552.0,-95.1076,1.6169e-07,82.1174,-90.0,97.8826,90.0,-1400.0,-552.0,-1400.0,-600.0
-1398.0,-552.0,-100.481,2.39219e-07,84.6813,-136.465,95.3187,139.158,-1425.4,-578.038,-1425.4,-578.038
-1396.0,-552.0,-102.72,2.44102e-07,84.7303,-137.549,95.2697,140.241,-1425.39,-578.881,-1425.39,-578.881
-1394.0,-552.0,-145.119,2.5559e-07,84.9044,-152.504,95.0956,129.101,-1425.63,-568.463,-1425.63,-568.463
-1392.0,-552.0,-103.433,2.75382e-07,85.2127,137.819,94.7873,137.007,-1425.45,-576.276,-1397.17,-547.315
-1390.0,-552.0,-106.123,2.8037e-07,85.2403,138.738,94.7597,137.925,-1425.43,-577.044,-1395.4,-547.261
-1388.0,-552.0,-110.48,2.85426e-07,85.2681,139.624,94.7319,138.812,-1425.41,-577.763,-1393.64,-547.207
-1386.0,-552.0,-107.491,2.90548e-07,85.296,140.48,94.704,139.667,-1425.4,-578.438,-1391.88,-547.153
-1384.0,-552.0,-119.505,3.03976e-07,85.451,-136.031,94.549,138.69,-1425.41,-577.666,-1386.01,-553.938
-1382.0,-552.0,-113.5,3.08821e-07,85.4701,-136.893,94.5299,139.553,-1425.4,-578.349,-1384.01,-553.877
-1380.0,-552.0,-110.672,3.13733e-07,85.4896,-137.729,94.5104,140.388,-1425.38,-578.993,-1382.0,-553.816
-1378.0,-552.0,-147.595,3.23873e-07,85.5811,-147.264,94.4189,129.101,-1425.63,-568.463,-1380.77,-553.779
-1376.0,-552.0,-148.036,3.29526e-07,85.608,-148.336,94.392,129.101,-1425.63,-568.463,-1378.79,-553.719
-1374.0,-552.0,-148.813,3.35241e-07,85.6357,-149.346,94.3643,129.101,-1425.63,-568.463,-1376.8,-553.659
-1372.0,-552.0,-149.891,3.40994e-07,85.7095,-150.3,94.2905,129.101,-1425.63,-568.463,-1374.8,-553.598
-1370.0,-552.0,-151.536,3.468e-07,85.7815,-151.201,94.2185,129.101,-1425.63,-568.463,-1372.8,-553.538
-1368.0,-552.0,-136.754,1.35589e-06,88.9219,-5.55037,91.0781,-13.7653,-1335.91,-615.702,-1185.68,-569.718
-1366.0,-552.0,-136.009,1.34925e-06,88.9166,-5.61154,91.0834,-13.7653,-1335.91,-615.702,-1185.68,-569.718
-1364.0,-552.0,-135.186,1.34261e-06,88.9113,-5.67407,91.0887,-13.7653,-1335.91,-615.702,-1185.68,-569.718
-1362.0,-552.0,-134.345,1.33597e-06,88.9059,-5.738,91.0941,-13.7653,-1335.91,-615.702,-1185.68,-569.718
-1360.0,-552.0,-133.379,1.32933e-06,88.9004,-5.80339,91.0996,-13.7653,-1335.91,-615.702,-1185.68,-569.718
-1358.0,-552.0,-132.337,1.32269e-06,88.8949,-5.87027,91.1051,-13.7653,-1335.91,-615.702,-1185.68,-569.718
-1356.0,-552.0,-131.175,1.31606e-06,88.8893,-5.93871,91.1107,-13.7653,-1335.91,-615.702,-1185.68,-569.718
-1354.0,-552.0,-129.936,1.30942e-06,88.8837,-6.00876,91.1163,-13.7653,-1335.91,-615.702,-1185.68,-569.718
-1352.0,-552.0,-128.628,1.30279e-06,88.878,-6.08048,91.122,-13.7653,-1335.91,-615.702,-1185.68,-569.718
-1350.0,-552.0,-126.311,3.85671e-07,86.2074,-132.84,93.7926,-43.3117,-1381.35,-617.58,-1357.49,-560.081
-1348.0,-552.0,-125.617,1.28952e-06,88.8665,-6.22915,91.1335,-13.7653,-1335.91,-615.702,-1185.68,-569.718
-1346.0,-552.0,-145.972,3.95178e-07,86.2202,-137.72,93.7798,-43.3117,-1381.35,-617.58,-1357.42,-562.388
-1344.0,-552.0,-145.727,4.44652e-07,86.5686,121.764,93.4314,-43.3117,-1381.35,-617.58,-1349.49,-543.133
-1342.0,-552.0,-153.611,4.54926e-07,86.5751,115.755,93.4249,-35.9954,-1376.1,-617.359,-1346.24,-543.21
-1340.0,-552.0,0.0,0.0,0.0,0.0,0.0,0.0,0.0,0.0,0.0,0.0
-1338.0,-552.0,0.0,0.0,0.0,0.0,0.0,0.0,0.0,0.0,0.0,0.0
-1336.0,-552.0,0.0,0.0,0.0,0.0,0.0,0.0,0.0,0.0,0.0,0.0
-1334.0,-552.0,0.0,0.0,0.0,0.0,0.0,0.0,0.0,0.0,0.0,0.0
-1332.0,-552.0,0.0,0.0,0.0,0.0,0.0,0.0,0.0,0.0,0.0,0.0
-1330.0,-552.0,0.0,0.0,0.0,0.0,0.0,0.0,0.0,0.0,0.0,0.0
-1328.0,-552.0,-120.786,1.22654e-06,88.5461,-166.622,91.4539,-14.0306,-1337.04,-615.734,-1328.48,-552.114
-1326.0,-552.0,-120.962,1.23304e-06,88.5361,-166.694,91.4639,-13.9589,-1336.73,-615.726,-1328.45,-552.58
-1324.0,-552.0,-135.653,1.21015e-06,88.5069,-7.29914,91.4931,-13.7653,-1335.91,-615.702,-1185.68,-569.718
-1322.0,-552.0,-136.422,1.20354e-06,88.4853,-7.40504,91.5147,-13.7653,-1335.91,-615.702,-1185.68,-569.718
-1320.0,-552.0,-137.136,1.19694e-06,88.4513,-7.51405,91.5487,-13.7653,-1335.91,-615.702,-1185.68,-569.718
-1318.0,-552.0,-137.802,1.19034e-06,88.4156,-7.62629,91.5844,-13.7653,-1335.91,-615.702,-1185.68,-569.718
-1316.0,-552.0,-138.426,1.18375e-06,88.3795,-7.74192,91.6205,-13.7653,-1335.91,-615.702,-1185.68,-569.718
-1314.0,-552.0,-139.013,1.17716e-06,88.3429,-7.86108,91.6571,-13.7653,-1335.91,-615.702,-1185.68,-569.718
-1312.0,-552.0,-139.567,1.17057e-06,88.306,-7.98395,91.694,-13.7653,-1335.91,-615.702,-1185.68,-569.718
-1310.0,-552.0,-140.094,1.16398e-06,88.2687,-8.11069,91.7313,-13.7653,-1335.91,-615.702,-1185.68,-569.718
-1308.0,-552.0,-140.595,1.15739e-06,88.2309,-8.24149,91.7691,-13.7653,-1335.91,-615.702,-1185.68,-569.718
-1306.0,-552.0,-141.074,1.15081e-06,88.1927,-8.37655,91.8073,-13.7653,-1335.91,-615.702,-1185.68,-569.718
-1304.0,-552.0,-141.533,1.14423e-06,88.1541,-8.51608,91.8459,-13.7653,-1335.91,-615.702,-1185.68,-569.718
-1302.0,-552.0,-140.584,5.83247e-07,84.0484,-121.821,92.7373,55.5594,-1393.21,-590.102,-1315.42,-573.624
-1300.0,-552.0,-139.825,5.86826e-07,83.9155,-122.387,92.7195,55.0076,-1393.07,-590.098,-1313.69,-573.579
-1298.0,-552.0,-142.816,1.1245e-06,88.0537,-8.96378,91.9463,-13.7653,-1335.91,-615.702,-1185.68,-569.718
-1296.0,-552.0,-143.218,1.11792e-06,88.0278,-9.12357,91.9722,-13.7653,-1335.91,-615.702,-1185.68,-569.718
-1294.0,-552.0,-143.609,1.11135e-06,88.0016,-9.28911,91.9984,-13.7653,-1335.91,-615.702,-1185.68,-569.718
-1292.0,-552.0,-143.992,1.10478e-06,87.9751,-9.46071,92.0249,-13.7653,-1335.91,-615.702,-1185.68,-569.718
-1290.0,-552.0,-144.367,1.09821e-06,87.9483,-9.63871,92.0517,-13.7653,-1335.91,-615.702,-1185.68,-569.718
-1288.0,-552.0,-144.737,1.09165e-06,87.9212,-9.82347,92.0788,-13.7653,-1335.91,-615.702,-1185.68,-569.718
-1286.0,-552.0,-145.101,1.08509e-06,87.8937,-10.0154,92.1063,-13.7653,-1335.91,-615.702,-1185.68,-569.718
-1284.0,-552.0,-145.463,1.07853e-06,87.8659,-10.2149,92.1341,-13.7653,-1335.91,-615.702,-1185.68,-569.718
-1282.0,-552.0,-145.823,1.07198e-06,87.8378,-10.4223,92.1622,-13.7653,-1335.91,-615.702,-1185.68,-569.718
-1280.0,-552.0,-146.182,1.06544e-06,87.8094,-10.6383,92.1906,-13.7653,-1335.91,-615.702,-1185.68,-569.718
-1278.0,-552.0,-135.575,6.61728e-07,86.6936,-128.178,93.9054,54.4123,-1392.91,-590.093,-1327.91,-615.475
-1276.0,-552.0,-131.912,6.16734e-07,86.1613,-130.538,93.8387,-43.396,-1381.4,-617.583,-1330.34,-615.544
-1274.0,-552.0,-111.069,6.21095e-07,86.1677,-131.52,93.8323,-43.9039,-1381.72,-617.596,-1330.26,-615.542
-1272.0,-552.0,-110.845,6.25529e-07,86.1949,-131.979,93.8051,-43.4452,-1381.44,-617.584,-1329.14,-615.51
-1270.0,-552.0,-124.308,6.3001e-07,86.222,-132.638,93.778,-43.396,-1381.4,-617.583,-1328.46,-615.491
-1268.0,-552.0,-129.928,6.34549e-07,86.2491,-133.308,93.7509,-43.396,-1381.4,-617.583,-1327.83,-615.473
-1266.0,-552.0,-133.767,6.39145e-07,86.2761,-133.964,93.7239,-43.396,-1381.4,-617.583,-1327.2,-615.455
-1264.0,-552.0,-136.966,6.43795e-07,86.303,-134.606,93.697,-43.396,-1381.4,-617.583,-1326.57,-615.437
-1262.0,-552.0,-135.83,5.71379e-07,87.743,-142.393,94.9701,36.1645,-1386.16,-589.887,-1298.07,-579.783
-1260.0,-552.0,-127.934,5.7655e-07,85.8711,-142.746,94.1289,35.7331,-1385.93,-589.879,-1306.24,-587.164
-1258.0,-552.0,-119.675,5.8187e-07,85.9089,-143.275,94.0911,35.4026,-1385.75,-589.874,-1343.78,-615.997
-1256.0,-552.0,-113.532,9.85658e-07,87.5862,-8.59752,92.4138,-14.439,-1338.7,-615.783,-1186.35,-562.531
-1254.0,-552.0,-113.453,9.79066e-07,87.57,-8.65595,92.43,-14.4975,-1338.92,-615.792,-1186.37,-562.296
-1252.0,-552.0,-112.644,5.98008e-07,86.0039,-144.425,93.9961,34.2527,-1385.1,-589.854,-1341.33,-615.893
-1250.0,-552.0,-111.064,6.03448e-07,86.0231,-144.795,93.9769,33.8832,-1384.88,-589.847,-1340.51,-615.859
-1248.0,-552.0,-110.098,6.089e-07,86.0587,-145.158,93.9413,33.5203,-1384.66,-589.841,-1339.69,-615.824
-1246.0,-552.0,-109.503,6.14376e-07,86.0939,-145.514,93.9061,33.1639,-1384.44,-589.834,-1338.86,-615.79
-1244.0,-552.0,-113.063,9.46138e-07,87.4647,-8.96036,92.5353,-14.8019,-1340.06,-615.84,-1186.48,-561.069
-1242.0,-552.0,-112.986,9.39553e-07,87.4469,-9.02381,92.5531,-14.8653,-1340.29,-615.85,-1186.51,-560.813
-1240.0,-552.0,-110.851,6.00922e-07,86.0063,-151.883,93.9937,-23.2904,-1361.14,-616.728,-1361.14,-616.728
-1238.0,-552.0,-108.982,6.36595e-07,86.2305,-147.466,93.7695,32.7845,-1384.2,-589.827,-1337.95,-615.76
-1236.0,-552.0,-108.891,6.42219e-07,86.2635,-147.787,93.7365,32.4636,-1384.0,-589.82,-1337.16,-615.738
-1234.0,-552.0,-108.855,6.47863e-07,86.2961,-148.102,93.7039,32.1484,-1383.79,-589.814,-1336.37,-615.715
-1232.0,-552.0,-108.862,6.53527e-07,86.3283,-148.412,93.6717,31.8386,-1383.59,-589.808,-1335.58,-615.693
-1230.0,-552.0,-108.903,6.59209e-07,86.3599,-148.717,93.6401,31.5341,-1383.38,-589.801,-1334.79,-615.67
-1228.0,-552.0,-108.974,6.6491e-07,86.3912,-149.016,93.6088,31.2349,-1383.17,-589.795,-1333.99,-615.648
-1226.0,-552.0,-109.074,6.7061e-07,86.4472,-149.31,93.5528,30.9408,-1382.97,-589.789,-1333.2,-615.625
-1224.0,-552.0,-109.2,6.76312e-07,86.525,-149.599,93.475,30.6517,-1382.76,-589.782,-1332.4,-615.603
-1222.0,-552.0,-108.988,6.543e-07,86.4574,-154.367,93.5426,-20.8062,-1356.49,-616.533,-1356.49,-616.533
-1220.0,-552.0,-108.793,6.60278e-07,86.5385,-154.618,93.4615,-20.5552,-1355.97,-616.511,-1355.97,-616.511
-1218.0,-552.0,-108.664,6.66269e-07,86.6182,-154.865,93.3818,-20.3088,-1355.45,-616.489,-1355.45,-616.489
-1216.0,-552.0,-108.583,6.72273e-07,86.6965,-155.107,93.3035,-20.0668,-1354.92,-616.466,-1354.92,-616.466
-1214.0,-552.0,-108.537,6.7829e-07,86.7735,-155.344,93.2265,-19.8292,-1354.4,-616.444,-1354.4,-616.444
-1212.0,-552.0,-108.516,6.8432e-07,86.8492,-155.578,93.1508,-19.5957,-1353.87,-616.422,-1353.87,-616.422
-1210.0,-552.0,-108.514,6.90362e-07,86.9236,-155.807,93.0764,-19.3664,-1353.34,-616.4,-1353.34,-616.4
-1208.0,-552.0,-108.527,6.96417e-07,86.9968,-156.032,93.0032,-19.1411,-1352.81,-616.378,-1352.81,-616.378
-1206.0,-552.0,-108.552,7.02483e-07,87.0688,-156.254,92.9312,-18.9197,-1352.28,-616.355,-1352.28,-616.355
-1204.0,-552.0,-108.585,7.08547e-07,87.1597,-156.471,92.8403,-18.7021,-1351.75,-616.333,-1351.75,-616.333
-1202.0,-552.0,-108.625,7.14632e-07,87.2364,-156.685,92.7636,-18.4883,-1351.22,-616.31,-1351.22,-616.31
-1600.0,-550.0,-146.587,1.76425e-06,90.2273,-177.316,89.7727,174.862,-1593.45,-582.607,-1646.63,-552.186
-1598.0,-550.0,-146.649,1.77091e-06,90.2173,-177.326,89.7827,174.872,-1593.45,-582.641,-1646.63,-552.271
-1596.0,-550.0,-146.711,1.77758e-06,90.2074,-177.336,89.7926,174.882,-1593.45,-582.675,-1646.63,-552.356
-1594.0,-550.0,0.0,0.0,0.0,0.0,0.0,0.0,0.0,0.0,0.0,0.0
-1592.0,-550.0,0.0,0.0,0.0,0.0,0.0,0.0,0.0,0.0,0.0,0.0
-1590.0,-550.0,0.0,0.0,0.0,0.0,0.0,0.0,0.0,0.0,0.0,0.0
-1588.0,-550.0,0.0,0.0,0.0,0.0,0.0,0.0,0.0,0.0,0.0,0.0
-1586.0,-550.0,0.0,0.0,0.0,0.0,0.0,0.0,0.0,0.0,0.0,0.0
-1584.0,-550.0,0.0,0.0,0.0,0.0,0.0,0.0,0.0,0.0,0.0,0.0
-1582.0,-550.0,0.0,0.0,0.0,0.0,0.0,0.0,0.0,0.0,0.0,0.0
-1580.0,-550.0,0.0,0.0,0.0,0.0,0.0,0.0,0.0,0.0,0.0,0.0
-1578.0,-550.0,0.0,0.0,0.0,0.0,0.0,0.0,0.0,0.0,0.0,0.0
-1576.0,-550.0,0.0,0.0,0.0,0.0,0.0,0.0,0.0,0.0,0.0,0.0
-1574.0,-550.0,0.0,0.0,0.0,0.0,0.0,0.0,0.0,0.0,0.0,0.0
-1572.0,-550.0,0.0,0.0,0.0,0.0,0.0,0.0,0.0,0.0,0.0,0.0
-1570.0,-550.0,0.0,0.0,0.0,0.0,0.0,0.0,0.0,0.0,0.0,0.0
-1568.0,-550.0,0.0,0.0,0.0,0.0,0.0,0.0,0.0,0.0,0.0,0.0
-1566.0,-550.0,0.0,0.0,0.0,0.0,0.0,0.0,0.0,0.0,0.0,0.0
-1564.0,-550.0,0.0,0.0,0.0,0.0,0.0,0.0,0.0,0.0,0.0,0.0
-1562.0,-550.0,0.0,0.0,0.0,0.0,0.0,0.0,0.0,0.0,0.0,0.0
-1560.0,-550.0,-146.948,5.62659e-07,89.1032,-23.0649,90.8968,169.301,-1476.53,-585.541,-1476.53,-585.541
-1558.0,-550.0,-147.267,5.5654e-07,89.0353,-23.57,90.9647,169.301,-1476.53,-585.541,-1476.53,-585.541
-1556.0,-550.0,-147.584,5.50447e-07,88.966,-24.0964,91.034,169.301,-1476.53,-585.541,-1476.53,-585.541
-1554.0,-550.0,-147.899,5.44379e-07,88.8952,-24.6453,91.1048,169.301,-1476.53,-585.541,-1476.53,-585.541
-1552.0,-550.0,-148.21,5.3834e-07,88.8228,-25.2181,91.1772,169.301,-1476.53,-585.541,-1476.53,-585.541
-1550.0,-550.0,-148.518,5.32331e-07,88.7489,-25.8164,91.2511,169.301,-1476.53,-585.541,-1476.53,-585.541
-1548.0,-550.0,-148.821,5.26354e-07,88.6733,-26.4416,91.3267,169.301,-1476.53,-585.541,-1476.53,-585.541
-1546.0,-550.0,-149.117,5.2041e-07,88.5961,-27.0956,91.4039,169.301,-1476.53,-585.541,-1476.53,-585.541
-1544.0,-550.0,-149.399,5.14504e-07,88.5172,-27.7801,91.4828,169.301,-1476.53,-585.541,-1476.53,-585.541
-1542.0,-550.0,-149.656,5.08636e-07,88.4367,-28.4971,91.5633,169.301,-1476.53,-585.541,-1476.53,-585.541
-1540.0,-550.0,-149.874,5.0281e-07,88.3543,-29.2487,91.6457,169.301,-1476.53,-585.541,-1476.53,-585.541
-1538.0,-550.0,-150.066,4.9703e-07,88.2641,-30.0373,91.7359,169.301,-1476.53,-585.541,-1476.53,-585.541
-1536.0,-550.0,-150.351,4.91287e-07,88.2167,-30.8653,91.7833,169.301,-1476.53,-585.541,-1476.53,-585.541
-1534.0,-550.0,-149.243,8.17978e-07,88.9291,39.4761,91.0709,136.96,-1425.45,-576.237,-1471.4,-498.444
-1532.0,-550.0,-148.444,8.12844e-07,88.9223,39.9089,91.0777,136.96,-1425.45,-576.237,-1470.29,-498.384
-1530.0,-550.0,-147.771,8.07742e-07,88.9155,40.3495,91.0845,136.96,-1425.45,-576.237,-1469.17,-498.325
-1528.0,-550.0,-147.195,8.02674e-07,88.9087,40.7984,91.0913,136.96,-1425.45,-576.237,-1468.06,-498.266
-1526.0,-550.0,-146.709,7.97641e-07,88.9018,41.2555,91.0982,136.96,-1425.45,-576.237,-1466.95,-498.207
-1524.0,-550.0,-146.333,7.92643e-07,88.8948,41.721,91.1052,136.96,-1425.45,-576.237,-1465.85,-498.148
-1522.0,-550.0,-146.122,7.87681e-07,88.8879,42.1952,91.1121,136.96,-1425.45,-576.237,-1464.74,-498.09
-1520.0,-550.0,-146.201,7.82757e-07,88.8809,42.6783,91.1191,136.96,-1425.45,-576.237,-1463.64,-498.031
-1518.0,-550.0,-146.832,7.77871e-07,88.8739,43.1703,91.1261,136.96,-1425.45,-576.237,-1462.54,-497.973
-1516.0,-550.0,-148.529,7.73025e-07,88.8668,43.6715,91.1332,136.96,-1425.45,-576.237,-1461.44,-497.914
-1514.0,-550.0,-151.82,7.68221e-07,88.8526,44.1821,91.1474,136.96,-1425.45,-576.237,-1460.35,-497.856
-1512.0,-550.0,-155.129,4.27694e-07,87.9689,-45.0604,92.0311,169.301,-1476.53,-585.541,-1476.53,-585.541
-1510.0,-550.0,-154.946,4.23051e-07,87.9466,-46.7222,92.0534,169.301,-1476.53,-585.541,-1476.53,-585.541
-1508.0,-550.0,-156.219,4.18554e-07,87.9245,-48.48,92.0755,169.301,-1476.53,-585.541,-1476.53,-585.541
-1506.0,-550.0,-157.087,4.14214e-07,87.9028,-50.3387,92.0972,169.301,-1476.53,-585.541,-1476.53,-585.541
-1504.0,-550.0,-157.485,4.10046e-07,87.8815,-52.3031,92.1185,169.301,-1476.53,-585.541,-1476.53,-585.541
-1502.0,-550.0,-156.891,4.06063e-07,87.8607,-54.3774,92.1393,169.301,-1476.53,-585.541,-1476.53,-585.541
-1500.0,-550.0,-158.613,4.02282e-07,87.8406,-56.565,92.1594,169.301,-1476.53,-585.541,-1476.53,-585.541
-1498.0,-550.0,-159.831,3.9872e-07,87.8212,-58.8688,92.1788,169.301,-1476.53,-585.541,-1476.53,-585.541
-1496.0,-550.0,-160.267,3.95393e-07,87.8029,-61.2902,92.1971,169.301,-1476.53,-585.541,-1476.53,-585.541
-1494.0,-550.0,-159.34,3.92319e-07,87.7857,-63.8289,92.2143,169.301,-1476.53,-585.541,-1476.53,-585.541
-1492.0,-550.0,-162.313,3.89517e-07,87.7697,-66.4832,92.2303,169.301,-1476.53,-585.541,-1476.53,-585.541
-1490.0,-550.0,-163.957,3.87004e-07,87.7553,-69.2489,92.2447,169.301,-1476.53,-585.541,-1476.53,-585.541
-1488.0,-550.0,-165.028,3.84797e-07,87.7424,-72.1196,92.2576,169.301,-1476.53,-585.541,-1476.53,-585.541
-1486.0,-550.0,-164.605,3.82914e-07,87.7313,-75.086,92.2687,169.301,-1476.53,-585.541,-1476.53,-585.541
-1484.0,-550.0,-165.187,1.83159e-06,89.5258,-69.0639,90.4742,-124.304,-1548.93,-818.293,-1476.93,-568.467
-1482.0,-550.0,-165.211,1.81954e-06,89.5227,-105.99,90.4773,-124.304,-1548.93,-818.293,-1556.08,-808.509
-1480.0,-550.0,-165.123,1.8214e-06,89.5232,-106.399,90.4768,-124.304,-1548.93,-818.293,-1556.08,-808.509
-1478.0,-550.0,-165.034,1.8233e-06,89.5237,-106.806,90.4763,-124.304,-1548.93,-818.293,-1556.08,-808.509
-1476.0,-550.0,0.0,0.0,0.0,0.0,0.0,0.0,0.0,0.0,0.0,0.0
-1474.0,-550.0,0.0,0.0,0.0,0.0,0.0,0.0,0.0,0.0,0.0,0.0
-1472.0,-550.0,0.0,0.0,0.0,0.0,0.0,0.0,0.0,0.0,0.0,0.0
-1470.0,-550.0,0.0,0.0,0.0,0.0,0.0,0.0,0.0,0.0,0.0,0.0
-1468.0,-550.0,0.0,0.0,0.0,0.0,0.0,0.0,0.0,0.0,0.0,0.0
-1466.0,-550.0,0.0,0.0,0.0,0.0,0.0,0.0,0.0,0.0,0.0,0.0
-1464.0,-550.0,0.0,0.0,0.0,0.0,0.0,0.0,0.0,0.0,0.0,0.0
-1462.0,-550.0,0.0,0.0,0.0,0.0,0.0,0.0,0.0,0.0,0.0,0.0
-1460.0,-550.0,0.0,0.0,0.0,0.0,0.0,0.0,0.0,0.0,0.0,0.0
-1458.0,-550.0,-142.084,3.83172e-07,87.537,-55.0097,92.463,117.862,-1429.33,-544.506,-1444.76,-568.913
-1456.0,-550.0,-124.59,3.90574e-07,87.5424,-120.448,92.4576,123.176,-1436.17,-544.669,-1459.29,-555.6
-1454.0,-550.0,-118.851,3.94006e-07,87.5228,-121.285,92.4772,124.014,-1437.32,-544.696,-1459.22,-558.592
-1452.0,-550.0,-115.75,3.97522e-07,87.5041,-122.108,92.4959,124.837,-1438.47,-544.724,-1459.15,-561.402
-1450.0,-550.0,-114.732,4.01118e-07,87.4862,-122.916,92.5138,125.645,-1439.62,-544.751,-1459.09,-564.046
-1448.0,-550.0,-101.042,2.57752e-07,86.0235,53.9676,93.9765,128.755,-1444.26,-544.861,-1444.26,-544.861
-1446.0,-550.0,-100.551,2.53913e-07,85.8996,55.1886,94.1004,127.534,-1442.4,-544.817,-1442.4,-544.817
-1444.0,-550.0,-100.657,2.50194e-07,85.7738,56.4469,94.2262,126.276,-1440.53,-544.773,-1440.53,-544.773
-1442.0,-550.0,-101.767,2.466e-07,85.6465,57.7429,94.3535,124.98,-1438.67,-544.728,-1438.67,-544.728
-1440.0,-550.0,-97.5646,2.14498e-07,84.9179,-51.3402,95.0821,128.66,-1440.0,-550.0,-1400.0,-600.0
-1438.0,-550.0,-97.3983,2.10436e-07,84.7425,-52.7652,95.2575,127.235,-1438.0,-550.0,-1400.0,-600.0
-1436.0,-550.0,-97.2346,2.0651e-07,84.5638,-54.2461,95.4362,125.754,-1436.0,-550.0,-1400.0,-600.0
-1434.0,-550.0,-97.0739,2.02728e-07,84.3821,-55.7843,95.6179,124.216,-1434.0,-550.0,-1400.0,-600.0
-1432.0,-550.0,-96.9168,1.99099e-07,84.1979,-57.3808,95.8021,122.619,-1432.0,-550.0,-1400.0,-600.0
-1430.0,-550.0,-96.764,1.9563e-07,84.0117,-59.0362,95.9883,120.964,-1430.0,-550.0,-1400.0,-600.0
-1428.0,-550.0,-96.6162,1.92331e-07,83.8242,-60.7512,96.1758,119.249,-1428.0,-550.0,-1400.0,-600.0
-1426.0,-550.0,-96.474,1.8921e-07,83.6361,-62.5256,96.3639,117.474,-1426.0,-550.0,-1400.0,-600.0
-1424.0,-550.0,-96.3381,1.86277e-07,83.4483,-64.359,96.5517,115.641,-1424.0,-550.0,-1400.0,-600.0
-1422.0,-550.0,-96.2094,1.8354e-07,83.2616,-66.2505,96.7384,113.749,-1422.0,-550.0,-1400.0,-600.0
-1420.0,-550.0,-96.0887,1.81008e-07,83.0772,-68.1986,96.9228,111.801,-1420.0,-550.0,-1400.0,-600.0
-1418.0,-550.0,-95.9758,1.78672e-07,82.9404,-70.2011,97.0596,109.799,-1418.0,-550.0,-1400.0,-600.0
-1416.0,-550.0,-95.8715,1.76541e-07,82.8547,-72.2553,97.1453,107.745,-1416.0,-550.0,-1400.0,-600.0
-1414.0,-550.0,-95.7773,1.74639e-07,82.7765,-74.3578,97.2235,105.642,-1414.0,-550.0,-1400.0,-600.0
-1412.0,-550.0,-95.694,1.72973e-07,82.7066,-76.5043,97.2934,103.496,-1412.0,-550.0,-1400.0,-600.0
-1410.0,-550.0,-95.6222,1.71551e-07,82.6458,-78.6901,97.3542,101.31,-1410.0,-550.0,-1400.0,-600.0
-1408.0,-550.0,-95.5626,1.70379e-07,82.5949,-80.9097,97.4051,99.0903,-1408.0,-550.0,-1400.0,-600.0
-1406.0,-550.0,-95.5157,1.69462e-07,82.5546,-83.1572,97.4454,96.8428,-1406.0,-550.0,-1400.0,-600.0
-1404.0,-550.0,-95.4819,1.68803e-07,82.5254,-85.4261,97.4746,94.5739,-1404.0,-550.0,-1400.0,-600.0
-1402.0,-550.0,-95.4614,1.68407e-07,82.5078,-87.7094,97.4922,92.2906,-1402.0,-550.0,-1400.0,-600.0
-1400.0,-550.0,-95.4546,1.68275e-07,82.5019,-90.0,97.4981,90.0,-1400.0,-550.0,-1400.0,-600.0
-1398.0,-550.0,-100.047,2.43825e-07,84.8329,-135.324,95.1671,138.016,-1425.43,-577.119,-1425.43,-577.119
-1396.0,-550.0,-100.784,2.48598e-07,84.9258,-136.409,95.0742,139.102,-1425.41,-577.994,-1425.41,-577.994
-1394.0,-550.0,-102.815,2.53479e-07,84.9598,-137.453,95.0402,140.146,-1425.39,-578.808,-1425.39,-578.808
-1392.0,-550.0,-106.485,2.70926e-07,85.2254,138.869,94.7746,138.056,-1425.43,-577.151,-1395.15,-547.253
-1390.0,-550.0,-109.883,2.75994e-07,85.2546,139.783,94.7454,138.97,-1425.41,-577.89,-1393.31,-547.197
-1388.0,-550.0,-106.851,2.81128e-07,85.2839,140.664,94.7161,139.852,-1425.39,-578.581,-1391.49,-547.141
-1386.0,-550.0,-136.554,1.41627e-06,89.0535,-5.62143,90.9465,-13.7653,-1335.91,-615.702,-1185.68,-569.718
-1384.0,-550.0,-110.574,3.08599e-07,85.5997,-135.136,94.4003,137.796,-1425.43,-576.938,-1388.02,-553.999
-1382.0,-550.0,-119.546,3.13372e-07,85.6152,-136.0,94.3848,138.659,-1425.41,-577.641,-1386.08,-553.94
-1380.0,-550.0,-114.377,3.18213e-07,85.6312,-136.837,94.3688,139.497,-1425.4,-578.305,-1384.14,-553.881
-1378.0,-550.0,-110.998,3.23121e-07,85.6476,-137.649,94.3524,140.308,-1425.38,-578.932,-1382.19,-553.822
-1376.0,-550.0,-132.231,1.3831e-06,88.9724,-5.91475,91.0276,-13.7653,-1335.91,-615.702,-1185.68,-569.718
-1374.0,-550.0,-131.145,1.37647e-06,88.9558,-5.97711,91.0442,-13.7653,-1335.91,-615.702,-1185.68,-569.718
-1372.0,-550.0,-129.96,1.36984e-06,88.9419,-6.0408,91.0581,-13.7653,-1335.91,-615.702,-1185.68,-569.718
-1370.0,-550.0,-128.681,1.3632e-06,88.9368,-6.10585,91.0632,-13.7653,-1335.91,-615.702,-1185.68,-569.718
-1368.0,-550.0,-127.313,1.35657e-06,88.9316,-6.17232,91.0684,-13.7653,-1335.91,-615.702,-1185.68,-569.718
-1366.0,-550.0,-125.863,1.34993e-06,88.9263,-6.24024,91.0737,-13.7653,-1335.91,-615.702,-1185.68,-569.718
-1364.0,-550.0,-153.095,4.38953e-07,86.6965,163.577,93.3035,117.862,-1429.33,-544.506,-1375.37,-546.648
-1362.0,-550.0,-146.022,4.04896e-07,86.4183,61.8586,93.5817,-43.3117,-1381.35,-617.58,-1359.95,-546.176
-1360.0,-550.0,-145.375,4.01896e-07,86.3915,64.6272,93.6085,-43.3117,-1381.35,-617.58,-1358.16,-546.121
-1358.0,-550.0,-153.613,4.5819e-07,86.8353,164.884,93.1647,117.862,-1429.33,-544.506,-1370.91,-546.512
-1356.0,-550.0,-153.86,4.64629e-07,86.8792,165.276,93.1208,117.862,-1429.33,-544.506,-1369.45,-546.467
-1354.0,-550.0,-138.103,3.82488e-07,86.2082,-124.797,93.7918,-43.3117,-1381.35,-617.58,-1357.64,-555.235
-1352.0,-550.0,-133.727,3.86429e-07,86.2469,-127.751,93.7531,-43.3117,-1381.35,-617.58,-1357.58,-557.205
-1350.0,-550.0,-130.67,3.90632e-07,86.2873,-130.487,93.7127,-43.3117,-1381.35,-617.58,-1357.53,-558.821
-1348.0,-550.0,-127.629,3.95068e-07,86.3291,-133.017,93.6709,-43.3117,-1381.35,-617.58,-1357.49,-560.171
-1346.0,-550.0,-135.984,3.99745e-07,86.2945,-135.354,93.7055,-43.3117,-1381.35,-617.58,-1357.46,-561.316
-1344.0,-550.0,-144.884,4.04608e-07,86.2592,-137.514,93.7408,-43.3117,-1381.35,-617.58,-1357.43,-562.298
-1342.0,-550.0,-145.851,4.09634e-07,86.2262,-139.509,93.7738,-43.3117,-1381.35,-617.58,-1357.4,-563.15
-1340.0,-550.0,0.0,0.0,0.0,0.0,0.0,0.0,0.0,0.0,0.0,0.0
-1338.0,-550.0,0.0,0.0,0.0,0.0,0.0,0.0,0.0,0.0,0.0,0.0
-1336.0,-550.0,0.0,0.0,0.0,0.0,0.0,0.0,0.0,0.0,0.0,0.0
-1334.0,-550.0,0.0,0.0,0.0,0.0,0.0,0.0,0.0,0.0,0.0,0.0
-1332.0,-550.0,0.0,0.0,0.0,0.0,0.0,0.0,0.0,0.0,0.0,0.0
-1330.0,-550.0,0.0,0.0,0.0,0.0,0.0,0.0,0.0,0.0,0.0,0.0
-1328.0,-550.0,-120.28,1.22809e-06,88.558,-166.319,91.442,-14.3336,-1338.28,-615.77,-1328.6,-550.145
-1326.0,-550.0,-120.443,1.23459e-06,88.5395,-166.392,91.4605,-14.2603,-1337.99,-615.761,-1328.57,-550.621
-1324.0,-550.0,-120.611,1.24108e-06,88.5342,-166.465,91.4658,-14.1878,-1337.69,-615.753,-1328.54,-551.093
-1322.0,-550.0,-120.778,1.24758e-06,88.5202,-166.536,91.4798,-14.1161,-1337.39,-615.744,-1328.51,-551.559
-1320.0,-550.0,-120.945,1.25409e-06,88.5022,-166.607,91.4978,-14.0451,-1337.1,-615.736,-1328.48,-552.02
-1318.0,-550.0,-121.115,1.26059e-06,88.4843,-166.678,91.5157,-13.9748,-1336.8,-615.727,-1328.46,-552.476
-1316.0,-550.0,-137.129,1.26711e-06,88.4666,-168.027,91.5334,-13.9496,-1336.7,-615.724,-1328.45,-552.64
-1314.0,-550.0,-142.829,1.17813e-06,88.3233,-8.73545,91.6767,-13.7653,-1335.91,-615.702,-1185.68,-569.718
-1312.0,-550.0,-143.205,1.17156e-06,88.2863,-8.87157,91.7137,-13.7653,-1335.91,-615.702,-1185.68,-569.718
-1310.0,-550.0,-143.57,1.16498e-06,88.249,-9.01196,91.751,-13.7653,-1335.91,-615.702,-1185.68,-569.718
-1308.0,-550.0,-142.453,1.67689e-06,88.139,55.1619,90.8547,55.4214,-1393.18,-590.101,-1212.1,-412.215
-1306.0,-550.0,-142.971,1.67311e-06,88.0842,55.3488,90.8567,55.6095,-1393.23,-590.103,-1212.03,-414.046
-1304.0,-550.0,-143.528,1.66934e-06,88.0292,55.5366,90.8588,55.7985,-1393.27,-590.104,-1211.96,-415.901
-1302.0,-550.0,-141.82,5.88943e-07,84.1543,-121.471,92.7482,55.9,-1393.3,-590.105,-1316.48,-573.652
-1300.0,-550.0,-140.382,5.92486e-07,84.0272,-122.032,92.7307,55.3514,-1393.16,-590.101,-1314.77,-573.607
-1298.0,-550.0,-145.314,1.65815e-06,87.8956,56.1055,90.8649,56.3702,-1393.42,-590.109,-1211.75,-421.616
-1296.0,-550.0,-145.932,1.11905e-06,88.0077,-10.1332,91.9923,-13.7653,-1335.91,-615.702,-1185.68,-569.718
-1294.0,-550.0,-146.055,5.65783e-07,86.0286,-159.772,93.9714,148.195,-1425.26,-584.337,-1360.8,-574.613
-1292.0,-550.0,-146.091,5.72055e-07,86.0439,-160.052,93.9561,148.195,-1425.26,-584.337,-1359.73,-574.581
-1290.0,-550.0,-146.172,5.78338e-07,86.059,-160.325,93.941,148.195,-1425.26,-584.337,-1358.66,-574.548
-1288.0,-550.0,-146.288,5.84632e-07,86.0738,-160.591,93.9262,148.195,-1425.26,-584.337,-1357.58,-574.516
-1286.0,-550.0,-146.432,5.90935e-07,86.0884,-160.85,93.9116,148.195,-1425.26,-584.337,-1356.5,-574.483
-1284.0,-550.0,-147.659,1.07986e-06,87.8456,-4.62341,92.1544,-15.5937,-1342.83,-615.957,-1186.78,-557.862
-1282.0,-550.0,-147.365,1.07322e-06,87.8172,-4.72009,92.1828,-15.5937,-1342.83,-615.957,-1186.78,-557.862
-1280.0,-550.0,-147.058,1.06659e-06,87.7885,-4.82089,92.2115,-15.5937,-1342.83,-615.957,-1186.78,-557.862
-1278.0,-550.0,-146.737,1.05995e-06,87.7594,-4.92607,92.2406,-15.5937,-1342.83,-615.957,-1186.78,-557.862
-1276.0,-550.0,-136.016,6.71125e-07,86.666,-128.275,93.9003,54.3173,-1392.89,-590.092,-1327.66,-615.468
-1274.0,-550.0,-131.361,6.26151e-07,86.1789,-130.64,93.8211,-43.396,-1381.4,-617.583,-1330.26,-615.542
-1272.0,-550.0,-111.156,6.30509e-07,86.2054,-131.572,93.7946,-43.8517,-1381.69,-617.594,-1330.13,-615.538
-1270.0,-550.0,-110.961,6.34947e-07,86.2319,-132.024,93.7681,-43.4002,-1381.41,-617.583,-1329.03,-615.507
-1268.0,-550.0,-113.875,1.02622e-06,87.6696,-8.63175,92.3304,-14.4733,-1338.83,-615.788,-1186.36,-562.393
-1266.0,-550.0,-113.8,1.01963e-06,87.6546,-8.68808,92.3454,-14.5296,-1339.05,-615.797,-1186.38,-562.166
-1264.0,-550.0,-113.725,1.01304e-06,87.6393,-8.74514,92.3607,-14.5867,-1339.26,-615.806,-1186.4,-561.937
-1262.0,-550.0,-113.65,1.00645e-06,87.6238,-8.80295,92.3762,-14.6445,-1339.48,-615.815,-1186.42,-561.704
-1260.0,-550.0,-113.575,9.9986e-07,87.6082,-8.86153,92.3918,-14.703,-1339.69,-615.825,-1186.45,-561.468
-1258.0,-550.0,-113.501,9.93272e-07,87.5923,-8.92088,92.4077,-14.7624,-1339.91,-615.834,-1186.47,-561.228
-1256.0,-550.0,-113.426,9.86686e-07,87.5762,-8.98103,92.4238,-14.8225,-1340.13,-615.843,-1186.49,-560.986
-1254.0,-550.0,-113.352,9.80101e-07,87.5599,-9.04198,92.4401,-14.8835,-1340.35,-615.852,-1186.51,-560.739
-1252.0,-550.0,-113.278,9.73522e-07,87.5361,-9.10377,92.4639,-14.9453,-1340.58,-615.862,-1186.54,-560.49
-1250.0,-550.0,-113.204,9.66939e-07,87.5193,-9.16639,92.4807,-15.0079,-1340.8,-615.871,-1186.56,-560.237
-1248.0,-550.0,-111.798,6.12728e-07,86.0834,-144.644,93.9166,34.0336,-1384.97,-589.85,-1340.84,-615.873
-1246.0,-550.0,-110.628,6.1817e-07,86.1179,-145.003,93.8821,33.6749,-1384.76,-589.843,-1340.04,-615.839
-1244.0,-550.0,-109.905,6.23636e-07,86.152,-145.355,93.848,33.3225,-1384.54,-589.837,-1339.23,-615.805
-1242.0,-550.0,-112.91,9.40621e-07,87.4498,-9.42567,92.5502,-15.2672,-1341.71,-615.91,-1186.66,-559.187
-1240.0,-550.0,-112.837,9.34045e-07,87.4319,-9.49278,92.5681,-15.3343,-1341.94,-615.919,-1186.68,-558.915
-1238.0,-550.0,-112.765,9.27471e-07,87.4137,-9.56084,92.5863,-15.4023,-1342.18,-615.929,-1186.71,-558.639
-1236.0,-550.0,-109.233,6.45794e-07,86.2842,-147.285,93.7158,32.9656,-1384.32,-589.83,-1338.39,-615.773
-1234.0,-550.0,-109.105,6.51407e-07,86.3163,-147.603,93.6837,32.6477,-1384.12,-589.824,-1337.62,-615.751
-1232.0,-550.0,-109.039,6.5704e-07,86.3479,-147.916,93.6521,32.3353,-1383.92,-589.818,-1336.84,-615.729
-1230.0,-550.0,-109.021,6.62692e-07,86.3791,-148.223,93.6209,32.0282,-1383.71,-589.812,-1336.07,-615.707
-1228.0,-550.0,-109.041,6.68353e-07,86.4238,-148.524,93.5762,31.7263,-1383.51,-589.805,-1335.29,-615.685
-1226.0,-550.0,-109.091,6.74008e-07,86.5019,-148.821,93.4981,31.4296,-1383.31,-589.799,-1334.51,-615.662
-1224.0,-550.0,-109.17,6.79682e-07,86.5787,-149.113,93.4213,31.1378,-1383.1,-589.793,-1333.73,-615.64
-1222.0,-550.0,-109.275,6.85374e-07,86.6543,-149.4,93.3457,30.8509,-1382.9,-589.787,-1332.95,-615.618
-1220.0,-550.0,-109.407,6.91085e-07,86.7288,-149.682,93.2712,30.5688,-1382.7,-589.781,-1332.17,-615.596
-1218.0,-550.0,-109.216,6.691e-07,86.6695,-154.346,93.3305,-20.827,-1356.53,-616.534,-1356.53,-616.534
-1216.0,-550.0,-109.016,6.7508e-07,86.7469,-154.592,93.2531,-20.5814,-1356.02,-616.513,-1356.02,-616.513
-1214.0,-550.0,-108.882,6.81073e-07,86.8231,-154.833,93.1769,-20.3402,-1355.51,-616.491,-1355.51,-616.491
-1212.0,-550.0,-108.797,6.87079e-07,86.8979,-155.07,93.1021,-20.1032,-1355.0,-616.47,-1355.0,-616.47
-1210.0,-550.0,-108.746,6.93097e-07,86.9715,-155.303,93.0285,-19.8703,-1354.49,-616.448,-1354.49,-616.448
-1208.0,-550.0,-108.721,6.99128e-07,87.0439,-155.532,92.9561,-19.6415,-1353.97,-616.426,-1353.97,-616.426
-1206.0,-550.0,-108.716,7.05171e-07,87.1151,-155.757,92.8849,-19.4166,-1353.46,-616.405,-1353.46,-616.405
-1204.0,-550.0,-108.726,7.1122e-07,87.1951,-155.978,92.8049,-19.1956,-1352.94,-616.383,-1352.94,-616.383
-1202.0,-550.0,-108.747,7.17286e-07,87.2639,-156.195,92.7361,-18.9784,-1352.43,-616.361,-1352.43,-616.361
-1600.0,-548.0,-145.96,1.76457e-06,90.2163,-177.099,89.7837,174.646,-1593.46,-581.868,-1646.59,-550.361
-1598.0,-548.0,-146.027,1.77123e-06,90.2063,-177.11,89.7937,174.657,-1593.46,-581.906,-1646.59,-550.453
-1596.0,-548.0,-146.093,1.7779e-06,90.1965,-177.121,89.8035,174.668,-1593.46,-581.943,-1646.6,-550.544
-1594.0,-548.0,0.0,0.0,0.0,0.0,0.0,0.0,0.0,0.0,0.0,0.0
-1592.0,-548.0,0.0,0.0,0.0,0.0,0.0,0.0,0.0,0.0,0.0,0.0
-1590.0,-548.0,0.0,0.0,0.0,0.0,0.0,0.0,0.0,0.0,0.0,0.0
-1588.0,-548.0,0.0,0.0,0.0,0.0,0.0,0.0,0.0,0.0,0.0,0.0
-1586.0,-548.0,0.0,0.0,0.0,0.0,0.0,0.0,0.0,0.0,0.0,0.0
-1584.0,-548.0,0.0,0.0,0.0,0.0,0.0,0.0,0.0,0.0,0.0,0.0
-1582.0,-548.0,0.0,0.0,0.0,0.0,0.0,0.0,0.0,0.0,0.0,0.0
-1580.0,-548.0,0.0,0.0,0.0,0.0,0.0,0.0,0.0,0.0,0.0,0.0
-1578.0,-548.0,0.0,0.0,0.0,0.0,0.0,0.0,0.0,0.0,0.0,0.0
-1576.0,-548.0,0.0,0.0,0.0,0.0,0.0,0.0,0.0,0.0,0.0,0.0
-1574.0,-548.0,0.0,0.0,0.0,0.0,0.0,0.0,0.0,0.0,0.0,0.0
-1572.0,-548.0,0.0,0.0,0.0,0.0,0.0,0.0,0.0,0.0,0.0,0.0
-1570.0,-548.0,0.0,0.0,0.0,0.0,0.0,0.0,0.0,0.0,0.0,0.0
-1568.0,-548.0,0.0,0.0,0.0,0.0,0.0,0.0,0.0,0.0,0.0,0.0
-1566.0,-548.0,0.0,0.0,0.0,0.0,0.0,0.0,0.0,0.0,0.0,0.0
-1564.0,-548.0,0.0,0.0,0.0,0.0,0.0,0.0,0.0,0.0,0.0,0.0
-1562.0,-548.0,0.0,0.0,0.0,0.0,0.0,0.0,0.0,0.0,0.0,0.0
-1560.0,-548.0,-148.02,5.6534e-07,89.0729,-24.217,90.9271,169.301,-1476.53,-585.541,-1476.53,-585.541
-1558.0,-548.0,-148.316,5.59277e-07,89.0051,-24.741,90.9949,169.301,-1476.53,-585.541,-1476.53,-585.541
-1556.0,-548.0,-148.609,5.5324e-07,88.9359,-25.2867,91.0641,169.301,-1476.53,-585.541,-1476.53,-585.541
-1554.0,-548.0,-148.899,5.47232e-07,88.8652,-25.8553,91.1348,169.301,-1476.53,-585.541,-1476.53,-585.541
-1552.0,-548.0,-149.184,5.41255e-07,88.793,-26.4482,91.207,169.301,-1476.53,-585.541,-1476.53,-585.541
-1550.0,-548.0,-149.463,5.3531e-07,88.7192,-27.0668,91.2808,169.301,-1476.53,-585.541,-1476.53,-585.541
-1548.0,-548.0,-149.73,5.29399e-07,88.6439,-27.7128,91.3561,169.301,-1476.53,-585.541,-1476.53,-585.541
-1546.0,-548.0,-149.976,5.23524e-07,88.567,-28.3877,91.433,169.301,-1476.53,-585.541,-1476.53,-585.541
-1544.0,-548.0,-150.189,5.17689e-07,88.4885,-29.0933,91.5115,169.301,-1476.53,-585.541,-1476.53,-585.541
-1542.0,-548.0,-150.369,5.11896e-07,88.4083,-29.8317,91.5917,169.301,-1476.53,-585.541,-1476.53,-585.541
-1540.0,-548.0,-150.595,5.06148e-07,88.3264,-30.6048,91.6736,169.301,-1476.53,-585.541,-1476.53,-585.541
-1538.0,-548.0,-150.977,5.00447e-07,88.2446,-31.4148,91.7554,169.301,-1476.53,-585.541,-1476.53,-585.541
-1536.0,-548.0,-151.441,4.94778e-07,88.2344,-32.2642,91.7656,169.301,-1476.53,-585.541,-1476.53,-585.541
-1534.0,-548.0,-151.878,4.89165e-07,88.2142,-33.1554,91.7858,169.301,-1476.53,-585.541,-1476.53,-585.541
-1532.0,-548.0,-149.302,8.08586e-07,88.9198,39.3828,91.0802,136.96,-1425.45,-576.237,-1471.65,-498.457
-1530.0,-548.0,-148.454,8.03445e-07,88.9128,39.822,91.0872,136.96,-1425.45,-576.237,-1470.51,-498.396
-1528.0,-548.0,-147.748,7.98337e-07,88.9059,40.2694,91.0941,136.96,-1425.45,-576.237,-1469.37,-498.336
-1526.0,-548.0,-147.145,7.93263e-07,88.8989,40.7253,91.1011,136.96,-1425.45,-576.237,-1468.24,-498.276
-1524.0,-548.0,-146.636,7.88225e-07,88.8918,41.1897,91.1082,136.96,-1425.45,-576.237,-1467.11,-498.216
-1522.0,-548.0,-146.235,7.83222e-07,88.8847,41.6629,91.1153,136.96,-1425.45,-576.237,-1465.98,-498.156
-1520.0,-548.0,-145.997,7.78256e-07,88.8776,42.1451,91.1224,136.96,-1425.45,-576.237,-1464.86,-498.096
-1518.0,-548.0,-146.041,7.73328e-07,88.8705,42.6363,91.1295,136.96,-1425.45,-576.237,-1463.73,-498.036
-1516.0,-548.0,-146.628,7.68439e-07,88.8633,43.1369,91.1367,136.96,-1425.45,-576.237,-1462.61,-497.977
-1514.0,-548.0,-148.276,7.63591e-07,88.8561,43.6471,91.1439,136.96,-1425.45,-576.237,-1461.49,-497.917
-1512.0,-548.0,-151.572,7.58784e-07,88.8488,44.1669,91.1512,136.96,-1425.45,-576.237,-1460.38,-497.858
-1510.0,-548.0,-156.416,4.27972e-07,87.9587,-48.2844,92.0413,169.301,-1476.53,-585.541,-1476.53,-585.541
-1508.0,-548.0,-157.307,4.2361e-07,87.9376,-50.0309,92.0624,169.301,-1476.53,-585.541,-1476.53,-585.541
-1506.0,-548.0,-157.78,4.19408e-07,87.917,-51.8715,92.083,169.301,-1476.53,-585.541,-1476.53,-585.541
-1504.0,-548.0,-157.437,4.15379e-07,87.8967,-53.8097,92.1033,169.301,-1476.53,-585.541,-1476.53,-585.541
-1502.0,-548.0,-157.559,6.22322e-07,88.5963,49.7498,91.4037,111.97,-1429.78,-526.194,-1459.51,-497.812
-1500.0,-548.0,-159.798,4.07897e-07,87.8581,-57.9914,92.1419,169.301,-1476.53,-585.541,-1476.53,-585.541
-1498.0,-548.0,-160.526,4.04473e-07,87.84,-60.2389,92.16,169.301,-1476.53,-585.541,-1476.53,-585.541
-1496.0,-548.0,-160.092,4.01281e-07,87.8228,-62.592,92.1772,169.301,-1476.53,-585.541,-1476.53,-585.541
-1494.0,-548.0,-161.118,3.98339e-07,87.8067,-65.0497,92.1933,169.301,-1476.53,-585.541,-1476.53,-585.541
-1492.0,-548.0,-163.407,3.95661e-07,87.7918,-67.6095,92.2082,169.301,-1476.53,-585.541,-1476.53,-585.541
-1490.0,-548.0,-164.725,3.93264e-07,87.7784,-70.267,92.2216,169.301,-1476.53,-585.541,-1476.53,-585.541
-1488.0,-548.0,-165.131,1.84264e-06,89.526,-68.4363,90.474,-124.304,-1548.93,-818.293,-1476.75,-576.475
-1486.0,-548.0,-164.549,3.89373e-07,87.7561,-75.8478,92.2439,169.301,-1476.53,-585.541,-1476.53,-585.541
-1484.0,-548.0,-165.267,1.83782e-06,89.5247,-69.2131,90.4753,-124.304,-1548.93,-818.293,-1476.98,-566.49
-1482.0,-548.0,-165.286,1.82595e-06,89.5216,-105.874,90.4784,-124.304,-1548.93,-818.293,-1556.08,-808.509
-1480.0,-548.0,-165.199,1.8278e-06,89.5221,-106.28,90.4779,-124.304,-1548.93,-818.293,-1556.08,-808.509
-1478.0,-548.0,-165.111,1.82969e-06,89.5226,-106.684,90.4774,-124.304,-1548.93,-818.293,-1556.08,-808.509
-1476.0,-548.0,0.0,0.0,0.0,0.0,0.0,0.0,0.0,0.0,0.0,0.0
-1474.0,-548.0,0.0,0.0,0.0,0.0,0.0,0.0,0.0,0.0,0.0,0.0
-1472.0,-548.0,0.0,0.0,0.0,0.0,0.0,0.0,0.0,0.0,0.0,0.0
-1470.0,-548.0,0.0,0.0,0.0,0.0,0.0,0.0,0.0,0.0,0.0,0.0
-1468.0,-548.0,0.0,0.0,0.0,0.0,0.0,0.0,0.0,0.0,0.0,0.0
-1466.0,-548.0,0.0,0.0,0.0,0.0,0.0,0.0,0.0,0.0,0.0,0.0
-1464.0,-548.0,0.0,0.0,0.0,0.0,0.0,0.0,0.0,0.0,0.0,0.0
-1462.0,-548.0,0.0,0.0,0.0,0.0,0.0,0.0,0.0,0.0,0.0,0.0
-1460.0,-548.0,0.0,0.0,0.0,0.0,0.0,0.0,0.0,0.0,0.0,0.0
-1458.0,-548.0,-138.615,2.75151e-07,86.5777,41.4703,93.4223,129.101,-1425.63,-568.463,-1454.73,-545.11
-1456.0,-548.0,-120.179,3.96334e-07,87.5841,-119.959,92.4159,122.687,-1435.51,-544.653,-1459.33,-553.785
-1454.0,-548.0,-123.737,3.99717e-07,87.5641,-120.788,92.4359,123.517,-1436.64,-544.68,-1459.26,-556.832
-1452.0,-548.0,-114.988,3.78418e-07,87.3842,-61.9015,92.6158,117.862,-1429.33,-544.506,-1440.88,-568.822
-1450.0,-548.0,-116.214,4.06729e-07,87.5267,-122.405,92.4733,125.133,-1438.89,-544.734,-1459.13,-562.386
-1448.0,-548.0,-118.903,2.52409e-07,85.9484,52.4345,94.0516,129.101,-1425.63,-568.463,-1445.61,-544.893
-1446.0,-548.0,-100.558,2.48475e-07,85.819,54.3078,94.181,128.415,-1443.74,-544.849,-1443.74,-544.849
-1444.0,-548.0,-100.238,2.44673e-07,85.6878,55.5807,94.3122,127.142,-1441.81,-544.803,-1441.81,-544.803
-1442.0,-548.0,-97.9344,2.23818e-07,85.2127,-51.0725,94.7873,128.928,-1442.0,-548.0,-1400.0,-600.0
-1440.0,-548.0,-97.7739,2.19725e-07,85.0496,-52.4314,94.9504,127.569,-1440.0,-548.0,-1400.0,-600.0
-1438.0,-548.0,-97.6156,2.15761e-07,84.8833,-53.8418,95.1167,126.158,-1438.0,-548.0,-1400.0,-600.0
-1436.0,-548.0,-97.46,2.11934e-07,84.7142,-55.3048,95.2858,124.695,-1436.0,-548.0,-1400.0,-600.0
-1434.0,-548.0,-97.3076,2.08251e-07,84.5426,-56.8215,95.4574,123.179,-1434.0,-548.0,-1400.0,-600.0
-1432.0,-548.0,-97.1589,2.04719e-07,84.3689,-58.3925,95.6311,121.608,-1432.0,-548.0,-1400.0,-600.0
-1430.0,-548.0,-97.0145,2.01347e-07,84.1937,-60.0184,95.8063,119.982,-1430.0,-548.0,-1400.0,-600.0
-1428.0,-548.0,-96.875,1.98143e-07,84.0176,-61.6992,95.9824,118.301,-1428.0,-548.0,-1400.0,-600.0
-1426.0,-548.0,-96.7412,1.95116e-07,83.8412,-63.4349,96.1588,116.565,-1426.0,-548.0,-1400.0,-600.0
-1424.0,-548.0,-96.6135,1.92272e-07,83.6653,-65.2249,96.3347,114.775,-1424.0,-548.0,-1400.0,-600.0
-1422.0,-548.0,-96.4928,1.89622e-07,83.4908,-67.0679,96.5092,112.932,-1422.0,-548.0,-1400.0,-600.0
-1420.0,-548.0,-96.3798,1.87172e-07,83.3184,-68.9625,96.6816,111.038,-1420.0,-548.0,-1400.0,-600.0
-1418.0,-548.0,-96.2738,1.84904e-07,83.2193,-70.9065,96.7807,109.093,-1418.0,-548.0,-1400.0,-600.0
-1416.0,-548.0,-96.1765,1.82845e-07,83.1425,-72.8973,96.8575,107.103,-1416.0,-548.0,-1400.0,-600.0
-1414.0,-548.0,-96.0888,1.81009e-07,83.0726,-74.9315,96.9274,105.068,-1414.0,-548.0,-1400.0,-600.0
-1412.0,-548.0,-96.0113,1.79403e-07,83.0103,-77.0054,96.9897,102.995,-1412.0,-548.0,-1400.0,-600.0
-1410.0,-548.0,-95.9446,1.78032e-07,82.9562,-79.1145,97.0438,100.886,-1410.0,-548.0,-1400.0,-600.0
-1408.0,-548.0,-95.8893,1.76903e-07,82.911,-81.2538,97.089,98.7462,-1408.0,-548.0,-1400.0,-600.0
-1406.0,-548.0,-95.8458,1.7602e-07,82.8753,-83.4181,97.1247,96.5819,-1406.0,-548.0,-1400.0,-600.0
-1404.0,-548.0,-95.8144,1.75386e-07,82.8494,-85.6013,97.1506,94.3987,-1404.0,-548.0,-1400.0,-600.0
-1402.0,-548.0,-95.7955,1.75005e-07,82.8337,-87.7974,97.1663,92.2026,-1402.0,-548.0,-1400.0,-600.0
-1400.0,-548.0,-95.7892,1.74878e-07,82.8285,-90.0,97.1715,90.0,-1400.0,-548.0,-1400.0,-600.0
-1398.0,-548.0,-95.7955,1.75005e-07,82.8337,-92.2026,97.1663,87.7974,-1398.0,-548.0,-1400.0,-600.0
-1396.0,-548.0,-100.376,2.53214e-07,85.0539,-135.311,94.9461,138.004,-1425.43,-577.109,-1425.43,-577.109
-1394.0,-548.0,-101.074,2.58e-07,85.105,-136.358,94.895,139.05,-1425.41,-577.953,-1425.41,-577.953
-1392.0,-548.0,-102.92,2.62876e-07,85.1344,-137.365,94.8656,140.057,-1425.39,-578.74,-1425.39,-578.74
-1390.0,-548.0,-106.422,2.71726e-07,85.2337,140.861,94.7663,140.049,-1425.39,-578.733,-1391.07,-547.128
-1388.0,-548.0,-128.775,1.42358e-06,89.0799,-6.12671,90.9201,-13.7653,-1335.91,-615.702,-1185.68,-569.718
-1386.0,-548.0,-127.477,1.41695e-06,89.0642,-6.1874,90.9358,-13.7653,-1335.91,-615.702,-1185.68,-569.718
-1384.0,-548.0,-126.117,1.41032e-06,89.0484,-6.24931,90.9516,-13.7653,-1335.91,-615.702,-1185.68,-569.718
-1382.0,-548.0,-110.737,3.18011e-07,85.7251,-135.132,94.2749,137.792,-1425.43,-576.934,-1388.03,-553.999
-1380.0,-548.0,-119.544,3.22783e-07,85.7383,-135.97,94.2617,138.63,-1425.41,-577.617,-1386.15,-553.942
-1378.0,-548.0,-115.223,3.27622e-07,85.752,-136.784,94.248,139.443,-1425.4,-578.263,-1384.26,-553.885
-1376.0,-548.0,-111.348,3.32524e-07,85.7661,-137.573,94.2339,140.233,-1425.39,-578.875,-1382.38,-553.828
-1374.0,-548.0,-148.922,3.42296e-07,85.8399,-146.148,94.1601,129.101,-1425.63,-568.463,-1382.7,-553.838
-1372.0,-548.0,-148.442,3.47877e-07,85.8602,-147.156,94.1398,129.101,-1425.63,-568.463,-1380.96,-553.785
-1370.0,-548.0,-148.762,3.53503e-07,85.9173,-148.111,94.0827,129.101,-1425.63,-568.463,-1379.21,-553.732
-1368.0,-548.0,-149.381,3.59183e-07,85.9819,-149.018,94.0181,129.101,-1425.63,-568.463,-1377.46,-553.679
-1366.0,-548.0,-150.216,3.64916e-07,86.0452,-149.88,93.9548,129.101,-1425.63,-568.463,-1375.7,-553.625
-1364.0,-548.0,-151.357,3.70699e-07,86.1069,-150.699,93.8931,129.101,-1425.63,-568.463,-1373.93,-553.572
-1362.0,-548.0,-153.127,3.76528e-07,86.1673,-151.478,93.8327,129.101,-1425.63,-568.463,-1372.15,-553.518
-1360.0,-548.0,-144.817,3.95906e-07,86.3552,63.2126,93.6448,-43.3117,-1381.35,-617.58,-1359.07,-546.149
-1358.0,-548.0,-146.018,3.93061e-07,86.3287,66.235,93.6713,-43.3117,-1381.35,-617.58,-1357.16,-546.091
-1356.0,-548.0,-156.321,4.59969e-07,86.8633,-166.108,93.1367,117.862,-1429.33,-544.506,-1379.17,-553.731
-1354.0,-548.0,-156.393,4.66443e-07,86.9069,-166.466,93.0931,117.862,-1429.33,-544.506,-1377.61,-553.684
-1352.0,-548.0,-137.196,3.91761e-07,86.3165,-125.654,93.6835,-43.3117,-1381.35,-617.58,-1357.62,-555.834
-1350.0,-548.0,-133.243,3.9577e-07,86.3539,-128.341,93.6461,-43.3117,-1381.35,-617.58,-1357.57,-557.569
-1348.0,-548.0,-126.611,4.00021e-07,86.3815,-130.842,93.6185,-43.3117,-1381.35,-617.58,-1357.52,-559.018
-1346.0,-548.0,-128.77,4.04513e-07,86.3434,-133.167,93.6566,-43.3117,-1381.35,-617.58,-1357.49,-560.248
-1344.0,-548.0,-136.341,4.09197e-07,86.3063,-135.328,93.6937,-43.3117,-1381.35,-617.58,-1357.46,-561.303
-1342.0,-548.0,-144.114,4.14052e-07,86.2715,-137.336,93.7285,-43.3117,-1381.35,-617.58,-1357.43,-562.22
-1340.0,-548.0,0.0,0.0,0.0,0.0,0.0,0.0,0.0,0.0,0.0,0.0
-1338.0,-548.0,0.0,0.0,0.0,0.0,0.0,0.0,0.0,0.0,0.0,0.0
-1336.0,-548.0,0.0,0.0,0.0,0.0,0.0,0.0,0.0,0.0,0.0,0.0
-1334.0,-548.0,0.0,0.0,0.0,0.0,0.0,0.0,0.0,0.0,0.0,0.0
-1332.0,-548.0,0.0,0.0,0.0,0.0,0.0,0.0,0.0,0.0,0.0,0.0
-1330.0,-548.0,0.0,0.0,0.0,0.0,0.0,0.0,0.0,0.0,0.0,0.0
-1328.0,-548.0,-143.242,1.2252e-06,88.5563,-8.67599,91.4437,-13.7653,-1335.91,-615.702,-1185.68,-569.718
-1326.0,-548.0,-143.586,1.21862e-06,88.522,-8.79772,91.478,-13.7653,-1335.91,-615.702,-1185.68,-569.718
-1324.0,-548.0,-143.922,1.21205e-06,88.4873,-8.9229,91.5127,-13.7653,-1335.91,-615.702,-1185.68,-569.718
-1322.0,-548.0,-143.702,1.24928e-06,88.5066,-165.282,91.4934,-13.7653,-1335.91,-615.702,-1328.62,-549.739
-1320.0,-548.0,-120.449,1.25566e-06,88.4884,-166.311,91.5116,-14.3414,-1338.32,-615.77,-1328.6,-550.094
-1318.0,-548.0,-120.608,1.26215e-06,88.4706,-166.383,91.5294,-14.2697,-1338.03,-615.762,-1328.57,-550.561
-1316.0,-548.0,-120.769,1.26865e-06,88.453,-166.454,91.547,-14.1987,-1337.74,-615.754,-1328.54,-551.022
-1314.0,-548.0,-120.93,1.27516e-06,88.4356,-166.524,91.5644,-14.1284,-1337.45,-615.746,-1328.52,-551.479
-1312.0,-548.0,-121.093,1.28166e-06,88.4183,-166.594,91.5817,-14.0589,-1337.16,-615.737,-1328.49,-551.93
-1310.0,-548.0,-133.48,1.28817e-06,88.4013,-165.883,91.5987,-13.9496,-1336.7,-615.724,-1328.45,-552.64
-1308.0,-548.0,-146.379,1.15954e-06,88.196,-10.0675,91.804,-13.7653,-1335.91,-615.702,-1185.68,-569.718
-1306.0,-548.0,-143.251,1.66763e-06,88.031,55.2175,90.8553,55.4796,-1393.19,-590.102,-1212.08,-412.779
-1304.0,-548.0,-143.754,1.66386e-06,87.9753,55.4056,90.8574,55.6689,-1393.24,-590.103,-1212.01,-414.626
-1302.0,-548.0,-143.606,5.94651e-07,84.2784,-121.127,92.7587,56.2336,-1393.39,-590.107,-1317.51,-573.678
-1300.0,-548.0,-141.259,5.98159e-07,84.1564,-121.684,92.7415,55.6882,-1393.25,-590.103,-1315.82,-573.635
-1298.0,-548.0,-140.106,6.01702e-07,84.0986,-122.232,92.7241,55.1479,-1393.11,-590.099,-1314.14,-573.591
-1296.0,-548.0,-145.946,1.64892e-06,87.8094,56.1673,90.8656,56.4343,-1393.44,-590.109,-1211.72,-422.263
-1294.0,-548.0,-146.589,5.68151e-07,86.0107,-159.005,93.9893,148.195,-1425.26,-584.337,-1363.56,-574.697
-1292.0,-548.0,-146.444,5.74391e-07,86.026,-159.294,93.974,148.195,-1425.26,-584.337,-1362.55,-574.666
-1290.0,-548.0,-146.363,1.10036e-06,87.9121,-5.45776,92.0879,-15.5937,-1342.83,-615.957,-1186.78,-557.862
-1288.0,-548.0,-146.019,1.09373e-06,87.8846,-5.56493,92.1154,-15.5937,-1342.83,-615.957,-1186.78,-557.862
-1286.0,-548.0,-145.659,1.0871e-06,87.8569,-5.67638,92.1431,-15.5937,-1342.83,-615.957,-1186.78,-557.862
-1284.0,-548.0,-145.279,1.08048e-06,87.8288,-5.79238,92.1712,-15.5937,-1342.83,-615.957,-1186.78,-557.862
-1282.0,-548.0,-144.879,1.07385e-06,87.8003,-5.91319,92.1997,-15.5937,-1342.83,-615.957,-1186.78,-557.862
-1280.0,-548.0,-114.205,1.06677e-06,87.7706,-8.66338,92.2294,-14.5049,-1338.95,-615.793,-1186.37,-562.266
-1278.0,-548.0,-114.133,1.06019e-06,87.7415,-8.71775,92.2585,-14.5593,-1339.16,-615.802,-1186.39,-562.047
-1276.0,-548.0,-114.061,1.0536e-06,87.7185,-8.7728,92.2815,-14.6143,-1339.36,-615.811,-1186.41,-561.825
-1274.0,-548.0,-113.989,1.04701e-06,87.7041,-8.82854,92.2959,-14.67,-1339.57,-615.819,-1186.43,-561.601
-1272.0,-548.0,-113.918,1.04043e-06,87.6896,-8.88499,92.3104,-14.7265,-1339.78,-615.828,-1186.46,-561.373
-1270.0,-548.0,-111.245,6.39924e-07,86.2419,-131.623,93.7581,-43.8011,-1381.65,-617.593,-1330.01,-615.534
-1268.0,-548.0,-113.775,1.02725e-06,87.6599,-9.00006,92.3401,-14.8416,-1340.2,-615.846,-1186.5,-560.909
-1266.0,-548.0,-113.703,1.02067e-06,87.6448,-9.05872,92.3552,-14.9002,-1340.41,-615.855,-1186.52,-560.672
-1264.0,-548.0,-113.632,1.01408e-06,87.6295,-9.11813,92.3705,-14.9596,-1340.63,-615.864,-1186.54,-560.432
-1262.0,-548.0,-113.561,1.0075e-06,87.614,-9.17833,92.386,-15.0198,-1340.84,-615.873,-1186.57,-560.188
-1260.0,-548.0,-113.491,1.00092e-06,87.5983,-9.23931,92.4017,-15.0808,-1341.06,-615.882,-1186.59,-559.942
-1258.0,-548.0,-113.42,9.94337e-07,87.5824,-9.30111,92.4176,-15.1426,-1341.28,-615.891,-1186.61,-559.692
-1256.0,-548.0,-113.35,9.87758e-07,87.5663,-9.36373,92.4337,-15.2052,-1341.5,-615.901,-1186.64,-559.438
-1254.0,-548.0,-113.279,9.8118e-07,87.55,-9.42719,92.45,-15.2687,-1341.72,-615.91,-1186.66,-559.181
-1252.0,-548.0,-113.21,9.74603e-07,87.5334,-9.49151,92.4666,-15.333,-1341.94,-615.919,-1186.68,-558.92
-1250.0,-548.0,-113.14,9.68028e-07,87.5167,-9.55671,92.4833,-15.3982,-1342.16,-615.929,-1186.71,-558.656
-1248.0,-548.0,-113.07,9.61454e-07,87.4997,-9.6228,92.5003,-15.4643,-1342.39,-615.938,-1186.73,-558.387
-1246.0,-548.0,-112.626,6.22019e-07,86.1335,-144.498,93.8665,34.1796,-1385.06,-589.853,-1341.17,-615.887
-1244.0,-548.0,-111.223,6.27452e-07,86.1671,-144.853,93.8329,33.8249,-1384.85,-589.846,-1340.38,-615.853
-1242.0,-548.0,-110.348,6.32908e-07,86.2002,-145.201,93.7998,33.4764,-1384.64,-589.84,-1339.59,-615.82
-1240.0,-548.0,-109.8,6.38387e-07,86.2328,-145.544,93.7672,33.1338,-1384.42,-589.833,-1338.79,-615.787
-1238.0,-548.0,-130.025,6.13442e-07,88.2395,-150.952,95.4777,-24.0025,-1362.32,-616.778,-1303.55,-584.405
-1236.0,-548.0,-130.017,6.19283e-07,88.3246,-151.261,95.4241,-23.7109,-1361.84,-616.758,-1300.85,-583.56
-1234.0,-548.0,-135.746,6.25172e-07,88.101,-151.678,95.6178,-23.5109,-1361.51,-616.744,-1306.69,-587.176
-1232.0,-548.0,-109.334,6.60607e-07,86.3597,-147.424,93.6403,32.8267,-1384.23,-589.827,-1338.06,-615.763
-1230.0,-548.0,-109.236,6.66229e-07,86.3904,-147.734,93.6096,32.5171,-1384.03,-589.821,-1337.3,-615.741
-1228.0,-548.0,-109.192,6.71845e-07,86.4558,-148.038,93.5442,32.2127,-1383.83,-589.815,-1336.54,-615.72
-1226.0,-548.0,-109.189,6.77471e-07,86.533,-148.337,93.467,31.9134,-1383.64,-589.809,-1335.77,-615.698
-1224.0,-548.0,-109.22,6.83116e-07,86.609,-148.632,93.391,31.619,-1383.44,-589.803,-1335.01,-615.677
-1222.0,-548.0,-109.279,6.8878e-07,86.6839,-148.921,93.3161,31.3296,-1383.24,-589.797,-1334.25,-615.655
-1220.0,-548.0,-109.364,6.94463e-07,86.7576,-149.206,93.2424,31.0449,-1383.04,-589.791,-1333.48,-615.633
-1218.0,-548.0,-109.475,7.00163e-07,86.8302,-149.486,93.1698,30.7649,-1382.84,-589.785,-1332.72,-615.611
-1216.0,-548.0,-109.612,7.05881e-07,86.9017,-149.761,93.0983,30.4895,-1382.64,-589.779,-1331.95,-615.59
-1214.0,-548.0,-109.438,6.83924e-07,86.8494,-154.326,93.1506,-20.8469,-1356.58,-616.536,-1356.58,-616.536
-1212.0,-548.0,-109.234,6.89906e-07,86.9236,-154.567,93.0764,-20.6065,-1356.08,-616.515,-1356.08,-616.515
-1210.0,-548.0,-109.096,6.959e-07,86.9965,-154.803,93.0035,-20.3702,-1355.58,-616.494,-1355.58,-616.494
-1208.0,-548.0,-109.007,7.01907e-07,87.0683,-155.035,92.9317,-20.138,-1355.08,-616.473,-1355.08,-616.473
-1206.0,-548.0,-108.952,7.07926e-07,87.1389,-155.264,92.8611,-19.9097,-1354.58,-616.452,-1354.58,-616.452
-1204.0,-548.0,-108.923,7.13958e-07,87.2083,-155.488,92.7917,-19.6854,-1354.07,-616.431,-1354.07,-616.431
-1202.0,-548.0,-108.914,7.20001e-07,87.2767,-155.709,92.7233,-19.4648,-1353.57,-616.409,-1353.57,-616.409
-1600.0,-546.0,-145.284,1.76492e-06,90.1882,-176.883,89.8118,174.429,-1593.48,-581.129,-1646.56,-548.535
-1598.0,-546.0,-156.47,7.46691e-07,90.4232,-81.1622,89.5768,172.374,-1593.64,-574.074,-1593.64,-574.074
-1596.0,-546.0,-157.172,7.45896e-07,90.402,-85.1846,89.598,172.374,-1593.64,-574.074,-1593.64,-574.074
-1594.0,-546.0,0.0,0.0,0.0,0.0,0.0,0.0,0.0,0.0,0.0,0.0
-1592.0,-546.0,0.0,0.0,0.0,0.0,0.0,0.0,0.0,0.0,0.0,0.0
-1590.0,-546.0,0.0,0.0,0.0,0.0,0.0,0.0,0.0,0.0,0.0,0.0
-1588.0,-546.0,0.0,0.0,0.0,0.0,0.0,0.0,0.0,0.0,0.0,0.0
-1586.0,-546.0,0.0,0.0,0.0,0.0,0.0,0.0,0.0,0.0,0.0,0.0
-1584.0,-546.0,0.0,0.0,0.0,0.0,0.0,0.0,0.0,0.0,0.0,0.0
-1582.0,-546.0,0.0,0.0,0.0,0.0,0.0,0.0,0.0,0.0,0.0,0.0
-1580.0,-546.0,0.0,0.0,0.0,0.0,0.0,0.0,0.0,0.0,0.0,0.0
-1578.0,-546.0,0.0,0.0,0.0,0.0,0.0,0.0,0.0,0.0,0.0,0.0
-1576.0,-546.0,0.0,0.0,0.0,0.0,0.0,0.0,0.0,0.0,0.0,0.0
-1574.0,-546.0,0.0,0.0,0.0,0.0,0.0,0.0,0.0,0.0,0.0,0.0
-1572.0,-546.0,0.0,0.0,0.0,0.0,0.0,0.0,0.0,0.0,0.0,0.0
-1570.0,-546.0,0.0,0.0,0.0,0.0,0.0,0.0,0.0,0.0,0.0,0.0
-1568.0,-546.0,0.0,0.0,0.0,0.0,0.0,0.0,0.0,0.0,0.0,0.0
-1566.0,-546.0,0.0,0.0,0.0,0.0,0.0,0.0,0.0,0.0,0.0,0.0
-1564.0,-546.0,0.0,0.0,0.0,0.0,0.0,0.0,0.0,0.0,0.0,0.0
-1562.0,-546.0,0.0,0.0,0.0,0.0,0.0,0.0,0.0,0.0,0.0,0.0
-1560.0,-546.0,-148.988,5.68152e-07,88.9904,-25.3486,91.0096,169.301,-1476.53,-585.541,-1476.53,-585.541
-1558.0,-546.0,-149.262,5.62146e-07,88.9222,-25.8903,91.0778,169.301,-1476.53,-585.541,-1476.53,-585.541
-1556.0,-546.0,-149.532,5.56169e-07,88.8525,-26.4541,91.1475,169.301,-1476.53,-585.541,-1476.53,-585.541
-1554.0,-546.0,-149.795,5.50222e-07,88.7815,-27.041,91.2185,169.301,-1476.53,-585.541,-1476.53,-585.541
-1552.0,-546.0,-150.049,5.44308e-07,88.7089,-27.6525,91.2911,169.301,-1476.53,-585.541,-1476.53,-585.541
-1550.0,-546.0,-150.284,5.38429e-07,88.6348,-28.29,91.3652,169.301,-1476.53,-585.541,-1476.53,-585.541
-1548.0,-546.0,-150.491,5.32586e-07,88.5592,-28.9549,91.4408,169.301,-1476.53,-585.541,-1476.53,-585.541
-1546.0,-546.0,-150.665,5.26783e-07,88.482,-29.649,91.518,169.301,-1476.53,-585.541,-1476.53,-585.541
-1544.0,-546.0,-150.852,5.21022e-07,88.4032,-30.3739,91.5968,169.301,-1476.53,-585.541,-1476.53,-585.541
-1542.0,-546.0,-151.164,5.15305e-07,88.3228,-31.1316,91.6772,169.301,-1476.53,-585.541,-1476.53,-585.541
-1540.0,-546.0,-151.592,5.09636e-07,88.2407,-31.9239,91.7593,169.301,-1476.53,-585.541,-1476.53,-585.541
-1538.0,-546.0,-152.023,5.04004e-07,88.2079,-32.753,91.7921,169.301,-1476.53,-585.541,-1476.53,-585.541
-1536.0,-546.0,-152.414,4.98415e-07,88.2113,-33.6212,91.7887,169.301,-1476.53,-585.541,-1476.53,-585.541
-1534.0,-546.0,-152.769,4.92887e-07,88.2026,-34.5308,91.7974,169.301,-1476.53,-585.541,-1476.53,-585.541
-1532.0,-546.0,-153.086,4.87423e-07,88.1824,-35.4845,91.8176,169.301,-1476.53,-585.541,-1476.53,-585.541
-1530.0,-546.0,-149.376,7.992e-07,88.8916,39.2862,91.1084,136.96,-1425.45,-576.237,-1471.9,-498.47
-1528.0,-546.0,-148.474,7.94053e-07,88.8844,39.7321,91.1156,136.96,-1425.45,-576.237,-1470.74,-498.409
-1526.0,-546.0,-147.73,7.88938e-07,88.8772,40.1865,91.1228,136.96,-1425.45,-576.237,-1469.58,-498.347
-1524.0,-546.0,-147.099,7.83858e-07,88.8699,40.6496,91.1301,136.96,-1425.45,-576.237,-1468.43,-498.286
-1522.0,-546.0,-146.565,7.78814e-07,88.8626,41.1216,91.1374,136.96,-1425.45,-576.237,-1467.28,-498.224
-1520.0,-546.0,-146.14,7.73806e-07,88.8552,41.6027,91.1448,136.96,-1425.45,-576.237,-1466.13,-498.163
-1518.0,-546.0,-145.873,7.68836e-07,88.8478,42.093,91.1522,136.96,-1425.45,-576.237,-1464.98,-498.102
-1516.0,-546.0,-145.883,7.63905e-07,88.8403,42.5928,91.1597,136.96,-1425.45,-576.237,-1463.83,-498.041
-1514.0,-546.0,-146.424,7.59013e-07,88.8329,43.1023,91.1671,136.96,-1425.45,-576.237,-1462.69,-497.981
-1512.0,-546.0,-148.023,7.54162e-07,88.8254,43.6217,91.1746,136.96,-1425.45,-576.237,-1461.55,-497.92
-1510.0,-546.0,-151.318,7.49353e-07,88.8178,44.1511,91.1822,136.96,-1425.45,-576.237,-1460.41,-497.86
-1508.0,-546.0,-158.033,4.28783e-07,87.9337,-51.4878,92.0663,169.301,-1476.53,-585.541,-1476.53,-585.541
-1506.0,-546.0,-157.97,4.24713e-07,87.9139,-53.3064,92.0861,169.301,-1476.53,-585.541,-1476.53,-585.541
-1504.0,-546.0,-157.902,4.20818e-07,87.8945,-55.2153,92.1055,169.301,-1476.53,-585.541,-1476.53,-585.541
-1502.0,-546.0,-157.632,6.17262e-07,88.5648,49.047,91.4352,111.97,-1429.78,-526.194,-1460.21,-497.849
-1500.0,-546.0,-157.363,6.12926e-07,88.5546,49.8788,91.4454,111.97,-1429.78,-526.194,-1459.39,-497.805
-1498.0,-546.0,-160.867,4.10307e-07,87.8405,-61.5033,92.1595,169.301,-1476.53,-585.541,-1476.53,-585.541
-1496.0,-546.0,-159.945,4.07242e-07,87.8243,-63.789,92.1757,169.301,-1476.53,-585.541,-1476.53,-585.541
-1494.0,-546.0,-162.669,4.04421e-07,87.8091,-66.168,92.1909,169.301,-1476.53,-585.541,-1476.53,-585.541
-1492.0,-546.0,-164.278,4.01858e-07,87.7951,-68.6376,92.2049,169.301,-1476.53,-585.541,-1476.53,-585.541
-1490.0,-546.0,-165.149,1.85131e-06,89.5215,-68.2048,90.4785,-124.304,-1548.93,-818.293,-1476.68,-579.31
-1488.0,-546.0,-165.206,1.84885e-06,89.5209,-68.588,90.4791,-124.304,-1548.93,-818.293,-1476.79,-574.584
-1486.0,-546.0,-164.894,3.95857e-07,87.7616,-76.5369,92.2384,169.301,-1476.53,-585.541,-1476.53,-585.541
-1484.0,-546.0,-165.347,1.84407e-06,89.5196,-69.3603,90.4804,-124.304,-1548.93,-818.293,-1477.03,-564.511
-1482.0,-546.0,-165.36,1.83238e-06,89.5166,-105.759,90.4834,-124.304,-1548.93,-818.293,-1556.08,-808.509
-1480.0,-546.0,-165.275,1.83421e-06,89.517,-106.162,90.483,-124.304,-1548.93,-818.293,-1556.08,-808.509
-1478.0,-546.0,-165.188,1.83609e-06,89.5175,-106.564,90.4825,-124.304,-1548.93,-818.293,-1556.08,-808.509
-1476.0,-546.0,0.0,0.0,0.0,0.0,0.0,0.0,0.0,0.0,0.0,0.0
-1474.0,-546.0,0.0,0.0,0.0,0.0,0.0,0.0,0.0,0.0,0.0,0.0
-1472.0,-546.0,0.0,0.0,0.0,0.0,0.0,0.0,0.0,0.0,0.0,0.0
-1470.0,-546.0,0.0,0.0,0.0,0.0,0.0,0.0,0.0,0.0,0.0,0.0
-1468.0,-546.0,0.0,0.0,0.0,0.0,0.0,0.0,0.0,0.0,0.0,0.0
-1466.0,-546.0,0.0,0.0,0.0,0.0,0.0,0.0,0.0,0.0,0.0,0.0
-1464.0,-546.0,0.0,0.0,0.0,0.0,0.0,0.0,0.0,0.0,0.0,0.0
-1462.0,-546.0,0.0,0.0,0.0,0.0,0.0,0.0,0.0,0.0,0.0,0.0
-1460.0,-546.0,0.0,0.0,0.0,0.0,0.0,0.0,0.0,0.0,0.0,0.0
-1458.0,-546.0,-139.367,2.70845e-07,86.4775,39.3434,93.5225,129.101,-1425.63,-568.463,-1456.98,-545.163
-1456.0,-546.0,-133.058,3.90769e-07,87.518,-59.1678,92.482,117.862,-1429.33,-544.506,-1442.36,-568.856
-1454.0,-546.0,-122.979,3.87457e-07,87.455,-61.0164,92.545,117.862,-1429.33,-544.506,-1441.35,-568.833
-1452.0,-546.0,-120.505,3.84336e-07,87.3923,-62.9336,92.6077,117.862,-1429.33,-544.506,-1440.34,-568.809
-1450.0,-546.0,-116.181,4.12383e-07,87.5306,-121.908,92.4694,124.636,-1438.19,-544.717,-1459.17,-560.729
-1448.0,-546.0,-116.143,4.15957e-07,87.513,-122.689,92.487,125.417,-1439.29,-544.743,-1459.11,-563.313
-1446.0,-546.0,-112.212,2.43119e-07,85.6758,53.0895,94.3242,129.101,-1425.63,-568.463,-1445.16,-544.883
-1444.0,-546.0,-100.116,2.3923e-07,85.5377,54.6744,94.4623,128.048,-1443.17,-544.835,-1443.17,-544.835
-1442.0,-546.0,-98.1352,2.29047e-07,85.2681,-52.125,94.7319,127.875,-1442.0,-546.0,-1400.0,-600.0
-1440.0,-546.0,-97.9821,2.2505e-07,85.1119,-53.4711,94.8881,126.529,-1440.0,-546.0,-1400.0,-600.0
-1438.0,-546.0,-97.8314,2.21182e-07,84.953,-54.8658,95.047,125.134,-1438.0,-546.0,-1400.0,-600.0
-1436.0,-546.0,-97.6834,2.17451e-07,84.7916,-56.3099,95.2084,123.69,-1436.0,-546.0,-1400.0,-600.0
-1434.0,-546.0,-97.5388,2.13863e-07,84.6282,-57.8043,95.3718,122.196,-1434.0,-546.0,-1400.0,-600.0
-1432.0,-546.0,-97.3979,2.10426e-07,84.4631,-59.3493,95.5369,120.651,-1432.0,-546.0,-1400.0,-600.0
-1430.0,-546.0,-97.2614,2.07147e-07,84.2969,-60.9454,95.7031,119.055,-1430.0,-546.0,-1400.0,-600.0
-1428.0,-546.0,-97.1298,2.04035e-07,84.1301,-62.5924,95.8699,117.408,-1428.0,-546.0,-1400.0,-600.0
-1426.0,-546.0,-97.0036,2.01096e-07,83.9633,-64.29,96.0367,115.71,-1426.0,-546.0,-1400.0,-600.0
-1424.0,-546.0,-96.8836,1.98338e-07,83.7972,-66.0375,96.2028,113.962,-1424.0,-546.0,-1400.0,-600.0
-1422.0,-546.0,-96.7703,1.9577e-07,83.6325,-67.8337,96.3675,112.166,-1422.0,-546.0,-1400.0,-600.0
-1420.0,-546.0,-96.6635,1.9338e-07,83.5178,-69.6769,96.4822,110.323,-1420.0,-546.0,-1400.0,-600.0
-1418.0,-546.0,-96.564,1.9118e-07,83.4428,-71.5651,96.5572,108.435,-1418.0,-546.0,-1400.0,-600.0
-1416.0,-546.0,-96.473,1.8919e-07,83.3736,-73.4956,96.6264,106.504,-1416.0,-546.0,-1400.0,-600.0
-1414.0,-546.0,-96.3911,1.87416e-07,83.3106,-75.4655,96.6894,104.534,-1414.0,-546.0,-1400.0,-600.0
-1412.0,-546.0,-96.3189,1.85865e-07,83.2545,-77.4712,96.7455,102.529,-1412.0,-546.0,-1400.0,-600.0
-1410.0,-546.0,-96.2568,1.84542e-07,83.2059,-79.5085,96.7941,100.491,-1410.0,-546.0,-1400.0,-600.0
-1408.0,-546.0,-96.2053,1.83453e-07,83.1654,-81.573,96.8346,98.427,-1408.0,-546.0,-1400.0,-600.0
-1406.0,-546.0,-96.1649,1.82601e-07,83.1333,-83.6598,96.8667,96.3402,-1406.0,-546.0,-1400.0,-600.0
-1404.0,-546.0,-96.1358,1.81991e-07,83.1102,-85.7636,96.8898,94.2364,-1404.0,-546.0,-1400.0,-600.0
-1402.0,-546.0,-96.1182,1.81623e-07,83.0962,-87.8789,96.9038,92.1211,-1402.0,-546.0,-1400.0,-600.0
-1400.0,-546.0,-96.1123,1.81501e-07,83.0915,-90.0,96.9085,90.0,-1400.0,-546.0,-1400.0,-600.0
-1398.0,-546.0,-96.1182,1.81623e-07,83.0962,-92.1211,96.9038,87.8789,-1398.0,-546.0,-1400.0,-600.0
-1396.0,-546.0,0.0,0.0,0.0,0.0,0.0,0.0,0.0,0.0,0.0,0.0
-1394.0,-546.0,0.0,0.0,0.0,0.0,0.0,0.0,0.0,0.0,0.0,0.0
-1392.0,-546.0,0.0,0.0,0.0,0.0,0.0,0.0,0.0,0.0,0.0,0.0
-1390.0,-546.0,0.0,0.0,0.0,0.0,0.0,0.0,0.0,0.0,0.0,0.0
-1388.0,-546.0,0.0,0.0,0.0,0.0,0.0,0.0,0.0,0.0,0.0,0.0
-1386.0,-546.0,0.0,0.0,0.0,0.0,0.0,0.0,0.0,0.0,0.0,0.0
-1384.0,-546.0,0.0,0.0,0.0,0.0,0.0,0.0,0.0,0.0,0.0,0.0
-1382.0,-546.0,0.0,0.0,0.0,0.0,0.0,0.0,0.0,0.0,0.0,0.0
-1380.0,-546.0,0.0,0.0,0.0,0.0,0.0,0.0,0.0,0.0,0.0,0.0
-1378.0,-546.0,0.0,0.0,0.0,0.0,0.0,0.0,0.0,0.0,0.0,0.0
-1376.0,-546.0,0.0,0.0,0.0,0.0,0.0,0.0,0.0,0.0,0.0,0.0
-1374.0,-546.0,0.0,0.0,0.0,0.0,0.0,0.0,0.0,0.0,0.0,0.0
-1372.0,-546.0,0.0,0.0,0.0,0.0,0.0,0.0,0.0,0.0,0.0,0.0
-1370.0,-546.0,0.0,0.0,0.0,0.0,0.0,0.0,0.0,0.0,0.0,0.0
-1368.0,-546.0,0.0,0.0,0.0,0.0,0.0,0.0,0.0,0.0,0.0,0.0
-1366.0,-546.0,0.0,0.0,0.0,0.0,0.0,0.0,0.0,0.0,0.0,0.0
-1364.0,-546.0,0.0,0.0,0.0,0.0,0.0,0.0,0.0,0.0,0.0,0.0
-1362.0,-546.0,0.0,0.0,0.0,0.0,0.0,0.0,0.0,0.0,0.0,0.0
-1360.0,-546.0,0.0,0.0,0.0,0.0,0.0,0.0,0.0,0.0,0.0,0.0
-1358.0,-546.0,0.0,0.0,0.0,0.0,0.0,0.0,0.0,0.0,0.0,0.0
-1356.0,-546.0,-154.638,4.61652e-07,86.8748,-164.632,93.1252,117.862,-1429.33,-544.506,-1384.74,-553.9
-1354.0,-546.0,-155.339,4.68084e-07,86.9178,-165.025,93.0822,117.862,-1429.33,-544.506,-1383.38,-553.858
-1352.0,-546.0,-148.363,3.98239e-07,86.3765,72.1266,93.6235,-43.3117,-1381.35,-617.58,-1351.06,-543.096
-1350.0,-546.0,-136.547,4.01065e-07,86.4004,-126.38,93.5996,-43.3117,-1381.35,-617.58,-1357.61,-556.323
-1348.0,-546.0,-132.974,4.05149e-07,86.3968,-128.842,93.6032,-43.3117,-1381.35,-617.58,-1357.56,-557.871
-1346.0,-546.0,-122.456,4.09465e-07,86.3575,-131.145,93.6425,-43.3117,-1381.35,-617.58,-1357.52,-559.185
-1344.0,-546.0,-129.769,4.13977e-07,86.3191,-133.297,93.6809,-43.3117,-1381.35,-617.58,-1357.49,-560.313
-1342.0,-546.0,-136.688,4.18665e-07,86.2831,-135.306,93.7169,-43.3117,-1381.35,-617.58,-1357.46,-561.293
-1340.0,-546.0,0.0,0.0,0.0,0.0,0.0,0.0,0.0,0.0,0.0,0.0
-1338.0,-546.0,0.0,0.0,0.0,0.0,0.0,0.0,0.0,0.0,0.0,0.0
-1336.0,-546.0,0.0,0.0,0.0,0.0,0.0,0.0,0.0,0.0,0.0,0.0
-1334.0,-546.0,0.0,0.0,0.0,0.0,0.0,0.0,0.0,0.0,0.0,0.0
-1332.0,-546.0,0.0,0.0,0.0,0.0,0.0,0.0,0.0,0.0,0.0,0.0
-1330.0,-546.0,0.0,0.0,0.0,0.0,0.0,0.0,0.0,0.0,0.0,0.0
-1328.0,-546.0,-145.721,1.22626e-06,88.5475,-9.46112,91.4525,-13.7653,-1335.91,-615.702,-1185.68,-569.718
-1326.0,-546.0,-145.997,1.21969e-06,88.5132,-9.59348,91.4868,-13.7653,-1335.91,-615.702,-1185.68,-569.718
-1324.0,-546.0,-146.27,1.21313e-06,88.4785,-9.72955,91.5215,-13.7653,-1335.91,-615.702,-1185.68,-569.718
-1322.0,-546.0,-146.418,1.25102e-06,88.4988,-164.551,91.5012,-13.7653,-1335.91,-615.702,-1328.73,-547.86
-1320.0,-546.0,-145.856,1.25747e-06,88.4808,-164.75,91.5192,-13.7653,-1335.91,-615.702,-1328.7,-548.372
-1318.0,-546.0,-145.248,1.26392e-06,88.463,-164.943,91.537,-13.7653,-1335.91,-615.702,-1328.67,-548.871
-1316.0,-546.0,-144.586,1.27038e-06,88.4454,-165.132,91.5546,-13.7653,-1335.91,-615.702,-1328.64,-549.356
-1314.0,-546.0,-143.858,1.27685e-06,88.428,-165.317,91.572,-13.7653,-1335.91,-615.702,-1328.61,-549.829
-1312.0,-546.0,-120.613,1.28323e-06,88.4106,-166.304,91.5894,-14.3489,-1338.35,-615.771,-1328.6,-550.046
-1310.0,-546.0,-147.305,1.16725e-06,88.225,-5.49881,91.775,-15.5937,-1342.83,-615.957,-1186.78,-557.862
-1308.0,-546.0,-147.012,1.16063e-06,88.187,-5.58897,91.813,-15.5937,-1342.83,-615.957,-1186.78,-557.862
-1306.0,-546.0,-143.463,1.66217e-06,87.9881,55.0855,90.8539,55.3488,-1393.16,-590.1,-1212.13,-411.51
-1304.0,-546.0,-143.918,1.65838e-06,87.9317,55.2738,90.8559,55.5384,-1393.21,-590.102,-1212.06,-413.349
-1302.0,-546.0,-144.414,1.65461e-06,87.8751,55.463,90.858,55.7289,-1393.26,-590.104,-1211.99,-415.213
-1300.0,-546.0,-142.56,6.03842e-07,84.3116,-121.342,92.7519,56.0179,-1393.33,-590.106,-1316.85,-573.661
-1298.0,-546.0,-140.67,6.07351e-07,84.2559,-121.886,92.7348,55.4807,-1393.19,-590.102,-1315.18,-573.618
-1296.0,-546.0,-114.664,1.12044e-06,87.9817,-8.58947,92.0183,-14.431,-1338.67,-615.782,-1186.34,-562.563
-1294.0,-546.0,-114.595,1.11386e-06,87.9553,-8.64077,92.0447,-14.4823,-1338.87,-615.79,-1186.36,-562.357
-1292.0,-546.0,-114.525,1.10727e-06,87.9285,-8.69269,92.0715,-14.5342,-1339.06,-615.798,-1186.38,-562.148
-1290.0,-546.0,-143.682,1.10106e-06,87.9022,-6.55577,92.0978,-15.5937,-1342.83,-615.957,-1186.78,-557.862
-1288.0,-546.0,-143.202,1.09445e-06,87.8747,-6.68415,92.1253,-15.5937,-1342.83,-615.957,-1186.78,-557.862
-1286.0,-546.0,-142.69,1.08783e-06,87.8469,-6.81763,92.1531,-15.5937,-1342.83,-615.957,-1186.78,-557.862
-1284.0,-546.0,-142.141,1.08122e-06,87.8188,-6.95652,92.1812,-15.5937,-1342.83,-615.957,-1186.78,-557.862
-1282.0,-546.0,-141.55,1.07462e-06,87.7904,-7.10117,92.2096,-15.5937,-1342.83,-615.957,-1186.78,-557.862
-1280.0,-546.0,-114.11,1.0678e-06,87.7612,-9.01765,92.2388,-14.8592,-1340.26,-615.849,-1186.51,-560.838
-1278.0,-546.0,-114.041,1.06123e-06,87.7321,-9.07417,92.2679,-14.9157,-1340.47,-615.857,-1186.53,-560.609
-1276.0,-546.0,-113.973,1.05465e-06,87.709,-9.13139,92.291,-14.9729,-1340.68,-615.866,-1186.55,-560.378
-1274.0,-546.0,-113.905,1.04807e-06,87.6946,-9.18933,92.3054,-15.0308,-1340.88,-615.875,-1186.57,-560.144
-1272.0,-546.0,-113.837,1.04148e-06,87.6801,-9.24801,92.3199,-15.0895,-1341.09,-615.883,-1186.59,-559.907
-1270.0,-546.0,-111.735,6.44931e-07,86.2519,-131.228,93.7481,-44.1958,-1381.9,-617.603,-1330.96,-615.561
-1268.0,-546.0,-111.337,6.49339e-07,86.2774,-131.672,93.7226,-43.7519,-1381.62,-617.592,-1329.89,-615.531
-1266.0,-546.0,-113.634,1.02175e-06,87.6352,-9.42859,92.3648,-15.2701,-1341.72,-615.91,-1186.66,-559.175
-1264.0,-546.0,-113.567,1.01517e-06,87.6199,-9.49034,92.3801,-15.3319,-1341.94,-615.919,-1186.68,-558.925
-1262.0,-546.0,-113.499,1.00859e-06,87.6043,-9.5529,92.3957,-15.3944,-1342.15,-615.928,-1186.71,-558.671
-1260.0,-546.0,-113.433,1.00202e-06,87.5886,-9.61629,92.4114,-15.4578,-1342.37,-615.937,-1186.73,-558.414
-1258.0,-546.0,-113.366,9.95445e-07,87.5727,-9.68051,92.4273,-15.522,-1342.58,-615.946,-1186.76,-558.153
-1256.0,-546.0,-113.3,9.88874e-07,87.5565,-9.74559,92.4435,-15.5871,-1342.8,-615.956,-1186.78,-557.889
-1254.0,-546.0,-122.995,9.82313e-07,87.5293,-10.008,92.4707,-15.5937,-1342.83,-615.957,-1186.78,-557.862
-1252.0,-546.0,-126.669,9.75748e-07,87.5151,-10.3084,92.4849,-15.5937,-1342.83,-615.957,-1186.78,-557.862
-1250.0,-546.0,-120.177,6.15201e-07,86.0705,-143.267,93.9295,35.4105,-1385.76,-589.874,-1343.8,-615.998
-1248.0,-546.0,-118.836,6.2055e-07,86.1044,-143.637,93.8956,35.0411,-1385.55,-589.868,-1343.03,-615.965
-1246.0,-546.0,-116.037,6.25924e-07,86.1379,-144.0,93.8621,34.6781,-1385.35,-589.862,-1342.25,-615.932
-1244.0,-546.0,-113.556,6.31323e-07,86.171,-144.357,93.829,34.3213,-1385.14,-589.855,-1341.48,-615.9
-1242.0,-546.0,-111.891,6.36746e-07,86.2036,-144.707,93.7964,33.9706,-1384.93,-589.849,-1340.7,-615.867
-1240.0,-546.0,-110.84,6.42193e-07,86.2359,-145.052,93.7641,33.6258,-1384.73,-589.843,-1339.93,-615.834
-1238.0,-546.0,-110.177,6.47662e-07,86.2677,-145.391,93.7323,33.2869,-1384.52,-589.836,-1339.15,-615.802
-1236.0,-546.0,-130.209,6.22525e-07,88.2162,-150.709,95.5208,-24.2372,-1362.7,-616.794,-1305.96,-585.244
-1234.0,-546.0,-130.099,6.28351e-07,88.2969,-151.015,95.4676,-23.9475,-1362.23,-616.774,-1303.2,-584.332
-1232.0,-546.0,-130.104,6.34194e-07,88.3762,-151.316,95.4153,-23.6634,-1361.77,-616.755,-1300.6,-583.535
-1230.0,-546.0,-109.582,6.69822e-07,86.3913,-147.25,93.6087,33.0007,-1384.34,-589.831,-1338.48,-615.775
-1228.0,-546.0,-109.448,6.75408e-07,86.4562,-147.557,93.5438,32.6939,-1384.15,-589.825,-1337.73,-615.754
-1226.0,-546.0,-109.375,6.81004e-07,86.5328,-147.859,93.4672,32.3921,-1383.95,-589.819,-1336.99,-615.733
-1224.0,-546.0,-109.349,6.8662e-07,86.6083,-148.155,93.3917,32.0953,-1383.76,-589.813,-1336.24,-615.711
-1222.0,-546.0,-109.358,6.92256e-07,86.6826,-148.447,93.3174,31.8034,-1383.56,-589.807,-1335.49,-615.69
-1220.0,-546.0,-109.398,6.9791e-07,86.7559,-148.735,93.2441,31.5163,-1383.37,-589.801,-1334.74,-615.669
-1218.0,-546.0,-109.465,7.03582e-07,86.828,-149.017,93.172,31.2338,-1383.17,-589.795,-1333.99,-615.648
-1216.0,-546.0,-109.556,7.09272e-07,86.899,-149.295,93.101,30.9559,-1382.98,-589.789,-1333.24,-615.626
-1214.0,-546.0,-109.673,7.1498e-07,86.969,-149.568,93.031,30.6824,-1382.78,-589.783,-1332.49,-615.605
-1212.0,-546.0,-109.816,7.20705e-07,87.038,-149.837,92.962,30.4133,-1382.58,-589.777,-1331.74,-615.584
-1210.0,-546.0,-109.655,6.98774e-07,86.9912,-154.307,93.0088,-20.866,-1356.61,-616.538,-1356.61,-616.538
-1208.0,-546.0,-109.448,7.04757e-07,87.0626,-154.543,92.9374,-20.6305,-1356.13,-616.517,-1356.13,-616.517
-1206.0,-546.0,-109.306,7.10752e-07,87.1329,-154.774,92.8671,-20.399,-1355.64,-616.497,-1355.64,-616.497
-1204.0,-546.0,-109.212,7.16759e-07,87.202,-155.002,92.798,-20.1713,-1355.15,-616.476,-1355.15,-616.476
-1202.0,-546.0,-109.153,7.22779e-07,87.27,-155.226,92.73,-19.9475,-1354.66,-616.455,-1354.66,-616.455
-1600.0,-544.0,-155.713,7.54458e-07,90.3747,-78.0499,89.6253,172.374,-1593.64,-574.074,-1593.64,-574.074
-1598.0,-544.0,-156.988,7.53285e-07,90.3539,-81.7416,89.6461,172.374,-1593.64,-574.074,-1593.64,-574.074
-1596.0,-544.0,-157.524,7.52541e-07,90.3328,-85.5035,89.6672,172.374,-1593.64,-574.074,-1593.64,-574.074
-1594.0,-544.0,0.0,0.0,0.0,0.0,0.0,0.0,0.0,0.0,0.0,0.0
-1592.0,-544.0,0.0,0.0,0.0,0.0,0.0,0.0,0.0,0.0,0.0,0.0
-1590.0,-544.0,0.0,0.0,0.0,0.0,0.0,0.0,0.0,0.0,0.0,0.0
-1588.0,-544.0,0.0,0.0,0.0,0.0,0.0,0.0,0.0,0.0,0.0,0.0
-1586.0,-544.0,0.0,0.0,0.0,0.0,0.0,0.0,0.0,0.0,0.0,0.0
-1584.0,-544.0,0.0,0.0,0.0,0.0,0.0,0.0,0.0,0.0,0.0,0.0
-1582.0,-544.0,0.0,0.0,0.0,0.0,0.0,0.0,0.0,0.0,0.0,0.0
-1580.0,-544.0,0.0,0.0,0.0,0.0,0.0,0.0,0.0,0.0,0.0,0.0
-1578.0,-544.0,0.0,0.0,0.0,0.0,0.0,0.0,0.0,0.0,0.0,0.0
-1576.0,-544.0,0.0,0.0,0.0,0.0,0.0,0.0,0.0,0.0,0.0,0.0
-1574.0,-544.0,0.0,0.0,0.0,0.0,0.0,0.0,0.0,0.0,0.0,0.0
-1572.0,-544.0,0.0,0.0,0.0,0.0,0.0,0.0,0.0,0.0,0.0,0.0
-1570.0,-544.0,0.0,0.0,0.0,0.0,0.0,0.0,0.0,0.0,0.0,0.0
-1568.0,-544.0,0.0,0.0,0.0,0.0,0.0,0.0,0.0,0.0,0.0,0.0
-1566.0,-544.0,0.0,0.0,0.0,0.0,0.0,0.0,0.0,0.0,0.0,0.0
-1564.0,-544.0,0.0,0.0,0.0,0.0,0.0,0.0,0.0,0.0,0.0,0.0
-1562.0,-544.0,0.0,0.0,0.0,0.0,0.0,0.0,0.0,0.0,0.0,0.0
-1560.0,-544.0,-149.864,5.71083e-07,88.909,-26.4594,91.091,169.301,-1476.53,-585.541,-1476.53,-585.541
-1558.0,-544.0,-150.114,5.65135e-07,88.8404,-27.0178,91.1596,169.301,-1476.53,-585.541,-1476.53,-585.541
-1556.0,-544.0,-150.355,5.59218e-07,88.7704,-27.5983,91.2296,169.301,-1476.53,-585.541,-1476.53,-585.541
-1554.0,-544.0,-150.581,5.53334e-07,88.6989,-28.2022,91.3011,169.301,-1476.53,-585.541,-1476.53,-585.541
-1552.0,-544.0,-150.782,5.47485e-07,88.626,-28.8309,91.374,169.301,-1476.53,-585.541,-1476.53,-585.541
-1550.0,-544.0,-150.951,5.41673e-07,88.5516,-29.4857,91.4484,169.301,-1476.53,-585.541,-1476.53,-585.541
-1548.0,-544.0,-151.116,5.359e-07,88.4758,-30.168,91.5242,169.301,-1476.53,-585.541,-1476.53,-585.541
-1546.0,-544.0,-151.367,5.30169e-07,88.3984,-30.8795,91.6016,169.301,-1476.53,-585.541,-1476.53,-585.541
-1544.0,-544.0,-151.747,5.24482e-07,88.3194,-31.6218,91.6806,169.301,-1476.53,-585.541,-1476.53,-585.541
-1542.0,-544.0,-152.164,5.18843e-07,88.2389,-32.3968,91.7611,169.301,-1476.53,-585.541,-1476.53,-585.541
-1540.0,-544.0,-152.554,5.13243e-07,88.192,-33.2062,91.808,169.301,-1476.53,-585.541,-1476.53,-585.541
-1538.0,-544.0,-152.907,5.0769e-07,88.1722,-34.0522,91.8278,169.301,-1476.53,-585.541,-1476.53,-585.541
-1536.0,-544.0,-153.228,5.02186e-07,88.1755,-34.9368,91.8245,169.301,-1476.53,-585.541,-1476.53,-585.541
-1534.0,-544.0,-153.508,4.96739e-07,88.188,-35.8623,91.812,169.301,-1476.53,-585.541,-1476.53,-585.541
-1532.0,-544.0,-153.713,4.91366e-07,88.1718,-36.8311,91.8282,169.301,-1476.53,-585.541,-1476.53,-585.541
-1530.0,-544.0,-153.769,4.86063e-07,88.1519,-37.8457,91.8481,169.301,-1476.53,-585.541,-1476.53,-585.541
-1528.0,-544.0,-149.468,7.89816e-07,88.8628,39.1863,91.1372,136.96,-1425.45,-576.237,-1472.16,-498.484
-1526.0,-544.0,-148.503,7.84662e-07,88.8553,39.6391,91.1447,136.96,-1425.45,-576.237,-1470.98,-498.421
-1524.0,-544.0,-147.718,7.79541e-07,88.8478,40.1007,91.1522,136.96,-1425.45,-576.237,-1469.8,-498.359
-1522.0,-544.0,-147.056,7.74455e-07,88.8402,40.5713,91.1598,136.96,-1425.45,-576.237,-1468.62,-498.296
-1520.0,-544.0,-146.496,7.69405e-07,88.8326,41.0511,91.1674,136.96,-1425.45,-576.237,-1467.45,-498.233
-1518.0,-544.0,-146.046,7.64392e-07,88.8249,41.5403,91.1751,136.96,-1425.45,-576.237,-1466.27,-498.171
-1516.0,-544.0,-145.751,7.59417e-07,88.8172,42.0391,91.1828,136.96,-1425.45,-576.237,-1465.1,-498.109
-1514.0,-544.0,-145.725,7.54482e-07,88.8095,42.5477,91.1905,136.96,-1425.45,-576.237,-1463.93,-498.047
-1512.0,-544.0,-146.221,7.49587e-07,88.8017,43.0664,91.1983,136.96,-1425.45,-576.237,-1462.77,-497.985
-1510.0,-544.0,-147.767,7.44734e-07,88.7939,43.5953,91.2061,136.96,-1425.45,-576.237,-1461.61,-497.923
-1508.0,-544.0,-151.058,7.39923e-07,88.786,44.1347,91.214,136.96,-1425.45,-576.237,-1460.45,-497.861
-1506.0,-544.0,-157.834,4.30116e-07,87.9113,-54.6509,92.0887,169.301,-1476.53,-585.541,-1476.53,-585.541
-1504.0,-544.0,-158.387,6.16728e-07,88.5435,47.51,91.4565,111.97,-1429.78,-526.194,-1461.8,-497.933
-1502.0,-544.0,-157.823,6.12257e-07,88.5328,48.3237,91.4672,111.97,-1429.78,-526.194,-1460.95,-497.888
-1500.0,-544.0,-157.411,6.07857e-07,88.5222,49.1585,91.4778,111.97,-1429.78,-526.194,-1460.1,-497.843
-1498.0,-544.0,-160.637,4.16208e-07,87.8414,-62.6726,92.1586,169.301,-1476.53,-585.541,-1476.53,-585.541
-1496.0,-544.0,-161.5,4.13261e-07,87.826,-64.8923,92.174,169.301,-1476.53,-585.541,-1476.53,-585.541
-1494.0,-544.0,-163.744,4.10553e-07,87.8117,-67.1955,92.1883,169.301,-1476.53,-585.541,-1476.53,-585.541
-1492.0,-544.0,-165.022,4.08096e-07,87.7985,-69.5793,92.2015,169.301,-1476.53,-585.541,-1476.53,-585.541
-1490.0,-544.0,-165.221,1.85751e-06,89.5164,-68.3566,90.4836,-124.304,-1548.93,-818.293,-1476.72,-577.458
-1488.0,-544.0,-165.281,1.85507e-06,89.5158,-68.7376,90.4842,-124.304,-1548.93,-818.293,-1476.84,-572.691
-1486.0,-544.0,-165.35,1.85267e-06,89.5152,-69.1206,90.4848,-124.304,-1548.93,-818.293,-1476.95,-567.719
-1484.0,-544.0,-165.428,1.85032e-06,89.5146,-69.5055,90.4854,-124.304,-1548.93,-818.293,-1477.07,-562.53
-1482.0,-544.0,-165.433,1.8388e-06,89.5115,-105.645,90.4885,-124.304,-1548.93,-818.293,-1556.08,-808.509
-1480.0,-544.0,-165.349,1.84062e-06,89.512,-106.046,90.488,-124.304,-1548.93,-818.293,-1556.08,-808.509
-1478.0,-544.0,-165.263,1.84249e-06,89.5125,-106.446,90.4875,-124.304,-1548.93,-818.293,-1556.08,-808.509
-1476.0,-544.0,0.0,0.0,0.0,0.0,0.0,0.0,0.0,0.0,0.0,0.0
-1474.0,-544.0,0.0,0.0,0.0,0.0,0.0,0.0,0.0,0.0,0.0,0.0
-1472.0,-544.0,0.0,0.0,0.0,0.0,0.0,0.0,0.0,0.0,0.0,0.0
-1470.0,-544.0,0.0,0.0,0.0,0.0,0.0,0.0,0.0,0.0,0.0,0.0
-1468.0,-544.0,0.0,0.0,0.0,0.0,0.0,0.0,0.0,0.0,0.0,0.0
-1466.0,-544.0,0.0,0.0,0.0,0.0,0.0,0.0,0.0,0.0,0.0,0.0
-1464.0,-544.0,0.0,0.0,0.0,0.0,0.0,0.0,0.0,0.0,0.0,0.0
-1462.0,-544.0,0.0,0.0,0.0,0.0,0.0,0.0,0.0,0.0,0.0,0.0
-1460.0,-544.0,0.0,0.0,0.0,0.0,0.0,0.0,0.0,0.0,0.0,0.0
-1458.0,-544.0,0.0,0.0,0.0,0.0,0.0,0.0,0.0,0.0,0.0,0.0
-1456.0,-544.0,0.0,0.0,0.0,0.0,0.0,0.0,0.0,0.0,0.0,0.0
-1454.0,-544.0,0.0,0.0,0.0,0.0,0.0,0.0,0.0,0.0,0.0,0.0
-1452.0,-544.0,0.0,0.0,0.0,0.0,0.0,0.0,0.0,0.0,0.0,0.0
-1450.0,-544.0,0.0,0.0,0.0,0.0,0.0,0.0,0.0,0.0,0.0,0.0
-1448.0,-544.0,0.0,0.0,0.0,0.0,0.0,0.0,0.0,0.0,0.0,0.0
-1446.0,-544.0,0.0,0.0,0.0,0.0,0.0,0.0,0.0,0.0,0.0,0.0
-1444.0,-544.0,0.0,0.0,0.0,0.0,0.0,0.0,0.0,0.0,0.0,0.0
-1442.0,-544.0,0.0,0.0,0.0,0.0,0.0,0.0,0.0,0.0,0.0,0.0
-1440.0,-544.0,0.0,0.0,0.0,0.0,0.0,0.0,0.0,0.0,0.0,0.0
-1438.0,-544.0,0.0,0.0,0.0,0.0,0.0,0.0,0.0,0.0,0.0,0.0
-1436.0,-544.0,0.0,0.0,0.0,0.0,0.0,0.0,0.0,0.0,0.0,0.0
-1434.0,-544.0,0.0,0.0,0.0,0.0,0.0,0.0,0.0,0.0,0.0,0.0
-1432.0,-544.0,0.0,0.0,0.0,0.0,0.0,0.0,0.0,0.0,0.0,0.0
-1430.0,-544.0,0.0,0.0,0.0,0.0,0.0,0.0,0.0,0.0,0.0,0.0
-1428.0,-544.0,-97.3792,2.09973e-07,84.2374,-63.4349,95.7626,116.565,-1428.0,-544.0,-1400.0,-600.0
-1426.0,-544.0,-97.2602,2.07119e-07,84.0794,-65.0952,95.9206,114.905,-1426.0,-544.0,-1400.0,-600.0
-1424.0,-544.0,-97.1471,2.04443e-07,83.9223,-66.8014,96.0777,113.199,-1424.0,-544.0,-1400.0,-600.0
-1422.0,-544.0,-97.0401,2.01942e-07,83.7937,-68.5523,96.2063,111.448,-1422.0,-544.0,-1400.0,-600.0
-1420.0,-544.0,-96.9393,1.99613e-07,83.721,-70.3462,96.279,109.654,-1420.0,-544.0,-1400.0,-600.0
-1418.0,-544.0,-96.846,1.97482e-07,83.653,-72.1811,96.347,107.819,-1418.0,-544.0,-1400.0,-600.0
-1416.0,-544.0,-96.7608,1.95556e-07,83.5902,-74.0546,96.4098,105.945,-1416.0,-544.0,-1400.0,-600.0
-1414.0,-544.0,-96.6842,1.9384e-07,83.5332,-75.9638,96.4668,104.036,-1414.0,-544.0,-1400.0,-600.0
-1412.0,-544.0,-96.6167,1.92341e-07,83.4826,-77.9052,96.5174,102.095,-1412.0,-544.0,-1400.0,-600.0
-1410.0,-544.0,-96.5587,1.91064e-07,83.4388,-79.8753,96.5612,100.125,-1410.0,-544.0,-1400.0,-600.0
-1408.0,-544.0,-96.5107,1.90012e-07,83.4024,-81.8699,96.5976,98.1301,-1408.0,-544.0,-1400.0,-600.0
-1406.0,-544.0,-96.473,1.8919e-07,83.3736,-83.8845,96.6264,96.1155,-1406.0,-544.0,-1400.0,-600.0
-1404.0,-544.0,-96.4459,1.886e-07,83.3528,-85.9144,96.6472,94.0856,-1404.0,-544.0,-1400.0,-600.0
-1402.0,-544.0,-96.4295,1.88246e-07,83.3402,-87.9546,96.6598,92.0454,-1402.0,-544.0,-1400.0,-600.0
-1400.0,-544.0,-96.4241,1.88127e-07,83.336,-90.0,96.664,90.0,-1400.0,-544.0,-1400.0,-600.0
-1398.0,-544.0,-96.4295,1.88246e-07,83.3402,-92.0454,96.6598,87.9546,-1398.0,-544.0,-1400.0,-600.0
-1396.0,-544.0,0.0,0.0,0.0,0.0,0.0,0.0,0.0,0.0,0.0,0.0
-1394.0,-544.0,0.0,0.0,0.0,0.0,0.0,0.0,0.0,0.0,0.0,0.0
-1392.0,-544.0,0.0,0.0,0.0,0.0,0.0,0.0,0.0,0.0,0.0,0.0
-1390.0,-544.0,0.0,0.0,0.0,0.0,0.0,0.0,0.0,0.0,0.0,0.0
-1388.0,-544.0,0.0,0.0,0.0,0.0,0.0,0.0,0.0,0.0,0.0,0.0
-1386.0,-544.0,0.0,0.0,0.0,0.0,0.0,0.0,0.0,0.0,0.0,0.0
-1384.0,-544.0,0.0,0.0,0.0,0.0,0.0,0.0,0.0,0.0,0.0,0.0
-1382.0,-544.0,0.0,0.0,0.0,0.0,0.0,0.0,0.0,0.0,0.0,0.0
-1380.0,-544.0,0.0,0.0,0.0,0.0,0.0,0.0,0.0,0.0,0.0,0.0
-1378.0,-544.0,0.0,0.0,0.0,0.0,0.0,0.0,0.0,0.0,0.0,0.0
-1376.0,-544.0,0.0,0.0,0.0,0.0,0.0,0.0,0.0,0.0,0.0,0.0
-1374.0,-544.0,0.0,0.0,0.0,0.0,0.0,0.0,0.0,0.0,0.0,0.0
-1372.0,-544.0,0.0,0.0,0.0,0.0,0.0,0.0,0.0,0.0,0.0,0.0
-1370.0,-544.0,0.0,0.0,0.0,0.0,0.0,0.0,0.0,0.0,0.0,0.0
-1368.0,-544.0,0.0,0.0,0.0,0.0,0.0,0.0,0.0,0.0,0.0,0.0
-1366.0,-544.0,0.0,0.0,0.0,0.0,0.0,0.0,0.0,0.0,0.0,0.0
-1364.0,-544.0,0.0,0.0,0.0,0.0,0.0,0.0,0.0,0.0,0.0,0.0
-1362.0,-544.0,0.0,0.0,0.0,0.0,0.0,0.0,0.0,0.0,0.0,0.0
-1360.0,-544.0,0.0,0.0,0.0,0.0,0.0,0.0,0.0,0.0,0.0,0.0
-1358.0,-544.0,0.0,0.0,0.0,0.0,0.0,0.0,0.0,0.0,0.0,0.0
-1356.0,-544.0,-164.951,3.51846e-07,85.898,-72.6691,94.102,11.6373,-1342.24,-588.104,-1342.24,-588.104
-1354.0,-544.0,-169.092,3.49996e-07,85.8763,-75.0663,94.1237,11.6373,-1342.24,-588.104,-1342.24,-588.104
-1352.0,-544.0,-170.287,3.03515e-07,85.2434,-94.8718,94.7566,14.0355,-1355.83,-588.959,-1355.83,-588.959
-1350.0,-544.0,-139.621,4.06503e-07,86.4181,-124.586,93.5819,-43.3117,-1381.35,-617.58,-1357.64,-555.084
-1348.0,-544.0,-136.025,4.10417e-07,86.4129,-127.002,93.5871,-43.3117,-1381.35,-617.58,-1357.59,-556.73
-1346.0,-544.0,-133.022,4.14565e-07,86.3725,-129.274,93.6275,-43.3117,-1381.35,-617.58,-1357.55,-558.126
-1344.0,-544.0,-118.861,4.18913e-07,86.3329,-131.407,93.6671,-43.3117,-1381.35,-617.58,-1357.52,-559.327
-1342.0,-544.0,-130.647,4.23441e-07,86.2958,-133.409,93.7042,-43.3117,-1381.35,-617.58,-1357.48,-560.369
-1340.0,-544.0,0.0,0.0,0.0,0.0,0.0,0.0,0.0,0.0,0.0,0.0
-1338.0,-544.0,0.0,0.0,0.0,0.0,0.0,0.0,0.0,0.0,0.0,0.0
-1336.0,-544.0,0.0,0.0,0.0,0.0,0.0,0.0,0.0,0.0,0.0,0.0
-1334.0,-544.0,0.0,0.0,0.0,0.0,0.0,0.0,0.0,0.0,0.0,0.0
-1332.0,-544.0,0.0,0.0,0.0,0.0,0.0,0.0,0.0,0.0,0.0,0.0
-1330.0,-544.0,0.0,0.0,0.0,0.0,0.0,0.0,0.0,0.0,0.0,0.0
-1328.0,-544.0,-147.699,1.22741e-06,88.5387,-10.2427,91.4613,-13.7653,-1335.91,-615.702,-1185.68,-569.718
-1326.0,-544.0,-147.621,1.22089e-06,88.5045,-5.68621,91.4955,-15.5937,-1342.83,-615.957,-1186.78,-557.862
-1324.0,-544.0,-147.347,1.21427e-06,88.4697,-5.76854,91.5303,-15.5937,-1342.83,-615.957,-1186.78,-557.862
-1322.0,-544.0,-147.063,1.20765e-06,88.4346,-5.85327,91.5654,-15.5937,-1342.83,-615.957,-1186.78,-557.862
-1320.0,-544.0,-146.767,1.20103e-06,88.3991,-5.94052,91.6009,-15.5937,-1342.83,-615.957,-1186.78,-557.862
-1318.0,-544.0,-146.46,1.19441e-06,88.3632,-6.03041,91.6368,-15.5937,-1342.83,-615.957,-1186.78,-557.862
-1316.0,-544.0,-146.14,1.18779e-06,88.3269,-6.12304,91.6731,-15.5937,-1342.83,-615.957,-1186.78,-557.862
-1314.0,-544.0,-145.806,1.18118e-06,88.2902,-6.21855,91.7098,-15.5937,-1342.83,-615.957,-1186.78,-557.862
-1312.0,-544.0,-145.456,1.17456e-06,88.253,-6.31708,91.747,-15.5937,-1342.83,-615.957,-1186.78,-557.862
-1310.0,-544.0,-115.036,1.1675e-06,88.2148,-8.5709,91.7852,-14.4124,-1338.6,-615.779,-1186.34,-562.638
-1308.0,-544.0,-114.968,1.16092e-06,88.1768,-8.62001,91.8232,-14.4615,-1338.79,-615.786,-1186.36,-562.44
-1306.0,-544.0,-114.901,1.15435e-06,88.1385,-8.66968,91.8615,-14.5112,-1338.98,-615.794,-1186.37,-562.241
-1304.0,-544.0,-114.834,1.14777e-06,88.0997,-8.71992,91.9003,-14.5614,-1339.17,-615.802,-1186.39,-562.038
-1302.0,-544.0,-114.767,1.1412e-06,88.0604,-8.77075,91.9396,-14.6123,-1339.36,-615.81,-1186.41,-561.834
-1300.0,-544.0,-114.7,1.13462e-06,88.0245,-8.82216,91.9755,-14.6637,-1339.55,-615.818,-1186.43,-561.626
-1298.0,-544.0,-114.633,1.12804e-06,87.9987,-8.87418,92.0013,-14.7157,-1339.74,-615.827,-1186.45,-561.417
-1296.0,-544.0,-114.567,1.12146e-06,87.9725,-8.92681,92.0275,-14.7683,-1339.93,-615.835,-1186.47,-561.204
-1294.0,-544.0,-114.5,1.11489e-06,87.9461,-8.98006,92.0539,-14.8216,-1340.13,-615.843,-1186.49,-560.989
-1292.0,-544.0,-114.434,1.10831e-06,87.9193,-9.03395,92.0807,-14.8755,-1340.32,-615.851,-1186.51,-560.772
-1290.0,-544.0,-139.957,1.10189e-06,87.8925,-7.64896,92.1075,-15.5937,-1342.83,-615.957,-1186.78,-557.862
-1288.0,-544.0,-139.196,1.0953e-06,87.8651,-7.79826,92.1349,-15.5937,-1342.83,-615.957,-1186.78,-557.862
-1286.0,-544.0,-138.355,1.0887e-06,87.8373,-7.95346,92.1627,-15.5937,-1342.83,-615.957,-1186.78,-557.862
-1284.0,-544.0,-137.415,1.08211e-06,87.8092,-8.11493,92.1908,-15.5937,-1342.83,-615.957,-1186.78,-557.862
-1282.0,-544.0,-136.354,1.07552e-06,87.7807,-8.28304,92.2193,-15.5937,-1342.83,-615.957,-1186.78,-557.862
-1280.0,-544.0,-114.039,1.06888e-06,87.7518,-9.37122,92.2482,-15.2127,-1341.52,-615.902,-1186.64,-559.408
-1278.0,-544.0,-113.974,1.06231e-06,87.7227,-9.42988,92.2773,-15.2714,-1341.73,-615.91,-1186.66,-559.17
-1276.0,-544.0,-113.91,1.05574e-06,87.6997,-9.48926,92.3003,-15.3308,-1341.93,-615.919,-1186.68,-558.929
-1274.0,-544.0,-113.845,1.04916e-06,87.6852,-9.5494,92.3148,-15.3909,-1342.14,-615.928,-1186.71,-558.685
-1272.0,-544.0,-113.781,1.04259e-06,87.6706,-9.61029,92.3294,-15.4518,-1342.35,-615.936,-1186.73,-558.438
-1270.0,-544.0,-113.717,1.03601e-06,87.6558,-9.67196,92.3442,-15.5135,-1342.56,-615.945,-1186.75,-558.188
-1268.0,-544.0,-111.791,6.54343e-07,86.287,-131.283,93.713,-44.1413,-1381.86,-617.602,-1330.83,-615.558
-1266.0,-544.0,-111.431,6.58756e-07,86.3119,-131.72,93.6881,-43.7042,-1381.6,-617.591,-1329.77,-615.528
-1264.0,-544.0,-119.748,6.63207e-07,86.3367,-132.21,93.6633,-43.396,-1381.4,-617.583,-1328.86,-615.502
-1262.0,-544.0,-126.822,6.67708e-07,86.3614,-132.835,93.6386,-43.396,-1381.4,-617.583,-1328.28,-615.485
-1260.0,-544.0,-131.227,1.00319e-06,87.5791,-10.7207,92.4209,-15.5937,-1342.83,-615.957,-1186.78,-557.862
-1258.0,-544.0,-133.23,9.96642e-07,87.5632,-11.0145,92.4368,-15.5937,-1342.83,-615.957,-1186.78,-557.862
-1256.0,-544.0,-132.187,6.03609e-07,87.689,-141.537,95.0699,37.0085,-1386.6,-589.9,-1307.55,-584.949
-1254.0,-544.0,-115.888,1.00617e-06,87.5633,-13.3416,92.4367,24.2606,-1376.93,-589.604,-1186.58,-559.988
-1252.0,-544.0,-116.005,9.99679e-07,87.5499,-13.4299,92.4501,24.3489,-1377.03,-589.607,-1186.62,-559.612
-1250.0,-544.0,-131.906,6.19231e-07,86.0687,-142.492,93.9313,35.7331,-1385.93,-589.879,-1306.24,-587.164
-1248.0,-544.0,-120.35,6.24535e-07,86.1095,-143.143,93.8905,35.5352,-1385.83,-589.876,-1344.05,-616.008
-1246.0,-544.0,-119.714,6.29875e-07,86.1425,-143.508,93.8575,35.1703,-1385.62,-589.87,-1343.3,-615.976
-1244.0,-544.0,-117.288,6.35241e-07,86.1751,-143.866,93.8249,34.8115,-1385.42,-589.864,-1342.54,-615.945
-1242.0,-544.0,-114.589,6.40631e-07,86.2073,-144.219,93.7927,34.4588,-1385.22,-589.858,-1341.78,-615.912
-1240.0,-544.0,-112.643,6.46044e-07,86.2392,-144.566,93.7608,34.112,-1385.02,-589.851,-1341.02,-615.88
-1238.0,-544.0,-111.389,6.51482e-07,86.2706,-144.907,93.7294,33.771,-1384.81,-589.845,-1340.26,-615.848
-1236.0,-544.0,-110.593,6.56942e-07,86.3016,-145.242,93.6984,33.4357,-1384.61,-589.839,-1339.49,-615.816
-1234.0,-544.0,-110.086,6.62424e-07,86.3323,-145.572,93.6677,33.106,-1384.41,-589.833,-1338.73,-615.784
-1232.0,-544.0,-130.274,6.3743e-07,88.2729,-150.777,95.5099,-24.1774,-1362.6,-616.79,-1305.5,-585.116
-1230.0,-544.0,-130.183,6.4326e-07,88.3484,-151.075,95.458,-23.8951,-1362.15,-616.771,-1302.86,-584.261
-1228.0,-544.0,-129.687,6.49096e-07,88.5,-151.374,95.4078,-23.6229,-1361.7,-616.752,-1300.76,-583.711
-1226.0,-544.0,-109.675,6.84585e-07,86.5329,-147.385,93.4671,32.8659,-1384.26,-589.828,-1338.15,-615.766
-1224.0,-544.0,-109.571,6.90171e-07,86.6078,-147.684,93.3922,32.5668,-1384.07,-589.822,-1337.42,-615.745
-1222.0,-544.0,-109.519,6.95778e-07,86.6816,-147.978,93.3184,32.2725,-1383.87,-589.816,-1336.69,-615.724
-1220.0,-544.0,-109.507,7.01403e-07,86.7544,-148.268,93.2456,31.983,-1383.68,-589.811,-1335.95,-615.703
-1218.0,-544.0,-109.528,7.07047e-07,86.826,-148.553,93.174,31.6981,-1383.49,-589.805,-1335.22,-615.682
-1216.0,-544.0,-109.576,7.1271e-07,86.8966,-148.833,93.1034,31.4178,-1383.3,-589.799,-1334.48,-615.662
-1214.0,-544.0,-109.65,7.1839e-07,86.9662,-149.109,93.0338,31.142,-1383.11,-589.793,-1333.74,-615.641
-1212.0,-544.0,-109.747,7.24087e-07,87.0347,-149.38,92.9653,30.8705,-1382.92,-589.787,-1333.01,-615.62
-1210.0,-544.0,-109.869,7.29802e-07,87.1022,-149.647,92.8978,30.6033,-1382.72,-589.781,-1332.27,-615.599
-1208.0,-544.0,-110.017,7.35533e-07,87.1688,-149.911,92.8312,30.3403,-1382.53,-589.775,-1331.53,-615.578
-1206.0,-544.0,-109.868,7.13629e-07,87.1271,-154.289,92.8729,-20.8843,-1356.65,-616.539,-1356.65,-616.539
-1204.0,-544.0,-109.657,7.19612e-07,87.1959,-154.52,92.8041,-20.6535,-1356.18,-616.519,-1356.18,-616.519
-1202.0,-544.0,-109.512,7.25608e-07,87.2636,-154.747,92.7364,-20.4265,-1355.7,-616.499,-1355.7,-616.499
-1600.0,-542.0,-156.276,7.6099e-07,90.3065,-78.7755,89.6935,172.374,-1593.64,-574.074,-1593.64,-574.074
-1598.0,-542.0,-157.444,7.59888e-07,90.2857,-82.2501,89.7143,172.374,-1593.64,-574.074,-1593.64,-574.074
-1596.0,-542.0,-157.853,7.59191e-07,90.2647,-85.7829,89.7353,172.374,-1593.64,-574.074,-1593.64,-574.074
-1594.0,-542.0,0.0,0.0,0.0,0.0,0.0,0.0,0.0,0.0,0.0,0.0
-1592.0,-542.0,0.0,0.0,0.0,0.0,0.0,0.0,0.0,0.0,0.0,0.0
-1590.0,-542.0,0.0,0.0,0.0,0.0,0.0,0.0,0.0,0.0,0.0,0.0
-1588.0,-542.0,0.0,0.0,0.0,0.0,0.0,0.0,0.0,0.0,0.0,0.0
-1586.0,-542.0,0.0,0.0,0.0,0.0,0.0,0.0,0.0,0.0,0.0,0.0
-1584.0,-542.0,0.0,0.0,0.0,0.0,0.0,0.0,0.0,0.0,0.0,0.0
-1582.0,-542.0,0.0,0.0,0.0,0.0,0.0,0.0,0.0,0.0,0.0,0.0
-1580.0,-542.0,0.0,0.0,0.0,0.0,0.0,0.0,0.0,0.0,0.0,0.0
-1578.0,-542.0,0.0,0.0,0.0,0.0,0.0,0.0,0.0,0.0,0.0,0.0
-1576.0,-542.0,0.0,0.0,0.0,0.0,0.0,0.0,0.0,0.0,0.0,0.0
-1574.0,-542.0,0.0,0.0,0.0,0.0,0.0,0.0,0.0,0.0,0.0,0.0
-1572.0,-542.0,0.0,0.0,0.0,0.0,0.0,0.0,0.0,0.0,0.0,0.0
-1570.0,-542.0,0.0,0.0,0.0,0.0,0.0,0.0,0.0,0.0,0.0,0.0
-1568.0,-542.0,0.0,0.0,0.0,0.0,0.0,0.0,0.0,0.0,0.0,0.0
-1566.0,-542.0,0.0,0.0,0.0,0.0,0.0,0.0,0.0,0.0,0.0,0.0
-1564.0,-542.0,0.0,0.0,0.0,0.0,0.0,0.0,0.0,0.0,0.0,0.0
-1562.0,-542.0,0.0,0.0,0.0,0.0,0.0,0.0,0.0,0.0,0.0,0.0
-1560.0,-542.0,-150.651,5.74129e-07,88.8286,-27.5492,91.1714,169.301,-1476.53,-585.541,-1476.53,-585.541
-1558.0,-542.0,-150.867,5.68241e-07,88.7597,-28.123,91.2403,169.301,-1476.53,-585.541,-1476.53,-585.541
-1556.0,-542.0,-151.062,5.62386e-07,88.6893,-28.7191,91.3107,169.301,-1476.53,-585.541,-1476.53,-585.541
-1554.0,-542.0,-151.229,5.56566e-07,88.6176,-29.3387,91.3824,169.301,-1476.53,-585.541,-1476.53,-585.541
-1552.0,-542.0,-151.38,5.50782e-07,88.5444,-29.9832,91.4556,169.301,-1476.53,-585.541,-1476.53,-585.541
-1550.0,-542.0,-151.583,5.45038e-07,88.4698,-30.6538,91.5302,169.301,-1476.53,-585.541,-1476.53,-585.541
-1548.0,-542.0,-151.909,5.39336e-07,88.3938,-31.3519,91.6062,169.301,-1476.53,-585.541,-1476.53,-585.541
-1546.0,-542.0,-152.305,5.33677e-07,88.3162,-32.0792,91.6838,169.301,-1476.53,-585.541,-1476.53,-585.541
-1544.0,-542.0,-152.69,5.28066e-07,88.2371,-32.8372,91.7629,169.301,-1476.53,-585.541,-1476.53,-585.541
-1542.0,-542.0,-153.042,5.22498e-07,88.1767,-33.6275,91.8233,169.301,-1476.53,-585.541,-1476.53,-585.541
-1540.0,-542.0,-153.363,5.16971e-07,88.1572,-34.452,91.8428,169.301,-1476.53,-585.541,-1476.53,-585.541
-1538.0,-542.0,-153.653,5.11499e-07,88.1375,-35.3127,91.8625,169.301,-1476.53,-585.541,-1476.53,-585.541
-1536.0,-542.0,-153.898,5.0608e-07,88.1406,-36.2115,91.8594,169.301,-1476.53,-585.541,-1476.53,-585.541
-1534.0,-542.0,-154.051,5.00722e-07,88.1529,-37.1505,91.8471,169.301,-1476.53,-585.541,-1476.53,-585.541
-1532.0,-542.0,-154.065,4.95432e-07,88.1619,-38.1319,91.8381,169.301,-1476.53,-585.541,-1476.53,-585.541
-1530.0,-542.0,-154.266,4.90222e-07,88.1423,-39.1582,91.8577,169.301,-1476.53,-585.541,-1476.53,-585.541
-1528.0,-542.0,-154.924,4.8509e-07,88.1226,-40.2316,91.8774,169.301,-1476.53,-585.541,-1476.53,-585.541
-1526.0,-542.0,-155.516,4.8004e-07,88.1029,-41.3548,91.8971,169.301,-1476.53,-585.541,-1476.53,-585.541
-1524.0,-542.0,-148.545,7.75272e-07,88.8255,39.5427,91.1745,136.96,-1425.45,-576.237,-1471.23,-498.435
-1522.0,-542.0,-147.713,7.70144e-07,88.8176,40.0117,91.1824,136.96,-1425.45,-576.237,-1470.03,-498.371
-1520.0,-542.0,-147.018,7.65052e-07,88.8098,40.49,91.1902,136.96,-1425.45,-576.237,-1468.82,-498.307
-1518.0,-542.0,-146.431,7.59996e-07,88.8018,40.9779,91.1982,136.96,-1425.45,-576.237,-1467.62,-498.243
-1516.0,-542.0,-145.954,7.54978e-07,88.7939,41.4755,91.2061,136.96,-1425.45,-576.237,-1466.43,-498.179
-1514.0,-542.0,-145.63,7.49999e-07,88.7859,41.9831,91.2141,136.96,-1425.45,-576.237,-1465.23,-498.116
-1512.0,-542.0,-145.569,7.4506e-07,88.7778,42.5009,91.2222,136.96,-1425.45,-576.237,-1464.04,-498.052
-1510.0,-542.0,-146.017,7.40161e-07,88.7697,43.0291,91.2303,136.96,-1425.45,-576.237,-1462.85,-497.989
-1508.0,-542.0,-147.508,7.35306e-07,88.7616,43.568,91.2384,136.96,-1425.45,-576.237,-1461.67,-497.926
-1506.0,-542.0,-150.791,7.30494e-07,88.7534,44.1177,91.2466,136.96,-1425.45,-576.237,-1460.48,-497.863
-1504.0,-542.0,-159.246,6.11843e-07,88.5116,46.7637,91.4884,111.97,-1429.78,-526.194,-1462.61,-497.976
-1502.0,-542.0,-158.149,6.07308e-07,88.5005,47.5793,91.4995,111.97,-1429.78,-526.194,-1461.73,-497.93
-1500.0,-542.0,-157.593,6.02844e-07,88.4894,48.4167,91.5106,111.97,-1429.78,-526.194,-1460.85,-497.883
-1498.0,-542.0,-157.187,5.98454e-07,88.4783,49.2764,91.5217,111.97,-1429.78,-526.194,-1459.98,-497.837
-1496.0,-542.0,-163.001,4.19333e-07,87.828,-65.9118,92.172,169.301,-1476.53,-585.541,-1476.53,-585.541
-1494.0,-542.0,-164.588,4.1673e-07,87.8144,-68.1423,92.1856,169.301,-1476.53,-585.541,-1476.53,-585.541
-1492.0,-542.0,-165.241,1.86619e-06,89.5121,-68.1295,90.4879,-124.304,-1548.93,-818.293,-1476.66,-580.219
-1490.0,-542.0,-165.294,1.86372e-06,89.5114,-68.5064,90.4886,-124.304,-1548.93,-818.293,-1476.77,-575.604
-1488.0,-542.0,-165.357,1.8613e-06,89.5108,-68.8853,90.4892,-124.304,-1548.93,-818.293,-1476.88,-570.796
-1486.0,-542.0,-165.429,1.85891e-06,89.5102,-69.2661,90.4898,-124.304,-1548.93,-818.293,-1477.0,-565.781
-1484.0,-542.0,-165.509,1.85657e-06,89.5095,-69.6488,90.4905,-124.304,-1548.93,-818.293,-1477.12,-560.547
-1482.0,-542.0,-165.506,1.84523e-06,89.5065,-105.534,90.4935,-124.304,-1548.93,-818.293,-1556.08,-808.509
-1480.0,-542.0,-165.423,1.84704e-06,89.507,-105.932,90.493,-124.304,-1548.93,-818.293,-1556.08,-808.509
-1478.0,-542.0,-165.338,1.84889e-06,89.5075,-106.329,90.4925,-124.304,-1548.93,-818.293,-1556.08,-808.509
-1476.0,-542.0,0.0,0.0,0.0,0.0,0.0,0.0,0.0,0.0,0.0,0.0
-1474.0,-542.0,0.0,0.0,0.0,0.0,0.0,0.0,0.0,0.0,0.0,0.0
-1472.0,-542.0,0.0,0.0,0.0,0.0,0.0,0.0,0.0,0.0,0.0,0.0
-1470.0,-542.0,0.0,0.0,0.0,0.0,0.0,0.0,0.0,0.0,0.0,0.0
-1468.0,-542.0,0.0,0.0,0.0,0.0,0.0,0.0,0.0,0.0,0.0,0.0
-1466.0,-542.0,0.0,0.0,0.0,0.0,0.0,0.0,0.0,0.0,0.0,0.0
-1464.0,-542.0,0.0,0.0,0.0,0.0,0.0,0.0,0.0,0.0,0.0,0.0
-1462.0,-542.0,0.0,0.0,0.0,0.0,0.0,0.0,0.0,0.0,0.0,0.0
-1460.0,-542.0,0.0,0.0,0.0,0.0,0.0,0.0,0.0,0.0,0.0,0.0
-1458.0,-542.0,0.0,0.0,0.0,0.0,0.0,0.0,0.0,0.0,0.0,0.0
-1456.0,-542.0,0.0,0.0,0.0,0.0,0.0,0.0,0.0,0.0,0.0,0.0
-1454.0,-542.0,0.0,0.0,0.0,0.0,0.0,0.0,0.0,0.0,0.0,0.0
-1452.0,-542.0,0.0,0.0,0.0,0.0,0.0,0.0,0.0,0.0,0.0,0.0
-1450.0,-542.0,0.0,0.0,0.0,0.0,0.0,0.0,0.0,0.0,0.0,0.0
-1448.0,-542.0,0.0,0.0,0.0,0.0,0.0,0.0,0.0,0.0,0.0,0.0
-1446.0,-542.0,0.0,0.0,0.0,0.0,0.0,0.0,0.0,0.0,0.0,0.0
-1444.0,-542.0,0.0,0.0,0.0,0.0,0.0,0.0,0.0,0.0,0.0,0.0
-1442.0,-542.0,0.0,0.0,0.0,0.0,0.0,0.0,0.0,0.0,0.0,0.0
-1440.0,-542.0,0.0,0.0,0.0,0.0,0.0,0.0,0.0,0.0,0.0,0.0
-1438.0,-542.0,0.0,0.0,0.0,0.0,0.0,0.0,0.0,0.0,0.0,0.0
-1436.0,-542.0,0.0,0.0,0.0,0.0,0.0,0.0,0.0,0.0,0.0,0.0
-1434.0,-542.0,0.0,0.0,0.0,0.0,0.0,0.0,0.0,0.0,0.0,0.0
-1432.0,-542.0,0.0,0.0,0.0,0.0,0.0,0.0,0.0,0.0,0.0,0.0
-1430.0,-542.0,0.0,0.0,0.0,0.0,0.0,0.0,0.0,0.0,0.0,0.0
-1428.0,-542.0,-97.6234,2.15954e-07,84.3401,-64.2307,95.6599,115.769,-1428.0,-542.0,-1400.0,-600.0
-1426.0,-542.0,-97.511,2.1318e-07,84.1901,-65.8545,95.8099,114.146,-1426.0,-542.0,-1400.0,-600.0
-1424.0,-542.0,-97.4042,2.10579e-07,84.0492,-67.5206,95.9508,112.479,-1424.0,-542.0,-1400.0,-600.0
-1422.0,-542.0,-97.3026,2.08132e-07,83.979,-69.2277,96.021,110.772,-1422.0,-542.0,-1400.0,-600.0
-1420.0,-542.0,-97.2078,2.05873e-07,83.9127,-70.9744,96.0873,109.026,-1420.0,-542.0,-1400.0,-600.0
-1418.0,-542.0,-97.1201,2.03808e-07,83.8507,-72.7585,96.1493,107.241,-1418.0,-542.0,-1400.0,-600.0
-1416.0,-542.0,-97.0401,2.01942e-07,83.7937,-74.5778,96.2063,105.422,-1416.0,-542.0,-1400.0,-600.0
-1414.0,-542.0,-96.9683,2.00281e-07,83.742,-76.4296,96.258,103.57,-1414.0,-542.0,-1400.0,-600.0
-1412.0,-542.0,-96.9051,1.98831e-07,83.6962,-78.3106,96.3038,101.689,-1412.0,-542.0,-1400.0,-600.0
-1410.0,-542.0,-96.8509,1.97595e-07,83.6566,-80.2176,96.3434,99.7824,-1410.0,-542.0,-1400.0,-600.0
-1408.0,-542.0,-96.8061,1.96578e-07,83.6237,-82.1467,96.3763,97.8533,-1408.0,-542.0,-1400.0,-600.0
-1406.0,-542.0,-96.7709,1.95784e-07,83.5977,-84.0939,96.4023,95.9061,-1406.0,-542.0,-1400.0,-600.0
-1404.0,-542.0,-96.7455,1.95214e-07,83.5789,-86.0548,96.4211,93.9452,-1404.0,-542.0,-1400.0,-600.0
-1402.0,-542.0,-96.7303,1.94872e-07,83.5676,-88.0251,96.4324,91.9749,-1402.0,-542.0,-1400.0,-600.0
-1400.0,-542.0,-96.7252,1.94757e-07,83.5638,-90.0,96.4362,90.0,-1400.0,-542.0,-1400.0,-600.0
-1398.0,-542.0,-96.7303,1.94872e-07,83.5676,-91.9749,96.4324,88.0251,-1398.0,-542.0,-1400.0,-600.0
-1396.0,-542.0,0.0,0.0,0.0,0.0,0.0,0.0,0.0,0.0,0.0,0.0
-1394.0,-542.0,0.0,0.0,0.0,0.0,0.0,0.0,0.0,0.0,0.0,0.0
-1392.0,-542.0,0.0,0.0,0.0,0.0,0.0,0.0,0.0,0.0,0.0,0.0
-1390.0,-542.0,0.0,0.0,0.0,0.0,0.0,0.0,0.0,0.0,0.0,0.0
-1388.0,-542.0,0.0,0.0,0.0,0.0,0.0,0.0,0.0,0.0,0.0,0.0
-1386.0,-542.0,0.0,0.0,0.0,0.0,0.0,0.0,0.0,0.0,0.0,0.0
-1384.0,-542.0,0.0,0.0,0.0,0.0,0.0,0.0,0.0,0.0,0.0,0.0
-1382.0,-542.0,0.0,0.0,0.0,0.0,0.0,0.0,0.0,0.0,0.0,0.0
-1380.0,-542.0,0.0,0.0,0.0,0.0,0.0,0.0,0.0,0.0,0.0,0.0
-1378.0,-542.0,0.0,0.0,0.0,0.0,0.0,0.0,0.0,0.0,0.0,0.0
-1376.0,-542.0,0.0,0.0,0.0,0.0,0.0,0.0,0.0,0.0,0.0,0.0
-1374.0,-542.0,0.0,0.0,0.0,0.0,0.0,0.0,0.0,0.0,0.0,0.0
-1372.0,-542.0,0.0,0.0,0.0,0.0,0.0,0.0,0.0,0.0,0.0,0.0
-1370.0,-542.0,0.0,0.0,0.0,0.0,0.0,0.0,0.0,0.0,0.0,0.0
-1368.0,-542.0,0.0,0.0,0.0,0.0,0.0,0.0,0.0,0.0,0.0,0.0
-1366.0,-542.0,0.0,0.0,0.0,0.0,0.0,0.0,0.0,0.0,0.0,0.0
-1364.0,-542.0,0.0,0.0,0.0,0.0,0.0,0.0,0.0,0.0,0.0,0.0
-1362.0,-542.0,0.0,0.0,0.0,0.0,0.0,0.0,0.0,0.0,0.0,0.0
-1360.0,-542.0,0.0,0.0,0.0,0.0,0.0,0.0,0.0,0.0,0.0,0.0
-1358.0,-542.0,0.0,0.0,0.0,0.0,0.0,0.0,0.0,0.0,0.0,0.0
-1356.0,-542.0,-165.965,3.58213e-07,85.971,-73.3786,94.029,11.6373,-1342.24,-588.104,-1342.24,-588.104
-1354.0,-542.0,-171.902,3.56437e-07,85.9509,-75.6869,94.0491,11.6373,-1342.24,-588.104,-1342.24,-588.104
-1352.0,-542.0,-168.23,3.66767e-07,86.0398,-112.081,93.9602,11.6373,-1342.24,-588.104,-1357.62,-555.852
-1350.0,-542.0,0.0,0.0,0.0,0.0,0.0,0.0,0.0,0.0,0.0,0.0
-1348.0,-542.0,0.0,0.0,0.0,0.0,0.0,0.0,0.0,0.0,0.0,0.0
-1346.0,-542.0,0.0,0.0,0.0,0.0,0.0,0.0,0.0,0.0,0.0,0.0
-1344.0,-542.0,0.0,0.0,0.0,0.0,0.0,0.0,0.0,0.0,0.0,0.0
-1342.0,-542.0,0.0,0.0,0.0,0.0,0.0,0.0,0.0,0.0,0.0,0.0
-1340.0,-542.0,0.0,0.0,0.0,0.0,0.0,0.0,0.0,0.0,0.0,0.0
-1338.0,-542.0,0.0,0.0,0.0,0.0,0.0,0.0,0.0,0.0,0.0,0.0
-1336.0,-542.0,0.0,0.0,0.0,0.0,0.0,0.0,0.0,0.0,0.0,0.0
-1334.0,-542.0,0.0,0.0,0.0,0.0,0.0,0.0,0.0,0.0,0.0,0.0
-1332.0,-542.0,0.0,0.0,0.0,0.0,0.0,0.0,0.0,0.0,0.0,0.0
-1330.0,-542.0,0.0,0.0,0.0,0.0,0.0,0.0,0.0,0.0,0.0,0.0
-1328.0,-542.0,-145.931,1.22822e-06,88.5296,-6.40875,91.4704,-15.5937,-1342.83,-615.957,-1186.78,-557.862
-1326.0,-542.0,-145.596,1.2216e-06,88.4952,-6.50004,91.5048,-15.5937,-1342.83,-615.957,-1186.78,-557.862
-1324.0,-542.0,-145.245,1.21499e-06,88.4605,-6.59395,91.5395,-15.5937,-1342.83,-615.957,-1186.78,-557.862
-1322.0,-542.0,-115.327,1.20798e-06,88.4248,-8.60086,91.5752,-14.4424,-1338.72,-615.783,-1186.35,-562.517
-1320.0,-542.0,-115.263,1.2014e-06,88.3893,-8.64848,91.6107,-14.49,-1338.9,-615.791,-1186.37,-562.326
-1318.0,-542.0,-115.198,1.19482e-06,88.3534,-8.69662,91.6466,-14.5381,-1339.08,-615.799,-1186.38,-562.132
-1316.0,-542.0,-115.133,1.18824e-06,88.3171,-8.74529,91.6829,-14.5868,-1339.26,-615.806,-1186.4,-561.936
-1314.0,-542.0,-115.068,1.18167e-06,88.2804,-8.79451,91.7196,-14.636,-1339.44,-615.814,-1186.42,-561.738
-1312.0,-542.0,-115.004,1.17509e-06,88.2433,-8.84429,91.7567,-14.6858,-1339.63,-615.822,-1186.44,-561.537
-1310.0,-542.0,-114.939,1.16852e-06,88.2058,-8.89462,91.7942,-14.7361,-1339.82,-615.83,-1186.46,-561.334
-1308.0,-542.0,-114.875,1.16195e-06,88.1678,-8.94553,91.8322,-14.787,-1340.0,-615.838,-1186.48,-561.129
-1306.0,-542.0,-114.81,1.15538e-06,88.1294,-8.99701,91.8706,-14.8385,-1340.19,-615.846,-1186.5,-560.921
-1304.0,-542.0,-114.746,1.14881e-06,88.0906,-9.04909,91.9094,-14.8906,-1340.38,-615.853,-1186.52,-560.711
-1302.0,-542.0,-114.682,1.14224e-06,88.0514,-9.10177,91.9486,-14.9433,-1340.57,-615.861,-1186.54,-560.498
-1300.0,-542.0,-114.619,1.13567e-06,88.0154,-9.15506,91.9846,-14.9966,-1340.76,-615.87,-1186.56,-560.282
-1298.0,-542.0,-114.555,1.1291e-06,87.9896,-9.20898,92.0104,-15.0505,-1340.95,-615.878,-1186.58,-560.064
-1296.0,-542.0,-114.492,1.12253e-06,87.9634,-9.26352,92.0366,-15.105,-1341.15,-615.886,-1186.6,-559.844
-1294.0,-542.0,-114.429,1.11595e-06,87.9369,-9.31871,92.0631,-15.1602,-1341.34,-615.894,-1186.62,-559.62
-1292.0,-542.0,-114.366,1.10938e-06,87.9102,-9.37456,92.0898,-15.2161,-1341.53,-615.902,-1186.64,-559.394
-1290.0,-542.0,-133.645,1.10285e-06,87.8831,-8.73658,92.1169,-15.5937,-1342.83,-615.957,-1186.78,-557.862
-1288.0,-542.0,-132.037,1.09627e-06,87.8557,-8.90647,92.1443,-15.5937,-1342.83,-615.957,-1186.78,-557.862
-1286.0,-542.0,-130.134,1.0897e-06,87.8279,-9.08304,92.1721,-15.5937,-1342.83,-615.957,-1186.78,-557.862
-1284.0,-542.0,-127.762,1.08312e-06,87.7998,-9.26669,92.2002,-15.5937,-1342.83,-615.957,-1186.78,-557.862
-1282.0,-542.0,-124.941,1.07655e-06,87.7714,-9.45786,92.2286,-15.5937,-1342.83,-615.957,-1186.78,-557.862
-1280.0,-542.0,-113.992,1.06999e-06,87.7426,-9.72408,92.2574,-15.5656,-1342.73,-615.953,-1186.77,-557.976
-1278.0,-542.0,-121.804,1.06343e-06,87.7135,-9.86461,92.2865,-15.5937,-1342.83,-615.957,-1186.78,-557.862
-1276.0,-542.0,-122.281,1.15606e-06,87.8887,20.9024,92.1113,-23.1412,-1360.88,-616.718,-1202.78,-514.038
-1274.0,-542.0,-121.5,1.14983e-06,87.8772,21.0211,92.1228,-23.2599,-1361.09,-616.726,-1201.19,-514.02
-1272.0,-542.0,-120.766,1.14361e-06,87.8657,21.1411,92.1343,-23.3799,-1361.29,-616.735,-1199.6,-514.002
-1270.0,-542.0,-132.463,1.0372e-06,87.6466,-10.7916,92.3534,-15.5937,-1342.83,-615.957,-1186.78,-557.862
-1268.0,-542.0,-134.172,1.03065e-06,87.6316,-11.0509,92.3684,-15.5937,-1342.83,-615.957,-1186.78,-557.862
-1266.0,-542.0,-111.852,6.63755e-07,86.321,-131.336,93.679,-44.0884,-1381.83,-617.6,-1330.7,-615.554
-1264.0,-542.0,-111.526,6.68172e-07,86.3454,-131.766,93.6546,-43.6578,-1381.57,-617.589,-1329.66,-615.525
-1262.0,-542.0,-116.152,1.03365e-06,87.6385,-13.3601,92.3615,24.2791,-1376.95,-589.605,-1186.59,-559.909
-1260.0,-542.0,-116.269,1.02716e-06,87.6236,-13.4462,92.3764,24.3651,-1377.05,-589.608,-1186.63,-559.543
-1258.0,-542.0,-116.401,1.02068e-06,87.6053,-13.5334,92.3947,24.4523,-1377.15,-589.611,-1186.66,-559.171
-1256.0,-542.0,-116.553,1.01421e-06,87.5741,-13.6217,92.4259,24.5406,-1377.25,-589.614,-1186.7,-558.794
-1254.0,-542.0,-116.725,1.00775e-06,87.5425,-13.7111,92.4575,24.6301,-1377.35,-589.617,-1186.73,-558.412
-1252.0,-542.0,-116.917,1.00127e-06,87.529,-13.8017,92.471,24.7207,-1377.45,-589.62,-1186.77,-558.025
-1250.0,-542.0,-135.104,6.23479e-07,87.8742,-142.216,94.9925,36.3527,-1386.26,-589.89,-1301.42,-581.867
-1248.0,-542.0,-134.074,7.5203e-07,87.0117,-132.611,93.6594,49.9738,-1391.65,-590.054,-1315.26,-615.116
-1246.0,-542.0,-120.325,6.33872e-07,86.1473,-143.022,93.8527,35.6563,-1385.89,-589.878,-1344.3,-616.019
-1244.0,-542.0,-120.305,6.39204e-07,86.1795,-143.382,93.8205,35.2957,-1385.69,-589.872,-1343.56,-615.988
-1242.0,-542.0,-118.477,6.44561e-07,86.2113,-143.737,93.7887,34.9411,-1385.5,-589.866,-1342.81,-615.956
-1240.0,-542.0,-115.715,6.49942e-07,86.2427,-144.085,93.7573,34.5924,-1385.3,-589.86,-1342.07,-615.925
-1238.0,-542.0,-113.487,6.55347e-07,86.2737,-144.428,93.7263,34.2494,-1385.1,-589.854,-1341.32,-615.893
-1236.0,-542.0,-112.003,6.60775e-07,86.3044,-144.766,93.6956,33.9121,-1384.9,-589.848,-1340.57,-615.862
-1234.0,-542.0,-111.052,6.66226e-07,86.3346,-145.098,93.6654,33.5803,-1384.7,-589.842,-1339.82,-615.83
-1232.0,-542.0,-110.443,6.71699e-07,86.3645,-145.424,93.6355,33.2539,-1384.5,-589.836,-1339.07,-615.798
-1230.0,-542.0,-130.503,6.4652e-07,88.2522,-150.547,95.5509,-24.401,-1362.96,-616.805,-1307.75,-585.905
-1228.0,-542.0,-129.919,6.52325e-07,88.3994,-150.847,95.5003,-24.1251,-1362.52,-616.787,-1305.33,-585.134
-1226.0,-542.0,-124.13,8.5386e-07,87.2063,133.098,92.7937,-43.396,-1381.4,-617.583,-1245.09,-521.599
-1224.0,-542.0,-109.92,6.93768e-07,86.6076,-147.217,93.3924,33.0334,-1384.36,-589.831,-1338.56,-615.777
-1222.0,-542.0,-109.78,6.99346e-07,86.6809,-147.514,93.3191,32.7369,-1384.17,-589.826,-1337.84,-615.757
-1220.0,-542.0,-109.7,7.04942e-07,86.7531,-147.806,93.2469,32.4451,-1383.99,-589.82,-1337.12,-615.736
-1218.0,-542.0,-109.666,7.10558e-07,86.8243,-148.093,93.1757,32.1579,-1383.8,-589.814,-1336.4,-615.716
-1216.0,-542.0,-109.667,7.16193e-07,86.8944,-148.375,93.1056,31.8753,-1383.61,-589.808,-1335.68,-615.695
-1214.0,-542.0,-109.698,7.21845e-07,86.9636,-148.654,93.0364,31.5972,-1383.42,-589.803,-1334.95,-615.675
-1212.0,-542.0,-109.754,7.27516e-07,87.0317,-148.927,92.9683,31.3234,-1383.23,-589.797,-1334.23,-615.654
-1210.0,-542.0,-109.834,7.33203e-07,87.0988,-149.197,92.9012,31.0539,-1383.05,-589.791,-1333.51,-615.634
-1208.0,-542.0,-109.937,7.38908e-07,87.1649,-149.462,92.8351,30.7886,-1382.86,-589.785,-1332.78,-615.613
-1206.0,-542.0,-110.063,7.44629e-07,87.2301,-149.723,92.7699,30.5274,-1382.67,-589.78,-1332.06,-615.593
-1204.0,-542.0,-110.215,7.50366e-07,87.2944,-149.981,92.7056,30.2702,-1382.48,-589.774,-1331.33,-615.572
-1202.0,-542.0,-110.076,7.28487e-07,87.2574,-154.272,92.7426,-20.9018,-1356.69,-616.541,-1356.69,-616.541
-1600.0,-540.0,-213.068,1.29607e-06,90.1418,166.543,89.8582,89.7952,-1399.67,-508.767,-1646.17,-528.953
-1598.0,-540.0,-213.174,1.30256e-06,90.1287,166.632,89.8713,89.7952,-1399.67,-508.767,-1646.16,-528.556
-1596.0,-540.0,-213.282,1.30906e-06,90.1157,166.72,89.8843,89.7952,-1399.67,-508.767,-1646.15,-528.164
-1594.0,-540.0,0.0,0.0,0.0,0.0,0.0,0.0,0.0,0.0,0.0,0.0
-1592.0,-540.0,0.0,0.0,0.0,0.0,0.0,0.0,0.0,0.0,0.0,0.0
-1590.0,-540.0,0.0,0.0,0.0,0.0,0.0,0.0,0.0,0.0,0.0,0.0
-1588.0,-540.0,0.0,0.0,0.0,0.0,0.0,0.0,0.0,0.0,0.0,0.0
-1586.0,-540.0,0.0,0.0,0.0,0.0,0.0,0.0,0.0,0.0,0.0,0.0
-1584.0,-540.0,0.0,0.0,0.0,0.0,0.0,0.0,0.0,0.0,0.0,0.0
-1582.0,-540.0,0.0,0.0,0.0,0.0,0.0,0.0,0.0,0.0,0.0,0.0
-1580.0,-540.0,0.0,0.0,0.0,0.0,0.0,0.0,0.0,0.0,0.0,0.0
-1578.0,-540.0,0.0,0.0,0.0,0.0,0.0,0.0,0.0,0.0,0.0,0.0
-1576.0,-540.0,0.0,0.0,0.0,0.0,0.0,0.0,0.0,0.0,0.0,0.0
-1574.0,-540.0,0.0,0.0,0.0,0.0,0.0,0.0,0.0,0.0,0.0,0.0
-1572.0,-540.0,0.0,0.0,0.0,0.0,0.0,0.0,0.0,0.0,0.0,0.0
-1570.0,-540.0,0.0,0.0,0.0,0.0,0.0,0.0,0.0,0.0,0.0,0.0
-1568.0,-540.0,0.0,0.0,0.0,0.0,0.0,0.0,0.0,0.0,0.0,0.0
-1566.0,-540.0,0.0,0.0,0.0,0.0,0.0,0.0,0.0,0.0,0.0,0.0
-1564.0,-540.0,0.0,0.0,0.0,0.0,0.0,0.0,0.0,0.0,0.0,0.0
-1562.0,-540.0,0.0,0.0,0.0,0.0,0.0,0.0,0.0,0.0,0.0,0.0
-1560.0,-540.0,-151.334,5.77289e-07,88.7494,-28.6178,91.2506,169.301,-1476.53,-585.541,-1476.53,-585.541
-1558.0,-540.0,-151.497,5.71461e-07,88.6801,-29.2059,91.3199,169.301,-1476.53,-585.541,-1476.53,-585.541
-1556.0,-540.0,-151.64,5.65668e-07,88.6095,-29.8164,91.3905,169.301,-1476.53,-585.541,-1476.53,-585.541
-1554.0,-540.0,-151.81,5.59912e-07,88.5375,-30.4505,91.4625,169.301,-1476.53,-585.541,-1476.53,-585.541
-1552.0,-540.0,-152.082,5.54196e-07,88.4641,-31.1094,91.5359,169.301,-1476.53,-585.541,-1476.53,-585.541
-1550.0,-540.0,-152.446,5.4852e-07,88.3893,-31.7943,91.6107,169.301,-1476.53,-585.541,-1476.53,-585.541
-1548.0,-540.0,-152.823,5.42889e-07,88.3131,-32.5068,91.6869,169.301,-1476.53,-585.541,-1476.53,-585.541
-1546.0,-540.0,-153.174,5.37303e-07,88.2355,-33.2482,91.7645,169.301,-1476.53,-585.541,-1476.53,-585.541
-1544.0,-540.0,-153.494,5.31766e-07,88.162,-34.0201,91.838,169.301,-1476.53,-585.541,-1476.53,-585.541
-1542.0,-540.0,-153.787,5.26264e-07,88.1427,-34.824,91.8573,169.301,-1476.53,-585.541,-1476.53,-585.541
-1540.0,-540.0,-154.049,5.20816e-07,88.1233,-35.6618,91.8767,169.301,-1476.53,-585.541,-1476.53,-585.541
-1538.0,-540.0,-154.256,5.15427e-07,88.1037,-36.5351,91.8963,169.301,-1476.53,-585.541,-1476.53,-585.541
-1536.0,-540.0,-154.358,5.10092e-07,88.1067,-37.446,91.8933,169.301,-1476.53,-585.541,-1476.53,-585.541
-1534.0,-540.0,-154.358,5.04821e-07,88.1189,-38.3962,91.8811,169.301,-1476.53,-585.541,-1476.53,-585.541
-1532.0,-540.0,-154.677,4.99621e-07,88.1317,-39.388,91.8683,169.301,-1476.53,-585.541,-1476.53,-585.541
-1530.0,-540.0,-155.326,4.94498e-07,88.1334,-40.4234,91.8666,169.301,-1476.53,-585.541,-1476.53,-585.541
-1528.0,-540.0,-155.867,4.89461e-07,88.1141,-41.5047,91.8859,169.301,-1476.53,-585.541,-1476.53,-585.541
-1526.0,-540.0,-156.28,4.8451e-07,88.0949,-42.6342,91.9051,169.301,-1476.53,-585.541,-1476.53,-585.541
-1524.0,-540.0,-156.581,4.79649e-07,88.0755,-43.8142,91.9245,169.301,-1476.53,-585.541,-1476.53,-585.541
-1522.0,-540.0,-148.601,7.65885e-07,88.7949,39.4428,91.2051,136.96,-1425.45,-576.237,-1471.49,-498.448
-1520.0,-540.0,-147.716,7.6075e-07,88.7868,39.9194,91.2132,136.96,-1425.45,-576.237,-1470.26,-498.383
-1518.0,-540.0,-146.984,7.55651e-07,88.7786,40.4057,91.2214,136.96,-1425.45,-576.237,-1469.03,-498.318
-1516.0,-540.0,-146.368,7.50589e-07,88.7703,40.9019,91.2297,136.96,-1425.45,-576.237,-1467.81,-498.253
-1514.0,-540.0,-145.865,7.45566e-07,88.762,41.4083,91.238,136.96,-1425.45,-576.237,-1466.59,-498.188
-1512.0,-540.0,-145.511,7.40581e-07,88.7537,41.925,91.2463,136.96,-1425.45,-576.237,-1465.37,-498.123
-1510.0,-540.0,-145.413,7.35638e-07,88.7453,42.4522,91.2547,136.96,-1425.45,-576.237,-1464.15,-498.058
-1508.0,-540.0,-145.814,7.30736e-07,88.7369,42.9903,91.2631,136.96,-1425.45,-576.237,-1462.94,-497.994
-1506.0,-540.0,-147.248,7.25878e-07,88.7284,43.5395,91.2716,136.96,-1425.45,-576.237,-1461.73,-497.93
-1504.0,-540.0,-150.518,7.21064e-07,88.72,44.1,91.28,136.96,-1425.45,-576.237,-1460.52,-497.865
-1502.0,-540.0,-158.964,6.02419e-07,88.4678,46.8131,91.5322,111.97,-1429.78,-526.194,-1462.55,-497.973
-1500.0,-540.0,-157.908,5.97889e-07,88.4562,47.6526,91.5438,111.97,-1429.78,-526.194,-1461.65,-497.925
-1498.0,-540.0,-157.358,5.93433e-07,88.4446,48.5151,91.5554,111.97,-1429.78,-526.194,-1460.75,-497.878
-1496.0,-540.0,-156.96,5.89052e-07,88.433,49.4011,91.567,111.97,-1429.78,-526.194,-1459.86,-497.83
-1494.0,-540.0,-165.264,1.87487e-06,89.5077,-67.9065,90.4923,-124.304,-1548.93,-818.293,-1476.6,-582.873
-1492.0,-540.0,-165.311,1.87238e-06,89.5071,-68.2794,90.4929,-124.304,-1548.93,-818.293,-1476.7,-578.403
-1490.0,-540.0,-165.367,1.86993e-06,89.5064,-68.6542,90.4936,-124.304,-1548.93,-818.293,-1476.81,-573.749
-1488.0,-540.0,-165.434,1.86753e-06,89.5058,-69.031,90.4942,-124.304,-1548.93,-818.293,-1476.92,-568.899
-1486.0,-540.0,-165.508,1.86516e-06,89.5052,-69.4096,90.4948,-124.304,-1548.93,-818.293,-1477.04,-563.841
-1484.0,-540.0,-165.59,1.86283e-06,89.5045,-69.7902,90.4955,-124.304,-1548.93,-818.293,-1477.17,-558.561
-1482.0,-540.0,-165.577,1.85166e-06,89.5016,-105.423,90.4984,-124.304,-1548.93,-818.293,-1556.08,-808.509
-1480.0,-540.0,-165.496,1.85346e-06,89.502,-105.819,90.498,-124.304,-1548.93,-818.293,-1556.08,-808.509
-1478.0,-540.0,-165.412,1.8553e-06,89.5025,-106.214,90.4975,-124.304,-1548.93,-818.293,-1556.08,-808.509
-1476.0,-540.0,0.0,0.0,0.0,0.0,0.0,0.0,0.0,0.0,0.0,0.0
-1474.0,-540.0,0.0,0.0,0.0,0.0,0.0,0.0,0.0,0.0,0.0,0.0
-1472.0,-540.0,0.0,0.0,0.0,0.0,0.0,0.0,0.0,0.0,0.0,0.0
-1470.0,-540.0,0.0,0.0,0.0,0.0,0.0,0.0,0.0,0.0,0.0,0.0
-1468.0,-540.0,0.0,0.0,0.0,0.0,0.0,0.0,0.0,0.0,0.0,0.0
-1466.0,-540.0,0.0,0.0,0.0,0.0,0.0,0.0,0.0,0.0,0.0,0.0
-1464.0,-540.0,0.0,0.0,0.0,0.0,0.0,0.0,0.0,0.0,0.0,0.0
-1462.0,-540.0,0.0,0.0,0.0,0.0,0.0,0.0,0.0,0.0,0.0,0.0
-1460.0,-540.0,0.0,0.0,0.0,0.0,0.0,0.0,0.0,0.0,0.0,0.0
-1458.0,-540.0,0.0,0.0,0.0,0.0,0.0,0.0,0.0,0.0,0.0,0.0
-1456.0,-540.0,0.0,0.0,0.0,0.0,0.0,0.0,0.0,0.0,0.0,0.0
-1454.0,-540.0,0.0,0.0,0.0,0.0,0.0,0.0,0.0,0.0,0.0,0.0
-1452.0,-540.0,0.0,0.0,0.0,0.0,0.0,0.0,0.0,0.0,0.0,0.0
-1450.0,-540.0,0.0,0.0,0.0,0.0,0.0,0.0,0.0,0.0,0.0,0.0
-1448.0,-540.0,0.0,0.0,0.0,0.0,0.0,0.0,0.0,0.0,0.0,0.0
-1446.0,-540.0,0.0,0.0,0.0,0.0,0.0,0.0,0.0,0.0,0.0,0.0
-1444.0,-540.0,0.0,0.0,0.0,0.0,0.0,0.0,0.0,0.0,0.0,0.0
-1442.0,-540.0,0.0,0.0,0.0,0.0,0.0,0.0,0.0,0.0,0.0,0.0
-1440.0,-540.0,0.0,0.0,0.0,0.0,0.0,0.0,0.0,0.0,0.0,0.0
-1438.0,-540.0,0.0,0.0,0.0,0.0,0.0,0.0,0.0,0.0,0.0,0.0
-1436.0,-540.0,0.0,0.0,0.0,0.0,0.0,0.0,0.0,0.0,0.0,0.0
-1434.0,-540.0,0.0,0.0,0.0,0.0,0.0,0.0,0.0,0.0,0.0,0.0
-1432.0,-540.0,0.0,0.0,0.0,0.0,0.0,0.0,0.0,0.0,0.0,0.0
-1430.0,-540.0,0.0,0.0,0.0,0.0,0.0,0.0,0.0,0.0,0.0,0.0
-1428.0,-540.0,-97.8625,2.21975e-07,84.4381,-64.9831,95.5619,115.017,-1428.0,-540.0,-1400.0,-600.0
-1426.0,-540.0,-97.7562,2.19278e-07,84.2955,-66.5713,95.7045,113.429,-1426.0,-540.0,-1400.0,-600.0
-1424.0,-540.0,-97.6545,2.16728e-07,84.2186,-68.1986,95.7814,111.801,-1424.0,-540.0,-1400.0,-600.0
-1422.0,-540.0,-97.5586,2.14352e-07,84.1543,-69.8637,95.8457,110.136,-1422.0,-540.0,-1400.0,-600.0
-1420.0,-540.0,-97.4692,2.12159e-07,84.0937,-71.5651,95.9063,108.435,-1420.0,-540.0,-1400.0,-600.0
-1418.0,-540.0,-97.3867,2.10155e-07,84.0372,-73.3008,95.9628,106.699,-1418.0,-540.0,-1400.0,-600.0
-1416.0,-540.0,-97.3116,2.08346e-07,83.9852,-75.0686,96.0148,104.931,-1416.0,-540.0,-1400.0,-600.0
-1414.0,-540.0,-97.2442,2.06737e-07,83.9382,-76.866,96.0618,103.134,-1414.0,-540.0,-1400.0,-600.0
-1412.0,-540.0,-97.1849,2.05332e-07,83.8966,-78.6901,96.1034,101.31,-1412.0,-540.0,-1400.0,-600.0
-1410.0,-540.0,-97.1341,2.04136e-07,83.8607,-80.5377,96.1393,99.4623,-1410.0,-540.0,-1400.0,-600.0
-1408.0,-540.0,-97.092,2.03151e-07,83.8308,-82.4054,96.1692,97.5946,-1408.0,-540.0,-1400.0,-600.0
-1406.0,-540.0,-97.0591,2.02383e-07,83.8073,-84.2894,96.1927,95.7106,-1406.0,-540.0,-1400.0,-600.0
-1404.0,-540.0,-97.0354,2.01832e-07,83.7903,-86.1859,96.2097,93.8141,-1404.0,-540.0,-1400.0,-600.0
-1402.0,-540.0,-97.0211,2.01501e-07,83.7801,-88.0908,96.2199,91.9092,-1402.0,-540.0,-1400.0,-600.0
-1400.0,-540.0,-97.0163,2.0139e-07,83.7766,-90.0,96.2234,90.0,-1400.0,-540.0,-1400.0,-600.0
-1398.0,-540.0,-97.0211,2.01501e-07,83.7801,-91.9092,96.2199,88.0908,-1398.0,-540.0,-1400.0,-600.0
-1396.0,-540.0,0.0,0.0,0.0,0.0,0.0,0.0,0.0,0.0,0.0,0.0
-1394.0,-540.0,0.0,0.0,0.0,0.0,0.0,0.0,0.0,0.0,0.0,0.0
-1392.0,-540.0,0.0,0.0,0.0,0.0,0.0,0.0,0.0,0.0,0.0,0.0
-1390.0,-540.0,0.0,0.0,0.0,0.0,0.0,0.0,0.0,0.0,0.0,0.0
-1388.0,-540.0,0.0,0.0,0.0,0.0,0.0,0.0,0.0,0.0,0.0,0.0
-1386.0,-540.0,0.0,0.0,0.0,0.0,0.0,0.0,0.0,0.0,0.0,0.0
-1384.0,-540.0,0.0,0.0,0.0,0.0,0.0,0.0,0.0,0.0,0.0,0.0
-1382.0,-540.0,0.0,0.0,0.0,0.0,0.0,0.0,0.0,0.0,0.0,0.0
-1380.0,-540.0,0.0,0.0,0.0,0.0,0.0,0.0,0.0,0.0,0.0,0.0
-1378.0,-540.0,0.0,0.0,0.0,0.0,0.0,0.0,0.0,0.0,0.0,0.0
-1376.0,-540.0,0.0,0.0,0.0,0.0,0.0,0.0,0.0,0.0,0.0,0.0
-1374.0,-540.0,0.0,0.0,0.0,0.0,0.0,0.0,0.0,0.0,0.0,0.0
-1372.0,-540.0,0.0,0.0,0.0,0.0,0.0,0.0,0.0,0.0,0.0,0.0
-1370.0,-540.0,0.0,0.0,0.0,0.0,0.0,0.0,0.0,0.0,0.0,0.0
-1368.0,-540.0,0.0,0.0,0.0,0.0,0.0,0.0,0.0,0.0,0.0,0.0
-1366.0,-540.0,0.0,0.0,0.0,0.0,0.0,0.0,0.0,0.0,0.0,0.0
-1364.0,-540.0,0.0,0.0,0.0,0.0,0.0,0.0,0.0,0.0,0.0,0.0
-1362.0,-540.0,0.0,0.0,0.0,0.0,0.0,0.0,0.0,0.0,0.0,0.0
-1360.0,-540.0,0.0,0.0,0.0,0.0,0.0,0.0,0.0,0.0,0.0,0.0
-1358.0,-540.0,0.0,0.0,0.0,0.0,0.0,0.0,0.0,0.0,0.0,0.0
-1356.0,-540.0,0.0,0.0,0.0,0.0,0.0,0.0,0.0,0.0,0.0,0.0
-1354.0,-540.0,0.0,0.0,0.0,0.0,0.0,0.0,0.0,0.0,0.0,0.0
-1352.0,-540.0,0.0,0.0,0.0,0.0,0.0,0.0,0.0,0.0,0.0,0.0
-1350.0,-540.0,0.0,0.0,0.0,0.0,0.0,0.0,0.0,0.0,0.0,0.0
-1348.0,-540.0,0.0,0.0,0.0,0.0,0.0,0.0,0.0,0.0,0.0,0.0
-1346.0,-540.0,0.0,0.0,0.0,0.0,0.0,0.0,0.0,0.0,0.0,0.0
-1344.0,-540.0,0.0,0.0,0.0,0.0,0.0,0.0,0.0,0.0,0.0,0.0
-1342.0,-540.0,0.0,0.0,0.0,0.0,0.0,0.0,0.0,0.0,0.0,0.0
-1340.0,-540.0,0.0,0.0,0.0,0.0,0.0,0.0,0.0,0.0,0.0,0.0
-1338.0,-540.0,0.0,0.0,0.0,0.0,0.0,0.0,0.0,0.0,0.0,0.0
-1336.0,-540.0,0.0,0.0,0.0,0.0,0.0,0.0,0.0,0.0,0.0,0.0
-1334.0,-540.0,0.0,0.0,0.0,0.0,0.0,0.0,0.0,0.0,0.0,0.0
-1332.0,-540.0,0.0,0.0,0.0,0.0,0.0,0.0,0.0,0.0,0.0,0.0
-1330.0,-540.0,0.0,0.0,0.0,0.0,0.0,0.0,0.0,0.0,0.0,0.0
-1328.0,-540.0,-115.422,1.22873e-06,88.5202,-8.76899,91.4798,-14.6105,-1339.35,-615.81,-1186.41,-561.841
-1326.0,-540.0,-115.359,1.22215e-06,88.4858,-8.8167,91.5142,-14.6582,-1339.53,-615.818,-1186.43,-561.648
-1324.0,-540.0,-115.297,1.21557e-06,88.451,-8.86493,91.549,-14.7064,-1339.71,-615.825,-1186.45,-561.454
-1322.0,-540.0,-115.235,1.209e-06,88.4159,-8.91369,91.5841,-14.7552,-1339.89,-615.833,-1186.47,-561.257
-1320.0,-540.0,-115.172,1.20242e-06,88.3804,-8.96298,91.6196,-14.8045,-1340.07,-615.84,-1186.48,-561.058
-1318.0,-540.0,-115.11,1.19585e-06,88.3445,-9.01281,91.6555,-14.8543,-1340.25,-615.848,-1186.5,-560.857
-1316.0,-540.0,-115.049,1.18928e-06,88.3082,-9.0632,91.6918,-14.9047,-1340.43,-615.856,-1186.52,-560.654
-1314.0,-540.0,-114.987,1.18271e-06,88.2715,-9.11415,91.7285,-14.9557,-1340.61,-615.863,-1186.54,-560.448
-1312.0,-540.0,-114.925,1.17614e-06,88.2343,-9.16567,91.7657,-15.0072,-1340.8,-615.871,-1186.56,-560.24
-1310.0,-540.0,-114.864,1.16957e-06,88.1968,-9.21777,91.8032,-15.0593,-1340.98,-615.879,-1186.58,-560.029
-1308.0,-540.0,-114.802,1.16301e-06,88.1589,-9.27046,91.8411,-15.112,-1341.17,-615.887,-1186.6,-559.816
-1306.0,-540.0,-114.741,1.15645e-06,88.1205,-9.32376,91.8795,-15.1653,-1341.36,-615.895,-1186.62,-559.6
-1304.0,-540.0,-114.68,1.14988e-06,88.0817,-9.37766,91.9183,-15.2192,-1341.55,-615.903,-1186.64,-559.382
-1302.0,-540.0,-114.619,1.14332e-06,88.0424,-9.43218,91.9576,-15.2737,-1341.74,-615.911,-1186.66,-559.161
-1300.0,-540.0,-114.559,1.13676e-06,88.0065,-9.48734,91.9935,-15.3288,-1341.93,-615.919,-1186.68,-558.937
-1298.0,-540.0,-114.498,1.13019e-06,87.9806,-9.54314,92.0194,-15.3846,-1342.12,-615.927,-1186.7,-558.711
-1296.0,-540.0,-114.438,1.12363e-06,87.9544,-9.59959,92.0456,-15.4411,-1342.31,-615.935,-1186.73,-558.482
-1294.0,-540.0,-114.378,1.11706e-06,87.9279,-9.65671,92.0721,-15.4982,-1342.5,-615.943,-1186.75,-558.25
-1292.0,-540.0,-114.319,1.1105e-06,87.9011,-9.71451,92.0989,-15.556,-1342.7,-615.951,-1186.77,-558.015
-1290.0,-540.0,-121.408,1.10393e-06,87.874,-9.81789,92.126,-15.5937,-1342.83,-615.957,-1186.78,-557.862
-1288.0,-540.0,-124.595,1.09738e-06,87.8466,-10.008,92.1534,-15.5937,-1342.83,-615.957,-1186.78,-557.862
-1286.0,-540.0,-127.36,1.09082e-06,87.8188,-10.2055,92.1812,-15.5937,-1342.83,-615.957,-1186.78,-557.862
-1284.0,-540.0,-129.775,1.08427e-06,87.7907,-10.411,92.2093,-15.5937,-1342.83,-615.957,-1186.78,-557.862
-1282.0,-540.0,-131.792,1.07773e-06,87.7623,-10.6247,92.2377,-15.5937,-1342.83,-615.957,-1186.78,-557.862
-1280.0,-540.0,-133.512,1.07119e-06,87.7336,-10.8473,92.2664,-15.5937,-1342.83,-615.957,-1186.78,-557.862
-1278.0,-540.0,-134.992,1.06465e-06,87.7045,-11.0793,92.2955,-15.5937,-1342.83,-615.957,-1186.78,-557.862
-1276.0,-540.0,-136.279,1.05812e-06,87.6815,-11.3213,92.3185,-15.5937,-1342.83,-615.957,-1186.78,-557.862
-1274.0,-540.0,-137.415,1.05158e-06,87.667,-11.574,92.333,-15.5937,-1342.83,-615.957,-1186.78,-557.862
-1272.0,-540.0,-116.309,1.06764e-06,87.7021,-13.2947,92.2979,24.2137,-1376.88,-589.602,-1186.57,-560.187
-1270.0,-540.0,-116.411,1.06115e-06,87.6881,-13.3776,92.3119,24.2966,-1376.97,-589.605,-1186.6,-559.835
-1268.0,-540.0,-116.527,1.05466e-06,87.6739,-13.4616,92.3261,24.3806,-1377.07,-589.608,-1186.63,-559.477
-1266.0,-540.0,-116.658,1.04818e-06,87.6595,-13.5466,92.3405,24.4655,-1377.17,-589.611,-1186.67,-559.115
-1264.0,-540.0,-116.807,1.0417e-06,87.6449,-13.6326,92.3551,24.5516,-1377.26,-589.614,-1186.7,-558.747
-1262.0,-540.0,-116.974,1.03522e-06,87.6301,-13.7198,92.3699,24.6387,-1377.36,-589.617,-1186.74,-558.375
-1260.0,-540.0,-117.163,1.02874e-06,87.6152,-13.808,92.3848,24.727,-1377.46,-589.62,-1186.77,-557.998
-1258.0,-540.0,-127.897,6.86577e-07,86.4027,-132.922,93.5973,-43.396,-1381.4,-617.583,-1328.2,-615.483
-1256.0,-540.0,-132.113,6.91156e-07,86.4032,-133.51,93.5968,-43.396,-1381.4,-617.583,-1327.64,-615.467
-1254.0,-540.0,-135.283,6.95783e-07,86.4039,-134.086,93.5961,-43.396,-1381.4,-617.583,-1327.08,-615.451
-1252.0,-540.0,-132.545,6.22395e-07,87.5854,-141.333,95.0926,37.2023,-1386.7,-589.903,-1309.6,-586.089
-1250.0,-540.0,-133.186,6.27604e-07,87.7455,-141.724,95.0487,36.8283,-1386.51,-589.897,-1305.74,-583.983
-1248.0,-540.0,-134.415,6.32842e-07,87.9032,-142.109,95.0053,36.4609,-1386.32,-589.891,-1302.74,-582.6
-1246.0,-540.0,-134.347,7.61457e-07,87.046,-132.64,93.6576,49.9432,-1391.64,-590.054,-1315.17,-615.113
-1244.0,-540.0,-127.707,6.43213e-07,86.1841,-142.844,93.8159,35.7331,-1385.93,-589.879,-1306.24,-587.164
-1242.0,-540.0,-120.649,6.48536e-07,86.2154,-143.26,93.7846,35.4175,-1385.76,-589.874,-1343.81,-615.998
-1240.0,-540.0,-119.499,6.53885e-07,86.2464,-143.611,93.7536,35.067,-1385.57,-589.868,-1343.08,-615.967
-1238.0,-540.0,-116.901,6.59257e-07,86.2771,-143.956,93.7229,34.7222,-1385.37,-589.862,-1342.35,-615.936
-1236.0,-540.0,-114.427,6.64653e-07,86.3073,-144.295,93.6927,34.383,-1385.18,-589.856,-1341.61,-615.906
-1234.0,-540.0,-112.691,6.70073e-07,86.3372,-144.629,93.6628,34.0493,-1384.98,-589.85,-1340.88,-615.875
-1232.0,-540.0,-111.562,6.75514e-07,86.3668,-144.957,93.6332,33.7209,-1384.78,-589.844,-1340.14,-615.844
-1230.0,-540.0,-110.835,6.80978e-07,86.3959,-145.28,93.6041,33.3979,-1384.59,-589.838,-1339.41,-615.812
-1228.0,-540.0,-110.365,6.86437e-07,86.459,-145.598,93.541,33.08,-1384.39,-589.832,-1338.67,-615.781
-1226.0,-540.0,-124.253,8.4902e-07,87.1758,133.51,92.8242,-43.396,-1381.4,-617.583,-1243.48,-521.581
-1224.0,-540.0,-128.68,6.67204e-07,88.6395,-150.922,95.4926,-24.0836,-1362.45,-616.784,-1305.51,-585.324
-1222.0,-540.0,-127.549,6.7303e-07,88.8011,-151.213,95.4445,-23.822,-1362.03,-616.766,-1303.56,-584.815
-1220.0,-540.0,-110.005,7.08527e-07,86.7521,-147.348,93.2479,32.9025,-1384.28,-589.829,-1338.24,-615.768
-1218.0,-540.0,-109.894,7.14115e-07,86.8228,-147.638,93.1772,32.6132,-1384.1,-589.823,-1337.53,-615.748
-1216.0,-540.0,-109.835,7.19721e-07,86.8925,-147.922,93.1075,32.3284,-1383.91,-589.818,-1336.83,-615.728
-1214.0,-540.0,-109.816,7.25346e-07,86.9611,-148.203,93.0389,32.048,-1383.73,-589.812,-1336.12,-615.708
-1212.0,-540.0,-109.828,7.30989e-07,87.0288,-148.479,92.9712,31.772,-1383.54,-589.806,-1335.41,-615.688
-1210.0,-540.0,-109.867,7.3665e-07,87.0956,-148.75,92.9044,31.5003,-1383.36,-589.801,-1334.7,-615.668
-1208.0,-540.0,-109.931,7.42327e-07,87.1613,-149.018,92.8387,31.2328,-1383.17,-589.795,-1333.99,-615.648
-1206.0,-540.0,-110.016,7.48022e-07,87.2262,-149.281,92.7738,30.9693,-1382.99,-589.789,-1333.28,-615.627
-1204.0,-540.0,-110.124,7.53734e-07,87.2901,-149.541,92.7099,30.7099,-1382.8,-589.784,-1332.57,-615.607
-1202.0,-540.0,-110.255,7.59461e-07,87.3531,-149.796,92.6469,30.4544,-1382.61,-589.778,-1331.85,-615.587
-1600.0,-538.0,-213.306,1.29454e-06,90.1038,166.919,89.8962,89.7952,-1399.67,-508.767,-1646.13,-527.28
-1598.0,-538.0,-213.419,1.30104e-06,90.0908,167.005,89.9092,89.7952,-1399.67,-508.767,-1646.12,-526.894
-1596.0,-538.0,-213.533,1.30754e-06,90.078,167.091,89.922,89.7952,-1399.67,-508.767,-1646.12,-526.513
-1594.0,-538.0,0.0,0.0,0.0,0.0,0.0,0.0,0.0,0.0,0.0,0.0
-1592.0,-538.0,0.0,0.0,0.0,0.0,0.0,0.0,0.0,0.0,0.0,0.0
-1590.0,-538.0,0.0,0.0,0.0,0.0,0.0,0.0,0.0,0.0,0.0,0.0
-1588.0,-538.0,0.0,0.0,0.0,0.0,0.0,0.0,0.0,0.0,0.0,0.0
-1586.0,-538.0,0.0,0.0,0.0,0.0,0.0,0.0,0.0,0.0,0.0,0.0
-1584.0,-538.0,0.0,0.0,0.0,0.0,0.0,0.0,0.0,0.0,0.0,0.0
-1582.0,-538.0,0.0,0.0,0.0,0.0,0.0,0.0,0.0,0.0,0.0,0.0
-1580.0,-538.0,0.0,0.0,0.0,0.0,0.0,0.0,0.0,0.0,0.0,0.0
-1578.0,-538.0,0.0,0.0,0.0,0.0,0.0,0.0,0.0,0.0,0.0,0.0
-1576.0,-538.0,0.0,0.0,0.0,0.0,0.0,0.0,0.0,0.0,0.0,0.0
-1574.0,-538.0,0.0,0.0,0.0,0.0,0.0,0.0,0.0,0.0,0.0,0.0
-1572.0,-538.0,0.0,0.0,0.0,0.0,0.0,0.0,0.0,0.0,0.0,0.0
-1570.0,-538.0,0.0,0.0,0.0,0.0,0.0,0.0,0.0,0.0,0.0,0.0
-1568.0,-538.0,0.0,0.0,0.0,0.0,0.0,0.0,0.0,0.0,0.0,0.0
-1566.0,-538.0,0.0,0.0,0.0,0.0,0.0,0.0,0.0,0.0,0.0,0.0
-1564.0,-538.0,0.0,0.0,0.0,0.0,0.0,0.0,0.0,0.0,0.0,0.0
-1562.0,-538.0,0.0,0.0,0.0,0.0,0.0,0.0,0.0,0.0,0.0,0.0
-1560.0,-538.0,-151.895,5.80557e-07,88.6712,-29.6651,91.3288,169.301,-1476.53,-585.541,-1476.53,-585.541
-1558.0,-538.0,-152.042,5.74791e-07,88.6017,-30.2664,91.3983,169.301,-1476.53,-585.541,-1476.53,-585.541
-1556.0,-538.0,-152.267,5.69061e-07,88.5308,-30.8901,91.4692,169.301,-1476.53,-585.541,-1476.53,-585.541
-1554.0,-538.0,-152.592,5.63371e-07,88.4587,-31.5374,91.5413,169.301,-1476.53,-585.541,-1476.53,-585.541
-1552.0,-538.0,-152.956,5.57721e-07,88.3851,-32.2094,91.6149,169.301,-1476.53,-585.541,-1476.53,-585.541
-1550.0,-538.0,-153.303,5.52115e-07,88.3102,-32.9074,91.6898,169.301,-1476.53,-585.541,-1476.53,-585.541
-1548.0,-538.0,-153.622,5.46554e-07,88.2339,-33.6328,91.7661,169.301,-1476.53,-585.541,-1476.53,-585.541
-1546.0,-538.0,-153.916,5.41043e-07,88.1562,-34.3868,91.8438,169.301,-1476.53,-585.541,-1476.53,-585.541
-1544.0,-538.0,-154.184,5.35567e-07,88.1288,-35.1709,91.8712,169.301,-1476.53,-585.541,-1476.53,-585.541
-1542.0,-538.0,-154.417,5.30142e-07,88.1097,-35.9868,91.8903,169.301,-1476.53,-585.541,-1476.53,-585.541
-1540.0,-538.0,-154.586,5.24774e-07,88.0903,-36.836,91.9097,169.301,-1476.53,-585.541,-1476.53,-585.541
-1538.0,-538.0,-154.64,5.19467e-07,88.0708,-37.7201,91.9292,169.301,-1476.53,-585.541,-1476.53,-585.541
-1536.0,-538.0,-154.663,5.14217e-07,88.0738,-38.641,91.9262,169.301,-1476.53,-585.541,-1476.53,-585.541
-1534.0,-538.0,-155.085,5.09033e-07,88.0859,-39.6005,91.9141,169.301,-1476.53,-585.541,-1476.53,-585.541
-1532.0,-538.0,-155.704,5.03922e-07,88.0985,-40.6004,91.9015,169.301,-1476.53,-585.541,-1476.53,-585.541
-1530.0,-538.0,-156.2,4.98888e-07,88.1117,-41.6428,91.8883,169.301,-1476.53,-585.541,-1476.53,-585.541
-1528.0,-538.0,-156.584,4.93942e-07,88.1062,-42.7297,91.8938,169.301,-1476.53,-585.541,-1476.53,-585.541
-1526.0,-538.0,-156.863,4.89087e-07,88.0874,-43.8631,91.9126,169.301,-1476.53,-585.541,-1476.53,-585.541
-1524.0,-538.0,-156.936,4.84326e-07,88.0686,-45.0451,91.9314,169.301,-1476.53,-585.541,-1476.53,-585.541
-1522.0,-538.0,-156.695,4.79664e-07,88.0498,-46.278,91.9502,169.301,-1476.53,-585.541,-1476.53,-585.541
-1520.0,-538.0,-148.673,7.56499e-07,88.7636,39.3392,91.2364,136.96,-1425.45,-576.237,-1471.76,-498.463
-1518.0,-538.0,-147.729,7.51357e-07,88.7551,39.8237,91.2449,136.96,-1425.45,-576.237,-1470.51,-498.396
-1516.0,-538.0,-146.957,7.46251e-07,88.7466,40.3183,91.2534,136.96,-1425.45,-576.237,-1469.25,-498.329
-1514.0,-538.0,-146.309,7.41183e-07,88.738,40.8231,91.262,136.96,-1425.45,-576.237,-1468.0,-498.263
-1512.0,-538.0,-145.777,7.36154e-07,88.7294,41.3384,91.2706,136.96,-1425.45,-576.237,-1466.75,-498.197
-1510.0,-538.0,-145.394,7.31165e-07,88.7207,41.8645,91.2793,136.96,-1425.45,-576.237,-1465.51,-498.13
-1508.0,-538.0,-145.259,7.26217e-07,88.712,42.4016,91.288,136.96,-1425.45,-576.237,-1464.27,-498.064
-1506.0,-538.0,-145.61,7.21312e-07,88.7033,42.95,91.2967,136.96,-1425.45,-576.237,-1463.03,-497.999
-1504.0,-538.0,-146.986,7.16451e-07,88.6944,43.5099,91.3056,136.96,-1425.45,-576.237,-1461.79,-497.933
-1502.0,-538.0,-150.237,7.11635e-07,88.6856,44.0815,91.3144,136.96,-1425.45,-576.237,-1460.56,-497.867
-1500.0,-538.0,-158.678,5.92996e-07,88.4226,46.8654,91.5774,111.97,-1429.78,-526.194,-1462.5,-497.97
-1498.0,-538.0,-157.662,5.88472e-07,88.4104,47.7301,91.5896,111.97,-1429.78,-526.194,-1461.57,-497.921
-1496.0,-538.0,-157.118,5.84023e-07,88.3983,48.6192,91.6017,111.97,-1429.78,-526.194,-1460.65,-497.872
-1494.0,-538.0,-156.731,5.79653e-07,88.3862,49.5333,91.6138,111.97,-1429.78,-526.194,-1459.73,-497.823
-1492.0,-538.0,-165.382,1.87859e-06,89.5021,-68.4274,90.4979,-124.304,-1548.93,-818.293,-1476.74,-576.586
-1490.0,-538.0,-165.442,1.87616e-06,89.5015,-68.8001,90.4985,-124.304,-1548.93,-818.293,-1476.85,-571.892
-1488.0,-538.0,-165.511,1.87376e-06,89.5008,-69.1748,90.4992,-124.304,-1548.93,-818.293,-1476.97,-567.001
-1486.0,-538.0,-165.587,1.87141e-06,89.5002,-69.5513,90.4998,-124.304,-1548.93,-818.293,-1477.09,-561.899
-1484.0,-538.0,-165.671,1.8691e-06,89.4996,-69.9297,90.5004,-124.304,-1548.93,-818.293,-1477.21,-556.574
-1482.0,-538.0,-165.648,1.8581e-06,89.4966,-105.315,90.5034,-124.304,-1548.93,-818.293,-1556.08,-808.509
-1480.0,-538.0,-165.567,1.85989e-06,89.4971,-105.708,90.5029,-124.304,-1548.93,-818.293,-1556.08,-808.509
-1478.0,-538.0,-165.485,1.86171e-06,89.4976,-106.1,90.5024,-124.304,-1548.93,-818.293,-1556.08,-808.509
-1476.0,-538.0,0.0,0.0,0.0,0.0,0.0,0.0,0.0,0.0,0.0,0.0
-1474.0,-538.0,0.0,0.0,0.0,0.0,0.0,0.0,0.0,0.0,0.0,0.0
-1472.0,-538.0,0.0,0.0,0.0,0.0,0.0,0.0,0.0,0.0,0.0,0.0
-1470.0,-538.0,0.0,0.0,0.0,0.0,0.0,0.0,0.0,0.0,0.0,0.0
-1468.0,-538.0,0.0,0.0,0.0,0.0,0.0,0.0,0.0,0.0,0.0,0.0
-1466.0,-538.0,0.0,0.0,0.0,0.0,0.0,0.0,0.0,0.0,0.0,0.0
-1464.0,-538.0,0.0,0.0,0.0,0.0,0.0,0.0,0.0,0.0,0.0,0.0
-1462.0,-538.0,0.0,0.0,0.0,0.0,0.0,0.0,0.0,0.0,0.0,0.0
-1460.0,-538.0,0.0,0.0,0.0,0.0,0.0,0.0,0.0,0.0,0.0,0.0
-1458.0,-538.0,0.0,0.0,0.0,0.0,0.0,0.0,0.0,0.0,0.0,0.0
-1456.0,-538.0,0.0,0.0,0.0,0.0,0.0,0.0,0.0,0.0,0.0,0.0
-1454.0,-538.0,0.0,0.0,0.0,0.0,0.0,0.0,0.0,0.0,0.0,0.0
-1452.0,-538.0,0.0,0.0,0.0,0.0,0.0,0.0,0.0,0.0,0.0,0.0
-1450.0,-538.0,0.0,0.0,0.0,0.0,0.0,0.0,0.0,0.0,0.0,0.0
-1448.0,-538.0,0.0,0.0,0.0,0.0,0.0,0.0,0.0,0.0,0.0,0.0
-1446.0,-538.0,0.0,0.0,0.0,0.0,0.0,0.0,0.0,0.0,0.0,0.0
-1444.0,-538.0,0.0,0.0,0.0,0.0,0.0,0.0,0.0,0.0,0.0,0.0
-1442.0,-538.0,0.0,0.0,0.0,0.0,0.0,0.0,0.0,0.0,0.0,0.0
-1440.0,-538.0,0.0,0.0,0.0,0.0,0.0,0.0,0.0,0.0,0.0,0.0
-1438.0,-538.0,0.0,0.0,0.0,0.0,0.0,0.0,0.0,0.0,0.0,0.0
-1436.0,-538.0,0.0,0.0,0.0,0.0,0.0,0.0,0.0,0.0,0.0,0.0
-1434.0,-538.0,0.0,0.0,0.0,0.0,0.0,0.0,0.0,0.0,0.0,0.0
-1432.0,-538.0,0.0,0.0,0.0,0.0,0.0,0.0,0.0,0.0,0.0,0.0
-1430.0,-538.0,0.0,0.0,0.0,0.0,0.0,0.0,0.0,0.0,0.0,0.0
-1428.0,-538.0,-98.0966,2.28033e-07,84.5318,-65.6955,95.4682,114.305,-1428.0,-538.0,-1400.0,-600.0
-1426.0,-538.0,-97.9953,2.25391e-07,84.4415,-67.249,95.5585,112.751,-1426.0,-538.0,-1400.0,-600.0
-1424.0,-538.0,-97.8989,2.22907e-07,84.3794,-68.8387,95.6206,111.161,-1424.0,-538.0,-1400.0,-600.0
-1422.0,-538.0,-97.8084,2.20598e-07,84.3204,-70.4633,95.6796,109.537,-1422.0,-538.0,-1400.0,-600.0
-1420.0,-538.0,-97.724,2.18467e-07,84.2648,-72.1213,95.7352,107.879,-1420.0,-538.0,-1400.0,-600.0
-1418.0,-538.0,-97.6462,2.16522e-07,84.2131,-73.8108,95.7869,106.189,-1418.0,-538.0,-1400.0,-600.0
-1416.0,-538.0,-97.5755,2.14767e-07,84.1656,-75.5297,95.8344,104.47,-1416.0,-538.0,-1400.0,-600.0
-1414.0,-538.0,-97.512,2.13206e-07,84.1228,-77.2756,95.8772,102.724,-1414.0,-538.0,-1400.0,-600.0
-1412.0,-538.0,-97.4563,2.11844e-07,84.0849,-79.0459,95.9151,100.954,-1412.0,-538.0,-1400.0,-600.0
-1410.0,-538.0,-97.4086,2.10684e-07,84.0522,-80.8377,95.9478,99.1623,-1410.0,-538.0,-1400.0,-600.0
-1408.0,-538.0,-97.3692,2.09731e-07,84.0251,-82.6476,95.9749,97.3524,-1408.0,-538.0,-1400.0,-600.0
-1406.0,-538.0,-97.3383,2.08987e-07,84.0037,-84.4725,95.9963,95.5275,-1406.0,-538.0,-1400.0,-600.0
-1404.0,-538.0,-97.316,2.08453e-07,83.9883,-86.3086,96.0117,93.6914,-1404.0,-538.0,-1400.0,-600.0
-1402.0,-538.0,-97.3026,2.08132e-07,83.979,-88.1524,96.021,91.8476,-1402.0,-538.0,-1400.0,-600.0
-1400.0,-538.0,-97.2982,2.08025e-07,83.9759,-90.0,96.0241,90.0,-1400.0,-538.0,-1400.0,-600.0
-1398.0,-538.0,-97.3026,2.08132e-07,83.979,-91.8476,96.021,88.1524,-1398.0,-538.0,-1400.0,-600.0
-1396.0,-538.0,0.0,0.0,0.0,0.0,0.0,0.0,0.0,0.0,0.0,0.0
-1394.0,-538.0,0.0,0.0,0.0,0.0,0.0,0.0,0.0,0.0,0.0,0.0
-1392.0,-538.0,0.0,0.0,0.0,0.0,0.0,0.0,0.0,0.0,0.0,0.0
-1390.0,-538.0,0.0,0.0,0.0,0.0,0.0,0.0,0.0,0.0,0.0,0.0
-1388.0,-538.0,0.0,0.0,0.0,0.0,0.0,0.0,0.0,0.0,0.0,0.0
-1386.0,-538.0,0.0,0.0,0.0,0.0,0.0,0.0,0.0,0.0,0.0,0.0
-1384.0,-538.0,0.0,0.0,0.0,0.0,0.0,0.0,0.0,0.0,0.0,0.0
-1382.0,-538.0,0.0,0.0,0.0,0.0,0.0,0.0,0.0,0.0,0.0,0.0
-1380.0,-538.0,0.0,0.0,0.0,0.0,0.0,0.0,0.0,0.0,0.0,0.0
-1378.0,-538.0,0.0,0.0,0.0,0.0,0.0,0.0,0.0,0.0,0.0,0.0
-1376.0,-538.0,0.0,0.0,0.0,0.0,0.0,0.0,0.0,0.0,0.0,0.0
-1374.0,-538.0,0.0,0.0,0.0,0.0,0.0,0.0,0.0,0.0,0.0,0.0
-1372.0,-538.0,0.0,0.0,0.0,0.0,0.0,0.0,0.0,0.0,0.0,0.0
-1370.0,-538.0,0.0,0.0,0.0,0.0,0.0,0.0,0.0,0.0,0.0,0.0
-1368.0,-538.0,0.0,0.0,0.0,0.0,0.0,0.0,0.0,0.0,0.0,0.0
-1366.0,-538.0,0.0,0.0,0.0,0.0,0.0,0.0,0.0,0.0,0.0,0.0
-1364.0,-538.0,0.0,0.0,0.0,0.0,0.0,0.0,0.0,0.0,0.0,0.0
-1362.0,-538.0,0.0,0.0,0.0,0.0,0.0,0.0,0.0,0.0,0.0,0.0
-1360.0,-538.0,0.0,0.0,0.0,0.0,0.0,0.0,0.0,0.0,0.0,0.0
-1358.0,-538.0,0.0,0.0,0.0,0.0,0.0,0.0,0.0,0.0,0.0,0.0
-1356.0,-538.0,0.0,0.0,0.0,0.0,0.0,0.0,0.0,0.0,0.0,0.0
-1354.0,-538.0,0.0,0.0,0.0,0.0,0.0,0.0,0.0,0.0,0.0,0.0
-1352.0,-538.0,0.0,0.0,0.0,0.0,0.0,0.0,0.0,0.0,0.0,0.0
-1350.0,-538.0,0.0,0.0,0.0,0.0,0.0,0.0,0.0,0.0,0.0,0.0
-1348.0,-538.0,0.0,0.0,0.0,0.0,0.0,0.0,0.0,0.0,0.0,0.0
-1346.0,-538.0,0.0,0.0,0.0,0.0,0.0,0.0,0.0,0.0,0.0,0.0
-1344.0,-538.0,0.0,0.0,0.0,0.0,0.0,0.0,0.0,0.0,0.0,0.0
-1342.0,-538.0,0.0,0.0,0.0,0.0,0.0,0.0,0.0,0.0,0.0,0.0
-1340.0,-538.0,0.0,0.0,0.0,0.0,0.0,0.0,0.0,0.0,0.0,0.0
-1338.0,-538.0,-134.184,1.26269e-06,88.6781,-11.7346,91.3219,-14.6085,-1339.34,-615.81,-1329.2,-539.827
-1336.0,-538.0,-138.661,1.25621e-06,88.6455,-15.0486,91.3545,-14.6085,-1339.34,-615.81,-1329.2,-539.827
-1334.0,-538.0,-141.8,1.24987e-06,88.6128,-20.8568,91.3872,-14.6085,-1339.34,-615.81,-1329.2,-539.827
-1332.0,-538.0,-141.365,1.24309e-06,88.5793,-7.78823,91.4207,-15.5937,-1342.83,-615.957,-1186.78,-557.862
-1330.0,-538.0,-115.4,1.23634e-06,88.5454,-9.02758,91.4546,-14.8691,-1340.3,-615.85,-1186.51,-560.798
-1328.0,-538.0,-115.34,1.22977e-06,88.5114,-9.07638,91.4886,-14.9179,-1340.48,-615.858,-1186.53,-560.6
-1326.0,-538.0,-115.281,1.2232e-06,88.477,-9.12571,91.523,-14.9672,-1340.65,-615.865,-1186.55,-560.401
-1324.0,-538.0,-115.221,1.21663e-06,88.4422,-9.17557,91.5578,-15.0171,-1340.83,-615.873,-1186.56,-560.2
-1322.0,-538.0,-115.162,1.21006e-06,88.4071,-9.22598,91.5929,-15.0675,-1341.01,-615.88,-1186.58,-559.996
-1320.0,-538.0,-115.102,1.20349e-06,88.3715,-9.27694,91.6285,-15.1184,-1341.19,-615.888,-1186.6,-559.789
-1318.0,-538.0,-115.043,1.19692e-06,88.3356,-9.32846,91.6644,-15.17,-1341.37,-615.895,-1186.62,-559.581
-1316.0,-538.0,-114.984,1.19036e-06,88.2993,-9.38055,91.7007,-15.2221,-1341.56,-615.903,-1186.64,-559.37
-1314.0,-538.0,-114.925,1.18379e-06,88.2626,-9.43322,91.7374,-15.2747,-1341.74,-615.911,-1186.66,-559.157
-1312.0,-538.0,-114.866,1.17723e-06,88.2255,-9.48648,91.7745,-15.328,-1341.92,-615.919,-1186.68,-558.941
-1310.0,-538.0,-114.808,1.17067e-06,88.1879,-9.54033,91.8121,-15.3818,-1342.11,-615.926,-1186.7,-558.722
-1308.0,-538.0,-114.75,1.16411e-06,88.15,-9.5948,91.85,-15.4363,-1342.29,-615.934,-1186.72,-558.501
-1306.0,-538.0,-114.692,1.15755e-06,88.1116,-9.64989,91.8884,-15.4914,-1342.48,-615.942,-1186.74,-558.277
-1304.0,-538.0,-114.634,1.151e-06,88.0728,-9.70561,91.9272,-15.5471,-1342.67,-615.95,-1186.77,-558.051
-1302.0,-538.0,-121.1,1.14444e-06,88.0335,-9.7809,91.9665,-15.5937,-1342.83,-615.957,-1186.78,-557.862
-1300.0,-538.0,-124.035,1.13789e-06,87.9976,-9.95025,92.0024,-15.5937,-1342.83,-615.957,-1186.78,-557.862
-1298.0,-538.0,-126.756,1.13133e-06,87.9717,-10.1255,92.0283,-15.5937,-1342.83,-615.957,-1186.78,-557.862
-1296.0,-538.0,-129.153,1.12478e-06,87.9455,-10.307,92.0545,-15.5937,-1342.83,-615.957,-1186.78,-557.862
-1294.0,-538.0,-131.196,1.11823e-06,87.919,-10.495,92.081,-15.5937,-1342.83,-615.957,-1186.78,-557.862
-1292.0,-538.0,-132.912,1.11168e-06,87.8922,-10.69,92.1078,-15.5937,-1342.83,-615.957,-1186.78,-557.862
-1290.0,-538.0,-134.415,1.10514e-06,87.8651,-10.8922,92.1349,-15.5937,-1342.83,-615.957,-1186.78,-557.862
-1288.0,-538.0,-135.72,1.09861e-06,87.8377,-11.1021,92.1623,-15.5937,-1342.83,-615.957,-1186.78,-557.862
-1286.0,-538.0,-136.87,1.09208e-06,87.81,-11.3202,92.19,-15.5937,-1342.83,-615.957,-1186.78,-557.862
-1284.0,-538.0,-137.898,1.08555e-06,87.782,-11.5469,92.218,-15.5937,-1342.83,-615.957,-1186.78,-557.862
-1282.0,-538.0,-138.826,1.07903e-06,87.7536,-11.7827,92.2464,-15.5937,-1342.83,-615.957,-1186.78,-557.862
-1280.0,-538.0,-116.56,1.09512e-06,87.7718,-13.3134,92.2282,24.2323,-1376.9,-589.603,-1186.57,-560.108
-1278.0,-538.0,-116.663,1.08864e-06,87.7437,-13.3943,92.2563,24.3133,-1376.99,-589.606,-1186.61,-559.764
-1276.0,-538.0,-116.779,1.08216e-06,87.7216,-13.4762,92.2784,24.3952,-1377.09,-589.609,-1186.64,-559.415
-1274.0,-538.0,-116.909,1.07568e-06,87.7078,-13.5591,92.2922,24.4781,-1377.18,-589.612,-1186.67,-559.061
-1272.0,-538.0,-117.055,1.0692e-06,87.6939,-13.643,92.3061,24.562,-1377.28,-589.615,-1186.7,-558.703
-1270.0,-538.0,-117.22,1.06272e-06,87.6799,-13.728,92.3201,24.6469,-1377.37,-589.618,-1186.74,-558.34
-1268.0,-538.0,-117.405,1.05624e-06,87.6656,-13.8139,92.3344,24.7329,-1377.47,-589.62,-1186.77,-557.972
-1266.0,-538.0,-139.553,7.2322e-07,86.8833,-128.382,93.8942,54.2009,-1392.85,-590.091,-1327.35,-615.459
-1264.0,-538.0,-121.361,1.11394e-06,87.7866,20.9959,92.2134,-23.2347,-1361.04,-616.724,-1201.53,-514.023
-1262.0,-538.0,-120.594,1.10771e-06,87.7741,21.1197,92.2259,-23.3585,-1361.25,-616.733,-1199.88,-514.005
-1260.0,-538.0,-121.16,6.87022e-07,86.3925,-131.777,93.6075,-43.396,-1381.4,-617.583,-1329.25,-615.513
-1258.0,-538.0,-122.278,6.91503e-07,86.3925,-132.375,93.6075,-43.396,-1381.4,-617.583,-1328.7,-615.497
-1256.0,-538.0,-128.374,6.96035e-07,86.3928,-132.962,93.6072,-43.396,-1381.4,-617.583,-1328.16,-615.482
-1254.0,-538.0,-132.43,7.00617e-07,86.3934,-133.538,93.6066,-43.396,-1381.4,-617.583,-1327.61,-615.466
-1252.0,-538.0,-135.512,7.05226e-07,86.4204,-134.104,93.5796,-43.396,-1381.4,-617.583,-1327.06,-615.451
-1250.0,-538.0,-132.356,6.31774e-07,87.6272,-141.24,95.1038,37.298,-1386.75,-589.904,-1310.87,-586.871
-1248.0,-538.0,-132.818,6.36977e-07,87.78,-141.626,95.0605,36.9287,-1386.56,-589.899,-1307.01,-584.726
-1246.0,-538.0,-133.808,6.42208e-07,87.9305,-142.006,95.0177,36.5659,-1386.37,-589.893,-1303.95,-583.267
-1244.0,-538.0,-134.623,7.70886e-07,87.0775,-132.668,93.6559,49.9134,-1391.63,-590.054,-1315.08,-615.11
-1242.0,-538.0,-131.575,6.52559e-07,86.2198,-142.571,93.7802,35.7331,-1385.93,-589.879,-1306.24,-587.164
-1240.0,-538.0,-120.797,6.57871e-07,86.2504,-143.142,93.7496,35.5359,-1385.83,-589.876,-1344.06,-616.008
-1238.0,-538.0,-120.274,6.63212e-07,86.2806,-143.489,93.7194,35.1893,-1385.63,-589.87,-1343.34,-615.978
-1236.0,-538.0,-118.087,6.68576e-07,86.3105,-143.83,93.6895,34.8483,-1385.44,-589.864,-1342.62,-615.948
-1234.0,-538.0,-115.458,6.73964e-07,86.34,-144.165,93.66,34.5128,-1385.25,-589.859,-1341.9,-615.917
-1232.0,-538.0,-113.46,6.79374e-07,86.3692,-144.495,93.6308,34.1827,-1385.06,-589.853,-1341.17,-615.887
-1230.0,-538.0,-112.13,6.84807e-07,86.398,-144.82,93.602,33.8577,-1384.87,-589.847,-1340.45,-615.857
-1228.0,-538.0,-111.268,6.90236e-07,86.4606,-145.14,93.5394,33.538,-1384.67,-589.841,-1339.73,-615.826
-1226.0,-538.0,-110.707,6.95678e-07,86.5348,-145.455,93.4652,33.2232,-1384.48,-589.835,-1339.0,-615.795
-1224.0,-538.0,-129.368,6.70477e-07,88.5466,-150.413,95.5818,-24.5699,-1363.22,-616.816,-1309.72,-586.669
-1222.0,-538.0,-128.357,6.76274e-07,88.704,-150.705,95.5332,-24.3048,-1362.8,-616.799,-1307.56,-586.002
-1220.0,-538.0,-127.115,6.82089e-07,88.8588,-150.994,95.4855,-24.0448,-1362.39,-616.781,-1305.58,-585.452
-1218.0,-538.0,-122.046,7.18466e-07,99.7526,-146.234,93.704,33.0253,-1384.36,-589.831,-1224.95,-542.644
-1216.0,-538.0,-110.102,7.23294e-07,86.8907,-147.474,93.1093,32.777,-1384.2,-589.826,-1337.94,-615.76
-1214.0,-538.0,-110.016,7.28891e-07,86.9589,-147.756,93.0411,32.4945,-1384.02,-589.821,-1337.24,-615.74
-1212.0,-538.0,-109.974,7.34506e-07,87.0262,-148.034,92.9738,32.2164,-1383.84,-589.815,-1336.54,-615.72
-1210.0,-538.0,-109.968,7.4014e-07,87.0925,-148.308,92.9075,31.9426,-1383.66,-589.81,-1335.85,-615.7
-1208.0,-538.0,-109.99,7.45791e-07,87.1579,-148.578,92.8421,31.6729,-1383.47,-589.804,-1335.15,-615.681
-1206.0,-538.0,-110.037,7.5146e-07,87.2224,-148.844,92.7776,31.4073,-1383.29,-589.799,-1334.45,-615.661
-1204.0,-538.0,-110.106,7.57145e-07,87.2859,-149.105,92.7141,31.1457,-1383.11,-589.793,-1333.75,-615.641
-1202.0,-538.0,-110.197,7.62846e-07,87.3486,-149.363,92.6514,30.8881,-1382.93,-589.788,-1333.06,-615.621
-1600.0,-536.0,-213.581,1.29305e-06,90.0657,167.295,89.9343,89.7952,-1399.67,-508.767,-1646.1,-525.607
-1598.0,-536.0,-213.7,1.29956e-06,90.0529,167.38,89.9471,89.7952,-1399.67,-508.767,-1646.09,-525.232
-1596.0,-536.0,-171.709,1.29816e-06,90.0405,169.035,89.9595,82.1554,-1396.76,-576.497,-1646.11,-526.291
-1594.0,-536.0,0.0,0.0,0.0,0.0,0.0,0.0,0.0,0.0,0.0,0.0
-1592.0,-536.0,0.0,0.0,0.0,0.0,0.0,0.0,0.0,0.0,0.0,0.0
-1590.0,-536.0,0.0,0.0,0.0,0.0,0.0,0.0,0.0,0.0,0.0,0.0
-1588.0,-536.0,0.0,0.0,0.0,0.0,0.0,0.0,0.0,0.0,0.0,0.0
-1586.0,-536.0,0.0,0.0,0.0,0.0,0.0,0.0,0.0,0.0,0.0,0.0
-1584.0,-536.0,0.0,0.0,0.0,0.0,0.0,0.0,0.0,0.0,0.0,0.0
-1582.0,-536.0,0.0,0.0,0.0,0.0,0.0,0.0,0.0,0.0,0.0,0.0
-1580.0,-536.0,0.0,0.0,0.0,0.0,0.0,0.0,0.0,0.0,0.0,0.0
-1578.0,-536.0,0.0,0.0,0.0,0.0,0.0,0.0,0.0,0.0,0.0,0.0
-1576.0,-536.0,0.0,0.0,0.0,0.0,0.0,0.0,0.0,0.0,0.0,0.0
-1574.0,-536.0,0.0,0.0,0.0,0.0,0.0,0.0,0.0,0.0,0.0,0.0
-1572.0,-536.0,0.0,0.0,0.0,0.0,0.0,0.0,0.0,0.0,0.0,0.0
-1570.0,-536.0,0.0,0.0,0.0,0.0,0.0,0.0,0.0,0.0,0.0,0.0
-1568.0,-536.0,0.0,0.0,0.0,0.0,0.0,0.0,0.0,0.0,0.0,0.0
-1566.0,-536.0,0.0,0.0,0.0,0.0,0.0,0.0,0.0,0.0,0.0,0.0
-1564.0,-536.0,0.0,0.0,0.0,0.0,0.0,0.0,0.0,0.0,0.0,0.0
-1562.0,-536.0,0.0,0.0,0.0,0.0,0.0,0.0,0.0,0.0,0.0,0.0
-1560.0,-536.0,-152.462,5.83932e-07,88.5942,-30.691,91.4058,169.301,-1476.53,-585.541,-1476.53,-585.541
-1558.0,-536.0,-152.745,5.78227e-07,88.5244,-31.3045,91.4756,169.301,-1476.53,-585.541,-1476.53,-585.541
-1556.0,-536.0,-153.088,5.72561e-07,88.4534,-31.9403,91.5466,169.301,-1476.53,-585.541,-1476.53,-585.541
-1554.0,-536.0,-153.43,5.66936e-07,88.3811,-32.5996,91.6189,169.301,-1476.53,-585.541,-1476.53,-585.541
-1552.0,-536.0,-153.748,5.61354e-07,88.3075,-33.2835,91.6925,169.301,-1476.53,-585.541,-1476.53,-585.541
-1550.0,-536.0,-154.041,5.55818e-07,88.2325,-33.9932,91.7675,169.301,-1476.53,-585.541,-1476.53,-585.541
-1548.0,-536.0,-154.31,5.50329e-07,88.1561,-34.73,91.8439,169.301,-1476.53,-585.541,-1476.53,-585.541
-1546.0,-536.0,-154.555,5.4488e-07,88.1154,-35.4952,91.8846,169.301,-1476.53,-585.541,-1476.53,-585.541
-1544.0,-536.0,-154.759,5.39476e-07,88.0965,-36.2901,91.9035,169.301,-1476.53,-585.541,-1476.53,-585.541
-1542.0,-536.0,-154.888,5.34129e-07,88.0774,-37.1163,91.9226,169.301,-1476.53,-585.541,-1476.53,-585.541
-1540.0,-536.0,-154.905,5.28841e-07,88.0582,-37.9752,91.9418,169.301,-1476.53,-585.541,-1476.53,-585.541
-1538.0,-536.0,-154.986,5.23615e-07,88.0388,-38.8684,91.9612,169.301,-1476.53,-585.541,-1476.53,-585.541
-1536.0,-536.0,-155.48,5.18449e-07,88.0418,-39.7975,91.9582,169.301,-1476.53,-585.541,-1476.53,-585.541
-1534.0,-536.0,-156.06,5.13351e-07,88.0538,-40.7643,91.9462,169.301,-1476.53,-585.541,-1476.53,-585.541
-1532.0,-536.0,-156.517,5.08328e-07,88.0663,-41.7704,91.9337,169.301,-1476.53,-585.541,-1476.53,-585.541
-1530.0,-536.0,-156.876,5.03385e-07,88.0794,-42.8177,91.9206,169.301,-1476.53,-585.541,-1476.53,-585.541
-1528.0,-536.0,-157.135,4.98527e-07,88.093,-43.9081,91.907,169.301,-1476.53,-585.541,-1476.53,-585.541
-1526.0,-536.0,-157.2,4.93766e-07,88.0805,-45.0433,91.9195,169.301,-1476.53,-585.541,-1476.53,-585.541
-1524.0,-536.0,-156.963,4.89102e-07,88.0622,-46.2253,91.9378,169.301,-1476.53,-585.541,-1476.53,-585.541
-1522.0,-536.0,-157.479,4.84539e-07,88.0439,-47.4559,91.9561,169.301,-1476.53,-585.541,-1476.53,-585.541
-1520.0,-536.0,-158.423,4.80084e-07,88.0257,-48.737,91.9743,169.301,-1476.53,-585.541,-1476.53,-585.541
-1518.0,-536.0,-148.765,7.47115e-07,88.7315,39.2316,91.2685,136.96,-1425.45,-576.237,-1472.05,-498.478
-1516.0,-536.0,-147.752,7.41965e-07,88.7227,39.7243,91.2773,136.96,-1425.45,-576.237,-1470.76,-498.41
-1514.0,-536.0,-146.935,7.36852e-07,88.7138,40.2274,91.2862,136.96,-1425.45,-576.237,-1469.48,-498.342
-1512.0,-536.0,-146.254,7.31778e-07,88.7049,40.7412,91.2951,136.96,-1425.45,-576.237,-1468.2,-498.274
-1510.0,-536.0,-145.693,7.26743e-07,88.6959,41.2658,91.3041,136.96,-1425.45,-576.237,-1466.93,-498.206
-1508.0,-536.0,-145.278,7.21749e-07,88.6869,41.8017,91.3131,136.96,-1425.45,-576.237,-1465.66,-498.138
-1506.0,-536.0,-145.105,7.16797e-07,88.6778,42.349,91.3222,136.96,-1425.45,-576.237,-1464.39,-498.071
-1504.0,-536.0,-145.408,7.11888e-07,88.6687,42.908,91.3313,136.96,-1425.45,-576.237,-1463.12,-498.004
-1502.0,-536.0,-146.721,7.07024e-07,88.6595,43.479,91.3405,136.96,-1425.45,-576.237,-1461.86,-497.937
-1500.0,-536.0,-160.197,7.07893e-07,88.6612,32.7681,91.3388,99.908,-1420.16,-484.607,-1420.16,-484.607
-1498.0,-536.0,-158.389,5.83573e-07,88.3759,46.9208,91.6241,111.97,-1429.78,-526.194,-1462.44,-497.967
-1496.0,-536.0,-157.411,5.79055e-07,88.3632,47.8123,91.6368,111.97,-1429.78,-526.194,-1461.48,-497.916
-1494.0,-536.0,-156.872,5.74615e-07,88.3506,48.7298,91.6494,111.97,-1429.78,-526.194,-1460.53,-497.866
-1492.0,-536.0,-156.501,5.70256e-07,88.3379,49.6737,91.6621,111.97,-1429.78,-526.194,-1459.59,-497.816
-1490.0,-536.0,-165.517,1.88238e-06,89.4966,-68.9441,90.5034,-124.304,-1548.93,-818.293,-1476.9,-570.033
-1488.0,-536.0,-165.588,1.88e-06,89.4959,-69.3167,90.5041,-124.304,-1548.93,-818.293,-1477.01,-565.1
-1486.0,-536.0,-165.667,1.87767e-06,89.4953,-69.6911,90.5047,-124.304,-1548.93,-818.293,-1477.13,-559.955
-1484.0,-536.0,-165.752,1.87537e-06,89.4947,-70.0674,90.5053,-124.304,-1548.93,-818.293,-1477.26,-554.585
-1482.0,-536.0,-165.718,1.86454e-06,89.4917,-105.208,90.5083,-124.304,-1548.93,-818.293,-1556.08,-808.509
-1480.0,-536.0,0.0,0.0,0.0,0.0,0.0,0.0,0.0,0.0,0.0,0.0
-1478.0,-536.0,0.0,0.0,0.0,0.0,0.0,0.0,0.0,0.0,0.0,0.0
-1476.0,-536.0,0.0,0.0,0.0,0.0,0.0,0.0,0.0,0.0,0.0,0.0
-1474.0,-536.0,0.0,0.0,0.0,0.0,0.0,0.0,0.0,0.0,0.0,0.0
-1472.0,-536.0,0.0,0.0,0.0,0.0,0.0,0.0,0.0,0.0,0.0,0.0
-1470.0,-536.0,0.0,0.0,0.0,0.0,0.0,0.0,0.0,0.0,0.0,0.0
-1468.0,-536.0,0.0,0.0,0.0,0.0,0.0,0.0,0.0,0.0,0.0,0.0
-1466.0,-536.0,0.0,0.0,0.0,0.0,0.0,0.0,0.0,0.0,0.0,0.0
-1464.0,-536.0,0.0,0.0,0.0,0.0,0.0,0.0,0.0,0.0,0.0,0.0
-1462.0,-536.0,0.0,0.0,0.0,0.0,0.0,0.0,0.0,0.0,0.0,0.0
-1460.0,-536.0,0.0,0.0,0.0,0.0,0.0,0.0,0.0,0.0,0.0,0.0
-1458.0,-536.0,0.0,0.0,0.0,0.0,0.0,0.0,0.0,0.0,0.0,0.0
-1456.0,-536.0,0.0,0.0,0.0,0.0,0.0,0.0,0.0,0.0,0.0,0.0
-1454.0,-536.0,0.0,0.0,0.0,0.0,0.0,0.0,0.0,0.0,0.0,0.0
-1452.0,-536.0,0.0,0.0,0.0,0.0,0.0,0.0,0.0,0.0,0.0,0.0
-1450.0,-536.0,0.0,0.0,0.0,0.0,0.0,0.0,0.0,0.0,0.0,0.0
-1448.0,-536.0,0.0,0.0,0.0,0.0,0.0,0.0,0.0,0.0,0.0,0.0
-1446.0,-536.0,0.0,0.0,0.0,0.0,0.0,0.0,0.0,0.0,0.0,0.0
-1444.0,-536.0,0.0,0.0,0.0,0.0,0.0,0.0,0.0,0.0,0.0,0.0
-1442.0,-536.0,0.0,0.0,0.0,0.0,0.0,0.0,0.0,0.0,0.0,0.0
-1440.0,-536.0,0.0,0.0,0.0,0.0,0.0,0.0,0.0,0.0,0.0,0.0
-1438.0,-536.0,0.0,0.0,0.0,0.0,0.0,0.0,0.0,0.0,0.0,0.0
-1436.0,-536.0,0.0,0.0,0.0,0.0,0.0,0.0,0.0,0.0,0.0,0.0
-1434.0,-536.0,0.0,0.0,0.0,0.0,0.0,0.0,0.0,0.0,0.0,0.0
-1432.0,-536.0,0.0,0.0,0.0,0.0,0.0,0.0,0.0,0.0,0.0,0.0
-1430.0,-536.0,0.0,0.0,0.0,0.0,0.0,0.0,0.0,0.0,0.0,0.0
-1428.0,-536.0,-98.3254,2.34113e-07,84.6492,-66.3706,95.3508,113.629,-1428.0,-536.0,-1400.0,-600.0
-1426.0,-536.0,-98.229,2.31531e-07,84.5894,-67.8906,95.4106,112.109,-1426.0,-536.0,-1400.0,-600.0
-1424.0,-536.0,-98.1377,2.29114e-07,84.5321,-69.444,95.4679,110.556,-1424.0,-536.0,-1400.0,-600.0
-1422.0,-536.0,-98.0521,2.26868e-07,84.4778,-71.0296,95.5222,108.97,-1422.0,-536.0,-1400.0,-600.0
-1420.0,-536.0,-97.9723,2.24797e-07,84.4268,-72.646,95.5732,107.354,-1420.0,-536.0,-1400.0,-600.0
-1418.0,-536.0,-97.8989,2.22907e-07,84.3794,-74.2914,95.6206,105.709,-1418.0,-536.0,-1400.0,-600.0
-1416.0,-536.0,-97.8322,2.21202e-07,84.3359,-75.9638,95.6641,104.036,-1416.0,-536.0,-1400.0,-600.0
-1414.0,-536.0,-97.7724,2.19687e-07,84.2968,-77.6609,95.7032,102.339,-1414.0,-536.0,-1400.0,-600.0
-1412.0,-536.0,-97.7199,2.18366e-07,84.2621,-79.3803,95.7379,100.62,-1412.0,-536.0,-1400.0,-600.0
-1410.0,-536.0,-97.6751,2.17241e-07,84.2323,-81.1193,95.7677,98.8807,-1410.0,-536.0,-1400.0,-600.0
-1408.0,-536.0,-97.638,2.16316e-07,84.2076,-82.875,95.7924,97.125,-1408.0,-536.0,-1400.0,-600.0
-1406.0,-536.0,-97.6089,2.15595e-07,84.1881,-84.6442,95.8119,95.3558,-1406.0,-536.0,-1400.0,-600.0
-1404.0,-536.0,-97.588,2.15078e-07,84.1741,-86.4237,95.8259,93.5763,-1404.0,-536.0,-1400.0,-600.0
-1402.0,-536.0,-97.5755,2.14767e-07,84.1656,-88.2101,95.8344,91.7899,-1402.0,-536.0,-1400.0,-600.0
-1400.0,-536.0,-97.5713,2.14663e-07,84.1628,-90.0,95.8372,90.0,-1400.0,-536.0,-1400.0,-600.0
-1398.0,-536.0,-97.5755,2.14767e-07,84.1656,-91.7899,95.8344,88.2101,-1398.0,-536.0,-1400.0,-600.0
-1396.0,-536.0,0.0,0.0,0.0,0.0,0.0,0.0,0.0,0.0,0.0,0.0
-1394.0,-536.0,0.0,0.0,0.0,0.0,0.0,0.0,0.0,0.0,0.0,0.0
-1392.0,-536.0,0.0,0.0,0.0,0.0,0.0,0.0,0.0,0.0,0.0,0.0
-1390.0,-536.0,0.0,0.0,0.0,0.0,0.0,0.0,0.0,0.0,0.0,0.0
-1388.0,-536.0,0.0,0.0,0.0,0.0,0.0,0.0,0.0,0.0,0.0,0.0
-1386.0,-536.0,0.0,0.0,0.0,0.0,0.0,0.0,0.0,0.0,0.0,0.0
-1384.0,-536.0,0.0,0.0,0.0,0.0,0.0,0.0,0.0,0.0,0.0,0.0
-1382.0,-536.0,0.0,0.0,0.0,0.0,0.0,0.0,0.0,0.0,0.0,0.0
-1380.0,-536.0,0.0,0.0,0.0,0.0,0.0,0.0,0.0,0.0,0.0,0.0
-1378.0,-536.0,0.0,0.0,0.0,0.0,0.0,0.0,0.0,0.0,0.0,0.0
-1376.0,-536.0,0.0,0.0,0.0,0.0,0.0,0.0,0.0,0.0,0.0,0.0
-1374.0,-536.0,0.0,0.0,0.0,0.0,0.0,0.0,0.0,0.0,0.0,0.0
-1372.0,-536.0,0.0,0.0,0.0,0.0,0.0,0.0,0.0,0.0,0.0,0.0
-1370.0,-536.0,0.0,0.0,0.0,0.0,0.0,0.0,0.0,0.0,0.0,0.0
-1368.0,-536.0,0.0,0.0,0.0,0.0,0.0,0.0,0.0,0.0,0.0,0.0
-1366.0,-536.0,0.0,0.0,0.0,0.0,0.0,0.0,0.0,0.0,0.0,0.0
-1364.0,-536.0,0.0,0.0,0.0,0.0,0.0,0.0,0.0,0.0,0.0,0.0
-1362.0,-536.0,0.0,0.0,0.0,0.0,0.0,0.0,0.0,0.0,0.0,0.0
-1360.0,-536.0,0.0,0.0,0.0,0.0,0.0,0.0,0.0,0.0,0.0,0.0
-1358.0,-536.0,0.0,0.0,0.0,0.0,0.0,0.0,0.0,0.0,0.0,0.0
-1356.0,-536.0,0.0,0.0,0.0,0.0,0.0,0.0,0.0,0.0,0.0,0.0
-1354.0,-536.0,0.0,0.0,0.0,0.0,0.0,0.0,0.0,0.0,0.0,0.0
-1352.0,-536.0,0.0,0.0,0.0,0.0,0.0,0.0,0.0,0.0,0.0,0.0
-1350.0,-536.0,0.0,0.0,0.0,0.0,0.0,0.0,0.0,0.0,0.0,0.0
-1348.0,-536.0,0.0,0.0,0.0,0.0,0.0,0.0,0.0,0.0,0.0,0.0
-1346.0,-536.0,0.0,0.0,0.0,0.0,0.0,0.0,0.0,0.0,0.0,0.0
-1344.0,-536.0,0.0,0.0,0.0,0.0,0.0,0.0,0.0,0.0,0.0,0.0
-1342.0,-536.0,0.0,0.0,0.0,0.0,0.0,0.0,0.0,0.0,0.0,0.0
-1340.0,-536.0,0.0,0.0,0.0,0.0,0.0,0.0,0.0,0.0,0.0,0.0
-1338.0,-536.0,-139.393,1.26381e-06,88.6695,-8.22642,91.3305,-15.5937,-1342.83,-615.957,-1186.78,-557.862
-1336.0,-536.0,-138.666,1.25722e-06,88.6368,-8.33514,91.3632,-15.5937,-1342.83,-615.957,-1186.78,-557.862
-1334.0,-536.0,-137.869,1.25063e-06,88.6038,-8.44675,91.3962,-15.5937,-1342.83,-615.957,-1186.78,-557.862
-1332.0,-536.0,-136.991,1.24405e-06,88.5704,-8.56137,91.4296,-15.5937,-1342.83,-615.957,-1186.78,-557.862
-1330.0,-536.0,-115.335,1.23741e-06,88.5367,-9.33285,91.4633,-15.1744,-1341.39,-615.896,-1186.62,-559.563
-1328.0,-536.0,-115.278,1.23084e-06,88.5026,-9.38325,91.4974,-15.2248,-1341.57,-615.903,-1186.64,-559.359
-1326.0,-536.0,-115.221,1.22428e-06,88.4682,-9.43418,91.5318,-15.2757,-1341.74,-615.911,-1186.66,-559.153
-1324.0,-536.0,-115.164,1.21771e-06,88.4335,-9.48567,91.5665,-15.3272,-1341.92,-615.918,-1186.68,-558.944
-1322.0,-536.0,-115.107,1.21115e-06,88.3983,-9.53772,91.6017,-15.3792,-1342.1,-615.926,-1186.7,-558.733
-1320.0,-536.0,-115.051,1.20459e-06,88.3628,-9.59034,91.6372,-15.4318,-1342.28,-615.934,-1186.72,-558.519
-1318.0,-536.0,-114.994,1.19803e-06,88.3268,-9.64353,91.6732,-15.485,-1342.46,-615.941,-1186.74,-558.303
-1316.0,-536.0,-114.938,1.19147e-06,88.2905,-9.69731,91.7095,-15.5388,-1342.64,-615.949,-1186.76,-558.085
-1314.0,-536.0,-114.882,1.18491e-06,88.2538,-9.75169,91.7462,-15.5932,-1342.82,-615.957,-1186.78,-557.864
-1312.0,-536.0,-123.621,1.17835e-06,88.2167,-9.90355,91.7833,-15.5937,-1342.83,-615.957,-1186.78,-557.862
-1310.0,-536.0,-126.233,1.1718e-06,88.1791,-10.061,91.8209,-15.5937,-1342.83,-615.957,-1186.78,-557.862
-1308.0,-536.0,-128.586,1.16526e-06,88.1412,-10.2236,91.8588,-15.5937,-1342.83,-615.957,-1186.78,-557.862
-1306.0,-536.0,-130.656,1.15871e-06,88.1028,-10.3914,91.8972,-15.5937,-1342.83,-615.957,-1186.78,-557.862
-1304.0,-536.0,-132.378,1.15217e-06,88.064,-10.5647,91.936,-15.5937,-1342.83,-615.957,-1186.78,-557.862
-1302.0,-536.0,-133.886,1.14564e-06,88.0248,-10.7439,91.9752,-15.5937,-1342.83,-615.957,-1186.78,-557.862
-1300.0,-536.0,-135.209,1.1391e-06,87.9888,-10.9291,92.0112,-15.5937,-1342.83,-615.957,-1186.78,-557.862
-1298.0,-536.0,-136.375,1.13257e-06,87.963,-11.1208,92.037,-15.5937,-1342.83,-615.957,-1186.78,-557.862
-1296.0,-536.0,-137.415,1.12604e-06,87.9368,-11.3192,92.0632,-15.5937,-1342.83,-615.957,-1186.78,-557.862
-1294.0,-536.0,-138.353,1.11951e-06,87.9104,-11.5248,92.0896,-15.5937,-1342.83,-615.957,-1186.78,-557.862
-1292.0,-536.0,-139.206,1.11299e-06,87.8836,-11.7378,92.1164,-15.5937,-1342.83,-615.957,-1186.78,-557.862
-1290.0,-536.0,-139.691,6.49818e-07,84.7021,-122.315,92.7201,55.0251,-1393.07,-590.098,-1313.77,-573.581
-1288.0,-536.0,-140.714,1.09996e-06,87.8291,-12.1881,92.1709,-15.5937,-1342.83,-615.957,-1186.78,-557.862
-1286.0,-536.0,-141.388,1.09346e-06,87.8015,-12.4262,92.1985,-15.5937,-1342.83,-615.957,-1186.78,-557.862
-1284.0,-536.0,-142.018,1.08696e-06,87.7734,-12.6737,92.2266,-15.5937,-1342.83,-615.957,-1186.78,-557.862
-1282.0,-536.0,-142.61,1.08047e-06,87.7451,-12.931,92.2549,-15.5937,-1342.83,-615.957,-1186.78,-557.862
-1280.0,-536.0,-117.295,1.09668e-06,87.7637,-13.6529,92.2363,24.5719,-1377.29,-589.615,-1186.71,-558.661
-1278.0,-536.0,-117.459,1.09021e-06,87.7356,-13.7357,92.2644,24.6547,-1377.38,-589.618,-1186.74,-558.307
-1276.0,-536.0,-117.642,1.08374e-06,87.7135,-13.8196,92.2865,24.7386,-1377.47,-589.621,-1186.77,-557.948
-1274.0,-536.0,-144.68,1.05456e-06,87.6502,-14.0719,92.3498,-15.5937,-1342.83,-615.957,-1186.78,-557.862
-1272.0,-536.0,-145.138,1.0481e-06,87.6357,-14.3886,92.3643,-15.5937,-1342.83,-615.957,-1186.78,-557.862
-1270.0,-536.0,-145.577,1.04164e-06,87.621,-14.7195,92.379,-15.5937,-1342.83,-615.957,-1186.78,-557.862
-1268.0,-536.0,-145.999,1.0352e-06,87.6062,-15.0657,92.3938,-15.5937,-1342.83,-615.957,-1186.78,-557.862
-1266.0,-536.0,-137.847,7.28467e-07,86.9002,-128.055,93.9114,54.5266,-1392.94,-590.094,-1328.22,-615.484
-1264.0,-536.0,-140.279,7.32594e-07,86.9178,-128.466,93.8896,54.1149,-1392.83,-590.09,-1327.12,-615.453
-1262.0,-536.0,-132.42,6.87655e-07,86.3833,-130.635,93.6167,-43.396,-1381.4,-617.583,-1330.26,-615.542
-1260.0,-536.0,-127.443,6.92037e-07,86.3829,-131.243,93.6171,-43.396,-1381.4,-617.583,-1329.73,-615.526
-1258.0,-536.0,-120.429,6.96472e-07,86.3827,-131.84,93.6173,-43.396,-1381.4,-617.583,-1329.19,-615.511
-1256.0,-536.0,-123.027,7.00958e-07,86.3828,-132.426,93.6172,-43.396,-1381.4,-617.583,-1328.66,-615.496
-1254.0,-536.0,-128.818,7.05493e-07,86.3832,-133.002,93.6168,-43.396,-1381.4,-617.583,-1328.12,-615.481
-1252.0,-536.0,-132.735,7.10057e-07,86.4099,-133.566,93.5901,-43.396,-1381.4,-617.583,-1327.59,-615.466
-1250.0,-536.0,-135.734,7.14653e-07,86.4556,-134.121,93.5444,-43.396,-1381.4,-617.583,-1327.05,-615.45
-1248.0,-536.0,-137.203,6.41155e-07,87.6698,-141.092,95.1097,37.3482,-1386.77,-589.905,-1311.56,-587.303
-1246.0,-536.0,-132.515,6.46351e-07,87.8123,-141.531,95.072,37.0263,-1386.61,-589.9,-1308.16,-585.388
-1244.0,-536.0,-133.286,6.51575e-07,87.9563,-141.906,95.0298,36.6679,-1386.43,-589.895,-1305.07,-583.877
-1242.0,-536.0,-134.879,7.80315e-07,87.1077,-132.696,93.6542,49.8843,-1391.62,-590.053,-1314.99,-615.108
-1240.0,-536.0,-134.734,6.61911e-07,86.2546,-142.316,93.7454,35.7331,-1385.93,-589.879,-1306.24,-587.164
-1238.0,-536.0,-120.768,6.67209e-07,86.2843,-143.027,93.7157,35.6509,-1385.89,-589.878,-1344.29,-616.018
-1236.0,-536.0,-120.792,6.72542e-07,86.3138,-143.37,93.6862,35.3083,-1385.7,-589.872,-1343.59,-615.989
-1234.0,-536.0,-119.184,6.77898e-07,86.343,-143.707,93.657,34.971,-1385.51,-589.867,-1342.88,-615.959
-1232.0,-536.0,-116.565,6.83277e-07,86.3718,-144.039,93.6282,34.6391,-1385.32,-589.861,-1342.17,-615.929
-1230.0,-536.0,-114.317,6.88679e-07,86.4003,-144.365,93.5997,34.3124,-1385.14,-589.855,-1341.46,-615.899
-1228.0,-536.0,-112.767,6.94078e-07,86.4623,-144.687,93.5377,33.9909,-1384.95,-589.849,-1340.75,-615.869
-1226.0,-536.0,-111.749,6.9949e-07,86.536,-145.004,93.464,33.6743,-1384.76,-589.843,-1340.04,-615.839
-1224.0,-536.0,-111.081,7.04923e-07,86.6086,-145.315,93.3914,33.3627,-1384.57,-589.838,-1339.32,-615.809
-1222.0,-536.0,-110.641,7.10379e-07,86.6801,-145.622,93.3199,33.0559,-1384.38,-589.832,-1338.61,-615.779
-1220.0,-536.0,-128.116,6.85354e-07,88.7656,-150.494,95.5727,-24.5201,-1363.14,-616.813,-1309.44,-586.614
-1218.0,-536.0,-126.791,6.91157e-07,88.9139,-150.78,95.5253,-24.2618,-1362.74,-616.796,-1307.45,-586.035
-1216.0,-536.0,-125.289,6.96979e-07,89.0598,-151.061,95.4788,-24.0084,-1362.33,-616.779,-1305.6,-585.544
-1214.0,-536.0,-110.324,7.32479e-07,86.9569,-147.314,93.0431,32.9366,-1384.3,-589.83,-1338.32,-615.771
-1212.0,-536.0,-110.208,7.38068e-07,87.0238,-147.594,92.9762,32.6565,-1384.12,-589.824,-1337.64,-615.751
-1210.0,-536.0,-110.143,7.43674e-07,87.0897,-147.87,92.9103,32.3806,-1383.94,-589.819,-1336.96,-615.732
-1208.0,-536.0,-110.116,7.49298e-07,87.1547,-148.142,92.8453,32.1089,-1383.77,-589.813,-1336.27,-615.712
-1206.0,-536.0,-110.121,7.5494e-07,87.2188,-148.41,92.7812,31.8412,-1383.59,-589.808,-1335.59,-615.693
-1204.0,-536.0,-110.152,7.60599e-07,87.282,-148.673,92.718,31.5776,-1383.41,-589.802,-1334.9,-615.673
-1202.0,-536.0,-110.205,7.66275e-07,87.3443,-148.933,92.6557,31.3179,-1383.23,-589.797,-1334.22,-615.654
-1600.0,-534.0,-171.854,1.28379e-06,90.0276,169.279,89.9724,82.1554,-1396.76,-576.497,-1646.09,-525.273
-1598.0,-534.0,-171.99,1.29035e-06,90.0149,169.354,89.9851,82.1554,-1396.76,-576.497,-1646.09,-524.961
-1596.0,-534.0,-172.125,1.29691e-06,90.0014,169.428,89.9986,82.1554,-1396.76,-576.497,-1646.08,-524.653
-1594.0,-534.0,0.0,0.0,0.0,0.0,0.0,0.0,0.0,0.0,0.0,0.0
-1592.0,-534.0,0.0,0.0,0.0,0.0,0.0,0.0,0.0,0.0,0.0,0.0
-1590.0,-534.0,0.0,0.0,0.0,0.0,0.0,0.0,0.0,0.0,0.0,0.0
-1588.0,-534.0,0.0,0.0,0.0,0.0,0.0,0.0,0.0,0.0,0.0,0.0
-1586.0,-534.0,0.0,0.0,0.0,0.0,0.0,0.0,0.0,0.0,0.0,0.0
-1584.0,-534.0,0.0,0.0,0.0,0.0,0.0,0.0,0.0,0.0,0.0,0.0
-1582.0,-534.0,0.0,0.0,0.0,0.0,0.0,0.0,0.0,0.0,0.0,0.0
-1580.0,-534.0,0.0,0.0,0.0,0.0,0.0,0.0,0.0,0.0,0.0,0.0
-1578.0,-534.0,0.0,0.0,0.0,0.0,0.0,0.0,0.0,0.0,0.0,0.0
-1576.0,-534.0,0.0,0.0,0.0,0.0,0.0,0.0,0.0,0.0,0.0,0.0
-1574.0,-534.0,0.0,0.0,0.0,0.0,0.0,0.0,0.0,0.0,0.0,0.0
-1572.0,-534.0,0.0,0.0,0.0,0.0,0.0,0.0,0.0,0.0,0.0,0.0
-1570.0,-534.0,0.0,0.0,0.0,0.0,0.0,0.0,0.0,0.0,0.0,0.0
-1568.0,-534.0,0.0,0.0,0.0,0.0,0.0,0.0,0.0,0.0,0.0,0.0
-1566.0,-534.0,0.0,0.0,0.0,0.0,0.0,0.0,0.0,0.0,0.0,0.0
-1564.0,-534.0,0.0,0.0,0.0,0.0,0.0,0.0,0.0,0.0,0.0,0.0
-1562.0,-534.0,0.0,0.0,0.0,0.0,0.0,0.0,0.0,0.0,0.0,0.0
-1560.0,-534.0,-153.221,5.87409e-07,88.5183,-31.6956,91.4817,169.301,-1476.53,-585.541,-1476.53,-585.541
-1558.0,-534.0,-153.555,5.81767e-07,88.4484,-32.3202,91.5516,169.301,-1476.53,-585.541,-1476.53,-585.541
-1556.0,-534.0,-153.871,5.76165e-07,88.3772,-32.967,91.6228,169.301,-1476.53,-585.541,-1476.53,-585.541
-1554.0,-534.0,-154.163,5.70606e-07,88.3048,-33.6372,91.6952,169.301,-1476.53,-585.541,-1476.53,-585.541
-1552.0,-534.0,-154.433,5.65092e-07,88.2311,-34.3318,91.7689,169.301,-1476.53,-585.541,-1476.53,-585.541
-1550.0,-534.0,-154.681,5.59625e-07,88.1561,-35.052,91.8439,169.301,-1476.53,-585.541,-1476.53,-585.541
-1548.0,-534.0,-154.902,5.54201e-07,88.1025,-35.7989,91.8975,169.301,-1476.53,-585.541,-1476.53,-585.541
-1546.0,-534.0,-155.077,5.48818e-07,88.0839,-36.5738,91.9161,169.301,-1476.53,-585.541,-1476.53,-585.541
-1544.0,-534.0,-155.166,5.4349e-07,88.0651,-37.3781,91.9349,169.301,-1476.53,-585.541,-1476.53,-585.541
-1542.0,-534.0,-155.161,5.38219e-07,88.0461,-38.2131,91.9539,169.301,-1476.53,-585.541,-1476.53,-585.541
-1540.0,-534.0,-155.325,5.3301e-07,88.027,-39.0801,91.973,169.301,-1476.53,-585.541,-1476.53,-585.541
-1538.0,-534.0,-155.858,5.27866e-07,88.0077,-39.9807,91.9923,169.301,-1476.53,-585.541,-1476.53,-585.541
-1536.0,-534.0,-156.397,5.22783e-07,88.0107,-40.9164,91.9893,169.301,-1476.53,-585.541,-1476.53,-585.541
-1534.0,-534.0,-156.82,5.17771e-07,88.0226,-41.8887,91.9774,169.301,-1476.53,-585.541,-1476.53,-585.541
-1532.0,-534.0,-157.156,5.12835e-07,88.035,-42.8992,91.965,169.301,-1476.53,-585.541,-1476.53,-585.541
-1530.0,-534.0,-157.397,5.07981e-07,88.048,-43.9497,91.952,169.301,-1476.53,-585.541,-1476.53,-585.541
-1528.0,-534.0,-157.454,5.03214e-07,88.0616,-45.0416,91.9384,169.301,-1476.53,-585.541,-1476.53,-585.541
-1526.0,-534.0,-157.224,4.98539e-07,88.074,-46.1768,91.926,169.301,-1476.53,-585.541,-1476.53,-585.541
-1524.0,-534.0,-157.65,4.9397e-07,88.0562,-47.3568,91.9438,169.301,-1476.53,-585.541,-1476.53,-585.541
-1522.0,-534.0,-158.583,4.89505e-07,88.0385,-48.5833,91.9615,169.301,-1476.53,-585.541,-1476.53,-585.541
-1520.0,-534.0,-158.915,7.1735e-07,88.6616,17.5092,91.3384,82.1554,-1396.76,-576.497,-1412.1,-499.96
-1518.0,-534.0,-158.834,7.10993e-07,88.6497,17.8192,91.3503,82.1554,-1396.76,-576.497,-1412.1,-499.96
-1516.0,-534.0,-148.881,7.37733e-07,88.6986,39.12,91.3014,136.96,-1425.45,-576.237,-1472.34,-498.494
-1514.0,-534.0,-147.789,7.32576e-07,88.6894,39.621,91.3106,136.96,-1425.45,-576.237,-1471.03,-498.424
-1512.0,-534.0,-146.921,7.27456e-07,88.6802,40.133,91.3198,136.96,-1425.45,-576.237,-1469.72,-498.354
-1510.0,-534.0,-146.203,7.22374e-07,88.6709,40.6559,91.3291,136.96,-1425.45,-576.237,-1468.41,-498.285
-1508.0,-534.0,-145.611,7.17333e-07,88.6616,41.1903,91.3384,136.96,-1425.45,-576.237,-1467.11,-498.216
-1506.0,-534.0,-145.164,7.12334e-07,88.6522,41.7363,91.3478,136.96,-1425.45,-576.237,-1465.81,-498.146
-1504.0,-534.0,-144.953,7.07377e-07,88.6427,42.2942,91.3573,136.96,-1425.45,-576.237,-1464.51,-498.078
-1502.0,-534.0,-145.205,7.02464e-07,88.6332,42.8643,91.3668,136.96,-1425.45,-576.237,-1463.22,-498.009
-1500.0,-534.0,-153.121,7.00091e-07,88.6286,42.5793,91.3714,129.101,-1425.63,-568.463,-1460.68,-497.874
-1498.0,-534.0,-158.609,6.48156e-07,88.5187,21.617,91.4813,82.1554,-1396.76,-576.497,-1412.1,-499.96
-1496.0,-534.0,-158.096,5.74151e-07,88.3277,46.9796,91.6723,111.97,-1429.78,-526.194,-1462.37,-497.964
-1494.0,-534.0,-157.156,5.69639e-07,88.3144,47.8997,91.6856,111.97,-1429.78,-526.194,-1461.39,-497.912
-1492.0,-534.0,-156.62,5.65208e-07,88.3012,48.8472,91.6988,111.97,-1429.78,-526.194,-1460.41,-497.86
-1490.0,-534.0,-156.271,5.60861e-07,88.288,49.823,91.712,111.97,-1429.78,-526.194,-1459.44,-497.808
-1488.0,-534.0,-165.666,1.88625e-06,89.491,-69.4568,90.509,-124.304,-1548.93,-818.293,-1477.06,-563.198
-1486.0,-534.0,-165.746,1.88393e-06,89.4904,-69.8291,90.5096,-124.304,-1548.93,-818.293,-1477.18,-558.01
-1484.0,-534.0,-165.833,1.88165e-06,89.4898,-70.2032,90.5102,-124.304,-1548.93,-818.293,-1477.31,-552.593
-1482.0,-534.0,-165.787,1.87098e-06,89.4869,-105.102,90.5131,-124.304,-1548.93,-818.293,-1556.08,-808.509
-1480.0,-534.0,0.0,0.0,0.0,0.0,0.0,0.0,0.0,0.0,0.0,0.0
-1478.0,-534.0,0.0,0.0,0.0,0.0,0.0,0.0,0.0,0.0,0.0,0.0
-1476.0,-534.0,0.0,0.0,0.0,0.0,0.0,0.0,0.0,0.0,0.0,0.0
-1474.0,-534.0,0.0,0.0,0.0,0.0,0.0,0.0,0.0,0.0,0.0,0.0
-1472.0,-534.0,0.0,0.0,0.0,0.0,0.0,0.0,0.0,0.0,0.0,0.0
-1470.0,-534.0,0.0,0.0,0.0,0.0,0.0,0.0,0.0,0.0,0.0,0.0
-1468.0,-534.0,0.0,0.0,0.0,0.0,0.0,0.0,0.0,0.0,0.0,0.0
-1466.0,-534.0,0.0,0.0,0.0,0.0,0.0,0.0,0.0,0.0,0.0,0.0
-1464.0,-534.0,0.0,0.0,0.0,0.0,0.0,0.0,0.0,0.0,0.0,0.0
-1462.0,-534.0,0.0,0.0,0.0,0.0,0.0,0.0,0.0,0.0,0.0,0.0
-1460.0,-534.0,0.0,0.0,0.0,0.0,0.0,0.0,0.0,0.0,0.0,0.0
-1458.0,-534.0,0.0,0.0,0.0,0.0,0.0,0.0,0.0,0.0,0.0,0.0
-1456.0,-534.0,0.0,0.0,0.0,0.0,0.0,0.0,0.0,0.0,0.0,0.0
-1454.0,-534.0,0.0,0.0,0.0,0.0,0.0,0.0,0.0,0.0,0.0,0.0
-1452.0,-534.0,0.0,0.0,0.0,0.0,0.0,0.0,0.0,0.0,0.0,0.0
-1450.0,-534.0,0.0,0.0,0.0,0.0,0.0,0.0,0.0,0.0,0.0,0.0
-1448.0,-534.0,0.0,0.0,0.0,0.0,0.0,0.0,0.0,0.0,0.0,0.0
-1446.0,-534.0,0.0,0.0,0.0,0.0,0.0,0.0,0.0,0.0,0.0,0.0
-1444.0,-534.0,0.0,0.0,0.0,0.0,0.0,0.0,0.0,0.0,0.0,0.0
-1442.0,-534.0,0.0,0.0,0.0,0.0,0.0,0.0,0.0,0.0,0.0,0.0
-1440.0,-534.0,0.0,0.0,0.0,0.0,0.0,0.0,0.0,0.0,0.0,0.0
-1438.0,-534.0,0.0,0.0,0.0,0.0,0.0,0.0,0.0,0.0,0.0,0.0
-1436.0,-534.0,0.0,0.0,0.0,0.0,0.0,0.0,0.0,0.0,0.0,0.0
-1434.0,-534.0,0.0,0.0,0.0,0.0,0.0,0.0,0.0,0.0,0.0,0.0
-1432.0,-534.0,0.0,0.0,0.0,0.0,0.0,0.0,0.0,0.0,0.0,0.0
-1430.0,-534.0,0.0,0.0,0.0,0.0,0.0,0.0,0.0,0.0,0.0,0.0
-1428.0,-534.0,-98.5492,2.40216e-07,84.7856,-67.0113,95.2144,112.989,-1428.0,-534.0,-1400.0,-600.0
-1426.0,-534.0,-98.4576,2.377e-07,84.7302,-68.4986,95.2698,111.501,-1426.0,-534.0,-1400.0,-600.0
-1424.0,-534.0,-98.3711,2.35347e-07,84.6774,-70.0169,95.3226,109.983,-1424.0,-534.0,-1400.0,-600.0
-1422.0,-534.0,-98.29,2.3316e-07,84.6273,-71.5651,95.3727,108.435,-1422.0,-534.0,-1400.0,-600.0
-1420.0,-534.0,-98.2145,2.31146e-07,84.5804,-73.1416,95.4196,106.858,-1420.0,-534.0,-1400.0,-600.0
-1418.0,-534.0,-98.1451,2.29308e-07,84.5368,-74.7449,95.4632,105.255,-1418.0,-534.0,-1400.0,-600.0
-1416.0,-534.0,-98.0821,2.27652e-07,84.4969,-76.373,95.5031,103.627,-1416.0,-534.0,-1400.0,-600.0
-1414.0,-534.0,-98.0257,2.2618e-07,84.461,-78.0239,95.539,101.976,-1414.0,-534.0,-1400.0,-600.0
-1412.0,-534.0,-97.9762,2.24896e-07,84.4293,-79.6952,95.5707,100.305,-1412.0,-534.0,-1400.0,-600.0
-1410.0,-534.0,-97.9339,2.23804e-07,84.402,-81.3844,95.598,98.6156,-1410.0,-534.0,-1400.0,-600.0
-1408.0,-534.0,-97.8989,2.22907e-07,84.3794,-83.0888,95.6206,96.9112,-1408.0,-534.0,-1400.0,-600.0
-1406.0,-534.0,-97.8716,2.22207e-07,84.3616,-84.8056,95.6384,95.1944,-1406.0,-534.0,-1400.0,-600.0
-1404.0,-534.0,-97.8519,2.21705e-07,84.3488,-86.5318,95.6512,93.4682,-1404.0,-534.0,-1400.0,-600.0
-1402.0,-534.0,-97.8401,2.21404e-07,84.3411,-88.2643,95.6589,91.7357,-1402.0,-534.0,-1400.0,-600.0
-1400.0,-534.0,-97.8361,2.21303e-07,84.3385,-90.0,95.6615,90.0,-1400.0,-534.0,-1400.0,-600.0
-1398.0,-534.0,-97.8401,2.21404e-07,84.3411,-91.7357,95.6589,88.2643,-1398.0,-534.0,-1400.0,-600.0
-1396.0,-534.0,0.0,0.0,0.0,0.0,0.0,0.0,0.0,0.0,0.0,0.0
-1394.0,-534.0,0.0,0.0,0.0,0.0,0.0,0.0,0.0,0.0,0.0,0.0
-1392.0,-534.0,0.0,0.0,0.0,0.0,0.0,0.0,0.0,0.0,0.0,0.0
-1390.0,-534.0,0.0,0.0,0.0,0.0,0.0,0.0,0.0,0.0,0.0,0.0
-1388.0,-534.0,0.0,0.0,0.0,0.0,0.0,0.0,0.0,0.0,0.0,0.0
-1386.0,-534.0,0.0,0.0,0.0,0.0,0.0,0.0,0.0,0.0,0.0,0.0
-1384.0,-534.0,0.0,0.0,0.0,0.0,0.0,0.0,0.0,0.0,0.0,0.0
-1382.0,-534.0,0.0,0.0,0.0,0.0,0.0,0.0,0.0,0.0,0.0,0.0
-1380.0,-534.0,0.0,0.0,0.0,0.0,0.0,0.0,0.0,0.0,0.0,0.0
-1378.0,-534.0,0.0,0.0,0.0,0.0,0.0,0.0,0.0,0.0,0.0,0.0
-1376.0,-534.0,0.0,0.0,0.0,0.0,0.0,0.0,0.0,0.0,0.0,0.0
-1374.0,-534.0,0.0,0.0,0.0,0.0,0.0,0.0,0.0,0.0,0.0,0.0
-1372.0,-534.0,0.0,0.0,0.0,0.0,0.0,0.0,0.0,0.0,0.0,0.0
-1370.0,-534.0,0.0,0.0,0.0,0.0,0.0,0.0,0.0,0.0,0.0,0.0
-1368.0,-534.0,0.0,0.0,0.0,0.0,0.0,0.0,0.0,0.0,0.0,0.0
-1366.0,-534.0,0.0,0.0,0.0,0.0,0.0,0.0,0.0,0.0,0.0,0.0
-1364.0,-534.0,0.0,0.0,0.0,0.0,0.0,0.0,0.0,0.0,0.0,0.0
-1362.0,-534.0,0.0,0.0,0.0,0.0,0.0,0.0,0.0,0.0,0.0,0.0
-1360.0,-534.0,0.0,0.0,0.0,0.0,0.0,0.0,0.0,0.0,0.0,0.0
-1358.0,-534.0,0.0,0.0,0.0,0.0,0.0,0.0,0.0,0.0,0.0,0.0
-1356.0,-534.0,-172.042,1.55386e-06,89.0549,38.1911,90.9451,0.384978,-1167.93,-598.441,-1320.57,-506.129
-1354.0,-534.0,0.0,0.0,0.0,0.0,0.0,0.0,0.0,0.0,0.0,0.0
-1352.0,-534.0,-168.883,5.08982e-07,87.0501,104.249,92.9499,-35.9954,-1376.1,-617.359,-1354.71,-523.334
-1350.0,-534.0,0.0,0.0,0.0,0.0,0.0,0.0,0.0,0.0,0.0,0.0
-1348.0,-534.0,-180.172,1.39801e-06,101.155,2.06132,91.367,30.6399,-1382.75,-589.782,-1339.08,-533.679
-1346.0,-534.0,0.0,0.0,0.0,0.0,0.0,0.0,0.0,0.0,0.0,0.0
-1344.0,-534.0,0.0,0.0,0.0,0.0,0.0,0.0,0.0,0.0,0.0,0.0
-1342.0,-534.0,0.0,0.0,0.0,0.0,0.0,0.0,0.0,0.0,0.0,0.0
-1340.0,-534.0,0.0,0.0,0.0,0.0,0.0,0.0,0.0,0.0,0.0,0.0
-1338.0,-534.0,-133.723,1.26481e-06,88.6607,-8.96727,91.3393,-15.5937,-1342.83,-615.957,-1186.78,-557.862
-1336.0,-534.0,-132.359,1.25823e-06,88.6281,-9.08547,91.3719,-15.5937,-1342.83,-615.957,-1186.78,-557.862
-1334.0,-534.0,-130.744,1.25166e-06,88.5951,-9.2068,91.4049,-15.5937,-1342.83,-615.957,-1186.78,-557.862
-1332.0,-534.0,-128.908,1.24509e-06,88.5617,-9.33138,91.4383,-15.5937,-1342.83,-615.957,-1186.78,-557.862
-1330.0,-534.0,-115.287,1.23852e-06,88.528,-9.63759,91.472,-15.4791,-1342.44,-615.94,-1186.74,-558.327
-1328.0,-534.0,-115.232,1.23196e-06,88.494,-9.68957,91.506,-15.5311,-1342.62,-615.948,-1186.76,-558.116
-1326.0,-534.0,-115.178,1.22539e-06,88.4595,-9.7421,91.5405,-15.5836,-1342.79,-615.955,-1186.78,-557.903
-1324.0,-534.0,-123.279,1.21884e-06,88.4248,-9.86501,91.5752,-15.5937,-1342.83,-615.957,-1186.78,-557.862
-1322.0,-534.0,-125.783,1.21228e-06,88.3896,-10.008,91.6104,-15.5937,-1342.83,-615.957,-1186.78,-557.862
-1320.0,-534.0,-128.119,1.20573e-06,88.3541,-10.1551,91.6459,-15.5937,-1342.83,-615.957,-1186.78,-557.862
-1318.0,-534.0,-130.101,1.19918e-06,88.3181,-10.3066,91.6819,-15.5937,-1342.83,-615.957,-1186.78,-557.862
-1316.0,-534.0,-131.885,1.19264e-06,88.2818,-10.4627,91.7182,-15.5937,-1342.83,-615.957,-1186.78,-557.862
-1314.0,-534.0,-133.395,1.1861e-06,88.2451,-10.6234,91.7549,-15.5937,-1342.83,-615.957,-1186.78,-557.862
-1312.0,-534.0,-134.738,1.17956e-06,88.208,-10.7892,91.792,-15.5937,-1342.83,-615.957,-1186.78,-557.862
-1310.0,-534.0,-135.919,1.17303e-06,88.1705,-10.9601,91.8295,-15.5937,-1342.83,-615.957,-1186.78,-557.862
-1308.0,-534.0,-136.972,1.1665e-06,88.1326,-11.1364,91.8674,-15.5937,-1342.83,-615.957,-1186.78,-557.862
-1306.0,-534.0,-137.92,1.15998e-06,88.0942,-11.3185,91.9058,-15.5937,-1342.83,-615.957,-1186.78,-557.862
-1304.0,-534.0,-138.782,1.15346e-06,88.0554,-11.5065,91.9446,-15.5937,-1342.83,-615.957,-1186.78,-557.862
-1302.0,-534.0,-139.573,1.14694e-06,88.0162,-11.7008,91.9838,-15.5937,-1342.83,-615.957,-1186.78,-557.862
-1300.0,-534.0,-140.302,1.14043e-06,87.9803,-11.9016,92.0197,-15.5937,-1342.83,-615.957,-1186.78,-557.862
-1298.0,-534.0,-140.98,1.13392e-06,87.9545,-12.1094,92.0455,-15.5937,-1342.83,-615.957,-1186.78,-557.862
-1296.0,-534.0,-117.038,1.15004e-06,87.9691,-13.348,92.0309,24.2669,-1376.94,-589.604,-1186.59,-559.961
-1294.0,-534.0,-117.14,1.14356e-06,87.9435,-13.4252,92.0565,24.3442,-1377.03,-589.607,-1186.62,-559.632
-1292.0,-534.0,-117.255,1.13709e-06,87.9176,-13.5033,92.0824,24.4223,-1377.12,-589.61,-1186.65,-559.299
-1290.0,-534.0,-140.165,6.55463e-07,84.8081,-121.997,92.7301,55.3349,-1393.15,-590.1,-1314.75,-573.606
-1288.0,-534.0,-143.797,1.10144e-06,87.8208,-13.2652,92.1792,-15.5937,-1342.83,-615.957,-1186.78,-557.862
-1286.0,-534.0,-144.275,1.09496e-06,87.7932,-13.5229,92.2068,-15.5937,-1342.83,-615.957,-1186.78,-557.862
-1284.0,-534.0,-144.732,1.08849e-06,87.7652,-13.7906,92.2348,-15.5937,-1342.83,-615.957,-1186.78,-557.862
-1282.0,-534.0,-145.169,1.08203e-06,87.7369,-14.0689,92.2631,-15.5937,-1342.83,-615.957,-1186.78,-557.862
-1280.0,-534.0,-145.588,1.07558e-06,87.7083,-14.3584,92.2917,-15.5937,-1342.83,-615.957,-1186.78,-557.862
-1278.0,-534.0,-145.99,1.06913e-06,87.6794,-14.6598,92.3206,-15.5937,-1342.83,-615.957,-1186.78,-557.862
-1276.0,-534.0,-146.379,1.06269e-06,87.6565,-14.9738,92.3435,-15.5937,-1342.83,-615.957,-1186.78,-557.862
-1274.0,-534.0,-146.753,1.05626e-06,87.6422,-15.3012,92.3578,-15.5937,-1342.83,-615.957,-1186.78,-557.862
-1272.0,-534.0,-147.116,1.04983e-06,87.6278,-15.6429,92.3722,-15.5937,-1342.83,-615.957,-1186.78,-557.862
-1270.0,-534.0,-147.467,1.04342e-06,87.6132,-15.9999,92.3868,-15.5937,-1342.83,-615.957,-1186.78,-557.862
-1268.0,-534.0,-147.809,1.03701e-06,87.5984,-16.373,92.4016,-15.5937,-1342.83,-615.957,-1186.78,-557.862
-1266.0,-534.0,-148.142,1.03062e-06,87.5835,-16.7634,92.4165,-15.5937,-1342.83,-615.957,-1186.78,-557.862
-1264.0,-534.0,-138.819,7.37838e-07,86.9248,-128.143,93.9067,54.4373,-1392.92,-590.093,-1327.99,-615.477
-1262.0,-534.0,-140.424,7.41988e-07,86.9077,-128.549,93.8852,54.0322,-1392.81,-590.09,-1326.9,-615.446
-1260.0,-534.0,-131.941,6.97092e-07,86.3736,-130.721,93.6264,-43.396,-1381.4,-617.583,-1330.19,-615.54
-1258.0,-534.0,-126.867,7.01481e-07,86.3733,-131.316,93.6267,-43.396,-1381.4,-617.583,-1329.66,-615.525
-1256.0,-534.0,-119.714,7.05922e-07,86.3732,-131.901,93.6268,-43.396,-1381.4,-617.583,-1329.14,-615.51
-1254.0,-534.0,-123.742,7.10412e-07,86.3734,-132.475,93.6266,-43.396,-1381.4,-617.583,-1328.61,-615.495
-1252.0,-534.0,-129.243,7.14931e-07,86.3997,-133.039,93.6003,-43.396,-1381.4,-617.583,-1328.09,-615.48
-1250.0,-534.0,-133.029,7.19483e-07,86.445,-133.593,93.555,-43.396,-1381.4,-617.583,-1327.56,-615.465
-1248.0,-534.0,-135.95,7.24081e-07,86.4899,-134.137,93.5101,-43.396,-1381.4,-617.583,-1327.03,-615.45
-1246.0,-534.0,-138.586,7.28725e-07,86.5345,-134.671,93.4655,-43.396,-1381.4,-617.583,-1326.5,-615.435
-1244.0,-534.0,-132.268,6.55727e-07,87.8428,-141.438,95.0831,37.1211,-1386.66,-589.902,-1309.21,-585.984
-1242.0,-534.0,-132.845,6.60945e-07,87.9806,-141.808,95.0415,36.7671,-1386.48,-589.896,-1306.12,-584.44
-1240.0,-534.0,-134.358,6.66199e-07,88.0674,-142.17,95.0001,36.4168,-1386.3,-589.891,-1303.22,-583.088
-1238.0,-534.0,-136.673,8.07269e-07,86.9143,132.034,93.0857,-43.396,-1381.4,-617.583,-1249.14,-521.643
-1236.0,-534.0,-127.702,6.76551e-07,86.3174,-142.877,93.6826,35.7331,-1385.93,-589.879,-1306.24,-587.164
-1234.0,-534.0,-121.094,6.81875e-07,86.3462,-143.254,93.6538,35.4239,-1385.76,-589.874,-1343.83,-615.999
-1232.0,-534.0,-120.105,6.87223e-07,86.3747,-143.587,93.6253,35.0904,-1385.58,-589.869,-1343.13,-615.969
-1230.0,-534.0,-117.707,6.92594e-07,86.4028,-143.916,93.5972,34.762,-1385.39,-589.863,-1342.43,-615.94
-1228.0,-534.0,-115.27,6.97963e-07,86.4643,-144.239,93.5357,34.4388,-1385.21,-589.857,-1341.74,-615.911
-1226.0,-534.0,-113.481,7.03344e-07,86.5373,-144.557,93.4627,34.1205,-1385.02,-589.852,-1341.04,-615.881
-1224.0,-534.0,-112.282,7.08748e-07,86.6094,-144.871,93.3906,33.8071,-1384.84,-589.846,-1340.34,-615.852
-1222.0,-534.0,-111.49,7.14174e-07,86.6805,-145.179,93.3195,33.4985,-1384.65,-589.84,-1339.64,-615.822
-1220.0,-534.0,-110.967,7.19622e-07,86.7505,-145.483,93.2495,33.1946,-1384.46,-589.834,-1338.93,-615.793
-1218.0,-534.0,-127.935,6.94444e-07,88.8244,-150.288,95.611,-24.7299,-1363.47,-616.827,-1311.17,-587.171
-1216.0,-534.0,-126.548,7.00236e-07,88.9668,-150.571,95.5641,-24.4732,-1363.07,-616.81,-1309.19,-586.571
-1214.0,-534.0,-124.985,7.06046e-07,89.1069,-150.85,95.5179,-24.2213,-1362.67,-616.793,-1307.34,-586.057
-1212.0,-534.0,-123.247,7.11873e-07,89.2447,-151.125,95.4725,-23.9742,-1362.27,-616.776,-1305.59,-585.612
-1210.0,-534.0,-110.413,7.47251e-07,87.0871,-147.436,92.9129,32.8145,-1384.22,-589.827,-1338.03,-615.762
-1208.0,-534.0,-110.322,7.52848e-07,87.1517,-147.71,92.8483,32.5408,-1384.05,-589.822,-1337.35,-615.743
-1206.0,-534.0,-110.274,7.58464e-07,87.2154,-147.98,92.7846,32.2712,-1383.87,-589.816,-1336.68,-615.724
-1204.0,-534.0,-110.26,7.64097e-07,87.2782,-148.245,92.7218,32.0055,-1383.7,-589.811,-1336.01,-615.705
-1202.0,-534.0,-110.275,7.69746e-07,87.3402,-148.507,92.6598,31.7438,-1383.52,-589.806,-1335.34,-615.686
-1600.0,-532.0,-172.306,1.28257e-06,89.9891,169.677,90.0109,82.1554,-1396.76,-576.497,-1646.06,-523.611
-1598.0,-532.0,-172.448,1.28914e-06,89.9766,169.75,90.0234,82.1554,-1396.76,-576.497,-1646.05,-523.31
-1596.0,-532.0,-172.589,1.29571e-06,89.9537,169.821,90.0463,82.1554,-1396.76,-576.497,-1646.05,-523.014
-1594.0,-532.0,0.0,0.0,0.0,0.0,0.0,0.0,0.0,0.0,0.0,0.0
-1592.0,-532.0,0.0,0.0,0.0,0.0,0.0,0.0,0.0,0.0,0.0,0.0
-1590.0,-532.0,0.0,0.0,0.0,0.0,0.0,0.0,0.0,0.0,0.0,0.0
-1588.0,-532.0,0.0,0.0,0.0,0.0,0.0,0.0,0.0,0.0,0.0,0.0
-1586.0,-532.0,0.0,0.0,0.0,0.0,0.0,0.0,0.0,0.0,0.0,0.0
-1584.0,-532.0,0.0,0.0,0.0,0.0,0.0,0.0,0.0,0.0,0.0,0.0
-1582.0,-532.0,0.0,0.0,0.0,0.0,0.0,0.0,0.0,0.0,0.0,0.0
-1580.0,-532.0,0.0,0.0,0.0,0.0,0.0,0.0,0.0,0.0,0.0,0.0
-1578.0,-532.0,0.0,0.0,0.0,0.0,0.0,0.0,0.0,0.0,0.0,0.0
-1576.0,-532.0,0.0,0.0,0.0,0.0,0.0,0.0,0.0,0.0,0.0,0.0
-1574.0,-532.0,0.0,0.0,0.0,0.0,0.0,0.0,0.0,0.0,0.0,0.0
-1572.0,-532.0,0.0,0.0,0.0,0.0,0.0,0.0,0.0,0.0,0.0,0.0
-1570.0,-532.0,0.0,0.0,0.0,0.0,0.0,0.0,0.0,0.0,0.0,0.0
-1568.0,-532.0,0.0,0.0,0.0,0.0,0.0,0.0,0.0,0.0,0.0,0.0
-1566.0,-532.0,0.0,0.0,0.0,0.0,0.0,0.0,0.0,0.0,0.0,0.0
-1564.0,-532.0,0.0,0.0,0.0,0.0,0.0,0.0,0.0,0.0,0.0,0.0
-1562.0,-532.0,0.0,0.0,0.0,0.0,0.0,0.0,0.0,0.0,0.0,0.0
-1560.0,-532.0,-153.992,5.90985e-07,88.4435,-32.6789,91.5565,169.301,-1476.53,-585.541,-1476.53,-585.541
-1558.0,-532.0,-154.283,5.85406e-07,88.3735,-33.3136,91.6265,169.301,-1476.53,-585.541,-1476.53,-585.541
-1556.0,-532.0,-154.552,5.79869e-07,88.3023,-33.9704,91.6977,169.301,-1476.53,-585.541,-1476.53,-585.541
-1554.0,-532.0,-154.802,5.74376e-07,88.2298,-34.6504,91.7702,169.301,-1476.53,-585.541,-1476.53,-585.541
-1552.0,-532.0,-155.031,5.6893e-07,88.1561,-35.3545,91.8439,169.301,-1476.53,-585.541,-1476.53,-585.541
-1550.0,-532.0,-155.228,5.6353e-07,88.09,-36.084,91.91,169.301,-1476.53,-585.541,-1476.53,-585.541
-1548.0,-532.0,-155.372,5.58166e-07,88.0716,-36.8398,91.9284,169.301,-1476.53,-585.541,-1476.53,-585.541
-1546.0,-532.0,-155.424,5.52856e-07,88.0531,-37.6232,91.9469,169.301,-1476.53,-585.541,-1476.53,-585.541
-1544.0,-532.0,-155.42,5.47602e-07,88.0344,-38.4354,91.9656,169.301,-1476.53,-585.541,-1476.53,-585.541
-1542.0,-532.0,-155.673,5.42408e-07,88.0156,-39.2777,91.9844,169.301,-1476.53,-585.541,-1476.53,-585.541
-1540.0,-532.0,-156.216,5.37278e-07,87.9966,-40.1515,92.0034,169.301,-1476.53,-585.541,-1476.53,-585.541
-1538.0,-532.0,-156.716,5.32214e-07,87.9775,-41.058,92.0225,169.301,-1476.53,-585.541,-1476.53,-585.541
-1536.0,-532.0,-157.11,5.27214e-07,87.9805,-41.9986,92.0195,169.301,-1476.53,-585.541,-1476.53,-585.541
-1534.0,-532.0,-157.425,5.22286e-07,87.9923,-42.9749,92.0077,169.301,-1476.53,-585.541,-1476.53,-585.541
-1532.0,-532.0,-157.651,5.17436e-07,88.0047,-43.9882,91.9953,169.301,-1476.53,-585.541,-1476.53,-585.541
-1530.0,-532.0,-157.7,5.12671e-07,88.0176,-45.0401,91.9824,169.301,-1476.53,-585.541,-1476.53,-585.541
-1528.0,-532.0,-157.477,5.07993e-07,88.0311,-46.132,91.9689,169.301,-1476.53,-585.541,-1476.53,-585.541
-1526.0,-532.0,-157.823,5.03409e-07,88.0453,-47.2654,91.9547,169.301,-1476.53,-585.541,-1476.53,-585.541
-1524.0,-532.0,-158.737,4.98927e-07,88.0507,-48.4418,91.9493,169.301,-1476.53,-585.541,-1476.53,-585.541
-1522.0,-532.0,-158.914,7.21802e-07,88.6528,16.2534,91.3472,82.1554,-1396.76,-576.497,-1412.1,-499.96
-1520.0,-532.0,-158.813,7.15402e-07,88.6407,16.5383,91.3593,82.1554,-1396.76,-576.497,-1412.1,-499.96
-1518.0,-532.0,-158.714,7.09011e-07,88.6284,16.8331,91.3716,82.1554,-1396.76,-576.497,-1412.1,-499.96
-1516.0,-532.0,-158.619,7.02631e-07,88.616,17.1383,91.384,82.1554,-1396.76,-576.497,-1412.1,-499.96
-1514.0,-532.0,-158.528,6.96261e-07,88.6033,17.4544,91.3967,82.1554,-1396.76,-576.497,-1412.1,-499.96
-1512.0,-532.0,-147.84,7.23188e-07,88.6553,39.5137,91.3447,136.96,-1425.45,-576.237,-1471.31,-498.439
-1510.0,-532.0,-146.915,7.1806e-07,88.6457,40.0347,91.3543,136.96,-1425.45,-576.237,-1469.97,-498.367
-1508.0,-532.0,-146.157,7.12972e-07,88.636,40.5673,91.364,136.96,-1425.45,-576.237,-1468.63,-498.296
-1506.0,-532.0,-145.532,7.07925e-07,88.6263,41.1116,91.3737,136.96,-1425.45,-576.237,-1467.3,-498.226
-1504.0,-532.0,-145.053,7.02919e-07,88.6165,41.6681,91.3835,136.96,-1425.45,-576.237,-1465.97,-498.155
-1502.0,-532.0,-144.803,6.97958e-07,88.6067,42.237,91.3933,136.96,-1425.45,-576.237,-1464.65,-498.085
-1500.0,-532.0,-152.674,6.95603e-07,88.602,42.0764,91.398,129.101,-1425.63,-568.463,-1462.3,-497.96
-1498.0,-532.0,-152.941,6.90669e-07,88.592,42.5381,91.408,129.101,-1425.63,-568.463,-1460.82,-497.881
-1496.0,-532.0,-153.696,6.85772e-07,88.5819,43.0082,91.4181,129.101,-1425.63,-568.463,-1459.34,-497.802
-1494.0,-532.0,-157.8,5.6473e-07,88.2779,47.042,91.7221,111.97,-1429.78,-526.194,-1462.3,-497.96
-1492.0,-532.0,-156.894,5.60224e-07,88.264,47.9926,91.736,111.97,-1429.78,-526.194,-1461.29,-497.906
-1490.0,-532.0,-156.363,5.55803e-07,88.2502,48.9724,91.7498,111.97,-1429.78,-526.194,-1460.29,-497.853
-1488.0,-532.0,-160.41,6.6722e-07,88.5425,34.9366,91.4575,99.908,-1420.16,-484.607,-1420.16,-484.607
-1486.0,-532.0,-165.826,1.8902e-06,89.4855,-69.9653,90.5145,-124.304,-1548.93,-818.293,-1477.23,-556.062
-1484.0,-532.0,-165.914,1.88793e-06,89.4849,-70.3373,90.5151,-124.304,-1548.93,-818.293,-1477.35,-550.6
-1482.0,-532.0,-165.856,1.87743e-06,89.482,-104.998,90.518,-124.304,-1548.93,-818.293,-1556.08,-808.509
-1480.0,-532.0,0.0,0.0,0.0,0.0,0.0,0.0,0.0,0.0,0.0,0.0
-1478.0,-532.0,0.0,0.0,0.0,0.0,0.0,0.0,0.0,0.0,0.0,0.0
-1476.0,-532.0,0.0,0.0,0.0,0.0,0.0,0.0,0.0,0.0,0.0,0.0
-1474.0,-532.0,0.0,0.0,0.0,0.0,0.0,0.0,0.0,0.0,0.0,0.0
-1472.0,-532.0,0.0,0.0,0.0,0.0,0.0,0.0,0.0,0.0,0.0,0.0
-1470.0,-532.0,0.0,0.0,0.0,0.0,0.0,0.0,0.0,0.0,0.0,0.0
-1468.0,-532.0,0.0,0.0,0.0,0.0,0.0,0.0,0.0,0.0,0.0,0.0
-1466.0,-532.0,0.0,0.0,0.0,0.0,0.0,0.0,0.0,0.0,0.0,0.0
-1464.0,-532.0,0.0,0.0,0.0,0.0,0.0,0.0,0.0,0.0,0.0,0.0
-1462.0,-532.0,0.0,0.0,0.0,0.0,0.0,0.0,0.0,0.0,0.0,0.0
-1460.0,-532.0,0.0,0.0,0.0,0.0,0.0,0.0,0.0,0.0,0.0,0.0
-1458.0,-532.0,0.0,0.0,0.0,0.0,0.0,0.0,0.0,0.0,0.0,0.0
-1456.0,-532.0,0.0,0.0,0.0,0.0,0.0,0.0,0.0,0.0,0.0,0.0
-1454.0,-532.0,0.0,0.0,0.0,0.0,0.0,0.0,0.0,0.0,0.0,0.0
-1452.0,-532.0,0.0,0.0,0.0,0.0,0.0,0.0,0.0,0.0,0.0,0.0
-1450.0,-532.0,0.0,0.0,0.0,0.0,0.0,0.0,0.0,0.0,0.0,0.0
-1448.0,-532.0,0.0,0.0,0.0,0.0,0.0,0.0,0.0,0.0,0.0,0.0
-1446.0,-532.0,0.0,0.0,0.0,0.0,0.0,0.0,0.0,0.0,0.0,0.0
-1444.0,-532.0,0.0,0.0,0.0,0.0,0.0,0.0,0.0,0.0,0.0,0.0
-1442.0,-532.0,0.0,0.0,0.0,0.0,0.0,0.0,0.0,0.0,0.0,0.0
-1440.0,-532.0,0.0,0.0,0.0,0.0,0.0,0.0,0.0,0.0,0.0,0.0
-1438.0,-532.0,0.0,0.0,0.0,0.0,0.0,0.0,0.0,0.0,0.0,0.0
-1436.0,-532.0,0.0,0.0,0.0,0.0,0.0,0.0,0.0,0.0,0.0,0.0
-1434.0,-532.0,0.0,0.0,0.0,0.0,0.0,0.0,0.0,0.0,0.0,0.0
-1432.0,-532.0,0.0,0.0,0.0,0.0,0.0,0.0,0.0,0.0,0.0,0.0
-1430.0,-532.0,0.0,0.0,0.0,0.0,0.0,0.0,0.0,0.0,0.0,0.0
-1428.0,-532.0,-98.7684,2.46349e-07,84.9157,-67.6199,95.0843,112.38,-1428.0,-532.0,-1400.0,-600.0
-1426.0,-532.0,-98.6814,2.43896e-07,84.8645,-69.0755,95.1355,110.925,-1426.0,-532.0,-1400.0,-600.0
-1424.0,-532.0,-98.5992,2.41603e-07,84.8156,-70.56,95.1844,109.44,-1424.0,-532.0,-1400.0,-600.0
-1422.0,-532.0,-98.5223,2.39474e-07,84.7694,-72.0721,95.2306,107.928,-1422.0,-532.0,-1400.0,-600.0
-1420.0,-532.0,-98.4508,2.37513e-07,84.7261,-73.6105,95.2739,106.39,-1420.0,-532.0,-1400.0,-600.0
-1418.0,-532.0,-98.3851,2.35725e-07,84.6859,-75.1735,95.3141,104.826,-1418.0,-532.0,-1400.0,-600.0
-1416.0,-532.0,-98.3254,2.34113e-07,84.6492,-76.7595,95.3508,103.241,-1416.0,-532.0,-1400.0,-600.0
-1414.0,-532.0,-98.2721,2.32682e-07,84.6162,-78.3664,95.3838,101.634,-1414.0,-532.0,-1400.0,-600.0
-1412.0,-532.0,-98.2254,2.31435e-07,84.5871,-79.992,95.4129,100.008,-1412.0,-532.0,-1400.0,-600.0
-1410.0,-532.0,-98.1854,2.30374e-07,84.5621,-81.6341,95.4379,98.3659,-1410.0,-532.0,-1400.0,-600.0
-1408.0,-532.0,-98.1525,2.29503e-07,84.5414,-83.2902,95.4586,96.7098,-1408.0,-532.0,-1400.0,-600.0
-1406.0,-532.0,-98.1267,2.28822e-07,84.5252,-84.9575,95.4748,95.0425,-1406.0,-532.0,-1400.0,-600.0
-1404.0,-532.0,-98.1081,2.28335e-07,84.5134,-86.6335,95.4866,93.3665,-1404.0,-532.0,-1400.0,-600.0
-1402.0,-532.0,-98.097,2.28043e-07,84.5064,-88.3153,95.4936,91.6847,-1402.0,-532.0,-1400.0,-600.0
-1400.0,-532.0,-98.0933,2.27945e-07,84.504,-90.0,95.496,90.0,-1400.0,-532.0,-1400.0,-600.0
-1398.0,-532.0,-98.097,2.28043e-07,84.5064,-91.6847,95.4936,88.3153,-1398.0,-532.0,-1400.0,-600.0
-1396.0,-532.0,-133.287,2.876e-07,85.6465,95.6179,94.3535,88.0382,-1397.7,-532.824,-1396.88,-523.087
-1394.0,-532.0,-137.222,3.45858e-07,86.3506,120.902,93.6494,129.101,-1425.63,-568.463,-1399.32,-523.104
-1392.0,-532.0,-139.719,3.49373e-07,86.341,122.442,93.659,129.101,-1425.63,-568.463,-1397.66,-523.092
-1390.0,-532.0,-130.538,3.53037e-07,86.3332,123.931,93.6668,129.101,-1425.63,-568.463,-1396.0,-523.081
-1388.0,-532.0,-124.371,3.56841e-07,86.3271,125.37,93.6729,129.101,-1425.63,-568.463,-1394.34,-523.069
-1386.0,-532.0,-115.121,3.6078e-07,86.3224,126.759,93.6776,129.101,-1425.63,-568.463,-1392.68,-523.058
-1384.0,-532.0,-117.779,3.67041e-07,86.3412,-124.225,93.6588,129.101,-1425.63,-568.463,-1384.28,-532.417
-1382.0,-532.0,-125.998,3.70841e-07,86.3351,-125.881,93.6649,129.985,-1425.61,-569.467,-1382.26,-532.355
-1380.0,-532.0,-134.157,3.735e-07,86.3179,133.736,93.6821,129.985,-1425.61,-569.467,-1388.58,-523.029
-1378.0,-532.0,-139.508,3.79321e-07,86.3319,-132.639,93.6681,129.985,-1425.61,-569.467,-1378.21,-532.233
-1376.0,-532.0,-143.315,5.41535e-07,87.4017,150.872,92.5983,147.168,-1425.27,-583.693,-1392.06,-523.053
-1374.0,-532.0,-143.72,3.88406e-07,86.3345,141.974,93.6655,129.985,-1425.61,-569.467,-1385.5,-523.008
-1372.0,-532.0,-145.811,3.93749e-07,86.3432,144.19,93.6568,129.985,-1425.61,-569.467,-1384.47,-523.001
-1370.0,-532.0,0.0,0.0,0.0,0.0,0.0,0.0,0.0,0.0,0.0,0.0
-1368.0,-532.0,0.0,0.0,0.0,0.0,0.0,0.0,0.0,0.0,0.0,0.0
-1366.0,-532.0,0.0,0.0,0.0,0.0,0.0,0.0,0.0,0.0,0.0,0.0
-1364.0,-532.0,0.0,0.0,0.0,0.0,0.0,0.0,0.0,0.0,0.0,0.0
-1362.0,-532.0,0.0,0.0,0.0,0.0,0.0,0.0,0.0,0.0,0.0,0.0
-1360.0,-532.0,0.0,0.0,0.0,0.0,0.0,0.0,0.0,0.0,0.0,0.0
-1358.0,-532.0,0.0,0.0,0.0,0.0,0.0,0.0,0.0,0.0,0.0,0.0
-1356.0,-532.0,-154.862,4.75288e-07,86.8828,157.91,93.1172,117.862,-1429.33,-544.506,-1378.28,-522.958
-1354.0,-532.0,-154.104,4.81489e-07,86.8894,158.439,93.1106,117.862,-1429.33,-544.506,-1376.91,-522.949
-1352.0,-532.0,-153.43,4.87713e-07,86.896,158.946,93.104,117.862,-1429.33,-544.506,-1375.54,-522.939
-1350.0,-532.0,0.0,0.0,0.0,0.0,0.0,0.0,0.0,0.0,0.0,0.0
-1348.0,-532.0,0.0,0.0,0.0,0.0,0.0,0.0,0.0,0.0,0.0,0.0
-1346.0,-532.0,0.0,0.0,0.0,0.0,0.0,0.0,0.0,0.0,0.0,0.0
-1344.0,-532.0,0.0,0.0,0.0,0.0,0.0,0.0,0.0,0.0,0.0,0.0
-1342.0,-532.0,0.0,0.0,0.0,0.0,0.0,0.0,0.0,0.0,0.0,0.0
-1340.0,-532.0,0.0,0.0,0.0,0.0,0.0,0.0,0.0,0.0,0.0,0.0
-1338.0,-532.0,-122.433,1.26589e-06,88.6521,-9.70511,91.3479,-15.5937,-1342.83,-615.957,-1186.78,-557.862
-1336.0,-532.0,-122.996,1.25933e-06,88.6195,-9.83267,91.3805,-15.5937,-1342.83,-615.957,-1186.78,-557.862
-1334.0,-532.0,-125.487,1.25278e-06,88.5864,-9.96359,91.4136,-15.5937,-1342.83,-615.957,-1186.78,-557.862
-1332.0,-532.0,-127.65,1.24622e-06,88.5531,-10.098,91.4469,-15.5937,-1342.83,-615.957,-1186.78,-557.862
-1330.0,-532.0,-129.676,1.23967e-06,88.5194,-10.2361,91.4806,-15.5937,-1342.83,-615.957,-1186.78,-557.862
-1328.0,-532.0,-131.448,1.23312e-06,88.4854,-10.3779,91.5146,-15.5937,-1342.83,-615.957,-1186.78,-557.862
-1326.0,-532.0,-132.954,1.22657e-06,88.4509,-10.5237,91.5491,-15.5937,-1342.83,-615.957,-1186.78,-557.862
-1324.0,-532.0,-134.298,1.22003e-06,88.4162,-10.6736,91.5838,-15.5937,-1342.83,-615.957,-1186.78,-557.862
-1322.0,-532.0,-135.495,1.21349e-06,88.381,-10.8277,91.619,-15.5937,-1342.83,-615.957,-1186.78,-557.862
-1320.0,-532.0,-136.561,1.20696e-06,88.3455,-10.9864,91.6545,-15.5937,-1342.83,-615.957,-1186.78,-557.862
-1318.0,-532.0,-137.521,1.20043e-06,88.3096,-11.1497,91.6904,-15.5937,-1342.83,-615.957,-1186.78,-557.862
-1316.0,-532.0,-138.392,1.1939e-06,88.2733,-11.3178,91.7267,-15.5937,-1342.83,-615.957,-1186.78,-557.862
-1314.0,-532.0,-139.19,1.18738e-06,88.2366,-11.491,91.7634,-15.5937,-1342.83,-615.957,-1186.78,-557.862
-1312.0,-532.0,-139.926,1.18087e-06,88.1995,-11.6696,91.8005,-15.5937,-1342.83,-615.957,-1186.78,-557.862
-1310.0,-532.0,-140.608,1.17435e-06,88.162,-11.8537,91.838,-15.5937,-1342.83,-615.957,-1186.78,-557.862
-1308.0,-532.0,-141.244,1.16785e-06,88.1241,-12.0436,91.8759,-15.5937,-1342.83,-615.957,-1186.78,-557.862
-1306.0,-532.0,-117.176,1.18396e-06,88.1224,-13.2894,91.8776,24.2083,-1376.87,-589.602,-1186.56,-560.21
-1304.0,-532.0,-117.267,1.17749e-06,88.0846,-13.3641,91.9154,24.283,-1376.96,-589.605,-1186.59,-559.892
-1302.0,-532.0,-117.37,1.17102e-06,88.0465,-13.4396,91.9535,24.3585,-1377.05,-589.608,-1186.62,-559.571
-1300.0,-532.0,-117.484,1.16455e-06,88.0116,-13.5159,91.9884,24.4349,-1377.13,-589.61,-1186.65,-559.245
-1298.0,-532.0,-117.611,1.15808e-06,87.9865,-13.5931,92.0135,24.5121,-1377.22,-589.613,-1186.68,-558.916
-1296.0,-532.0,-117.752,1.15161e-06,87.9612,-13.6712,92.0388,24.5902,-1377.31,-589.616,-1186.72,-558.583
-1294.0,-532.0,-117.91,1.14514e-06,87.9355,-13.7502,92.0645,24.6692,-1377.4,-589.618,-1186.75,-558.245
-1292.0,-532.0,-118.087,1.13867e-06,87.9096,-13.8301,92.0904,24.749,-1377.49,-589.621,-1186.78,-557.903
-1290.0,-532.0,-140.979,6.61129e-07,84.9074,-121.685,92.7399,55.6394,-1393.23,-590.103,-1315.7,-573.631
-1288.0,-532.0,-139.791,6.6467e-07,84.8664,-122.179,92.7242,55.1503,-1393.11,-590.099,-1314.17,-573.591
-1286.0,-532.0,-146.383,1.09659e-06,87.7852,-14.6096,92.2148,-15.5937,-1342.83,-615.957,-1186.78,-557.862
-1284.0,-532.0,-146.742,1.09015e-06,87.7573,-14.8969,92.2427,-15.5937,-1342.83,-615.957,-1186.78,-557.862
-1282.0,-532.0,-147.09,1.08372e-06,87.7291,-15.1955,92.2709,-15.5937,-1342.83,-615.957,-1186.78,-557.862
-1280.0,-532.0,-147.426,1.07731e-06,87.7005,-15.506,92.2995,-15.5937,-1342.83,-615.957,-1186.78,-557.862
-1278.0,-532.0,-147.753,1.0709e-06,87.6717,-15.8291,92.3283,-15.5937,-1342.83,-615.957,-1186.78,-557.862
-1276.0,-532.0,-148.072,1.06449e-06,87.6489,-16.1656,92.3511,-15.5937,-1342.83,-615.957,-1186.78,-557.862
-1274.0,-532.0,-148.382,1.05809e-06,87.6346,-16.5163,92.3654,-15.5937,-1342.83,-615.957,-1186.78,-557.862
-1272.0,-532.0,-148.685,1.05171e-06,87.6203,-16.8821,92.3797,-15.5937,-1342.83,-615.957,-1186.78,-557.862
-1270.0,-532.0,-148.984,1.04533e-06,87.6057,-17.264,92.3943,-15.5937,-1342.83,-615.957,-1186.78,-557.862
-1268.0,-532.0,-149.279,1.03897e-06,87.5911,-17.663,92.4089,-15.5937,-1342.83,-615.957,-1186.78,-557.862
-1266.0,-532.0,-149.574,1.03263e-06,87.5758,-18.0802,92.4242,-15.5937,-1342.83,-615.957,-1186.78,-557.862
-1264.0,-532.0,-149.873,1.02631e-06,87.5451,-18.517,92.4549,-15.5937,-1342.83,-615.957,-1186.78,-557.862
-1262.0,-532.0,-139.278,7.47234e-07,86.8975,-128.23,93.9022,54.3516,-1392.89,-590.092,-1327.76,-615.471
-1260.0,-532.0,-140.261,7.51391e-07,86.8809,-128.631,93.8809,53.952,-1392.79,-590.089,-1326.68,-615.44
-1258.0,-532.0,-131.462,7.0653e-07,86.3642,-130.803,93.6358,-43.396,-1381.4,-617.583,-1330.11,-615.538
-1256.0,-532.0,-126.253,7.10926e-07,86.3639,-131.386,93.6361,-43.396,-1381.4,-617.583,-1329.6,-615.523
-1254.0,-532.0,-119.016,7.15372e-07,86.3639,-131.959,93.6361,-43.396,-1381.4,-617.583,-1329.08,-615.508
-1252.0,-532.0,-124.387,7.19847e-07,86.3899,-132.523,93.6101,-43.396,-1381.4,-617.583,-1328.57,-615.494
-1250.0,-532.0,-129.669,7.24354e-07,86.4347,-133.076,93.5653,-43.396,-1381.4,-617.583,-1328.05,-615.479
-1248.0,-532.0,-133.313,7.28909e-07,86.4792,-133.619,93.5208,-43.396,-1381.4,-617.583,-1327.53,-615.464
-1246.0,-532.0,-136.161,7.33509e-07,86.5234,-134.153,93.4766,-43.396,-1381.4,-617.583,-1327.02,-615.45
-1244.0,-532.0,-138.747,7.38154e-07,86.5672,-134.677,93.4328,-43.396,-1381.4,-617.583,-1326.5,-615.435
-1242.0,-532.0,-132.069,6.65105e-07,87.8715,-141.348,95.0939,37.2132,-1386.7,-589.903,-1310.18,-586.525
-1240.0,-532.0,-132.521,6.70318e-07,87.9972,-141.713,95.0528,36.8631,-1386.53,-589.898,-1307.07,-584.944
-1238.0,-532.0,-131.893,8.02348e-07,86.88,132.47,93.12,-43.396,-1381.4,-617.583,-1247.5,-521.625
-1236.0,-532.0,-125.835,8.06868e-07,86.8975,132.946,93.1025,-43.396,-1381.4,-617.583,-1245.67,-521.605
-1234.0,-532.0,-122.59,8.11428e-07,86.9149,133.415,93.0851,-43.396,-1381.4,-617.583,-1243.85,-521.585
-1232.0,-532.0,-121.223,6.91211e-07,86.3777,-143.141,93.6223,35.5365,-1385.83,-589.876,-1344.06,-616.009
-1230.0,-532.0,-120.792,6.96552e-07,86.4055,-143.471,93.5945,35.2065,-1385.64,-589.871,-1343.37,-615.98
-1228.0,-532.0,-118.834,7.01889e-07,86.4664,-143.796,93.5336,34.8817,-1385.46,-589.865,-1342.69,-615.951
-1226.0,-532.0,-116.307,7.07241e-07,86.5389,-144.116,93.4611,34.5617,-1385.28,-589.859,-1342.0,-615.922
-1224.0,-532.0,-114.276,7.12615e-07,86.6104,-144.431,93.3896,34.2467,-1385.1,-589.854,-1341.32,-615.893
-1222.0,-532.0,-112.875,7.18012e-07,86.681,-144.741,93.319,33.9364,-1384.91,-589.848,-1340.63,-615.864
-1220.0,-532.0,-111.942,7.2343e-07,86.7505,-145.047,93.2495,33.6308,-1384.73,-589.843,-1339.94,-615.835
-1218.0,-532.0,-111.321,7.2887e-07,86.8192,-145.348,93.1808,33.3298,-1384.55,-589.837,-1339.25,-615.806
-1216.0,-532.0,-139.808,7.03545e-07,88.8998,-149.925,95.6159,-24.7567,-1363.51,-616.828,-1311.5,-587.301
-1214.0,-532.0,-126.369,7.09324e-07,89.0176,-150.368,95.6017,-24.6793,-1363.39,-616.823,-1310.81,-587.066
-1212.0,-532.0,-124.762,7.15123e-07,89.1524,-150.645,95.556,-24.4289,-1363.0,-616.807,-1308.96,-586.536
-1210.0,-532.0,-122.992,7.20939e-07,89.2849,-150.918,95.5109,-24.1832,-1362.61,-616.79,-1307.22,-586.072
-1208.0,-532.0,-110.633,7.56441e-07,87.1488,-147.282,92.8512,32.9686,-1384.32,-589.83,-1338.4,-615.773
-1206.0,-532.0,-110.512,7.62029e-07,87.2122,-147.554,92.7878,32.6971,-1384.15,-589.825,-1337.74,-615.754
-1204.0,-532.0,-110.441,7.67636e-07,87.2746,-147.821,92.7254,32.4296,-1383.98,-589.82,-1337.08,-615.735
-1202.0,-532.0,-110.408,7.7326e-07,87.3363,-148.085,92.6637,32.1659,-1383.8,-589.814,-1336.42,-615.717
-1600.0,-530.0,-172.807,1.2814e-06,89.9505,170.077,90.0495,82.1554,-1396.76,-576.497,-1646.03,-521.948
-1598.0,-530.0,-172.953,1.28798e-06,89.9305,170.146,90.0695,82.1554,-1396.76,-576.497,-1646.02,-521.659
-1596.0,-530.0,-175.888,1.29264e-06,89.9058,172.08,90.0942,82.1554,-1396.76,-576.497,-1646.05,-523.037
-1594.0,-530.0,0.0,0.0,0.0,0.0,0.0,0.0,0.0,0.0,0.0,0.0
-1592.0,-530.0,0.0,0.0,0.0,0.0,0.0,0.0,0.0,0.0,0.0,0.0
-1590.0,-530.0,0.0,0.0,0.0,0.0,0.0,0.0,0.0,0.0,0.0,0.0
-1588.0,-530.0,0.0,0.0,0.0,0.0,0.0,0.0,0.0,0.0,0.0,0.0
-1586.0,-530.0,0.0,0.0,0.0,0.0,0.0,0.0,0.0,0.0,0.0,0.0
-1584.0,-530.0,0.0,0.0,0.0,0.0,0.0,0.0,0.0,0.0,0.0,0.0
-1582.0,-530.0,0.0,0.0,0.0,0.0,0.0,0.0,0.0,0.0,0.0,0.0
-1580.0,-530.0,0.0,0.0,0.0,0.0,0.0,0.0,0.0,0.0,0.0,0.0
-1578.0,-530.0,0.0,0.0,0.0,0.0,0.0,0.0,0.0,0.0,0.0,0.0
-1576.0,-530.0,0.0,0.0,0.0,0.0,0.0,0.0,0.0,0.0,0.0,0.0
-1574.0,-530.0,0.0,0.0,0.0,0.0,0.0,0.0,0.0,0.0,0.0,0.0
-1572.0,-530.0,0.0,0.0,0.0,0.0,0.0,0.0,0.0,0.0,0.0,0.0
-1570.0,-530.0,0.0,0.0,0.0,0.0,0.0,0.0,0.0,0.0,0.0,0.0
-1568.0,-530.0,0.0,0.0,0.0,0.0,0.0,0.0,0.0,0.0,0.0,0.0
-1566.0,-530.0,0.0,0.0,0.0,0.0,0.0,0.0,0.0,0.0,0.0,0.0
-1564.0,-530.0,0.0,0.0,0.0,0.0,0.0,0.0,0.0,0.0,0.0,0.0
-1562.0,-530.0,0.0,0.0,0.0,0.0,0.0,0.0,0.0,0.0,0.0,0.0
-1560.0,-530.0,-154.669,5.94658e-07,88.37,-33.641,91.63,169.301,-1476.53,-585.541,-1476.53,-585.541
-1558.0,-530.0,-154.919,5.89142e-07,88.2999,-34.2849,91.7001,169.301,-1476.53,-585.541,-1476.53,-585.541
-1556.0,-530.0,-154.976,1.99561e-06,89.482,2.52379,90.518,-15.3614,-1342.04,-615.923,-1399.57,-523.105
-1554.0,-530.0,-154.895,1.98895e-06,89.464,2.55643,90.536,-15.3614,-1342.04,-615.923,-1399.57,-523.105
-1552.0,-530.0,-154.812,1.98229e-06,89.4459,2.58993,90.5541,-15.3614,-1342.04,-615.923,-1399.57,-523.105
-1550.0,-530.0,-154.727,1.97562e-06,89.4428,2.62431,90.5572,-15.3614,-1342.04,-615.923,-1399.57,-523.105
-1548.0,-530.0,-154.642,1.96895e-06,89.4409,2.65963,90.5591,-15.3614,-1342.04,-615.923,-1399.57,-523.105
-1546.0,-530.0,-154.555,1.96229e-06,89.439,2.6959,90.561,-15.3614,-1342.04,-615.923,-1399.57,-523.105
-1544.0,-530.0,-154.466,1.95562e-06,89.4371,2.73318,90.5629,-15.3614,-1342.04,-615.923,-1399.57,-523.105
-1542.0,-530.0,-154.376,1.94896e-06,89.4351,2.7715,90.5649,-15.3614,-1342.04,-615.923,-1399.57,-523.105
-1540.0,-530.0,-154.284,1.94229e-06,89.4332,2.81091,90.5668,-15.3614,-1342.04,-615.923,-1399.57,-523.105
-1538.0,-530.0,-154.19,1.93563e-06,89.4312,2.85145,90.5688,-15.3614,-1342.04,-615.923,-1399.57,-523.105
-1536.0,-530.0,-154.095,1.92896e-06,89.4353,2.89318,90.5647,-15.3614,-1342.04,-615.923,-1399.57,-523.105
-1534.0,-530.0,-153.998,1.92229e-06,89.4418,2.93616,90.5582,-15.3614,-1342.04,-615.923,-1399.57,-523.105
-1532.0,-530.0,-153.899,1.91563e-06,89.4482,2.98042,90.5518,-15.3614,-1342.04,-615.923,-1399.57,-523.105
-1530.0,-530.0,-153.798,1.90896e-06,89.4548,3.02604,90.5452,-15.3614,-1342.04,-615.923,-1399.57,-523.105
-1528.0,-530.0,-157.997,5.12859e-07,88.0016,-47.1808,91.9984,169.301,-1476.53,-585.541,-1476.53,-585.541
-1526.0,-530.0,-158.887,5.08364e-07,88.0157,-48.311,91.9843,169.301,-1476.53,-585.541,-1476.53,-585.541
-1524.0,-530.0,-158.982,7.26437e-07,88.6337,15.027,91.3663,82.1554,-1396.76,-576.497,-1412.1,-499.96
-1522.0,-530.0,-158.868,7.19994e-07,88.6322,15.2877,91.3678,82.1554,-1396.76,-576.497,-1412.1,-499.96
-1520.0,-530.0,-158.754,7.13563e-07,88.6199,15.5575,91.3801,82.1554,-1396.76,-576.497,-1412.1,-499.96
-1518.0,-530.0,-158.642,7.0714e-07,88.6073,15.8367,91.3927,82.1554,-1396.76,-576.497,-1412.1,-499.96
-1516.0,-530.0,-158.532,7.00727e-07,88.5946,16.1258,91.4054,82.1554,-1396.76,-576.497,-1412.1,-499.96
-1514.0,-530.0,-158.424,6.94322e-07,88.5816,16.4254,91.4184,82.1554,-1396.76,-576.497,-1412.1,-499.96
-1512.0,-530.0,-158.319,6.87928e-07,88.5684,16.736,91.4316,82.1554,-1396.76,-576.497,-1412.1,-499.96
-1510.0,-530.0,-147.91,7.13802e-07,88.6203,39.4019,91.3797,136.96,-1425.45,-576.237,-1471.6,-498.454
-1508.0,-530.0,-146.919,7.08666e-07,88.6103,39.9324,91.3897,136.96,-1425.45,-576.237,-1470.23,-498.381
-1506.0,-530.0,-146.117,7.03571e-07,88.6002,40.4749,91.3998,136.96,-1425.45,-576.237,-1468.86,-498.309
-1504.0,-530.0,-145.457,6.98517e-07,88.5901,41.0297,91.4099,136.96,-1425.45,-576.237,-1467.5,-498.236
-1502.0,-530.0,-144.943,6.93506e-07,88.5799,41.5971,91.4201,136.96,-1425.45,-576.237,-1466.14,-498.164
-1500.0,-530.0,-152.561,6.9116e-07,88.5751,41.5653,91.4249,129.101,-1425.63,-568.463,-1463.97,-498.049
-1498.0,-530.0,-152.524,6.86186e-07,88.5647,42.0262,91.4353,129.101,-1425.63,-568.463,-1462.46,-497.968
-1496.0,-530.0,-152.761,6.81249e-07,88.5543,42.4956,91.4457,129.101,-1425.63,-568.463,-1460.95,-497.888
-1494.0,-530.0,-153.478,6.76349e-07,88.5439,42.9734,91.4561,129.101,-1425.63,-568.463,-1459.45,-497.808
-1492.0,-530.0,-157.5,5.55309e-07,88.2264,47.1086,91.7736,111.97,-1429.78,-526.194,-1462.23,-497.956
-1490.0,-530.0,-156.627,5.50811e-07,88.2119,48.0916,91.7881,111.97,-1429.78,-526.194,-1461.19,-497.901
-1488.0,-530.0,-156.1,5.464e-07,88.1974,49.1059,91.8026,111.97,-1429.78,-526.194,-1460.15,-497.846
-1486.0,-530.0,-160.144,6.57942e-07,88.5031,34.5825,91.4969,99.908,-1420.16,-484.607,-1420.16,-484.607
-1484.0,-530.0,-165.996,1.89422e-06,89.4801,-70.4697,90.5199,-124.304,-1548.93,-818.293,-1477.4,-548.604
-1482.0,-530.0,-165.924,1.88388e-06,89.4773,-104.895,90.5227,-124.304,-1548.93,-818.293,-1556.08,-808.509
-1480.0,-530.0,0.0,0.0,0.0,0.0,0.0,0.0,0.0,0.0,0.0,0.0
-1478.0,-530.0,0.0,0.0,0.0,0.0,0.0,0.0,0.0,0.0,0.0,0.0
-1476.0,-530.0,0.0,0.0,0.0,0.0,0.0,0.0,0.0,0.0,0.0,0.0
-1474.0,-530.0,0.0,0.0,0.0,0.0,0.0,0.0,0.0,0.0,0.0,0.0
-1472.0,-530.0,0.0,0.0,0.0,0.0,0.0,0.0,0.0,0.0,0.0,0.0
-1470.0,-530.0,0.0,0.0,0.0,0.0,0.0,0.0,0.0,0.0,0.0,0.0
-1468.0,-530.0,0.0,0.0,0.0,0.0,0.0,0.0,0.0,0.0,0.0,0.0
-1466.0,-530.0,0.0,0.0,0.0,0.0,0.0,0.0,0.0,0.0,0.0,0.0
-1464.0,-530.0,0.0,0.0,0.0,0.0,0.0,0.0,0.0,0.0,0.0,0.0
-1462.0,-530.0,0.0,0.0,0.0,0.0,0.0,0.0,0.0,0.0,0.0,0.0
-1460.0,-530.0,0.0,0.0,0.0,0.0,0.0,0.0,0.0,0.0,0.0,0.0
-1458.0,-530.0,0.0,0.0,0.0,0.0,0.0,0.0,0.0,0.0,0.0,0.0
-1456.0,-530.0,0.0,0.0,0.0,0.0,0.0,0.0,0.0,0.0,0.0,0.0
-1454.0,-530.0,0.0,0.0,0.0,0.0,0.0,0.0,0.0,0.0,0.0,0.0
-1452.0,-530.0,0.0,0.0,0.0,0.0,0.0,0.0,0.0,0.0,0.0,0.0
-1450.0,-530.0,0.0,0.0,0.0,0.0,0.0,0.0,0.0,0.0,0.0,0.0
-1448.0,-530.0,0.0,0.0,0.0,0.0,0.0,0.0,0.0,0.0,0.0,0.0
-1446.0,-530.0,0.0,0.0,0.0,0.0,0.0,0.0,0.0,0.0,0.0,0.0
-1444.0,-530.0,0.0,0.0,0.0,0.0,0.0,0.0,0.0,0.0,0.0,0.0
-1442.0,-530.0,0.0,0.0,0.0,0.0,0.0,0.0,0.0,0.0,0.0,0.0
-1440.0,-530.0,0.0,0.0,0.0,0.0,0.0,0.0,0.0,0.0,0.0,0.0
-1438.0,-530.0,0.0,0.0,0.0,0.0,0.0,0.0,0.0,0.0,0.0,0.0
-1436.0,-530.0,0.0,0.0,0.0,0.0,0.0,0.0,0.0,0.0,0.0,0.0
-1434.0,-530.0,0.0,0.0,0.0,0.0,0.0,0.0,0.0,0.0,0.0,0.0
-1432.0,-530.0,0.0,0.0,0.0,0.0,0.0,0.0,0.0,0.0,0.0,0.0
-1430.0,-530.0,0.0,0.0,0.0,0.0,0.0,0.0,0.0,0.0,0.0,0.0
-1428.0,-530.0,-98.9832,2.52509e-07,85.0401,-68.1986,94.9599,111.801,-1428.0,-530.0,-1400.0,-600.0
-1426.0,-530.0,-98.9004,2.50116e-07,84.9925,-69.6236,95.0075,110.376,-1426.0,-530.0,-1400.0,-600.0
-1424.0,-530.0,-98.8223,2.47881e-07,84.9472,-71.0754,95.0528,108.925,-1424.0,-530.0,-1400.0,-600.0
-1422.0,-530.0,-98.7492,2.45806e-07,84.9045,-72.5528,95.0955,107.447,-1422.0,-530.0,-1400.0,-600.0
-1420.0,-530.0,-98.6814,2.43896e-07,84.8645,-74.0546,95.1355,105.945,-1420.0,-530.0,-1400.0,-600.0
-1418.0,-530.0,-98.6191,2.42155e-07,84.8274,-75.5792,95.1726,104.421,-1418.0,-530.0,-1400.0,-600.0
-1416.0,-530.0,-98.5626,2.40587e-07,84.7936,-77.125,95.2064,102.875,-1416.0,-530.0,-1400.0,-600.0
-1414.0,-530.0,-98.5121,2.39194e-07,84.7632,-78.6901,95.2368,101.31,-1414.0,-530.0,-1400.0,-600.0
-1412.0,-530.0,-98.4679,2.37981e-07,84.7365,-80.2724,95.2635,99.7276,-1412.0,-530.0,-1400.0,-600.0
-1410.0,-530.0,-98.4301,2.3695e-07,84.7135,-81.8699,95.2865,98.1301,-1410.0,-530.0,-1400.0,-600.0
-1408.0,-530.0,-98.399,2.36102e-07,84.6945,-83.4802,95.3055,96.5198,-1408.0,-530.0,-1400.0,-600.0
-1406.0,-530.0,-98.3746,2.35441e-07,84.6795,-85.1009,95.3205,94.8991,-1406.0,-530.0,-1400.0,-600.0
-1404.0,-530.0,-98.3571,2.34968e-07,84.6688,-86.7295,95.3312,93.2705,-1404.0,-530.0,-1400.0,-600.0
-1402.0,-530.0,-98.3466,2.34683e-07,84.6623,-88.3634,95.3377,91.6366,-1402.0,-530.0,-1400.0,-600.0
-1400.0,-530.0,-98.3431,2.34588e-07,84.6601,-90.0,95.3399,90.0,-1400.0,-530.0,-1400.0,-600.0
-1398.0,-530.0,-98.3466,2.34683e-07,84.6623,-91.6366,95.3377,88.3634,-1398.0,-530.0,-1400.0,-600.0
-1396.0,-530.0,-117.662,2.98405e-07,85.8044,-127.609,94.1956,129.101,-1425.63,-568.463,-1425.63,-568.463
-1394.0,-530.0,-134.35,3.02984e-07,85.8333,-142.643,94.1667,129.985,-1425.61,-569.467,-1397.7,-532.824
-1392.0,-530.0,-132.715,3.43783e-07,86.2815,123.431,93.7185,129.101,-1425.63,-568.463,-1396.57,-523.084
-1390.0,-530.0,-126.035,3.47544e-07,86.2752,124.942,93.7248,129.101,-1425.63,-568.463,-1394.84,-523.073
-1388.0,-530.0,-117.881,3.51446e-07,86.2706,126.399,93.7294,129.101,-1425.63,-568.463,-1393.12,-523.061
-1386.0,-530.0,-116.961,3.55481e-07,86.2675,127.804,93.7325,129.101,-1425.63,-568.463,-1391.39,-523.049
-1384.0,-530.0,-116.905,3.72577e-07,86.3956,-123.315,93.6044,129.101,-1425.63,-568.463,-1385.62,-532.457
-1382.0,-530.0,-121.933,3.76318e-07,86.3885,-124.647,93.6115,129.101,-1425.63,-568.463,-1383.66,-532.398
-1380.0,-530.0,-136.975,3.8017e-07,86.3826,-126.805,93.6174,129.985,-1425.61,-569.467,-1381.75,-532.34
-1378.0,-530.0,-137.235,3.84325e-07,86.3797,-129.965,93.6203,129.985,-1425.61,-569.467,-1379.91,-532.284
-1376.0,-530.0,-140.52,3.8875e-07,86.3794,-132.859,93.6206,129.985,-1425.61,-569.467,-1378.07,-532.228
-1374.0,-530.0,-147.073,3.84445e-07,86.2967,145.081,93.7033,129.985,-1425.61,-569.467,-1384.03,-522.998
-1372.0,-530.0,-146.124,3.98278e-07,86.3849,-137.924,93.6151,129.985,-1425.61,-569.467,-1374.34,-532.116
-1370.0,-530.0,-146.751,4.03311e-07,86.4222,-140.135,93.5778,129.985,-1425.61,-569.467,-1372.47,-532.059
-1368.0,-530.0,-149.994,4.01426e-07,86.4053,150.851,93.5947,129.985,-1425.61,-569.467,-1380.6,-522.974
-1366.0,-530.0,-151.047,4.07287e-07,86.4571,152.405,93.5429,129.985,-1425.61,-569.467,-1379.46,-522.966
-1364.0,-530.0,-152.464,4.13228e-07,86.5081,153.813,93.4919,129.985,-1425.61,-569.467,-1378.32,-522.958
-1362.0,-530.0,-151.992,4.24832e-07,86.5972,-147.287,93.4028,129.985,-1425.61,-569.467,-1364.85,-531.827
-1360.0,-530.0,-151.106,4.80504e-07,86.9582,75.1483,93.0418,-43.3117,-1381.35,-617.58,-1358.25,-523.403
-1358.0,-530.0,-151.433,4.78915e-07,86.9143,77.0063,93.0857,-43.3117,-1381.35,-617.58,-1356.47,-523.369
-1356.0,-530.0,-152.641,4.72866e-07,86.8406,159.258,93.1594,117.862,-1429.33,-544.506,-1374.66,-522.933
-1354.0,-530.0,-152.262,4.79124e-07,86.8482,159.762,93.1518,117.862,-1429.33,-544.506,-1373.2,-522.923
-1352.0,-530.0,-151.56,4.83407e-07,86.8427,108.309,93.1573,-43.3117,-1381.35,-617.58,-1354.21,-523.325
-1350.0,-530.0,-151.964,2.35036e-06,89.4649,2.43385,90.76,-14.5123,-1338.98,-615.795,-1181.58,-522.841
-1348.0,-530.0,-151.493,2.3437e-06,89.4466,2.44076,90.76,-14.5054,-1338.95,-615.793,-1181.58,-522.906
-1346.0,-530.0,-150.692,2.33704e-06,89.4138,2.44771,90.76,-14.4984,-1338.93,-615.792,-1181.57,-522.971
-1344.0,-530.0,-149.802,2.33037e-06,89.38,2.45469,90.7601,-14.4913,-1338.9,-615.791,-1181.57,-523.037
-1342.0,-530.0,-129.211,1.28017e-06,88.7079,-10.1764,91.2921,-15.5937,-1342.83,-615.957,-1186.78,-557.862
-1340.0,-530.0,-130.996,1.27362e-06,88.6759,-10.3064,91.3241,-15.5937,-1342.83,-615.957,-1186.78,-557.862
-1338.0,-530.0,-132.531,1.26707e-06,88.6436,-10.4397,91.3564,-15.5937,-1342.83,-615.957,-1186.78,-557.862
-1336.0,-530.0,-133.883,1.26052e-06,88.6109,-10.5765,91.3891,-15.5937,-1342.83,-615.957,-1186.78,-557.862
-1334.0,-530.0,-135.097,1.25398e-06,88.5779,-10.7169,91.4221,-15.5937,-1342.83,-615.957,-1186.78,-557.862
-1332.0,-530.0,-136.177,1.24744e-06,88.5446,-10.861,91.4554,-15.5937,-1342.83,-615.957,-1186.78,-557.862
-1330.0,-530.0,-132.989,1.29939e-06,88.5779,-139.521,91.4221,-14.8341,-1340.17,-615.845,-1338.13,-536.942
-1328.0,-530.0,-138.03,1.23437e-06,88.4769,-11.161,91.5231,-15.5937,-1342.83,-615.957,-1186.78,-557.862
-1326.0,-530.0,-138.836,1.22784e-06,88.4425,-11.3172,91.5575,-15.5937,-1342.83,-615.957,-1186.78,-557.862
-1324.0,-530.0,-139.578,1.22132e-06,88.4077,-11.4778,91.5923,-15.5937,-1342.83,-615.957,-1186.78,-557.862
-1322.0,-530.0,-140.266,1.2148e-06,88.3726,-11.643,91.6274,-15.5937,-1342.83,-615.957,-1186.78,-557.862
-1320.0,-530.0,-140.907,1.20828e-06,88.3371,-11.8129,91.6629,-15.5937,-1342.83,-615.957,-1186.78,-557.862
-1318.0,-530.0,-141.507,1.20177e-06,88.3012,-11.9878,91.6988,-15.5937,-1342.83,-615.957,-1186.78,-557.862
-1316.0,-530.0,-142.071,1.19527e-06,88.2649,-12.1679,91.7351,-15.5937,-1342.83,-615.957,-1186.78,-557.862
-1314.0,-530.0,-117.399,1.2114e-06,88.2614,-13.3063,91.7386,24.2253,-1376.89,-589.603,-1186.57,-560.138
-1312.0,-530.0,-117.49,1.20492e-06,88.2252,-13.3794,91.7748,24.2984,-1376.98,-589.605,-1186.6,-559.827
-1310.0,-530.0,-117.591,1.19845e-06,88.1887,-13.4533,91.8113,24.3722,-1377.06,-589.608,-1186.63,-559.512
-1308.0,-530.0,-117.704,1.19198e-06,88.1518,-13.5279,91.8482,24.4469,-1377.15,-589.611,-1186.66,-559.194
-1306.0,-530.0,-117.831,1.18552e-06,88.1144,-13.6034,91.8856,24.5224,-1377.23,-589.613,-1186.69,-558.872
-1304.0,-530.0,-117.971,1.17906e-06,88.0767,-13.6797,91.9233,24.5987,-1377.32,-589.616,-1186.72,-558.546
-1302.0,-530.0,-118.128,1.17259e-06,88.0386,-13.7569,91.9614,24.6759,-1377.4,-589.619,-1186.75,-558.216
-1300.0,-530.0,-118.301,1.16613e-06,88.0037,-13.8349,91.9963,24.7539,-1377.49,-589.621,-1186.78,-557.882
-1298.0,-530.0,-146.052,1.13695e-06,87.9382,-14.0642,92.0618,-15.5937,-1342.83,-615.957,-1186.78,-557.862
-1296.0,-530.0,-146.41,1.1305e-06,87.9121,-14.3112,92.0879,-15.5937,-1342.83,-615.957,-1186.78,-557.862
-1294.0,-530.0,-146.699,1.5957e-06,87.3175,55.1542,90.8548,55.4376,-1393.18,-590.101,-1212.1,-412.356
-1292.0,-530.0,-145.522,6.63353e-07,85.0412,-120.882,92.7649,56.4305,-1393.44,-590.109,-1318.13,-573.695
-1290.0,-530.0,-142.222,6.66814e-07,85.0006,-121.378,92.7494,55.9388,-1393.31,-590.105,-1316.62,-573.655
-1288.0,-530.0,-140.394,6.70325e-07,84.9607,-121.87,92.7339,55.4522,-1393.18,-590.101,-1315.12,-573.616
-1286.0,-530.0,-139.517,6.73883e-07,84.9214,-122.356,92.7183,54.9707,-1393.06,-590.097,-1313.61,-573.577
-1284.0,-530.0,-148.332,1.09194e-06,87.7496,-15.992,92.2504,-15.5937,-1342.83,-615.957,-1186.78,-557.862
-1282.0,-530.0,-148.623,1.08554e-06,87.7215,-16.3102,92.2785,-15.5937,-1342.83,-615.957,-1186.78,-557.862
-1280.0,-530.0,-148.907,1.07916e-06,87.693,-16.641,92.307,-15.5937,-1342.83,-615.957,-1186.78,-557.862
-1278.0,-530.0,-149.186,1.07279e-06,87.6642,-16.9851,92.3358,-15.5937,-1342.83,-615.957,-1186.78,-557.862
-1276.0,-530.0,-149.46,1.06642e-06,87.6415,-17.3432,92.3585,-15.5937,-1342.83,-615.957,-1186.78,-557.862
-1274.0,-530.0,-149.401,6.53011e-07,86.1466,-155.667,93.8534,148.195,-1425.26,-584.337,-1373.51,-574.998
-1272.0,-530.0,-150.005,1.05372e-06,87.6131,-18.1053,92.3869,-15.5937,-1342.83,-615.957,-1186.78,-557.862
-1270.0,-530.0,-150.281,1.04739e-06,87.5986,-18.511,92.4014,-15.5937,-1342.83,-615.957,-1186.78,-557.862
-1268.0,-530.0,-150.561,1.04108e-06,87.584,-18.9348,92.416,-15.5937,-1342.83,-615.957,-1186.78,-557.862
-1266.0,-530.0,-150.835,1.03479e-06,87.557,-19.3776,92.443,-15.5937,-1342.83,-615.957,-1186.78,-557.862
-1264.0,-530.0,-151.079,1.02852e-06,87.5264,-19.8407,92.4736,-15.5937,-1342.83,-615.957,-1186.78,-557.862
-1262.0,-530.0,-150.958,7.10381e-07,86.3946,-124.696,93.6054,-35.9954,-1376.1,-617.359,-1321.04,-615.28
-1260.0,-530.0,-139.638,7.56632e-07,86.8712,-128.315,93.8977,54.268,-1392.87,-590.092,-1327.53,-615.464
-1258.0,-530.0,-139.992,7.60797e-07,86.8553,-128.71,93.8768,53.8738,-1392.77,-590.088,-1326.47,-615.434
-1256.0,-530.0,-130.987,7.1597e-07,86.355,-130.882,93.645,-43.396,-1381.4,-617.583,-1330.05,-615.536
-1254.0,-530.0,-125.651,7.20372e-07,86.3548,-131.454,93.6452,-43.396,-1381.4,-617.583,-1329.54,-615.521
-1252.0,-530.0,-118.339,7.24802e-07,86.3804,-132.016,93.6196,-43.396,-1381.4,-617.583,-1329.03,-615.507
-1250.0,-530.0,-125.06,7.29267e-07,86.4248,-132.568,93.5752,-43.396,-1381.4,-617.583,-1328.53,-615.492
-1248.0,-530.0,-130.072,7.33778e-07,86.4688,-133.111,93.5312,-43.396,-1381.4,-617.583,-1328.02,-615.478
-1246.0,-530.0,-133.588,7.38335e-07,86.5126,-133.644,93.4874,-43.396,-1381.4,-617.583,-1327.51,-615.464
-1244.0,-530.0,-136.366,7.42938e-07,86.5559,-134.168,93.4441,-43.396,-1381.4,-617.583,-1327.0,-615.449
-1242.0,-530.0,-137.429,7.88497e-07,86.7757,131.937,93.2243,-43.396,-1381.4,-617.583,-1249.5,-521.647
-1240.0,-530.0,-131.909,6.74485e-07,87.8986,-141.26,95.1044,37.3028,-1386.75,-589.904,-1311.07,-587.02
-1238.0,-530.0,-126.184,7.97462e-07,86.8453,132.913,93.1547,-43.396,-1381.4,-617.583,-1245.8,-521.607
-1236.0,-530.0,-122.147,8.02019e-07,86.8632,133.39,93.1368,-43.396,-1381.4,-617.583,-1243.95,-521.587
-1234.0,-530.0,-127.885,8.06617e-07,86.8811,133.859,93.1189,-43.396,-1381.4,-617.583,-1242.1,-521.566
-1232.0,-530.0,-132.088,8.11253e-07,86.899,134.321,93.101,-43.396,-1381.4,-617.583,-1240.26,-521.546
-1230.0,-530.0,-121.191,7.0055e-07,86.4083,-143.032,93.5917,35.646,-1385.89,-589.878,-1344.28,-616.018
-1228.0,-530.0,-121.252,7.05858e-07,86.4688,-143.358,93.5312,35.3196,-1385.71,-589.873,-1343.61,-615.99
-1226.0,-530.0,-119.854,7.11179e-07,86.5407,-143.68,93.4593,34.9981,-1385.53,-589.867,-1342.94,-615.961
-1224.0,-530.0,-117.402,7.16524e-07,86.6116,-143.996,93.3884,34.6815,-1385.35,-589.862,-1342.26,-615.933
-1222.0,-530.0,-115.155,7.21891e-07,86.6817,-144.308,93.3183,34.3696,-1385.17,-589.856,-1341.58,-615.904
-1220.0,-530.0,-113.534,7.2728e-07,86.7507,-144.615,93.2493,34.0624,-1384.99,-589.851,-1340.91,-615.876
-1218.0,-530.0,-112.44,7.32691e-07,86.8189,-144.918,93.1811,33.7598,-1384.81,-589.845,-1340.23,-615.847
-1216.0,-530.0,-111.709,7.38123e-07,86.8861,-145.216,93.1139,33.4616,-1384.63,-589.84,-1339.55,-615.819
-1214.0,-530.0,-111.219,7.43575e-07,86.9524,-145.51,93.0476,33.1678,-1384.45,-589.834,-1338.87,-615.79
-1212.0,-530.0,-139.943,8.21617e-07,91.2032,-139.819,94.5782,-39.0948,-1378.51,-617.461,-1257.14,-568.118
-1210.0,-530.0,-124.636,7.2421e-07,89.1963,-150.444,95.593,-24.6313,-1363.31,-616.82,-1310.49,-586.982
-1208.0,-530.0,-122.821,7.30015e-07,89.3239,-150.715,95.5483,-24.387,-1362.93,-616.804,-1308.75,-586.505
-1206.0,-530.0,-120.925,7.35837e-07,89.4495,-150.982,95.5043,-24.1471,-1362.55,-616.788,-1307.1,-586.082
-1204.0,-530.0,-110.716,7.71217e-07,87.2713,-147.401,92.7287,32.8497,-1384.25,-589.828,-1338.11,-615.765
-1202.0,-530.0,-110.619,7.76815e-07,87.3325,-147.667,92.6675,32.5842,-1384.08,-589.823,-1337.46,-615.746
-1600.0,-528.0,-176.248,1.27851e-06,89.9069,172.371,90.0931,82.1554,-1396.76,-576.497,-1646.02,-521.835
-1598.0,-528.0,-176.384,1.28513e-06,89.8823,172.424,90.1177,82.1554,-1396.76,-576.497,-1646.02,-521.614
-1596.0,-528.0,0.0,0.0,0.0,0.0,0.0,0.0,0.0,0.0,0.0,0.0
-1594.0,-528.0,0.0,0.0,0.0,0.0,0.0,0.0,0.0,0.0,0.0,0.0
-1592.0,-528.0,0.0,0.0,0.0,0.0,0.0,0.0,0.0,0.0,0.0,0.0
-1590.0,-528.0,0.0,0.0,0.0,0.0,0.0,0.0,0.0,0.0,0.0,0.0
-1588.0,-528.0,0.0,0.0,0.0,0.0,0.0,0.0,0.0,0.0,0.0,0.0
-1586.0,-528.0,0.0,0.0,0.0,0.0,0.0,0.0,0.0,0.0,0.0,0.0
-1584.0,-528.0,0.0,0.0,0.0,0.0,0.0,0.0,0.0,0.0,0.0,0.0
-1582.0,-528.0,0.0,0.0,0.0,0.0,0.0,0.0,0.0,0.0,0.0,0.0
-1580.0,-528.0,0.0,0.0,0.0,0.0,0.0,0.0,0.0,0.0,0.0,0.0
-1578.0,-528.0,0.0,0.0,0.0,0.0,0.0,0.0,0.0,0.0,0.0,0.0
-1576.0,-528.0,0.0,0.0,0.0,0.0,0.0,0.0,0.0,0.0,0.0,0.0
-1574.0,-528.0,0.0,0.0,0.0,0.0,0.0,0.0,0.0,0.0,0.0,0.0
-1572.0,-528.0,0.0,0.0,0.0,0.0,0.0,0.0,0.0,0.0,0.0,0.0
-1570.0,-528.0,0.0,0.0,0.0,0.0,0.0,0.0,0.0,0.0,0.0,0.0
-1568.0,-528.0,0.0,0.0,0.0,0.0,0.0,0.0,0.0,0.0,0.0,0.0
-1566.0,-528.0,0.0,0.0,0.0,0.0,0.0,0.0,0.0,0.0,0.0,0.0
-1564.0,-528.0,0.0,0.0,0.0,0.0,0.0,0.0,0.0,0.0,0.0,0.0
-1562.0,-528.0,0.0,0.0,0.0,0.0,0.0,0.0,0.0,0.0,0.0,0.0
-1560.0,-528.0,-155.266,5.98424e-07,88.2975,-34.5821,91.7025,169.301,-1476.53,-585.541,-1476.53,-585.541
-1558.0,-528.0,-155.239,2.00203e-06,89.4751,1.76966,90.5249,-15.3614,-1342.04,-615.923,-1399.57,-523.105
-1556.0,-528.0,-155.165,1.99537e-06,89.4571,1.79228,90.5429,-15.3614,-1342.04,-615.923,-1399.57,-523.105
-1554.0,-528.0,-155.09,1.9887e-06,89.4391,1.81547,90.5609,-15.3614,-1342.04,-615.923,-1399.57,-523.105
-1552.0,-528.0,-155.014,1.98203e-06,89.4321,1.83928,90.5679,-15.3614,-1342.04,-615.923,-1399.57,-523.105
-1550.0,-528.0,-154.937,1.97536e-06,89.4302,1.86371,90.5698,-15.3614,-1342.04,-615.923,-1399.57,-523.105
-1548.0,-528.0,-154.858,1.96869e-06,89.4282,1.88881,90.5718,-15.3614,-1342.04,-615.923,-1399.57,-523.105
-1546.0,-528.0,-154.779,1.96202e-06,89.4263,1.91459,90.5737,-15.3614,-1342.04,-615.923,-1399.57,-523.105
-1544.0,-528.0,-154.699,1.95535e-06,89.4243,1.94108,90.5757,-15.3614,-1342.04,-615.923,-1399.57,-523.105
-1542.0,-528.0,-154.617,1.94869e-06,89.4224,1.96832,90.5776,-15.3614,-1342.04,-615.923,-1399.57,-523.105
-1540.0,-528.0,-154.534,1.94202e-06,89.4204,1.99633,90.5796,-15.3614,-1342.04,-615.923,-1399.57,-523.105
-1538.0,-528.0,-154.45,1.93535e-06,89.4184,2.02515,90.5816,-15.3614,-1342.04,-615.923,-1399.57,-523.105
-1536.0,-528.0,-154.364,1.92868e-06,89.4224,2.05481,90.5776,-15.3614,-1342.04,-615.923,-1399.57,-523.105
-1534.0,-528.0,-154.278,1.922e-06,89.4288,2.08536,90.5712,-15.3614,-1342.04,-615.923,-1399.57,-523.105
-1532.0,-528.0,-154.189,1.91533e-06,89.4352,2.11682,90.5648,-15.3614,-1342.04,-615.923,-1399.57,-523.105
-1530.0,-528.0,-154.1,1.90866e-06,89.4417,2.14925,90.5583,-15.3614,-1342.04,-615.923,-1399.57,-523.105
-1528.0,-528.0,-154.008,1.90199e-06,89.4482,2.18269,90.5518,-15.3614,-1342.04,-615.923,-1399.57,-523.105
-1526.0,-528.0,-153.916,1.89532e-06,89.4548,2.21719,90.5452,-15.3614,-1342.04,-615.923,-1399.57,-523.105
-1524.0,-528.0,-153.821,1.88865e-06,89.4614,2.25279,90.5386,-15.3614,-1342.04,-615.923,-1399.57,-523.105
-1522.0,-528.0,-153.725,1.88198e-06,89.4681,2.28955,90.5319,-15.3614,-1342.04,-615.923,-1399.57,-523.105
-1520.0,-528.0,-153.627,1.87531e-06,89.4683,2.32753,90.5317,-15.3614,-1342.04,-615.923,-1399.57,-523.105
-1518.0,-528.0,-153.526,1.86864e-06,89.4664,2.3668,90.5336,-15.3614,-1342.04,-615.923,-1399.57,-523.105
-1516.0,-528.0,-153.424,1.86198e-06,89.4645,2.40741,90.5355,-15.3614,-1342.04,-615.923,-1399.57,-523.105
-1514.0,-528.0,-153.32,1.85531e-06,89.4626,2.44943,90.5374,-15.3614,-1342.04,-615.923,-1399.57,-523.105
-1512.0,-528.0,-153.214,1.84864e-06,89.4606,2.49295,90.5394,-15.3614,-1342.04,-615.923,-1399.57,-523.105
-1510.0,-528.0,-153.105,1.84197e-06,89.4587,2.53805,90.5413,-15.3614,-1342.04,-615.923,-1399.57,-523.105
-1508.0,-528.0,-148.001,7.04418e-07,88.5844,39.2855,91.4156,136.96,-1425.45,-576.237,-1471.9,-498.47
-1506.0,-528.0,-152.88,1.82864e-06,89.4547,2.63331,90.5453,-15.3614,-1342.04,-615.923,-1399.57,-523.105
-1504.0,-528.0,-152.763,1.82198e-06,89.4527,2.68367,90.5473,-15.3614,-1342.04,-615.923,-1399.57,-523.105
-1502.0,-528.0,-152.644,1.81531e-06,89.4507,2.73599,90.5493,-15.3614,-1342.04,-615.923,-1399.57,-523.105
-1500.0,-528.0,-152.521,1.80865e-06,89.4487,2.79039,90.5513,-15.3614,-1342.04,-615.923,-1399.57,-523.105
-1498.0,-528.0,-152.395,1.80198e-06,89.4466,2.847,90.5534,-15.3614,-1342.04,-615.923,-1399.57,-523.105
-1496.0,-528.0,-152.266,1.79532e-06,89.4446,2.90595,90.5554,-15.3614,-1342.04,-615.923,-1399.57,-523.105
-1494.0,-528.0,-152.132,1.78865e-06,89.4425,2.96739,90.5575,-15.3614,-1342.04,-615.923,-1399.57,-523.105
-1492.0,-528.0,-151.995,1.78199e-06,89.4404,3.03149,90.5596,-15.3614,-1342.04,-615.923,-1399.57,-523.105
-1490.0,-528.0,-157.196,5.45889e-07,88.1731,47.1796,91.8269,111.97,-1429.78,-526.194,-1462.16,-497.952
-1488.0,-528.0,-156.352,5.41399e-07,88.1579,48.1975,91.8421,111.97,-1429.78,-526.194,-1461.08,-497.895
-1486.0,-528.0,-155.832,5.36999e-07,88.1428,49.2486,91.8572,111.97,-1429.78,-526.194,-1460.01,-497.838
-1484.0,-528.0,-157.394,5.97393e-07,88.3306,21.3049,91.6694,82.1554,-1396.76,-576.497,-1412.1,-499.96
-1482.0,-528.0,-159.821,6.43185e-07,88.4495,35.0555,91.5505,99.908,-1420.16,-484.607,-1420.16,-484.607
-1480.0,-528.0,0.0,0.0,0.0,0.0,0.0,0.0,0.0,0.0,0.0,0.0
-1478.0,-528.0,0.0,0.0,0.0,0.0,0.0,0.0,0.0,0.0,0.0,0.0
-1476.0,-528.0,0.0,0.0,0.0,0.0,0.0,0.0,0.0,0.0,0.0,0.0
-1474.0,-528.0,0.0,0.0,0.0,0.0,0.0,0.0,0.0,0.0,0.0,0.0
-1472.0,-528.0,0.0,0.0,0.0,0.0,0.0,0.0,0.0,0.0,0.0,0.0
-1470.0,-528.0,0.0,0.0,0.0,0.0,0.0,0.0,0.0,0.0,0.0,0.0
-1468.0,-528.0,0.0,0.0,0.0,0.0,0.0,0.0,0.0,0.0,0.0,0.0
-1466.0,-528.0,0.0,0.0,0.0,0.0,0.0,0.0,0.0,0.0,0.0,0.0
-1464.0,-528.0,0.0,0.0,0.0,0.0,0.0,0.0,0.0,0.0,0.0,0.0
-1462.0,-528.0,0.0,0.0,0.0,0.0,0.0,0.0,0.0,0.0,0.0,0.0
-1460.0,-528.0,0.0,0.0,0.0,0.0,0.0,0.0,0.0,0.0,0.0,0.0
-1458.0,-528.0,0.0,0.0,0.0,0.0,0.0,0.0,0.0,0.0,0.0,0.0
-1456.0,-528.0,0.0,0.0,0.0,0.0,0.0,0.0,0.0,0.0,0.0,0.0
-1454.0,-528.0,0.0,0.0,0.0,0.0,0.0,0.0,0.0,0.0,0.0,0.0
-1452.0,-528.0,0.0,0.0,0.0,0.0,0.0,0.0,0.0,0.0,0.0,0.0
-1450.0,-528.0,0.0,0.0,0.0,0.0,0.0,0.0,0.0,0.0,0.0,0.0
-1448.0,-528.0,0.0,0.0,0.0,0.0,0.0,0.0,0.0,0.0,0.0,0.0
-1446.0,-528.0,0.0,0.0,0.0,0.0,0.0,0.0,0.0,0.0,0.0,0.0
-1444.0,-528.0,0.0,0.0,0.0,0.0,0.0,0.0,0.0,0.0,0.0,0.0
-1442.0,-528.0,0.0,0.0,0.0,0.0,0.0,0.0,0.0,0.0,0.0,0.0
-1440.0,-528.0,0.0,0.0,0.0,0.0,0.0,0.0,0.0,0.0,0.0,0.0
-1438.0,-528.0,0.0,0.0,0.0,0.0,0.0,0.0,0.0,0.0,0.0,0.0
-1436.0,-528.0,0.0,0.0,0.0,0.0,0.0,0.0,0.0,0.0,0.0,0.0
-1434.0,-528.0,0.0,0.0,0.0,0.0,0.0,0.0,0.0,0.0,0.0,0.0
-1432.0,-528.0,0.0,0.0,0.0,0.0,0.0,0.0,0.0,0.0,0.0,0.0
-1430.0,-528.0,0.0,0.0,0.0,0.0,0.0,0.0,0.0,0.0,0.0,0.0
-1428.0,-528.0,-99.1936,2.58694e-07,85.1589,-68.7495,94.8411,111.251,-1428.0,-528.0,-1400.0,-600.0
-1426.0,-528.0,-99.1148,2.56359e-07,85.1148,-70.1448,94.8852,109.855,-1426.0,-528.0,-1400.0,-600.0
-1424.0,-528.0,-99.0405,2.54179e-07,85.0727,-71.5651,94.9273,108.435,-1424.0,-528.0,-1400.0,-600.0
-1422.0,-528.0,-98.971,2.52156e-07,85.0331,-73.0092,94.9669,106.991,-1422.0,-528.0,-1400.0,-600.0
-1420.0,-528.0,-98.9066,2.50294e-07,84.9961,-74.4759,95.0039,105.524,-1420.0,-528.0,-1400.0,-600.0
-1418.0,-528.0,-98.8475,2.48598e-07,84.9618,-75.9638,95.0382,104.036,-1418.0,-528.0,-1400.0,-600.0
-1416.0,-528.0,-98.7939,2.47071e-07,84.9306,-77.4712,95.0694,102.529,-1416.0,-528.0,-1400.0,-600.0
-1414.0,-528.0,-98.746,2.45715e-07,84.9026,-78.9965,95.0974,101.004,-1414.0,-528.0,-1400.0,-600.0
-1412.0,-528.0,-98.7041,2.44534e-07,84.8779,-80.5377,95.1221,99.4623,-1412.0,-528.0,-1400.0,-600.0
-1410.0,-528.0,-98.6684,2.4353e-07,84.8567,-82.0928,95.1433,97.9072,-1410.0,-528.0,-1400.0,-600.0
-1408.0,-528.0,-98.6389,2.42706e-07,84.8392,-83.6598,95.1608,96.3402,-1408.0,-528.0,-1400.0,-600.0
-1406.0,-528.0,-98.6158,2.42063e-07,84.8255,-85.2364,95.1745,94.7636,-1406.0,-528.0,-1400.0,-600.0
-1404.0,-528.0,-98.5992,2.41603e-07,84.8156,-86.8202,95.1844,93.1798,-1404.0,-528.0,-1400.0,-600.0
-1402.0,-528.0,-98.5893,2.41326e-07,84.8096,-88.4089,95.1904,91.5911,-1402.0,-528.0,-1400.0,-600.0
-1400.0,-528.0,-98.586,2.41234e-07,84.8076,-90.0,95.1924,90.0,-1400.0,-528.0,-1400.0,-600.0
-1398.0,-528.0,-98.5893,2.41326e-07,84.8096,-91.5911,95.1904,88.4089,-1398.0,-528.0,-1400.0,-600.0
-1396.0,-528.0,-109.504,3.03727e-07,85.8781,-126.214,94.1219,129.101,-1425.63,-568.463,-1425.63,-568.463
-1394.0,-528.0,-108.835,3.07727e-07,85.8976,-127.482,94.1024,129.985,-1425.61,-569.467,-1397.7,-532.824
-1392.0,-528.0,-127.697,3.38259e-07,86.2207,124.474,93.7793,129.101,-1425.63,-568.463,-1395.38,-523.076
-1390.0,-528.0,-120.401,3.42121e-07,86.2161,126.006,93.7839,129.101,-1425.63,-568.463,-1393.59,-523.064
-1388.0,-528.0,-113.44,3.46123e-07,86.2132,127.481,93.7868,129.101,-1425.63,-568.463,-1391.79,-523.051
-1386.0,-528.0,-118.989,3.50228e-07,86.2115,128.952,93.7885,129.985,-1425.61,-569.467,-1390.01,-523.039
-1384.0,-528.0,-124.345,3.78171e-07,86.449,-122.447,93.551,129.101,-1425.63,-568.463,-1386.86,-532.495
-1382.0,-528.0,-113.267,3.81826e-07,86.4407,-123.761,93.5593,129.101,-1425.63,-568.463,-1384.97,-532.438
-1380.0,-528.0,-114.57,3.85584e-07,86.4335,-124.471,93.5665,129.985,-1425.61,-569.467,-1383.01,-532.378
-1378.0,-528.0,-140.545,3.8952e-07,86.428,-127.559,93.572,129.985,-1425.61,-569.467,-1381.33,-532.327
-1376.0,-528.0,-137.672,3.93729e-07,86.4252,-130.412,93.5748,129.985,-1425.61,-569.467,-1379.64,-532.276
-1374.0,-528.0,-141.47,3.98181e-07,86.4246,-133.042,93.5754,129.985,-1425.61,-569.467,-1377.95,-532.225
-1372.0,-528.0,-145.68,1.38567e-06,88.9616,13.9665,91.0384,-15.5937,-1342.83,-615.957,-1353.12,-523.303
-1370.0,-528.0,-146.889,4.07689e-07,86.4606,-137.694,93.5394,129.985,-1425.61,-569.467,-1374.53,-532.121
-1368.0,-528.0,-146.898,4.12696e-07,86.5036,-139.749,93.4964,129.985,-1425.61,-569.467,-1372.81,-532.069
-1366.0,-528.0,-150.167,4.17851e-07,86.5468,-141.644,93.4532,129.985,-1425.61,-569.467,-1371.08,-532.016
-1364.0,-528.0,-151.026,4.56655e-07,86.8406,-149.579,93.1594,117.862,-1429.33,-544.506,-1370.83,-532.009
-1362.0,-528.0,-152.358,4.51779e-07,86.7729,159.057,93.2271,117.862,-1429.33,-544.506,-1375.23,-522.937
-1360.0,-528.0,-150.889,4.74082e-07,86.8908,74.6434,93.1092,-43.3117,-1381.35,-617.58,-1358.74,-523.413
-1358.0,-528.0,-151.107,4.7244e-07,86.8458,76.5596,93.1542,-43.3117,-1381.35,-617.58,-1356.9,-523.377
-1356.0,-528.0,-152.72,2.37009e-06,89.5067,2.25213,90.7597,-14.6941,-1339.66,-615.823,-1181.7,-521.145
-1354.0,-528.0,-152.271,2.36342e-06,89.4891,2.25848,90.7597,-14.6877,-1339.64,-615.822,-1181.7,-521.205
-1352.0,-528.0,-151.489,4.77105e-07,86.775,108.919,93.225,-43.3117,-1381.35,-617.58,-1353.61,-523.313
-1350.0,-528.0,-132.168,1.30758e-06,88.8115,-10.3681,91.1885,-15.5937,-1342.83,-615.957,-1186.78,-557.862
-1348.0,-528.0,-133.509,1.30102e-06,88.7931,-10.4938,91.2069,-15.5937,-1342.83,-615.957,-1186.78,-557.862
-1346.0,-528.0,-134.721,1.29448e-06,88.7626,-10.6227,91.2374,-15.5937,-1342.83,-615.957,-1186.78,-557.862
-1344.0,-528.0,-135.815,1.28793e-06,88.7312,-10.7547,91.2688,-15.5937,-1342.83,-615.957,-1186.78,-557.862
-1342.0,-528.0,-136.798,1.28139e-06,88.6995,-10.89,91.3005,-15.5937,-1342.83,-615.957,-1186.78,-557.862
-1340.0,-528.0,-137.689,1.27486e-06,88.6675,-11.0286,91.3325,-15.5937,-1342.83,-615.957,-1186.78,-557.862
-1338.0,-528.0,-138.504,1.26832e-06,88.6352,-11.1709,91.3648,-15.5937,-1342.83,-615.957,-1186.78,-557.862
-1336.0,-528.0,-139.254,1.26179e-06,88.6025,-11.3168,91.3975,-15.5937,-1342.83,-615.957,-1186.78,-557.862
-1334.0,-528.0,-139.948,1.25527e-06,88.5696,-11.4664,91.4304,-15.5937,-1342.83,-615.957,-1186.78,-557.862
-1332.0,-528.0,-140.594,1.24874e-06,88.5362,-11.6201,91.4638,-15.5937,-1342.83,-615.957,-1186.78,-557.862
-1330.0,-528.0,-133.318,1.30384e-06,90.0873,-138.159,91.4723,-15.0211,-1340.85,-615.873,-1338.52,-535.628
-1328.0,-528.0,-126.293,1.30882e-06,88.5541,-138.575,91.4459,-14.8341,-1340.17,-615.845,-1338.13,-536.942
-1326.0,-528.0,-142.3,1.2292e-06,88.4341,-12.1064,91.5659,-15.5937,-1342.83,-615.957,-1186.78,-557.862
-1324.0,-528.0,-142.807,1.2227e-06,88.3994,-12.2776,91.6006,-15.5937,-1342.83,-615.957,-1186.78,-557.862
-1322.0,-528.0,-143.288,1.2162e-06,88.3643,-12.4535,91.6357,-15.5937,-1342.83,-615.957,-1186.78,-557.862
-1320.0,-528.0,-117.708,1.23236e-06,88.3595,-13.3941,91.6405,24.3131,-1376.99,-589.606,-1186.61,-559.765
-1318.0,-528.0,-117.808,1.22589e-06,88.3245,-13.4664,91.6755,24.3853,-1377.08,-589.609,-1186.63,-559.457
-1316.0,-528.0,-117.92,1.21942e-06,88.2892,-13.5394,91.7108,24.4584,-1377.16,-589.611,-1186.66,-559.145
-1314.0,-528.0,-118.045,1.21295e-06,88.2534,-13.6133,91.7466,24.5322,-1377.24,-589.614,-1186.69,-558.83
-1312.0,-528.0,-118.183,1.20649e-06,88.2173,-13.6879,91.7827,24.6069,-1377.33,-589.616,-1186.72,-558.511
-1310.0,-528.0,-118.337,1.20003e-06,88.1808,-13.7633,91.8192,24.6823,-1377.41,-589.619,-1186.75,-558.189
-1308.0,-528.0,-146.111,1.17085e-06,88.1078,-13.8393,91.8922,-15.5937,-1342.83,-615.957,-1186.78,-557.862
-1306.0,-528.0,-146.456,1.16439e-06,88.0696,-14.0623,91.9304,-15.5937,-1342.83,-615.957,-1186.78,-557.862
-1304.0,-528.0,-146.789,1.15795e-06,88.0309,-14.2925,91.9691,-15.5937,-1342.83,-615.957,-1186.78,-557.862
-1302.0,-528.0,-147.111,1.15151e-06,87.9919,-14.5302,92.0081,-15.5937,-1342.83,-615.957,-1186.78,-557.862
-1300.0,-528.0,-147.424,1.14507e-06,87.9561,-14.7757,92.0439,-15.5937,-1342.83,-615.957,-1186.78,-557.862
-1298.0,-528.0,-147.727,1.13864e-06,87.9304,-15.0295,92.0696,-15.5937,-1342.83,-615.957,-1186.78,-557.862
-1296.0,-528.0,-148.023,1.13221e-06,87.9044,-15.2919,92.0956,-15.5937,-1342.83,-615.957,-1186.78,-557.862
-1294.0,-528.0,-148.31,1.12579e-06,87.8781,-15.5635,92.1219,-15.5937,-1342.83,-615.957,-1186.78,-557.862
-1292.0,-528.0,-147.057,1.58645e-06,87.2236,55.2123,90.8555,55.4988,-1393.2,-590.102,-1212.07,-412.949
-1290.0,-528.0,-144.005,6.72518e-07,85.0883,-121.078,92.7587,56.2331,-1393.39,-590.107,-1317.53,-573.679
-1288.0,-528.0,-141.359,6.75999e-07,85.0493,-121.566,92.7434,55.7491,-1393.26,-590.104,-1316.04,-573.64
-1286.0,-528.0,-139.945,6.79527e-07,85.011,-122.05,92.728,55.2701,-1393.14,-590.1,-1314.55,-573.601
-1284.0,-528.0,-148.532,1.57144e-06,87.0805,56.0099,90.8641,56.3001,-1393.4,-590.108,-1211.77,-420.882
-1282.0,-528.0,-149.127,1.56774e-06,87.0445,56.2117,90.8663,56.5028,-1393.45,-590.11,-1211.7,-422.937
-1280.0,-528.0,-149.853,1.56406e-06,87.0083,56.4145,90.8685,56.7065,-1393.51,-590.111,-1211.62,-425.022
-1278.0,-528.0,-150.41,1.07481e-06,87.6571,-18.127,92.3429,-15.5937,-1342.83,-615.957,-1186.78,-557.862
-1276.0,-528.0,-150.666,1.06849e-06,87.6345,-18.5059,92.3655,-15.5937,-1342.83,-615.957,-1186.78,-557.862
-1274.0,-528.0,-150.926,1.06217e-06,87.6204,-18.9005,92.3796,-15.5937,-1342.83,-615.957,-1186.78,-557.862
-1272.0,-528.0,-151.182,1.05587e-06,87.6062,-19.3116,92.3938,-15.5937,-1342.83,-615.957,-1186.78,-557.862
-1270.0,-528.0,-149.495,6.67903e-07,86.214,-155.608,93.786,148.195,-1425.26,-584.337,-1373.66,-575.003
-1268.0,-528.0,-150.397,6.73985e-07,86.2348,-155.883,93.7652,148.195,-1425.26,-584.337,-1372.95,-574.981
-1266.0,-528.0,-151.357,6.80087e-07,86.2449,-156.153,93.7551,148.195,-1425.26,-584.337,-1372.24,-574.96
-1264.0,-528.0,-151.8,7.12168e-07,86.3915,-123.547,93.6085,-35.9954,-1376.1,-617.359,-1321.89,-615.304
-1262.0,-528.0,-151.27,7.15899e-07,86.3878,-124.23,93.6122,-35.9954,-1376.1,-617.359,-1321.39,-615.29
-1260.0,-528.0,-137.62,7.61895e-07,86.8616,-128.003,93.9142,54.5796,-1392.96,-590.094,-1328.36,-615.488
-1258.0,-528.0,-139.864,7.66031e-07,86.8459,-128.398,93.8934,54.1864,-1392.85,-590.091,-1327.31,-615.458
-1256.0,-528.0,-139.661,7.70203e-07,86.8306,-128.788,93.8727,53.7976,-1392.74,-590.088,-1326.26,-615.428
-1254.0,-528.0,-130.508,7.2541e-07,86.346,-130.958,93.654,-43.396,-1381.4,-617.583,-1329.98,-615.534
-1252.0,-528.0,-125.01,7.29797e-07,86.3713,-131.519,93.6287,-43.396,-1381.4,-617.583,-1329.48,-615.52
-1250.0,-528.0,-118.793,7.34218e-07,86.4152,-132.07,93.5848,-43.396,-1381.4,-617.583,-1328.98,-615.505
-1248.0,-528.0,-125.651,7.38687e-07,86.4588,-132.612,93.5412,-43.396,-1381.4,-617.583,-1328.49,-615.491
-1246.0,-528.0,-130.453,7.43202e-07,86.5021,-133.144,93.4979,-43.396,-1381.4,-617.583,-1327.99,-615.477
-1244.0,-528.0,-133.855,7.47762e-07,86.5451,-133.668,93.4549,-43.396,-1381.4,-617.583,-1327.49,-615.463
-1242.0,-528.0,-132.585,7.83583e-07,86.7238,132.386,93.2762,-43.396,-1381.4,-617.583,-1247.81,-521.629
-1240.0,-528.0,-126.52,7.8808e-07,86.763,132.879,93.237,-43.396,-1381.4,-617.583,-1245.94,-521.608
-1238.0,-528.0,-121.691,7.92618e-07,86.802,133.364,93.198,-43.396,-1381.4,-617.583,-1244.06,-521.588
-1236.0,-528.0,-127.588,7.97207e-07,86.8288,133.841,93.1712,-43.396,-1381.4,-617.583,-1242.18,-521.567
-1234.0,-528.0,-131.884,8.01842e-07,86.8471,134.31,93.1529,-43.396,-1381.4,-617.583,-1240.3,-521.547
-1232.0,-528.0,-134.578,6.99565e-07,88.157,-142.221,94.9951,36.3753,-1386.27,-589.89,-1303.25,-583.225
-1230.0,-528.0,-136.256,7.04849e-07,88.2257,-142.559,94.9562,36.0472,-1386.1,-589.885,-1300.72,-582.149
-1228.0,-528.0,-127.736,7.09866e-07,86.4713,-142.903,93.5287,35.7331,-1385.93,-589.879,-1306.24,-587.164
-1226.0,-528.0,-121.517,7.15158e-07,86.5426,-143.248,93.4574,35.4297,-1385.77,-589.874,-1343.84,-615.999
-1224.0,-528.0,-120.686,7.20473e-07,86.613,-143.566,93.387,35.1116,-1385.59,-589.869,-1343.17,-615.971
-1222.0,-528.0,-118.509,7.2581e-07,86.6825,-143.88,93.3175,34.7982,-1385.41,-589.864,-1342.51,-615.943
-1220.0,-528.0,-116.113,7.31171e-07,86.7511,-144.188,93.2489,34.4894,-1385.24,-589.858,-1341.85,-615.915
-1218.0,-528.0,-114.267,7.36553e-07,86.8187,-144.493,93.1813,34.1852,-1385.06,-589.853,-1341.18,-615.887
-1216.0,-528.0,-112.992,7.41956e-07,86.8855,-144.792,93.1145,33.8855,-1384.88,-589.847,-1340.51,-615.859
-1214.0,-528.0,-112.134,7.4738e-07,86.9514,-145.088,93.0486,33.5901,-1384.71,-589.842,-1339.85,-615.831
-1212.0,-528.0,-111.557,7.52825e-07,87.0164,-145.379,92.9836,33.299,-1384.53,-589.836,-1339.18,-615.803
-1210.0,-528.0,-144.903,8.31129e-07,93.1775,-139.845,94.5841,-39.1581,-1378.56,-617.463,-1237.1,-550.861
-1208.0,-528.0,-140.86,7.33747e-07,92.8129,-150.117,95.6007,-24.6734,-1363.38,-616.823,-1245.71,-549.669
-1206.0,-528.0,-122.713,7.391e-07,89.3618,-150.517,95.5847,-24.5859,-1363.24,-616.817,-1310.2,-586.914
-1204.0,-528.0,-120.797,7.4491e-07,89.483,-150.782,95.541,-24.3473,-1362.87,-616.801,-1308.56,-586.479
-1202.0,-528.0,-110.933,7.8041e-07,87.329,-147.252,92.671,32.9986,-1384.34,-589.831,-1338.47,-615.775
-1600.0,-526.0,-142.764,1.22917e-06,89.8529,46.3533,90.1471,134.012,-1425.51,-573.595,-1509.09,-430.694
-1598.0,-526.0,0.0,0.0,0.0,0.0,0.0,0.0,0.0,0.0,0.0,0.0
-1596.0,-526.0,0.0,0.0,0.0,0.0,0.0,0.0,0.0,0.0,0.0,0.0
-1594.0,-526.0,0.0,0.0,0.0,0.0,0.0,0.0,0.0,0.0,0.0,0.0
-1592.0,-526.0,0.0,0.0,0.0,0.0,0.0,0.0,0.0,0.0,0.0,0.0
-1590.0,-526.0,0.0,0.0,0.0,0.0,0.0,0.0,0.0,0.0,0.0,0.0
-1588.0,-526.0,0.0,0.0,0.0,0.0,0.0,0.0,0.0,0.0,0.0,0.0
-1586.0,-526.0,0.0,0.0,0.0,0.0,0.0,0.0,0.0,0.0,0.0,0.0
-1584.0,-526.0,0.0,0.0,0.0,0.0,0.0,0.0,0.0,0.0,0.0,0.0
-1582.0,-526.0,0.0,0.0,0.0,0.0,0.0,0.0,0.0,0.0,0.0,0.0
-1580.0,-526.0,0.0,0.0,0.0,0.0,0.0,0.0,0.0,0.0,0.0,0.0
-1578.0,-526.0,0.0,0.0,0.0,0.0,0.0,0.0,0.0,0.0,0.0,0.0
-1576.0,-526.0,0.0,0.0,0.0,0.0,0.0,0.0,0.0,0.0,0.0,0.0
-1574.0,-526.0,0.0,0.0,0.0,0.0,0.0,0.0,0.0,0.0,0.0,0.0
-1572.0,-526.0,0.0,0.0,0.0,0.0,0.0,0.0,0.0,0.0,0.0,0.0
-1570.0,-526.0,0.0,0.0,0.0,0.0,0.0,0.0,0.0,0.0,0.0,0.0
-1568.0,-526.0,0.0,0.0,0.0,0.0,0.0,0.0,0.0,0.0,0.0,0.0
-1566.0,-526.0,0.0,0.0,0.0,0.0,0.0,0.0,0.0,0.0,0.0,0.0
-1564.0,-526.0,0.0,0.0,0.0,0.0,0.0,0.0,0.0,0.0,0.0,0.0
-1562.0,-526.0,0.0,0.0,0.0,0.0,0.0,0.0,0.0,0.0,0.0,0.0
-1560.0,-526.0,-154.795,2.00887e-06,89.4683,-0.655777,90.5317,-15.3614,-1342.04,-615.923,-1466.46,-527.071
-1558.0,-526.0,-154.722,2.0022e-06,89.4504,-0.664049,90.5496,-15.3614,-1342.04,-615.923,-1466.19,-527.064
-1556.0,-526.0,-154.648,1.99553e-06,89.4324,-0.672532,90.5676,-15.3614,-1342.04,-615.923,-1465.91,-527.057
-1554.0,-526.0,-154.572,1.98886e-06,89.4216,-0.681235,90.5784,-15.3614,-1342.04,-615.923,-1465.63,-527.051
-1552.0,-526.0,-154.497,1.98219e-06,89.4197,-0.690166,90.5803,-15.3614,-1342.04,-615.923,-1465.34,-527.044
-1550.0,-526.0,-154.42,1.97552e-06,89.4177,-0.699334,90.5823,-15.3614,-1342.04,-615.923,-1465.05,-527.037
-1548.0,-526.0,-154.342,1.96884e-06,89.4157,-0.708749,90.5843,-15.3614,-1342.04,-615.923,-1464.75,-527.03
-1546.0,-526.0,-154.263,1.96217e-06,89.4137,-0.718422,90.5863,-15.3614,-1342.04,-615.923,-1464.45,-527.023
-1544.0,-526.0,-154.183,1.9555e-06,89.4117,-0.728361,90.5883,-15.3614,-1342.04,-615.923,-1464.14,-527.015
-1542.0,-526.0,-154.102,1.94883e-06,89.4097,-0.73858,90.5903,-15.3614,-1342.04,-615.923,-1463.83,-527.008
-1540.0,-526.0,-154.657,1.94184e-06,89.4076,1.18094,90.5924,-15.3614,-1342.04,-615.923,-1399.57,-523.105
-1538.0,-526.0,-154.578,1.93516e-06,89.4055,1.198,90.5945,-15.3614,-1342.04,-615.923,-1399.57,-523.105
-1536.0,-526.0,-154.498,1.92849e-06,89.4095,1.21556,90.5905,-15.3614,-1342.04,-615.923,-1399.57,-523.105
-1534.0,-526.0,-154.417,1.92182e-06,89.4159,1.23364,90.5841,-15.3614,-1342.04,-615.923,-1399.57,-523.105
-1532.0,-526.0,-154.335,1.91514e-06,89.4223,1.25226,90.5777,-15.3614,-1342.04,-615.923,-1399.57,-523.105
-1530.0,-526.0,-154.252,1.90847e-06,89.4287,1.27146,90.5713,-15.3614,-1342.04,-615.923,-1399.57,-523.105
-1528.0,-526.0,-154.167,1.90179e-06,89.4352,1.29125,90.5648,-15.3614,-1342.04,-615.923,-1399.57,-523.105
-1526.0,-526.0,-154.081,1.89512e-06,89.4417,1.31167,90.5583,-15.3614,-1342.04,-615.923,-1399.57,-523.105
-1524.0,-526.0,-153.995,1.88844e-06,89.4483,1.33275,90.5517,-15.3614,-1342.04,-615.923,-1399.57,-523.105
-1522.0,-526.0,-153.906,1.88177e-06,89.4549,1.35451,90.5451,-15.3614,-1342.04,-615.923,-1399.57,-523.105
-1520.0,-526.0,-153.817,1.8751e-06,89.4615,1.377,90.5385,-15.3614,-1342.04,-615.923,-1399.57,-523.105
-1518.0,-526.0,-153.725,1.86843e-06,89.4597,1.40024,90.5403,-15.3614,-1342.04,-615.923,-1399.57,-523.105
-1516.0,-526.0,-153.633,1.86175e-06,89.4578,1.42429,90.5422,-15.3614,-1342.04,-615.923,-1399.57,-523.105
-1514.0,-526.0,-153.539,1.85508e-06,89.4558,1.44917,90.5442,-15.3614,-1342.04,-615.923,-1399.57,-523.105
-1512.0,-526.0,-153.443,1.84841e-06,89.4539,1.47494,90.5461,-15.3614,-1342.04,-615.923,-1399.57,-523.105
-1510.0,-526.0,-153.345,1.84174e-06,89.4519,1.50164,90.5481,-15.3614,-1342.04,-615.923,-1399.57,-523.105
-1508.0,-526.0,-153.246,1.83507e-06,89.4499,1.52933,90.5501,-15.3614,-1342.04,-615.923,-1399.57,-523.105
-1506.0,-526.0,-153.145,1.8284e-06,89.4479,1.55805,90.5521,-15.3614,-1342.04,-615.923,-1399.57,-523.105
-1504.0,-526.0,-153.042,1.82173e-06,89.4459,1.58788,90.5541,-15.3614,-1342.04,-615.923,-1399.57,-523.105
-1502.0,-526.0,-152.937,1.81506e-06,89.4438,1.61887,90.5562,-15.3614,-1342.04,-615.923,-1399.57,-523.105
-1500.0,-526.0,-152.83,1.80839e-06,89.4418,1.65109,90.5582,-15.3614,-1342.04,-615.923,-1399.57,-523.105
-1498.0,-526.0,-152.569,6.77356e-07,88.5095,40.9772,91.4905,129.101,-1425.63,-568.463,-1465.94,-498.153
-1496.0,-526.0,-152.314,6.72337e-07,88.4984,41.4445,91.5016,129.101,-1425.63,-568.463,-1464.37,-498.07
-1494.0,-526.0,-152.226,6.67355e-07,88.4872,41.9207,91.5128,129.101,-1425.63,-568.463,-1462.8,-497.987
-1492.0,-526.0,-152.379,1.78171e-06,89.4334,1.79391,90.5666,-15.3614,-1342.04,-615.923,-1399.57,-523.105
-1490.0,-526.0,-152.26,1.77504e-06,89.4313,1.83356,90.5687,-15.3614,-1342.04,-615.923,-1399.57,-523.105
-1488.0,-526.0,-152.138,1.76837e-06,89.4291,1.875,90.5709,-15.3614,-1342.04,-615.923,-1399.57,-523.105
-1486.0,-526.0,-152.013,1.7617e-06,89.427,1.91836,90.573,-15.3614,-1342.04,-615.923,-1399.57,-523.105
-1484.0,-526.0,-151.884,1.75503e-06,89.4248,1.96377,90.5752,-15.3614,-1342.04,-615.923,-1399.57,-523.105
-1482.0,-526.0,-151.753,1.74836e-06,89.4226,2.01138,90.5774,-15.3614,-1342.04,-615.923,-1399.57,-523.105
-1480.0,-526.0,-151.617,1.74169e-06,89.4204,2.06136,90.5796,-15.3614,-1342.04,-615.923,-1399.57,-523.105
-1478.0,-526.0,-151.478,1.73502e-06,89.4182,2.11388,90.5818,-15.3614,-1342.04,-615.923,-1399.57,-523.105
-1476.0,-526.0,-151.335,1.72836e-06,89.4159,2.16915,90.5841,-15.3614,-1342.04,-615.923,-1399.57,-523.105
-1474.0,-526.0,-121.421,1.14414e-06,89.1176,82.4506,90.8824,103.95,-1443.64,-424.332,-1470.34,-498.387
-1472.0,-526.0,-122.05,1.14328e-06,89.117,82.7822,90.883,103.618,-1442.56,-424.303,-1468.49,-498.289
-1470.0,-526.0,-122.751,1.14246e-06,89.1163,83.1143,90.8837,103.286,-1441.49,-424.275,-1466.64,-498.191
-1468.0,-526.0,-123.53,1.14168e-06,89.1157,83.4468,90.8843,102.953,-1440.43,-424.246,-1464.79,-498.092
-1466.0,-526.0,-124.39,1.14094e-06,89.1125,83.7798,90.8875,102.62,-1439.36,-424.218,-1462.95,-497.994
-1464.0,-526.0,-113.117,9.50109e-07,88.9173,78.9462,91.0827,104.106,-1444.14,-424.345,-1444.14,-424.345
-1462.0,-526.0,-113.29,9.48858e-07,88.8988,79.3417,91.1012,103.71,-1442.86,-424.311,-1442.86,-424.311
-1460.0,-526.0,-113.492,9.47652e-07,88.8804,79.7383,91.1196,103.314,-1441.58,-424.277,-1441.58,-424.277
-1458.0,-526.0,-113.727,9.46492e-07,88.862,80.1359,91.138,102.916,-1440.31,-424.243,-1440.31,-424.243
-1456.0,-526.0,-113.996,9.45378e-07,88.8435,80.5345,91.1565,102.518,-1439.03,-424.209,-1439.03,-424.209
-1454.0,-526.0,-114.303,9.44309e-07,88.8251,80.934,91.1749,102.118,-1437.75,-424.175,-1437.75,-424.175
-1452.0,-526.0,-114.652,9.43286e-07,88.8067,81.3343,91.1933,101.718,-1436.48,-424.141,-1436.48,-424.141
-1450.0,-526.0,-114.408,9.53915e-07,88.8031,107.424,91.1969,104.393,-1445.07,-424.37,-1459.43,-495.957
-1448.0,-526.0,-114.06,9.55941e-07,88.7888,107.806,91.2112,104.775,-1446.31,-424.403,-1459.78,-489.317
-1446.0,-526.0,-113.789,9.58008e-07,88.7745,108.186,91.2255,105.155,-1447.55,-424.436,-1460.12,-483.031
-1444.0,-526.0,-114.061,9.66741e-07,88.7689,110.083,91.2311,76.4342,-1396.49,-585.451,-1460.19,-481.732
-1442.0,-526.0,-128.827,1.06042e-06,88.8624,84.1881,91.1376,-94.0374,-1401.3,-618.421,-1431.62,-424.012
-1440.0,-526.0,-129.904,1.05978e-06,88.8465,84.5471,91.1535,-93.6784,-1401.18,-618.416,-1430.26,-423.975
-1438.0,-526.0,-130.914,1.05917e-06,88.8306,84.9066,91.1694,-93.319,-1401.07,-618.411,-1428.9,-423.939
-1436.0,-526.0,-144.888,5.74767e-07,87.8232,68.9069,92.1768,116.153,-1429.44,-540.041,-1420.03,-484.6
-1434.0,-526.0,-147.888,5.41549e-07,87.6896,71.5074,92.3104,79.7933,-1396.62,-581.218,-1420.16,-484.607
-1432.0,-526.0,-130.672,5.70352e-07,87.8063,72.4531,92.1937,116.153,-1429.44,-540.041,-1418.89,-484.538
-1430.0,-526.0,-127.75,2.67439e-07,85.3176,-40.8029,94.6824,111.97,-1429.78,-526.194,-1429.78,-526.194
-1428.0,-526.0,-99.3999,2.64903e-07,85.2727,-69.2744,94.7273,110.726,-1428.0,-526.0,-1400.0,-600.0
-1426.0,-526.0,-99.3247,2.62624e-07,85.2316,-70.641,94.7684,109.359,-1426.0,-526.0,-1400.0,-600.0
-1424.0,-526.0,-99.254,2.60495e-07,85.1925,-72.0309,94.8075,107.969,-1424.0,-526.0,-1400.0,-600.0
-1422.0,-526.0,-99.1878,2.58522e-07,85.1557,-73.4429,94.8443,106.557,-1422.0,-526.0,-1400.0,-600.0
-1420.0,-526.0,-99.1266,2.56707e-07,85.1214,-74.876,94.8786,105.124,-1420.0,-526.0,-1400.0,-600.0
-1418.0,-526.0,-99.0704,2.55053e-07,85.0897,-76.3287,94.9103,103.671,-1418.0,-526.0,-1400.0,-600.0
-1416.0,-526.0,-99.0195,2.53565e-07,85.0608,-77.7995,94.9392,102.2,-1416.0,-526.0,-1400.0,-600.0
-1414.0,-526.0,-98.9741,2.52244e-07,85.0348,-79.2869,94.9652,100.713,-1414.0,-526.0,-1400.0,-600.0
-1412.0,-526.0,-98.9343,2.51094e-07,85.012,-80.789,94.988,99.211,-1412.0,-526.0,-1400.0,-600.0
-1410.0,-526.0,-98.9004,2.50116e-07,84.9925,-82.3039,95.0075,97.6961,-1410.0,-526.0,-1400.0,-600.0
-1408.0,-526.0,-98.8725,2.49314e-07,84.9763,-83.8298,95.0237,96.1702,-1408.0,-526.0,-1400.0,-600.0
-1406.0,-526.0,-98.8506,2.48688e-07,84.9637,-85.3645,95.0363,94.6355,-1406.0,-526.0,-1400.0,-600.0
-1404.0,-526.0,-98.8349,2.4824e-07,84.9546,-86.9059,95.0454,93.0941,-1404.0,-526.0,-1400.0,-600.0
-1402.0,-526.0,-98.8255,2.4797e-07,84.9491,-88.4518,95.0509,91.5482,-1402.0,-526.0,-1400.0,-600.0
-1400.0,-526.0,-98.8223,2.47881e-07,84.9472,-90.0,95.0528,90.0,-1400.0,-526.0,-1400.0,-600.0
-1398.0,-526.0,-98.8255,2.4797e-07,84.9491,-91.5482,95.0509,88.4518,-1398.0,-526.0,-1400.0,-600.0
-1396.0,-526.0,-119.393,3.09142e-07,85.9504,-124.907,94.0496,129.101,-1425.63,-568.463,-1425.63,-568.463
-1394.0,-526.0,-110.686,3.13049e-07,85.9675,-126.682,94.0325,129.101,-1425.63,-568.463,-1425.63,-568.463
-1392.0,-526.0,-120.354,3.17106e-07,85.9682,-129.868,94.0318,129.985,-1425.61,-569.467,-1397.7,-532.824
-1390.0,-526.0,-110.853,3.36772e-07,86.1559,127.128,93.8441,129.101,-1425.63,-568.463,-1392.23,-523.055
-1388.0,-526.0,-112.102,3.40855e-07,86.1546,127.885,93.8454,129.985,-1425.61,-569.467,-1390.3,-523.041
-1386.0,-526.0,-131.255,3.45202e-07,86.1562,133.116,93.8438,129.985,-1425.61,-569.467,-1388.78,-523.031
-1384.0,-526.0,-130.217,3.83818e-07,86.5013,-121.618,93.4987,129.101,-1425.63,-568.463,-1388.02,-532.53
-1382.0,-526.0,-120.92,3.87391e-07,86.4919,-122.915,93.5081,129.101,-1425.63,-568.463,-1386.19,-532.475
-1380.0,-526.0,-128.687,3.91144e-07,86.4843,-122.384,93.5157,129.985,-1425.61,-569.467,-1384.07,-532.41
-1378.0,-526.0,-122.138,3.94877e-07,86.4766,-125.39,93.5234,129.985,-1425.61,-569.467,-1382.52,-532.363
-1376.0,-526.0,-143.212,3.98884e-07,86.4715,-128.188,93.5285,129.985,-1425.61,-569.467,-1380.97,-532.316
-1374.0,-526.0,-138.315,4.03138e-07,86.4687,-130.786,93.5313,129.985,-1425.61,-569.467,-1379.41,-532.269
-1372.0,-526.0,-142.366,4.07612e-07,86.4678,-133.195,93.5322,129.985,-1425.61,-569.467,-1377.84,-532.222
-1370.0,-526.0,-152.492,4.1227e-07,86.5,-135.429,93.5,129.985,-1425.61,-569.467,-1376.27,-532.174
-1368.0,-526.0,-147.707,4.17099e-07,86.5406,-137.498,93.4594,129.985,-1425.61,-569.467,-1374.68,-532.126
-1366.0,-526.0,-147.117,4.22086e-07,86.5815,-139.417,93.4185,129.985,-1425.61,-569.467,-1373.1,-532.078
-1364.0,-526.0,-149.244,4.27224e-07,86.5961,-141.196,93.4039,129.985,-1425.61,-569.467,-1371.5,-532.029
-1362.0,-526.0,-150.8,4.65812e-07,86.8437,-149.047,93.1563,117.862,-1429.33,-544.506,-1372.08,-532.047
-1360.0,-526.0,-150.713,4.67676e-07,86.8217,74.1038,93.1783,-43.3117,-1381.35,-617.58,-1359.27,-523.423
-1358.0,-526.0,-150.795,4.65978e-07,86.7754,76.0817,93.2246,-43.3117,-1381.35,-617.58,-1357.35,-523.386
-1356.0,-526.0,-152.915,4.48924e-07,86.6168,-147.142,93.3832,129.985,-1425.61,-569.467,-1365.03,-531.833
-1354.0,-526.0,-153.488,4.54576e-07,86.6233,-148.383,93.3767,129.985,-1425.61,-569.467,-1363.39,-531.784
-1352.0,-526.0,-151.585,4.70827e-07,86.7056,109.569,93.2944,-43.3117,-1381.35,-617.58,-1352.96,-523.3
-1350.0,-526.0,-138.192,1.30882e-06,88.8031,-11.0459,91.1969,-15.5937,-1342.83,-615.957,-1186.78,-557.862
-1348.0,-526.0,-138.949,1.30228e-06,88.7847,-11.1795,91.2153,-15.5937,-1342.83,-615.957,-1186.78,-557.862
-1346.0,-526.0,-139.65,1.29575e-06,88.7542,-11.3163,91.2458,-15.5937,-1342.83,-615.957,-1186.78,-557.862
-1344.0,-526.0,-140.301,1.28922e-06,88.7229,-11.4565,91.2771,-15.5937,-1342.83,-615.957,-1186.78,-557.862
-1342.0,-526.0,-140.91,1.2827e-06,88.6912,-11.6001,91.3088,-15.5937,-1342.83,-615.957,-1186.78,-557.862
-1340.0,-526.0,-141.481,1.27618e-06,88.6592,-11.7474,91.3408,-15.5937,-1342.83,-615.957,-1186.78,-557.862
-1338.0,-526.0,-142.02,1.26966e-06,88.6269,-11.8983,91.3731,-15.5937,-1342.83,-615.957,-1186.78,-557.862
-1336.0,-526.0,-142.529,1.26315e-06,88.5943,-12.0532,91.4057,-15.5937,-1342.83,-615.957,-1186.78,-557.862
-1334.0,-526.0,-143.011,1.25664e-06,88.5613,-12.2121,91.4387,-15.5937,-1342.83,-615.957,-1186.78,-557.862
-1332.0,-526.0,-143.471,1.25014e-06,88.528,-12.3751,91.472,-15.5937,-1342.83,-615.957,-1186.78,-557.862
-1330.0,-526.0,-131.828,1.3083e-06,89.776,-137.941,91.4696,-15.2389,-1341.61,-615.906,-1338.97,-534.093
-1328.0,-526.0,-128.62,1.31327e-06,89.1274,-138.134,91.4721,-15.0437,-1340.93,-615.877,-1338.57,-535.469
-1326.0,-526.0,-125.359,1.31825e-06,88.6463,-138.323,91.4744,-14.8498,-1340.23,-615.847,-1338.17,-536.831
-1324.0,-526.0,-145.113,1.22417e-06,88.3912,-13.0725,91.6088,-15.5937,-1342.83,-615.957,-1186.78,-557.862
-1322.0,-526.0,-145.483,1.21769e-06,88.3561,-13.259,91.6439,-15.5937,-1342.83,-615.957,-1186.78,-557.862
-1320.0,-526.0,-118.391,1.23393e-06,88.3516,-13.6957,91.6484,24.6146,-1377.34,-589.616,-1186.73,-558.478
-1318.0,-526.0,-118.542,1.22747e-06,88.3166,-13.7694,91.6834,24.6884,-1377.42,-589.619,-1186.75,-558.163
-1316.0,-526.0,-146.516,1.19828e-06,88.2486,-13.8515,91.7514,-15.5937,-1342.83,-615.957,-1186.78,-557.862
-1314.0,-526.0,-146.838,1.19183e-06,88.2121,-14.0607,91.7879,-15.5937,-1342.83,-615.957,-1186.78,-557.862
-1312.0,-526.0,-147.149,1.18538e-06,88.1751,-14.2761,91.8249,-15.5937,-1342.83,-615.957,-1186.78,-557.862
-1310.0,-526.0,-147.452,1.17894e-06,88.1377,-14.4982,91.8623,-15.5937,-1342.83,-615.957,-1186.78,-557.862
-1308.0,-526.0,-147.745,1.1725e-06,88.0999,-14.7271,91.9001,-15.5937,-1342.83,-615.957,-1186.78,-557.862
-1306.0,-526.0,-148.03,1.16607e-06,88.0618,-14.9631,91.9382,-15.5937,-1342.83,-615.957,-1186.78,-557.862
-1304.0,-526.0,-148.308,1.15965e-06,88.0232,-15.2067,91.9768,-15.5937,-1342.83,-615.957,-1186.78,-557.862
-1302.0,-526.0,-148.579,1.15324e-06,87.9842,-15.4581,92.0158,-15.5937,-1342.83,-615.957,-1186.78,-557.862
-1300.0,-526.0,-148.843,1.14683e-06,87.9485,-15.7178,92.0515,-15.5937,-1342.83,-615.957,-1186.78,-557.862
-1298.0,-526.0,-149.101,1.14043e-06,87.9228,-15.9861,92.0772,-15.5937,-1342.83,-615.957,-1186.78,-557.862
-1296.0,-526.0,-149.353,1.13403e-06,87.8968,-16.2635,92.1032,-15.5937,-1342.83,-615.957,-1186.78,-557.862
-1294.0,-526.0,-149.6,1.12764e-06,87.8706,-16.5505,92.1294,-15.5937,-1342.83,-615.957,-1186.78,-557.862
-1292.0,-526.0,-147.196,1.58099e-06,87.163,55.0726,90.854,55.3615,-1393.16,-590.101,-1212.12,-411.617
-1290.0,-526.0,-146.409,6.7824e-07,85.1709,-120.782,92.7678,56.5226,-1393.46,-590.11,-1318.42,-573.702
-1288.0,-526.0,-142.779,6.81691e-07,85.1329,-121.268,92.7527,56.0411,-1393.34,-590.106,-1316.94,-573.664
-1286.0,-526.0,-140.681,6.8519e-07,85.0955,-121.749,92.7375,55.5645,-1393.21,-590.102,-1315.47,-573.625
-1284.0,-526.0,-139.608,6.88737e-07,85.0588,-122.225,92.7223,55.0928,-1393.09,-590.098,-1314.0,-573.587
-1282.0,-526.0,-148.978,1.56222e-06,86.981,56.0738,90.8649,56.3675,-1393.42,-590.109,-1211.75,-421.559
-1280.0,-526.0,-149.612,1.55852e-06,86.9443,56.2769,90.867,56.5716,-1393.47,-590.11,-1211.67,-423.634
-1278.0,-526.0,-150.388,1.55485e-06,86.9074,56.481,90.8692,56.7766,-1393.52,-590.112,-1211.59,-425.74
-1276.0,-526.0,-151.735,1.07067e-06,87.6278,-19.6531,92.3722,-15.5937,-1342.83,-615.957,-1186.78,-557.862
-1274.0,-526.0,-151.926,1.0644e-06,87.6138,-20.0681,92.3862,-15.5937,-1342.83,-615.957,-1186.78,-557.862
-1272.0,-526.0,-152.092,1.05815e-06,87.5997,-20.5003,92.4003,-15.5937,-1342.83,-615.957,-1186.78,-557.862
-1270.0,-526.0,-152.251,1.05192e-06,87.5804,-20.9507,92.4196,-15.5937,-1342.83,-615.957,-1186.78,-557.862
-1268.0,-526.0,-152.411,1.04571e-06,87.5506,-21.4203,92.4494,-15.5937,-1342.83,-615.957,-1186.78,-557.862
-1266.0,-526.0,-152.574,1.03953e-06,87.5205,-21.9105,92.4795,-15.5937,-1342.83,-615.957,-1186.78,-557.862
-1264.0,-526.0,-150.409,6.88927e-07,86.2337,-155.821,93.7663,148.195,-1425.26,-584.337,-1373.11,-574.986
-1262.0,-526.0,-151.343,6.95026e-07,86.2435,-156.085,93.7565,148.195,-1425.26,-584.337,-1372.42,-574.965
-1260.0,-526.0,-151.292,7.252e-07,86.3777,-124.442,93.6223,-35.9954,-1376.1,-617.359,-1321.23,-615.285
-1258.0,-526.0,-138.108,7.71288e-07,86.8368,-128.089,93.9097,54.4948,-1392.93,-590.094,-1328.14,-615.481
-1256.0,-526.0,-139.939,7.75432e-07,86.8216,-128.478,93.8892,54.1069,-1392.83,-590.09,-1327.1,-615.452
-1254.0,-526.0,-134.195,7.30485e-07,86.3375,-130.472,93.6625,-43.396,-1381.4,-617.583,-1330.4,-615.546
-1252.0,-526.0,-130.01,7.3483e-07,86.3624,-131.031,93.6376,-43.396,-1381.4,-617.583,-1329.91,-615.532
-1250.0,-526.0,-124.404,7.39209e-07,86.4059,-131.581,93.5941,-43.396,-1381.4,-617.583,-1329.43,-615.518
-1248.0,-526.0,-119.622,7.43635e-07,86.4491,-132.122,93.5509,-43.396,-1381.4,-617.583,-1328.94,-615.504
-1246.0,-526.0,-126.216,7.48108e-07,86.4919,-132.654,93.5081,-43.396,-1381.4,-617.583,-1328.45,-615.49
-1244.0,-526.0,-130.817,7.52627e-07,86.5345,-133.177,93.4655,-43.396,-1381.4,-617.583,-1327.96,-615.476
-1242.0,-526.0,-134.113,7.5719e-07,86.5767,-133.691,93.4233,-43.396,-1381.4,-617.583,-1327.47,-615.462
-1240.0,-526.0,-121.222,7.8324e-07,86.7114,133.336,93.2886,-43.396,-1381.4,-617.583,-1244.16,-521.589
-1238.0,-526.0,-127.269,7.87817e-07,86.751,133.822,93.249,-43.396,-1381.4,-617.583,-1242.25,-521.568
-1236.0,-526.0,-131.676,7.92434e-07,86.7904,134.299,93.2096,-43.396,-1381.4,-617.583,-1240.35,-521.547
-1234.0,-526.0,-132.0,6.9845e-07,88.0261,-141.441,95.0848,37.1352,-1386.66,-589.902,-1309.61,-586.274
-1232.0,-526.0,-132.787,7.03678e-07,88.0939,-141.785,95.0454,36.8006,-1386.49,-589.897,-1306.77,-584.868
-1230.0,-526.0,-134.108,7.08931e-07,88.1608,-142.124,95.0065,36.471,-1386.32,-589.891,-1304.1,-583.635
-1228.0,-526.0,-135.112,7.14195e-07,88.2964,-142.462,94.9684,36.1499,-1386.16,-589.886,-1301.92,-582.801
-1226.0,-526.0,-131.173,7.19178e-07,86.5447,-142.682,93.4553,35.7331,-1385.93,-589.879,-1306.24,-587.164
-1224.0,-526.0,-121.623,7.24462e-07,86.6146,-143.141,93.3854,35.537,-1385.83,-589.876,-1344.06,-616.009
-1222.0,-526.0,-121.294,7.2977e-07,86.6836,-143.456,93.3164,35.2222,-1385.65,-589.871,-1343.41,-615.981
-1220.0,-526.0,-119.563,7.35101e-07,86.7516,-143.766,93.2484,34.9119,-1385.48,-589.866,-1342.75,-615.954
-1218.0,-526.0,-117.138,7.40455e-07,86.8188,-144.072,93.1812,34.6062,-1385.31,-589.86,-1342.1,-615.926
-1216.0,-526.0,-115.076,7.4583e-07,86.8851,-144.373,93.1149,34.305,-1385.13,-589.855,-1341.44,-615.898
-1214.0,-526.0,-113.604,7.51226e-07,86.9505,-144.67,93.0495,34.0081,-1384.96,-589.85,-1340.79,-615.871
-1212.0,-526.0,-112.602,7.56643e-07,87.0151,-144.962,92.9849,33.7154,-1384.78,-589.844,-1340.13,-615.843
-1210.0,-526.0,-111.924,7.6208e-07,87.0788,-145.251,92.9212,33.427,-1384.61,-589.839,-1339.47,-615.815
-1208.0,-526.0,-111.464,7.67538e-07,87.1417,-145.535,92.8583,33.1427,-1384.43,-589.833,-1338.81,-615.788
-1206.0,-526.0,-143.222,8.45669e-07,93.1932,-140.084,94.562,-38.9218,-1378.38,-617.455,-1236.81,-551.776
-1204.0,-526.0,-122.653,7.48193e-07,89.3986,-150.324,95.6201,-24.78,-1363.54,-616.83,-1311.57,-587.299
-1202.0,-526.0,-120.73,7.53993e-07,89.5156,-150.587,95.5768,-24.5427,-1363.18,-616.814,-1309.94,-586.856
-1600.0,-524.0,-146.047,1.22436e-06,89.8018,45.9546,90.1982,134.012,-1425.51,-573.595,-1509.76,-430.706
-1598.0,-524.0,-142.48,1.21974e-06,89.7746,46.3728,90.2254,134.012,-1425.51,-573.595,-1509.06,-430.693
-1596.0,-524.0,0.0,0.0,0.0,0.0,0.0,0.0,0.0,0.0,0.0,0.0
-1594.0,-524.0,0.0,0.0,0.0,0.0,0.0,0.0,0.0,0.0,0.0,0.0
-1592.0,-524.0,0.0,0.0,0.0,0.0,0.0,0.0,0.0,0.0,0.0,0.0
-1590.0,-524.0,0.0,0.0,0.0,0.0,0.0,0.0,0.0,0.0,0.0,0.0
-1588.0,-524.0,0.0,0.0,0.0,0.0,0.0,0.0,0.0,0.0,0.0,0.0
-1586.0,-524.0,0.0,0.0,0.0,0.0,0.0,0.0,0.0,0.0,0.0,0.0
-1584.0,-524.0,0.0,0.0,0.0,0.0,0.0,0.0,0.0,0.0,0.0,0.0
-1582.0,-524.0,0.0,0.0,0.0,0.0,0.0,0.0,0.0,0.0,0.0,0.0
-1580.0,-524.0,0.0,0.0,0.0,0.0,0.0,0.0,0.0,0.0,0.0,0.0
-1578.0,-524.0,0.0,0.0,0.0,0.0,0.0,0.0,0.0,0.0,0.0,0.0
-1576.0,-524.0,0.0,0.0,0.0,0.0,0.0,0.0,0.0,0.0,0.0,0.0
-1574.0,-524.0,0.0,0.0,0.0,0.0,0.0,0.0,0.0,0.0,0.0,0.0
-1572.0,-524.0,0.0,0.0,0.0,0.0,0.0,0.0,0.0,0.0,0.0,0.0
-1570.0,-524.0,0.0,0.0,0.0,0.0,0.0,0.0,0.0,0.0,0.0,0.0
-1568.0,-524.0,0.0,0.0,0.0,0.0,0.0,0.0,0.0,0.0,0.0,0.0
-1566.0,-524.0,0.0,0.0,0.0,0.0,0.0,0.0,0.0,0.0,0.0,0.0
-1564.0,-524.0,0.0,0.0,0.0,0.0,0.0,0.0,0.0,0.0,0.0,0.0
-1562.0,-524.0,0.0,0.0,0.0,0.0,0.0,0.0,0.0,0.0,0.0,0.0
-1560.0,-524.0,-154.38,2.00899e-06,89.4437,-1.36934,90.5563,-15.3614,-1342.04,-615.923,-1449.0,-526.653
-1558.0,-524.0,-154.299,2.00233e-06,89.4257,-1.3866,90.5743,-15.3614,-1342.04,-615.923,-1448.69,-526.646
-1556.0,-524.0,-154.217,1.99566e-06,89.4112,-1.40431,90.5888,-15.3614,-1342.04,-615.923,-1448.37,-526.638
-1554.0,-524.0,-154.134,1.98899e-06,89.4092,-1.42248,90.5908,-15.3614,-1342.04,-615.923,-1448.05,-526.631
-1552.0,-524.0,-154.049,1.98232e-06,89.4072,-1.44112,90.5928,-15.3614,-1342.04,-615.923,-1447.73,-526.623
-1550.0,-524.0,-153.964,1.97565e-06,89.4052,-1.46026,90.5948,-15.3614,-1342.04,-615.923,-1447.4,-526.615
-1548.0,-524.0,-153.877,1.96898e-06,89.4032,-1.47991,90.5968,-15.3614,-1342.04,-615.923,-1447.07,-526.607
-1546.0,-524.0,-153.789,1.9623e-06,89.4012,-1.5001,90.5988,-15.3614,-1342.04,-615.923,-1446.74,-526.599
-1544.0,-524.0,-153.699,1.95563e-06,89.3991,-1.52085,90.6009,-15.3614,-1342.04,-615.923,-1446.4,-526.591
-1542.0,-524.0,-153.608,1.94896e-06,89.3971,-1.54218,90.6029,-15.3614,-1342.04,-615.923,-1446.05,-526.583
-1540.0,-524.0,-154.659,1.94175e-06,89.3948,0.365076,90.6052,-15.3614,-1342.04,-615.923,-1399.57,-523.105
-1538.0,-524.0,-154.582,1.93508e-06,89.3927,0.37035,90.6073,-15.3614,-1342.04,-615.923,-1399.57,-523.105
-1536.0,-524.0,-154.504,1.9284e-06,89.3967,0.37578,90.6033,-15.3614,-1342.04,-615.923,-1399.57,-523.105
-1534.0,-524.0,-154.425,1.92173e-06,89.403,0.38137,90.597,-15.3614,-1342.04,-615.923,-1399.57,-523.105
-1532.0,-524.0,-154.345,1.91505e-06,89.4093,0.38713,90.5907,-15.3614,-1342.04,-615.923,-1399.57,-523.105
-1530.0,-524.0,-154.264,1.90837e-06,89.4157,0.393066,90.5843,-15.3614,-1342.04,-615.923,-1399.57,-523.105
-1528.0,-524.0,-154.181,1.9017e-06,89.4221,0.399187,90.5779,-15.3614,-1342.04,-615.923,-1399.57,-523.105
-1526.0,-524.0,-154.098,1.89502e-06,89.4286,0.405502,90.5714,-15.3614,-1342.04,-615.923,-1399.57,-523.105
-1524.0,-524.0,-154.014,1.88835e-06,89.4351,0.41202,90.5649,-15.3614,-1342.04,-615.923,-1399.57,-523.105
-1522.0,-524.0,-153.928,1.88167e-06,89.4417,0.41875,90.5583,-15.3614,-1342.04,-615.923,-1399.57,-523.105
-1520.0,-524.0,-153.841,1.875e-06,89.4483,0.425705,90.5517,-15.3614,-1342.04,-615.923,-1399.57,-523.105
-1518.0,-524.0,-153.753,1.86832e-06,89.4531,0.432894,90.5469,-15.3614,-1342.04,-615.923,-1399.57,-523.105
-1516.0,-524.0,-153.664,1.86165e-06,89.4511,0.44033,90.5489,-15.3614,-1342.04,-615.923,-1399.57,-523.105
-1514.0,-524.0,-153.573,1.85498e-06,89.4491,0.448026,90.5509,-15.3614,-1342.04,-615.923,-1399.57,-523.105
-1512.0,-524.0,-153.481,1.8483e-06,89.4471,0.455996,90.5529,-15.3614,-1342.04,-615.923,-1399.57,-523.105
-1510.0,-524.0,-153.387,1.84163e-06,89.4451,0.464254,90.5549,-15.3614,-1342.04,-615.923,-1399.57,-523.105
-1508.0,-524.0,-153.292,1.83496e-06,89.4431,0.472817,90.5569,-15.3614,-1342.04,-615.923,-1399.57,-523.105
-1506.0,-524.0,-153.196,1.82828e-06,89.4411,0.481702,90.5589,-15.3614,-1342.04,-615.923,-1399.57,-523.105
-1504.0,-524.0,-153.098,1.82161e-06,89.439,0.490927,90.561,-15.3614,-1342.04,-615.923,-1399.57,-523.105
-1502.0,-524.0,-152.998,1.81494e-06,89.437,0.500513,90.563,-15.3614,-1342.04,-615.923,-1399.57,-523.105
-1500.0,-524.0,-152.897,1.80826e-06,89.4349,0.51048,90.5651,-15.3614,-1342.04,-615.923,-1399.57,-523.105
-1498.0,-524.0,-152.793,1.80159e-06,89.4328,0.520852,90.5672,-15.3614,-1342.04,-615.923,-1399.57,-523.105
-1496.0,-524.0,-152.472,6.67951e-07,88.47,40.9059,91.53,129.101,-1425.63,-568.463,-1466.18,-498.166
-1494.0,-524.0,-152.192,6.62927e-07,88.4584,41.3809,91.5416,129.101,-1425.63,-568.463,-1464.58,-498.081
-1492.0,-524.0,-152.078,6.5794e-07,88.4467,41.8651,91.5533,129.101,-1425.63,-568.463,-1462.98,-497.996
-1490.0,-524.0,-152.222,6.52991e-07,88.4349,42.3585,91.5651,129.101,-1425.63,-568.463,-1461.39,-497.911
-1488.0,-524.0,-152.248,1.76823e-06,89.4221,0.579751,90.5779,-15.3614,-1342.04,-615.923,-1399.57,-523.105
-1486.0,-524.0,-152.132,1.76156e-06,89.4199,0.593166,90.5801,-15.3614,-1342.04,-615.923,-1399.57,-523.105
-1484.0,-524.0,-152.014,1.75488e-06,89.4177,0.607217,90.5823,-15.3614,-1342.04,-615.923,-1399.57,-523.105
-1482.0,-524.0,-151.893,1.74821e-06,89.4155,0.62195,90.5845,-15.3614,-1342.04,-615.923,-1399.57,-523.105
-1480.0,-524.0,-151.77,1.74154e-06,89.4132,0.637415,90.5868,-15.3614,-1342.04,-615.923,-1399.57,-523.105
-1478.0,-524.0,-151.644,1.73486e-06,89.411,0.653669,90.589,-15.3614,-1342.04,-615.923,-1399.57,-523.105
-1476.0,-524.0,-151.515,1.72819e-06,89.4087,0.670773,90.5913,-15.3614,-1342.04,-615.923,-1399.57,-523.105
-1474.0,-524.0,-121.289,1.13753e-06,89.1016,82.4064,90.8984,103.994,-1443.78,-424.335,-1470.59,-498.4
-1472.0,-524.0,-121.912,1.13666e-06,89.1009,82.7399,90.8991,103.66,-1442.7,-424.307,-1468.73,-498.301
-1470.0,-524.0,-122.608,1.13584e-06,89.1003,83.0739,90.8997,103.326,-1441.62,-424.278,-1466.87,-498.203
-1468.0,-524.0,-123.381,1.13505e-06,89.0997,83.4083,90.9003,102.992,-1440.55,-424.249,-1465.01,-498.104
-1466.0,-524.0,-124.236,1.13431e-06,89.0964,83.7433,90.9036,102.657,-1439.47,-424.221,-1463.15,-498.005
-1464.0,-524.0,-113.022,9.43566e-07,88.8967,78.8684,91.1033,104.184,-1444.39,-424.352,-1444.39,-424.352
-1462.0,-524.0,-113.191,9.42306e-07,88.878,79.2667,91.122,103.786,-1443.1,-424.318,-1443.1,-424.318
-1460.0,-524.0,-113.389,9.41092e-07,88.8594,79.6659,91.1406,103.386,-1441.82,-424.283,-1441.82,-424.283
-1458.0,-524.0,-113.619,9.39924e-07,88.8408,80.0662,91.1592,102.986,-1440.53,-424.249,-1440.53,-424.249
-1456.0,-524.0,-113.884,9.38801e-07,88.8223,80.4675,91.1777,102.585,-1439.24,-424.215,-1439.24,-424.215
-1454.0,-524.0,-114.187,9.37725e-07,88.8037,80.8697,91.1963,102.182,-1437.96,-424.18,-1437.96,-424.18
-1452.0,-524.0,-114.53,9.36696e-07,88.7851,81.2728,91.2149,101.779,-1436.67,-424.146,-1436.67,-424.146
-1450.0,-524.0,-114.224,9.47556e-07,88.782,107.545,91.218,104.514,-1445.46,-424.38,-1459.54,-493.817
-1448.0,-524.0,-113.9,9.49595e-07,88.7676,107.929,91.2324,104.898,-1446.71,-424.414,-1459.89,-487.246
-1446.0,-524.0,-114.117,9.5819e-07,88.7619,109.845,91.2381,76.672,-1396.5,-585.212,-1460.0,-485.209
-1444.0,-524.0,-116.353,9.33044e-07,88.7112,82.8937,91.2888,100.159,-1431.53,-424.009,-1431.53,-424.009
-1442.0,-524.0,-127.853,9.32251e-07,88.6928,83.4139,91.3072,99.908,-1420.16,-484.607,-1430.45,-423.98
-1440.0,-524.0,-129.737,1.05314e-06,88.8275,84.5126,91.1725,-93.7129,-1401.2,-618.417,-1430.39,-423.979
-1438.0,-524.0,-130.762,1.05253e-06,88.8115,84.8743,91.1885,-93.3512,-1401.08,-618.412,-1429.02,-423.942
-1436.0,-524.0,-147.875,1.05197e-06,88.8108,85.5276,91.1892,-93.2955,-1401.06,-618.411,-1428.17,-423.92
-1434.0,-524.0,-146.671,5.66182e-07,87.7902,70.0185,92.2098,116.153,-1429.44,-540.041,-1419.67,-484.58
-1432.0,-524.0,-135.493,5.66585e-07,87.7917,62.2249,92.2083,111.97,-1429.78,-526.194,-1412.1,-486.224
-1430.0,-524.0,-99.6778,2.73505e-07,85.4217,-68.459,94.5783,111.541,-1430.0,-524.0,-1400.0,-600.0
-1428.0,-524.0,-99.6021,2.71134e-07,85.3816,-69.7751,94.6184,110.225,-1428.0,-524.0,-1400.0,-600.0
-1426.0,-524.0,-99.5304,2.68908e-07,85.3432,-71.1139,94.6568,108.886,-1426.0,-524.0,-1400.0,-600.0
-1424.0,-524.0,-99.4629,2.66829e-07,85.3069,-72.4744,94.6931,107.526,-1424.0,-524.0,-1400.0,-600.0
-1422.0,-524.0,-99.3999,2.64903e-07,85.2727,-73.8557,94.7273,106.144,-1422.0,-524.0,-1400.0,-600.0
-1420.0,-524.0,-99.3416,2.63132e-07,85.2408,-75.2564,94.7592,104.744,-1420.0,-524.0,-1400.0,-600.0
-1418.0,-524.0,-99.2881,2.61519e-07,85.2114,-76.6755,94.7886,103.325,-1418.0,-524.0,-1400.0,-600.0
-1416.0,-524.0,-99.2397,2.60067e-07,85.1846,-78.1113,94.8154,101.889,-1416.0,-524.0,-1400.0,-600.0
-1414.0,-524.0,-99.1965,2.5878e-07,85.1606,-79.5625,94.8394,100.437,-1414.0,-524.0,-1400.0,-600.0
-1412.0,-524.0,-99.1588,2.57659e-07,85.1395,-81.0274,94.8605,98.9726,-1412.0,-524.0,-1400.0,-600.0
-1410.0,-524.0,-99.1266,2.56707e-07,85.1214,-82.5041,94.8786,97.4959,-1410.0,-524.0,-1400.0,-600.0
-1408.0,-524.0,-99.1,2.55925e-07,85.1064,-83.991,94.8936,96.009,-1408.0,-524.0,-1400.0,-600.0
-1406.0,-524.0,-99.0793,2.55315e-07,85.0947,-85.486,94.9053,94.514,-1406.0,-524.0,-1400.0,-600.0
-1404.0,-524.0,-99.0644,2.54878e-07,85.0863,-86.9872,94.9137,93.0128,-1404.0,-524.0,-1400.0,-600.0
-1402.0,-524.0,-99.0555,2.54616e-07,85.0812,-88.4926,94.9188,91.5074,-1402.0,-524.0,-1400.0,-600.0
-1400.0,-524.0,-99.0525,2.54529e-07,85.0795,-90.0,94.9205,90.0,-1400.0,-524.0,-1400.0,-600.0
-1398.0,-524.0,-99.0555,2.54616e-07,85.0812,-91.5074,94.9188,88.4926,-1398.0,-524.0,-1400.0,-600.0
-1396.0,-524.0,-124.433,3.14642e-07,86.0213,-123.679,93.9787,129.101,-1425.63,-568.463,-1425.63,-568.463
-1394.0,-524.0,-116.625,3.18431e-07,86.0358,-125.427,93.9642,129.101,-1425.63,-568.463,-1425.63,-568.463
-1392.0,-524.0,-114.315,3.2743e-07,86.0955,126.74,93.9045,129.101,-1425.63,-568.463,-1392.7,-523.058
-1390.0,-524.0,-119.973,3.31507e-07,86.0948,126.366,93.9052,129.985,-1425.61,-569.467,-1390.7,-523.044
-1388.0,-524.0,-129.928,3.35773e-07,86.0963,132.748,93.9037,129.985,-1425.61,-569.467,-1388.9,-523.031
-1386.0,-524.0,-139.94,3.36347e-07,86.0549,-142.975,93.9451,129.985,-1425.61,-569.467,-1397.7,-532.824
-1384.0,-524.0,-136.803,3.89514e-07,86.5526,-120.826,93.4474,129.101,-1425.63,-568.463,-1389.11,-532.563
-1382.0,-524.0,-127.151,3.93009e-07,86.5421,-122.105,93.4579,129.101,-1425.63,-568.463,-1387.34,-532.51
-1380.0,-524.0,-141.74,3.96827e-07,86.5347,-120.513,93.4653,129.985,-1425.61,-569.467,-1384.97,-532.438
-1378.0,-524.0,-123.396,4.00373e-07,86.525,-123.43,93.475,129.985,-1425.61,-569.467,-1383.54,-532.394
-1376.0,-524.0,-130.669,4.04192e-07,86.5179,-126.163,93.4821,129.985,-1425.61,-569.467,-1382.1,-532.351
-1374.0,-524.0,-142.429,4.0826e-07,86.513,-128.718,93.487,129.985,-1425.61,-569.467,-1380.66,-532.307
-1372.0,-524.0,-139.01,4.12552e-07,86.5101,-131.103,93.4899,129.985,-1425.61,-569.467,-1379.21,-532.263
-1370.0,-524.0,-143.212,4.17032e-07,86.54,-133.327,93.46,129.985,-1425.61,-569.467,-1377.75,-532.219
-1368.0,-524.0,-150.401,4.28399e-07,86.6319,160.451,93.3681,117.862,-1429.33,-544.506,-1371.07,-522.908
-1366.0,-524.0,-148.566,4.2652e-07,86.5994,-137.329,93.4006,129.985,-1425.61,-569.467,-1374.82,-532.13
-1364.0,-524.0,-147.384,4.31505e-07,86.6012,-139.128,93.3988,129.985,-1425.61,-569.467,-1373.34,-532.085
-1362.0,-524.0,-148.925,4.36623e-07,86.6041,-140.805,93.3959,129.985,-1425.61,-569.467,-1371.86,-532.04
-1360.0,-524.0,-150.604,4.61289e-07,86.7508,73.5261,93.2492,-43.3117,-1381.35,-617.58,-1359.83,-523.434
-1358.0,-524.0,-150.502,4.5953e-07,86.7032,75.5693,93.2968,-43.3117,-1381.35,-617.58,-1357.84,-523.395
-1356.0,-524.0,-152.383,4.86479e-07,86.8528,-149.995,93.1472,117.862,-1429.33,-544.506,-1369.82,-531.978
-1354.0,-524.0,-150.92,4.62359e-07,86.6534,108.295,93.3466,-43.3117,-1381.35,-617.58,-1354.22,-523.325
-1352.0,-524.0,-151.971,4.64575e-07,86.6346,110.263,93.3654,-43.3117,-1381.35,-617.58,-1352.26,-523.287
-1350.0,-524.0,-141.757,1.31015e-06,88.7949,-11.7206,91.2051,-15.5937,-1342.83,-615.957,-1186.78,-557.862
-1348.0,-524.0,-142.269,1.30362e-06,88.7765,-11.8619,91.2235,-15.5937,-1342.83,-615.957,-1186.78,-557.862
-1346.0,-524.0,-142.754,1.29711e-06,88.746,-12.0066,91.254,-15.5937,-1342.83,-615.957,-1186.78,-557.862
-1344.0,-524.0,-143.216,1.29059e-06,88.7147,-12.1549,91.2853,-15.5937,-1342.83,-615.957,-1186.78,-557.862
-1342.0,-524.0,-143.655,1.28409e-06,88.683,-12.3067,91.317,-15.5937,-1342.83,-615.957,-1186.78,-557.862
-1340.0,-524.0,-144.075,1.27758e-06,88.651,-12.4624,91.349,-15.5937,-1342.83,-615.957,-1186.78,-557.862
-1338.0,-524.0,-144.477,1.27108e-06,88.6187,-12.622,91.3813,-15.5937,-1342.83,-615.957,-1186.78,-557.862
-1336.0,-524.0,-144.863,1.26459e-06,88.5861,-12.7856,91.4139,-15.5937,-1342.83,-615.957,-1186.78,-557.862
-1334.0,-524.0,-145.234,1.2581e-06,88.5531,-12.9535,91.4469,-15.5937,-1342.83,-615.957,-1186.78,-557.862
-1332.0,-524.0,-145.591,1.25161e-06,88.5198,-13.1258,91.4802,-15.5937,-1342.83,-615.957,-1186.78,-557.862
-1330.0,-524.0,-130.286,1.31278e-06,89.4964,-137.724,91.467,-15.4551,-1342.36,-615.937,-1339.42,-532.562
-1328.0,-524.0,-126.952,1.31773e-06,88.9161,-137.916,91.4694,-15.2597,-1341.69,-615.909,-1339.01,-533.945
-1326.0,-524.0,-124.69,1.32271e-06,88.4799,-138.105,91.4718,-15.0657,-1341.01,-615.88,-1338.61,-535.314
-1324.0,-524.0,-127.89,1.32769e-06,88.1396,-138.293,91.4741,-14.8731,-1340.32,-615.851,-1338.21,-536.668
-1322.0,-524.0,-146.74,1.9271e-06,88.9549,-13.729,91.0451,-18.6899,-1351.72,-616.332,-1184.34,-557.633
-1320.0,-524.0,-147.493,1.21282e-06,88.3127,-14.2617,91.6873,-15.5937,-1342.83,-615.957,-1186.78,-557.862
-1318.0,-524.0,-147.777,1.20637e-06,88.2769,-14.4701,91.7231,-15.5937,-1342.83,-615.957,-1186.78,-557.862
-1316.0,-524.0,-148.054,1.19994e-06,88.2408,-14.6844,91.7592,-15.5937,-1342.83,-615.957,-1186.78,-557.862
-1314.0,-524.0,-148.323,1.1935e-06,88.2042,-14.9051,91.7958,-15.5937,-1342.83,-615.957,-1186.78,-557.862
-1312.0,-524.0,-148.585,1.18708e-06,88.1673,-15.1323,91.8327,-15.5937,-1342.83,-615.957,-1186.78,-557.862
-1310.0,-524.0,-148.841,1.18066e-06,88.13,-15.3664,91.87,-15.5937,-1342.83,-615.957,-1186.78,-557.862
-1308.0,-524.0,-149.091,1.17425e-06,88.0922,-15.6077,91.9078,-15.5937,-1342.83,-615.957,-1186.78,-557.862
-1306.0,-524.0,-149.335,1.16785e-06,88.0541,-15.8564,91.9459,-15.5937,-1342.83,-615.957,-1186.78,-557.862
-1304.0,-524.0,-149.574,1.16146e-06,88.0156,-16.113,91.9844,-15.5937,-1342.83,-615.957,-1186.78,-557.862
-1302.0,-524.0,-149.809,1.15508e-06,87.9767,-16.3779,92.0233,-15.5937,-1342.83,-615.957,-1186.78,-557.862
-1300.0,-524.0,-150.039,1.1487e-06,87.941,-16.6513,92.059,-15.5937,-1342.83,-615.957,-1186.78,-557.862
-1298.0,-524.0,-150.265,1.14233e-06,87.9154,-16.9337,92.0846,-15.5937,-1342.83,-615.957,-1186.78,-557.862
-1296.0,-524.0,-150.489,1.13596e-06,87.8895,-17.2256,92.1105,-15.5937,-1342.83,-615.957,-1186.78,-557.862
-1294.0,-524.0,-144.958,2.16311e-06,88.8844,2.11704,91.1156,-14.8341,-1340.17,-615.845,-1181.8,-519.852
-1292.0,-524.0,-150.931,1.12326e-06,87.8369,-17.8397,92.1631,-15.5937,-1342.83,-615.957,-1186.78,-557.862
-1290.0,-524.0,-147.533,1.57173e-06,87.0639,55.1304,90.8547,55.4229,-1393.18,-590.101,-1212.1,-412.209
-1288.0,-524.0,-144.757,6.87402e-07,85.2118,-120.975,92.7617,56.3283,-1393.41,-590.108,-1317.83,-573.687
-1286.0,-524.0,-141.799,6.90872e-07,85.1753,-121.453,92.7467,55.8542,-1393.29,-590.104,-1316.37,-573.649
-1284.0,-524.0,-140.153,6.94389e-07,85.1394,-121.927,92.7317,55.3848,-1393.17,-590.101,-1314.91,-573.611
-1282.0,-524.0,-146.067,6.48392e-07,86.1261,-123.546,93.8739,-43.396,-1381.4,-617.583,-1314.89,-573.61
-1280.0,-524.0,-144.886,6.52125e-07,86.1235,-124.275,93.8765,-43.396,-1381.4,-617.583,-1313.79,-573.582
-1278.0,-524.0,-150.107,1.54931e-06,86.8409,56.3427,90.8678,56.6412,-1393.49,-590.111,-1211.64,-424.343
-1276.0,-524.0,-150.892,1.54564e-06,86.8163,56.5485,90.87,56.8475,-1393.54,-590.112,-1211.56,-426.469
-1274.0,-524.0,-152.683,1.06676e-06,87.6075,-21.2186,92.3925,-15.5937,-1342.83,-615.957,-1186.78,-557.862
-1272.0,-524.0,-152.835,1.06056e-06,87.5921,-21.6709,92.4079,-15.5937,-1342.83,-615.957,-1186.78,-557.862
-1270.0,-524.0,-152.989,1.05438e-06,87.5626,-22.1419,92.4374,-15.5937,-1342.83,-615.957,-1186.78,-557.862
-1268.0,-524.0,-153.145,1.04823e-06,87.5329,-22.6328,92.4671,-15.5937,-1342.83,-615.957,-1186.78,-557.862
-1266.0,-524.0,-153.301,1.0421e-06,87.5029,-23.1446,92.4971,-15.5937,-1342.83,-615.957,-1186.78,-557.862
-1264.0,-524.0,-153.363,7.23381e-07,86.3791,-122.656,93.6209,-35.9954,-1376.1,-617.359,-1322.53,-615.322
-1262.0,-524.0,-152.287,7.27026e-07,86.375,-123.329,93.625,-35.9954,-1376.1,-617.359,-1322.05,-615.308
-1260.0,-524.0,-150.433,7.0387e-07,86.2326,-155.762,93.7674,148.195,-1425.26,-584.337,-1373.26,-574.991
-1258.0,-524.0,-151.332,7.09966e-07,86.2422,-156.02,93.7578,148.195,-1425.26,-584.337,-1372.59,-574.97
-1256.0,-524.0,-138.557,7.80683e-07,86.8129,-128.173,93.9054,54.4121,-1392.91,-590.093,-1327.91,-615.475
-1254.0,-524.0,-139.886,7.84835e-07,86.7983,-128.557,93.885,54.0293,-1392.81,-590.09,-1326.89,-615.446
-1252.0,-524.0,-133.77,7.399e-07,86.3539,-130.553,93.6461,-43.396,-1381.4,-617.583,-1330.33,-615.544
-1250.0,-524.0,-129.552,7.44236e-07,86.3969,-131.102,93.6031,-43.396,-1381.4,-617.583,-1329.85,-615.53
-1248.0,-524.0,-123.772,7.48621e-07,86.4396,-131.642,93.5604,-43.396,-1381.4,-617.583,-1329.37,-615.516
-1246.0,-524.0,-120.423,7.53052e-07,86.4821,-132.173,93.5179,-43.396,-1381.4,-617.583,-1328.89,-615.503
-1244.0,-524.0,-126.782,7.5753e-07,86.5242,-132.695,93.4758,-43.396,-1381.4,-617.583,-1328.41,-615.489
-1242.0,-524.0,-131.166,7.62051e-07,86.5661,-133.208,93.4339,-43.396,-1381.4,-617.583,-1327.93,-615.475
-1240.0,-524.0,-126.927,7.78438e-07,86.6592,133.802,93.3408,-43.396,-1381.4,-617.583,-1242.33,-521.569
-1238.0,-524.0,-131.461,7.83053e-07,86.6996,134.288,93.3004,-43.396,-1381.4,-617.583,-1240.39,-521.548
-1236.0,-524.0,-134.773,7.87709e-07,86.7396,134.765,93.2604,-43.396,-1381.4,-617.583,-1238.45,-521.526
-1234.0,-524.0,-137.437,7.92405e-07,86.7783,135.235,93.2217,-43.396,-1381.4,-617.583,-1236.52,-521.505
-1232.0,-524.0,-131.908,7.07831e-07,88.0352,-141.355,95.0948,37.2211,-1386.71,-589.903,-1310.39,-586.678
-1230.0,-524.0,-132.548,7.13052e-07,88.1003,-141.695,95.056,36.8902,-1386.54,-589.898,-1307.57,-585.272
-1228.0,-524.0,-133.067,7.18286e-07,88.2327,-142.034,95.0179,36.5676,-1386.37,-589.893,-1305.17,-584.217
-1226.0,-524.0,-133.691,7.2354e-07,88.3885,-142.37,94.9804,36.2513,-1386.21,-589.888,-1303.1,-583.44
-1224.0,-524.0,-133.799,7.2882e-07,88.5421,-142.701,94.9434,35.94,-1386.04,-589.883,-1301.21,-582.82
-1222.0,-524.0,-121.576,7.33769e-07,86.6848,-143.036,93.3152,35.6415,-1385.88,-589.878,-1344.27,-616.018
-1220.0,-524.0,-121.692,7.39071e-07,86.7523,-143.348,93.2477,35.3299,-1385.71,-589.873,-1343.63,-615.991
-1218.0,-524.0,-120.489,7.44396e-07,86.819,-143.655,93.181,35.0228,-1385.54,-589.867,-1342.99,-615.963
-1216.0,-524.0,-118.2,7.49743e-07,86.8848,-143.958,93.1152,34.7201,-1385.37,-589.862,-1342.34,-615.936
-1214.0,-524.0,-115.961,7.55111e-07,86.9498,-144.256,93.0502,34.4218,-1385.2,-589.857,-1341.7,-615.909
-1212.0,-524.0,-114.281,7.605e-07,87.0139,-144.55,92.9861,34.1277,-1385.03,-589.852,-1341.05,-615.882
-1210.0,-524.0,-113.118,7.6591e-07,87.0772,-144.84,92.9228,33.8377,-1384.85,-589.846,-1340.41,-615.855
-1208.0,-524.0,-112.326,7.7134e-07,87.1397,-145.126,92.8603,33.5519,-1384.68,-589.841,-1339.76,-615.827
-1206.0,-524.0,-111.787,7.7679e-07,87.2014,-145.408,92.7986,33.2701,-1384.51,-589.836,-1339.11,-615.8
-1204.0,-524.0,-134.402,1.71333e-06,88.7504,-173.863,91.2496,-14.6085,-1339.34,-615.81,-1338.17,-538.425
-1202.0,-524.0,-132.86,1.71995e-06,88.774,-173.947,91.226,-14.6085,-1339.34,-615.81,-1338.17,-538.439
-1600.0,-522.0,-133.1,2.15748e-06,89.8589,15.755,90.1411,-15.3614,-1342.04,-615.923,-1526.97,-501.397
-1598.0,-522.0,-136.212,2.15106e-06,89.8434,15.9081,90.1566,-15.3614,-1342.04,-615.923,-1525.42,-501.315
-1596.0,-522.0,-142.185,1.21031e-06,89.6951,46.3927,90.3049,134.012,-1425.51,-573.595,-1509.03,-430.693
-1594.0,-522.0,0.0,0.0,0.0,0.0,0.0,0.0,0.0,0.0,0.0,0.0
-1592.0,-522.0,0.0,0.0,0.0,0.0,0.0,0.0,0.0,0.0,0.0,0.0
-1590.0,-522.0,0.0,0.0,0.0,0.0,0.0,0.0,0.0,0.0,0.0,0.0
-1588.0,-522.0,0.0,0.0,0.0,0.0,0.0,0.0,0.0,0.0,0.0,0.0
-1586.0,-522.0,0.0,0.0,0.0,0.0,0.0,0.0,0.0,0.0,0.0,0.0
-1584.0,-522.0,0.0,0.0,0.0,0.0,0.0,0.0,0.0,0.0,0.0,0.0
-1582.0,-522.0,0.0,0.0,0.0,0.0,0.0,0.0,0.0,0.0,0.0,0.0
-1580.0,-522.0,0.0,0.0,0.0,0.0,0.0,0.0,0.0,0.0,0.0,0.0
-1578.0,-522.0,0.0,0.0,0.0,0.0,0.0,0.0,0.0,0.0,0.0,0.0
-1576.0,-522.0,0.0,0.0,0.0,0.0,0.0,0.0,0.0,0.0,0.0,0.0
-1574.0,-522.0,0.0,0.0,0.0,0.0,0.0,0.0,0.0,0.0,0.0,0.0
-1572.0,-522.0,0.0,0.0,0.0,0.0,0.0,0.0,0.0,0.0,0.0,0.0
-1570.0,-522.0,0.0,0.0,0.0,0.0,0.0,0.0,0.0,0.0,0.0,0.0
-1568.0,-522.0,0.0,0.0,0.0,0.0,0.0,0.0,0.0,0.0,0.0,0.0
-1566.0,-522.0,0.0,0.0,0.0,0.0,0.0,0.0,0.0,0.0,0.0,0.0
-1564.0,-522.0,0.0,0.0,0.0,0.0,0.0,0.0,0.0,0.0,0.0,0.0
-1562.0,-522.0,0.0,0.0,0.0,0.0,0.0,0.0,0.0,0.0,0.0,0.0
-1560.0,-522.0,-153.827,2.0092e-06,89.4192,-2.08247,90.5808,-15.3614,-1342.04,-615.923,-1438.75,-526.409
-1558.0,-522.0,-153.735,2.00254e-06,89.4011,-2.10872,90.5989,-15.3614,-1342.04,-615.923,-1438.46,-526.402
-1556.0,-522.0,-153.641,1.99587e-06,89.3989,-2.13564,90.6011,-15.3614,-1342.04,-615.923,-1438.16,-526.394
-1554.0,-522.0,-153.545,1.9892e-06,89.3968,-2.16325,90.6032,-15.3614,-1342.04,-615.923,-1437.85,-526.387
-1552.0,-522.0,-153.448,1.98253e-06,89.3948,-2.19158,90.6052,-15.3614,-1342.04,-615.923,-1437.55,-526.38
-1550.0,-522.0,-153.348,1.97587e-06,89.3928,-2.22067,90.6072,-15.3614,-1342.04,-615.923,-1437.24,-526.373
-1548.0,-522.0,-153.248,1.9692e-06,89.3907,-2.25054,90.6093,-15.3614,-1342.04,-615.923,-1436.93,-526.365
-1546.0,-522.0,-153.145,1.96253e-06,89.3886,-2.28123,90.6114,-15.3614,-1342.04,-615.923,-1436.61,-526.358
-1544.0,-522.0,-153.04,1.95586e-06,89.3865,-2.31276,90.6135,-15.3614,-1342.04,-615.923,-1436.29,-526.35
-1542.0,-522.0,-152.933,1.94919e-06,89.3844,-2.34517,90.6156,-15.3614,-1342.04,-615.923,-1435.97,-526.342
-1540.0,-522.0,-154.544,1.94176e-06,89.3821,-0.450938,90.6179,-15.3614,-1342.04,-615.923,-1399.57,-523.105
-1538.0,-522.0,-154.465,1.93509e-06,89.38,-0.457453,90.62,-15.3614,-1342.04,-615.923,-1399.57,-523.105
-1536.0,-522.0,-154.385,1.92841e-06,89.3838,-0.464159,90.6162,-15.3614,-1342.04,-615.923,-1399.57,-523.105
-1534.0,-522.0,-154.304,1.92174e-06,89.3901,-0.471064,90.6099,-15.3614,-1342.04,-615.923,-1399.57,-523.105
-1532.0,-522.0,-154.222,1.91506e-06,89.3964,-0.478178,90.6036,-15.3614,-1342.04,-615.923,-1399.57,-523.105
-1530.0,-522.0,-154.139,1.90838e-06,89.4027,-0.48551,90.5973,-15.3614,-1342.04,-615.923,-1399.57,-523.105
-1528.0,-522.0,-154.054,1.90171e-06,89.4091,-0.493071,90.5909,-15.3614,-1342.04,-615.923,-1399.57,-523.105
-1526.0,-522.0,-153.969,1.89503e-06,89.4156,-0.500871,90.5844,-15.3614,-1342.04,-615.923,-1399.57,-523.105
-1524.0,-522.0,-153.882,1.88836e-06,89.422,-0.508921,90.578,-15.3614,-1342.04,-615.923,-1399.57,-523.105
-1522.0,-522.0,-153.794,1.88168e-06,89.4286,-0.517235,90.5714,-15.3614,-1342.04,-615.923,-1399.57,-523.105
-1520.0,-522.0,-153.705,1.87501e-06,89.4351,-0.525824,90.5649,-15.3614,-1342.04,-615.923,-1399.57,-523.105
-1518.0,-522.0,-153.615,1.86833e-06,89.4418,-0.534704,90.5582,-15.3614,-1342.04,-615.923,-1399.57,-523.105
-1516.0,-522.0,-153.523,1.86166e-06,89.4445,-0.543889,90.5555,-15.3614,-1342.04,-615.923,-1399.57,-523.105
-1514.0,-522.0,-153.43,1.85498e-06,89.4425,-0.553395,90.5575,-15.3614,-1342.04,-615.923,-1399.57,-523.105
-1512.0,-522.0,-153.335,1.84831e-06,89.4405,-0.563238,90.5595,-15.3614,-1342.04,-615.923,-1399.57,-523.105
-1510.0,-522.0,-153.238,1.84164e-06,89.4384,-0.573439,90.5616,-15.3614,-1342.04,-615.923,-1399.57,-523.105
-1508.0,-522.0,-153.14,1.83497e-06,89.4364,-0.584016,90.5636,-15.3614,-1342.04,-615.923,-1399.57,-523.105
-1506.0,-522.0,-153.041,1.82829e-06,89.4343,-0.59499,90.5657,-15.3614,-1342.04,-615.923,-1399.57,-523.105
-1504.0,-522.0,-152.94,1.82162e-06,89.4323,-0.606385,90.5677,-15.3614,-1342.04,-615.923,-1399.57,-523.105
-1502.0,-522.0,-152.836,1.81495e-06,89.4302,-0.618224,90.5698,-15.3614,-1342.04,-615.923,-1399.57,-523.105
-1500.0,-522.0,-152.732,1.80827e-06,89.4281,-0.630535,90.5719,-15.3614,-1342.04,-615.923,-1399.57,-523.105
-1498.0,-522.0,-152.625,1.8016e-06,89.4259,-0.643347,90.5741,-15.3614,-1342.04,-615.923,-1399.57,-523.105
-1496.0,-522.0,-152.516,1.79493e-06,89.4238,-0.656689,90.5762,-15.3614,-1342.04,-615.923,-1399.57,-523.105
-1494.0,-522.0,-152.377,6.58547e-07,88.4294,40.832,91.5706,129.101,-1425.63,-568.463,-1466.44,-498.18
-1492.0,-522.0,-152.072,6.53518e-07,88.4173,41.315,91.5827,129.101,-1425.63,-568.463,-1464.8,-498.093
-1490.0,-522.0,-151.931,6.48526e-07,88.4051,41.8074,91.5949,129.101,-1425.63,-568.463,-1463.17,-498.006
-1488.0,-522.0,-152.043,6.43573e-07,88.3928,42.3094,91.6072,129.101,-1425.63,-568.463,-1461.54,-497.92
-1486.0,-522.0,-151.938,1.76157e-06,89.4129,-0.732664,90.5871,-15.3614,-1342.04,-615.923,-1399.57,-523.105
-1484.0,-522.0,-151.815,1.75489e-06,89.4106,-0.750019,90.5894,-15.3614,-1342.04,-615.923,-1399.57,-523.105
-1482.0,-522.0,-151.689,1.74822e-06,89.4084,-0.768215,90.5916,-15.3614,-1342.04,-615.923,-1399.57,-523.105
-1480.0,-522.0,-151.56,1.74155e-06,89.4061,-0.787316,90.5939,-15.3614,-1342.04,-615.923,-1399.57,-523.105
-1478.0,-522.0,-151.428,1.73488e-06,89.4038,-0.807392,90.5962,-15.3614,-1342.04,-615.923,-1399.57,-523.105
-1476.0,-522.0,-151.293,1.7282e-06,89.4015,-0.828517,90.5985,-15.3614,-1342.04,-615.923,-1399.57,-523.105
-1474.0,-522.0,-121.157,1.13092e-06,89.0854,82.3618,90.9146,104.039,-1443.92,-424.339,-1470.84,-498.414
-1472.0,-522.0,-121.774,1.13005e-06,89.0847,82.6972,90.9153,103.703,-1442.84,-424.31,-1468.96,-498.314
-1470.0,-522.0,-122.464,1.12922e-06,89.0841,83.0331,90.9159,103.367,-1441.76,-424.282,-1467.09,-498.215
-1468.0,-522.0,-123.232,1.12843e-06,89.0834,83.3694,90.9166,103.031,-1440.67,-424.253,-1465.22,-498.115
-1466.0,-522.0,-115.88,9.71256e-07,88.932,-76.1001,91.068,104.215,-1444.49,-424.355,-1464.76,-527.03
-1464.0,-522.0,-112.928,9.37024e-07,88.8758,78.7896,91.1242,104.263,-1444.65,-424.359,-1444.65,-424.359
-1462.0,-522.0,-113.093,9.35756e-07,88.857,79.1905,91.143,103.862,-1443.35,-424.324,-1443.35,-424.324
-1460.0,-522.0,-113.286,9.34533e-07,88.8382,79.5925,91.1618,103.46,-1442.05,-424.29,-1442.05,-424.29
-1458.0,-522.0,-113.512,9.33357e-07,88.8194,79.9955,91.1806,103.057,-1440.76,-424.255,-1440.76,-424.255
-1456.0,-522.0,-113.772,9.32227e-07,88.8007,80.3995,91.1993,102.653,-1439.46,-424.22,-1439.46,-424.22
-1454.0,-522.0,-114.07,9.31143e-07,88.782,80.8045,91.218,102.248,-1438.17,-424.186,-1438.17,-424.186
-1452.0,-522.0,-114.409,9.30106e-07,88.7632,81.2104,91.2368,101.842,-1436.87,-424.151,-1436.87,-424.151
-1450.0,-522.0,-114.047,9.41202e-07,88.7607,107.668,91.2393,104.636,-1445.86,-424.391,-1459.66,-491.685
-1448.0,-522.0,-113.746,9.43254e-07,88.7462,108.054,91.2538,105.023,-1447.12,-424.424,-1460.0,-485.181
-1446.0,-522.0,-113.98,9.51922e-07,88.7407,109.982,91.2593,76.5356,-1396.49,-585.35,-1460.11,-483.203
-1444.0,-522.0,-116.216,9.26429e-07,88.6886,82.8426,91.3114,100.21,-1431.7,-424.014,-1431.7,-424.014
-1442.0,-522.0,-126.25,9.25629e-07,88.67,83.3318,91.33,99.908,-1420.16,-484.607,-1430.54,-423.983
-1440.0,-522.0,-129.567,1.0465e-06,88.8083,84.4777,91.1917,-93.7479,-1401.21,-618.417,-1430.52,-423.982
-1438.0,-522.0,-130.612,1.04588e-06,88.8039,84.8417,91.1961,-93.3839,-1401.09,-618.412,-1429.15,-423.946
-1436.0,-522.0,-145.542,2.91419e-07,85.7037,-33.971,94.2963,111.97,-1429.78,-526.194,-1429.78,-526.194
-1434.0,-522.0,-139.619,2.86253e-07,85.626,-44.7907,94.374,111.97,-1429.78,-526.194,-1429.78,-526.194
-1432.0,-522.0,-123.708,2.82242e-07,85.5637,-62.0546,94.4363,111.97,-1429.78,-526.194,-1429.78,-526.194
-1430.0,-522.0,-99.8727,2.79704e-07,85.5234,-68.9625,94.4766,111.038,-1430.0,-522.0,-1400.0,-600.0
-1428.0,-522.0,-99.8004,2.77386e-07,85.4859,-70.2532,94.5141,109.747,-1428.0,-522.0,-1400.0,-600.0
-1426.0,-522.0,-99.7319,2.7521e-07,85.4501,-71.5651,94.5499,108.435,-1426.0,-522.0,-1400.0,-600.0
-1424.0,-522.0,-99.6675,2.7318e-07,85.4162,-72.8973,94.5838,107.103,-1424.0,-522.0,-1400.0,-600.0
-1422.0,-522.0,-99.6074,2.71298e-07,85.3844,-74.2488,94.6156,105.751,-1422.0,-522.0,-1400.0,-600.0
-1420.0,-522.0,-99.5518,2.69569e-07,85.3547,-75.6186,94.6453,104.381,-1420.0,-522.0,-1400.0,-600.0
-1418.0,-522.0,-99.5008,2.67995e-07,85.3273,-77.0054,94.6727,102.995,-1418.0,-522.0,-1400.0,-600.0
-1416.0,-522.0,-99.4547,2.66579e-07,85.3025,-78.4078,94.6975,101.592,-1416.0,-522.0,-1400.0,-600.0
-1414.0,-522.0,-99.4137,2.65323e-07,85.2802,-79.8245,94.7198,100.176,-1414.0,-522.0,-1400.0,-600.0
-1412.0,-522.0,-99.3778,2.6423e-07,85.2606,-81.2538,94.7394,98.7462,-1412.0,-522.0,-1400.0,-600.0
-1410.0,-522.0,-99.3472,2.63301e-07,85.2438,-82.6942,94.7562,97.3058,-1410.0,-522.0,-1400.0,-600.0
-1408.0,-522.0,-99.3219,2.62539e-07,85.23,-84.144,94.77,95.856,-1408.0,-522.0,-1400.0,-600.0
-1406.0,-522.0,-99.3022,2.61944e-07,85.2192,-85.6013,94.7808,94.3987,-1406.0,-522.0,-1400.0,-600.0
-1404.0,-522.0,-99.2881,2.61519e-07,85.2114,-87.0643,94.7886,92.9357,-1404.0,-522.0,-1400.0,-600.0
-1402.0,-522.0,-99.2796,2.61263e-07,85.2067,-88.5312,94.7933,91.4688,-1402.0,-522.0,-1400.0,-600.0
-1400.0,-522.0,-99.2768,2.61178e-07,85.2051,-90.0,94.7949,90.0,-1400.0,-522.0,-1400.0,-600.0
-1398.0,-522.0,0.0,0.0,0.0,0.0,0.0,0.0,0.0,0.0,0.0,0.0
-1396.0,-522.0,0.0,0.0,0.0,0.0,0.0,0.0,0.0,0.0,0.0,0.0
-1394.0,-522.0,0.0,0.0,0.0,0.0,0.0,0.0,0.0,0.0,0.0,0.0
-1392.0,-522.0,0.0,0.0,0.0,0.0,0.0,0.0,0.0,0.0,0.0,0.0
-1390.0,-522.0,0.0,0.0,0.0,0.0,0.0,0.0,0.0,0.0,0.0,0.0
-1388.0,-522.0,0.0,0.0,0.0,0.0,0.0,0.0,0.0,0.0,0.0,0.0
-1386.0,-522.0,0.0,0.0,0.0,0.0,0.0,0.0,0.0,0.0,0.0,0.0
-1384.0,-522.0,0.0,0.0,0.0,0.0,0.0,0.0,0.0,0.0,0.0,0.0
-1382.0,-522.0,0.0,0.0,0.0,0.0,0.0,0.0,0.0,0.0,0.0,0.0
-1380.0,-522.0,0.0,0.0,0.0,0.0,0.0,0.0,0.0,0.0,0.0,0.0
-1378.0,-522.0,0.0,0.0,0.0,0.0,0.0,0.0,0.0,0.0,0.0,0.0
-1376.0,-522.0,0.0,0.0,0.0,0.0,0.0,0.0,0.0,0.0,0.0,0.0
-1374.0,-522.0,0.0,0.0,0.0,0.0,0.0,0.0,0.0,0.0,0.0,0.0
-1372.0,-522.0,0.0,0.0,0.0,0.0,0.0,0.0,0.0,0.0,0.0,0.0
-1370.0,-522.0,0.0,0.0,0.0,0.0,0.0,0.0,0.0,0.0,0.0,0.0
-1368.0,-522.0,0.0,0.0,0.0,0.0,0.0,0.0,0.0,0.0,0.0,0.0
-1366.0,-522.0,0.0,0.0,0.0,0.0,0.0,0.0,0.0,0.0,0.0,0.0
-1364.0,-522.0,0.0,0.0,0.0,0.0,0.0,0.0,0.0,0.0,0.0,0.0
-1362.0,-522.0,-147.687,4.40933e-07,86.6092,-138.874,93.3908,129.985,-1425.61,-569.467,-1373.56,-532.092
-1360.0,-522.0,0.0,0.0,0.0,0.0,0.0,0.0,0.0,0.0,0.0,0.0
-1358.0,-522.0,0.0,0.0,0.0,0.0,0.0,0.0,0.0,0.0,0.0,0.0
-1356.0,-522.0,0.0,0.0,0.0,0.0,0.0,0.0,0.0,0.0,0.0,0.0
-1354.0,-522.0,0.0,0.0,0.0,0.0,0.0,0.0,0.0,0.0,0.0,0.0
-1352.0,-522.0,0.0,0.0,0.0,0.0,0.0,0.0,0.0,0.0,0.0,0.0
-1350.0,-522.0,0.0,0.0,0.0,0.0,0.0,0.0,0.0,0.0,0.0,0.0
-1348.0,-522.0,0.0,0.0,0.0,0.0,0.0,0.0,0.0,0.0,0.0,0.0
-1346.0,-522.0,0.0,0.0,0.0,0.0,0.0,0.0,0.0,0.0,0.0,0.0
-1344.0,-522.0,-145.36,1.29204e-06,88.7065,-12.8496,91.2935,-15.5937,-1342.83,-615.957,-1186.78,-557.862
-1342.0,-522.0,-145.705,1.28555e-06,88.6749,-13.0095,91.3251,-15.5937,-1342.83,-615.957,-1186.78,-557.862
-1340.0,-522.0,-146.037,1.27907e-06,88.6429,-13.1735,91.3571,-15.5937,-1342.83,-615.957,-1186.78,-557.862
-1338.0,-522.0,-142.054,1.98049e-06,89.1073,-13.3191,90.8927,-18.6899,-1351.72,-616.332,-1186.59,-557.844
-1336.0,-522.0,-143.518,1.97401e-06,89.088,-13.4217,90.912,-18.6899,-1351.72,-616.332,-1186.02,-557.79
-1334.0,-522.0,-144.837,1.96753e-06,89.0686,-13.5259,90.9314,-18.6899,-1351.72,-616.332,-1185.44,-557.736
-1332.0,-522.0,-146.011,1.96105e-06,89.0491,-13.6317,90.9509,-18.6899,-1351.72,-616.332,-1184.86,-557.682
-1330.0,-522.0,-147.055,1.95458e-06,89.0294,-13.7391,90.9706,-18.6899,-1351.72,-616.332,-1184.28,-557.628
-1328.0,-522.0,-125.375,1.32222e-06,88.7228,-137.699,91.4667,-15.4744,-1342.42,-615.94,-1339.46,-532.426
-1326.0,-522.0,-125.877,1.32718e-06,88.3262,-137.888,91.4691,-15.2802,-1341.76,-615.912,-1339.05,-533.801
-1324.0,-522.0,-128.892,1.33215e-06,88.0139,-138.077,91.4715,-15.0874,-1341.08,-615.883,-1338.66,-535.161
-1322.0,-522.0,-131.312,1.33714e-06,87.7612,-138.264,91.4739,-14.896,-1340.4,-615.854,-1338.26,-536.507
-1320.0,-522.0,-148.855,1.21451e-06,88.3049,-15.0668,91.6951,-15.5937,-1342.83,-615.957,-1186.78,-557.862
-1318.0,-522.0,-149.097,1.20809e-06,88.2691,-15.2858,91.7309,-15.5937,-1342.83,-615.957,-1186.78,-557.862
-1316.0,-522.0,-149.334,1.20168e-06,88.233,-15.511,91.767,-15.5937,-1342.83,-615.957,-1186.78,-557.862
-1314.0,-522.0,-149.566,1.19527e-06,88.1965,-15.7429,91.8035,-15.5937,-1342.83,-615.957,-1186.78,-557.862
-1312.0,-522.0,-149.793,1.18887e-06,88.1597,-15.9816,91.8403,-15.5937,-1342.83,-615.957,-1186.78,-557.862
-1310.0,-522.0,-150.016,1.18248e-06,88.1224,-16.2274,91.8776,-15.5937,-1342.83,-615.957,-1186.78,-557.862
-1308.0,-522.0,-150.235,1.1761e-06,88.0847,-16.4808,91.9153,-15.5937,-1342.83,-615.957,-1186.78,-557.862
-1306.0,-522.0,-150.45,1.16973e-06,88.0467,-16.7419,91.9533,-15.5937,-1342.83,-615.957,-1186.78,-557.862
-1304.0,-522.0,-150.662,1.16337e-06,88.0082,-17.0112,91.9918,-15.5937,-1342.83,-615.957,-1186.78,-557.862
-1302.0,-522.0,-150.871,1.15702e-06,87.9694,-17.289,92.0306,-15.5937,-1342.83,-615.957,-1186.78,-557.862
-1300.0,-522.0,-151.079,1.15067e-06,87.9338,-17.5758,92.0662,-15.5937,-1342.83,-615.957,-1186.78,-557.862
-1298.0,-522.0,-151.287,1.14433e-06,87.9083,-17.8719,92.0917,-15.5937,-1342.83,-615.957,-1186.78,-557.862
-1296.0,-522.0,-151.495,1.138e-06,87.8824,-18.1778,92.1176,-15.5937,-1342.83,-615.957,-1186.78,-557.862
-1294.0,-522.0,-151.706,1.13168e-06,87.8563,-18.494,92.1437,-15.5937,-1342.83,-615.957,-1186.78,-557.862
-1292.0,-522.0,-151.92,1.12537e-06,87.8299,-18.821,92.1701,-15.5937,-1342.83,-615.957,-1186.78,-557.862
-1290.0,-522.0,-152.132,1.11907e-06,87.8033,-19.1593,92.1967,-15.5937,-1342.83,-615.957,-1186.78,-557.862
-1288.0,-522.0,-147.867,1.56248e-06,86.9617,55.1888,90.8554,55.4851,-1393.19,-590.102,-1212.08,-412.809
-1286.0,-522.0,-143.396,6.96572e-07,85.2507,-121.163,92.7558,56.1391,-1393.36,-590.107,-1317.25,-573.672
-1284.0,-522.0,-141.022,7.0006e-07,85.2156,-121.634,92.7409,55.6721,-1393.24,-590.103,-1315.81,-573.634
-1282.0,-522.0,-139.749,7.03595e-07,85.1811,-122.1,92.7261,55.2098,-1393.12,-590.099,-1314.37,-573.597
-1280.0,-522.0,-145.776,6.57658e-07,86.1373,-123.789,93.8627,-43.396,-1381.4,-617.583,-1314.53,-573.601
-1278.0,-522.0,-144.709,6.61414e-07,86.1348,-124.5,93.8652,-43.396,-1381.4,-617.583,-1313.45,-573.572
-1276.0,-522.0,-143.926,6.6523e-07,86.1429,-125.2,93.8571,-43.396,-1381.4,-617.583,-1312.36,-573.544
-1274.0,-522.0,-153.378,1.06925e-06,87.6014,-22.3515,92.3986,-15.5937,-1342.83,-615.957,-1186.78,-557.862
-1272.0,-522.0,-153.524,1.0631e-06,87.5745,-22.8228,92.4255,-15.5937,-1342.83,-615.957,-1186.78,-557.862
-1270.0,-522.0,-153.671,1.05698e-06,87.5452,-23.3133,92.4548,-15.5937,-1342.83,-615.957,-1186.78,-557.862
-1268.0,-522.0,-153.819,1.05088e-06,87.5156,-23.8241,92.4844,-15.5937,-1342.83,-615.957,-1186.78,-557.862
-1266.0,-522.0,-153.966,1.0448e-06,87.4856,-24.3565,92.5144,-15.5937,-1342.83,-615.957,-1186.78,-557.862
-1264.0,-522.0,-154.116,1.03876e-06,87.4554,-24.9115,92.5446,-15.5937,-1342.83,-615.957,-1186.78,-557.862
-1262.0,-522.0,-153.034,7.32631e-07,86.3689,-122.895,93.6311,-35.9954,-1376.1,-617.359,-1322.36,-615.317
-1260.0,-522.0,-152.156,7.36298e-07,86.3651,-123.554,93.6349,-35.9954,-1376.1,-617.359,-1321.88,-615.304
-1258.0,-522.0,-151.65,7.40029e-07,86.3616,-124.204,93.6384,-35.9954,-1376.1,-617.359,-1321.41,-615.29
-1256.0,-522.0,-150.466,7.18813e-07,86.2315,-155.706,93.7685,148.195,-1425.26,-584.337,-1373.4,-574.995
-1254.0,-522.0,-138.94,7.9008e-07,86.7899,-128.255,93.9011,54.3313,-1392.89,-590.092,-1327.7,-615.469
-1252.0,-522.0,-140.094,7.9422e-07,86.8113,-128.634,93.881,53.9524,-1392.79,-590.089,-1326.68,-615.44
-1250.0,-522.0,-133.35,7.493e-07,86.3882,-130.631,93.6118,-43.396,-1381.4,-617.583,-1330.26,-615.542
-1248.0,-522.0,-129.062,7.53643e-07,86.4305,-131.17,93.5695,-43.396,-1381.4,-617.583,-1329.79,-615.528
-1246.0,-522.0,-123.174,7.58034e-07,86.4725,-131.7,93.5275,-43.396,-1381.4,-617.583,-1329.32,-615.515
-1244.0,-522.0,-121.196,7.6247e-07,86.5143,-132.221,93.4857,-43.396,-1381.4,-617.583,-1328.85,-615.501
-1242.0,-522.0,-127.292,7.66952e-07,86.5558,-132.734,93.4442,-43.396,-1381.4,-617.583,-1328.37,-615.488
-1240.0,-522.0,-131.24,7.73674e-07,86.6066,134.276,93.3934,-43.396,-1381.4,-617.583,-1240.44,-521.548
-1238.0,-522.0,-134.609,7.76045e-07,86.6378,-133.735,93.3622,-43.396,-1381.4,-617.583,-1327.42,-615.461
-1236.0,-522.0,-137.144,7.80655e-07,86.6784,-134.223,93.3216,-43.396,-1381.4,-617.583,-1326.95,-615.448
-1234.0,-522.0,-139.509,7.85305e-07,86.7187,-134.704,93.2813,-43.396,-1381.4,-617.583,-1326.47,-615.434
-1232.0,-522.0,-141.257,8.37311e-07,87.2622,-132.203,93.6822,50.3693,-1391.77,-590.058,-1316.47,-615.15
-1230.0,-522.0,-131.845,7.17213e-07,88.0441,-141.272,95.1046,37.3047,-1386.75,-589.904,-1311.13,-587.066
-1228.0,-522.0,-131.87,7.22415e-07,88.1733,-141.611,95.0666,36.9808,-1386.59,-589.899,-1308.48,-585.763
-1226.0,-522.0,-131.921,7.27638e-07,88.3255,-141.948,95.0292,36.663,-1386.42,-589.894,-1306.19,-584.771
-1224.0,-522.0,-132.237,7.32888e-07,88.4755,-142.279,94.9922,36.3502,-1386.26,-589.89,-1304.14,-583.984
-1222.0,-522.0,-132.43,7.38162e-07,88.6236,-142.607,94.9556,36.0423,-1386.1,-589.885,-1302.25,-583.344
-1220.0,-522.0,-126.432,7.43622e-07,91.9334,-142.801,94.1701,35.7195,-1385.93,-589.879,-1246.87,-542.392
-1218.0,-522.0,-121.918,7.48376e-07,86.8194,-143.243,93.1806,35.435,-1385.77,-589.875,-1343.85,-616.0
-1216.0,-522.0,-121.227,7.53694e-07,86.8847,-143.547,93.1153,35.1309,-1385.6,-589.869,-1343.22,-615.973
-1214.0,-522.0,-119.252,7.59034e-07,86.9493,-143.847,93.0507,34.8312,-1385.43,-589.864,-1342.58,-615.946
-1212.0,-522.0,-116.916,7.64396e-07,87.013,-144.142,92.987,34.5357,-1385.26,-589.859,-1341.95,-615.92
-1210.0,-522.0,-115.028,7.69778e-07,87.0759,-144.434,92.9241,34.2444,-1385.1,-589.854,-1341.31,-615.893
-1208.0,-522.0,-113.687,7.75181e-07,87.1379,-144.721,92.8621,33.9571,-1384.93,-589.849,-1340.67,-615.866
-1206.0,-522.0,-112.766,7.80604e-07,87.1992,-145.004,92.8008,33.6739,-1384.76,-589.843,-1340.04,-615.839
-1204.0,-522.0,-112.136,7.86046e-07,87.2598,-145.283,92.7402,33.3946,-1384.59,-589.838,-1339.4,-615.812
-1202.0,-522.0,-111.703,7.91508e-07,87.3195,-145.559,92.6805,33.1191,-1384.42,-589.833,-1338.76,-615.785
-1600.0,-520.0,-150.81,1.21484e-06,89.6985,45.1397,90.3015,134.012,-1425.51,-573.595,-1511.16,-430.731
-1598.0,-520.0,-135.199,2.14927e-06,89.8146,15.3643,90.1854,-15.3614,-1342.04,-615.923,-1531.1,-501.617
-1596.0,-520.0,-131.694,2.14284e-06,89.7989,15.5155,90.2011,-15.3614,-1342.04,-615.923,-1529.47,-501.53
-1594.0,-520.0,-131.037,2.13641e-06,89.7832,15.6697,90.2168,-15.3614,-1342.04,-615.923,-1527.85,-501.444
-1592.0,-520.0,-134.482,2.12999e-06,89.7674,15.8269,90.2326,-15.3614,-1342.04,-615.923,-1526.24,-501.358
-1590.0,-520.0,-123.752,1.19177e-06,89.5572,47.2596,90.4428,133.974,-1425.51,-573.56,-1507.45,-430.665
-1588.0,-520.0,-126.106,1.18725e-06,89.5283,47.4961,90.4717,133.738,-1425.52,-573.335,-1506.11,-430.641
-1586.0,-520.0,-128.577,1.18276e-06,89.4992,47.7345,90.5008,133.499,-1425.52,-573.106,-1504.77,-430.617
-1584.0,-520.0,-130.243,1.17829e-06,89.4586,47.9746,90.5414,133.259,-1425.53,-572.873,-1503.43,-430.594
-1582.0,-520.0,-130.303,1.17384e-06,89.4097,48.2166,90.5903,133.017,-1425.53,-572.637,-1502.09,-430.57
-1580.0,-520.0,-128.737,1.16942e-06,89.366,48.4604,90.634,132.773,-1425.54,-572.396,-1500.75,-430.546
-1578.0,-520.0,-126.359,1.16501e-06,89.3221,48.7061,90.6779,132.528,-1425.54,-572.151,-1499.41,-430.523
-1576.0,-520.0,-139.291,1.16064e-06,89.2778,49.2372,90.7222,132.426,-1425.55,-572.049,-1498.86,-430.513
-1574.0,-520.0,-148.485,2.07247e-06,89.5722,17.3931,90.4278,-15.3614,-1342.04,-615.923,-1512.09,-500.606
-1572.0,-520.0,-148.75,1.17616e-06,89.205,49.2374,90.795,130.064,-1425.6,-569.555,-1490.61,-425.583
-1570.0,-520.0,-144.455,1.18016e-06,89.1666,-53.1577,90.8334,130.064,-1425.6,-569.555,-1568.79,-521.615
-1568.0,-520.0,-137.594,1.1762e-06,89.1226,-53.8934,90.8774,130.064,-1425.6,-569.555,-1566.79,-521.656
-1566.0,-520.0,-130.349,1.17232e-06,89.0784,-54.6431,90.9216,130.064,-1425.6,-569.555,-1564.8,-521.696
-1564.0,-520.0,-127.094,1.1593e-06,89.0263,52.1418,90.9737,130.064,-1425.6,-569.555,-1490.61,-425.583
-1562.0,-520.0,-136.995,1.15525e-06,88.981,52.9062,91.019,130.064,-1425.6,-569.555,-1490.61,-425.583
-1560.0,-520.0,-153.039,2.02812e-06,89.4002,18.835,90.5998,-15.3614,-1342.04,-615.923,-1501.49,-500.043
-1558.0,-520.0,-153.0,2.00283e-06,89.3886,-2.83017,90.6114,-15.3614,-1342.04,-615.923,-1431.75,-526.241
-1556.0,-520.0,-152.888,1.99617e-06,89.3866,-2.86626,90.6134,-15.3614,-1342.04,-615.923,-1431.47,-526.235
-1554.0,-520.0,-152.773,1.9895e-06,89.3845,-2.9033,90.6155,-15.3614,-1342.04,-615.923,-1431.19,-526.228
-1552.0,-520.0,-152.657,1.98284e-06,89.3824,-2.9413,90.6176,-15.3614,-1342.04,-615.923,-1430.91,-526.221
-1550.0,-520.0,-152.537,1.97617e-06,89.3803,-2.9803,90.6197,-15.3614,-1342.04,-615.923,-1430.63,-526.215
-1548.0,-520.0,-152.415,1.96951e-06,89.3782,-3.02036,90.6218,-15.3614,-1342.04,-615.923,-1430.35,-526.208
-1546.0,-520.0,-152.289,1.96285e-06,89.3761,-3.0615,90.6239,-15.3614,-1342.04,-615.923,-1430.06,-526.201
-1544.0,-520.0,-154.472,1.95521e-06,89.3737,-1.2317,90.6263,-15.3614,-1342.04,-615.923,-1399.57,-523.105
-1542.0,-520.0,-154.391,1.94854e-06,89.3715,-1.24899,90.6285,-15.3614,-1342.04,-615.923,-1399.57,-523.105
-1540.0,-520.0,-154.307,1.94186e-06,89.3694,-1.26677,90.6306,-15.3614,-1342.04,-615.923,-1399.57,-523.105
-1538.0,-520.0,-154.223,1.93519e-06,89.3672,-1.28506,90.6328,-15.3614,-1342.04,-615.923,-1399.57,-523.105
-1536.0,-520.0,-154.138,1.92852e-06,89.3711,-1.3039,90.6289,-15.3614,-1342.04,-615.923,-1399.57,-523.105
-1534.0,-520.0,-154.051,1.92185e-06,89.3773,-1.32329,90.6227,-15.3614,-1342.04,-615.923,-1399.57,-523.105
-1532.0,-520.0,-153.963,1.91517e-06,89.3835,-1.34327,90.6165,-15.3614,-1342.04,-615.923,-1399.57,-523.105
-1530.0,-520.0,-153.874,1.9085e-06,89.3898,-1.36386,90.6102,-15.3614,-1342.04,-615.923,-1399.57,-523.105
-1528.0,-520.0,-153.783,1.90182e-06,89.3962,-1.38509,90.6038,-15.3614,-1342.04,-615.923,-1399.57,-523.105
-1526.0,-520.0,-153.691,1.89515e-06,89.4026,-1.40699,90.5974,-15.3614,-1342.04,-615.923,-1399.57,-523.105
-1524.0,-520.0,-153.597,1.88847e-06,89.409,-1.4296,90.591,-15.3614,-1342.04,-615.923,-1399.57,-523.105
-1522.0,-520.0,-153.501,1.8818e-06,89.4155,-1.45294,90.5845,-15.3614,-1342.04,-615.923,-1399.57,-523.105
-1520.0,-520.0,-153.404,1.87513e-06,89.422,-1.47706,90.578,-15.3614,-1342.04,-615.923,-1399.57,-523.105
-1518.0,-520.0,-153.306,1.86845e-06,89.4286,-1.502,90.5714,-15.3614,-1342.04,-615.923,-1399.57,-523.105
-1516.0,-520.0,-153.205,1.86178e-06,89.4352,-1.52779,90.5648,-15.3614,-1342.04,-615.923,-1399.57,-523.105
-1514.0,-520.0,-153.103,1.85511e-06,89.4358,-1.55448,90.5642,-15.3614,-1342.04,-615.923,-1399.57,-523.105
-1512.0,-520.0,-152.999,1.84844e-06,89.4338,-1.58212,90.5662,-15.3614,-1342.04,-615.923,-1399.57,-523.105
-1510.0,-520.0,-152.892,1.84177e-06,89.4318,-1.61076,90.5682,-15.3614,-1342.04,-615.923,-1399.57,-523.105
-1508.0,-520.0,-152.784,1.8351e-06,89.4297,-1.64045,90.5703,-15.3614,-1342.04,-615.923,-1399.57,-523.105
-1506.0,-520.0,-152.673,1.82843e-06,89.4276,-1.67126,90.5724,-15.3614,-1342.04,-615.923,-1399.57,-523.105
-1504.0,-520.0,-152.561,1.82176e-06,89.4255,-1.70325,90.5745,-15.3614,-1342.04,-615.923,-1399.57,-523.105
-1502.0,-520.0,-152.445,1.81509e-06,89.4234,-1.73649,90.5766,-15.3614,-1342.04,-615.923,-1399.57,-523.105
-1500.0,-520.0,-152.327,1.80842e-06,89.4213,-1.77105,90.5787,-15.3614,-1342.04,-615.923,-1399.57,-523.105
-1498.0,-520.0,-152.207,1.80175e-06,89.4191,-1.80701,90.5809,-15.3614,-1342.04,-615.923,-1399.57,-523.105
-1496.0,-520.0,-152.083,1.79508e-06,89.417,-1.84447,90.583,-15.3614,-1342.04,-615.923,-1399.57,-523.105
-1494.0,-520.0,-151.957,1.78841e-06,89.4148,-1.88351,90.5852,-15.3614,-1342.04,-615.923,-1399.57,-523.105
-1492.0,-520.0,-151.827,1.78174e-06,89.4126,-1.92423,90.5874,-15.3614,-1342.04,-615.923,-1399.57,-523.105
-1490.0,-520.0,-151.694,1.77507e-06,89.4104,-1.96676,90.5896,-15.3614,-1342.04,-615.923,-1399.57,-523.105
-1488.0,-520.0,-151.558,1.7684e-06,89.4082,-2.01121,90.5918,-15.3614,-1342.04,-615.923,-1399.57,-523.105
-1486.0,-520.0,-151.418,1.76173e-06,89.4059,-2.05771,90.5941,-15.3614,-1342.04,-615.923,-1399.57,-523.105
-1484.0,-520.0,-151.273,1.75506e-06,89.4037,-2.10641,90.5963,-15.3614,-1342.04,-615.923,-1399.57,-523.105
-1482.0,-520.0,-151.125,1.74839e-06,89.4014,-2.15748,90.5986,-15.3614,-1342.04,-615.923,-1399.57,-523.105
-1480.0,-520.0,-150.971,1.74173e-06,89.3991,-2.21107,90.6009,-15.3614,-1342.04,-615.923,-1399.57,-523.105
-1478.0,-520.0,-150.813,1.73506e-06,89.3968,-2.2674,90.6032,-15.3614,-1342.04,-615.923,-1399.57,-523.105
-1476.0,-520.0,-150.65,1.72839e-06,89.3945,-2.32667,90.6055,-15.3614,-1342.04,-615.923,-1399.57,-523.105
-1474.0,-520.0,-121.025,1.12431e-06,89.0691,82.3165,90.9309,104.084,-1444.07,-424.343,-1471.09,-498.427
-1472.0,-520.0,-121.636,1.12343e-06,89.0683,82.6539,90.9317,103.746,-1442.98,-424.314,-1469.21,-498.327
-1470.0,-520.0,-122.32,1.1226e-06,89.0676,82.9917,90.9324,103.409,-1441.89,-424.285,-1467.32,-498.227
-1468.0,-520.0,-116.416,9.85508e-07,88.9379,-74.3192,91.0621,77.4899,-1396.52,-584.332,-1466.02,-527.06
-1466.0,-520.0,-116.02,9.77738e-07,88.9264,-76.1941,91.0736,104.121,-1444.19,-424.346,-1464.28,-527.018
-1464.0,-520.0,-113.98,9.36589e-07,88.862,77.1349,91.138,77.5686,-1396.53,-584.242,-1442.14,-424.292
-1462.0,-520.0,-112.994,9.29207e-07,88.8356,79.1134,91.1644,103.939,-1443.6,-424.331,-1443.6,-424.331
-1460.0,-520.0,-113.183,9.27976e-07,88.8167,79.5181,91.1833,103.534,-1442.29,-424.296,-1442.29,-424.296
-1458.0,-520.0,-113.404,9.26791e-07,88.7977,79.9238,91.2023,103.128,-1440.99,-424.261,-1440.99,-424.261
-1456.0,-520.0,-113.659,9.25653e-07,88.7788,80.3306,91.2212,102.722,-1439.68,-424.226,-1439.68,-424.226
-1454.0,-520.0,-113.953,9.24562e-07,88.7599,80.7384,91.2401,102.314,-1438.38,-424.192,-1438.38,-424.192
-1452.0,-520.0,-114.237,9.32828e-07,88.7536,107.402,91.2464,104.37,-1445.0,-424.368,-1459.41,-496.365
-1450.0,-520.0,-113.876,9.34851e-07,88.739,107.792,91.261,104.761,-1446.27,-424.402,-1459.77,-489.558
-1448.0,-520.0,-113.598,9.36918e-07,88.7246,108.181,91.2754,105.149,-1447.53,-424.435,-1460.11,-483.122
-1446.0,-520.0,-113.85,9.4566e-07,88.7193,110.12,91.2807,76.3974,-1396.49,-585.487,-1460.21,-481.202
-1444.0,-520.0,-116.079,9.19815e-07,88.6657,82.7908,91.3343,100.261,-1431.86,-424.018,-1431.86,-424.018
-1442.0,-520.0,-124.617,9.19008e-07,88.647,83.2477,91.353,99.908,-1420.16,-484.607,-1430.63,-423.985
-1440.0,-520.0,-129.399,1.03986e-06,88.797,84.4423,91.203,-93.7833,-1401.22,-618.418,-1430.66,-423.986
-1438.0,-520.0,-130.46,1.03924e-06,88.7963,84.8086,91.2037,-93.417,-1401.1,-618.413,-1429.27,-423.949
-1436.0,-520.0,-141.411,2.95664e-07,85.7655,-44.8581,94.2345,111.97,-1429.78,-526.194,-1429.78,-526.194
-1434.0,-520.0,-133.152,2.91392e-07,85.7033,-55.7027,94.2967,111.97,-1429.78,-526.194,-1429.78,-526.194
-1432.0,-520.0,-100.137,2.88328e-07,85.6575,-68.1986,94.3425,111.801,-1432.0,-520.0,-1400.0,-600.0
-1430.0,-520.0,-100.064,2.85924e-07,85.6209,-69.444,94.3791,110.556,-1430.0,-520.0,-1400.0,-600.0
-1428.0,-520.0,-99.9948,2.83657e-07,85.5859,-70.71,94.4141,109.29,-1428.0,-520.0,-1400.0,-600.0
-1426.0,-520.0,-99.9293,2.81529e-07,85.5524,-71.9958,94.4476,108.004,-1426.0,-520.0,-1400.0,-600.0
-1424.0,-520.0,-99.8678,2.79545e-07,85.5208,-73.3008,94.4792,106.699,-1424.0,-520.0,-1400.0,-600.0
-1422.0,-520.0,-99.8104,2.77707e-07,85.4911,-74.6237,94.5089,105.376,-1422.0,-520.0,-1400.0,-600.0
-1420.0,-520.0,-99.7574,2.76018e-07,85.4634,-75.9638,94.5366,104.036,-1420.0,-520.0,-1400.0,-600.0
-1418.0,-520.0,-99.7088,2.74481e-07,85.438,-77.3196,94.562,102.68,-1418.0,-520.0,-1400.0,-600.0
-1416.0,-520.0,-99.6649,2.73098e-07,85.4148,-78.6901,94.5852,101.31,-1416.0,-520.0,-1400.0,-600.0
-1414.0,-520.0,-99.6257,2.71872e-07,85.3941,-80.0738,94.6059,99.9262,-1414.0,-520.0,-1400.0,-600.0
-1412.0,-520.0,-99.5916,2.70805e-07,85.3759,-81.4692,94.6241,98.5308,-1412.0,-520.0,-1400.0,-600.0
-1410.0,-520.0,-99.5624,2.69899e-07,85.3604,-82.875,94.6396,97.125,-1410.0,-520.0,-1400.0,-600.0
-1408.0,-520.0,-99.5384,2.69156e-07,85.3475,-84.2894,94.6525,95.7106,-1408.0,-520.0,-1400.0,-600.0
-1406.0,-520.0,-99.5197,2.68576e-07,85.3375,-85.7108,94.6625,94.2892,-1406.0,-520.0,-1400.0,-600.0
-1404.0,-520.0,-99.5062,2.68161e-07,85.3302,-87.1376,94.6698,92.8624,-1404.0,-520.0,-1400.0,-600.0
-1402.0,-520.0,-99.4981,2.67912e-07,85.3259,-88.5679,94.6741,91.4321,-1402.0,-520.0,-1400.0,-600.0
-1400.0,-520.0,-99.4954,2.67829e-07,85.3244,-90.0,94.6756,90.0,-1400.0,-520.0,-1400.0,-600.0
-1398.0,-520.0,0.0,0.0,0.0,0.0,0.0,0.0,0.0,0.0,0.0,0.0
-1396.0,-520.0,0.0,0.0,0.0,0.0,0.0,0.0,0.0,0.0,0.0,0.0
-1394.0,-520.0,0.0,0.0,0.0,0.0,0.0,0.0,0.0,0.0,0.0,0.0
-1392.0,-520.0,0.0,0.0,0.0,0.0,0.0,0.0,0.0,0.0,0.0,0.0
-1390.0,-520.0,0.0,0.0,0.0,0.0,0.0,0.0,0.0,0.0,0.0,0.0
-1388.0,-520.0,0.0,0.0,0.0,0.0,0.0,0.0,0.0,0.0,0.0,0.0
-1386.0,-520.0,0.0,0.0,0.0,0.0,0.0,0.0,0.0,0.0,0.0,0.0
-1384.0,-520.0,0.0,0.0,0.0,0.0,0.0,0.0,0.0,0.0,0.0,0.0
-1382.0,-520.0,0.0,0.0,0.0,0.0,0.0,0.0,0.0,0.0,0.0,0.0
-1380.0,-520.0,0.0,0.0,0.0,0.0,0.0,0.0,0.0,0.0,0.0,0.0
-1378.0,-520.0,0.0,0.0,0.0,0.0,0.0,0.0,0.0,0.0,0.0,0.0
-1376.0,-520.0,0.0,0.0,0.0,0.0,0.0,0.0,0.0,0.0,0.0,0.0
-1374.0,-520.0,0.0,0.0,0.0,0.0,0.0,0.0,0.0,0.0,0.0,0.0
-1372.0,-520.0,0.0,0.0,0.0,0.0,0.0,0.0,0.0,0.0,0.0,0.0
-1370.0,-520.0,0.0,0.0,0.0,0.0,0.0,0.0,0.0,0.0,0.0,0.0
-1368.0,-520.0,0.0,0.0,0.0,0.0,0.0,0.0,0.0,0.0,0.0,0.0
-1366.0,-520.0,0.0,0.0,0.0,0.0,0.0,0.0,0.0,0.0,0.0,0.0
-1364.0,-520.0,0.0,0.0,0.0,0.0,0.0,0.0,0.0,0.0,0.0,0.0
-1362.0,-520.0,0.0,0.0,0.0,0.0,0.0,0.0,0.0,0.0,0.0,0.0
-1360.0,-520.0,0.0,0.0,0.0,0.0,0.0,0.0,0.0,0.0,0.0,0.0
-1358.0,-520.0,0.0,0.0,0.0,0.0,0.0,0.0,0.0,0.0,0.0,0.0
-1356.0,-520.0,0.0,0.0,0.0,0.0,0.0,0.0,0.0,0.0,0.0,0.0
-1354.0,-520.0,0.0,0.0,0.0,0.0,0.0,0.0,0.0,0.0,0.0,0.0
-1352.0,-520.0,0.0,0.0,0.0,0.0,0.0,0.0,0.0,0.0,0.0,0.0
-1350.0,-520.0,0.0,0.0,0.0,0.0,0.0,0.0,0.0,0.0,0.0,0.0
-1348.0,-520.0,0.0,0.0,0.0,0.0,0.0,0.0,0.0,0.0,0.0,0.0
-1346.0,-520.0,0.0,0.0,0.0,0.0,0.0,0.0,0.0,0.0,0.0,0.0
-1344.0,-520.0,-143.993,2.00149e-06,89.1589,-13.4408,90.8411,-18.6899,-1351.72,-616.332,-1185.91,-557.781
-1342.0,-520.0,-145.239,1.99501e-06,89.14,-13.5419,90.86,-18.6899,-1351.72,-616.332,-1185.35,-557.728
-1340.0,-520.0,-146.356,1.98853e-06,89.1209,-13.6444,90.8791,-18.6899,-1351.72,-616.332,-1184.79,-557.676
-1338.0,-520.0,-147.356,1.98205e-06,89.1018,-13.7485,90.8982,-18.6899,-1351.72,-616.332,-1184.23,-557.623
-1336.0,-520.0,-147.308,1.3272e-06,88.6342,-165.272,91.3658,-15.5937,-1342.83,-615.957,-1345.16,-522.409
-1334.0,-520.0,-146.919,1.33367e-06,88.6166,-165.44,91.3834,-15.5937,-1342.83,-615.957,-1345.16,-522.898
-1332.0,-520.0,-148.639,1.25482e-06,88.5039,-14.6132,91.4961,-15.5937,-1342.83,-615.957,-1186.78,-557.862
-1330.0,-520.0,-148.88,1.24839e-06,88.4703,-14.8083,91.5297,-15.5937,-1342.83,-615.957,-1186.78,-557.862
-1328.0,-520.0,-149.116,1.24196e-06,88.4364,-15.0087,91.5636,-15.5937,-1342.83,-615.957,-1186.78,-557.862
-1326.0,-520.0,-127.024,1.33166e-06,88.1838,-137.673,91.4665,-15.4932,-1342.49,-615.942,-1339.5,-532.293
-1324.0,-520.0,-129.723,1.33662e-06,87.8965,-137.862,91.4689,-15.3002,-1341.83,-615.915,-1339.1,-533.659
-1322.0,-520.0,-131.98,1.3416e-06,87.6625,-138.049,91.4713,-15.1087,-1341.16,-615.886,-1338.7,-535.011
-1320.0,-520.0,-133.836,1.34659e-06,87.4679,-138.235,91.4736,-14.9185,-1340.48,-615.858,-1338.31,-536.349
-1318.0,-520.0,-150.222,1.2099e-06,88.2615,-16.0952,91.7385,-15.5937,-1342.83,-615.957,-1186.78,-557.862
-1316.0,-520.0,-150.43,1.20352e-06,88.2254,-16.3311,91.7746,-15.5937,-1342.83,-615.957,-1186.78,-557.862
-1314.0,-520.0,-150.635,1.19714e-06,88.189,-16.5739,91.811,-15.5937,-1342.83,-615.957,-1186.78,-557.862
-1312.0,-520.0,-150.837,1.19077e-06,88.1522,-16.8237,91.8478,-15.5937,-1342.83,-615.957,-1186.78,-557.862
-1310.0,-520.0,-151.036,1.1844e-06,88.115,-17.081,91.885,-15.5937,-1342.83,-615.957,-1186.78,-557.862
-1308.0,-520.0,-148.184,5.49756e-07,80.8799,-123.345,81.631,55.4157,-1393.18,-590.101,-1371.95,-617.184
-1306.0,-520.0,-151.43,1.17171e-06,88.0394,-17.6192,91.9606,-15.5937,-1342.83,-615.957,-1186.78,-557.862
-1304.0,-520.0,-151.625,1.16538e-06,88.0011,-17.9008,91.9989,-15.5937,-1342.83,-615.957,-1186.78,-557.862
-1302.0,-520.0,-151.822,1.15906e-06,87.9623,-18.1912,92.0377,-15.5937,-1342.83,-615.957,-1186.78,-557.862
-1300.0,-520.0,-152.021,1.15274e-06,87.9268,-18.4909,92.0732,-15.5937,-1342.83,-615.957,-1186.78,-557.862
-1298.0,-520.0,-152.222,1.14643e-06,87.9013,-18.8002,92.0987,-15.5937,-1342.83,-615.957,-1186.78,-557.862
-1296.0,-520.0,-151.528,6.38301e-07,86.2034,-114.785,93.7966,-43.3117,-1381.35,-617.58,-1320.83,-573.765
-1294.0,-520.0,-152.616,1.13385e-06,87.8495,-19.4498,92.1505,-15.5937,-1342.83,-615.957,-1186.78,-557.862
-1292.0,-520.0,-152.789,1.12758e-06,87.8232,-19.791,92.1768,-15.5937,-1342.83,-615.957,-1186.78,-557.862
-1290.0,-520.0,-152.94,1.12133e-06,87.7967,-20.144,92.2033,-15.5937,-1342.83,-615.957,-1186.78,-557.862
-1288.0,-520.0,-148.0,1.55703e-06,86.8944,55.0465,90.8538,55.3458,-1393.16,-590.1,-1212.13,-411.459
-1286.0,-520.0,-145.556,7.02289e-07,85.3222,-120.878,92.7646,56.4195,-1393.43,-590.109,-1318.11,-573.694
-1284.0,-520.0,-142.297,7.05749e-07,85.2878,-121.346,92.7499,55.9549,-1393.31,-590.105,-1316.68,-573.657
-1282.0,-520.0,-140.412,7.09255e-07,85.254,-121.81,92.7353,55.4948,-1393.2,-590.102,-1315.26,-573.62
-1280.0,-520.0,-139.446,7.12807e-07,85.2208,-122.269,92.7206,55.0394,-1393.08,-590.098,-1313.83,-573.583
-1278.0,-520.0,-145.53,6.66932e-07,86.1483,-124.021,93.8517,-43.396,-1381.4,-617.583,-1314.18,-573.592
-1276.0,-520.0,-144.566,6.70701e-07,86.156,-124.717,93.844,-43.396,-1381.4,-617.583,-1313.11,-573.564
-1274.0,-520.0,-143.897,6.74538e-07,86.1629,-125.401,93.8371,-43.396,-1381.4,-617.583,-1312.05,-573.536
-1272.0,-520.0,-154.16,1.06577e-06,87.5574,-23.9555,92.4426,-15.5937,-1342.83,-615.957,-1186.78,-557.862
-1270.0,-520.0,-154.299,1.0597e-06,87.5281,-24.4645,92.4719,-15.5937,-1342.83,-615.957,-1186.78,-557.862
-1268.0,-520.0,-154.439,1.05365e-06,87.4986,-24.9941,92.5014,-15.5937,-1342.83,-615.957,-1186.78,-557.862
-1266.0,-520.0,-154.583,1.04764e-06,87.4688,-25.5455,92.5312,-15.5937,-1342.83,-615.957,-1186.78,-557.862
-1264.0,-520.0,-154.734,1.04165e-06,87.4387,-26.1201,92.5613,-15.5937,-1342.83,-615.957,-1186.78,-557.862
-1262.0,-520.0,-154.011,7.38264e-07,86.3631,-122.47,93.6369,-35.9954,-1376.1,-617.359,-1322.66,-615.326
-1260.0,-520.0,-152.793,7.4189e-07,86.3591,-123.125,93.6409,-35.9954,-1376.1,-617.359,-1322.19,-615.313
-1258.0,-520.0,-152.073,7.45579e-07,86.3555,-123.77,93.6445,-35.9954,-1376.1,-617.359,-1321.73,-615.299
-1256.0,-520.0,-151.668,7.49329e-07,86.3521,-124.406,93.6479,-35.9954,-1376.1,-617.359,-1321.26,-615.286
-1254.0,-520.0,0.0,0.0,0.0,0.0,0.0,0.0,0.0,0.0,0.0,0.0
-1252.0,-520.0,0.0,0.0,0.0,0.0,0.0,0.0,0.0,0.0,0.0,0.0
-1250.0,-520.0,0.0,0.0,0.0,0.0,0.0,0.0,0.0,0.0,0.0,0.0
-1248.0,-520.0,0.0,0.0,0.0,0.0,0.0,0.0,0.0,0.0,0.0,0.0
-1246.0,-520.0,0.0,0.0,0.0,0.0,0.0,0.0,0.0,0.0,0.0,0.0
-1244.0,-520.0,0.0,0.0,0.0,0.0,0.0,0.0,0.0,0.0,0.0,0.0
-1242.0,-520.0,0.0,0.0,0.0,0.0,0.0,0.0,0.0,0.0,0.0,0.0
-1240.0,-520.0,0.0,0.0,0.0,0.0,0.0,0.0,0.0,0.0,0.0,0.0
-1238.0,-520.0,0.0,0.0,0.0,0.0,0.0,0.0,0.0,0.0,0.0,0.0
-1236.0,-520.0,0.0,0.0,0.0,0.0,0.0,0.0,0.0,0.0,0.0,0.0
-1234.0,-520.0,0.0,0.0,0.0,0.0,0.0,0.0,0.0,0.0,0.0,0.0
-1232.0,-520.0,0.0,0.0,0.0,0.0,0.0,0.0,0.0,0.0,0.0,0.0
-1230.0,-520.0,0.0,0.0,0.0,0.0,0.0,0.0,0.0,0.0,0.0,0.0
-1228.0,-520.0,0.0,0.0,0.0,0.0,0.0,0.0,0.0,0.0,0.0,0.0
-1226.0,-520.0,0.0,0.0,0.0,0.0,0.0,0.0,0.0,0.0,0.0,0.0
-1224.0,-520.0,0.0,0.0,0.0,0.0,0.0,0.0,0.0,0.0,0.0,0.0
-1222.0,-520.0,-143.155,7.41947e-07,86.688,-141.434,93.312,35.7331,-1385.93,-589.879,-1306.24,-587.164
-1220.0,-520.0,-130.967,7.47507e-07,88.7009,-142.515,94.9675,36.1421,-1386.15,-589.886,-1303.19,-583.803
-1218.0,-520.0,-130.418,7.528e-07,88.8417,-142.834,94.9317,35.8421,-1385.99,-589.881,-1301.44,-583.255
-1216.0,-520.0,-122.002,7.57684e-07,86.8848,-143.14,93.1152,35.5375,-1385.83,-589.876,-1344.06,-616.009
-1214.0,-520.0,-121.758,7.62996e-07,86.9489,-143.441,93.0511,35.2364,-1385.66,-589.871,-1343.44,-615.982
-1212.0,-520.0,-120.229,7.6833e-07,87.0122,-143.738,92.9878,34.9396,-1385.49,-589.866,-1342.81,-615.956
-1210.0,-520.0,-117.921,7.73685e-07,87.0746,-144.031,92.9254,34.6469,-1385.33,-589.861,-1342.19,-615.93
-1208.0,-520.0,-115.846,7.7906e-07,87.1363,-144.32,92.8637,34.3583,-1385.16,-589.856,-1341.56,-615.903
-1206.0,-520.0,-114.315,7.84456e-07,87.1972,-144.604,92.8028,34.0736,-1384.99,-589.851,-1340.93,-615.877
-1204.0,-520.0,-113.25,7.89872e-07,87.2574,-144.885,92.7426,33.7929,-1384.83,-589.846,-1340.31,-615.85
-1202.0,-520.0,-112.517,7.95307e-07,87.3167,-145.162,92.6833,33.5161,-1384.66,-589.841,-1339.68,-615.824
-1600.0,-518.0,-152.892,1.21013e-06,89.6462,44.7233,90.3538,134.012,-1425.51,-573.595,-1511.9,-430.743
-1598.0,-518.0,-150.706,1.20541e-06,89.6181,45.1417,90.3819,134.012,-1425.51,-573.595,-1511.16,-430.73
-1596.0,-518.0,-148.327,1.20073e-06,89.5897,45.5664,90.4103,134.012,-1425.51,-573.595,-1510.43,-430.717
-1594.0,-518.0,-145.456,1.19608e-06,89.5611,45.9973,90.4389,134.012,-1425.51,-573.595,-1509.69,-430.704
-1592.0,-518.0,-141.583,1.19147e-06,89.5323,46.4345,90.4677,134.012,-1425.51,-573.595,-1508.96,-430.692
-1590.0,-518.0,-133.874,2.12177e-06,89.7221,15.4206,90.2779,-15.3614,-1342.04,-615.923,-1530.49,-501.584
-1588.0,-518.0,-123.856,1.18235e-06,89.4741,47.2776,90.5259,133.956,-1425.51,-573.542,-1507.34,-430.663
-1586.0,-518.0,-126.259,1.17784e-06,89.4446,47.5161,90.5554,133.718,-1425.52,-573.316,-1505.99,-430.639
-1584.0,-518.0,-128.721,1.17335e-06,89.4086,47.7565,90.5914,133.477,-1425.52,-573.085,-1504.64,-430.615
-1582.0,-518.0,-130.262,1.16888e-06,89.3649,47.9986,90.6351,133.235,-1425.53,-572.85,-1503.29,-430.591
-1580.0,-518.0,-130.135,1.16444e-06,89.3209,48.2427,90.6791,132.991,-1425.53,-572.611,-1501.94,-430.567
-1578.0,-518.0,-128.407,1.16002e-06,89.2765,48.4886,90.7235,132.745,-1425.54,-572.368,-1500.59,-430.544
-1576.0,-518.0,-125.989,1.15562e-06,89.2319,48.7364,90.7681,132.497,-1425.54,-572.121,-1499.25,-430.52
-1574.0,-518.0,-140.786,1.15125e-06,89.1869,49.341,90.8131,132.426,-1425.55,-572.049,-1498.86,-430.513
-1572.0,-518.0,-145.834,1.1895e-06,89.1723,-52.979,90.8277,130.064,-1425.6,-569.555,-1569.28,-521.605
-1570.0,-518.0,-139.923,1.18553e-06,89.1287,-53.6968,90.8713,130.064,-1425.6,-569.555,-1567.32,-521.645
-1568.0,-518.0,-129.204,1.18163e-06,89.0848,-54.4281,90.9152,130.064,-1425.6,-569.555,-1565.37,-521.684
-1566.0,-518.0,-138.371,1.17779e-06,89.0407,-55.173,90.9593,130.064,-1425.6,-569.555,-1563.41,-521.724
-1564.0,-518.0,-136.082,1.15406e-06,88.979,51.5459,91.021,130.064,-1425.6,-569.555,-1490.61,-425.583
-1562.0,-518.0,-128.242,1.14996e-06,88.9333,52.3143,91.0667,130.064,-1425.6,-569.555,-1490.61,-425.583
-1560.0,-518.0,-138.783,1.14593e-06,88.9098,53.099,91.0902,130.064,-1425.6,-569.555,-1490.61,-425.583
-1558.0,-518.0,-151.679,2.01967e-06,89.3815,18.3987,90.6185,-15.3614,-1342.04,-615.923,-1504.5,-500.203
-1556.0,-518.0,-152.286,2.01334e-06,89.3795,18.6221,90.6205,-15.3614,-1342.04,-615.923,-1502.94,-500.12
-1554.0,-518.0,-152.868,2.00702e-06,89.3776,18.8508,90.6224,-15.3614,-1342.04,-615.923,-1501.39,-500.038
-1552.0,-518.0,-153.429,2.00071e-06,89.3756,19.085,90.6244,-15.3614,-1342.04,-615.923,-1499.85,-499.956
-1550.0,-518.0,-153.971,1.99441e-06,89.3736,19.3249,90.6264,-15.3614,-1342.04,-615.923,-1498.31,-499.874
-1548.0,-518.0,-154.302,1.96874e-06,89.3654,-1.96995,90.6346,-15.3614,-1342.04,-615.923,-1399.57,-523.105
-1546.0,-518.0,-154.215,1.96207e-06,89.3633,-1.99684,90.6367,-15.3614,-1342.04,-615.923,-1399.57,-523.105
-1544.0,-518.0,-154.126,1.9554e-06,89.3611,-2.02447,90.6389,-15.3614,-1342.04,-615.923,-1399.57,-523.105
-1542.0,-518.0,-154.035,1.94873e-06,89.3589,-2.05287,90.6411,-15.3614,-1342.04,-615.923,-1399.57,-523.105
-1540.0,-518.0,-153.943,1.94206e-06,89.3567,-2.08209,90.6433,-15.3614,-1342.04,-615.923,-1399.57,-523.105
-1538.0,-518.0,-153.849,1.9354e-06,89.3545,-2.11214,90.6455,-15.3614,-1342.04,-615.923,-1399.57,-523.105
-1536.0,-518.0,-153.754,1.92873e-06,89.3583,-2.14308,90.6417,-15.3614,-1342.04,-615.923,-1399.57,-523.105
-1534.0,-518.0,-153.657,1.92205e-06,89.3645,-2.17493,90.6355,-15.3614,-1342.04,-615.923,-1399.57,-523.105
-1532.0,-518.0,-153.559,1.91538e-06,89.3707,-2.20775,90.6293,-15.3614,-1342.04,-615.923,-1399.57,-523.105
-1530.0,-518.0,-153.458,1.90871e-06,89.3769,-2.24157,90.6231,-15.3614,-1342.04,-615.923,-1399.57,-523.105
-1528.0,-518.0,-153.356,1.90204e-06,89.3832,-2.27644,90.6168,-15.3614,-1342.04,-615.923,-1399.57,-523.105
-1526.0,-518.0,-153.251,1.89537e-06,89.3896,-2.31241,90.6104,-15.3614,-1342.04,-615.923,-1399.57,-523.105
-1524.0,-518.0,-153.145,1.8887e-06,89.396,-2.34954,90.604,-15.3614,-1342.04,-615.923,-1399.57,-523.105
-1522.0,-518.0,-153.036,1.88203e-06,89.4024,-2.38788,90.5976,-15.3614,-1342.04,-615.923,-1399.57,-523.105
-1520.0,-518.0,-152.925,1.87536e-06,89.4089,-2.42749,90.5911,-15.3614,-1342.04,-615.923,-1399.57,-523.105
-1518.0,-518.0,-152.811,1.86869e-06,89.4154,-2.46843,90.5846,-15.3614,-1342.04,-615.923,-1399.57,-523.105
-1516.0,-518.0,-152.695,1.86202e-06,89.422,-2.51078,90.578,-15.3614,-1342.04,-615.923,-1399.57,-523.105
-1514.0,-518.0,-152.576,1.85535e-06,89.4286,-2.55461,90.5714,-15.3614,-1342.04,-615.923,-1399.57,-523.105
-1512.0,-518.0,-152.455,1.84868e-06,89.4272,-2.59999,90.5728,-15.3614,-1342.04,-615.923,-1399.57,-523.105
-1510.0,-518.0,-152.33,1.84202e-06,89.4251,-2.64702,90.5749,-15.3614,-1342.04,-615.923,-1399.57,-523.105
-1508.0,-518.0,-152.202,1.83535e-06,89.423,-2.69577,90.577,-15.3614,-1342.04,-615.923,-1399.57,-523.105
-1506.0,-518.0,-152.071,1.82869e-06,89.4209,-2.74636,90.5791,-15.3614,-1342.04,-615.923,-1399.57,-523.105
-1504.0,-518.0,-151.936,1.82202e-06,89.4188,-2.79887,90.5812,-15.3614,-1342.04,-615.923,-1399.57,-523.105
-1502.0,-518.0,-151.798,1.81536e-06,89.4167,-2.85343,90.5833,-15.3614,-1342.04,-615.923,-1399.57,-523.105
-1500.0,-518.0,-151.655,1.80869e-06,89.4145,-2.91016,90.5855,-15.3614,-1342.04,-615.923,-1399.57,-523.105
-1498.0,-518.0,-151.509,1.80203e-06,89.4123,-2.96919,90.5877,-15.3614,-1342.04,-615.923,-1399.57,-523.105
-1496.0,-518.0,-151.357,1.79536e-06,89.4102,-3.03066,90.5898,-15.3614,-1342.04,-615.923,-1399.57,-523.105
-1494.0,-518.0,-151.201,1.7887e-06,89.408,-3.09473,90.592,-15.3614,-1342.04,-615.923,-1399.57,-523.105
-1492.0,-518.0,-151.04,1.78204e-06,89.4058,-3.16157,90.5942,-15.3614,-1342.04,-615.923,-1399.57,-523.105
-1490.0,-518.0,-150.872,1.77537e-06,89.4035,-3.23134,90.5965,-15.3614,-1342.04,-615.923,-1399.57,-523.105
-1488.0,-518.0,-150.699,1.76871e-06,89.4013,-3.30427,90.5987,-15.3614,-1342.04,-615.923,-1399.57,-523.105
-1486.0,-518.0,-150.519,1.76205e-06,89.399,-3.38056,90.601,-15.3614,-1342.04,-615.923,-1399.57,-523.105
-1484.0,-518.0,-150.332,1.75539e-06,89.3967,-3.46045,90.6033,-15.3614,-1342.04,-615.923,-1399.57,-523.105
-1482.0,-518.0,-150.138,1.74873e-06,89.3944,-3.5442,90.6056,-15.3614,-1342.04,-615.923,-1399.57,-523.105
-1480.0,-518.0,-149.935,1.74207e-06,89.3921,-3.63211,90.6079,-15.3614,-1342.04,-615.923,-1399.57,-523.105
-1478.0,-518.0,-149.722,1.73541e-06,89.3898,-3.72447,90.6102,-15.3614,-1342.04,-615.923,-1399.57,-523.105
-1476.0,-518.0,-149.5,1.72875e-06,89.3874,-3.82166,90.6126,-15.3614,-1342.04,-615.923,-1399.57,-523.105
-1474.0,-518.0,-149.266,1.72209e-06,89.3851,-3.92404,90.6149,-15.3614,-1342.04,-615.923,-1399.57,-523.105
-1472.0,-518.0,-121.498,1.11682e-06,89.0518,82.6101,90.9482,103.79,-1443.12,-424.318,-1469.45,-498.34
-1470.0,-518.0,-122.176,1.11598e-06,89.051,82.9499,90.949,103.45,-1442.02,-424.289,-1467.56,-498.239
-1468.0,-518.0,-116.593,9.91938e-07,88.9324,-74.4234,91.0676,77.5941,-1396.53,-584.212,-1465.48,-527.047
-1466.0,-518.0,-116.161,9.84223e-07,88.921,-76.2868,91.079,104.028,-1443.89,-424.338,-1463.8,-527.007
-1464.0,-518.0,-116.52,9.82668e-07,88.9028,-76.6649,91.0972,103.65,-1442.67,-424.306,-1461.88,-526.961
-1462.0,-518.0,-112.896,9.22661e-07,88.814,79.0351,91.186,104.017,-1443.85,-424.337,-1443.85,-424.337
-1460.0,-518.0,-113.081,9.21421e-07,88.7948,79.4426,91.2052,103.61,-1442.54,-424.302,-1442.54,-424.302
-1458.0,-518.0,-113.297,9.20228e-07,88.7757,79.8511,91.2243,103.201,-1441.22,-424.267,-1441.22,-424.267
-1456.0,-518.0,-113.547,9.19082e-07,88.7566,80.2607,91.2434,102.791,-1439.91,-424.232,-1439.91,-424.232
-1454.0,-518.0,-113.836,9.17983e-07,88.7376,80.6714,91.2624,102.381,-1438.59,-424.197,-1438.59,-424.197
-1452.0,-518.0,-114.047,9.26469e-07,88.7317,107.525,91.2683,104.494,-1445.4,-424.379,-1459.52,-494.174
-1450.0,-518.0,-113.712,9.28506e-07,88.7171,107.918,91.2829,104.886,-1446.68,-424.413,-1459.88,-487.438
-1448.0,-518.0,-113.455,9.30586e-07,88.7026,108.309,91.2974,105.278,-1447.95,-424.447,-1460.22,-481.069
-1446.0,-518.0,-115.426,9.14062e-07,88.6615,82.3232,91.3385,100.729,-1433.34,-424.057,-1433.34,-424.057
-1444.0,-518.0,-115.942,9.13201e-07,88.6425,82.7382,91.3575,100.314,-1432.02,-424.022,-1432.02,-424.022
-1442.0,-518.0,-115.946,9.9104e-07,88.7377,-105.717,91.2623,105.423,-1448.43,-424.459,-1444.4,-526.544
-1440.0,-518.0,-129.231,1.03322e-06,88.7893,84.4064,91.2107,-93.8191,-1401.23,-618.418,-1430.79,-423.989
-1438.0,-518.0,-130.306,1.03259e-06,88.7885,84.7751,91.2115,-93.4505,-1401.11,-618.413,-1429.4,-423.952
-1436.0,-518.0,-137.148,3.00685e-07,85.8363,-52.7768,94.1637,111.97,-1429.78,-526.194,-1429.78,-526.194
-1434.0,-518.0,-125.16,3.07384e-07,85.9272,-62.4556,94.0728,69.5502,-1396.34,-590.198,-1396.34,-590.198
-1432.0,-518.0,-100.322,2.94517e-07,85.7489,-68.6821,94.2511,111.318,-1432.0,-518.0,-1400.0,-600.0
-1430.0,-518.0,-100.252,2.92164e-07,85.7146,-69.9048,94.2854,110.095,-1430.0,-518.0,-1400.0,-600.0
-1428.0,-518.0,-100.186,2.89946e-07,85.6818,-71.1468,94.3182,108.853,-1428.0,-518.0,-1400.0,-600.0
-1426.0,-518.0,-100.123,2.87865e-07,85.6505,-72.4076,94.3495,107.592,-1426.0,-518.0,-1400.0,-600.0
-1424.0,-518.0,-100.064,2.85924e-07,85.6209,-73.6861,94.3791,106.314,-1424.0,-518.0,-1400.0,-600.0
-1422.0,-518.0,-100.009,2.84127e-07,85.5932,-74.9816,94.4068,105.018,-1422.0,-518.0,-1400.0,-600.0
-1420.0,-518.0,-99.9585,2.82477e-07,85.5674,-76.293,94.4326,103.707,-1420.0,-518.0,-1400.0,-600.0
-1418.0,-518.0,-99.9122,2.80975e-07,85.5436,-77.6192,94.4564,102.381,-1418.0,-518.0,-1400.0,-600.0
-1416.0,-518.0,-99.8703,2.79624e-07,85.5221,-78.9591,94.4779,101.041,-1416.0,-518.0,-1400.0,-600.0
-1414.0,-518.0,-99.833,2.78427e-07,85.5028,-80.3112,94.4972,99.6888,-1414.0,-518.0,-1400.0,-600.0
-1412.0,-518.0,-99.8004,2.77386e-07,85.4859,-81.6743,94.5141,98.3257,-1412.0,-518.0,-1400.0,-600.0
-1410.0,-518.0,-99.7726,2.76501e-07,85.4714,-83.047,94.5286,96.953,-1410.0,-518.0,-1400.0,-600.0
-1408.0,-518.0,-99.7497,2.75776e-07,85.4595,-84.4278,94.5405,95.5722,-1408.0,-518.0,-1400.0,-600.0
-1406.0,-518.0,-99.7319,2.7521e-07,85.4501,-85.8151,94.5499,94.1849,-1406.0,-518.0,-1400.0,-600.0
-1404.0,-518.0,-99.7191,2.74805e-07,85.4434,-87.2073,94.5566,92.7927,-1404.0,-518.0,-1400.0,-600.0
-1402.0,-518.0,-99.7114,2.74562e-07,85.4393,-88.6028,94.5607,91.3972,-1402.0,-518.0,-1400.0,-600.0
-1400.0,-518.0,-99.7088,2.74481e-07,85.438,-90.0,94.562,90.0,-1400.0,-518.0,-1400.0,-600.0
-1398.0,-518.0,0.0,0.0,0.0,0.0,0.0,0.0,0.0,0.0,0.0,0.0
-1396.0,-518.0,0.0,0.0,0.0,0.0,0.0,0.0,0.0,0.0,0.0,0.0
-1394.0,-518.0,0.0,0.0,0.0,0.0,0.0,0.0,0.0,0.0,0.0,0.0
-1392.0,-518.0,0.0,0.0,0.0,0.0,0.0,0.0,0.0,0.0,0.0,0.0
-1390.0,-518.0,0.0,0.0,0.0,0.0,0.0,0.0,0.0,0.0,0.0,0.0
-1388.0,-518.0,0.0,0.0,0.0,0.0,0.0,0.0,0.0,0.0,0.0,0.0
-1386.0,-518.0,0.0,0.0,0.0,0.0,0.0,0.0,0.0,0.0,0.0,0.0
-1384.0,-518.0,0.0,0.0,0.0,0.0,0.0,0.0,0.0,0.0,0.0,0.0
-1382.0,-518.0,0.0,0.0,0.0,0.0,0.0,0.0,0.0,0.0,0.0,0.0
-1380.0,-518.0,0.0,0.0,0.0,0.0,0.0,0.0,0.0,0.0,0.0,0.0
-1378.0,-518.0,0.0,0.0,0.0,0.0,0.0,0.0,0.0,0.0,0.0,0.0
-1376.0,-518.0,0.0,0.0,0.0,0.0,0.0,0.0,0.0,0.0,0.0,0.0
-1374.0,-518.0,0.0,0.0,0.0,0.0,0.0,0.0,0.0,0.0,0.0,0.0
-1372.0,-518.0,0.0,0.0,0.0,0.0,0.0,0.0,0.0,0.0,0.0,0.0
-1370.0,-518.0,0.0,0.0,0.0,0.0,0.0,0.0,0.0,0.0,0.0,0.0
-1368.0,-518.0,0.0,0.0,0.0,0.0,0.0,0.0,0.0,0.0,0.0,0.0
-1366.0,-518.0,0.0,0.0,0.0,0.0,0.0,0.0,0.0,0.0,0.0,0.0
-1364.0,-518.0,0.0,0.0,0.0,0.0,0.0,0.0,0.0,0.0,0.0,0.0
-1362.0,-518.0,0.0,0.0,0.0,0.0,0.0,0.0,0.0,0.0,0.0,0.0
-1360.0,-518.0,0.0,0.0,0.0,0.0,0.0,0.0,0.0,0.0,0.0,0.0
-1358.0,-518.0,0.0,0.0,0.0,0.0,0.0,0.0,0.0,0.0,0.0,0.0
-1356.0,-518.0,0.0,0.0,0.0,0.0,0.0,0.0,0.0,0.0,0.0,0.0
-1354.0,-518.0,0.0,0.0,0.0,0.0,0.0,0.0,0.0,0.0,0.0,0.0
-1352.0,-518.0,0.0,0.0,0.0,0.0,0.0,0.0,0.0,0.0,0.0,0.0
-1350.0,-518.0,0.0,0.0,0.0,0.0,0.0,0.0,0.0,0.0,0.0,0.0
-1348.0,-518.0,0.0,0.0,0.0,0.0,0.0,0.0,0.0,0.0,0.0,0.0
-1346.0,-518.0,0.0,0.0,0.0,0.0,0.0,0.0,0.0,0.0,0.0,0.0
-1344.0,-518.0,-148.44,1.29518e-06,88.6906,-14.2273,91.3094,-15.5937,-1342.83,-615.957,-1186.78,-557.862
-1342.0,-518.0,-148.681,1.28873e-06,88.659,-14.4031,91.341,-15.5937,-1342.83,-615.957,-1186.78,-557.862
-1340.0,-518.0,-148.916,1.28228e-06,88.627,-14.5831,91.373,-15.5937,-1342.83,-615.957,-1186.78,-557.862
-1338.0,-518.0,-149.146,1.27584e-06,88.5948,-14.7676,91.4052,-15.5937,-1342.83,-615.957,-1186.78,-557.862
-1336.0,-518.0,-148.869,1.32894e-06,88.6266,-164.629,91.3734,-15.5937,-1342.83,-615.957,-1345.2,-520.529
-1334.0,-518.0,-148.549,1.33539e-06,88.6091,-164.803,91.3909,-15.5937,-1342.83,-615.957,-1345.19,-521.04
-1332.0,-518.0,-148.218,1.34184e-06,88.5917,-164.974,91.4083,-15.5937,-1342.83,-615.957,-1345.18,-521.538
-1330.0,-518.0,-150.016,1.25014e-06,88.4626,-15.5536,91.5374,-15.5937,-1342.83,-615.957,-1186.78,-557.862
-1328.0,-518.0,-150.223,1.24373e-06,88.4287,-15.763,91.5713,-15.5937,-1342.83,-615.957,-1186.78,-557.862
-1326.0,-518.0,-150.426,1.23733e-06,88.3945,-15.978,91.6055,-15.5937,-1342.83,-615.957,-1186.78,-557.862
-1324.0,-518.0,-130.568,1.34111e-06,87.7868,-137.648,91.4663,-15.5116,-1342.55,-615.945,-1339.54,-532.162
-1322.0,-518.0,-132.642,1.34607e-06,87.5698,-137.836,91.4686,-15.3199,-1341.9,-615.917,-1339.14,-533.52
-1320.0,-518.0,-134.352,1.35104e-06,87.3883,-138.022,91.471,-15.1296,-1341.23,-615.889,-1338.74,-534.863
-1318.0,-518.0,-135.791,1.35603e-06,87.234,-138.208,91.4733,-14.9407,-1340.56,-615.861,-1338.35,-536.193
-1316.0,-518.0,-151.391,1.20544e-06,88.218,-17.1444,91.782,-15.5937,-1342.83,-615.957,-1186.78,-557.862
-1314.0,-518.0,-151.578,1.19909e-06,88.1816,-17.3977,91.8184,-15.5937,-1342.83,-615.957,-1186.78,-557.862
-1312.0,-518.0,-151.763,1.19275e-06,88.1449,-17.6585,91.8551,-15.5937,-1342.83,-615.957,-1186.78,-557.862
-1310.0,-518.0,-151.948,1.18642e-06,88.1078,-17.9269,91.8922,-15.5937,-1342.83,-615.957,-1186.78,-557.862
-1308.0,-518.0,-152.134,1.18009e-06,88.0703,-18.2033,91.9297,-15.5937,-1342.83,-615.957,-1186.78,-557.862
-1306.0,-518.0,-148.434,5.5901e-07,80.9702,-123.541,81.6521,55.2124,-1393.12,-590.099,-1371.74,-617.175
-1304.0,-518.0,-152.513,1.16748e-06,87.9941,-18.7816,92.0059,-15.5937,-1342.83,-615.957,-1186.78,-557.862
-1302.0,-518.0,-152.703,1.16119e-06,87.9554,-19.0842,92.0446,-15.5937,-1342.83,-615.957,-1186.78,-557.862
-1300.0,-518.0,-152.887,1.15492e-06,87.92,-19.3963,92.08,-15.5937,-1342.83,-615.957,-1186.78,-557.862
-1298.0,-518.0,-153.055,1.14864e-06,87.8946,-19.7185,92.1054,-15.5937,-1342.83,-615.957,-1186.78,-557.862
-1296.0,-518.0,-152.048,6.44371e-07,86.22,-114.344,93.78,-43.3117,-1381.35,-617.58,-1321.24,-573.776
-1294.0,-518.0,-151.376,6.47185e-07,86.2114,-115.294,93.7886,-43.3117,-1381.35,-617.58,-1320.35,-573.753
-1292.0,-518.0,-151.264,6.50098e-07,86.2035,-116.23,93.7965,-43.3117,-1381.35,-617.58,-1319.46,-573.729
-1290.0,-518.0,-153.58,1.12368e-06,87.7903,-21.1163,92.2097,-15.5937,-1342.83,-615.957,-1186.78,-557.862
-1288.0,-518.0,-153.705,1.11748e-06,87.7636,-21.4958,92.2364,-15.5937,-1342.83,-615.957,-1186.78,-557.862
-1286.0,-518.0,-148.316,1.54778e-06,86.7862,55.1047,90.8545,55.4082,-1393.17,-590.101,-1212.11,-412.059
-1284.0,-518.0,-144.069,7.11456e-07,85.3563,-121.063,92.7587,56.2331,-1393.39,-590.107,-1317.54,-573.679
-1282.0,-518.0,-141.418,7.14934e-07,85.3232,-121.524,92.7442,55.7754,-1393.27,-590.104,-1316.13,-573.643
-1280.0,-518.0,-139.937,7.18457e-07,85.2907,-121.981,92.7297,55.3221,-1393.15,-590.1,-1314.72,-573.606
-1278.0,-518.0,-146.448,6.7248e-07,86.1617,-123.554,93.8383,-43.396,-1381.4,-617.583,-1314.88,-573.61
-1276.0,-518.0,-145.324,6.76212e-07,86.1597,-124.245,93.8403,-43.396,-1381.4,-617.583,-1313.84,-573.583
-1274.0,-518.0,-144.457,6.8001e-07,86.1574,-124.924,93.8426,-43.396,-1381.4,-617.583,-1312.79,-573.555
-1272.0,-518.0,-151.672,1.52169e-06,86.5116,56.544,90.87,56.8553,-1393.54,-590.112,-1211.56,-426.535
-1270.0,-518.0,-154.884,1.06254e-06,87.5115,-25.5949,92.4885,-15.5937,-1342.83,-615.957,-1186.78,-557.862
-1268.0,-518.0,-155.027,1.05655e-06,87.4821,-26.1421,92.5179,-15.5937,-1342.83,-615.957,-1186.78,-557.862
-1266.0,-518.0,-155.185,1.05059e-06,87.4524,-26.7115,92.5476,-15.5937,-1342.83,-615.957,-1186.78,-557.862
-1264.0,-518.0,-155.371,1.04466e-06,87.4225,-27.3042,92.5775,-15.5937,-1342.83,-615.957,-1186.78,-557.862
-1262.0,-518.0,-155.316,7.43924e-07,86.3575,-122.055,93.6425,-35.9954,-1376.1,-617.359,-1322.95,-615.334
-1260.0,-518.0,-153.614,7.47508e-07,86.3534,-122.706,93.6466,-35.9954,-1376.1,-617.359,-1322.49,-615.321
-1258.0,-518.0,-152.62,7.51156e-07,86.3496,-123.347,93.6504,-35.9954,-1376.1,-617.359,-1322.03,-615.308
-1256.0,-518.0,-152.027,7.54866e-07,86.3461,-123.979,93.6539,-35.9954,-1376.1,-617.359,-1321.57,-615.295
-1254.0,-518.0,0.0,0.0,0.0,0.0,0.0,0.0,0.0,0.0,0.0,0.0
-1252.0,-518.0,0.0,0.0,0.0,0.0,0.0,0.0,0.0,0.0,0.0,0.0
-1250.0,-518.0,0.0,0.0,0.0,0.0,0.0,0.0,0.0,0.0,0.0,0.0
-1248.0,-518.0,0.0,0.0,0.0,0.0,0.0,0.0,0.0,0.0,0.0,0.0
-1246.0,-518.0,0.0,0.0,0.0,0.0,0.0,0.0,0.0,0.0,0.0,0.0
-1244.0,-518.0,0.0,0.0,0.0,0.0,0.0,0.0,0.0,0.0,0.0,0.0
-1242.0,-518.0,0.0,0.0,0.0,0.0,0.0,0.0,0.0,0.0,0.0,0.0
-1240.0,-518.0,0.0,0.0,0.0,0.0,0.0,0.0,0.0,0.0,0.0,0.0
-1238.0,-518.0,0.0,0.0,0.0,0.0,0.0,0.0,0.0,0.0,0.0,0.0
-1236.0,-518.0,0.0,0.0,0.0,0.0,0.0,0.0,0.0,0.0,0.0,0.0
-1234.0,-518.0,0.0,0.0,0.0,0.0,0.0,0.0,0.0,0.0,0.0,0.0
-1232.0,-518.0,0.0,0.0,0.0,0.0,0.0,0.0,0.0,0.0,0.0,0.0
-1230.0,-518.0,0.0,0.0,0.0,0.0,0.0,0.0,0.0,0.0,0.0,0.0
-1228.0,-518.0,0.0,0.0,0.0,0.0,0.0,0.0,0.0,0.0,0.0,0.0
-1226.0,-518.0,0.0,0.0,0.0,0.0,0.0,0.0,0.0,0.0,0.0,0.0
-1224.0,-518.0,0.0,0.0,0.0,0.0,0.0,0.0,0.0,0.0,0.0,0.0
-1222.0,-518.0,-160.873,8.41332e-07,87.0648,-101.257,92.9352,-2.76158,-1239.86,-607.725,-1239.86,-607.725
-1220.0,-518.0,-144.936,8.30155e-07,87.0642,-133.847,92.9358,-35.9954,-1376.1,-617.359,-1313.23,-615.058
-1218.0,-518.0,-129.485,7.56855e-07,88.7744,-142.425,94.979,36.2395,-1386.2,-589.888,-1304.06,-584.212
-1216.0,-518.0,-124.083,7.62142e-07,88.8834,-142.738,94.9708,35.9394,-1386.04,-589.883,-1303.52,-584.579
-1214.0,-518.0,-121.946,7.66996e-07,86.9487,-143.04,93.0513,35.6374,-1385.88,-589.878,-1344.26,-616.017
-1212.0,-518.0,-122.104,7.72302e-07,87.0115,-143.339,92.9885,35.3393,-1385.72,-589.873,-1343.65,-615.991
-1210.0,-518.0,-121.067,7.77629e-07,87.0735,-143.632,92.9265,35.0454,-1385.55,-589.868,-1343.03,-615.965
-1208.0,-518.0,-118.944,7.82977e-07,87.1348,-143.922,92.8652,34.7554,-1385.39,-589.863,-1342.42,-615.939
-1206.0,-518.0,-116.733,7.88346e-07,87.1954,-144.208,92.8046,34.4695,-1385.23,-589.858,-1341.8,-615.913
-1204.0,-518.0,-115.007,7.93735e-07,87.2551,-144.49,92.7449,34.1874,-1385.06,-589.853,-1341.18,-615.887
-1202.0,-518.0,-113.781,7.99144e-07,87.3141,-144.769,92.6859,33.9092,-1384.9,-589.848,-1340.57,-615.861
-1600.0,-516.0,-155.1,1.20547e-06,89.584,44.3008,90.416,134.012,-1425.51,-573.595,-1512.65,-430.757
-1598.0,-516.0,-152.53,1.22623e-06,89.5648,-47.9601,90.4352,129.985,-1425.61,-569.467,-1593.38,-521.12
-1596.0,-516.0,-150.603,1.19599e-06,89.5267,45.1439,90.4733,134.012,-1425.51,-573.595,-1511.16,-430.73
-1594.0,-516.0,-148.184,1.19131e-06,89.4978,45.5749,90.5022,134.012,-1425.51,-573.595,-1510.41,-430.717
-1592.0,-516.0,-145.252,1.18666e-06,89.4686,46.0124,90.5314,134.012,-1425.51,-573.595,-1509.67,-430.704
-1590.0,-516.0,-141.26,1.18205e-06,89.4392,46.4564,90.5608,134.012,-1425.51,-573.595,-1508.92,-430.691
-1588.0,-516.0,-135.153,1.17748e-06,89.4096,46.9071,90.5904,134.012,-1425.51,-573.595,-1508.18,-430.678
-1586.0,-516.0,-123.967,1.17294e-06,89.3798,47.296,90.6202,133.938,-1425.51,-573.525,-1507.24,-430.661
-1584.0,-516.0,-126.419,1.16843e-06,89.344,47.5365,90.656,133.697,-1425.52,-573.296,-1505.88,-430.637
-1582.0,-516.0,-128.861,1.16395e-06,89.2999,47.7788,90.7001,133.455,-1425.52,-573.063,-1504.52,-430.613
-1580.0,-516.0,-130.265,1.15949e-06,89.2554,48.023,90.7446,133.211,-1425.53,-572.826,-1503.16,-430.589
-1578.0,-516.0,-129.942,1.15504e-06,89.2106,48.2692,90.7894,132.965,-1425.53,-572.585,-1501.8,-430.565
-1576.0,-516.0,-128.058,1.15063e-06,89.1655,48.5172,90.8345,132.717,-1425.54,-572.34,-1500.44,-430.541
-1574.0,-516.0,-125.614,1.14623e-06,89.12,48.7671,90.88,132.467,-1425.54,-572.09,-1499.08,-430.517
-1572.0,-516.0,-141.553,2.06223e-06,89.4874,16.3483,90.5126,-15.3614,-1342.04,-615.923,-1521.17,-501.089
-1570.0,-516.0,-132.989,1.19094e-06,89.0717,-54.2224,90.9283,130.064,-1425.6,-569.555,-1565.91,-521.673
-1568.0,-516.0,-135.537,1.18709e-06,89.0279,-54.9493,90.9721,130.064,-1425.6,-569.555,-1563.99,-521.712
-1566.0,-516.0,-145.27,1.15311e-06,88.9573,50.1781,91.0427,130.064,-1425.6,-569.555,-1490.61,-425.583
-1564.0,-516.0,-141.276,1.14888e-06,88.9113,50.9339,91.0887,130.064,-1425.6,-569.555,-1490.61,-425.583
-1562.0,-516.0,-133.961,1.14473e-06,88.873,51.7062,91.127,130.064,-1425.6,-569.555,-1490.61,-425.583
-1560.0,-516.0,-131.265,1.14062e-06,88.8869,52.4953,91.1131,130.064,-1425.6,-569.555,-1490.61,-425.583
-1558.0,-516.0,-149.36,2.01761e-06,89.3743,17.7322,90.6257,-15.3614,-1342.04,-615.923,-1509.41,-500.464
-1556.0,-516.0,-150.099,2.01125e-06,89.3723,17.9487,90.6277,-15.3614,-1342.04,-615.923,-1507.77,-500.377
-1554.0,-516.0,-150.796,2.00491e-06,89.3703,18.1703,90.6297,-15.3614,-1342.04,-615.923,-1506.13,-500.29
-1552.0,-516.0,-151.457,1.99857e-06,89.3683,18.3972,90.6317,-15.3614,-1342.04,-615.923,-1504.51,-500.203
-1550.0,-516.0,-152.088,1.99224e-06,89.3663,18.6297,90.6337,-15.3614,-1342.04,-615.923,-1502.89,-500.117
-1548.0,-516.0,-152.693,1.98593e-06,89.3643,18.8679,90.6357,-15.3614,-1342.04,-615.923,-1501.27,-500.031
-1546.0,-516.0,-153.275,1.97962e-06,89.3623,19.1121,90.6377,-15.3614,-1342.04,-615.923,-1499.67,-499.946
-1544.0,-516.0,-153.645,1.95569e-06,89.3545,-2.81647,90.6455,-15.3614,-1342.04,-615.923,-1399.57,-523.105
-1542.0,-516.0,-153.542,1.94902e-06,89.3523,-2.85595,90.6477,-15.3614,-1342.04,-615.923,-1399.57,-523.105
-1540.0,-516.0,-153.436,1.94236e-06,89.35,-2.89656,90.65,-15.3614,-1342.04,-615.923,-1399.57,-523.105
-1538.0,-516.0,-153.328,1.93569e-06,89.3478,-2.93834,90.6522,-15.3614,-1342.04,-615.923,-1399.57,-523.105
-1536.0,-516.0,-153.218,1.92902e-06,89.3576,-2.98134,90.6424,-15.3614,-1342.04,-615.923,-1399.57,-523.105
-1534.0,-516.0,-153.106,1.92236e-06,89.3637,-3.02561,90.6363,-15.3614,-1342.04,-615.923,-1399.57,-523.105
-1532.0,-516.0,-152.991,1.91569e-06,89.37,-3.07122,90.63,-15.3614,-1342.04,-615.923,-1399.57,-523.105
-1530.0,-516.0,-152.873,1.90902e-06,89.3762,-3.11822,90.6238,-15.3614,-1342.04,-615.923,-1399.57,-523.105
-1528.0,-516.0,-152.753,1.90236e-06,89.3825,-3.16669,90.6175,-15.3614,-1342.04,-615.923,-1399.57,-523.105
-1526.0,-516.0,-152.629,1.89569e-06,89.3889,-3.21668,90.6111,-15.3614,-1342.04,-615.923,-1399.57,-523.105
-1524.0,-516.0,-152.503,1.88903e-06,89.3952,-3.26827,90.6048,-15.3614,-1342.04,-615.923,-1399.57,-523.105
-1522.0,-516.0,-152.373,1.88236e-06,89.4017,-3.32154,90.5983,-15.3614,-1342.04,-615.923,-1399.57,-523.105
-1520.0,-516.0,-152.24,1.8757e-06,89.4082,-3.37658,90.5918,-15.3614,-1342.04,-615.923,-1399.57,-523.105
-1518.0,-516.0,-152.103,1.86903e-06,89.4147,-3.43347,90.5853,-15.3614,-1342.04,-615.923,-1399.57,-523.105
-1516.0,-516.0,-151.962,1.86237e-06,89.4213,-3.4923,90.5787,-15.3614,-1342.04,-615.923,-1399.57,-523.105
-1514.0,-516.0,-151.817,1.85571e-06,89.4279,-3.55319,90.5721,-15.3614,-1342.04,-615.923,-1399.57,-523.105
-1512.0,-516.0,-151.667,1.84905e-06,89.4269,-3.61623,90.5731,-15.3614,-1342.04,-615.923,-1399.57,-523.105
-1510.0,-516.0,-151.513,1.84239e-06,89.4248,-3.68155,90.5752,-15.3614,-1342.04,-615.923,-1399.57,-523.105
-1508.0,-516.0,-151.353,1.83573e-06,89.4227,-3.74927,90.5773,-15.3614,-1342.04,-615.923,-1399.57,-523.105
-1506.0,-516.0,-151.189,1.82907e-06,89.4206,-3.81952,90.5794,-15.3614,-1342.04,-615.923,-1399.57,-523.105
-1504.0,-516.0,-151.018,1.82241e-06,89.4185,-3.89245,90.5815,-15.3614,-1342.04,-615.923,-1399.57,-523.105
-1502.0,-516.0,-150.841,1.81575e-06,89.4164,-3.96821,90.5836,-15.3614,-1342.04,-615.923,-1399.57,-523.105
-1500.0,-516.0,-150.658,1.8091e-06,89.4142,-4.04698,90.5858,-15.3614,-1342.04,-615.923,-1399.57,-523.105
-1498.0,-516.0,-150.467,1.80244e-06,89.4121,-4.12893,90.5879,-15.3614,-1342.04,-615.923,-1399.57,-523.105
-1496.0,-516.0,-150.268,1.79578e-06,89.4099,-4.21427,90.5901,-15.3614,-1342.04,-615.923,-1399.57,-523.105
-1494.0,-516.0,-150.061,1.78913e-06,89.4077,-4.3032,90.5923,-15.3614,-1342.04,-615.923,-1399.57,-523.105
-1492.0,-516.0,-149.844,1.78248e-06,89.4055,-4.39595,90.5945,-15.3614,-1342.04,-615.923,-1399.57,-523.105
-1490.0,-516.0,-149.618,1.77582e-06,89.3967,-4.49278,90.6033,-15.3614,-1342.04,-615.923,-1399.57,-523.105
-1488.0,-516.0,-149.379,1.76917e-06,89.3944,-4.59397,90.6056,-15.3614,-1342.04,-615.923,-1399.57,-523.105
-1486.0,-516.0,-149.129,1.76252e-06,89.3922,-4.69981,90.6078,-15.3614,-1342.04,-615.923,-1399.57,-523.105
-1484.0,-516.0,-148.865,1.75587e-06,89.3899,-4.81063,90.6101,-15.3614,-1342.04,-615.923,-1399.57,-523.105
-1482.0,-516.0,-148.585,1.74922e-06,89.3875,-4.92679,90.6125,-15.3614,-1342.04,-615.923,-1399.57,-523.105
-1480.0,-516.0,-148.289,1.74257e-06,89.3852,-5.04868,90.6148,-15.3614,-1342.04,-615.923,-1399.57,-523.105
-1478.0,-516.0,-147.974,1.73593e-06,89.3828,-5.17674,90.6172,-15.3614,-1342.04,-615.923,-1399.57,-523.105
-1476.0,-516.0,-147.637,1.72928e-06,89.3805,-5.31144,90.6195,-15.3614,-1342.04,-615.923,-1399.57,-523.105
-1474.0,-516.0,-147.275,1.72264e-06,89.3781,-5.45333,90.6219,-15.3614,-1342.04,-615.923,-1399.57,-523.105
-1472.0,-516.0,-121.359,1.11021e-06,89.035,82.5658,90.965,103.834,-1443.26,-424.322,-1469.7,-498.353
-1470.0,-516.0,-122.032,1.10936e-06,89.0342,82.9076,90.9658,103.493,-1442.16,-424.292,-1467.79,-498.252
-1468.0,-516.0,-116.777,9.98371e-07,88.9268,-74.5263,91.0732,77.697,-1396.53,-584.093,-1464.95,-527.034
-1466.0,-516.0,-116.304,9.9071e-07,88.9155,-76.3783,91.0845,103.937,-1443.59,-424.331,-1463.34,-526.996
-1464.0,-516.0,-116.673,9.89165e-07,88.8975,-76.7541,91.1025,103.561,-1442.38,-424.298,-1461.42,-526.95
-1462.0,-516.0,-112.798,9.16116e-07,88.792,78.9557,91.208,104.097,-1444.11,-424.344,-1444.11,-424.344
-1460.0,-516.0,-112.978,9.14867e-07,88.7727,79.366,91.2273,103.686,-1442.78,-424.309,-1442.78,-424.309
-1458.0,-516.0,-113.189,9.13666e-07,88.7534,79.7774,91.2466,103.275,-1441.46,-424.274,-1441.46,-424.274
-1456.0,-516.0,-113.435,9.12511e-07,88.7341,80.1898,91.2659,102.862,-1440.13,-424.238,-1440.13,-424.238
-1454.0,-516.0,-113.719,9.11404e-07,88.7149,80.6033,91.2851,102.449,-1438.81,-424.203,-1438.81,-424.203
-1452.0,-516.0,-113.864,9.20113e-07,88.7095,107.65,91.2905,104.619,-1445.8,-424.389,-1459.64,-491.989
-1450.0,-516.0,-113.554,9.22165e-07,88.6949,108.045,91.3051,105.014,-1447.09,-424.424,-1459.99,-485.324
-1448.0,-516.0,-113.317,9.2426e-07,88.6803,108.439,91.3197,105.408,-1448.38,-424.458,-1460.33,-479.021
-1446.0,-516.0,-115.291,9.07456e-07,88.6381,82.2668,91.3619,100.785,-1433.52,-424.062,-1433.52,-424.062
-1444.0,-516.0,-115.804,9.06588e-07,88.6201,82.6849,91.3799,100.367,-1432.19,-424.027,-1432.19,-424.027
-1442.0,-516.0,-116.045,9.97464e-07,88.7459,-105.613,91.2541,105.319,-1448.09,-424.45,-1444.95,-526.557
-1440.0,-516.0,-129.06,1.02658e-06,88.7814,84.3701,91.2186,-93.8554,-1401.24,-618.419,-1430.93,-423.993
-1438.0,-516.0,-130.149,1.02595e-06,88.7807,84.7411,91.2193,-93.4844,-1401.12,-618.413,-1429.53,-423.956
-1436.0,-516.0,-132.598,3.06189e-07,85.9113,-58.5902,94.0887,111.97,-1429.78,-526.194,-1429.78,-526.194
-1434.0,-516.0,-110.182,3.03162e-07,85.8704,-67.4885,94.1296,111.97,-1429.78,-526.194,-1429.78,-526.194
-1432.0,-516.0,-100.503,3.00727e-07,85.8369,-69.1455,94.1631,110.854,-1432.0,-516.0,-1400.0,-600.0
-1430.0,-516.0,-100.436,2.98423e-07,85.8047,-70.3462,94.1953,109.654,-1430.0,-516.0,-1400.0,-600.0
-1428.0,-516.0,-100.373,2.96251e-07,85.7739,-71.5651,94.2261,108.435,-1428.0,-516.0,-1400.0,-600.0
-1426.0,-516.0,-100.313,2.94215e-07,85.7446,-72.8015,94.2554,107.199,-1426.0,-516.0,-1400.0,-600.0
-1424.0,-516.0,-100.256,2.92317e-07,85.7169,-74.0546,94.2831,105.945,-1424.0,-516.0,-1400.0,-600.0
-1422.0,-516.0,-100.204,2.90559e-07,85.6909,-75.3236,94.3091,104.676,-1422.0,-516.0,-1400.0,-600.0
-1420.0,-516.0,-100.155,2.88945e-07,85.6668,-76.6075,94.3332,103.392,-1420.0,-516.0,-1400.0,-600.0
-1418.0,-516.0,-100.111,2.87478e-07,85.6446,-77.9052,94.3554,102.095,-1418.0,-516.0,-1400.0,-600.0
-1416.0,-516.0,-100.071,2.86158e-07,85.6245,-79.2157,94.3755,100.784,-1416.0,-516.0,-1400.0,-600.0
-1414.0,-516.0,-100.036,2.84988e-07,85.6065,-80.5377,94.3935,99.4623,-1414.0,-516.0,-1400.0,-600.0
-1412.0,-516.0,-100.004,2.83971e-07,85.5907,-81.8699,94.4093,98.1301,-1412.0,-516.0,-1400.0,-600.0
-1410.0,-516.0,-99.9779,2.83107e-07,85.5773,-83.211,94.4227,96.789,-1410.0,-516.0,-1400.0,-600.0
-1408.0,-516.0,-99.9561,2.82398e-07,85.5661,-84.5597,94.4339,95.4403,-1408.0,-516.0,-1400.0,-600.0
-1406.0,-516.0,-99.9391,2.81845e-07,85.5574,-85.9144,94.4426,94.0856,-1406.0,-516.0,-1400.0,-600.0
-1404.0,-516.0,-99.9269,2.8145e-07,85.5512,-87.2737,94.4488,92.7263,-1404.0,-516.0,-1400.0,-600.0
-1402.0,-516.0,-99.9195,2.81213e-07,85.5474,-88.6361,94.4526,91.3639,-1402.0,-516.0,-1400.0,-600.0
-1400.0,-516.0,-99.9171,2.81133e-07,85.5462,-90.0,94.4538,90.0,-1400.0,-516.0,-1400.0,-600.0
-1398.0,-516.0,0.0,0.0,0.0,0.0,0.0,0.0,0.0,0.0,0.0,0.0
-1396.0,-516.0,0.0,0.0,0.0,0.0,0.0,0.0,0.0,0.0,0.0,0.0
-1394.0,-516.0,0.0,0.0,0.0,0.0,0.0,0.0,0.0,0.0,0.0,0.0
-1392.0,-516.0,0.0,0.0,0.0,0.0,0.0,0.0,0.0,0.0,0.0,0.0
-1390.0,-516.0,0.0,0.0,0.0,0.0,0.0,0.0,0.0,0.0,0.0,0.0
-1388.0,-516.0,0.0,0.0,0.0,0.0,0.0,0.0,0.0,0.0,0.0,0.0
-1386.0,-516.0,0.0,0.0,0.0,0.0,0.0,0.0,0.0,0.0,0.0,0.0
-1384.0,-516.0,0.0,0.0,0.0,0.0,0.0,0.0,0.0,0.0,0.0,0.0
-1382.0,-516.0,0.0,0.0,0.0,0.0,0.0,0.0,0.0,0.0,0.0,0.0
-1380.0,-516.0,0.0,0.0,0.0,0.0,0.0,0.0,0.0,0.0,0.0,0.0
-1378.0,-516.0,0.0,0.0,0.0,0.0,0.0,0.0,0.0,0.0,0.0,0.0
-1376.0,-516.0,0.0,0.0,0.0,0.0,0.0,0.0,0.0,0.0,0.0,0.0
-1374.0,-516.0,0.0,0.0,0.0,0.0,0.0,0.0,0.0,0.0,0.0,0.0
-1372.0,-516.0,0.0,0.0,0.0,0.0,0.0,0.0,0.0,0.0,0.0,0.0
-1370.0,-516.0,0.0,0.0,0.0,0.0,0.0,0.0,0.0,0.0,0.0,0.0
-1368.0,-516.0,0.0,0.0,0.0,0.0,0.0,0.0,0.0,0.0,0.0,0.0
-1366.0,-516.0,0.0,0.0,0.0,0.0,0.0,0.0,0.0,0.0,0.0,0.0
-1364.0,-516.0,0.0,0.0,0.0,0.0,0.0,0.0,0.0,0.0,0.0,0.0
-1362.0,-516.0,0.0,0.0,0.0,0.0,0.0,0.0,0.0,0.0,0.0,0.0
-1360.0,-516.0,0.0,0.0,0.0,0.0,0.0,0.0,0.0,0.0,0.0,0.0
-1358.0,-516.0,0.0,0.0,0.0,0.0,0.0,0.0,0.0,0.0,0.0,0.0
-1356.0,-516.0,0.0,0.0,0.0,0.0,0.0,0.0,0.0,0.0,0.0,0.0
-1354.0,-516.0,0.0,0.0,0.0,0.0,0.0,0.0,0.0,0.0,0.0,0.0
-1352.0,-516.0,0.0,0.0,0.0,0.0,0.0,0.0,0.0,0.0,0.0,0.0
-1350.0,-516.0,0.0,0.0,0.0,0.0,0.0,0.0,0.0,0.0,0.0,0.0
-1348.0,-516.0,0.0,0.0,0.0,0.0,0.0,0.0,0.0,0.0,0.0,0.0
-1346.0,-516.0,0.0,0.0,0.0,0.0,0.0,0.0,0.0,0.0,0.0,0.0
-1344.0,-516.0,-149.618,1.29686e-06,88.6827,-14.9101,91.3173,-15.5937,-1342.83,-615.957,-1186.78,-557.862
-1342.0,-516.0,-149.828,1.29043e-06,88.6511,-15.0935,91.3489,-15.5937,-1342.83,-615.957,-1186.78,-557.862
-1340.0,-516.0,-150.033,1.284e-06,88.6192,-15.2814,91.3808,-15.5937,-1342.83,-615.957,-1186.78,-557.862
-1338.0,-516.0,-150.235,1.27758e-06,88.587,-15.4738,91.413,-15.5937,-1342.83,-615.957,-1186.78,-557.862
-1336.0,-516.0,-150.178,1.33075e-06,88.6192,-163.99,91.3808,-15.5937,-1342.83,-615.957,-1345.23,-518.65
-1334.0,-516.0,-149.901,1.33718e-06,88.6017,-164.17,91.3983,-15.5937,-1342.83,-615.957,-1345.22,-519.182
-1332.0,-516.0,-149.618,1.34361e-06,88.5844,-164.347,91.4156,-15.5937,-1342.83,-615.957,-1345.21,-519.703
-1330.0,-516.0,-151.005,1.25198e-06,88.455,-16.2935,91.545,-15.5937,-1342.83,-615.957,-1186.78,-557.862
-1328.0,-516.0,-151.189,1.24559e-06,88.4211,-16.5117,91.5789,-15.5937,-1342.83,-615.957,-1186.78,-557.862
-1326.0,-516.0,-151.371,1.23922e-06,88.3869,-16.7358,91.6131,-15.5937,-1342.83,-615.957,-1186.78,-557.862
-1324.0,-516.0,-151.551,1.23285e-06,88.3524,-16.9658,91.6476,-15.5937,-1342.83,-615.957,-1186.78,-557.862
-1322.0,-516.0,-133.225,1.35056e-06,87.4825,-137.624,91.466,-15.5298,-1342.61,-615.948,-1339.57,-532.033
-1320.0,-516.0,-134.816,1.35552e-06,87.313,-137.811,91.4684,-15.3393,-1341.96,-615.92,-1339.18,-533.382
-1318.0,-516.0,-136.119,1.3605e-06,87.1683,-137.997,91.4707,-15.1502,-1341.3,-615.892,-1338.79,-534.718
-1316.0,-516.0,-137.298,1.36548e-06,87.0431,-138.181,91.473,-14.9625,-1340.64,-615.864,-1338.4,-536.04
-1314.0,-516.0,-152.433,1.20114e-06,88.1745,-18.2142,91.8255,-15.5937,-1342.83,-615.957,-1186.78,-557.862
-1312.0,-516.0,-152.612,1.19483e-06,88.1378,-18.4855,91.8622,-15.5937,-1342.83,-615.957,-1186.78,-557.862
-1310.0,-516.0,-152.792,1.18852e-06,88.1007,-18.7647,91.8993,-15.5937,-1342.83,-615.957,-1186.78,-557.862
-1308.0,-516.0,-152.973,1.18223e-06,88.0633,-19.0522,91.9367,-15.5937,-1342.83,-615.957,-1186.78,-557.862
-1306.0,-516.0,-148.287,5.6455e-07,81.0788,-123.157,81.6142,55.5787,-1393.22,-590.102,-1372.11,-617.191
-1304.0,-516.0,-148.713,5.6827e-07,81.0569,-123.73,81.6726,55.0158,-1393.07,-590.098,-1371.55,-617.167
-1302.0,-516.0,-153.454,1.16343e-06,87.9487,-19.9676,92.0513,-15.5937,-1342.83,-615.957,-1186.78,-557.862
-1300.0,-516.0,-153.582,1.15717e-06,87.9375,-20.2918,92.0625,-15.5937,-1342.83,-615.957,-1186.78,-557.862
-1298.0,-516.0,-153.7,1.15093e-06,87.9189,-20.6262,92.0811,-15.5937,-1342.83,-615.957,-1186.78,-557.862
-1296.0,-516.0,-152.692,6.50422e-07,86.2909,-113.918,93.7091,-43.3117,-1381.35,-617.58,-1321.63,-573.786
-1294.0,-516.0,-151.752,6.5319e-07,86.2819,-114.856,93.7181,-43.3117,-1381.35,-617.58,-1320.76,-573.763
-1292.0,-516.0,-151.375,6.56056e-07,86.2735,-115.78,93.7265,-43.3117,-1381.35,-617.58,-1319.89,-573.741
-1290.0,-516.0,-151.583,6.59019e-07,86.2658,-116.69,93.7342,-43.3117,-1381.35,-617.58,-1319.02,-573.718
-1288.0,-516.0,-152.747,6.62075e-07,86.2586,-117.586,93.7414,-43.3117,-1381.35,-617.58,-1318.14,-573.695
-1286.0,-516.0,-154.421,1.11382e-06,87.7626,-22.876,92.2374,-15.5937,-1342.83,-615.957,-1186.78,-557.862
-1284.0,-516.0,-145.994,7.1713e-07,85.5359,-120.781,92.7672,56.5045,-1393.45,-590.11,-1318.37,-573.701
-1282.0,-516.0,-142.42,7.2058e-07,85.503,-121.24,92.7529,56.0489,-1393.34,-590.106,-1316.98,-573.665
-1280.0,-516.0,-140.267,7.24075e-07,85.4706,-121.695,92.7386,55.5978,-1393.22,-590.102,-1315.58,-573.628
-1278.0,-516.0,-139.111,7.27615e-07,85.4387,-122.145,92.7242,55.151,-1393.11,-590.099,-1314.19,-573.592
-1276.0,-516.0,-146.173,6.81713e-07,86.2143,-123.784,93.7857,-43.396,-1381.4,-617.583,-1314.54,-573.601
-1274.0,-516.0,-145.15,6.85473e-07,86.204,-124.459,93.796,-43.396,-1381.4,-617.583,-1313.51,-573.574
-1272.0,-516.0,-144.379,6.89291e-07,86.2016,-125.124,93.7984,-43.396,-1381.4,-617.583,-1312.48,-573.547
-1270.0,-516.0,-155.457,1.06547e-06,87.5286,-26.7044,92.4714,-15.5937,-1342.83,-615.957,-1186.78,-557.862
-1268.0,-516.0,-155.632,1.05954e-06,87.4995,-27.268,92.5005,-15.5937,-1342.83,-615.957,-1186.78,-557.862
-1266.0,-516.0,-155.848,1.05364e-06,87.4701,-27.854,92.5299,-15.5937,-1342.83,-615.957,-1186.78,-557.862
-1264.0,-516.0,-162.376,8.52738e-07,86.8546,-75.2542,93.1454,-2.76158,-1239.86,-607.725,-1239.86,-607.725
-1262.0,-516.0,-157.12,7.49569e-07,86.3996,-121.649,93.6004,-35.9954,-1376.1,-617.359,-1323.23,-615.342
-1260.0,-516.0,-154.698,7.53113e-07,86.3951,-122.295,93.6049,-35.9954,-1376.1,-617.359,-1322.78,-615.329
-1258.0,-516.0,-153.322,7.56721e-07,86.391,-122.932,93.609,-35.9954,-1376.1,-617.359,-1322.33,-615.316
-1256.0,-516.0,-152.501,7.6039e-07,86.3871,-123.561,93.6129,-35.9954,-1376.1,-617.359,-1321.88,-615.304
-1254.0,-516.0,0.0,0.0,0.0,0.0,0.0,0.0,0.0,0.0,0.0,0.0
-1252.0,-516.0,0.0,0.0,0.0,0.0,0.0,0.0,0.0,0.0,0.0,0.0
-1250.0,-516.0,0.0,0.0,0.0,0.0,0.0,0.0,0.0,0.0,0.0,0.0
-1248.0,-516.0,0.0,0.0,0.0,0.0,0.0,0.0,0.0,0.0,0.0,0.0
-1246.0,-516.0,0.0,0.0,0.0,0.0,0.0,0.0,0.0,0.0,0.0,0.0
-1244.0,-516.0,0.0,0.0,0.0,0.0,0.0,0.0,0.0,0.0,0.0,0.0
-1242.0,-516.0,0.0,0.0,0.0,0.0,0.0,0.0,0.0,0.0,0.0,0.0
-1240.0,-516.0,0.0,0.0,0.0,0.0,0.0,0.0,0.0,0.0,0.0,0.0
-1238.0,-516.0,0.0,0.0,0.0,0.0,0.0,0.0,0.0,0.0,0.0,0.0
-1236.0,-516.0,0.0,0.0,0.0,0.0,0.0,0.0,0.0,0.0,0.0,0.0
-1234.0,-516.0,0.0,0.0,0.0,0.0,0.0,0.0,0.0,0.0,0.0,0.0
-1232.0,-516.0,0.0,0.0,0.0,0.0,0.0,0.0,0.0,0.0,0.0,0.0
-1230.0,-516.0,0.0,0.0,0.0,0.0,0.0,0.0,0.0,0.0,0.0,0.0
-1228.0,-516.0,0.0,0.0,0.0,0.0,0.0,0.0,0.0,0.0,0.0,0.0
-1226.0,-516.0,0.0,0.0,0.0,0.0,0.0,0.0,0.0,0.0,0.0,0.0
-1224.0,-516.0,0.0,0.0,0.0,0.0,0.0,0.0,0.0,0.0,0.0,0.0
-1222.0,-516.0,-161.091,8.47872e-07,87.087,-101.017,92.913,-2.76158,-1239.86,-607.725,-1239.86,-607.725
-1220.0,-516.0,-160.705,8.49185e-07,87.1295,-102.216,92.8705,-2.76158,-1239.86,-607.725,-1239.86,-607.725
-1218.0,-516.0,-145.045,8.3955e-07,87.1351,-133.866,92.8649,-35.9954,-1376.1,-617.359,-1313.21,-615.057
-1216.0,-516.0,-127.593,7.66201e-07,88.8748,-142.339,94.9905,36.3363,-1386.25,-589.889,-1304.91,-584.624
-1214.0,-516.0,-123.697,7.71483e-07,88.9382,-142.643,95.0257,36.0341,-1386.09,-589.884,-1306.24,-586.409
-1212.0,-516.0,-125.261,7.76787e-07,88.987,-142.942,95.0743,35.7342,-1385.93,-589.879,-1308.08,-588.551
-1210.0,-516.0,-122.298,7.816e-07,87.0879,-143.238,92.9121,35.4398,-1385.77,-589.875,-1343.86,-616.0
-1208.0,-516.0,-121.725,7.86921e-07,87.1487,-143.529,92.8513,35.1486,-1385.61,-589.87,-1343.25,-615.975
-1206.0,-516.0,-119.94,7.92263e-07,87.2087,-143.816,92.7913,34.8614,-1385.45,-589.865,-1342.65,-615.949
-1204.0,-516.0,-117.674,7.97646e-07,87.2381,-144.1,92.7619,34.5781,-1385.29,-589.86,-1342.04,-615.923
-1202.0,-516.0,-115.762,8.03028e-07,87.2968,-144.379,92.7032,34.2986,-1385.13,-589.855,-1341.43,-615.898
-1600.0,-514.0,-152.66,1.23566e-06,89.5342,-47.9306,90.4658,129.985,-1425.61,-569.467,-1593.58,-521.116
-1598.0,-514.0,-152.118,1.23121e-06,89.5063,-48.2312,90.4937,129.985,-1425.61,-569.467,-1591.61,-521.156
-1596.0,-514.0,-151.651,1.22678e-06,89.4782,-48.5345,90.5218,129.985,-1425.61,-569.467,-1589.64,-521.195
-1594.0,-514.0,-150.499,1.18657e-06,89.4332,45.146,90.5668,134.012,-1425.51,-573.595,-1511.15,-430.73
-1592.0,-514.0,-148.04,1.18189e-06,89.4037,45.5836,90.5963,134.012,-1425.51,-573.595,-1510.4,-430.717
-1590.0,-514.0,-145.043,1.17724e-06,89.3739,46.0279,90.6261,134.012,-1425.51,-573.595,-1509.64,-430.704
-1588.0,-514.0,-140.923,1.17263e-06,89.3439,46.4789,90.6561,134.012,-1425.51,-573.595,-1508.88,-430.69
-1586.0,-514.0,-134.573,1.16806e-06,89.3137,46.9368,90.6863,134.012,-1425.51,-573.595,-1508.13,-430.677
-1584.0,-514.0,-124.086,1.16353e-06,89.2775,47.3146,90.7225,133.919,-1425.51,-573.507,-1507.13,-430.659
-1582.0,-514.0,-126.586,1.15903e-06,89.2329,47.5571,90.7671,133.677,-1425.52,-573.276,-1505.76,-430.635
-1580.0,-514.0,-128.995,1.15455e-06,89.188,47.8015,90.812,133.432,-1425.52,-573.041,-1504.39,-430.611
-1578.0,-514.0,-130.248,1.15009e-06,89.1427,48.0478,90.8573,133.186,-1425.53,-572.802,-1503.02,-430.587
-1576.0,-514.0,-129.723,1.14565e-06,89.0971,48.2961,90.9029,132.938,-1425.53,-572.559,-1501.65,-430.562
-1574.0,-514.0,-127.693,1.14124e-06,89.0512,48.5463,90.9488,132.688,-1425.54,-572.311,-1500.28,-430.538
-1572.0,-514.0,-125.238,1.13685e-06,89.0049,48.7984,90.9951,132.435,-1425.55,-572.059,-1498.91,-430.514
-1570.0,-514.0,-132.308,1.1964e-06,89.014,-54.735,90.986,130.064,-1425.6,-569.555,-1564.55,-521.701
-1568.0,-514.0,-138.259,2.04758e-06,89.4002,16.0842,90.5998,-15.3614,-1342.04,-615.923,-1523.69,-501.223
-1566.0,-514.0,-140.539,2.04118e-06,89.3746,16.2708,90.6254,-15.3614,-1342.04,-615.923,-1521.9,-501.128
-1564.0,-514.0,-142.373,2.03479e-06,89.3496,16.4615,90.6504,-15.3614,-1342.04,-615.923,-1520.12,-501.033
-1562.0,-514.0,-140.114,1.13953e-06,88.8244,51.0813,91.1756,130.064,-1425.6,-569.555,-1490.61,-425.583
-1560.0,-514.0,-131.401,1.13537e-06,88.8381,51.8746,91.1619,130.064,-1425.6,-569.555,-1490.61,-425.583
-1558.0,-514.0,-133.946,1.13127e-06,88.8731,52.6855,91.1269,130.064,-1425.6,-569.555,-1490.61,-425.583
-1556.0,-514.0,-147.293,2.00924e-06,89.3655,17.2701,90.6345,-15.3614,-1342.04,-615.923,-1513.09,-500.659
-1554.0,-514.0,-148.198,2.00287e-06,89.3635,17.4844,90.6365,-15.3614,-1342.04,-615.923,-1511.36,-500.567
-1552.0,-514.0,-149.032,1.99651e-06,89.3615,17.7039,90.6385,-15.3614,-1342.04,-615.923,-1509.63,-500.476
-1550.0,-514.0,-149.808,1.99015e-06,89.3594,17.9288,90.6406,-15.3614,-1342.04,-615.923,-1507.92,-500.385
-1548.0,-514.0,-150.537,1.98381e-06,89.3574,18.1593,90.6426,-15.3614,-1342.04,-615.923,-1506.21,-500.294
-1546.0,-514.0,-151.227,1.97747e-06,89.3553,18.3956,90.6447,-15.3614,-1342.04,-615.923,-1504.52,-500.204
-1544.0,-514.0,-151.885,1.97115e-06,89.3533,18.638,90.6467,-15.3614,-1342.04,-615.923,-1502.83,-500.114
-1542.0,-514.0,-152.514,1.96483e-06,89.3512,18.8865,90.6488,-15.3614,-1342.04,-615.923,-1501.15,-500.025
-1540.0,-514.0,-152.764,1.94274e-06,89.3438,-3.70987,90.6562,-15.3614,-1342.04,-615.923,-1399.57,-523.105
-1538.0,-514.0,-152.636,1.93609e-06,89.3415,-3.76331,90.6585,-15.3614,-1342.04,-615.923,-1399.57,-523.105
-1536.0,-514.0,-152.504,1.92942e-06,89.3513,-3.81832,90.6487,-15.3614,-1342.04,-615.923,-1399.57,-523.105
-1534.0,-514.0,-152.369,1.92276e-06,89.3639,-3.87496,90.6361,-15.3614,-1342.04,-615.923,-1399.57,-523.105
-1532.0,-514.0,-152.23,1.9161e-06,89.3701,-3.9333,90.6299,-15.3614,-1342.04,-615.923,-1399.57,-523.105
-1530.0,-514.0,-152.087,1.90944e-06,89.3763,-3.99342,90.6237,-15.3614,-1342.04,-615.923,-1399.57,-523.105
-1528.0,-514.0,-151.94,1.90278e-06,89.3826,-4.0554,90.6174,-15.3614,-1342.04,-615.923,-1399.57,-523.105
-1526.0,-514.0,-151.788,1.89612e-06,89.389,-4.11934,90.611,-15.3614,-1342.04,-615.923,-1399.57,-523.105
-1524.0,-514.0,-151.632,1.88946e-06,89.3954,-4.18532,90.6046,-15.3614,-1342.04,-615.923,-1399.57,-523.105
-1522.0,-514.0,-151.47,1.8828e-06,89.4018,-4.25344,90.5982,-15.3614,-1342.04,-615.923,-1399.57,-523.105
-1520.0,-514.0,-151.303,1.87615e-06,89.4083,-4.32382,90.5917,-15.3614,-1342.04,-615.923,-1399.57,-523.105
-1518.0,-514.0,-151.131,1.86949e-06,89.4148,-4.39656,90.5852,-15.3614,-1342.04,-615.923,-1399.57,-523.105
-1516.0,-514.0,-150.952,1.86283e-06,89.4214,-4.47178,90.5786,-15.3614,-1342.04,-615.923,-1399.57,-523.105
-1514.0,-514.0,-150.766,1.85618e-06,89.428,-4.54961,90.572,-15.3614,-1342.04,-615.923,-1399.57,-523.105
-1512.0,-514.0,-150.573,1.84953e-06,89.427,-4.6302,90.573,-15.3614,-1342.04,-615.923,-1399.57,-523.105
-1510.0,-514.0,-150.372,1.84287e-06,89.425,-4.71368,90.575,-15.3614,-1342.04,-615.923,-1399.57,-523.105
-1508.0,-514.0,-150.163,1.83622e-06,89.4229,-4.80023,90.5771,-15.3614,-1342.04,-615.923,-1399.57,-523.105
-1506.0,-514.0,-149.944,1.82957e-06,89.4208,-4.89,90.5792,-15.3614,-1342.04,-615.923,-1399.57,-523.105
-1504.0,-514.0,-149.716,1.82293e-06,89.4187,-4.98319,90.5813,-15.3614,-1342.04,-615.923,-1399.57,-523.105
-1502.0,-514.0,-149.476,1.81628e-06,89.4166,-5.07999,90.5834,-15.3614,-1342.04,-615.923,-1399.57,-523.105
-1500.0,-514.0,-149.225,1.80963e-06,89.4144,-5.18061,90.5856,-15.3614,-1342.04,-615.923,-1399.57,-523.105
-1498.0,-514.0,-148.961,1.80299e-06,89.4123,-5.28529,90.5877,-15.3614,-1342.04,-615.923,-1399.57,-523.105
-1496.0,-514.0,-148.682,1.79634e-06,89.4101,-5.39428,90.5899,-15.3614,-1342.04,-615.923,-1399.57,-523.105
-1494.0,-514.0,-148.386,1.7897e-06,89.4079,-5.50784,90.5921,-15.3614,-1342.04,-615.923,-1399.57,-523.105
-1492.0,-514.0,-148.073,1.78306e-06,89.401,-5.62626,90.599,-15.3614,-1342.04,-615.923,-1399.57,-523.105
-1490.0,-514.0,-147.74,1.77642e-06,89.39,-5.74988,90.61,-15.3614,-1342.04,-615.923,-1399.57,-523.105
-1488.0,-514.0,-147.384,1.76978e-06,89.3877,-5.87902,90.6123,-15.3614,-1342.04,-615.923,-1399.57,-523.105
-1486.0,-514.0,-147.002,1.76315e-06,89.3854,-6.01409,90.6146,-15.3614,-1342.04,-615.923,-1399.57,-523.105
-1484.0,-514.0,-146.591,1.75651e-06,89.383,-6.15548,90.617,-15.3614,-1342.04,-615.923,-1399.57,-523.105
-1482.0,-514.0,-146.147,1.74988e-06,89.3807,-6.30364,90.6193,-15.3614,-1342.04,-615.923,-1399.57,-523.105
-1480.0,-514.0,-145.663,1.74325e-06,89.3783,-6.45909,90.6217,-15.3614,-1342.04,-615.923,-1399.57,-523.105
-1478.0,-514.0,-145.134,1.73662e-06,89.376,-6.62236,90.624,-15.3614,-1342.04,-615.923,-1399.57,-523.105
-1476.0,-514.0,-144.55,1.72999e-06,89.3736,-6.79407,90.6264,-15.3614,-1342.04,-615.923,-1399.57,-523.105
-1474.0,-514.0,-143.902,1.72336e-06,89.3712,-6.97486,90.6288,-15.3614,-1342.04,-615.923,-1399.57,-523.105
-1472.0,-514.0,-121.221,1.10359e-06,89.018,82.521,90.982,103.879,-1443.41,-424.326,-1469.95,-498.366
-1470.0,-514.0,-121.888,1.10274e-06,89.0172,82.8648,90.9828,103.535,-1442.3,-424.296,-1468.03,-498.264
-1468.0,-514.0,-116.119,9.98781e-07,88.9149,-76.0964,91.0851,104.219,-1444.51,-424.355,-1464.77,-527.03
-1466.0,-514.0,-116.448,9.972e-07,88.9102,-76.4687,91.0898,103.847,-1443.3,-424.323,-1462.88,-526.985
-1464.0,-514.0,-116.827,9.95665e-07,88.8923,-76.8421,91.1077,103.473,-1442.1,-424.291,-1460.98,-526.94
-1462.0,-514.0,-112.701,9.09573e-07,88.7697,78.8751,91.2303,104.177,-1444.37,-424.351,-1444.37,-424.351
-1460.0,-514.0,-112.876,9.08315e-07,88.7502,79.2883,91.2498,103.764,-1443.03,-424.316,-1443.03,-424.316
-1458.0,-514.0,-113.082,9.07105e-07,88.7307,79.7025,91.2693,103.35,-1441.7,-424.28,-1441.7,-424.28
-1456.0,-514.0,-113.323,9.05943e-07,88.7113,80.1179,91.2887,102.934,-1440.36,-424.244,-1440.36,-424.244
-1454.0,-514.0,-113.601,9.04828e-07,88.6919,80.5343,91.3081,102.518,-1439.03,-424.209,-1439.03,-424.209
-1452.0,-514.0,-113.689,9.13763e-07,88.687,107.777,91.313,104.746,-1446.22,-424.4,-1459.76,-489.811
-1450.0,-514.0,-113.402,9.15828e-07,88.6723,108.175,91.3277,105.143,-1447.51,-424.435,-1460.11,-483.216
-1448.0,-514.0,-114.696,9.01772e-07,88.6337,81.7895,91.3663,101.263,-1435.03,-424.102,-1435.03,-424.102
-1446.0,-514.0,-115.155,9.0085e-07,88.6144,82.2097,91.3856,100.842,-1433.7,-424.067,-1433.7,-424.067
-1444.0,-514.0,-115.667,8.99972e-07,88.61,82.6308,91.39,100.421,-1432.36,-424.031,-1432.36,-424.031
-1442.0,-514.0,-116.229,8.9914e-07,88.6087,83.0526,91.3913,99.9995,-1431.03,-423.996,-1431.03,-423.996
-1440.0,-514.0,-128.888,1.01994e-06,88.7735,84.3333,91.2265,-93.8922,-1401.25,-618.419,-1431.07,-423.997
-1438.0,-514.0,-129.99,1.0193e-06,88.7727,84.7067,91.2273,-93.5188,-1401.13,-618.414,-1429.66,-423.959
-1436.0,-514.0,-125.624,3.22268e-07,86.1156,-62.5066,93.8844,69.5502,-1396.34,-590.198,-1396.34,-590.198
-1434.0,-514.0,-100.749,3.09341e-07,85.953,-68.4287,94.047,111.571,-1434.0,-514.0,-1400.0,-600.0
-1432.0,-514.0,-100.681,3.06957e-07,85.9215,-69.5901,94.0785,110.41,-1432.0,-514.0,-1400.0,-600.0
-1430.0,-514.0,-100.617,3.047e-07,85.8912,-70.7693,94.1088,109.231,-1430.0,-514.0,-1400.0,-600.0
-1428.0,-514.0,-100.556,3.02573e-07,85.8623,-71.9657,94.1377,108.034,-1428.0,-514.0,-1400.0,-600.0
-1426.0,-514.0,-100.499,3.00579e-07,85.8348,-73.1786,94.1652,106.821,-1426.0,-514.0,-1400.0,-600.0
-1424.0,-514.0,-100.445,2.98721e-07,85.8089,-74.4072,94.1911,105.593,-1424.0,-514.0,-1400.0,-600.0
-1422.0,-514.0,-100.395,2.97002e-07,85.7846,-75.6507,94.2154,104.349,-1422.0,-514.0,-1400.0,-600.0
-1420.0,-514.0,-100.348,2.95423e-07,85.762,-76.9081,94.238,103.092,-1420.0,-514.0,-1400.0,-600.0
-1418.0,-514.0,-100.306,2.93988e-07,85.7413,-78.1785,94.2587,101.821,-1418.0,-514.0,-1400.0,-600.0
-1416.0,-514.0,-100.268,2.92697e-07,85.7225,-79.4608,94.2775,100.539,-1416.0,-514.0,-1400.0,-600.0
-1414.0,-514.0,-100.234,2.91554e-07,85.7057,-80.7539,94.2943,99.2461,-1414.0,-514.0,-1400.0,-600.0
-1412.0,-514.0,-100.204,2.90559e-07,85.6909,-82.0565,94.3091,97.9435,-1412.0,-514.0,-1400.0,-600.0
-1410.0,-514.0,-100.179,2.89715e-07,85.6783,-83.3675,94.3217,96.6325,-1410.0,-514.0,-1400.0,-600.0
-1408.0,-514.0,-100.158,2.89023e-07,85.668,-84.6855,94.332,95.3145,-1408.0,-514.0,-1400.0,-600.0
-1406.0,-514.0,-100.142,2.88483e-07,85.6598,-86.0091,94.3402,93.9909,-1406.0,-514.0,-1400.0,-600.0
-1404.0,-514.0,-100.13,2.88097e-07,85.654,-87.337,94.346,92.663,-1404.0,-514.0,-1400.0,-600.0
-1402.0,-514.0,-100.123,2.87865e-07,85.6505,-88.6678,94.3495,91.3322,-1402.0,-514.0,-1400.0,-600.0
-1400.0,-514.0,-100.121,2.87787e-07,85.6493,-90.0,94.3507,90.0,-1400.0,-514.0,-1400.0,-600.0
-1398.0,-514.0,0.0,0.0,0.0,0.0,0.0,0.0,0.0,0.0,0.0,0.0
-1396.0,-514.0,0.0,0.0,0.0,0.0,0.0,0.0,0.0,0.0,0.0,0.0
-1394.0,-514.0,0.0,0.0,0.0,0.0,0.0,0.0,0.0,0.0,0.0,0.0
-1392.0,-514.0,0.0,0.0,0.0,0.0,0.0,0.0,0.0,0.0,0.0,0.0
-1390.0,-514.0,0.0,0.0,0.0,0.0,0.0,0.0,0.0,0.0,0.0,0.0
-1388.0,-514.0,0.0,0.0,0.0,0.0,0.0,0.0,0.0,0.0,0.0,0.0
-1386.0,-514.0,0.0,0.0,0.0,0.0,0.0,0.0,0.0,0.0,0.0,0.0
-1384.0,-514.0,0.0,0.0,0.0,0.0,0.0,0.0,0.0,0.0,0.0,0.0
-1382.0,-514.0,0.0,0.0,0.0,0.0,0.0,0.0,0.0,0.0,0.0,0.0
-1380.0,-514.0,0.0,0.0,0.0,0.0,0.0,0.0,0.0,0.0,0.0,0.0
-1378.0,-514.0,0.0,0.0,0.0,0.0,0.0,0.0,0.0,0.0,0.0,0.0
-1376.0,-514.0,0.0,0.0,0.0,0.0,0.0,0.0,0.0,0.0,0.0,0.0
-1374.0,-514.0,0.0,0.0,0.0,0.0,0.0,0.0,0.0,0.0,0.0,0.0
-1372.0,-514.0,0.0,0.0,0.0,0.0,0.0,0.0,0.0,0.0,0.0,0.0
-1370.0,-514.0,0.0,0.0,0.0,0.0,0.0,0.0,0.0,0.0,0.0,0.0
-1368.0,-514.0,0.0,0.0,0.0,0.0,0.0,0.0,0.0,0.0,0.0,0.0
-1366.0,-514.0,0.0,0.0,0.0,0.0,0.0,0.0,0.0,0.0,0.0,0.0
-1364.0,-514.0,0.0,0.0,0.0,0.0,0.0,0.0,0.0,0.0,0.0,0.0
-1362.0,-514.0,0.0,0.0,0.0,0.0,0.0,0.0,0.0,0.0,0.0,0.0
-1360.0,-514.0,0.0,0.0,0.0,0.0,0.0,0.0,0.0,0.0,0.0,0.0
-1358.0,-514.0,0.0,0.0,0.0,0.0,0.0,0.0,0.0,0.0,0.0,0.0
-1356.0,-514.0,0.0,0.0,0.0,0.0,0.0,0.0,0.0,0.0,0.0,0.0
-1354.0,-514.0,0.0,0.0,0.0,0.0,0.0,0.0,0.0,0.0,0.0,0.0
-1352.0,-514.0,0.0,0.0,0.0,0.0,0.0,0.0,0.0,0.0,0.0,0.0
-1350.0,-514.0,0.0,0.0,0.0,0.0,0.0,0.0,0.0,0.0,0.0,0.0
-1348.0,-514.0,0.0,0.0,0.0,0.0,0.0,0.0,0.0,0.0,0.0,0.0
-1346.0,-514.0,0.0,0.0,0.0,0.0,0.0,0.0,0.0,0.0,0.0,0.0
-1344.0,-514.0,-150.639,1.29862e-06,88.675,-15.5885,91.325,-15.5937,-1342.83,-615.957,-1186.78,-557.862
-1342.0,-514.0,-150.825,1.29221e-06,88.6434,-15.7795,91.3566,-15.5937,-1342.83,-615.957,-1186.78,-557.862
-1340.0,-514.0,-151.008,1.28581e-06,88.6116,-15.975,91.3884,-15.5937,-1342.83,-615.957,-1186.78,-557.862
-1338.0,-514.0,-151.188,1.27941e-06,88.5794,-16.1753,91.4206,-15.5937,-1342.83,-615.957,-1186.78,-557.862
-1336.0,-514.0,-151.322,1.33263e-06,88.6119,-163.354,91.3881,-15.5937,-1342.83,-615.957,-1345.27,-516.771
-1334.0,-514.0,-151.072,1.33904e-06,88.5944,-163.542,91.4056,-15.5937,-1342.83,-615.957,-1345.26,-517.326
-1332.0,-514.0,-150.819,1.34545e-06,88.5771,-163.725,91.4229,-15.5937,-1342.83,-615.957,-1345.25,-517.868
-1330.0,-514.0,-151.882,1.25389e-06,88.4475,-17.0278,91.5525,-15.5937,-1342.83,-615.957,-1186.78,-557.862
-1328.0,-514.0,-152.051,1.24754e-06,88.4137,-17.2547,91.5863,-15.5937,-1342.83,-615.957,-1186.78,-557.862
-1326.0,-514.0,-152.218,1.24118e-06,88.3795,-17.4876,91.6205,-15.5937,-1342.83,-615.957,-1186.78,-557.862
-1324.0,-514.0,-152.385,1.23484e-06,88.345,-17.7266,91.655,-15.5937,-1342.83,-615.957,-1186.78,-557.862
-1322.0,-514.0,-152.552,1.22851e-06,88.3102,-17.9721,91.6898,-15.5937,-1342.83,-615.957,-1186.78,-557.862
-1320.0,-514.0,-135.238,1.36002e-06,87.2417,-137.6,91.4658,-15.5476,-1342.67,-615.95,-1339.61,-531.906
-1318.0,-514.0,-136.457,1.36498e-06,87.1059,-137.787,91.4682,-15.3584,-1342.03,-615.923,-1339.22,-533.247
-1316.0,-514.0,-137.539,1.36995e-06,86.9879,-137.972,91.4705,-15.1706,-1341.38,-615.895,-1338.83,-534.575
-1314.0,-514.0,-138.532,1.37494e-06,86.8844,-138.156,91.4728,-14.9841,-1340.72,-615.868,-1338.44,-535.888
-1312.0,-514.0,-153.401,1.19699e-06,88.1308,-19.3047,91.8692,-15.5937,-1342.83,-615.957,-1186.78,-557.862
-1310.0,-514.0,-153.558,1.19072e-06,88.0938,-19.5943,91.9062,-15.5937,-1342.83,-615.957,-1186.78,-557.862
-1308.0,-514.0,-153.698,1.18446e-06,88.0565,-19.8924,91.9435,-15.5937,-1342.83,-615.957,-1186.78,-557.862
-1306.0,-514.0,-148.254,5.70115e-07,81.184,-122.782,81.5774,55.9381,-1393.31,-590.105,-1372.47,-617.206
-1304.0,-514.0,-148.504,5.73799e-07,81.1616,-123.351,81.6349,55.3781,-1393.17,-590.101,-1371.91,-617.182
-1302.0,-514.0,-154.047,1.16575e-06,87.9633,-20.8413,92.0367,-15.5937,-1342.83,-615.957,-1186.78,-557.862
-1300.0,-514.0,-154.158,1.15952e-06,87.9524,-21.1771,92.0476,-15.5937,-1342.83,-615.957,-1186.78,-557.862
-1298.0,-514.0,-154.271,1.15331e-06,87.9414,-21.5233,92.0586,-15.5937,-1342.83,-615.957,-1186.78,-557.862
-1296.0,-514.0,-153.482,6.56492e-07,86.363,-113.505,93.637,-43.3117,-1381.35,-617.58,-1322.01,-573.796
-1294.0,-514.0,-152.235,6.59216e-07,86.3535,-114.431,93.6465,-43.3117,-1381.35,-617.58,-1321.15,-573.774
-1292.0,-514.0,-151.619,6.62036e-07,86.3447,-115.344,93.6553,-43.3117,-1381.35,-617.58,-1320.3,-573.751
-1290.0,-514.0,-151.52,6.64952e-07,86.3364,-116.243,93.6636,-43.3117,-1381.35,-617.58,-1319.45,-573.729
-1288.0,-514.0,-147.131,1.60201e-06,88.4701,-12.6339,91.5299,-14.6085,-1339.34,-615.81,-1254.83,-521.435
-1286.0,-514.0,-145.632,1.59551e-06,88.4538,-12.8646,91.5462,-14.6085,-1339.34,-615.81,-1254.84,-521.117
-1284.0,-514.0,-143.853,1.58902e-06,88.4373,-13.1037,91.5627,-14.6085,-1339.34,-615.81,-1254.84,-520.788
-1282.0,-514.0,-141.665,1.58253e-06,88.4207,-13.3517,91.5793,-14.6085,-1339.34,-615.81,-1254.84,-520.446
-1280.0,-514.0,-140.925,7.29711e-07,85.647,-121.413,92.7472,55.8693,-1393.29,-590.105,-1316.43,-573.65
-1278.0,-514.0,-139.199,7.33223e-07,85.6152,-121.861,92.733,55.4246,-1393.18,-590.101,-1315.05,-573.614
-1276.0,-514.0,-138.42,7.36788e-07,85.5631,-122.305,92.7188,54.9847,-1393.06,-590.098,-1313.67,-573.578
-1274.0,-514.0,-145.938,6.90962e-07,86.2541,-124.004,93.7459,-43.396,-1381.4,-617.583,-1314.2,-573.592
-1272.0,-514.0,-145.006,6.94738e-07,86.2493,-124.665,93.7507,-43.396,-1381.4,-617.583,-1313.19,-573.566
-1270.0,-514.0,-144.334,6.98575e-07,86.2468,-125.315,93.7532,-43.396,-1381.4,-617.583,-1312.18,-573.539
-1268.0,-514.0,-159.257,1.4531e-06,88.1855,56.7576,91.8145,-43.396,-1381.4,-617.583,-1211.51,-427.819
-1266.0,-514.0,-160.406,1.44946e-06,88.1698,57.0165,91.8302,-43.396,-1381.4,-617.583,-1211.43,-429.923
-1264.0,-514.0,-161.865,1.44585e-06,88.1541,57.2769,91.8459,-43.396,-1381.4,-617.583,-1211.35,-432.067
-1262.0,-514.0,-162.535,8.57592e-07,86.8681,-76.7079,93.1319,-2.76158,-1239.86,-607.725,-1239.86,-607.725
-1260.0,-514.0,-156.159,7.58742e-07,86.4382,-121.894,93.5618,-35.9954,-1376.1,-617.359,-1323.06,-615.337
-1258.0,-514.0,-154.233,7.6231e-07,86.4337,-122.527,93.5663,-35.9954,-1376.1,-617.359,-1322.62,-615.325
-1256.0,-514.0,-153.106,7.65939e-07,86.4295,-123.151,93.5705,-35.9954,-1376.1,-617.359,-1322.17,-615.312
-1254.0,-514.0,0.0,0.0,0.0,0.0,0.0,0.0,0.0,0.0,0.0,0.0
-1252.0,-514.0,0.0,0.0,0.0,0.0,0.0,0.0,0.0,0.0,0.0,0.0
-1250.0,-514.0,0.0,0.0,0.0,0.0,0.0,0.0,0.0,0.0,0.0,0.0
-1248.0,-514.0,0.0,0.0,0.0,0.0,0.0,0.0,0.0,0.0,0.0,0.0
-1246.0,-514.0,0.0,0.0,0.0,0.0,0.0,0.0,0.0,0.0,0.0,0.0
-1244.0,-514.0,0.0,0.0,0.0,0.0,0.0,0.0,0.0,0.0,0.0,0.0
-1242.0,-514.0,0.0,0.0,0.0,0.0,0.0,0.0,0.0,0.0,0.0,0.0
-1240.0,-514.0,0.0,0.0,0.0,0.0,0.0,0.0,0.0,0.0,0.0,0.0
-1238.0,-514.0,0.0,0.0,0.0,0.0,0.0,0.0,0.0,0.0,0.0,0.0
-1236.0,-514.0,0.0,0.0,0.0,0.0,0.0,0.0,0.0,0.0,0.0,0.0
-1234.0,-514.0,0.0,0.0,0.0,0.0,0.0,0.0,0.0,0.0,0.0,0.0
-1232.0,-514.0,0.0,0.0,0.0,0.0,0.0,0.0,0.0,0.0,0.0,0.0
-1230.0,-514.0,0.0,0.0,0.0,0.0,0.0,0.0,0.0,0.0,0.0,0.0
-1228.0,-514.0,0.0,0.0,0.0,0.0,0.0,0.0,0.0,0.0,0.0,0.0
-1226.0,-514.0,0.0,0.0,0.0,0.0,0.0,0.0,0.0,0.0,0.0,0.0
-1224.0,-514.0,0.0,0.0,0.0,0.0,0.0,0.0,0.0,0.0,0.0,0.0
-1222.0,-514.0,0.0,0.0,0.0,0.0,0.0,0.0,0.0,0.0,0.0,0.0
-1220.0,-514.0,0.0,0.0,0.0,0.0,0.0,0.0,0.0,0.0,0.0,0.0
-1218.0,-514.0,0.0,0.0,0.0,0.0,0.0,0.0,0.0,0.0,0.0,0.0
-1216.0,-514.0,0.0,0.0,0.0,0.0,0.0,0.0,0.0,0.0,0.0,0.0
-1214.0,-514.0,0.0,0.0,0.0,0.0,0.0,0.0,0.0,0.0,0.0,0.0
-1212.0,-514.0,0.0,0.0,0.0,0.0,0.0,0.0,0.0,0.0,0.0,0.0
-1210.0,-514.0,0.0,0.0,0.0,0.0,0.0,0.0,0.0,0.0,0.0,0.0
-1208.0,-514.0,0.0,0.0,0.0,0.0,0.0,0.0,0.0,0.0,0.0,0.0
-1206.0,-514.0,0.0,0.0,0.0,0.0,0.0,0.0,0.0,0.0,0.0,0.0
-1204.0,-514.0,0.0,0.0,0.0,0.0,0.0,0.0,0.0,0.0,0.0,0.0
-1202.0,-514.0,0.0,0.0,0.0,0.0,0.0,0.0,0.0,0.0,0.0,0.0
-1600.0,-512.0,-152.245,1.24064e-06,89.4762,-48.1992,90.5238,129.985,-1425.61,-569.467,-1591.82,-521.152
-1598.0,-512.0,-151.773,1.23621e-06,89.4482,-48.4994,90.5518,129.985,-1425.61,-569.467,-1589.87,-521.191
-1596.0,-512.0,-151.385,1.23181e-06,89.4201,-48.8024,90.5799,129.985,-1425.61,-569.467,-1587.92,-521.23
-1594.0,-512.0,-152.683,1.18187e-06,89.3682,44.7106,90.6318,134.012,-1425.51,-573.595,-1511.92,-430.744
-1592.0,-512.0,-150.396,1.17715e-06,89.3383,45.1483,90.6617,134.012,-1425.51,-573.595,-1511.15,-430.73
-1590.0,-512.0,-147.894,1.17247e-06,89.3081,45.5927,90.6919,134.012,-1425.51,-573.595,-1510.38,-430.717
-1588.0,-512.0,-144.829,1.16783e-06,89.2777,46.0439,90.7223,134.012,-1425.51,-573.595,-1509.61,-430.703
-1586.0,-512.0,-140.569,1.16322e-06,89.247,46.5021,90.753,134.012,-1425.51,-573.595,-1508.85,-430.69
-1584.0,-512.0,-133.939,1.15866e-06,89.2104,46.9674,90.7896,134.012,-1425.51,-573.595,-1508.08,-430.676
-1582.0,-512.0,-124.214,1.15413e-06,89.1654,47.3335,90.8346,133.9,-1425.51,-573.49,-1507.03,-430.657
-1580.0,-512.0,-126.757,1.14964e-06,89.12,47.5781,90.88,133.656,-1425.52,-573.256,-1505.64,-430.633
-1578.0,-512.0,-129.122,1.14516e-06,89.0742,47.8246,90.9258,133.409,-1425.52,-573.019,-1504.26,-430.608
-1576.0,-512.0,-130.211,1.1407e-06,89.0282,48.073,90.9718,133.161,-1425.53,-572.777,-1502.88,-430.584
-1574.0,-512.0,-129.479,1.13627e-06,88.9817,48.3234,91.0183,132.91,-1425.53,-572.532,-1501.5,-430.56
-1572.0,-512.0,-127.315,1.13186e-06,88.935,48.5758,91.065,132.658,-1425.54,-572.282,-1500.12,-430.535
-1570.0,-512.0,-132.379,1.12747e-06,88.8879,48.8775,91.1121,132.426,-1425.55,-572.049,-1498.86,-430.513
-1568.0,-512.0,-132.826,2.04579e-06,89.3634,15.4426,90.6366,-15.3614,-1342.04,-615.923,-1530.25,-501.572
-1566.0,-512.0,-129.503,2.03937e-06,89.3377,15.6224,90.6623,-15.3614,-1342.04,-615.923,-1528.34,-501.47
-1564.0,-512.0,-146.975,1.13866e-06,88.7943,49.6599,91.2057,130.064,-1425.6,-569.555,-1490.61,-425.583
-1562.0,-512.0,-143.843,1.13438e-06,88.7755,50.4391,91.2245,130.064,-1425.6,-569.555,-1490.61,-425.583
-1560.0,-512.0,-138.747,1.13016e-06,88.789,51.2363,91.211,130.064,-1425.6,-569.555,-1490.61,-425.583
-1558.0,-512.0,-128.404,1.126e-06,88.8275,52.0516,91.1725,130.064,-1425.6,-569.555,-1490.61,-425.583
-1556.0,-512.0,-136.31,1.12193e-06,88.8527,52.8855,91.1473,130.064,-1425.6,-569.555,-1490.61,-425.583
-1554.0,-512.0,-144.557,2.0009e-06,89.3567,16.7933,90.6433,-15.3614,-1342.04,-615.923,-1517.13,-500.875
-1552.0,-512.0,-145.771,1.99452e-06,89.3546,17.0052,90.6454,-15.3614,-1342.04,-615.923,-1515.3,-500.777
-1550.0,-512.0,-146.841,1.98814e-06,89.3526,17.2223,90.6474,-15.3614,-1342.04,-615.923,-1513.48,-500.68
-1548.0,-512.0,-147.804,1.98177e-06,89.3505,17.4449,90.6495,-15.3614,-1342.04,-615.923,-1511.67,-500.584
-1546.0,-512.0,-148.685,1.97541e-06,89.3484,17.6732,90.6516,-15.3614,-1342.04,-615.923,-1509.87,-500.488
-1544.0,-512.0,-149.502,1.96906e-06,89.3463,17.9073,90.6537,-15.3614,-1342.04,-615.923,-1508.08,-500.393
-1542.0,-512.0,-150.267,1.96271e-06,89.3442,18.1474,90.6558,-15.3614,-1342.04,-615.923,-1506.3,-500.299
-1540.0,-512.0,-150.989,1.95637e-06,89.3421,18.3939,90.6579,-15.3614,-1342.04,-615.923,-1504.53,-500.204
-1538.0,-512.0,-151.675,1.95005e-06,89.3399,18.6469,90.6601,-15.3614,-1342.04,-615.923,-1502.77,-500.111
-1536.0,-512.0,-151.571,1.92992e-06,89.3451,-4.65368,90.6549,-15.3614,-1342.04,-615.923,-1399.57,-523.105
-1534.0,-512.0,-151.403,1.92326e-06,89.3596,-4.7226,90.6404,-15.3614,-1342.04,-615.923,-1399.57,-523.105
-1532.0,-512.0,-151.229,1.91661e-06,89.3703,-4.7936,90.6297,-15.3614,-1342.04,-615.923,-1399.57,-523.105
-1530.0,-512.0,-151.049,1.90995e-06,89.3765,-4.86676,90.6235,-15.3614,-1342.04,-615.923,-1399.57,-523.105
-1528.0,-512.0,-150.862,1.9033e-06,89.3828,-4.94217,90.6172,-15.3614,-1342.04,-615.923,-1399.57,-523.105
-1526.0,-512.0,-150.669,1.89665e-06,89.3892,-5.01996,90.6108,-15.3614,-1342.04,-615.923,-1399.57,-523.105
-1524.0,-512.0,-150.467,1.89e-06,89.3956,-5.10023,90.6044,-15.3614,-1342.04,-615.923,-1399.57,-523.105
-1522.0,-512.0,-150.258,1.88335e-06,89.402,-5.1831,90.598,-15.3614,-1342.04,-615.923,-1399.57,-523.105
-1520.0,-512.0,-150.039,1.8767e-06,89.4085,-5.2687,90.5915,-15.3614,-1342.04,-615.923,-1399.57,-523.105
-1518.0,-512.0,-149.811,1.87006e-06,89.415,-5.35716,90.585,-15.3614,-1342.04,-615.923,-1399.57,-523.105
-1516.0,-512.0,-149.573,1.86341e-06,89.4216,-5.44864,90.5784,-15.3614,-1342.04,-615.923,-1399.57,-523.105
-1514.0,-512.0,-149.323,1.85676e-06,89.4282,-5.54328,90.5718,-15.3614,-1342.04,-615.923,-1399.57,-523.105
-1512.0,-512.0,-149.06,1.85012e-06,89.4272,-5.64127,90.5728,-15.3614,-1342.04,-615.923,-1399.57,-523.105
-1510.0,-512.0,-148.784,1.84348e-06,89.4252,-5.74276,90.5748,-15.3614,-1342.04,-615.923,-1399.57,-523.105
-1508.0,-512.0,-148.493,1.83684e-06,89.4231,-5.84796,90.5769,-15.3614,-1342.04,-615.923,-1399.57,-523.105
-1506.0,-512.0,-148.185,1.83021e-06,89.421,-5.95708,90.579,-15.3614,-1342.04,-615.923,-1399.57,-523.105
-1504.0,-512.0,-147.858,1.82357e-06,89.4189,-6.07033,90.5811,-15.3614,-1342.04,-615.923,-1399.57,-523.105
-1502.0,-512.0,-147.51,1.81693e-06,89.4168,-6.18795,90.5832,-15.3614,-1342.04,-615.923,-1399.57,-523.105
-1500.0,-512.0,-147.139,1.8103e-06,89.4146,-6.3102,90.5854,-15.3614,-1342.04,-615.923,-1399.57,-523.105
-1498.0,-512.0,-146.742,1.80367e-06,89.4125,-6.43735,90.5875,-15.3614,-1342.04,-615.923,-1399.57,-523.105
-1496.0,-512.0,-146.315,1.79704e-06,89.4103,-6.56972,90.5897,-15.3614,-1342.04,-615.923,-1399.57,-523.105
-1494.0,-512.0,-145.853,1.79041e-06,89.4056,-6.70761,90.5944,-15.3614,-1342.04,-615.923,-1399.57,-523.105
-1492.0,-512.0,-145.351,1.78379e-06,89.3943,-6.85139,90.6057,-15.3614,-1342.04,-615.923,-1399.57,-523.105
-1490.0,-512.0,-144.802,1.77717e-06,89.3832,-7.00144,90.6168,-15.3614,-1342.04,-615.923,-1399.57,-523.105
-1488.0,-512.0,-144.199,1.77054e-06,89.3809,-7.15817,90.6191,-15.3614,-1342.04,-615.923,-1399.57,-523.105
-1486.0,-512.0,-143.529,1.76392e-06,89.3786,-7.32204,90.6214,-15.3614,-1342.04,-615.923,-1399.57,-523.105
-1484.0,-512.0,-139.918,1.75722e-06,89.3762,-8.77181,90.6238,-15.5937,-1342.83,-615.957,-1186.78,-557.862
-1482.0,-512.0,-139.344,1.75063e-06,89.3739,-8.8303,90.6261,-15.5937,-1342.83,-615.957,-1186.78,-557.862
-1480.0,-512.0,-138.731,1.74403e-06,89.3715,-8.88957,90.6285,-15.5937,-1342.83,-615.957,-1186.78,-557.862
-1478.0,-512.0,-138.073,1.73744e-06,89.3691,-8.94964,90.6309,-15.5937,-1342.83,-615.957,-1186.78,-557.862
-1476.0,-512.0,-118.276,1.73081e-06,89.3667,-9.33346,90.6333,-15.175,-1341.39,-615.896,-1186.62,-559.561
-1474.0,-512.0,-118.235,1.72423e-06,89.3643,-9.36943,90.6357,-15.2109,-1341.52,-615.901,-1186.64,-559.415
-1472.0,-512.0,-118.194,1.71765e-06,89.3619,-9.40567,90.6381,-15.2472,-1341.64,-615.907,-1186.65,-559.268
-1470.0,-512.0,-116.707,1.01302e-06,88.918,-74.3639,91.082,77.5346,-1396.53,-584.281,-1465.79,-527.055
-1468.0,-512.0,-116.255,1.00526e-06,88.9096,-76.1878,91.0904,104.127,-1444.21,-424.347,-1464.31,-527.019
-1466.0,-512.0,-116.594,1.00369e-06,88.9049,-76.5578,91.0951,103.757,-1443.01,-424.315,-1462.42,-526.974
-1464.0,-512.0,-116.983,1.00217e-06,88.8872,-76.929,91.1128,103.386,-1441.82,-424.283,-1460.53,-526.929
-1462.0,-512.0,-112.603,9.03032e-07,88.7471,78.7934,91.2529,104.259,-1444.64,-424.358,-1444.64,-424.358
-1460.0,-512.0,-112.773,9.01765e-07,88.7274,79.2094,91.2726,103.843,-1443.29,-424.322,-1443.29,-424.322
-1458.0,-512.0,-112.975,9.00546e-07,88.7078,79.6266,91.2922,103.426,-1441.94,-424.287,-1441.94,-424.287
-1456.0,-512.0,-113.211,8.99375e-07,88.6881,80.0449,91.3119,103.007,-1440.6,-424.251,-1440.6,-424.251
-1454.0,-512.0,-113.484,8.98253e-07,88.6685,80.4643,91.3315,102.588,-1439.25,-424.215,-1439.25,-424.215
-1452.0,-512.0,-113.52,9.07417e-07,88.6642,107.906,91.3358,104.874,-1446.64,-424.412,-1459.87,-487.639
-1450.0,-512.0,-113.255,9.09497e-07,88.6495,108.306,91.3505,105.275,-1447.94,-424.446,-1460.22,-481.115
-1448.0,-512.0,-114.564,8.95175e-07,88.6098,81.7285,91.3902,101.324,-1435.22,-424.108,-1435.22,-424.108
-1446.0,-512.0,-115.021,8.94242e-07,88.6011,82.1517,91.3989,100.9,-1433.88,-424.072,-1433.88,-424.072
-1444.0,-512.0,-115.53,8.93356e-07,88.5997,82.5759,91.4003,100.476,-1432.54,-424.036,-1432.54,-424.036
-1442.0,-512.0,-116.089,8.92518e-07,88.5984,83.0008,91.4016,100.051,-1431.2,-424.0,-1431.2,-424.0
-1440.0,-512.0,-128.712,1.0133e-06,88.7655,84.2961,91.2345,-93.9295,-1401.27,-618.42,-1431.21,-424.001
-1438.0,-512.0,-129.828,1.01266e-06,88.7647,84.6719,91.2353,-93.5537,-1401.14,-618.414,-1429.79,-423.963
-1436.0,-512.0,-117.984,3.18021e-07,86.0636,-66.3198,93.9364,111.97,-1429.78,-526.194,-1429.78,-526.194
-1434.0,-512.0,-100.921,3.15542e-07,86.0327,-68.8753,93.9673,111.125,-1434.0,-512.0,-1400.0,-600.0
-1432.0,-512.0,-100.857,3.13204e-07,86.003,-70.0169,93.997,109.983,-1432.0,-512.0,-1400.0,-600.0
-1430.0,-512.0,-100.795,3.10992e-07,85.9745,-71.1753,94.0255,108.825,-1430.0,-512.0,-1400.0,-600.0
-1428.0,-512.0,-100.737,3.08909e-07,85.9473,-72.3499,94.0527,107.65,-1428.0,-512.0,-1400.0,-600.0
-1426.0,-512.0,-100.681,3.06957e-07,85.9215,-73.54,94.0785,106.46,-1426.0,-512.0,-1400.0,-600.0
-1424.0,-512.0,-100.63,3.05138e-07,85.8972,-74.7449,94.1028,105.255,-1424.0,-512.0,-1400.0,-600.0
-1422.0,-512.0,-100.582,3.03455e-07,85.8744,-75.9638,94.1256,104.036,-1422.0,-512.0,-1400.0,-600.0
-1420.0,-512.0,-100.537,3.0191e-07,85.8532,-77.1957,94.1468,102.804,-1420.0,-512.0,-1400.0,-600.0
-1418.0,-512.0,-100.497,3.00505e-07,85.8338,-78.4399,94.1662,101.56,-1418.0,-512.0,-1400.0,-600.0
-1416.0,-512.0,-100.46,2.99243e-07,85.8162,-79.6952,94.1838,100.305,-1416.0,-512.0,-1400.0,-600.0
-1414.0,-512.0,-100.427,2.98124e-07,85.8005,-80.9605,94.1995,99.0395,-1414.0,-512.0,-1400.0,-600.0
-1412.0,-512.0,-100.399,2.97152e-07,85.7867,-82.2348,94.2133,97.7652,-1412.0,-512.0,-1400.0,-600.0
-1410.0,-512.0,-100.375,2.96326e-07,85.7749,-83.5169,94.2251,96.4831,-1410.0,-512.0,-1400.0,-600.0
-1408.0,-512.0,-100.355,2.95649e-07,85.7652,-84.8056,94.2348,95.1944,-1408.0,-512.0,-1400.0,-600.0
-1406.0,-512.0,-100.339,2.95122e-07,85.7577,-86.0995,94.2423,93.9005,-1406.0,-512.0,-1400.0,-600.0
-1404.0,-512.0,-100.328,2.94744e-07,85.7522,-87.3974,94.2478,92.6026,-1404.0,-512.0,-1400.0,-600.0
-1402.0,-512.0,-100.322,2.94517e-07,85.7489,-88.698,94.2511,91.302,-1402.0,-512.0,-1400.0,-600.0
-1400.0,-512.0,-100.319,2.94442e-07,85.7478,-90.0,94.2522,90.0,-1400.0,-512.0,-1400.0,-600.0
-1398.0,-512.0,0.0,0.0,0.0,0.0,0.0,0.0,0.0,0.0,0.0,0.0
-1396.0,-512.0,0.0,0.0,0.0,0.0,0.0,0.0,0.0,0.0,0.0,0.0
-1394.0,-512.0,0.0,0.0,0.0,0.0,0.0,0.0,0.0,0.0,0.0,0.0
-1392.0,-512.0,0.0,0.0,0.0,0.0,0.0,0.0,0.0,0.0,0.0,0.0
-1390.0,-512.0,0.0,0.0,0.0,0.0,0.0,0.0,0.0,0.0,0.0,0.0
-1388.0,-512.0,0.0,0.0,0.0,0.0,0.0,0.0,0.0,0.0,0.0,0.0
-1386.0,-512.0,0.0,0.0,0.0,0.0,0.0,0.0,0.0,0.0,0.0,0.0
-1384.0,-512.0,0.0,0.0,0.0,0.0,0.0,0.0,0.0,0.0,0.0,0.0
-1382.0,-512.0,0.0,0.0,0.0,0.0,0.0,0.0,0.0,0.0,0.0,0.0
-1380.0,-512.0,0.0,0.0,0.0,0.0,0.0,0.0,0.0,0.0,0.0,0.0
-1378.0,-512.0,0.0,0.0,0.0,0.0,0.0,0.0,0.0,0.0,0.0,0.0
-1376.0,-512.0,0.0,0.0,0.0,0.0,0.0,0.0,0.0,0.0,0.0,0.0
-1374.0,-512.0,0.0,0.0,0.0,0.0,0.0,0.0,0.0,0.0,0.0,0.0
-1372.0,-512.0,0.0,0.0,0.0,0.0,0.0,0.0,0.0,0.0,0.0,0.0
-1370.0,-512.0,0.0,0.0,0.0,0.0,0.0,0.0,0.0,0.0,0.0,0.0
-1368.0,-512.0,0.0,0.0,0.0,0.0,0.0,0.0,0.0,0.0,0.0,0.0
-1366.0,-512.0,0.0,0.0,0.0,0.0,0.0,0.0,0.0,0.0,0.0,0.0
-1364.0,-512.0,0.0,0.0,0.0,0.0,0.0,0.0,0.0,0.0,0.0,0.0
-1362.0,-512.0,0.0,0.0,0.0,0.0,0.0,0.0,0.0,0.0,0.0,0.0
-1360.0,-512.0,0.0,0.0,0.0,0.0,0.0,0.0,0.0,0.0,0.0,0.0
-1358.0,-512.0,0.0,0.0,0.0,0.0,0.0,0.0,0.0,0.0,0.0,0.0
-1356.0,-512.0,0.0,0.0,0.0,0.0,0.0,0.0,0.0,0.0,0.0,0.0
-1354.0,-512.0,0.0,0.0,0.0,0.0,0.0,0.0,0.0,0.0,0.0,0.0
-1352.0,-512.0,0.0,0.0,0.0,0.0,0.0,0.0,0.0,0.0,0.0,0.0
-1350.0,-512.0,0.0,0.0,0.0,0.0,0.0,0.0,0.0,0.0,0.0,0.0
-1348.0,-512.0,0.0,0.0,0.0,0.0,0.0,0.0,0.0,0.0,0.0,0.0
-1346.0,-512.0,0.0,0.0,0.0,0.0,0.0,0.0,0.0,0.0,0.0,0.0
-1344.0,-512.0,-151.539,1.30046e-06,88.6674,-16.2625,91.3326,-15.5937,-1342.83,-615.957,-1186.78,-557.862
-1342.0,-512.0,-151.707,1.29407e-06,88.6358,-16.4608,91.3642,-15.5937,-1342.83,-615.957,-1186.78,-557.862
-1340.0,-512.0,-151.872,1.28769e-06,88.604,-16.6638,91.396,-15.5937,-1342.83,-615.957,-1186.78,-557.862
-1338.0,-512.0,-152.036,1.28131e-06,88.5718,-16.8718,91.4282,-15.5937,-1342.83,-615.957,-1186.78,-557.862
-1336.0,-512.0,-152.198,1.27495e-06,88.5394,-17.0848,91.4606,-15.5937,-1342.83,-615.957,-1186.78,-557.862
-1334.0,-512.0,-152.123,1.34097e-06,88.5872,-162.917,91.4128,-15.5937,-1342.83,-615.957,-1345.29,-515.47
-1332.0,-512.0,-151.888,1.34736e-06,88.57,-163.106,91.43,-15.5937,-1342.83,-615.957,-1345.28,-516.034
-1330.0,-512.0,-152.677,1.25589e-06,88.4401,-17.7564,91.5599,-15.5937,-1342.83,-615.957,-1186.78,-557.862
-1328.0,-512.0,-152.836,1.24956e-06,88.4063,-17.9918,91.5937,-15.5937,-1342.83,-615.957,-1186.78,-557.862
-1326.0,-512.0,-152.996,1.24324e-06,88.3723,-18.2333,91.6277,-15.5937,-1342.83,-615.957,-1186.78,-557.862
-1324.0,-512.0,-153.158,1.23692e-06,88.3378,-18.4811,91.6622,-15.5937,-1342.83,-615.957,-1186.78,-557.862
-1322.0,-512.0,-153.322,1.23062e-06,88.3031,-18.7355,91.6969,-15.5937,-1342.83,-615.957,-1186.78,-557.862
-1320.0,-512.0,-153.485,1.22432e-06,88.268,-18.9968,91.732,-15.5937,-1342.83,-615.957,-1186.78,-557.862
-1318.0,-512.0,-136.783,1.36947e-06,87.0466,-137.578,91.4656,-15.5652,-1342.73,-615.953,-1339.65,-531.781
-1316.0,-512.0,-137.79,1.37443e-06,86.9354,-137.763,91.4679,-15.3772,-1342.09,-615.926,-1339.26,-533.114
-1314.0,-512.0,-138.708,1.3794e-06,86.8375,-137.948,91.4702,-15.1906,-1341.45,-615.898,-1338.87,-534.433
-1312.0,-512.0,-139.559,1.38439e-06,86.7505,-138.131,91.4725,-15.0053,-1340.79,-615.871,-1338.49,-535.739
-1310.0,-512.0,-154.167,1.19301e-06,88.0871,-20.4155,91.9129,-15.5937,-1342.83,-615.957,-1186.78,-557.862
-1308.0,-512.0,-154.069,5.8461e-07,78.921,-132.951,85.6514,-40.9296,-1379.8,-617.515,-1357.35,-565.008
-1306.0,-512.0,-148.317,5.75704e-07,81.2862,-122.414,81.5416,56.2907,-1393.4,-590.108,-1372.81,-617.22
-1304.0,-512.0,-148.4,5.79308e-07,81.303,-122.979,81.5986,55.7306,-1393.26,-590.104,-1372.26,-617.197
-1302.0,-512.0,-148.688,5.82925e-07,81.3555,-123.536,81.656,55.1748,-1393.11,-590.099,-1371.71,-617.174
-1300.0,-512.0,-154.701,1.16197e-06,87.9674,-22.0518,92.0326,-15.5937,-1342.83,-615.957,-1186.78,-557.862
-1298.0,-512.0,-148.233,1.63598e-06,88.5565,-12.5222,91.4435,-14.6085,-1339.34,-615.81,-1254.83,-521.588
-1296.0,-512.0,-146.956,1.62947e-06,88.5507,-12.7312,91.4493,-14.6085,-1339.34,-615.81,-1254.83,-521.301
-1294.0,-512.0,-145.479,1.62297e-06,88.535,-12.9473,91.465,-14.6085,-1339.34,-615.81,-1254.84,-521.004
-1292.0,-512.0,-143.73,1.61648e-06,88.5191,-13.1706,91.4809,-14.6085,-1339.34,-615.81,-1254.84,-520.696
-1290.0,-512.0,-141.588,1.60999e-06,88.5031,-13.4017,91.4969,-14.6085,-1339.34,-615.81,-1254.84,-520.377
-1288.0,-512.0,-138.928,1.60351e-06,88.487,-13.6408,91.513,-14.6085,-1339.34,-615.81,-1254.85,-520.046
-1286.0,-512.0,-135.389,1.59704e-06,88.4707,-13.8885,91.5293,-14.6085,-1339.34,-615.81,-1254.85,-519.702
-1284.0,-512.0,-130.877,1.59058e-06,88.4544,-14.1451,91.5456,-14.6085,-1339.34,-615.81,-1254.85,-519.345
-1282.0,-512.0,-130.937,1.58412e-06,88.4379,-14.4112,91.5621,-14.6085,-1339.34,-615.81,-1254.86,-518.974
-1280.0,-512.0,-142.014,7.35367e-07,85.8157,-121.136,92.7557,56.1368,-1393.36,-590.107,-1317.26,-573.672
-1278.0,-512.0,-138.951,1.57123e-06,88.4045,-14.9739,91.5955,-14.6085,-1339.34,-615.81,-1254.87,-518.187
-1276.0,-512.0,-138.316,7.42388e-07,85.7324,-122.024,92.7276,55.2563,-1393.13,-590.1,-1314.53,-573.601
-1274.0,-512.0,-146.816,6.96469e-07,86.3194,-123.56,93.6806,-43.396,-1381.4,-617.583,-1314.87,-573.61
-1272.0,-512.0,-145.737,7.00216e-07,86.2964,-124.217,93.7036,-43.396,-1381.4,-617.583,-1313.88,-573.584
-1270.0,-512.0,-144.892,7.0401e-07,86.2934,-124.864,93.7066,-43.396,-1381.4,-617.583,-1312.89,-573.558
-1268.0,-512.0,-144.323,7.07866e-07,86.2908,-125.5,93.7092,-43.396,-1381.4,-617.583,-1311.89,-573.532
-1266.0,-512.0,-159.485,1.49639e-06,87.0588,56.8476,81.4993,56.711,-1393.51,-590.111,-1211.49,-428.543
-1264.0,-512.0,-160.83,1.44024e-06,88.1555,57.1083,91.8445,-43.396,-1381.4,-617.583,-1211.41,-430.676
-1262.0,-512.0,-162.682,8.64069e-07,86.9059,-76.976,93.0941,-2.76158,-1239.86,-607.725,-1239.86,-607.725
-1260.0,-512.0,-155.32,7.83104e-07,86.565,-54.168,93.435,-35.9954,-1376.1,-617.359,-1254.86,-519.122
-1258.0,-512.0,-155.434,7.67925e-07,86.4759,-122.131,93.5241,-35.9954,-1376.1,-617.359,-1322.9,-615.333
-1256.0,-512.0,-153.88,7.71515e-07,86.4714,-122.751,93.5286,-35.9954,-1376.1,-617.359,-1322.46,-615.32
-1254.0,-512.0,0.0,0.0,0.0,0.0,0.0,0.0,0.0,0.0,0.0,0.0
-1252.0,-512.0,0.0,0.0,0.0,0.0,0.0,0.0,0.0,0.0,0.0,0.0
-1250.0,-512.0,0.0,0.0,0.0,0.0,0.0,0.0,0.0,0.0,0.0,0.0
-1248.0,-512.0,0.0,0.0,0.0,0.0,0.0,0.0,0.0,0.0,0.0,0.0
-1246.0,-512.0,0.0,0.0,0.0,0.0,0.0,0.0,0.0,0.0,0.0,0.0
-1244.0,-512.0,0.0,0.0,0.0,0.0,0.0,0.0,0.0,0.0,0.0,0.0
-1242.0,-512.0,0.0,0.0,0.0,0.0,0.0,0.0,0.0,0.0,0.0,0.0
-1240.0,-512.0,0.0,0.0,0.0,0.0,0.0,0.0,0.0,0.0,0.0,0.0
-1238.0,-512.0,0.0,0.0,0.0,0.0,0.0,0.0,0.0,0.0,0.0,0.0
-1236.0,-512.0,0.0,0.0,0.0,0.0,0.0,0.0,0.0,0.0,0.0,0.0
-1234.0,-512.0,0.0,0.0,0.0,0.0,0.0,0.0,0.0,0.0,0.0,0.0
-1232.0,-512.0,0.0,0.0,0.0,0.0,0.0,0.0,0.0,0.0,0.0,0.0
-1230.0,-512.0,0.0,0.0,0.0,0.0,0.0,0.0,0.0,0.0,0.0,0.0
-1228.0,-512.0,0.0,0.0,0.0,0.0,0.0,0.0,0.0,0.0,0.0,0.0
-1226.0,-512.0,0.0,0.0,0.0,0.0,0.0,0.0,0.0,0.0,0.0,0.0
-1224.0,-512.0,0.0,0.0,0.0,0.0,0.0,0.0,0.0,0.0,0.0,0.0
-1222.0,-512.0,0.0,0.0,0.0,0.0,0.0,0.0,0.0,0.0,0.0,0.0
-1220.0,-512.0,0.0,0.0,0.0,0.0,0.0,0.0,0.0,0.0,0.0,0.0
-1218.0,-512.0,0.0,0.0,0.0,0.0,0.0,0.0,0.0,0.0,0.0,0.0
-1216.0,-512.0,0.0,0.0,0.0,0.0,0.0,0.0,0.0,0.0,0.0,0.0
-1214.0,-512.0,0.0,0.0,0.0,0.0,0.0,0.0,0.0,0.0,0.0,0.0
-1212.0,-512.0,0.0,0.0,0.0,0.0,0.0,0.0,0.0,0.0,0.0,0.0
-1210.0,-512.0,0.0,0.0,0.0,0.0,0.0,0.0,0.0,0.0,0.0,0.0
-1208.0,-512.0,0.0,0.0,0.0,0.0,0.0,0.0,0.0,0.0,0.0,0.0
-1206.0,-512.0,0.0,0.0,0.0,0.0,0.0,0.0,0.0,0.0,0.0,0.0
-1204.0,-512.0,0.0,0.0,0.0,0.0,0.0,0.0,0.0,0.0,0.0,0.0
-1202.0,-512.0,0.0,0.0,0.0,0.0,0.0,0.0,0.0,0.0,0.0,0.0
-1600.0,-510.0,-154.715,2.1433e-06,89.6622,-3.74106,90.3378,-15.3614,-1342.04,-615.923,-1399.57,-523.105
-1598.0,-510.0,-154.622,2.13665e-06,89.646,-3.77866,90.354,-15.3614,-1342.04,-615.923,-1399.57,-523.105
-1596.0,-510.0,-154.527,2.12999e-06,89.6298,-3.81702,90.3702,-15.3614,-1342.04,-615.923,-1399.57,-523.105
-1594.0,-510.0,-154.43,2.12334e-06,89.6134,-3.85617,90.3866,-15.3614,-1342.04,-615.923,-1399.57,-523.105
-1592.0,-510.0,-151.788,1.22776e-06,89.3051,-49.7056,90.6949,132.426,-1425.55,-572.049,-1582.38,-521.342
-1590.0,-510.0,-149.703,1.22348e-06,89.2763,-50.3437,90.7237,132.426,-1425.55,-572.049,-1580.57,-521.378
-1588.0,-510.0,-143.517,1.21926e-06,89.2473,-50.9938,90.7527,132.426,-1425.55,-572.049,-1578.75,-521.415
-1586.0,-510.0,-144.611,1.15842e-06,89.1799,46.0605,90.8201,134.012,-1425.51,-573.595,-1509.58,-430.703
-1584.0,-510.0,-140.229,1.15382e-06,89.1428,46.5261,90.8572,134.012,-1425.51,-573.595,-1508.81,-430.689
-1582.0,-510.0,-133.407,1.14926e-06,89.0973,46.9991,90.9027,134.012,-1425.51,-573.595,-1508.03,-430.675
-1580.0,-510.0,-124.349,1.14474e-06,89.0514,47.3527,90.9486,133.881,-1425.51,-573.471,-1506.92,-430.655
-1578.0,-510.0,-126.932,1.14024e-06,89.0052,47.5994,90.9948,133.634,-1425.52,-573.236,-1505.52,-430.631
-1576.0,-510.0,-129.238,1.13577e-06,88.9586,47.8481,91.0414,133.386,-1425.52,-572.996,-1504.13,-430.606
-1574.0,-510.0,-130.15,1.13132e-06,88.9117,48.0987,91.0883,133.135,-1425.53,-572.752,-1502.74,-430.582
-1572.0,-510.0,-129.209,1.12689e-06,88.8644,48.3513,91.1356,132.883,-1425.54,-572.504,-1501.35,-430.557
-1570.0,-510.0,-126.925,1.12248e-06,88.8168,48.6059,91.1832,132.628,-1425.54,-572.252,-1499.95,-430.532
-1568.0,-510.0,-134.206,1.1181e-06,88.7689,48.9816,91.2311,132.426,-1425.55,-572.049,-1498.86,-430.513
-1566.0,-510.0,-146.386,1.11377e-06,88.7374,49.8125,91.2626,132.426,-1425.55,-572.049,-1498.86,-430.513
-1564.0,-510.0,-148.791,1.13362e-06,88.7453,48.9967,91.2547,130.064,-1425.6,-569.555,-1490.61,-425.583
-1562.0,-510.0,-146.439,1.12928e-06,88.7261,49.7789,91.2739,130.064,-1425.6,-569.555,-1490.61,-425.583
-1560.0,-510.0,-143.0,1.125e-06,88.7395,50.5797,91.2605,130.064,-1425.6,-569.555,-1490.61,-425.583
-1558.0,-510.0,-137.127,1.12078e-06,88.7779,51.3992,91.2221,130.064,-1425.6,-569.555,-1490.61,-425.583
-1556.0,-510.0,-126.59,1.11664e-06,88.8167,52.2379,91.1833,130.064,-1425.6,-569.555,-1490.61,-425.583
-1554.0,-510.0,-137.991,1.99902e-06,89.3499,16.0971,90.6501,-15.3614,-1342.04,-615.923,-1523.56,-501.216
-1552.0,-510.0,-140.395,1.99261e-06,89.3478,16.3012,90.6522,-15.3614,-1342.04,-615.923,-1521.61,-501.112
-1550.0,-510.0,-142.307,1.98621e-06,89.3457,16.5104,90.6543,-15.3614,-1342.04,-615.923,-1519.67,-501.009
-1548.0,-510.0,-143.875,1.97981e-06,89.3436,16.7249,90.6564,-15.3614,-1342.04,-615.923,-1517.74,-500.907
-1546.0,-510.0,-145.2,1.97343e-06,89.3415,16.9448,90.6585,-15.3614,-1342.04,-615.923,-1515.82,-500.805
-1544.0,-510.0,-146.354,1.96705e-06,89.3393,17.1705,90.6607,-15.3614,-1342.04,-615.923,-1513.91,-500.703
-1542.0,-510.0,-147.383,1.96068e-06,89.3372,17.4021,90.6628,-15.3614,-1342.04,-615.923,-1512.02,-500.602
-1540.0,-510.0,-148.318,1.95431e-06,89.335,17.6398,90.665,-15.3614,-1342.04,-615.923,-1510.13,-500.502
-1538.0,-510.0,-149.18,1.94796e-06,89.3329,17.8838,90.6671,-15.3614,-1342.04,-615.923,-1508.26,-500.403
-1536.0,-510.0,-149.984,1.94161e-06,89.3427,18.1345,90.6573,-15.3614,-1342.04,-615.923,-1506.39,-500.304
-1534.0,-510.0,-150.136,1.92386e-06,89.3534,-5.56818,90.6466,-15.3614,-1342.04,-615.923,-1399.57,-523.105
-1532.0,-510.0,-149.91,1.91721e-06,89.368,-5.65174,90.632,-15.3614,-1342.04,-615.923,-1399.57,-523.105
-1530.0,-510.0,-149.674,1.91057e-06,89.3767,-5.73783,90.6233,-15.3614,-1342.04,-615.923,-1399.57,-523.105
-1528.0,-510.0,-149.427,1.90393e-06,89.383,-5.82658,90.617,-15.3614,-1342.04,-615.923,-1399.57,-523.105
-1526.0,-510.0,-149.168,1.89729e-06,89.3894,-5.9181,90.6106,-15.3614,-1342.04,-615.923,-1399.57,-523.105
-1524.0,-510.0,-148.896,1.89065e-06,89.3958,-6.01253,90.6042,-15.3614,-1342.04,-615.923,-1399.57,-523.105
-1522.0,-510.0,-148.61,1.88401e-06,89.4022,-6.11002,90.5978,-15.3614,-1342.04,-615.923,-1399.57,-523.105
-1520.0,-510.0,-148.309,1.87737e-06,89.4087,-6.21071,90.5913,-15.3614,-1342.04,-615.923,-1399.57,-523.105
-1518.0,-510.0,-147.99,1.87073e-06,89.4152,-6.31475,90.5848,-15.3614,-1342.04,-615.923,-1399.57,-523.105
-1516.0,-510.0,-147.652,1.8641e-06,89.4218,-6.42233,90.5782,-15.3614,-1342.04,-615.923,-1399.57,-523.105
-1514.0,-510.0,-147.293,1.85747e-06,89.4284,-6.53362,90.5716,-15.3614,-1342.04,-615.923,-1399.57,-523.105
-1512.0,-510.0,-146.91,1.85084e-06,89.4274,-6.64882,90.5726,-15.3614,-1342.04,-615.923,-1399.57,-523.105
-1510.0,-510.0,-146.5,1.84421e-06,89.4254,-6.76814,90.5746,-15.3614,-1342.04,-615.923,-1399.57,-523.105
-1508.0,-510.0,-146.06,1.83758e-06,89.4233,-6.89179,90.5767,-15.3614,-1342.04,-615.923,-1399.57,-523.105
-1506.0,-510.0,-145.584,1.83096e-06,89.4212,-7.02002,90.5788,-15.3614,-1342.04,-615.923,-1399.57,-523.105
-1504.0,-510.0,-145.069,1.82434e-06,89.4191,-7.15309,90.5809,-15.3614,-1342.04,-615.923,-1399.57,-523.105
-1502.0,-510.0,-144.506,1.81772e-06,89.417,-7.29128,90.583,-15.3614,-1342.04,-615.923,-1399.57,-523.105
-1500.0,-510.0,-143.887,1.8111e-06,89.4149,-7.43487,90.5851,-15.3614,-1342.04,-615.923,-1399.57,-523.105
-1498.0,-510.0,-143.202,1.80448e-06,89.4127,-7.58421,90.5873,-15.3614,-1342.04,-615.923,-1399.57,-523.105
-1496.0,-510.0,-139.951,1.7978e-06,89.4101,-8.79865,90.5899,-15.5937,-1342.83,-615.957,-1186.78,-557.862
-1494.0,-510.0,-139.384,1.79121e-06,89.3989,-8.85503,90.6011,-15.5937,-1342.83,-615.957,-1186.78,-557.862
-1492.0,-510.0,-138.779,1.78462e-06,89.3877,-8.91212,90.6123,-15.5937,-1342.83,-615.957,-1186.78,-557.862
-1490.0,-510.0,-138.131,1.77803e-06,89.3766,-8.96995,90.6234,-15.5937,-1342.83,-615.957,-1186.78,-557.862
-1488.0,-510.0,-118.478,1.77141e-06,89.3743,-9.33642,90.6257,-15.1779,-1341.4,-615.897,-1186.63,-559.549
-1486.0,-510.0,-118.438,1.76482e-06,89.3719,-9.37157,90.6281,-15.2131,-1341.52,-615.902,-1186.64,-559.406
-1484.0,-510.0,-118.398,1.75824e-06,89.3696,-9.40698,90.6304,-15.2485,-1341.65,-615.907,-1186.65,-559.263
-1482.0,-510.0,-118.358,1.75166e-06,89.3672,-9.44266,90.6328,-15.2842,-1341.77,-615.912,-1186.67,-559.118
-1480.0,-510.0,-118.318,1.74507e-06,89.3648,-9.47861,90.6352,-15.3201,-1341.9,-615.917,-1186.68,-558.972
-1478.0,-510.0,-118.278,1.73849e-06,89.3624,-9.51483,90.6376,-15.3563,-1342.02,-615.923,-1186.69,-558.826
-1476.0,-510.0,-127.853,1.73191e-06,89.36,-9.73022,90.64,-15.3614,-1342.04,-615.923,-1399.57,-523.105
-1474.0,-510.0,-131.6,1.72534e-06,89.3575,-9.98649,90.6425,-15.3614,-1342.04,-615.923,-1399.57,-523.105
-1472.0,-510.0,-120.944,1.09037e-06,88.9834,82.4297,91.0166,103.971,-1443.7,-424.333,-1470.46,-498.393
-1470.0,-510.0,-116.882,1.01945e-06,88.9127,-74.465,91.0873,77.6357,-1396.53,-584.164,-1465.26,-527.042
-1468.0,-510.0,-116.392,1.01175e-06,88.9044,-76.278,91.0956,104.037,-1443.92,-424.339,-1463.85,-527.008
-1466.0,-510.0,-116.741,1.01019e-06,88.8997,-76.6458,91.1003,103.669,-1442.73,-424.308,-1461.97,-526.963
-1464.0,-510.0,-117.14,1.00867e-06,88.8821,-77.0147,91.1179,103.3,-1441.54,-424.276,-1460.1,-526.919
-1462.0,-510.0,-113.601,9.0261e-07,88.7328,77.0763,91.2672,77.51,-1396.52,-584.309,-1442.33,-424.297
-1460.0,-510.0,-112.671,8.95217e-07,88.7043,79.1295,91.2957,103.923,-1443.55,-424.329,-1443.55,-424.329
-1458.0,-510.0,-112.868,8.93989e-07,88.6845,79.5496,91.3155,103.503,-1442.19,-424.293,-1442.19,-424.293
-1456.0,-510.0,-113.099,8.9281e-07,88.6646,79.9709,91.3354,103.081,-1440.84,-424.257,-1440.84,-424.257
-1454.0,-510.0,-113.367,8.91679e-07,88.6448,80.3933,91.3552,102.659,-1439.48,-424.221,-1439.48,-424.221
-1452.0,-510.0,-113.677,8.90597e-07,88.6251,80.8167,91.3749,102.236,-1438.13,-424.185,-1438.13,-424.185
-1450.0,-510.0,-113.114,9.03171e-07,88.6263,108.439,91.3737,105.408,-1448.38,-424.458,-1460.33,-479.02
-1448.0,-510.0,-114.432,8.88576e-07,88.5921,81.6666,91.4079,101.386,-1435.42,-424.113,-1435.42,-424.113
-1446.0,-510.0,-114.887,8.87634e-07,88.5906,82.0929,91.4094,100.959,-1434.07,-424.077,-1434.07,-424.077
-1444.0,-510.0,-115.393,8.86741e-07,88.5892,82.5201,91.4108,100.532,-1432.71,-424.041,-1432.71,-424.041
-1442.0,-510.0,-115.949,8.85897e-07,88.5879,82.9482,91.4121,100.104,-1431.36,-424.005,-1431.36,-424.005
-1440.0,-510.0,-116.203,1.01854e-06,88.7718,-105.672,91.2282,105.377,-1448.28,-424.455,-1444.64,-526.549
-1438.0,-510.0,-126.068,3.37156e-07,86.2874,-62.5525,93.7126,69.5502,-1396.34,-590.198,-1396.34,-590.198
-1436.0,-510.0,-101.156,3.24174e-07,86.1385,-68.1986,93.8615,111.801,-1436.0,-510.0,-1400.0,-600.0
-1434.0,-510.0,-101.091,3.21761e-07,86.1095,-69.3045,93.8905,110.695,-1434.0,-510.0,-1400.0,-600.0
-1432.0,-510.0,-101.029,3.19469e-07,86.0815,-70.4269,93.9185,109.573,-1432.0,-510.0,-1400.0,-600.0
-1430.0,-510.0,-100.97,3.17301e-07,86.0547,-71.5651,93.9453,108.435,-1430.0,-510.0,-1400.0,-600.0
-1428.0,-510.0,-100.914,3.15259e-07,86.0291,-72.7185,93.9709,107.281,-1428.0,-510.0,-1400.0,-600.0
-1426.0,-510.0,-100.861,3.13346e-07,86.0048,-73.8866,93.9952,106.113,-1426.0,-510.0,-1400.0,-600.0
-1424.0,-510.0,-100.811,3.11565e-07,85.9819,-75.0686,94.0181,104.931,-1424.0,-510.0,-1400.0,-600.0
-1422.0,-510.0,-100.765,3.09917e-07,85.9605,-76.2637,94.0395,103.736,-1422.0,-510.0,-1400.0,-600.0
-1420.0,-510.0,-100.722,3.08404e-07,85.9407,-77.4712,94.0593,102.529,-1420.0,-510.0,-1400.0,-600.0
-1418.0,-510.0,-100.683,3.07029e-07,85.9225,-78.6901,94.0775,101.31,-1418.0,-510.0,-1400.0,-600.0
-1416.0,-510.0,-100.648,3.05794e-07,85.906,-79.9194,94.094,100.081,-1416.0,-510.0,-1400.0,-600.0
-1414.0,-510.0,-100.617,3.047e-07,85.8912,-81.1582,94.1088,98.8418,-1414.0,-510.0,-1400.0,-600.0
-1412.0,-510.0,-100.59,3.03748e-07,85.8784,-82.4054,94.1216,97.5946,-1412.0,-510.0,-1400.0,-600.0
-1410.0,-510.0,-100.567,3.02941e-07,85.8673,-83.6598,94.1327,96.3402,-1410.0,-510.0,-1400.0,-600.0
-1408.0,-510.0,-100.548,3.02278e-07,85.8583,-84.9204,94.1417,95.0796,-1408.0,-510.0,-1400.0,-600.0
-1406.0,-510.0,-100.533,3.01762e-07,85.8512,-86.1859,94.1488,93.8141,-1406.0,-510.0,-1400.0,-600.0
-1404.0,-510.0,-100.522,3.01393e-07,85.8461,-87.4552,94.1539,92.5448,-1404.0,-510.0,-1400.0,-600.0
-1402.0,-510.0,-100.516,3.01171e-07,85.843,-88.727,94.157,91.273,-1402.0,-510.0,-1400.0,-600.0
-1400.0,-510.0,-100.514,3.01111e-07,85.806,-90.0,94.194,90.0,-1400.0,-510.0,-1400.0,-600.0
-1398.0,-510.0,0.0,0.0,0.0,0.0,0.0,0.0,0.0,0.0,0.0,0.0
-1396.0,-510.0,0.0,0.0,0.0,0.0,0.0,0.0,0.0,0.0,0.0,0.0
-1394.0,-510.0,0.0,0.0,0.0,0.0,0.0,0.0,0.0,0.0,0.0,0.0
-1392.0,-510.0,0.0,0.0,0.0,0.0,0.0,0.0,0.0,0.0,0.0,0.0
-1390.0,-510.0,0.0,0.0,0.0,0.0,0.0,0.0,0.0,0.0,0.0,0.0
-1388.0,-510.0,0.0,0.0,0.0,0.0,0.0,0.0,0.0,0.0,0.0,0.0
-1386.0,-510.0,0.0,0.0,0.0,0.0,0.0,0.0,0.0,0.0,0.0,0.0
-1384.0,-510.0,0.0,0.0,0.0,0.0,0.0,0.0,0.0,0.0,0.0,0.0
-1382.0,-510.0,0.0,0.0,0.0,0.0,0.0,0.0,0.0,0.0,0.0,0.0
-1380.0,-510.0,0.0,0.0,0.0,0.0,0.0,0.0,0.0,0.0,0.0,0.0
-1378.0,-510.0,0.0,0.0,0.0,0.0,0.0,0.0,0.0,0.0,0.0,0.0
-1376.0,-510.0,0.0,0.0,0.0,0.0,0.0,0.0,0.0,0.0,0.0,0.0
-1374.0,-510.0,0.0,0.0,0.0,0.0,0.0,0.0,0.0,0.0,0.0,0.0
-1372.0,-510.0,0.0,0.0,0.0,0.0,0.0,0.0,0.0,0.0,0.0,0.0
-1370.0,-510.0,0.0,0.0,0.0,0.0,0.0,0.0,0.0,0.0,0.0,0.0
-1368.0,-510.0,0.0,0.0,0.0,0.0,0.0,0.0,0.0,0.0,0.0,0.0
-1366.0,-510.0,0.0,0.0,0.0,0.0,0.0,0.0,0.0,0.0,0.0,0.0
-1364.0,-510.0,0.0,0.0,0.0,0.0,0.0,0.0,0.0,0.0,0.0,0.0
-1362.0,-510.0,0.0,0.0,0.0,0.0,0.0,0.0,0.0,0.0,0.0,0.0
-1360.0,-510.0,0.0,0.0,0.0,0.0,0.0,0.0,0.0,0.0,0.0,0.0
-1358.0,-510.0,0.0,0.0,0.0,0.0,0.0,0.0,0.0,0.0,0.0,0.0
-1356.0,-510.0,0.0,0.0,0.0,0.0,0.0,0.0,0.0,0.0,0.0,0.0
-1354.0,-510.0,-175.245,1.75129e-06,89.0954,89.2442,90.9046,-43.3117,-1381.35,-617.58,-1351.52,-321.708
-1352.0,-510.0,-175.18,1.75123e-06,89.0771,89.504,90.9229,-43.3117,-1381.35,-617.58,-1350.37,-321.695
-1350.0,-510.0,-155.926,2.02912e-06,89.1876,-15.1845,90.8124,-18.6899,-1351.72,-616.332,-1177.02,-556.948
-1348.0,-510.0,-152.033,1.31512e-06,88.7219,-16.535,91.2781,-15.5937,-1342.83,-615.957,-1186.78,-557.862
-1346.0,-510.0,-152.19,1.30874e-06,88.691,-16.7312,91.309,-15.5937,-1342.83,-615.957,-1186.78,-557.862
-1344.0,-510.0,-152.346,1.30237e-06,88.6598,-16.9319,91.3402,-15.5937,-1342.83,-615.957,-1186.78,-557.862
-1342.0,-510.0,-152.5,1.296e-06,88.6283,-17.1374,91.3717,-15.5937,-1342.83,-615.957,-1186.78,-557.862
-1340.0,-510.0,-152.653,1.28964e-06,88.5965,-17.3477,91.4035,-15.5937,-1342.83,-615.957,-1186.78,-557.862
-1338.0,-510.0,-152.805,1.28329e-06,88.5644,-17.5632,91.4356,-15.5937,-1342.83,-615.957,-1186.78,-557.862
-1336.0,-510.0,-152.957,1.27695e-06,88.532,-17.7838,91.468,-15.5937,-1342.83,-615.957,-1186.78,-557.862
-1334.0,-510.0,-153.096,1.34297e-06,88.5801,-162.296,91.4199,-15.5937,-1342.83,-615.957,-1345.33,-513.616
-1332.0,-510.0,-152.869,1.34934e-06,88.5629,-162.491,91.4371,-15.5937,-1342.83,-615.957,-1345.32,-514.201
-1330.0,-510.0,-153.417,1.25797e-06,88.4328,-18.4792,91.5672,-15.5937,-1342.83,-615.957,-1186.78,-557.862
-1328.0,-510.0,-153.573,1.25167e-06,88.3991,-18.7228,91.6009,-15.5937,-1342.83,-615.957,-1186.78,-557.862
-1326.0,-510.0,-153.729,1.24537e-06,88.3651,-18.9726,91.6349,-15.5937,-1342.83,-615.957,-1186.78,-557.862
-1324.0,-510.0,-153.883,1.23908e-06,88.3308,-19.229,91.6692,-15.5937,-1342.83,-615.957,-1186.78,-557.862
-1322.0,-510.0,-154.029,1.23281e-06,88.2961,-19.4921,91.7039,-15.5937,-1342.83,-615.957,-1186.78,-557.862
-1320.0,-510.0,-154.163,1.22654e-06,88.261,-19.7622,91.739,-15.5937,-1342.83,-615.957,-1186.78,-557.862
-1318.0,-510.0,-154.282,1.22029e-06,88.2256,-20.0396,91.7744,-15.5937,-1342.83,-615.957,-1186.78,-557.862
-1316.0,-510.0,-138.046,1.37893e-06,86.8853,-137.557,91.4654,-15.5825,-1342.79,-615.955,-1339.68,-531.658
-1314.0,-510.0,-138.896,1.38389e-06,86.7926,-137.741,91.4677,-15.3957,-1342.16,-615.928,-1339.29,-532.983
-1312.0,-510.0,-139.686,1.38886e-06,86.71,-137.925,91.47,-15.2103,-1341.51,-615.901,-1338.91,-534.294
-1310.0,-510.0,-140.432,1.39384e-06,86.6359,-138.107,91.4723,-15.0262,-1340.87,-615.874,-1338.53,-535.592
-1308.0,-510.0,-141.149,1.39884e-06,86.5689,-138.288,91.4745,-14.8434,-1340.21,-615.846,-1338.15,-536.877
-1306.0,-510.0,-148.062,1.66347e-06,88.5877,-12.6189,91.4123,-14.6085,-1339.34,-615.81,-1254.83,-521.455
-1304.0,-510.0,-146.801,1.65696e-06,88.5822,-12.8159,91.4178,-14.6085,-1339.34,-615.81,-1254.83,-521.184
-1302.0,-510.0,-145.345,1.65046e-06,88.5766,-13.019,91.4234,-14.6085,-1339.34,-615.81,-1254.84,-520.905
-1300.0,-510.0,-143.626,1.64396e-06,88.571,-13.2286,91.429,-14.6085,-1339.34,-615.81,-1254.84,-520.616
-1298.0,-510.0,-141.528,1.63747e-06,88.5653,-13.4448,91.4347,-14.6085,-1339.34,-615.81,-1254.84,-520.317
-1296.0,-510.0,-138.947,1.63098e-06,88.5596,-13.6681,91.4404,-14.6085,-1339.34,-615.81,-1254.85,-520.008
-1294.0,-510.0,-135.546,1.62451e-06,88.5516,-13.8989,91.4484,-14.6085,-1339.34,-615.81,-1254.85,-519.688
-1292.0,-510.0,-131.25,1.61804e-06,88.5358,-14.1373,91.4642,-14.6085,-1339.34,-615.81,-1254.85,-519.356
-1290.0,-510.0,-130.661,1.61158e-06,88.5199,-14.384,91.4801,-14.6085,-1339.34,-615.81,-1254.86,-519.012
-1288.0,-510.0,-135.003,1.60513e-06,88.5039,-14.6392,91.4961,-14.6085,-1339.34,-615.81,-1254.86,-518.656
-1286.0,-510.0,-138.554,1.59869e-06,88.4878,-14.9034,91.5122,-14.6085,-1339.34,-615.81,-1254.87,-518.286
-1284.0,-510.0,-141.241,1.59225e-06,88.4716,-15.1771,91.5284,-14.6085,-1339.34,-615.81,-1254.87,-517.902
-1282.0,-510.0,-143.411,1.58583e-06,88.4552,-15.4608,91.5448,-14.6085,-1339.34,-615.81,-1254.88,-517.502
-1280.0,-510.0,-143.58,7.41042e-07,85.9771,-120.864,92.764,56.4004,-1393.43,-590.109,-1318.07,-573.693
-1278.0,-510.0,-140.299,7.44499e-07,85.9455,-121.308,92.7501,55.9599,-1393.32,-590.105,-1316.72,-573.658
-1276.0,-510.0,-138.443,7.48008e-07,85.8944,-121.747,92.7362,55.5239,-1393.2,-590.102,-1315.37,-573.623
-1274.0,-510.0,-137.661,7.51572e-07,85.8163,-122.184,92.7223,55.0927,-1393.09,-590.098,-1314.02,-573.587
-1272.0,-510.0,-146.553,7.05713e-07,86.3569,-123.779,93.6431,-43.396,-1381.4,-617.583,-1314.54,-573.601
-1270.0,-510.0,-145.567,7.09476e-07,86.3394,-124.422,93.6606,-43.396,-1381.4,-617.583,-1313.57,-573.576
-1268.0,-510.0,-144.807,7.13289e-07,86.3364,-125.054,93.6636,-43.396,-1381.4,-617.583,-1312.59,-573.55
-1266.0,-510.0,-158.843,1.43828e-06,88.1728,56.6764,91.8272,-43.396,-1381.4,-617.583,-1211.54,-427.164
-1264.0,-510.0,-159.926,1.43464e-06,88.1569,56.9382,91.8431,-43.396,-1381.4,-617.583,-1211.46,-429.283
-1262.0,-510.0,-154.973,7.92377e-07,86.6413,-54.0094,93.3587,-35.9954,-1376.1,-617.359,-1254.85,-519.845
-1260.0,-510.0,-157.113,7.88506e-07,86.6043,-54.5831,93.3957,-35.9954,-1376.1,-617.359,-1254.88,-517.202
-1258.0,-510.0,-160.268,7.8469e-07,86.5671,-55.1651,93.4329,-35.9954,-1376.1,-617.359,-1254.91,-514.442
-1256.0,-510.0,-159.803,7.8093e-07,86.5299,-55.7555,93.4701,-35.9954,-1376.1,-617.359,-1254.94,-511.557
-1254.0,-510.0,0.0,0.0,0.0,0.0,0.0,0.0,0.0,0.0,0.0,0.0
-1252.0,-510.0,0.0,0.0,0.0,0.0,0.0,0.0,0.0,0.0,0.0,0.0
-1250.0,-510.0,0.0,0.0,0.0,0.0,0.0,0.0,0.0,0.0,0.0,0.0
-1248.0,-510.0,0.0,0.0,0.0,0.0,0.0,0.0,0.0,0.0,0.0,0.0
-1246.0,-510.0,0.0,0.0,0.0,0.0,0.0,0.0,0.0,0.0,0.0,0.0
-1244.0,-510.0,0.0,0.0,0.0,0.0,0.0,0.0,0.0,0.0,0.0,0.0
-1242.0,-510.0,0.0,0.0,0.0,0.0,0.0,0.0,0.0,0.0,0.0,0.0
-1240.0,-510.0,0.0,0.0,0.0,0.0,0.0,0.0,0.0,0.0,0.0,0.0
-1238.0,-510.0,0.0,0.0,0.0,0.0,0.0,0.0,0.0,0.0,0.0,0.0
-1236.0,-510.0,0.0,0.0,0.0,0.0,0.0,0.0,0.0,0.0,0.0,0.0
-1234.0,-510.0,0.0,0.0,0.0,0.0,0.0,0.0,0.0,0.0,0.0,0.0
-1232.0,-510.0,0.0,0.0,0.0,0.0,0.0,0.0,0.0,0.0,0.0,0.0
-1230.0,-510.0,0.0,0.0,0.0,0.0,0.0,0.0,0.0,0.0,0.0,0.0
-1228.0,-510.0,0.0,0.0,0.0,0.0,0.0,0.0,0.0,0.0,0.0,0.0
-1226.0,-510.0,0.0,0.0,0.0,0.0,0.0,0.0,0.0,0.0,0.0,0.0
-1224.0,-510.0,0.0,0.0,0.0,0.0,0.0,0.0,0.0,0.0,0.0,0.0
-1222.0,-510.0,0.0,0.0,0.0,0.0,0.0,0.0,0.0,0.0,0.0,0.0
-1220.0,-510.0,0.0,0.0,0.0,0.0,0.0,0.0,0.0,0.0,0.0,0.0
-1218.0,-510.0,0.0,0.0,0.0,0.0,0.0,0.0,0.0,0.0,0.0,0.0
-1216.0,-510.0,0.0,0.0,0.0,0.0,0.0,0.0,0.0,0.0,0.0,0.0
-1214.0,-510.0,0.0,0.0,0.0,0.0,0.0,0.0,0.0,0.0,0.0,0.0
-1212.0,-510.0,0.0,0.0,0.0,0.0,0.0,0.0,0.0,0.0,0.0,0.0
-1210.0,-510.0,0.0,0.0,0.0,0.0,0.0,0.0,0.0,0.0,0.0,0.0
-1208.0,-510.0,0.0,0.0,0.0,0.0,0.0,0.0,0.0,0.0,0.0,0.0
-1206.0,-510.0,0.0,0.0,0.0,0.0,0.0,0.0,0.0,0.0,0.0,0.0
-1204.0,-510.0,0.0,0.0,0.0,0.0,0.0,0.0,0.0,0.0,0.0,0.0
-1202.0,-510.0,0.0,0.0,0.0,0.0,0.0,0.0,0.0,0.0,0.0,0.0
-1600.0,-508.0,-154.122,2.14378e-06,89.6277,-4.30998,90.3723,-15.3614,-1342.04,-615.923,-1399.57,-523.105
-1598.0,-508.0,-154.015,2.13713e-06,89.6114,-4.35326,90.3886,-15.3614,-1342.04,-615.923,-1399.57,-523.105
-1596.0,-508.0,-153.906,2.13048e-06,89.595,-4.39741,90.405,-15.3614,-1342.04,-615.923,-1399.57,-523.105
-1594.0,-508.0,-153.794,2.12383e-06,89.5786,-4.44246,90.4214,-15.3614,-1342.04,-615.923,-1399.57,-523.105
-1592.0,-508.0,-153.68,2.11718e-06,89.562,-4.48845,90.438,-15.3614,-1342.04,-615.923,-1399.57,-523.105
-1590.0,-508.0,-145.654,1.22865e-06,89.2189,-50.8716,90.7811,132.426,-1425.55,-572.049,-1579.09,-521.408
-1588.0,-508.0,-146.711,1.22448e-06,89.1899,-51.5192,90.8101,132.426,-1425.55,-572.049,-1577.31,-521.444
-1586.0,-508.0,-147.598,1.15365e-06,89.1122,45.6116,90.8878,134.012,-1425.51,-573.595,-1510.35,-430.716
-1584.0,-508.0,-144.388,1.14901e-06,89.0747,46.0775,90.9253,134.012,-1425.51,-573.595,-1509.56,-430.702
-1582.0,-508.0,-139.874,1.14442e-06,89.0286,46.5509,90.9714,134.012,-1425.51,-573.595,-1508.76,-430.688
-1580.0,-508.0,-132.673,1.13986e-06,88.9823,47.0317,91.0177,134.012,-1425.51,-573.595,-1507.97,-430.674
-1578.0,-508.0,-124.493,1.13535e-06,88.9355,47.3723,91.0645,133.862,-1425.51,-573.453,-1506.81,-430.653
-1576.0,-508.0,-127.112,1.13086e-06,88.8885,47.6211,91.1115,133.613,-1425.52,-573.215,-1505.4,-430.629
-1574.0,-508.0,-129.343,1.12639e-06,88.8411,47.8719,91.1589,133.362,-1425.52,-572.973,-1504.0,-430.604
-1572.0,-508.0,-130.066,1.12194e-06,88.7933,48.1247,91.2067,133.109,-1425.53,-572.727,-1502.59,-430.579
-1570.0,-508.0,-128.913,1.11752e-06,88.7452,48.3796,91.2548,132.854,-1425.54,-572.476,-1501.19,-430.554
-1568.0,-508.0,-126.528,1.11311e-06,88.7067,48.6364,91.2933,132.597,-1425.54,-572.221,-1499.79,-430.529
-1566.0,-508.0,-136.03,1.10872e-06,88.687,49.0913,91.313,132.426,-1425.55,-572.049,-1498.86,-430.513
-1564.0,-508.0,-147.821,1.1044e-06,88.6673,49.9469,91.3327,132.426,-1425.55,-572.049,-1498.86,-430.513
-1562.0,-508.0,-148.388,1.12423e-06,88.6764,49.1003,91.3236,130.064,-1425.6,-569.555,-1490.61,-425.583
-1560.0,-508.0,-145.852,1.11989e-06,88.6895,49.9043,91.3105,130.064,-1425.6,-569.555,-1490.61,-425.583
-1558.0,-508.0,-142.047,1.11561e-06,88.7279,50.7277,91.2721,130.064,-1425.6,-569.555,-1490.61,-425.583
-1556.0,-508.0,-135.18,1.11141e-06,88.7666,51.5709,91.2334,130.064,-1425.6,-569.555,-1490.61,-425.583
-1554.0,-508.0,-129.951,1.10728e-06,88.8058,52.4343,91.1942,130.064,-1425.6,-569.555,-1490.61,-425.583
-1552.0,-508.0,-129.123,1.99078e-06,89.341,15.5921,90.659,-15.3614,-1342.04,-615.923,-1528.66,-501.487
-1550.0,-508.0,-132.858,1.98435e-06,89.3389,15.7932,90.6611,-15.3614,-1342.04,-615.923,-1526.58,-501.377
-1548.0,-508.0,-136.347,1.97794e-06,89.3367,15.9994,90.6633,-15.3614,-1342.04,-615.923,-1524.52,-501.267
-1546.0,-508.0,-139.179,1.97153e-06,89.3346,16.2108,90.6654,-15.3614,-1342.04,-615.923,-1522.47,-501.158
-1544.0,-508.0,-141.354,1.96512e-06,89.3324,16.4278,90.6676,-15.3614,-1342.04,-615.923,-1520.43,-501.049
-1542.0,-508.0,-143.115,1.95872e-06,89.3302,16.6506,90.6698,-15.3614,-1342.04,-615.923,-1518.4,-500.942
-1540.0,-508.0,-144.575,1.95233e-06,89.328,16.8792,90.672,-15.3614,-1342.04,-615.923,-1516.39,-500.835
-1538.0,-508.0,-159.06,8.08294e-07,88.3767,21.1298,91.6233,117.862,-1429.33,-544.506,-1519.95,-501.024
-1536.0,-508.0,-146.932,1.93958e-06,89.3356,17.3553,90.6644,-15.3614,-1342.04,-615.923,-1512.39,-500.623
-1534.0,-508.0,-147.928,1.9332e-06,89.3501,17.6033,90.6499,-15.3614,-1342.04,-615.923,-1510.42,-500.517
-1532.0,-508.0,-148.133,1.91792e-06,89.3618,-6.50734,90.6382,-15.3614,-1342.04,-615.923,-1399.57,-523.105
-1530.0,-508.0,-147.806,1.91129e-06,89.3764,-6.60625,90.6236,-15.3614,-1342.04,-615.923,-1399.57,-523.105
-1528.0,-508.0,-147.459,1.90466e-06,89.3833,-6.7082,90.6167,-15.3614,-1342.04,-615.923,-1399.57,-523.105
-1526.0,-508.0,-147.091,1.89803e-06,89.3896,-6.81333,90.6104,-15.3614,-1342.04,-615.923,-1399.57,-523.105
-1524.0,-508.0,-146.698,1.8914e-06,89.396,-6.92179,90.604,-15.3614,-1342.04,-615.923,-1399.57,-523.105
-1522.0,-508.0,-146.278,1.88477e-06,89.4024,-7.03375,90.5976,-15.3614,-1342.04,-615.923,-1399.57,-523.105
-1520.0,-508.0,-145.827,1.87815e-06,89.4089,-7.14936,90.5911,-15.3614,-1342.04,-615.923,-1399.57,-523.105
-1518.0,-508.0,-145.341,1.87152e-06,89.4155,-7.26882,90.5845,-15.3614,-1342.04,-615.923,-1399.57,-523.105
-1516.0,-508.0,-144.815,1.8649e-06,89.422,-7.39232,90.578,-15.3614,-1342.04,-615.923,-1399.57,-523.105
-1514.0,-508.0,-144.241,1.85828e-06,89.4287,-7.52006,90.5713,-15.3614,-1342.04,-615.923,-1399.57,-523.105
-1512.0,-508.0,-143.611,1.85167e-06,89.4277,-7.65226,90.5723,-15.3614,-1342.04,-615.923,-1399.57,-523.105
-1510.0,-508.0,-142.915,1.84505e-06,89.4257,-7.78917,90.5743,-15.3614,-1342.04,-615.923,-1399.57,-523.105
-1508.0,-508.0,-142.139,1.83844e-06,89.4236,-7.93104,90.5764,-15.3614,-1342.04,-615.923,-1399.57,-523.105
-1506.0,-508.0,-141.265,1.83184e-06,89.4215,-8.07813,90.5785,-15.3614,-1342.04,-615.923,-1399.57,-523.105
-1504.0,-508.0,-140.268,1.82523e-06,89.4194,-8.23075,90.5806,-15.3614,-1342.04,-615.923,-1399.57,-523.105
-1502.0,-508.0,-139.114,1.81863e-06,89.4173,-8.3892,90.5827,-15.3614,-1342.04,-615.923,-1399.57,-523.105
-1500.0,-508.0,-137.505,1.81202e-06,89.4152,-9.04517,90.5848,-15.5937,-1342.83,-615.957,-1186.78,-557.862
-1498.0,-508.0,-136.133,1.80543e-06,89.413,-8.72498,90.587,-15.3614,-1342.04,-615.923,-1399.57,-523.105
-1496.0,-508.0,-134.168,1.79884e-06,89.4036,-8.90308,90.5964,-15.3614,-1342.04,-615.923,-1399.57,-523.105
-1494.0,-508.0,-131.698,1.79225e-06,89.3924,-9.08854,90.6076,-15.3614,-1342.04,-615.923,-1399.57,-523.105
-1492.0,-508.0,-128.726,1.78567e-06,89.3811,-9.28182,90.6189,-15.3614,-1342.04,-615.923,-1399.57,-523.105
-1490.0,-508.0,-118.48,1.77908e-06,89.37,-9.51363,90.63,-15.3551,-1342.02,-615.922,-1186.69,-558.83
-1488.0,-508.0,-127.633,1.7725e-06,89.3677,-9.69389,90.6323,-15.3614,-1342.04,-615.923,-1399.57,-523.105
-1486.0,-508.0,-131.11,1.76593e-06,89.3653,-9.91381,90.6347,-15.3614,-1342.04,-615.923,-1399.57,-523.105
-1484.0,-508.0,-134.117,1.75936e-06,89.3629,-10.1438,90.6371,-15.3614,-1342.04,-615.923,-1399.57,-523.105
-1482.0,-508.0,-136.594,1.75279e-06,89.3606,-10.3847,90.6394,-15.3614,-1342.04,-615.923,-1399.57,-523.105
-1480.0,-508.0,-138.67,1.74623e-06,89.3582,-10.6371,90.6418,-15.3614,-1342.04,-615.923,-1399.57,-523.105
-1478.0,-508.0,-140.446,1.73968e-06,89.3557,-10.9019,90.6443,-15.3614,-1342.04,-615.923,-1399.57,-523.105
-1476.0,-508.0,-141.993,1.73313e-06,89.3533,-11.1801,90.6467,-15.3614,-1342.04,-615.923,-1399.57,-523.105
-1474.0,-508.0,-143.368,1.72658e-06,89.3508,-11.4727,90.6492,-15.3614,-1342.04,-615.923,-1399.57,-523.105
-1472.0,-508.0,-120.806,1.08376e-06,88.9658,82.3832,91.0342,104.017,-1443.85,-424.337,-1470.72,-498.407
-1470.0,-508.0,-117.064,1.02589e-06,88.9074,-74.5648,91.0926,77.7355,-1396.53,-584.047,-1464.75,-527.03
-1468.0,-508.0,-116.531,1.01824e-06,88.8992,-76.3671,91.1008,103.948,-1443.63,-424.331,-1463.39,-526.997
-1466.0,-508.0,-116.889,1.01668e-06,88.8946,-76.7327,91.1054,103.582,-1442.45,-424.3,-1461.53,-526.953
-1464.0,-508.0,-117.298,1.01518e-06,88.8771,-77.0994,91.1229,103.216,-1441.27,-424.269,-1459.67,-526.908
-1462.0,-508.0,-117.764,1.01372e-06,88.8595,-77.4671,91.1405,102.848,-1440.09,-424.237,-1457.81,-526.864
-1460.0,-508.0,-112.569,8.88671e-07,88.6808,79.0483,91.3192,104.004,-1443.81,-424.336,-1443.81,-424.336
-1458.0,-508.0,-112.761,8.87434e-07,88.6608,79.4714,91.3392,103.581,-1442.44,-424.3,-1442.44,-424.3
-1456.0,-508.0,-112.987,8.86246e-07,88.6408,79.8957,91.3592,103.156,-1441.08,-424.264,-1441.08,-424.264
-1454.0,-508.0,-113.25,8.85107e-07,88.6208,80.3211,91.3792,102.731,-1439.71,-424.227,-1439.71,-424.227
-1452.0,-508.0,-113.554,8.84016e-07,88.6008,80.7476,91.3992,102.305,-1438.35,-424.191,-1438.35,-424.191
-1450.0,-508.0,-113.903,8.82974e-07,88.5832,81.1752,91.4168,101.877,-1436.98,-424.154,-1436.98,-424.154
-1448.0,-508.0,-114.302,8.81976e-07,88.5816,81.6037,91.4184,101.448,-1435.62,-424.118,-1435.62,-424.118
-1446.0,-508.0,-114.752,8.81026e-07,88.5801,82.0332,91.4199,101.019,-1434.26,-424.082,-1434.26,-424.082
-1444.0,-508.0,-115.254,8.80126e-07,88.5786,82.4636,91.4214,100.589,-1432.89,-424.045,-1432.89,-424.045
-1442.0,-508.0,-115.809,8.79276e-07,88.5772,82.8948,91.4228,100.157,-1431.53,-424.009,-1431.53,-424.009
-1440.0,-508.0,-116.302,1.02496e-06,88.7795,-105.571,91.2205,105.276,-1447.95,-424.447,-1445.17,-526.562
-1438.0,-508.0,-121.902,3.32895e-07,86.2398,-65.6739,93.7602,111.97,-1429.78,-526.194,-1429.78,-526.194
-1436.0,-508.0,-101.321,3.30366e-07,86.2109,-68.6294,93.7891,111.371,-1436.0,-508.0,-1400.0,-600.0
-1434.0,-508.0,-101.258,3.27998e-07,86.1836,-69.7174,93.8164,110.283,-1434.0,-508.0,-1400.0,-600.0
-1432.0,-508.0,-101.198,3.2575e-07,86.1572,-70.821,93.8428,109.179,-1432.0,-508.0,-1400.0,-600.0
-1430.0,-508.0,-101.141,3.23624e-07,86.1319,-71.9395,93.8681,108.06,-1430.0,-508.0,-1400.0,-600.0
-1428.0,-508.0,-101.087,3.21623e-07,86.1078,-73.0725,93.8922,106.928,-1428.0,-508.0,-1400.0,-600.0
-1426.0,-508.0,-101.037,3.19748e-07,86.0849,-74.2192,93.9151,105.781,-1426.0,-508.0,-1400.0,-600.0
-1424.0,-508.0,-100.989,3.18002e-07,86.0634,-75.3791,93.9366,104.621,-1424.0,-508.0,-1400.0,-600.0
-1422.0,-508.0,-100.945,3.16387e-07,86.0433,-76.5514,93.9567,103.449,-1422.0,-508.0,-1400.0,-600.0
-1420.0,-508.0,-100.904,3.14906e-07,86.0246,-77.7352,93.9754,102.265,-1420.0,-508.0,-1400.0,-600.0
-1418.0,-508.0,-100.867,3.1356e-07,86.0075,-78.9298,93.9925,101.07,-1418.0,-508.0,-1400.0,-600.0
-1416.0,-508.0,-100.833,3.1235e-07,85.9921,-80.1342,94.0079,99.8658,-1416.0,-508.0,-1400.0,-600.0
-1414.0,-508.0,-100.803,3.11279e-07,85.9782,-81.3475,94.0218,98.6525,-1414.0,-508.0,-1400.0,-600.0
-1412.0,-508.0,-100.777,3.10347e-07,85.9661,-82.5686,94.0339,97.4314,-1412.0,-508.0,-1400.0,-600.0
-1410.0,-508.0,-100.755,3.09557e-07,85.9558,-83.7966,94.0442,96.2034,-1410.0,-508.0,-1400.0,-600.0
-1408.0,-508.0,-100.737,3.08909e-07,85.9473,-85.0303,94.0527,94.9697,-1408.0,-508.0,-1400.0,-600.0
-1406.0,-508.0,-100.722,3.08404e-07,85.9407,-86.2686,94.0593,93.7314,-1406.0,-508.0,-1400.0,-600.0
-1404.0,-508.0,-100.712,3.08043e-07,85.9359,-87.5104,94.0641,92.4896,-1404.0,-508.0,-1400.0,-600.0
-1402.0,-508.0,-100.706,3.07835e-07,85.9101,-88.7546,94.0899,91.2454,-1402.0,-508.0,-1400.0,-600.0
-1400.0,-508.0,-100.705,3.07783e-07,85.8568,-90.0,94.1432,90.0,-1400.0,-508.0,-1400.0,-600.0
-1398.0,-508.0,-139.79,4.18726e-07,86.9172,-119.386,93.0828,117.862,-1429.33,-544.506,-1398.43,-508.759
-1396.0,-508.0,-139.948,5.19529e-07,87.4847,110.83,92.5153,-103.963,-1404.61,-618.561,-1399.06,-499.946
-1394.0,-508.0,-141.942,4.21552e-07,86.8612,123.985,93.1388,117.862,-1429.33,-544.506,-1399.43,-499.947
-1392.0,-508.0,-140.562,4.25363e-07,86.8513,125.457,93.1487,117.862,-1429.33,-544.506,-1397.74,-499.945
-1390.0,-508.0,-142.536,4.33081e-07,86.8702,-125.373,93.1298,117.862,-1429.33,-544.506,-1390.5,-508.704
-1388.0,-508.0,-144.098,4.37019e-07,86.8614,-126.747,93.1386,117.862,-1429.33,-544.506,-1388.52,-508.69
-1386.0,-508.0,-148.96,4.41083e-07,86.8537,-128.074,93.1463,117.862,-1429.33,-544.506,-1386.53,-508.676
-1384.0,-508.0,-158.16,4.57093e-07,86.9287,143.236,93.0713,111.97,-1429.78,-526.194,-1394.79,-499.942
-1382.0,-508.0,-159.478,4.62487e-07,86.9296,144.402,93.0704,111.97,-1429.78,-526.194,-1393.26,-499.94
-1380.0,-508.0,-161.955,4.70394e-07,86.9469,-143.745,93.0531,111.97,-1429.78,-526.194,-1380.87,-508.637
-1378.0,-508.0,-169.389,4.75811e-07,86.9679,-144.824,93.0321,111.97,-1429.78,-526.194,-1378.88,-508.624
-1376.0,-508.0,-170.374,5.17092e-07,87.2101,144.353,92.7899,116.153,-1429.44,-540.041,-1387.25,-499.934
-1374.0,-508.0,-164.828,4.86839e-07,87.0366,-146.821,92.9634,111.97,-1429.78,-526.194,-1374.91,-508.596
-1372.0,-508.0,-162.989,4.92447e-07,87.0704,-147.746,92.9296,111.97,-1429.78,-526.194,-1372.92,-508.583
-1370.0,-508.0,-162.653,4.98122e-07,87.0778,-148.626,92.9222,111.97,-1429.78,-526.194,-1370.93,-508.569
-1368.0,-508.0,-179.921,4.87209e-07,86.9791,-167.504,93.0209,96.8954,-1412.1,-499.96,-1370.55,-508.566
-1366.0,-508.0,-179.873,4.93737e-07,86.9864,-168.032,93.0136,96.8954,-1412.1,-499.96,-1368.61,-508.553
-1364.0,-508.0,-179.592,5.00277e-07,86.9935,-168.517,93.0065,96.8954,-1412.1,-499.96,-1366.65,-508.539
-1362.0,-508.0,-179.449,5.06828e-07,87.0005,-168.965,92.9995,96.8954,-1412.1,-499.96,-1364.7,-508.526
-1360.0,-508.0,-194.735,4.49133e-07,86.5788,156.969,93.4212,89.7952,-1399.67,-508.767,-1378.99,-499.926
-1358.0,-508.0,-191.578,1.11184e-06,88.6041,-5.03324,91.3959,129.985,-1425.61,-569.467,-1254.88,-517.082
-1356.0,-508.0,-152.193,1.34256e-06,88.832,-16.4183,91.168,-15.5937,-1342.83,-615.957,-1186.78,-557.862
-1354.0,-508.0,-152.344,1.33617e-06,88.8053,-16.6039,91.1947,-15.5937,-1342.83,-615.957,-1186.78,-557.862
-1352.0,-508.0,-152.494,1.3298e-06,88.7753,-16.7936,91.2247,-15.5937,-1342.83,-615.957,-1186.78,-557.862
-1350.0,-508.0,-152.643,1.32342e-06,88.745,-16.9876,91.255,-15.5937,-1342.83,-615.957,-1186.78,-557.862
-1348.0,-508.0,-152.79,1.31706e-06,88.7144,-17.186,91.2856,-15.5937,-1342.83,-615.957,-1186.78,-557.862
-1346.0,-508.0,-152.936,1.3107e-06,88.6836,-17.389,91.3164,-15.5937,-1342.83,-615.957,-1186.78,-557.862
-1344.0,-508.0,-153.082,1.30435e-06,88.6524,-17.5966,91.3476,-15.5937,-1342.83,-615.957,-1186.78,-557.862
-1342.0,-508.0,-153.227,1.29801e-06,88.6209,-17.8091,91.3791,-15.5937,-1342.83,-615.957,-1186.78,-557.862
-1340.0,-508.0,-153.372,1.29167e-06,88.5892,-18.0266,91.4108,-15.5937,-1342.83,-615.957,-1186.78,-557.862
-1338.0,-508.0,-153.519,1.28535e-06,88.5571,-18.2493,91.4429,-15.5937,-1342.83,-615.957,-1186.78,-557.862
-1336.0,-508.0,-153.667,1.27903e-06,88.5247,-18.4774,91.4753,-15.5937,-1342.83,-615.957,-1186.78,-557.862
-1334.0,-508.0,-153.816,1.27272e-06,88.492,-18.7111,91.508,-15.5937,-1342.83,-615.957,-1186.78,-557.862
-1332.0,-508.0,-153.801,1.35138e-06,88.5559,-161.881,91.4441,-15.5937,-1342.83,-615.957,-1345.35,-512.368
-1330.0,-508.0,-154.113,1.26013e-06,88.4257,-19.1959,91.5743,-15.5937,-1342.83,-615.957,-1186.78,-557.862
-1328.0,-508.0,-154.255,1.25386e-06,88.3921,-19.4475,91.6079,-15.5937,-1342.83,-615.957,-1186.78,-557.862
-1326.0,-508.0,-154.385,1.24759e-06,88.3581,-19.7055,91.6419,-15.5937,-1342.83,-615.957,-1186.78,-557.862
-1324.0,-508.0,-154.502,1.24133e-06,88.3238,-19.9701,91.6762,-15.5937,-1342.83,-615.957,-1186.78,-557.862
-1322.0,-508.0,-154.607,1.23508e-06,88.2892,-20.2417,91.7108,-15.5937,-1342.83,-615.957,-1186.78,-557.862
-1320.0,-508.0,-154.705,1.22884e-06,88.2542,-20.5204,91.7458,-15.5937,-1342.83,-615.957,-1186.78,-557.862
-1318.0,-508.0,-154.801,1.22262e-06,88.2189,-20.8066,91.7811,-15.5937,-1342.83,-615.957,-1186.78,-557.862
-1316.0,-508.0,-149.021,1.69742e-06,88.6982,-12.5231,91.3018,-14.6085,-1339.34,-615.81,-1254.83,-521.587
-1314.0,-508.0,-147.917,1.69092e-06,88.6741,-12.704,91.3259,-14.6085,-1339.34,-615.81,-1254.83,-521.338
-1312.0,-508.0,-139.83,1.39334e-06,86.6713,-137.719,91.4675,-15.414,-1342.22,-615.931,-1339.33,-532.854
-1310.0,-508.0,-140.524,1.39831e-06,86.6007,-137.902,91.4698,-15.2298,-1341.58,-615.904,-1338.95,-534.157
-1308.0,-508.0,-141.125,1.40329e-06,86.5514,-138.084,91.472,-15.0469,-1340.94,-615.877,-1338.57,-535.447
-1306.0,-508.0,-140.754,1.40826e-06,86.7157,-138.27,91.4742,-14.8658,-1340.29,-615.85,-1338.2,-536.719
-1304.0,-508.0,-138.973,1.65848e-06,88.591,-13.6919,91.409,-14.6085,-1339.34,-615.81,-1254.85,-519.975
-1302.0,-508.0,-135.7,1.65201e-06,88.5854,-13.9079,91.4146,-14.6085,-1339.34,-615.81,-1254.85,-519.675
-1300.0,-508.0,-131.6,1.64553e-06,88.5799,-14.1306,91.4201,-14.6085,-1339.34,-615.81,-1254.85,-519.365
-1298.0,-508.0,-130.416,1.63907e-06,88.5743,-14.3604,91.4257,-14.6085,-1339.34,-615.81,-1254.86,-519.045
-1296.0,-508.0,-134.673,1.63261e-06,88.5686,-14.5977,91.4314,-14.6085,-1339.34,-615.81,-1254.86,-518.714
-1294.0,-508.0,-138.155,1.62615e-06,88.5629,-14.8427,91.4371,-14.6085,-1339.34,-615.81,-1254.87,-518.371
-1292.0,-508.0,-140.872,1.61971e-06,88.5526,-15.0959,91.4474,-14.6085,-1339.34,-615.81,-1254.87,-518.016
-1290.0,-508.0,-143.051,1.61328e-06,88.5368,-15.3577,91.4632,-14.6085,-1339.34,-615.81,-1254.87,-517.648
-1288.0,-508.0,-144.84,1.60686e-06,88.5209,-15.6285,91.4791,-14.6085,-1339.34,-615.81,-1254.88,-517.266
-1286.0,-508.0,-146.354,1.60045e-06,88.5049,-15.9088,91.4951,-14.6085,-1339.34,-615.81,-1254.88,-516.869
-1284.0,-508.0,-147.672,1.59405e-06,88.4888,-16.199,91.5112,-14.6085,-1339.34,-615.81,-1254.89,-516.458
-1282.0,-508.0,-148.85,1.58765e-06,88.4725,-16.4998,91.5275,-14.6085,-1339.34,-615.81,-1254.89,-516.03
-1280.0,-508.0,-149.925,1.58127e-06,88.4562,-16.8115,91.5438,-14.6085,-1339.34,-615.81,-1254.9,-515.585
-1278.0,-508.0,-141.454,7.50165e-07,86.1003,-121.038,92.7584,56.2217,-1393.38,-590.107,-1317.52,-573.679
-1276.0,-508.0,-138.86,7.53647e-07,86.0497,-121.475,92.7446,55.7877,-1393.27,-590.104,-1316.19,-573.644
-1274.0,-508.0,-137.586,7.57184e-07,85.9726,-121.91,92.7309,55.3584,-1393.16,-590.101,-1314.85,-573.609
-1272.0,-508.0,-147.46,7.11235e-07,86.4201,-123.351,93.5799,-43.396,-1381.4,-617.583,-1315.19,-573.618
-1270.0,-508.0,-146.327,7.14963e-07,86.3936,-123.989,93.6064,-43.396,-1381.4,-617.583,-1314.23,-573.593
-1268.0,-508.0,-145.424,7.18741e-07,86.3814,-124.619,93.6186,-43.396,-1381.4,-617.583,-1313.26,-573.568
-1266.0,-508.0,-144.75,7.22572e-07,86.3783,-125.238,93.6217,-43.396,-1381.4,-617.583,-1312.3,-573.543
-1264.0,-508.0,-154.725,8.01656e-07,86.7158,-53.8561,93.2842,-35.9954,-1376.1,-617.359,-1254.84,-520.539
-1262.0,-508.0,-156.447,7.97769e-07,86.6795,-54.419,93.3205,-35.9954,-1376.1,-617.359,-1254.87,-517.966
-1260.0,-508.0,-159.51,7.93936e-07,86.6431,-54.9899,93.3569,-35.9954,-1376.1,-617.359,-1254.9,-515.282
-1258.0,-508.0,-160.549,7.90158e-07,86.6066,-55.5689,93.3934,-35.9954,-1376.1,-617.359,-1254.93,-512.478
-1256.0,-508.0,-158.724,7.86436e-07,86.57,-56.1561,93.43,-35.9954,-1376.1,-617.359,-1254.96,-509.548
-1254.0,-508.0,0.0,0.0,0.0,0.0,0.0,0.0,0.0,0.0,0.0,0.0
-1252.0,-508.0,0.0,0.0,0.0,0.0,0.0,0.0,0.0,0.0,0.0,0.0
-1250.0,-508.0,0.0,0.0,0.0,0.0,0.0,0.0,0.0,0.0,0.0,0.0
-1248.0,-508.0,0.0,0.0,0.0,0.0,0.0,0.0,0.0,0.0,0.0,0.0
-1246.0,-508.0,0.0,0.0,0.0,0.0,0.0,0.0,0.0,0.0,0.0,0.0
-1244.0,-508.0,0.0,0.0,0.0,0.0,0.0,0.0,0.0,0.0,0.0,0.0
-1242.0,-508.0,0.0,0.0,0.0,0.0,0.0,0.0,0.0,0.0,0.0,0.0
-1240.0,-508.0,0.0,0.0,0.0,0.0,0.0,0.0,0.0,0.0,0.0,0.0
-1238.0,-508.0,0.0,0.0,0.0,0.0,0.0,0.0,0.0,0.0,0.0,0.0
-1236.0,-508.0,0.0,0.0,0.0,0.0,0.0,0.0,0.0,0.0,0.0,0.0
-1234.0,-508.0,0.0,0.0,0.0,0.0,0.0,0.0,0.0,0.0,0.0,0.0
-1232.0,-508.0,0.0,0.0,0.0,0.0,0.0,0.0,0.0,0.0,0.0,0.0
-1230.0,-508.0,0.0,0.0,0.0,0.0,0.0,0.0,0.0,0.0,0.0,0.0
-1228.0,-508.0,0.0,0.0,0.0,0.0,0.0,0.0,0.0,0.0,0.0,0.0
-1226.0,-508.0,0.0,0.0,0.0,0.0,0.0,0.0,0.0,0.0,0.0,0.0
-1224.0,-508.0,0.0,0.0,0.0,0.0,0.0,0.0,0.0,0.0,0.0,0.0
-1222.0,-508.0,0.0,0.0,0.0,0.0,0.0,0.0,0.0,0.0,0.0,0.0
-1220.0,-508.0,0.0,0.0,0.0,0.0,0.0,0.0,0.0,0.0,0.0,0.0
-1218.0,-508.0,0.0,0.0,0.0,0.0,0.0,0.0,0.0,0.0,0.0,0.0
-1216.0,-508.0,0.0,0.0,0.0,0.0,0.0,0.0,0.0,0.0,0.0,0.0
-1214.0,-508.0,0.0,0.0,0.0,0.0,0.0,0.0,0.0,0.0,0.0,0.0
-1212.0,-508.0,0.0,0.0,0.0,0.0,0.0,0.0,0.0,0.0,0.0,0.0
-1210.0,-508.0,0.0,0.0,0.0,0.0,0.0,0.0,0.0,0.0,0.0,0.0
-1208.0,-508.0,0.0,0.0,0.0,0.0,0.0,0.0,0.0,0.0,0.0,0.0
-1206.0,-508.0,0.0,0.0,0.0,0.0,0.0,0.0,0.0,0.0,0.0,0.0
-1204.0,-508.0,0.0,0.0,0.0,0.0,0.0,0.0,0.0,0.0,0.0,0.0
-1202.0,-508.0,0.0,0.0,0.0,0.0,0.0,0.0,0.0,0.0,0.0,0.0
-1600.0,-506.0,-153.412,2.14432e-06,89.5932,-4.87805,90.4068,-15.3614,-1342.04,-615.923,-1399.57,-523.105
-1598.0,-506.0,-153.287,2.13768e-06,89.5768,-4.92698,90.4232,-15.3614,-1342.04,-615.923,-1399.57,-523.105
-1596.0,-506.0,-153.16,2.13103e-06,89.5603,-4.97689,90.4397,-15.3614,-1342.04,-615.923,-1399.57,-523.105
-1594.0,-506.0,-153.029,2.12439e-06,89.5438,-5.02783,90.4562,-15.3614,-1342.04,-615.923,-1399.57,-523.105
-1592.0,-506.0,-152.894,2.11775e-06,89.5271,-5.07981,90.4729,-15.3614,-1342.04,-615.923,-1399.57,-523.105
-1590.0,-506.0,-152.757,2.1111e-06,89.5103,-5.13288,90.4897,-15.3614,-1342.04,-615.923,-1399.57,-523.105
-1588.0,-506.0,-152.485,1.15364e-06,89.0758,44.6968,90.9242,134.012,-1425.51,-573.595,-1511.94,-430.744
-1586.0,-506.0,-150.086,1.14892e-06,89.0439,45.1554,90.9561,134.012,-1425.51,-573.595,-1511.14,-430.73
-1584.0,-506.0,-147.449,1.14425e-06,89.006,45.6215,90.994,134.012,-1425.51,-573.595,-1510.33,-430.716
-1582.0,-506.0,-144.161,1.13961e-06,88.9594,46.0952,91.0406,134.012,-1425.51,-573.595,-1509.53,-430.702
-1580.0,-506.0,-139.495,1.13502e-06,88.9126,46.5764,91.0874,134.012,-1425.51,-573.595,-1508.72,-430.687
-1578.0,-506.0,-131.988,1.13047e-06,88.8653,47.0655,91.1347,134.012,-1425.51,-573.595,-1507.92,-430.673
-1576.0,-506.0,-124.645,1.12596e-06,88.8178,47.3922,91.1822,133.842,-1425.51,-573.434,-1506.69,-430.651
-1574.0,-506.0,-127.294,1.12147e-06,88.7698,47.6432,91.2302,133.591,-1425.52,-573.194,-1505.28,-430.626
-1572.0,-506.0,-129.434,1.11701e-06,88.7215,47.8962,91.2785,133.338,-1425.52,-572.95,-1503.86,-430.601
-1570.0,-506.0,-129.956,1.11256e-06,88.6761,48.1512,91.3239,133.083,-1425.53,-572.701,-1502.45,-430.576
-1568.0,-506.0,-128.598,1.10813e-06,88.6563,48.4083,91.3437,132.825,-1425.54,-572.448,-1501.03,-430.551
-1566.0,-506.0,-126.133,1.10372e-06,88.6363,48.6675,91.3637,132.566,-1425.54,-572.19,-1499.62,-430.526
-1564.0,-506.0,-137.819,1.09934e-06,88.6161,49.2073,91.3839,132.426,-1425.55,-572.049,-1498.86,-430.513
-1562.0,-506.0,-149.312,1.09503e-06,88.5959,50.0889,91.4041,132.426,-1425.55,-572.049,-1498.86,-430.513
-1560.0,-506.0,-147.953,1.11483e-06,88.6392,49.2094,91.3608,130.064,-1425.6,-569.555,-1490.61,-425.583
-1558.0,-506.0,-145.206,1.11049e-06,88.6775,50.0363,91.3225,130.064,-1425.6,-569.555,-1490.61,-425.583
-1556.0,-506.0,-140.958,1.10622e-06,88.7161,50.8837,91.2839,130.064,-1425.6,-569.555,-1490.61,-425.583
-1554.0,-506.0,-132.79,1.10204e-06,88.7552,51.752,91.2448,130.064,-1425.6,-569.555,-1490.61,-425.583
-1552.0,-506.0,-132.911,1.09793e-06,88.7938,52.6416,91.2062,130.064,-1425.6,-569.555,-1490.61,-425.583
-1550.0,-506.0,-148.872,1.97837e-06,89.3306,-6.48734,90.6694,-15.3614,-1342.04,-615.923,-1399.57,-523.105
-1548.0,-506.0,-148.586,1.97174e-06,89.3284,-6.574,90.6716,-15.3614,-1342.04,-615.923,-1399.57,-523.105
-1546.0,-506.0,-131.697,1.96971e-06,89.3277,15.4713,90.6723,-15.3614,-1342.04,-615.923,-1529.94,-501.555
-1544.0,-506.0,-161.121,7.42218e-07,88.2155,-6.75441,91.7845,89.6826,-1399.57,-523.105,-1399.57,-523.105
-1542.0,-506.0,-160.984,7.35594e-07,88.1994,-6.84837,91.8006,89.6826,-1399.57,-523.105,-1399.57,-523.105
-1540.0,-506.0,-160.843,7.28972e-07,88.1831,-6.94496,91.8169,89.6826,-1399.57,-523.105,-1399.57,-523.105
-1538.0,-506.0,-159.01,8.05928e-07,88.3566,20.5315,91.6434,117.862,-1429.33,-544.506,-1525.5,-501.319
-1536.0,-506.0,-142.258,1.93763e-06,89.3285,16.5695,90.6715,-15.3614,-1342.04,-615.923,-1519.13,-500.981
-1534.0,-506.0,-143.884,1.93123e-06,89.343,16.8076,90.657,-15.3614,-1342.04,-615.923,-1517.01,-500.868
-1532.0,-506.0,-145.253,1.92484e-06,89.3576,17.0523,90.6424,-15.3614,-1342.04,-615.923,-1514.9,-500.756
-1530.0,-506.0,-145.121,1.91211e-06,89.3702,-7.47163,90.6298,-15.3614,-1342.04,-615.923,-1399.57,-523.105
-1528.0,-506.0,-144.586,1.90549e-06,89.3835,-7.58665,90.6165,-15.3614,-1342.04,-615.923,-1399.57,-523.105
-1526.0,-506.0,-144.003,1.89887e-06,89.3899,-7.70523,90.6101,-15.3614,-1342.04,-615.923,-1399.57,-523.105
-1524.0,-506.0,-143.365,1.89225e-06,89.3963,-7.82756,90.6037,-15.3614,-1342.04,-615.923,-1399.57,-523.105
-1522.0,-506.0,-142.66,1.88564e-06,89.4027,-7.95381,90.5973,-15.3614,-1342.04,-615.923,-1399.57,-523.105
-1520.0,-506.0,-141.876,1.87903e-06,89.4092,-8.08417,90.5908,-15.3614,-1342.04,-615.923,-1399.57,-523.105
-1518.0,-506.0,-140.995,1.87242e-06,89.4157,-8.21885,90.5843,-15.3614,-1342.04,-615.923,-1399.57,-523.105
-1516.0,-506.0,-139.994,1.86582e-06,89.4223,-8.35806,90.5777,-15.3614,-1342.04,-615.923,-1399.57,-523.105
-1514.0,-506.0,-138.838,1.85921e-06,89.4289,-8.50203,90.5711,-15.3614,-1342.04,-615.923,-1399.57,-523.105
-1512.0,-506.0,-137.483,1.85261e-06,89.428,-8.65101,90.572,-15.3614,-1342.04,-615.923,-1399.57,-523.105
-1510.0,-506.0,-135.872,1.84602e-06,89.426,-8.80526,90.574,-15.3614,-1342.04,-615.923,-1399.57,-523.105
-1508.0,-506.0,-133.934,1.83942e-06,89.4239,-8.96506,90.5761,-15.3614,-1342.04,-615.923,-1399.57,-523.105
-1506.0,-506.0,-131.581,1.83283e-06,89.4218,-9.13072,90.5782,-15.3614,-1342.04,-615.923,-1399.57,-523.105
-1504.0,-506.0,-128.764,1.82625e-06,89.4197,-9.30257,90.5803,-15.3614,-1342.04,-615.923,-1399.57,-523.105
-1502.0,-506.0,-125.385,1.81966e-06,89.4176,-9.48095,90.5824,-15.3614,-1342.04,-615.923,-1399.57,-523.105
-1500.0,-506.0,-127.479,1.81308e-06,89.4155,-9.66623,90.5845,-15.3614,-1342.04,-615.923,-1399.57,-523.105
-1498.0,-506.0,-130.788,1.80651e-06,89.4082,-9.85883,90.5918,-15.3614,-1342.04,-615.923,-1399.57,-523.105
-1496.0,-506.0,-133.641,1.79994e-06,89.3971,-10.0592,90.6029,-15.3614,-1342.04,-615.923,-1399.57,-523.105
-1494.0,-506.0,-136.039,1.79337e-06,89.3859,-10.2678,90.6141,-15.3614,-1342.04,-615.923,-1399.57,-523.105
-1492.0,-506.0,-138.077,1.78681e-06,89.3746,-10.4851,90.6254,-15.3614,-1342.04,-615.923,-1399.57,-523.105
-1490.0,-506.0,-139.824,1.78026e-06,89.3635,-10.7117,90.6365,-15.3614,-1342.04,-615.923,-1399.57,-523.105
-1488.0,-506.0,-141.344,1.7737e-06,89.3611,-10.9481,90.6389,-15.3614,-1342.04,-615.923,-1399.57,-523.105
-1486.0,-506.0,-142.693,1.76715e-06,89.3588,-11.1952,90.6412,-15.3614,-1342.04,-615.923,-1399.57,-523.105
-1484.0,-506.0,-143.907,1.76061e-06,89.3564,-11.4534,90.6436,-15.3614,-1342.04,-615.923,-1399.57,-523.105
-1482.0,-506.0,-145.017,1.75407e-06,89.354,-11.7237,90.646,-15.3614,-1342.04,-615.923,-1399.57,-523.105
-1480.0,-506.0,-146.043,1.74754e-06,89.3516,-12.0069,90.6484,-15.3614,-1342.04,-615.923,-1399.57,-523.105
-1478.0,-506.0,-147.0,1.74102e-06,89.3491,-12.3039,90.6509,-15.3614,-1342.04,-615.923,-1399.57,-523.105
-1476.0,-506.0,-147.901,1.7345e-06,89.3467,-12.6157,90.6533,-15.3614,-1342.04,-615.923,-1399.57,-523.105
-1474.0,-506.0,-148.755,1.728e-06,89.3442,-12.9434,90.6558,-15.3614,-1342.04,-615.923,-1399.57,-523.105
-1472.0,-506.0,-120.668,1.07715e-06,88.9479,82.3361,91.0521,104.064,-1444.01,-424.342,-1470.98,-498.421
-1470.0,-506.0,-116.352,1.02631e-06,88.8958,-76.0928,91.1042,104.222,-1444.52,-424.355,-1464.79,-527.031
-1468.0,-506.0,-116.671,1.02472e-06,88.8941,-76.4551,91.1059,103.86,-1443.35,-424.324,-1462.94,-526.987
-1466.0,-506.0,-117.038,1.02318e-06,88.8895,-76.8185,91.1105,103.497,-1442.17,-424.293,-1461.1,-526.942
-1464.0,-506.0,-117.457,1.02169e-06,88.8721,-77.1829,91.1279,103.132,-1441.0,-424.261,-1459.25,-526.898
-1462.0,-506.0,-117.933,1.02023e-06,88.8547,-77.5484,91.1453,102.767,-1439.83,-424.23,-1457.4,-526.854
-1460.0,-506.0,-112.468,8.82127e-07,88.657,78.9659,91.343,104.086,-1444.08,-424.343,-1444.08,-424.343
-1458.0,-506.0,-112.654,8.80881e-07,88.6368,79.3921,91.3632,103.66,-1442.7,-424.307,-1442.7,-424.307
-1456.0,-506.0,-112.875,8.79684e-07,88.6166,79.8194,91.3834,103.233,-1441.32,-424.27,-1441.32,-424.27
-1454.0,-506.0,-113.133,8.78536e-07,88.5964,80.2479,91.4036,102.804,-1439.95,-424.233,-1439.95,-424.233
-1452.0,-506.0,-113.432,8.77438e-07,88.5762,80.6776,91.4238,102.375,-1438.57,-424.197,-1438.57,-424.197
-1450.0,-506.0,-113.777,8.76383e-07,88.5726,81.1082,91.4274,101.944,-1437.2,-424.16,-1437.2,-424.16
-1448.0,-506.0,-114.171,8.75376e-07,88.5709,81.5399,91.4291,101.512,-1435.82,-424.123,-1435.82,-424.123
-1446.0,-506.0,-114.616,8.7442e-07,88.5693,81.9726,91.4307,101.08,-1434.45,-424.087,-1434.45,-424.087
-1444.0,-506.0,-115.115,8.73513e-07,88.5679,82.4061,91.4321,100.646,-1433.07,-424.05,-1433.07,-424.05
-1442.0,-506.0,-115.667,8.72656e-07,88.5665,82.8406,91.4335,100.212,-1431.7,-424.014,-1431.7,-424.014
-1440.0,-506.0,-116.405,1.03139e-06,88.7871,-105.471,91.2129,105.177,-1447.62,-424.438,-1445.69,-526.575
-1438.0,-506.0,-109.279,3.39015e-07,86.3078,-67.8392,93.6922,111.97,-1429.78,-526.194,-1429.78,-526.194
-1436.0,-506.0,-101.483,3.36576e-07,86.281,-69.0442,93.719,110.956,-1436.0,-506.0,-1400.0,-600.0
-1434.0,-506.0,-101.422,3.34252e-07,86.2551,-70.1148,93.7449,109.885,-1434.0,-506.0,-1400.0,-600.0
-1432.0,-506.0,-101.365,3.32047e-07,86.2302,-71.2001,93.7698,108.8,-1432.0,-506.0,-1400.0,-600.0
-1430.0,-506.0,-101.31,3.29961e-07,86.2063,-72.2996,93.7937,107.7,-1430.0,-506.0,-1400.0,-600.0
-1428.0,-506.0,-101.258,3.27998e-07,86.1836,-73.4127,93.8164,106.587,-1428.0,-506.0,-1400.0,-600.0
-1426.0,-506.0,-101.209,3.2616e-07,86.162,-74.5388,93.838,105.461,-1426.0,-506.0,-1400.0,-600.0
-1424.0,-506.0,-101.164,3.24449e-07,86.1417,-75.6773,93.8583,104.323,-1424.0,-506.0,-1400.0,-600.0
-1422.0,-506.0,-101.121,3.22866e-07,86.1228,-76.8274,93.8772,103.173,-1422.0,-506.0,-1400.0,-600.0
-1420.0,-506.0,-101.082,3.21415e-07,86.1053,-77.9885,93.8947,102.011,-1420.0,-506.0,-1400.0,-600.0
-1418.0,-506.0,-101.046,3.20096e-07,86.0892,-79.1597,93.9108,100.84,-1418.0,-506.0,-1400.0,-600.0
-1416.0,-506.0,-101.014,3.18911e-07,86.0746,-80.3401,93.9254,99.6599,-1416.0,-506.0,-1400.0,-600.0
-1414.0,-506.0,-100.985,3.17862e-07,86.0617,-81.5289,93.9383,98.4711,-1414.0,-506.0,-1400.0,-600.0
-1412.0,-506.0,-100.96,3.1695e-07,86.0503,-82.725,93.9497,97.275,-1412.0,-506.0,-1400.0,-600.0
-1410.0,-506.0,-100.939,3.16176e-07,86.0406,-83.9275,93.9594,96.0725,-1410.0,-506.0,-1400.0,-600.0
-1408.0,-506.0,-100.921,3.15542e-07,86.0327,-85.1355,93.9673,94.8645,-1408.0,-506.0,-1400.0,-600.0
-1406.0,-506.0,-100.908,3.15047e-07,86.0264,-86.3478,93.9736,93.6522,-1406.0,-506.0,-1400.0,-600.0
-1404.0,-506.0,-100.898,3.14698e-07,86.0115,-87.5634,93.9885,92.4366,-1404.0,-506.0,-1400.0,-600.0
-1402.0,-506.0,-100.893,3.14505e-07,85.9576,-88.7811,94.0424,91.2189,-1402.0,-506.0,-1400.0,-600.0
-1400.0,-506.0,-100.891,3.14454e-07,85.9055,-90.0,94.0945,90.0,-1400.0,-506.0,-1400.0,-600.0
-1398.0,-506.0,-119.535,4.9795e-07,87.3832,-139.915,92.6168,141.88,-1425.36,-580.104,-1429.62,-532.613
-1396.0,-506.0,-141.636,5.13314e-07,87.4301,111.133,92.5699,-103.963,-1404.61,-618.561,-1398.34,-499.945
-1394.0,-506.0,-140.343,4.16073e-07,86.7901,125.022,93.2099,117.862,-1429.33,-544.506,-1398.24,-499.945
-1392.0,-506.0,-140.819,4.19983e-07,86.7815,126.514,93.2185,117.862,-1429.33,-544.506,-1396.48,-499.944
-1390.0,-506.0,-142.832,4.38559e-07,86.8811,-124.404,93.1189,117.862,-1429.33,-544.506,-1391.86,-508.713
-1388.0,-506.0,-143.026,4.42404e-07,86.8717,-125.762,93.1283,117.862,-1429.33,-544.506,-1389.94,-508.7
-1386.0,-506.0,-145.068,4.46376e-07,86.8633,-127.076,93.1367,117.862,-1429.33,-544.506,-1388.03,-508.687
-1384.0,-506.0,-151.235,4.50468e-07,86.856,-128.345,93.144,117.862,-1429.33,-544.506,-1386.11,-508.674
-1382.0,-506.0,-159.066,4.69172e-07,86.947,-141.11,93.053,111.97,-1429.78,-526.194,-1385.31,-508.668
-1380.0,-506.0,-159.709,4.7441e-07,86.9589,-142.263,93.0411,111.97,-1429.78,-526.194,-1383.43,-508.655
-1378.0,-506.0,-161.199,4.7972e-07,86.9926,-143.36,93.0074,111.97,-1429.78,-526.194,-1381.55,-508.642
-1376.0,-506.0,-165.83,4.85103e-07,87.026,-144.402,92.974,111.97,-1429.78,-526.194,-1379.67,-508.629
-1374.0,-506.0,-167.151,5.18913e-07,87.2199,147.919,92.7801,116.153,-1429.44,-540.041,-1383.68,-499.93
-1372.0,-506.0,-166.05,5.24601e-07,87.2501,149.226,92.7499,116.153,-1429.44,-540.041,-1382.2,-499.929
-1370.0,-506.0,-164.028,5.01661e-07,87.0985,-147.239,92.9015,111.97,-1429.78,-526.194,-1374.03,-508.59
-1368.0,-506.0,-163.108,5.07307e-07,87.0989,-148.097,92.9011,111.97,-1429.78,-526.194,-1372.14,-508.577
-1366.0,-506.0,-163.014,5.13004e-07,87.0997,-148.916,92.9003,111.97,-1429.78,-526.194,-1370.25,-508.564
-1364.0,-506.0,-178.518,5.01733e-07,87.0023,-166.243,92.9977,96.8954,-1412.1,-499.96,-1374.6,-508.594
-1362.0,-506.0,-152.498,1.36363e-06,88.8856,-16.488,91.1144,-15.5937,-1342.83,-615.957,-1186.78,-557.862
-1360.0,-506.0,-152.643,1.35724e-06,88.8685,-16.6679,91.1315,-15.5937,-1342.83,-615.957,-1186.78,-557.862
-1358.0,-506.0,-152.786,1.35086e-06,88.8512,-16.8516,91.1488,-15.5937,-1342.83,-615.957,-1186.78,-557.862
-1356.0,-506.0,-152.928,1.34448e-06,88.8275,-17.0393,91.1725,-15.5937,-1342.83,-615.957,-1186.78,-557.862
-1354.0,-506.0,-153.069,1.33812e-06,88.7978,-17.2311,91.2022,-15.5937,-1342.83,-615.957,-1186.78,-557.862
-1352.0,-506.0,-153.208,1.33176e-06,88.7678,-17.4272,91.2322,-15.5937,-1342.83,-615.957,-1186.78,-557.862
-1350.0,-506.0,-153.348,1.32541e-06,88.7376,-17.6275,91.2624,-15.5937,-1342.83,-615.957,-1186.78,-557.862
-1348.0,-506.0,-153.487,1.31907e-06,88.707,-17.8325,91.293,-15.5937,-1342.83,-615.957,-1186.78,-557.862
-1346.0,-506.0,-153.626,1.31274e-06,88.6762,-18.042,91.3238,-15.5937,-1342.83,-615.957,-1186.78,-557.862
-1344.0,-506.0,-153.767,1.30641e-06,88.645,-18.2564,91.355,-15.5937,-1342.83,-615.957,-1186.78,-557.862
-1342.0,-506.0,-153.908,1.30009e-06,88.6136,-18.4758,91.3864,-15.5937,-1342.83,-615.957,-1186.78,-557.862
-1340.0,-506.0,-154.051,1.29378e-06,88.5819,-18.7003,91.4181,-15.5937,-1342.83,-615.957,-1186.78,-557.862
-1338.0,-506.0,-154.195,1.28748e-06,88.5499,-18.9301,91.4501,-15.5937,-1342.83,-615.957,-1186.78,-557.862
-1336.0,-506.0,-154.337,1.28119e-06,88.5176,-19.1654,91.4824,-15.5937,-1342.83,-615.957,-1186.78,-557.862
-1334.0,-506.0,0.0,0.0,0.0,0.0,0.0,0.0,0.0,0.0,0.0,0.0
-1332.0,-506.0,0.0,0.0,0.0,0.0,0.0,0.0,0.0,0.0,0.0,0.0
-1330.0,-506.0,0.0,0.0,0.0,0.0,0.0,0.0,0.0,0.0,0.0,0.0
-1328.0,-506.0,0.0,0.0,0.0,0.0,0.0,0.0,0.0,0.0,0.0,0.0
-1326.0,-506.0,0.0,0.0,0.0,0.0,0.0,0.0,0.0,0.0,0.0,0.0
-1324.0,-506.0,0.0,0.0,0.0,0.0,0.0,0.0,0.0,0.0,0.0,0.0
-1322.0,-506.0,0.0,0.0,0.0,0.0,0.0,0.0,0.0,0.0,0.0,0.0
-1320.0,-506.0,0.0,0.0,0.0,0.0,0.0,0.0,0.0,0.0,0.0,0.0
-1318.0,-506.0,0.0,0.0,0.0,0.0,0.0,0.0,0.0,0.0,0.0,0.0
-1316.0,-506.0,0.0,0.0,0.0,0.0,0.0,0.0,0.0,0.0,0.0,0.0
-1314.0,-506.0,-141.469,1.69244e-06,88.668,-13.5156,91.332,-14.6085,-1339.34,-615.81,-1254.85,-520.219
-1312.0,-506.0,-139.011,1.68597e-06,88.6437,-13.7129,91.3563,-14.6085,-1339.34,-615.81,-1254.85,-519.946
-1310.0,-506.0,-135.855,1.67951e-06,88.6193,-13.9158,91.3807,-14.6085,-1339.34,-615.81,-1254.85,-519.664
-1308.0,-506.0,-131.932,1.67303e-06,88.6106,-14.1247,91.3894,-14.6085,-1339.34,-615.81,-1254.85,-519.374
-1306.0,-506.0,-130.198,1.66657e-06,88.6052,-14.3399,91.3948,-14.6085,-1339.34,-615.81,-1254.86,-519.074
-1304.0,-506.0,-134.311,1.66011e-06,88.5998,-14.5615,91.4002,-14.6085,-1339.34,-615.81,-1254.86,-518.764
-1302.0,-506.0,-137.769,1.65365e-06,88.5943,-14.79,91.4057,-14.6085,-1339.34,-615.81,-1254.86,-518.445
-1300.0,-506.0,-140.524,1.64721e-06,88.5888,-15.0256,91.4112,-14.6085,-1339.34,-615.81,-1254.87,-518.115
-1298.0,-506.0,-142.711,1.64077e-06,88.5833,-15.2686,91.4167,-14.6085,-1339.34,-615.81,-1254.87,-517.773
-1296.0,-506.0,-144.511,1.63434e-06,88.5777,-15.5194,91.4223,-14.6085,-1339.34,-615.81,-1254.88,-517.42
-1294.0,-506.0,-146.032,1.62791e-06,88.5721,-15.7784,91.4279,-14.6085,-1339.34,-615.81,-1254.88,-517.054
-1292.0,-506.0,-147.351,1.6215e-06,88.5664,-16.0459,91.4336,-14.6085,-1339.34,-615.81,-1254.88,-516.675
-1290.0,-506.0,-148.523,1.61509e-06,88.5538,-16.3225,91.4462,-14.6085,-1339.34,-615.81,-1254.89,-516.282
-1288.0,-506.0,-149.585,1.6087e-06,88.538,-16.6084,91.462,-14.6085,-1339.34,-615.81,-1254.89,-515.875
-1286.0,-506.0,-150.568,1.60232e-06,88.5221,-16.9043,91.4779,-14.6085,-1339.34,-615.81,-1254.9,-515.452
-1284.0,-506.0,-149.99,7.46881e-07,86.8065,-115.897,93.1935,54.9672,-1393.06,-590.097,-1316.85,-573.661
-1282.0,-506.0,-148.635,7.49861e-07,86.7977,-116.926,93.2023,54.9672,-1393.06,-590.097,-1316.36,-573.649
-1280.0,-506.0,-147.462,7.52946e-07,86.7893,-117.938,93.2107,54.9672,-1393.06,-590.097,-1315.87,-573.636
-1278.0,-506.0,-143.031,7.55849e-07,86.2488,-120.773,92.7665,56.4798,-1393.45,-590.109,-1318.31,-573.7
-1276.0,-506.0,-139.635,7.59304e-07,86.1987,-121.208,92.7529,56.0478,-1393.34,-590.106,-1316.99,-573.665
-1274.0,-506.0,-137.746,7.62814e-07,86.1225,-121.64,92.7393,55.6203,-1393.23,-590.103,-1315.67,-573.631
-1272.0,-506.0,-136.834,7.66366e-07,86.0472,-122.068,92.7257,55.1968,-1393.12,-590.099,-1314.35,-573.596
-1270.0,-506.0,-147.168,7.20472e-07,86.4556,-123.567,93.5444,-43.396,-1381.4,-617.583,-1314.86,-573.609
-1268.0,-506.0,-146.132,7.2422e-07,86.4293,-124.192,93.5707,-43.396,-1381.4,-617.583,-1313.92,-573.585
-1266.0,-506.0,-145.308,7.28013e-07,86.4224,-124.808,93.5776,-43.396,-1381.4,-617.583,-1312.97,-573.56
-1264.0,-506.0,-144.724,7.31862e-07,86.4191,-125.416,93.5809,-43.396,-1381.4,-617.583,-1312.02,-573.535
-1262.0,-506.0,-158.618,8.03188e-07,86.7174,-54.8206,93.2826,-35.9954,-1376.1,-617.359,-1254.89,-516.086
-1260.0,-506.0,-160.759,1.41619e-06,88.1276,57.1243,91.8724,-43.396,-1381.4,-617.583,-1211.4,-430.807
-1258.0,-506.0,-159.341,7.95653e-07,86.6456,-55.9646,93.3544,-35.9954,-1376.1,-617.359,-1254.95,-510.513
-1256.0,-506.0,-158.545,7.91969e-07,86.6096,-56.5485,93.3904,-35.9954,-1376.1,-617.359,-1254.98,-507.537
-1254.0,-506.0,0.0,0.0,0.0,0.0,0.0,0.0,0.0,0.0,0.0,0.0
-1252.0,-506.0,0.0,0.0,0.0,0.0,0.0,0.0,0.0,0.0,0.0,0.0
-1250.0,-506.0,0.0,0.0,0.0,0.0,0.0,0.0,0.0,0.0,0.0,0.0
-1248.0,-506.0,0.0,0.0,0.0,0.0,0.0,0.0,0.0,0.0,0.0,0.0
-1246.0,-506.0,0.0,0.0,0.0,0.0,0.0,0.0,0.0,0.0,0.0,0.0
-1244.0,-506.0,0.0,0.0,0.0,0.0,0.0,0.0,0.0,0.0,0.0,0.0
-1242.0,-506.0,0.0,0.0,0.0,0.0,0.0,0.0,0.0,0.0,0.0,0.0
-1240.0,-506.0,0.0,0.0,0.0,0.0,0.0,0.0,0.0,0.0,0.0,0.0
-1238.0,-506.0,0.0,0.0,0.0,0.0,0.0,0.0,0.0,0.0,0.0,0.0
-1236.0,-506.0,0.0,0.0,0.0,0.0,0.0,0.0,0.0,0.0,0.0,0.0
-1234.0,-506.0,0.0,0.0,0.0,0.0,0.0,0.0,0.0,0.0,0.0,0.0
-1232.0,-506.0,0.0,0.0,0.0,0.0,0.0,0.0,0.0,0.0,0.0,0.0
-1230.0,-506.0,0.0,0.0,0.0,0.0,0.0,0.0,0.0,0.0,0.0,0.0
-1228.0,-506.0,0.0,0.0,0.0,0.0,0.0,0.0,0.0,0.0,0.0,0.0
-1226.0,-506.0,0.0,0.0,0.0,0.0,0.0,0.0,0.0,0.0,0.0,0.0
-1224.0,-506.0,0.0,0.0,0.0,0.0,0.0,0.0,0.0,0.0,0.0,0.0
-1222.0,-506.0,0.0,0.0,0.0,0.0,0.0,0.0,0.0,0.0,0.0,0.0
-1220.0,-506.0,0.0,0.0,0.0,0.0,0.0,0.0,0.0,0.0,0.0,0.0
-1218.0,-506.0,0.0,0.0,0.0,0.0,0.0,0.0,0.0,0.0,0.0,0.0
-1216.0,-506.0,0.0,0.0,0.0,0.0,0.0,0.0,0.0,0.0,0.0,0.0
-1214.0,-506.0,0.0,0.0,0.0,0.0,0.0,0.0,0.0,0.0,0.0,0.0
-1212.0,-506.0,0.0,0.0,0.0,0.0,0.0,0.0,0.0,0.0,0.0,0.0
-1210.0,-506.0,0.0,0.0,0.0,0.0,0.0,0.0,0.0,0.0,0.0,0.0
-1208.0,-506.0,0.0,0.0,0.0,0.0,0.0,0.0,0.0,0.0,0.0,0.0
-1206.0,-506.0,0.0,0.0,0.0,0.0,0.0,0.0,0.0,0.0,0.0,0.0
-1204.0,-506.0,0.0,0.0,0.0,0.0,0.0,0.0,0.0,0.0,0.0,0.0
-1202.0,-506.0,0.0,0.0,0.0,0.0,0.0,0.0,0.0,0.0,0.0,0.0
-1600.0,-504.0,-152.56,2.14493e-06,89.5587,-5.44516,90.4413,-15.3614,-1342.04,-615.923,-1399.57,-523.105
-1598.0,-504.0,0.0,0.0,0.0,0.0,0.0,0.0,0.0,0.0,0.0,0.0
-1596.0,-504.0,0.0,0.0,0.0,0.0,0.0,0.0,0.0,0.0,0.0,0.0
-1594.0,-504.0,-152.103,2.12502e-06,89.509,-5.61214,90.491,-15.3614,-1342.04,-615.923,-1399.57,-523.105
-1592.0,-504.0,-151.942,2.11838e-06,89.4922,-5.67009,90.5078,-15.3614,-1342.04,-615.923,-1399.57,-523.105
-1590.0,-504.0,-151.776,2.11175e-06,89.4753,-5.72925,90.5247,-15.3614,-1342.04,-615.923,-1399.57,-523.105
-1588.0,-504.0,-151.605,2.10511e-06,89.4583,-5.78965,90.5417,-15.3614,-1342.04,-615.923,-1399.57,-523.105
-1586.0,-504.0,-151.429,2.09848e-06,89.4412,-5.85133,90.5588,-15.3614,-1342.04,-615.923,-1399.57,-523.105
-1584.0,-504.0,-149.984,1.13952e-06,88.9368,45.158,91.0632,134.012,-1425.51,-573.595,-1511.13,-430.73
-1582.0,-504.0,-147.299,1.13485e-06,88.8897,45.6318,91.1103,134.012,-1425.51,-573.595,-1510.31,-430.716
-1580.0,-504.0,-143.928,1.13022e-06,88.8423,46.1134,91.1577,134.012,-1425.51,-573.595,-1509.5,-430.701
-1578.0,-504.0,-139.089,1.12563e-06,88.7945,46.6029,91.2055,134.012,-1425.51,-573.595,-1508.68,-430.687
-1576.0,-504.0,-131.28,1.12109e-06,88.7464,47.1004,91.2536,134.012,-1425.51,-573.595,-1507.86,-430.672
-1574.0,-504.0,-124.806,1.11658e-06,88.698,47.4124,91.302,133.821,-1425.51,-573.415,-1506.58,-430.649
-1572.0,-504.0,-127.477,1.1121e-06,88.6492,47.6656,91.3508,133.568,-1425.52,-573.172,-1505.15,-430.624
-1570.0,-504.0,-129.506,1.10762e-06,88.6256,47.9209,91.3744,133.313,-1425.53,-572.926,-1503.73,-430.599
-1568.0,-504.0,-129.822,1.10317e-06,88.6054,48.1782,91.3946,133.056,-1425.53,-572.675,-1502.3,-430.574
-1566.0,-504.0,-128.264,1.09874e-06,88.585,48.4376,91.415,132.796,-1425.54,-572.419,-1500.87,-430.549
-1564.0,-504.0,-125.735,1.09433e-06,88.5646,48.6991,91.4354,132.535,-1425.54,-572.158,-1499.45,-430.523
-1562.0,-504.0,-139.586,1.08996e-06,88.544,49.33,91.456,132.426,-1425.55,-572.049,-1498.86,-430.513
-1560.0,-504.0,-149.585,1.10983e-06,88.5885,48.4944,91.4115,130.064,-1425.6,-569.555,-1490.61,-425.583
-1558.0,-504.0,-147.483,1.10542e-06,88.6266,49.3244,91.3734,130.064,-1425.6,-569.555,-1490.61,-425.583
-1556.0,-504.0,-144.494,1.10109e-06,88.6652,50.1756,91.3348,130.064,-1425.6,-569.555,-1490.61,-425.583
-1554.0,-504.0,-139.692,1.09684e-06,88.7042,51.0485,91.2958,130.064,-1425.6,-569.555,-1490.61,-425.583
-1552.0,-504.0,-129.911,1.09267e-06,88.7435,51.9433,91.2565,130.064,-1425.6,-569.555,-1490.61,-425.583
-1550.0,-504.0,-135.518,1.08858e-06,88.7721,52.8606,91.2279,130.064,-1425.6,-569.555,-1490.61,-425.583
-1548.0,-504.0,-159.409,1.06155e-06,88.7408,56.2287,91.2592,132.426,-1425.55,-572.049,-1498.86,-430.513
-1546.0,-504.0,-160.94,7.49667e-07,88.2168,-7.43378,91.7832,89.6826,-1399.57,-523.105,-1399.57,-523.105
-1544.0,-504.0,-160.795,7.43054e-07,88.2009,-7.53555,91.7991,89.6826,-1399.57,-523.105,-1399.57,-523.105
-1542.0,-504.0,-160.647,7.36442e-07,88.1847,-7.64013,91.8153,89.6826,-1399.57,-523.105,-1399.57,-523.105
-1540.0,-504.0,-160.495,7.29832e-07,88.1683,-7.74763,91.8317,89.6826,-1399.57,-523.105,-1399.57,-523.105
-1538.0,-504.0,-160.34,7.23224e-07,88.1515,-7.85818,91.8485,89.6826,-1399.57,-523.105,-1399.57,-523.105
-1536.0,-504.0,-160.184,7.16604e-07,88.1669,-7.97191,91.8331,89.6826,-1399.57,-523.105,-1399.57,-523.105
-1534.0,-504.0,-135.957,1.92935e-06,89.336,16.0051,90.664,-15.3614,-1342.04,-615.923,-1524.46,-501.264
-1532.0,-504.0,-138.987,1.92293e-06,89.3506,16.2395,90.6494,-15.3614,-1342.04,-615.923,-1522.19,-501.143
-1530.0,-504.0,-140.759,1.91303e-06,89.3641,-8.3336,90.6359,-15.3614,-1342.04,-615.923,-1399.57,-523.105
-1528.0,-504.0,-139.755,1.90642e-06,89.3788,-8.46152,90.6212,-15.3614,-1342.04,-615.923,-1399.57,-523.105
-1526.0,-504.0,-138.601,1.89982e-06,89.3902,-8.59339,90.6098,-15.3614,-1342.04,-615.923,-1399.57,-523.105
-1524.0,-504.0,-137.254,1.89322e-06,89.3966,-8.72941,90.6034,-15.3614,-1342.04,-615.923,-1399.57,-523.105
-1522.0,-504.0,-135.688,1.88662e-06,89.403,-8.86977,90.597,-15.3614,-1342.04,-615.923,-1399.57,-523.105
-1520.0,-504.0,-133.772,1.88002e-06,89.4095,-9.01467,90.5905,-15.3614,-1342.04,-615.923,-1399.57,-523.105
-1518.0,-504.0,-131.484,1.87343e-06,89.416,-9.16435,90.584,-15.3614,-1342.04,-615.923,-1399.57,-523.105
-1516.0,-504.0,-128.811,1.86684e-06,89.4226,-9.31904,90.5774,-15.3614,-1342.04,-615.923,-1399.57,-523.105
-1514.0,-504.0,-125.652,1.86026e-06,89.4293,-9.47899,90.5707,-15.3614,-1342.04,-615.923,-1399.57,-523.105
-1512.0,-504.0,-127.372,1.85367e-06,89.4283,-9.64448,90.5717,-15.3614,-1342.04,-615.923,-1399.57,-523.105
-1510.0,-504.0,-130.464,1.8471e-06,89.4263,-9.81579,90.5737,-15.3614,-1342.04,-615.923,-1399.57,-523.105
-1508.0,-504.0,-133.252,1.84052e-06,89.4242,-9.99323,90.5758,-15.3614,-1342.04,-615.923,-1399.57,-523.105
-1506.0,-504.0,-135.612,1.83395e-06,89.4222,-10.1771,90.5778,-15.3614,-1342.04,-615.923,-1399.57,-523.105
-1504.0,-504.0,-137.571,1.82739e-06,89.4201,-10.3679,90.5799,-15.3614,-1342.04,-615.923,-1399.57,-523.105
-1502.0,-504.0,-139.296,1.82083e-06,89.418,-10.5658,90.582,-15.3614,-1342.04,-615.923,-1399.57,-523.105
-1500.0,-504.0,-140.794,1.81427e-06,89.4128,-10.7713,90.5872,-15.3614,-1342.04,-615.923,-1399.57,-523.105
-1498.0,-504.0,-142.122,1.80772e-06,89.4018,-10.9849,90.5982,-15.3614,-1342.04,-615.923,-1399.57,-523.105
-1496.0,-504.0,-143.315,1.80117e-06,89.3906,-11.2071,90.6094,-15.3614,-1342.04,-615.923,-1399.57,-523.105
-1494.0,-504.0,-144.403,1.79463e-06,89.3794,-11.4382,90.6206,-15.3614,-1342.04,-615.923,-1399.57,-523.105
-1492.0,-504.0,-145.405,1.7881e-06,89.3681,-11.679,90.6319,-15.3614,-1342.04,-615.923,-1399.57,-523.105
-1490.0,-504.0,-146.337,1.78157e-06,89.357,-11.93,90.643,-15.3614,-1342.04,-615.923,-1399.57,-523.105
-1488.0,-504.0,-147.211,1.77504e-06,89.3546,-12.1919,90.6454,-15.3614,-1342.04,-615.923,-1399.57,-523.105
-1486.0,-504.0,-148.036,1.76852e-06,89.3523,-12.4653,90.6477,-15.3614,-1342.04,-615.923,-1399.57,-523.105
-1484.0,-504.0,-148.821,1.76201e-06,89.3499,-12.751,90.6501,-15.3614,-1342.04,-615.923,-1399.57,-523.105
-1482.0,-504.0,-149.57,1.75551e-06,89.3475,-13.0499,90.6525,-15.3614,-1342.04,-615.923,-1399.57,-523.105
-1480.0,-504.0,-150.291,1.74901e-06,89.345,-13.3629,90.655,-15.3614,-1342.04,-615.923,-1399.57,-523.105
-1478.0,-504.0,-150.986,1.74252e-06,89.3426,-13.691,90.6574,-15.3614,-1342.04,-615.923,-1399.57,-523.105
-1476.0,-504.0,-151.659,1.73604e-06,89.3401,-14.0353,90.6599,-15.3614,-1342.04,-615.923,-1399.57,-523.105
-1474.0,-504.0,-149.113,1.04299e-06,88.9016,-72.4831,91.0984,79.7933,-1396.62,-581.218,-1466.72,-527.077
-1472.0,-504.0,-116.989,1.04054e-06,88.899,-74.4062,91.101,77.5769,-1396.53,-584.232,-1465.57,-527.049
-1470.0,-504.0,-116.484,1.03279e-06,88.8908,-76.1818,91.1092,104.133,-1444.23,-424.347,-1464.34,-527.02
-1468.0,-504.0,-116.812,1.03122e-06,88.8891,-76.5419,91.1109,103.773,-1443.06,-424.316,-1462.5,-526.976
-1466.0,-504.0,-117.189,1.02969e-06,88.8845,-76.9032,91.1155,103.412,-1441.9,-424.285,-1460.66,-526.932
-1464.0,-504.0,-117.618,1.0282e-06,88.8672,-77.2654,91.1328,103.05,-1440.73,-424.254,-1458.83,-526.888
-1462.0,-504.0,-118.104,1.02676e-06,88.8499,-77.6287,91.1501,102.686,-1439.57,-424.223,-1456.99,-526.844
-1460.0,-504.0,-112.366,8.75585e-07,88.6329,78.8823,91.3671,104.17,-1444.35,-424.351,-1444.35,-424.351
-1458.0,-504.0,-112.548,8.7433e-07,88.6124,79.3116,91.3876,103.741,-1442.96,-424.314,-1442.96,-424.314
-1456.0,-504.0,-112.763,8.73124e-07,88.592,79.742,91.408,103.31,-1441.57,-424.277,-1441.57,-424.277
-1454.0,-504.0,-113.016,8.71967e-07,88.5716,80.1736,91.4284,102.879,-1440.19,-424.24,-1440.19,-424.24
-1452.0,-504.0,-112.907,8.82078e-07,88.5818,108.439,91.4182,105.408,-1448.38,-424.458,-1460.33,-479.018
-1450.0,-504.0,-113.651,8.69792e-07,88.5617,81.0403,91.4383,102.012,-1437.41,-424.166,-1437.41,-424.166
-1448.0,-504.0,-114.04,8.68778e-07,88.5601,81.4751,91.4399,101.577,-1436.03,-424.129,-1436.03,-424.129
-1446.0,-504.0,-114.481,8.67814e-07,88.5585,81.911,91.4415,101.141,-1434.64,-424.092,-1434.64,-424.092
-1444.0,-504.0,-114.976,8.66901e-07,88.5569,82.3478,91.4431,100.704,-1433.26,-424.055,-1433.26,-424.055
-1442.0,-504.0,-115.524,8.66038e-07,88.5555,82.7855,91.4445,100.267,-1431.88,-424.018,-1431.88,-424.018
-1440.0,-504.0,-116.514,1.03782e-06,88.7946,-105.373,91.2054,105.079,-1447.3,-424.429,-1446.21,-526.587
-1438.0,-504.0,-101.703,3.45198e-07,86.374,-68.4047,93.626,111.595,-1438.0,-504.0,-1400.0,-600.0
-1436.0,-504.0,-101.642,3.42803e-07,86.3486,-69.444,93.6514,110.556,-1436.0,-504.0,-1400.0,-600.0
-1434.0,-504.0,-101.584,3.40522e-07,86.3241,-70.4976,93.6759,109.502,-1434.0,-504.0,-1400.0,-600.0
-1432.0,-504.0,-101.529,3.38357e-07,86.3006,-71.5651,93.6994,108.435,-1432.0,-504.0,-1400.0,-600.0
-1430.0,-504.0,-101.476,3.36311e-07,86.278,-72.646,93.722,107.354,-1430.0,-504.0,-1400.0,-600.0
-1428.0,-504.0,-101.426,3.34385e-07,86.2566,-73.7398,93.7434,106.26,-1428.0,-504.0,-1400.0,-600.0
-1426.0,-504.0,-101.379,3.32583e-07,86.2362,-74.8459,93.7638,105.154,-1426.0,-504.0,-1400.0,-600.0
-1424.0,-504.0,-101.335,3.30905e-07,86.2171,-75.9638,93.7829,104.036,-1424.0,-504.0,-1400.0,-600.0
-1422.0,-504.0,-101.294,3.29353e-07,86.1993,-77.0926,93.8007,102.907,-1422.0,-504.0,-1400.0,-600.0
-1420.0,-504.0,-101.256,3.2793e-07,86.1828,-78.2317,93.8172,101.768,-1420.0,-504.0,-1400.0,-600.0
-1418.0,-504.0,-101.222,3.26638e-07,86.1676,-79.3803,93.8324,100.62,-1418.0,-504.0,-1400.0,-600.0
-1416.0,-504.0,-101.191,3.25477e-07,86.1539,-80.5377,93.8461,99.4623,-1416.0,-504.0,-1400.0,-600.0
-1414.0,-504.0,-101.164,3.24449e-07,86.1417,-81.7029,93.8583,98.2971,-1414.0,-504.0,-1400.0,-600.0
-1412.0,-504.0,-101.14,3.23555e-07,86.1311,-82.875,93.8689,97.125,-1412.0,-504.0,-1400.0,-600.0
-1410.0,-504.0,-101.119,3.22797e-07,86.122,-84.0531,93.878,95.9469,-1410.0,-504.0,-1400.0,-600.0
-1408.0,-504.0,-101.102,3.22176e-07,86.1145,-85.2364,93.8855,94.7636,-1408.0,-504.0,-1400.0,-600.0
-1406.0,-504.0,-101.089,3.21692e-07,86.1086,-86.4237,93.8914,93.5763,-1406.0,-504.0,-1400.0,-600.0
-1404.0,-504.0,-101.08,3.21364e-07,86.0558,-87.6141,93.9442,92.3859,-1404.0,-504.0,-1400.0,-600.0
-1402.0,-504.0,-101.075,3.21176e-07,86.0031,-88.8065,93.9969,91.1935,-1402.0,-504.0,-1400.0,-600.0
-1400.0,-504.0,-101.074,3.21126e-07,85.9521,-90.0,94.0479,90.0,-1400.0,-504.0,-1400.0,-600.0
-1398.0,-504.0,-127.612,5.02279e-07,87.3811,-139.332,92.6189,141.297,-1425.37,-579.675,-1429.65,-531.197
-1396.0,-504.0,-120.837,5.07367e-07,87.3756,-139.824,92.6244,141.789,-1425.36,-580.037,-1429.63,-532.392
-1394.0,-504.0,-115.969,5.12491e-07,87.3703,-140.306,92.6297,142.271,-1425.35,-580.387,-1429.6,-533.548
-1392.0,-504.0,-141.848,4.14679e-07,86.7104,127.627,93.2896,117.862,-1429.33,-544.506,-1395.13,-499.942
-1390.0,-504.0,-144.707,4.44099e-07,86.8922,-123.481,93.1078,117.862,-1429.33,-544.506,-1393.12,-508.722
-1388.0,-504.0,-142.901,4.47855e-07,86.8822,-124.822,93.1178,117.862,-1429.33,-544.506,-1391.28,-508.709
-1386.0,-504.0,-143.613,4.51738e-07,86.8732,-126.122,93.1268,117.862,-1429.33,-544.506,-1389.43,-508.696
-1384.0,-504.0,-146.181,4.5574e-07,86.8652,-127.379,93.1348,117.862,-1429.33,-544.506,-1387.58,-508.684
-1382.0,-504.0,-153.935,4.59855e-07,86.8626,-128.596,93.1374,117.862,-1429.33,-544.506,-1385.73,-508.671
-1380.0,-504.0,-159.326,4.78554e-07,86.9853,-140.839,93.0147,111.97,-1429.78,-526.194,-1385.74,-508.671
-1378.0,-504.0,-159.791,4.83763e-07,87.0178,-141.949,92.9822,111.97,-1429.78,-526.194,-1383.95,-508.659
-1376.0,-504.0,-160.868,4.89049e-07,87.05,-143.007,92.95,111.97,-1429.78,-526.194,-1382.17,-508.646
-1374.0,-504.0,-163.731,4.94407e-07,87.082,-144.015,92.918,111.97,-1429.78,-526.194,-1380.38,-508.634
-1372.0,-504.0,-167.012,5.21299e-07,87.2327,151.387,92.7673,116.153,-1429.44,-540.041,-1379.47,-499.926
-1370.0,-504.0,-155.639,1.39934e-06,88.9602,18.8203,91.0398,-15.5937,-1342.83,-615.957,-1357.98,-499.904
-1368.0,-504.0,-152.79,1.3847e-06,88.9375,-16.5532,91.0625,-15.5937,-1342.83,-615.957,-1186.78,-557.862
-1366.0,-504.0,-152.929,1.37831e-06,88.9209,-16.7276,91.0791,-15.5937,-1342.83,-615.957,-1186.78,-557.862
-1364.0,-504.0,-153.066,1.37193e-06,88.9041,-16.9057,91.0959,-15.5937,-1342.83,-615.957,-1186.78,-557.862
-1362.0,-504.0,-153.202,1.36556e-06,88.8872,-17.0875,91.1128,-15.5937,-1342.83,-615.957,-1186.78,-557.862
-1360.0,-504.0,-153.337,1.35919e-06,88.8701,-17.2731,91.1299,-15.5937,-1342.83,-615.957,-1186.78,-557.862
-1358.0,-504.0,-153.471,1.35283e-06,88.8495,-17.4627,91.1505,-15.5937,-1342.83,-615.957,-1186.78,-557.862
-1356.0,-504.0,-153.604,1.34648e-06,88.8201,-17.6563,91.1799,-15.5937,-1342.83,-615.957,-1186.78,-557.862
-1354.0,-504.0,-153.738,1.34014e-06,88.7904,-17.8541,91.2096,-15.5937,-1342.83,-615.957,-1186.78,-557.862
-1352.0,-504.0,-153.872,1.3338e-06,88.7604,-18.0563,91.2396,-15.5937,-1342.83,-615.957,-1186.78,-557.862
-1350.0,-504.0,-154.007,1.32747e-06,88.7302,-18.263,91.2698,-15.5937,-1342.83,-615.957,-1186.78,-557.862
-1348.0,-504.0,-154.143,1.32115e-06,88.6997,-18.4742,91.3003,-15.5937,-1342.83,-615.957,-1186.78,-557.862
-1346.0,-504.0,-154.28,1.31484e-06,88.6689,-18.6903,91.3311,-15.5937,-1342.83,-615.957,-1186.78,-557.862
-1344.0,-504.0,-154.418,1.30854e-06,88.6378,-18.9112,91.3622,-15.5937,-1342.83,-615.957,-1186.78,-557.862
-1342.0,-504.0,-154.554,1.30225e-06,88.6064,-19.1373,91.3936,-15.5937,-1342.83,-615.957,-1186.78,-557.862
-1340.0,-504.0,-162.736,1.35762e-06,88.6395,-73.2319,91.3605,-14.6085,-1339.34,-615.81,-1329.2,-539.827
-1338.0,-504.0,-162.772,1.35587e-06,88.6139,-76.2074,91.3861,-14.6085,-1339.34,-615.81,-1329.2,-539.827
-1336.0,-504.0,-163.259,1.35447e-06,88.5886,-79.2607,91.4114,-14.6085,-1339.34,-615.81,-1329.2,-539.827
-1334.0,-504.0,0.0,0.0,0.0,0.0,0.0,0.0,0.0,0.0,0.0,0.0
-1332.0,-504.0,0.0,0.0,0.0,0.0,0.0,0.0,0.0,0.0,0.0,0.0
-1330.0,-504.0,0.0,0.0,0.0,0.0,0.0,0.0,0.0,0.0,0.0,0.0
-1328.0,-504.0,0.0,0.0,0.0,0.0,0.0,0.0,0.0,0.0,0.0,0.0
-1326.0,-504.0,0.0,0.0,0.0,0.0,0.0,0.0,0.0,0.0,0.0,0.0
-1324.0,-504.0,0.0,0.0,0.0,0.0,0.0,0.0,0.0,0.0,0.0,0.0
-1322.0,-504.0,0.0,0.0,0.0,0.0,0.0,0.0,0.0,0.0,0.0,0.0
-1320.0,-504.0,0.0,0.0,0.0,0.0,0.0,0.0,0.0,0.0,0.0,0.0
-1318.0,-504.0,0.0,0.0,0.0,0.0,0.0,0.0,0.0,0.0,0.0,0.0
-1316.0,-504.0,0.0,0.0,0.0,0.0,0.0,0.0,0.0,0.0,0.0,0.0
-1314.0,-504.0,0.0,0.0,0.0,0.0,0.0,0.0,0.0,0.0,0.0,0.0
-1312.0,-504.0,-134.04,1.6876e-06,88.6377,-14.5297,91.3623,-14.6085,-1339.34,-615.81,-1254.86,-518.809
-1310.0,-504.0,-137.461,1.68115e-06,88.6247,-14.7437,91.3753,-14.6085,-1339.34,-615.81,-1254.86,-518.51
-1308.0,-504.0,-139.647,1.4122e-06,86.8378,-137.687,91.467,-15.4508,-1342.34,-615.936,-1339.41,-532.593
-1306.0,-504.0,-139.194,1.41714e-06,86.9842,-137.873,91.4693,-15.2695,-1341.72,-615.91,-1339.03,-533.876
-1304.0,-504.0,-138.76,1.42209e-06,87.1173,-138.056,91.4715,-15.0894,-1341.09,-615.883,-1338.66,-535.147
-1302.0,-504.0,-138.344,1.42705e-06,87.2388,-138.238,91.4737,-14.9106,-1340.45,-615.857,-1338.29,-536.405
-1300.0,-504.0,-147.051,1.64898e-06,88.5978,-15.9131,91.4022,-14.6085,-1339.34,-615.81,-1254.88,-516.863
-1298.0,-504.0,-148.221,1.64257e-06,88.5924,-16.169,91.4076,-14.6085,-1339.34,-615.81,-1254.89,-516.5
-1296.0,-504.0,-149.06,6.15768e-07,82.0795,-123.699,81.6808,54.9373,-1393.05,-590.097,-1371.47,-617.164
-1294.0,-504.0,-150.246,1.62977e-06,88.5813,-16.7055,91.4187,-14.6085,-1339.34,-615.81,-1254.89,-515.736
-1292.0,-504.0,-151.152,1.62339e-06,88.5757,-16.987,91.4243,-14.6085,-1339.34,-615.81,-1254.9,-515.334
-1290.0,-504.0,-152.012,1.61701e-06,88.5701,-17.2778,91.4299,-14.6085,-1339.34,-615.81,-1254.9,-514.916
-1288.0,-504.0,-152.401,6.97747e-07,86.6632,-115.039,93.3368,-43.3117,-1381.35,-617.58,-1320.59,-573.759
-1286.0,-504.0,-152.109,7.00627e-07,86.6539,-115.864,93.3461,-43.3117,-1381.35,-617.58,-1319.81,-573.739
-1284.0,-504.0,-150.827,7.52864e-07,86.8648,-115.401,93.1352,54.9672,-1393.06,-590.097,-1317.08,-573.667
-1282.0,-504.0,-149.435,7.55791e-07,86.8556,-116.417,93.1444,54.9672,-1393.06,-590.097,-1316.6,-573.655
-1280.0,-504.0,-148.169,7.58823e-07,86.8469,-117.415,93.1531,54.9672,-1393.06,-590.097,-1316.12,-573.642
-1278.0,-504.0,-147.228,7.61957e-07,86.8386,-118.396,93.1614,54.9672,-1393.06,-590.097,-1315.64,-573.63
-1276.0,-504.0,-140.825,7.6498e-07,86.3417,-120.945,92.761,56.3041,-1393.4,-590.108,-1317.78,-573.686
-1274.0,-504.0,-138.212,7.68462e-07,86.2665,-121.375,92.7475,55.8785,-1393.29,-590.105,-1316.47,-573.652
-1272.0,-504.0,-136.771,7.71987e-07,86.1921,-121.801,92.7341,55.4569,-1393.19,-590.101,-1315.17,-573.617
-1270.0,-504.0,-136.169,7.75554e-07,86.1186,-122.223,92.7206,55.0391,-1393.08,-590.098,-1313.86,-573.583
-1268.0,-504.0,-146.917,7.29717e-07,86.4902,-123.775,93.5098,-43.396,-1381.4,-617.583,-1314.55,-573.601
-1266.0,-504.0,-145.966,7.33482e-07,86.466,-124.388,93.534,-43.396,-1381.4,-617.583,-1313.62,-573.577
-1264.0,-504.0,-145.218,7.37291e-07,86.4624,-124.992,93.5376,-43.396,-1381.4,-617.583,-1312.69,-573.553
-1262.0,-504.0,-158.711,1.41423e-06,88.1451,56.6838,91.8549,-43.396,-1381.4,-617.583,-1211.54,-427.223
-1260.0,-504.0,-159.826,1.41059e-06,88.1289,56.9508,91.8711,-43.396,-1381.4,-617.583,-1211.45,-429.386
-1258.0,-504.0,-158.706,8.01174e-07,86.6842,-56.3523,93.3158,-35.9954,-1376.1,-617.359,-1254.97,-508.547
-1256.0,-504.0,-159.27,7.97527e-07,86.6488,-56.9329,93.3512,-35.9954,-1376.1,-617.359,-1255.01,-505.526
-1254.0,-504.0,0.0,0.0,0.0,0.0,0.0,0.0,0.0,0.0,0.0,0.0
-1252.0,-504.0,0.0,0.0,0.0,0.0,0.0,0.0,0.0,0.0,0.0,0.0
-1250.0,-504.0,0.0,0.0,0.0,0.0,0.0,0.0,0.0,0.0,0.0,0.0
-1248.0,-504.0,0.0,0.0,0.0,0.0,0.0,0.0,0.0,0.0,0.0,0.0
-1246.0,-504.0,0.0,0.0,0.0,0.0,0.0,0.0,0.0,0.0,0.0,0.0
-1244.0,-504.0,0.0,0.0,0.0,0.0,0.0,0.0,0.0,0.0,0.0,0.0
-1242.0,-504.0,0.0,0.0,0.0,0.0,0.0,0.0,0.0,0.0,0.0,0.0
-1240.0,-504.0,0.0,0.0,0.0,0.0,0.0,0.0,0.0,0.0,0.0,0.0
-1238.0,-504.0,0.0,0.0,0.0,0.0,0.0,0.0,0.0,0.0,0.0,0.0
-1236.0,-504.0,0.0,0.0,0.0,0.0,0.0,0.0,0.0,0.0,0.0,0.0
-1234.0,-504.0,0.0,0.0,0.0,0.0,0.0,0.0,0.0,0.0,0.0,0.0
-1232.0,-504.0,0.0,0.0,0.0,0.0,0.0,0.0,0.0,0.0,0.0,0.0
-1230.0,-504.0,0.0,0.0,0.0,0.0,0.0,0.0,0.0,0.0,0.0,0.0
-1228.0,-504.0,0.0,0.0,0.0,0.0,0.0,0.0,0.0,0.0,0.0,0.0
-1226.0,-504.0,0.0,0.0,0.0,0.0,0.0,0.0,0.0,0.0,0.0,0.0
-1224.0,-504.0,0.0,0.0,0.0,0.0,0.0,0.0,0.0,0.0,0.0,0.0
-1222.0,-504.0,0.0,0.0,0.0,0.0,0.0,0.0,0.0,0.0,0.0,0.0
-1220.0,-504.0,0.0,0.0,0.0,0.0,0.0,0.0,0.0,0.0,0.0,0.0
-1218.0,-504.0,0.0,0.0,0.0,0.0,0.0,0.0,0.0,0.0,0.0,0.0
-1216.0,-504.0,0.0,0.0,0.0,0.0,0.0,0.0,0.0,0.0,0.0,0.0
-1214.0,-504.0,0.0,0.0,0.0,0.0,0.0,0.0,0.0,0.0,0.0,0.0
-1212.0,-504.0,0.0,0.0,0.0,0.0,0.0,0.0,0.0,0.0,0.0,0.0
-1210.0,-504.0,0.0,0.0,0.0,0.0,0.0,0.0,0.0,0.0,0.0,0.0
-1208.0,-504.0,0.0,0.0,0.0,0.0,0.0,0.0,0.0,0.0,0.0,0.0
-1206.0,-504.0,0.0,0.0,0.0,0.0,0.0,0.0,0.0,0.0,0.0,0.0
-1204.0,-504.0,0.0,0.0,0.0,0.0,0.0,0.0,0.0,0.0,0.0,0.0
-1202.0,-504.0,0.0,0.0,0.0,0.0,0.0,0.0,0.0,0.0,0.0,0.0
-1600.0,-502.0,0.0,0.0,0.0,0.0,0.0,0.0,0.0,0.0,0.0,0.0
-1598.0,-502.0,0.0,0.0,0.0,0.0,0.0,0.0,0.0,0.0,0.0,0.0
-1596.0,-502.0,0.0,0.0,0.0,0.0,0.0,0.0,0.0,0.0,0.0,0.0
-1594.0,-502.0,-150.972,2.12572e-06,89.4742,-6.19528,90.5258,-15.3614,-1342.04,-615.923,-1399.57,-523.105
-1592.0,-502.0,-150.773,2.11909e-06,89.4574,-6.25916,90.5426,-15.3614,-1342.04,-615.923,-1399.57,-523.105
-1590.0,-502.0,-150.568,2.11246e-06,89.4404,-6.32437,90.5596,-15.3614,-1342.04,-615.923,-1399.57,-523.105
-1588.0,-502.0,-150.355,2.10583e-06,89.4233,-6.39095,90.5767,-15.3614,-1342.04,-615.923,-1399.57,-523.105
-1586.0,-502.0,-150.135,2.09921e-06,89.4061,-6.45894,90.5939,-15.3614,-1342.04,-615.923,-1399.57,-523.105
-1584.0,-502.0,-149.905,2.09258e-06,89.3856,-6.52838,90.6144,-15.3614,-1342.04,-615.923,-1399.57,-523.105
-1582.0,-502.0,-149.667,2.08596e-06,89.3604,-6.59932,90.6396,-15.3614,-1342.04,-615.923,-1399.57,-523.105
-1580.0,-502.0,-147.148,1.12546e-06,88.7715,45.6424,91.2285,134.012,-1425.51,-573.595,-1510.3,-430.715
-1578.0,-502.0,-143.69,1.12083e-06,88.7232,46.1322,91.2768,134.012,-1425.51,-573.595,-1509.46,-430.7
-1576.0,-502.0,-138.654,1.11625e-06,88.6745,46.6302,91.3255,134.012,-1425.51,-573.595,-1508.63,-430.686
-1574.0,-502.0,-130.55,1.11171e-06,88.6255,47.1365,91.3745,134.012,-1425.51,-573.595,-1507.8,-430.671
-1572.0,-502.0,-124.971,1.1072e-06,88.5949,47.433,91.4051,133.801,-1425.51,-573.395,-1506.46,-430.647
-1570.0,-502.0,-127.649,1.1027e-06,88.5746,47.6884,91.4254,133.545,-1425.52,-573.15,-1505.02,-430.622
-1568.0,-502.0,-129.558,1.09823e-06,88.554,47.946,91.446,133.288,-1425.53,-572.901,-1503.59,-430.597
-1566.0,-502.0,-129.662,1.09378e-06,88.5334,48.2056,91.4666,133.028,-1425.53,-572.648,-1502.15,-430.571
-1564.0,-502.0,-127.911,1.08935e-06,88.5126,48.4674,91.4874,132.766,-1425.54,-572.389,-1500.71,-430.546
-1562.0,-502.0,-125.334,1.08495e-06,88.4917,48.7313,91.5083,132.503,-1425.54,-572.126,-1499.27,-430.52
-1560.0,-502.0,-141.283,1.08056e-06,88.5044,49.4601,91.4956,132.426,-1425.55,-572.049,-1498.86,-430.513
-1558.0,-502.0,-149.222,1.10041e-06,88.5754,48.5914,91.4246,130.064,-1425.6,-569.555,-1490.61,-425.583
-1556.0,-502.0,-146.975,1.09602e-06,88.6139,49.4459,91.3861,130.064,-1425.6,-569.555,-1490.61,-425.583
-1554.0,-502.0,-143.702,1.0917e-06,88.6528,50.3229,91.3472,130.064,-1425.6,-569.555,-1490.61,-425.583
-1552.0,-502.0,-138.188,1.08746e-06,88.692,51.2227,91.308,130.064,-1425.6,-569.555,-1490.61,-425.583
-1550.0,-502.0,-126.398,1.0833e-06,88.7317,52.1458,91.2683,130.064,-1425.6,-569.555,-1490.61,-425.583
-1548.0,-502.0,-137.701,1.07924e-06,88.75,53.0925,91.25,130.064,-1425.6,-569.555,-1490.61,-425.583
-1546.0,-502.0,-160.587,7.50581e-07,88.2025,-8.20188,91.7975,89.6826,-1399.57,-523.105,-1399.57,-523.105
-1544.0,-502.0,-160.434,7.4398e-07,88.1865,-8.31388,91.8135,89.6826,-1399.57,-523.105,-1399.57,-523.105
-1542.0,-502.0,-160.277,7.37381e-07,88.1703,-8.42897,91.8297,89.6826,-1399.57,-523.105,-1399.57,-523.105
-1540.0,-502.0,-160.118,7.30784e-07,88.1537,-8.54725,91.8463,89.6826,-1399.57,-523.105,-1399.57,-523.105
-1538.0,-502.0,-159.957,7.2419e-07,88.1369,-8.66888,91.8631,89.6826,-1399.57,-523.105,-1399.57,-523.105
-1536.0,-502.0,-159.794,7.17584e-07,88.1522,-8.794,91.8478,89.6826,-1399.57,-523.105,-1399.57,-523.105
-1534.0,-502.0,-135.533,1.92724e-06,89.3288,-8.92274,90.6712,-15.3614,-1342.04,-615.923,-1399.57,-523.105
-1532.0,-502.0,-132.448,1.92112e-06,89.3435,15.4199,90.6565,-15.3614,-1342.04,-615.923,-1530.49,-501.585
-1530.0,-502.0,-129.476,1.91468e-06,89.3581,15.6502,90.6419,-15.3614,-1342.04,-615.923,-1528.05,-501.455
-1528.0,-502.0,-128.866,1.90745e-06,89.3726,-9.33243,90.6274,-15.3614,-1342.04,-615.923,-1399.57,-523.105
-1526.0,-502.0,-125.907,1.90086e-06,89.3874,-9.47741,90.6126,-15.3614,-1342.04,-615.923,-1399.57,-523.105
-1524.0,-502.0,-127.3,1.89428e-06,89.3969,-9.62692,90.6031,-15.3614,-1342.04,-615.923,-1399.57,-523.105
-1522.0,-502.0,-130.273,1.8877e-06,89.4034,-9.78117,90.5966,-15.3614,-1342.04,-615.923,-1399.57,-523.105
-1520.0,-502.0,-132.881,1.88112e-06,89.4098,-9.9404,90.5902,-15.3614,-1342.04,-615.923,-1399.57,-523.105
-1518.0,-502.0,-135.219,1.87455e-06,89.4164,-10.1048,90.5836,-15.3614,-1342.04,-615.923,-1399.57,-523.105
-1516.0,-502.0,-137.15,1.86798e-06,89.423,-10.2748,90.577,-15.3614,-1342.04,-615.923,-1399.57,-523.105
-1514.0,-502.0,-138.837,1.86141e-06,89.4296,-10.4504,90.5704,-15.3614,-1342.04,-615.923,-1399.57,-523.105
-1512.0,-502.0,-140.318,1.85485e-06,89.4287,-10.6321,90.5713,-15.3614,-1342.04,-615.923,-1399.57,-523.105
-1510.0,-502.0,-141.63,1.84829e-06,89.4267,-10.8202,90.5733,-15.3614,-1342.04,-615.923,-1399.57,-523.105
-1508.0,-502.0,-142.807,1.84174e-06,89.4246,-11.0149,90.5754,-15.3614,-1342.04,-615.923,-1399.57,-523.105
-1506.0,-502.0,-143.878,1.83519e-06,89.4226,-11.2167,90.5774,-15.3614,-1342.04,-615.923,-1399.57,-523.105
-1504.0,-502.0,-144.862,1.82865e-06,89.4205,-11.426,90.5795,-15.3614,-1342.04,-615.923,-1399.57,-523.105
-1502.0,-502.0,-145.775,1.82211e-06,89.4174,-11.643,90.5826,-15.3614,-1342.04,-615.923,-1399.57,-523.105
-1500.0,-502.0,-146.629,1.81558e-06,89.4064,-11.8684,90.5936,-15.3614,-1342.04,-615.923,-1399.57,-523.105
-1498.0,-502.0,-147.433,1.80906e-06,89.3954,-12.1025,90.6046,-15.3614,-1342.04,-615.923,-1399.57,-523.105
-1496.0,-502.0,-148.195,1.80254e-06,89.3842,-12.3459,90.6158,-15.3614,-1342.04,-615.923,-1399.57,-523.105
-1494.0,-502.0,-148.921,1.79603e-06,89.373,-12.5991,90.627,-15.3614,-1342.04,-615.923,-1399.57,-523.105
-1492.0,-502.0,-149.616,1.78952e-06,89.3617,-12.8628,90.6383,-15.3614,-1342.04,-615.923,-1399.57,-523.105
-1490.0,-502.0,-150.284,1.78302e-06,89.3506,-13.1375,90.6494,-15.3614,-1342.04,-615.923,-1399.57,-523.105
-1488.0,-502.0,-150.929,1.77653e-06,89.3482,-13.424,90.6518,-15.3614,-1342.04,-615.923,-1399.57,-523.105
-1486.0,-502.0,-151.554,1.77004e-06,89.3458,-13.723,90.6542,-15.3614,-1342.04,-615.923,-1399.57,-523.105
-1484.0,-502.0,-152.161,1.76356e-06,89.3434,-14.0354,90.6566,-15.3614,-1342.04,-615.923,-1399.57,-523.105
-1482.0,-502.0,-152.753,1.75709e-06,89.341,-14.3621,90.659,-15.3614,-1342.04,-615.923,-1399.57,-523.105
-1480.0,-502.0,-153.332,1.75063e-06,89.3386,-14.7039,90.6614,-15.3614,-1342.04,-615.923,-1399.57,-523.105
-1478.0,-502.0,-153.899,1.74418e-06,89.3361,-15.062,90.6639,-15.3614,-1342.04,-615.923,-1399.57,-523.105
-1476.0,-502.0,-152.567,5.69725e-07,87.9672,39.3495,92.0328,129.101,-1425.63,-568.463,-1471.68,-498.459
-1474.0,-502.0,-148.842,1.04936e-06,88.8965,-72.6592,91.1035,79.7933,-1396.62,-581.218,-1466.17,-527.064
-1472.0,-502.0,-117.163,1.04697e-06,88.894,-74.5044,91.106,77.6751,-1396.53,-584.118,-1465.06,-527.037
-1470.0,-502.0,-116.618,1.03927e-06,88.8858,-76.2697,91.1142,104.045,-1443.95,-424.34,-1463.89,-527.009
-1468.0,-502.0,-116.955,1.03771e-06,88.8841,-76.6277,91.1159,103.687,-1442.79,-424.309,-1462.07,-526.966
-1466.0,-502.0,-117.341,1.03619e-06,88.8796,-76.9868,91.1204,103.328,-1441.63,-424.278,-1460.24,-526.922
-1464.0,-502.0,-117.78,1.03471e-06,88.8624,-77.3469,91.1376,102.968,-1440.47,-424.247,-1458.41,-526.878
-1462.0,-502.0,-118.276,1.03328e-06,88.8452,-77.708,91.1548,102.607,-1439.32,-424.217,-1456.59,-526.835
-1460.0,-502.0,-112.265,8.69044e-07,88.6084,78.7975,91.3916,104.255,-1444.62,-424.358,-1444.62,-424.358
-1458.0,-502.0,-112.441,8.6778e-07,88.5877,79.2298,91.4123,103.822,-1443.22,-424.321,-1443.22,-424.321
-1456.0,-502.0,-112.651,8.66565e-07,88.5671,79.6634,91.4329,103.389,-1441.83,-424.283,-1441.83,-424.283
-1454.0,-502.0,-112.899,8.65397e-07,88.5544,80.0982,91.4456,102.954,-1440.43,-424.246,-1440.43,-424.246
-1452.0,-502.0,-113.189,8.64275e-07,88.5525,80.5342,91.4475,102.518,-1439.03,-424.209,-1439.03,-424.209
-1450.0,-502.0,-113.524,8.63203e-07,88.5508,80.9712,91.4492,102.081,-1437.63,-424.172,-1437.63,-424.172
-1448.0,-502.0,-113.908,8.62181e-07,88.549,81.4094,91.451,101.643,-1436.24,-424.135,-1436.24,-424.135
-1446.0,-502.0,-114.345,8.6121e-07,88.5474,81.8485,91.4526,101.204,-1434.84,-424.097,-1434.84,-424.097
-1444.0,-502.0,-114.835,8.60289e-07,88.5458,82.2886,91.4542,100.764,-1433.45,-424.06,-1433.45,-424.06
-1442.0,-502.0,-115.381,8.59419e-07,88.5444,82.7297,91.4556,100.323,-1432.05,-424.023,-1432.05,-424.023
-1440.0,-502.0,-114.815,4.59334e-07,93.5579,-44.2534,93.5579,134.954,-1425.49,-574.47,-1428.48,-513.223
-1438.0,-502.0,-101.858,3.514e-07,86.438,-68.8059,93.562,111.194,-1438.0,-502.0,-1400.0,-600.0
-1436.0,-502.0,-101.799,3.49047e-07,86.414,-69.8293,93.586,110.171,-1436.0,-502.0,-1400.0,-600.0
-1434.0,-502.0,-101.743,3.46807e-07,86.3908,-70.8664,93.6092,109.134,-1434.0,-502.0,-1400.0,-600.0
-1432.0,-502.0,-101.69,3.44682e-07,86.3685,-71.9166,93.6315,108.083,-1432.0,-502.0,-1400.0,-600.0
-1430.0,-502.0,-101.639,3.42673e-07,86.3472,-72.9795,93.6528,107.021,-1430.0,-502.0,-1400.0,-600.0
-1428.0,-502.0,-101.591,3.40784e-07,86.3269,-74.0546,93.6731,105.945,-1428.0,-502.0,-1400.0,-600.0
-1426.0,-502.0,-101.546,3.39015e-07,86.3077,-75.1414,93.6923,104.859,-1426.0,-502.0,-1400.0,-600.0
-1424.0,-502.0,-101.503,3.37369e-07,86.2897,-76.2392,93.7103,103.761,-1424.0,-502.0,-1400.0,-600.0
-1422.0,-502.0,-101.464,3.35847e-07,86.2729,-77.3474,93.7271,102.653,-1422.0,-502.0,-1400.0,-600.0
-1420.0,-502.0,-101.428,3.34452e-07,86.2573,-78.4654,93.7427,101.535,-1420.0,-502.0,-1400.0,-600.0
-1418.0,-502.0,-101.395,3.33185e-07,86.243,-79.5923,93.757,100.408,-1418.0,-502.0,-1400.0,-600.0
-1416.0,-502.0,-101.365,3.32047e-07,86.2302,-80.7274,93.7698,99.2726,-1416.0,-502.0,-1400.0,-600.0
-1414.0,-502.0,-101.338,3.31039e-07,86.2187,-81.8699,93.7813,98.1301,-1414.0,-502.0,-1400.0,-600.0
-1412.0,-502.0,-101.315,3.30163e-07,86.2086,-83.0189,93.7914,96.9811,-1412.0,-502.0,-1400.0,-600.0
-1410.0,-502.0,-101.296,3.29421e-07,86.2001,-84.1737,93.7999,95.8263,-1410.0,-502.0,-1400.0,-600.0
-1408.0,-502.0,-101.28,3.28812e-07,86.193,-85.3331,93.807,94.6669,-1408.0,-502.0,-1400.0,-600.0
-1406.0,-502.0,-101.268,3.28351e-07,86.1514,-86.4965,93.8486,93.5035,-1406.0,-502.0,-1400.0,-600.0
-1404.0,-502.0,-101.259,3.28031e-07,86.0983,-87.6627,93.9017,92.3373,-1404.0,-502.0,-1400.0,-600.0
-1402.0,-502.0,-101.254,3.27847e-07,86.0468,-88.8309,93.9532,91.1691,-1402.0,-502.0,-1400.0,-600.0
-1400.0,-502.0,-101.253,3.27798e-07,85.9968,-90.0,94.0032,90.0,-1400.0,-502.0,-1400.0,-600.0
-1398.0,-502.0,-134.737,4.85714e-07,87.2663,-111.494,92.7337,-103.963,-1404.61,-618.561,-1425.55,-571.954
-1396.0,-502.0,-128.725,5.11703e-07,87.3736,-139.252,92.6264,141.217,-1425.37,-579.616,-1429.66,-531.001
-1394.0,-502.0,-122.177,5.16784e-07,87.3682,-139.736,92.6318,141.701,-1425.36,-579.973,-1429.63,-532.179
-1392.0,-502.0,-116.926,5.21902e-07,87.3631,-140.21,92.6369,142.175,-1425.35,-580.317,-1429.6,-533.319
-1390.0,-502.0,-150.167,4.49697e-07,86.9033,-122.6,93.0967,117.862,-1429.33,-544.506,-1394.3,-508.73
-1388.0,-502.0,-143.849,4.53367e-07,86.8928,-123.925,93.1072,117.862,-1429.33,-544.506,-1392.52,-508.718
-1386.0,-502.0,-143.167,4.57163e-07,86.8833,-125.209,93.1167,117.862,-1429.33,-544.506,-1390.73,-508.705
-1384.0,-502.0,-144.286,4.6108e-07,86.8747,-126.454,93.1253,117.862,-1429.33,-544.506,-1388.94,-508.693
-1382.0,-502.0,-147.46,4.65097e-07,86.898,-127.66,93.102,117.862,-1429.33,-544.506,-1387.16,-508.681
-1380.0,-502.0,-154.535,1.42897e-06,88.9908,17.3705,91.0092,-15.5937,-1342.83,-615.957,-1373.35,-499.92
-1378.0,-502.0,-154.642,1.42261e-06,88.9863,17.5412,91.0137,-15.5937,-1342.83,-615.957,-1371.41,-499.918
-1376.0,-502.0,-152.937,1.41218e-06,88.9788,-16.448,91.0212,-15.5937,-1342.83,-615.957,-1186.78,-557.862
-1374.0,-502.0,-153.071,1.40578e-06,88.9742,-16.6141,91.0258,-15.5937,-1342.83,-615.957,-1186.78,-557.862
-1372.0,-502.0,-153.204,1.39939e-06,88.9695,-16.7834,91.0305,-15.5937,-1342.83,-615.957,-1186.78,-557.862
-1370.0,-502.0,-153.335,1.39301e-06,88.9555,-16.9562,91.0445,-15.5937,-1342.83,-615.957,-1186.78,-557.862
-1368.0,-502.0,-153.466,1.38664e-06,88.939,-17.1324,91.061,-15.5937,-1342.83,-615.957,-1186.78,-557.862
-1366.0,-502.0,-153.595,1.38027e-06,88.9224,-17.3122,91.0776,-15.5937,-1342.83,-615.957,-1186.78,-557.862
-1364.0,-502.0,-153.724,1.37391e-06,88.9057,-17.4958,91.0943,-15.5937,-1342.83,-615.957,-1186.78,-557.862
-1362.0,-502.0,-153.852,1.36755e-06,88.8888,-17.6831,91.1112,-15.5937,-1342.83,-615.957,-1186.78,-557.862
-1360.0,-502.0,-153.981,1.3612e-06,88.8712,-17.8743,91.1288,-15.5937,-1342.83,-615.957,-1186.78,-557.862
-1358.0,-502.0,-154.11,1.35487e-06,88.8421,-18.0696,91.1579,-15.5937,-1342.83,-615.957,-1186.78,-557.862
-1356.0,-502.0,-154.239,1.34854e-06,88.8127,-18.2691,91.1873,-15.5937,-1342.83,-615.957,-1186.78,-557.862
-1354.0,-502.0,-154.37,1.34222e-06,88.7831,-18.4728,91.2169,-15.5937,-1342.83,-615.957,-1186.78,-557.862
-1352.0,-502.0,-154.502,1.33591e-06,88.7531,-18.681,91.2469,-15.5937,-1342.83,-615.957,-1186.78,-557.862
-1350.0,-502.0,-154.634,1.3296e-06,88.7229,-18.8938,91.2771,-15.5937,-1342.83,-615.957,-1186.78,-557.862
-1348.0,-502.0,-154.766,1.32331e-06,88.6925,-19.1113,91.3075,-15.5937,-1342.83,-615.957,-1186.78,-557.862
-1346.0,-502.0,-162.691,1.3255e-06,88.6703,-22.8982,91.3297,-13.7653,-1335.91,-615.702,-1185.68,-569.718
-1344.0,-502.0,-164.598,1.36827e-06,88.6882,-68.6383,91.3118,-14.6085,-1339.34,-615.81,-1329.2,-539.827
-1342.0,-502.0,-163.388,1.366e-06,88.6624,-71.3118,91.3376,-14.6085,-1339.34,-615.81,-1329.2,-539.827
-1340.0,-502.0,-162.951,1.36402e-06,88.6368,-74.0723,91.3632,-14.6085,-1339.34,-615.81,-1329.2,-539.827
-1338.0,-502.0,-163.104,1.36237e-06,88.6115,-76.9109,91.3885,-14.6085,-1339.34,-615.81,-1329.2,-539.827
-1336.0,-502.0,-163.654,1.36103e-06,88.5864,-79.8163,91.4136,-14.6085,-1339.34,-615.81,-1329.2,-539.827
-1334.0,-502.0,0.0,0.0,0.0,0.0,0.0,0.0,0.0,0.0,0.0,0.0
-1332.0,-502.0,0.0,0.0,0.0,0.0,0.0,0.0,0.0,0.0,0.0,0.0
-1330.0,-502.0,0.0,0.0,0.0,0.0,0.0,0.0,0.0,0.0,0.0,0.0
-1328.0,-502.0,0.0,0.0,0.0,0.0,0.0,0.0,0.0,0.0,0.0,0.0
-1326.0,-502.0,0.0,0.0,0.0,0.0,0.0,0.0,0.0,0.0,0.0,0.0
-1324.0,-502.0,0.0,0.0,0.0,0.0,0.0,0.0,0.0,0.0,0.0,0.0
-1322.0,-502.0,0.0,0.0,0.0,0.0,0.0,0.0,0.0,0.0,0.0,0.0
-1320.0,-502.0,0.0,0.0,0.0,0.0,0.0,0.0,0.0,0.0,0.0,0.0
-1318.0,-502.0,0.0,0.0,0.0,0.0,0.0,0.0,0.0,0.0,0.0,0.0
-1316.0,-502.0,0.0,0.0,0.0,0.0,0.0,0.0,0.0,0.0,0.0,0.0
-1314.0,-502.0,0.0,0.0,0.0,0.0,0.0,0.0,0.0,0.0,0.0,0.0
-1312.0,-502.0,-143.907,1.68932e-06,88.6386,-15.3406,91.3614,-14.6085,-1339.34,-615.81,-1254.87,-517.672
-1310.0,-502.0,-145.443,1.68289e-06,88.6334,-15.5654,91.3666,-14.6085,-1339.34,-615.81,-1254.88,-517.355
-1308.0,-502.0,-146.77,1.67647e-06,88.6282,-15.7967,91.3718,-14.6085,-1339.34,-615.81,-1254.88,-517.028
-1306.0,-502.0,-138.412,1.42161e-06,87.1125,-137.676,91.4668,-15.4694,-1342.41,-615.939,-1339.45,-532.461
-1304.0,-502.0,-137.934,1.42654e-06,87.2381,-137.859,91.469,-15.2892,-1341.79,-615.913,-1339.07,-533.737
-1302.0,-502.0,-137.475,1.43149e-06,87.353,-138.041,91.4712,-15.1102,-1341.16,-615.887,-1338.7,-535.0
-1300.0,-502.0,-137.038,1.43646e-06,87.4585,-138.221,91.4734,-14.9324,-1340.53,-615.86,-1338.34,-536.251
-1298.0,-502.0,-148.63,6.1764e-07,82.1673,-122.828,81.5923,55.7918,-1393.27,-590.104,-1372.32,-617.2
-1296.0,-502.0,-148.852,6.21249e-07,82.2116,-123.35,81.6462,55.2698,-1393.14,-590.1,-1371.8,-617.178
-1294.0,-502.0,-153.273,1.63174e-06,88.5906,-17.6237,91.4094,-14.6085,-1339.34,-615.81,-1254.91,-514.418
-1292.0,-502.0,-154.047,1.62538e-06,88.5851,-17.9187,91.4149,-14.6085,-1339.34,-615.81,-1254.91,-513.992
-1290.0,-502.0,-153.748,7.0103e-07,86.718,-113.831,93.282,-43.3117,-1381.35,-617.58,-1321.71,-573.788
-1288.0,-502.0,-152.799,7.03768e-07,86.727,-114.657,93.273,-43.3117,-1381.35,-617.58,-1320.94,-573.768
-1286.0,-502.0,-152.315,7.06607e-07,86.7173,-115.472,93.2827,-43.3117,-1381.35,-617.58,-1320.18,-573.748
-1284.0,-502.0,-151.688,7.58872e-07,86.9223,-114.923,93.0777,54.9672,-1393.06,-590.097,-1317.3,-573.673
-1282.0,-502.0,-150.231,7.61748e-07,86.9127,-115.925,93.0873,54.9672,-1393.06,-590.097,-1316.84,-573.661
-1280.0,-502.0,-148.93,7.64728e-07,86.9036,-116.911,93.0964,54.9672,-1393.06,-590.097,-1316.37,-573.649
-1278.0,-502.0,-147.789,7.6781e-07,86.895,-117.879,93.105,54.9672,-1393.06,-590.097,-1315.9,-573.636
-1276.0,-502.0,-147.225,7.70996e-07,86.8782,-118.831,93.1218,54.9672,-1393.06,-590.097,-1315.43,-573.624
-1274.0,-502.0,-139.046,7.74128e-07,86.4049,-121.114,92.7556,56.1331,-1393.36,-590.107,-1317.26,-573.672
-1272.0,-502.0,-136.96,7.77627e-07,86.3314,-121.537,92.7423,55.7133,-1393.25,-590.103,-1315.96,-573.638
-1270.0,-502.0,-133.857,7.8115e-07,86.7946,-121.583,93.2054,54.9672,-1393.06,-590.097,-1314.01,-573.587
-1268.0,-502.0,-126.019,7.84715e-07,86.768,-122.466,93.232,54.9672,-1393.06,-590.097,-1313.54,-573.575
-1266.0,-502.0,-146.699,7.38968e-07,86.524,-123.976,93.476,-43.396,-1381.4,-617.583,-1314.25,-573.593
-1264.0,-502.0,-145.825,7.42748e-07,86.5051,-124.576,93.4949,-43.396,-1381.4,-617.583,-1313.33,-573.569
-1262.0,-502.0,-145.153,7.46574e-07,86.5013,-125.168,93.4987,-43.396,-1381.4,-617.583,-1312.41,-573.545
-1260.0,-502.0,-159.012,1.40499e-06,88.1302,56.7757,91.8698,-43.396,-1381.4,-617.583,-1211.51,-427.965
-1258.0,-502.0,-158.977,8.0672e-07,86.7224,-56.7323,93.2776,-35.9954,-1376.1,-617.359,-1254.99,-506.581
-1256.0,-502.0,-160.856,8.0311e-07,86.6875,-57.3095,93.3125,-35.9954,-1376.1,-617.359,-1255.03,-503.514
-1254.0,-502.0,0.0,0.0,0.0,0.0,0.0,0.0,0.0,0.0,0.0,0.0
-1252.0,-502.0,0.0,0.0,0.0,0.0,0.0,0.0,0.0,0.0,0.0,0.0
-1250.0,-502.0,0.0,0.0,0.0,0.0,0.0,0.0,0.0,0.0,0.0,0.0
-1248.0,-502.0,0.0,0.0,0.0,0.0,0.0,0.0,0.0,0.0,0.0,0.0
-1246.0,-502.0,0.0,0.0,0.0,0.0,0.0,0.0,0.0,0.0,0.0,0.0
-1244.0,-502.0,0.0,0.0,0.0,0.0,0.0,0.0,0.0,0.0,0.0,0.0
-1242.0,-502.0,0.0,0.0,0.0,0.0,0.0,0.0,0.0,0.0,0.0,0.0
-1240.0,-502.0,0.0,0.0,0.0,0.0,0.0,0.0,0.0,0.0,0.0,0.0
-1238.0,-502.0,0.0,0.0,0.0,0.0,0.0,0.0,0.0,0.0,0.0,0.0
-1236.0,-502.0,0.0,0.0,0.0,0.0,0.0,0.0,0.0,0.0,0.0,0.0
-1234.0,-502.0,0.0,0.0,0.0,0.0,0.0,0.0,0.0,0.0,0.0,0.0
-1232.0,-502.0,0.0,0.0,0.0,0.0,0.0,0.0,0.0,0.0,0.0,0.0
-1230.0,-502.0,0.0,0.0,0.0,0.0,0.0,0.0,0.0,0.0,0.0,0.0
-1228.0,-502.0,0.0,0.0,0.0,0.0,0.0,0.0,0.0,0.0,0.0,0.0
-1226.0,-502.0,0.0,0.0,0.0,0.0,0.0,0.0,0.0,0.0,0.0,0.0
-1224.0,-502.0,0.0,0.0,0.0,0.0,0.0,0.0,0.0,0.0,0.0,0.0
-1222.0,-502.0,0.0,0.0,0.0,0.0,0.0,0.0,0.0,0.0,0.0,0.0
-1220.0,-502.0,0.0,0.0,0.0,0.0,0.0,0.0,0.0,0.0,0.0,0.0
-1218.0,-502.0,0.0,0.0,0.0,0.0,0.0,0.0,0.0,0.0,0.0,0.0
-1216.0,-502.0,0.0,0.0,0.0,0.0,0.0,0.0,0.0,0.0,0.0,0.0
-1214.0,-502.0,0.0,0.0,0.0,0.0,0.0,0.0,0.0,0.0,0.0,0.0
-1212.0,-502.0,0.0,0.0,0.0,0.0,0.0,0.0,0.0,0.0,0.0,0.0
-1210.0,-502.0,0.0,0.0,0.0,0.0,0.0,0.0,0.0,0.0,0.0,0.0
-1208.0,-502.0,0.0,0.0,0.0,0.0,0.0,0.0,0.0,0.0,0.0,0.0
-1206.0,-502.0,0.0,0.0,0.0,0.0,0.0,0.0,0.0,0.0,0.0,0.0
-1204.0,-502.0,0.0,0.0,0.0,0.0,0.0,0.0,0.0,0.0,0.0,0.0
-1202.0,-502.0,0.0,0.0,0.0,0.0,0.0,0.0,0.0,0.0,0.0,0.0
-1600.0,-500.0,0.0,0.0,0.0,0.0,0.0,0.0,0.0,0.0,0.0,0.0
-1598.0,-500.0,0.0,0.0,0.0,0.0,0.0,0.0,0.0,0.0,0.0,0.0
-1596.0,-500.0,0.0,0.0,0.0,0.0,0.0,0.0,0.0,0.0,0.0,0.0
-1594.0,-500.0,-149.562,2.12648e-06,89.4395,-6.77714,90.5605,-15.3614,-1342.04,-615.923,-1399.57,-523.105
-1592.0,-500.0,-149.309,2.11986e-06,89.4226,-6.84691,90.5774,-15.3614,-1342.04,-615.923,-1399.57,-523.105
-1590.0,-500.0,-149.047,2.11324e-06,89.4055,-6.91813,90.5945,-15.3614,-1342.04,-615.923,-1399.57,-523.105
-1588.0,-500.0,-148.772,2.10662e-06,89.3883,-6.99084,90.6117,-15.3614,-1342.04,-615.923,-1399.57,-523.105
-1586.0,-500.0,-148.485,2.10001e-06,89.371,-7.06508,90.629,-15.3614,-1342.04,-615.923,-1399.57,-523.105
-1584.0,-500.0,-148.184,2.09339e-06,89.3504,-7.14091,90.6496,-15.3614,-1342.04,-615.923,-1399.57,-523.105
-1582.0,-500.0,-152.304,1.12544e-06,88.7486,44.6815,91.2514,134.012,-1425.51,-573.595,-1511.97,-430.745
-1580.0,-500.0,-149.785,1.12074e-06,88.7001,45.1633,91.2999,134.012,-1425.51,-573.595,-1511.12,-430.73
-1578.0,-500.0,-146.996,1.11607e-06,88.6512,45.6533,91.3488,134.012,-1425.51,-573.595,-1510.28,-430.715
-1576.0,-500.0,-143.446,1.11145e-06,88.602,46.1517,91.398,134.012,-1425.51,-573.595,-1509.43,-430.7
-1574.0,-500.0,-138.183,1.10687e-06,88.5644,46.6585,91.4356,134.012,-1425.51,-573.595,-1508.59,-430.685
-1572.0,-500.0,-129.79,1.10232e-06,88.5438,47.1739,91.4562,134.012,-1425.51,-573.595,-1507.74,-430.67
-1570.0,-500.0,-125.135,1.0978e-06,88.5231,47.4539,91.4769,133.78,-1425.51,-573.375,-1506.35,-430.645
-1568.0,-500.0,-127.817,1.09331e-06,88.5023,47.7116,91.4977,133.522,-1425.52,-573.128,-1504.89,-430.62
-1566.0,-500.0,-129.591,1.08884e-06,88.4813,47.9715,91.5187,133.262,-1425.53,-572.876,-1503.44,-430.594
-1564.0,-500.0,-129.474,1.08439e-06,88.4602,48.2335,91.5398,133.0,-1425.53,-572.62,-1501.99,-430.568
-1562.0,-500.0,-127.539,1.07997e-06,88.4389,48.4977,91.5611,132.736,-1425.54,-572.359,-1500.54,-430.543
-1560.0,-500.0,-124.943,1.07555e-06,88.4514,48.764,91.5486,132.47,-1425.54,-572.093,-1499.1,-430.517
-1558.0,-500.0,-142.954,1.07116e-06,88.4903,49.5982,91.5097,132.426,-1425.55,-572.049,-1498.86,-430.513
-1556.0,-500.0,-148.836,1.091e-06,88.5621,48.6939,91.4379,130.064,-1425.6,-569.555,-1490.61,-425.583
-1554.0,-500.0,-146.423,1.08661e-06,88.6009,49.5744,91.3991,130.064,-1425.6,-569.555,-1490.61,-425.583
-1552.0,-500.0,-142.813,1.08231e-06,88.6401,50.4787,91.3599,130.064,-1425.6,-569.555,-1490.61,-425.583
-1550.0,-500.0,-136.395,1.07808e-06,88.6797,51.4072,91.3203,130.064,-1425.6,-569.555,-1490.61,-425.583
-1548.0,-500.0,-126.002,1.07394e-06,88.7197,52.2323,91.2803,129.985,-1425.61,-569.467,-1490.34,-425.576
-1546.0,-500.0,-158.495,1.04677e-06,88.6994,55.8459,91.3006,132.426,-1425.55,-572.049,-1498.86,-430.513
-1544.0,-500.0,-160.065,7.44996e-07,88.1724,-9.08914,91.8276,89.6826,-1399.57,-523.105,-1399.57,-523.105
-1542.0,-500.0,-161.852,8.10133e-07,88.3193,-21.462,91.6807,82.1554,-1396.76,-576.497,-1472.76,-527.221
-1540.0,-500.0,-161.95,8.03931e-07,88.3064,-21.7636,91.6936,82.1554,-1396.76,-576.497,-1471.87,-527.2
-1538.0,-500.0,-162.198,7.97743e-07,88.2932,-22.0733,91.7068,82.1554,-1396.76,-576.497,-1470.98,-527.179
-1536.0,-500.0,-162.665,7.91556e-07,88.3093,-22.3914,91.6907,82.1554,-1396.76,-576.497,-1470.08,-527.157
-1534.0,-500.0,-163.789,6.04173e-07,87.8381,-56.107,92.1619,169.301,-1476.53,-585.541,-1476.53,-585.541
-1532.0,-500.0,0.0,0.0,0.0,0.0,0.0,0.0,0.0,0.0,0.0,0.0
-1530.0,-500.0,0.0,0.0,0.0,0.0,0.0,0.0,0.0,0.0,0.0,0.0
-1528.0,-500.0,0.0,0.0,0.0,0.0,0.0,0.0,0.0,0.0,0.0,0.0
-1526.0,-500.0,0.0,0.0,0.0,0.0,0.0,0.0,0.0,0.0,0.0,0.0
-1524.0,-500.0,0.0,0.0,0.0,0.0,0.0,0.0,0.0,0.0,0.0,0.0
-1522.0,-500.0,0.0,0.0,0.0,0.0,0.0,0.0,0.0,0.0,0.0,0.0
-1520.0,-500.0,0.0,0.0,0.0,0.0,0.0,0.0,0.0,0.0,0.0,0.0
-1518.0,-500.0,0.0,0.0,0.0,0.0,0.0,0.0,0.0,0.0,0.0,0.0
-1516.0,-500.0,0.0,0.0,0.0,0.0,0.0,0.0,0.0,0.0,0.0,0.0
-1514.0,-500.0,0.0,0.0,0.0,0.0,0.0,0.0,0.0,0.0,0.0,0.0
-1512.0,-500.0,0.0,0.0,0.0,0.0,0.0,0.0,0.0,0.0,0.0,0.0
-1510.0,-500.0,0.0,0.0,0.0,0.0,0.0,0.0,0.0,0.0,0.0,0.0
-1508.0,-500.0,0.0,0.0,0.0,0.0,0.0,0.0,0.0,0.0,0.0,0.0
-1506.0,-500.0,0.0,0.0,0.0,0.0,0.0,0.0,0.0,0.0,0.0,0.0
-1504.0,-500.0,0.0,0.0,0.0,0.0,0.0,0.0,0.0,0.0,0.0,0.0
-1502.0,-500.0,0.0,0.0,0.0,0.0,0.0,0.0,0.0,0.0,0.0,0.0
-1500.0,-500.0,-150.316,1.81702e-06,89.4001,-12.9567,90.5999,-15.3614,-1342.04,-615.923,-1399.57,-523.105
-1498.0,-500.0,-150.919,1.81052e-06,89.389,-13.2108,90.611,-15.3614,-1342.04,-615.923,-1399.57,-523.105
-1496.0,-500.0,-151.502,1.80403e-06,89.3779,-13.4749,90.6221,-15.3614,-1342.04,-615.923,-1399.57,-523.105
-1494.0,-500.0,-152.07,1.79755e-06,89.3667,-13.7496,90.6333,-15.3614,-1342.04,-615.923,-1399.57,-523.105
-1492.0,-500.0,-152.623,1.79107e-06,89.3554,-14.0355,90.6446,-15.3614,-1342.04,-615.923,-1399.57,-523.105
-1490.0,-500.0,-153.163,1.78461e-06,89.3442,-14.3333,90.6558,-15.3614,-1342.04,-615.923,-1399.57,-523.105
-1488.0,-500.0,-153.692,1.77815e-06,89.3419,-14.6437,90.6581,-15.3614,-1342.04,-615.923,-1399.57,-523.105
-1486.0,-500.0,-154.211,1.77169e-06,89.3395,-14.9675,90.6605,-15.3614,-1342.04,-615.923,-1399.57,-523.105
-1484.0,-500.0,-154.596,5.49025e-07,87.868,-15.3056,92.132,89.6826,-1399.57,-523.105,-1399.57,-523.105
-1482.0,-500.0,-154.414,5.42599e-07,87.8427,-15.659,92.1573,89.6826,-1399.57,-523.105,-1399.57,-523.105
-1480.0,-500.0,-154.237,5.36183e-07,87.8169,-16.0286,92.1831,89.6826,-1399.57,-523.105,-1399.57,-523.105
-1478.0,-500.0,-154.068,5.2978e-07,87.7905,-16.4156,92.2095,89.6826,-1399.57,-523.105,-1399.57,-523.105
-1476.0,-500.0,-153.911,5.2339e-07,87.7635,-16.8212,92.2365,89.6826,-1399.57,-523.105,-1399.57,-523.105
-1474.0,-500.0,-147.262,1.05511e-06,88.8908,-73.6267,91.1092,85.9366,-1397.78,-568.791,-1466.05,-527.061
-1472.0,-500.0,-117.343,1.05341e-06,88.889,-74.6014,91.111,77.7721,-1396.53,-584.004,-1464.56,-527.025
-1470.0,-500.0,-116.752,1.04576e-06,88.8809,-76.3565,91.1191,103.959,-1443.66,-424.332,-1463.45,-526.999
-1468.0,-500.0,-117.099,1.04421e-06,88.8792,-76.7124,91.1208,103.603,-1442.51,-424.302,-1461.63,-526.955
-1466.0,-500.0,-117.494,1.0427e-06,88.8747,-77.0694,91.1253,103.246,-1441.37,-424.271,-1459.82,-526.912
-1464.0,-500.0,-117.942,1.04123e-06,88.8577,-77.4274,91.1423,102.888,-1440.21,-424.241,-1458.01,-526.869
-1462.0,-500.0,-118.448,1.0398e-06,88.8406,-77.7863,91.1594,102.529,-1439.06,-424.21,-1456.19,-526.825
-1460.0,-500.0,-119.017,1.03842e-06,88.8235,-78.1463,91.1765,102.169,-1437.91,-424.179,-1454.38,-526.782
-1458.0,-500.0,-112.335,8.61232e-07,88.5626,79.1468,91.4374,103.905,-1443.49,-424.328,-1443.49,-424.328
-1456.0,-500.0,-112.54,8.60007e-07,88.5454,79.5836,91.4546,103.469,-1442.08,-424.29,-1442.08,-424.29
-1454.0,-500.0,-112.783,8.58826e-07,88.5434,80.0216,91.4566,103.031,-1440.67,-424.253,-1440.67,-424.253
-1452.0,-500.0,-113.068,8.57695e-07,88.5414,80.4608,91.4586,102.591,-1439.26,-424.215,-1439.26,-424.215
-1450.0,-500.0,-113.397,8.56615e-07,88.5396,80.9012,91.4604,102.151,-1437.86,-424.178,-1437.86,-424.178
-1448.0,-500.0,-113.776,8.55585e-07,88.5378,81.3426,91.4622,101.71,-1436.45,-424.14,-1436.45,-424.14
-1446.0,-500.0,-114.208,8.54606e-07,88.5362,81.7851,91.4638,101.267,-1435.04,-424.103,-1435.04,-424.103
-1444.0,-500.0,-114.695,8.53679e-07,88.5346,82.2285,91.4654,100.824,-1433.64,-424.065,-1433.64,-424.065
-1442.0,-500.0,-114.903,4.68753e-07,93.4863,-44.2685,93.4863,134.939,-1425.49,-574.457,-1430.25,-511.457
-1440.0,-500.0,-102.069,3.60038e-07,86.5236,-68.1986,93.4764,111.801,-1440.0,-500.0,-1400.0,-600.0
-1438.0,-500.0,-102.01,3.57618e-07,86.5001,-69.1932,93.4999,110.807,-1438.0,-500.0,-1400.0,-600.0
-1436.0,-500.0,-101.954,3.55307e-07,86.4773,-70.2011,93.5227,109.799,-1436.0,-500.0,-1400.0,-600.0
-1434.0,-500.0,-101.9,3.53106e-07,86.4553,-71.222,93.5447,108.778,-1434.0,-500.0,-1400.0,-600.0
-1432.0,-500.0,-101.848,3.51019e-07,86.4342,-72.2553,93.5658,107.745,-1432.0,-500.0,-1400.0,-600.0
-1430.0,-500.0,-101.799,3.49047e-07,86.414,-73.3008,93.586,106.699,-1430.0,-500.0,-1400.0,-600.0
-1428.0,-500.0,-101.753,3.47192e-07,86.3948,-74.3578,93.6052,105.642,-1428.0,-500.0,-1400.0,-600.0
-1426.0,-500.0,-101.709,3.45456e-07,86.3767,-75.4258,93.6233,104.574,-1426.0,-500.0,-1400.0,-600.0
-1424.0,-500.0,-101.669,3.43841e-07,86.3596,-76.5043,93.6404,103.496,-1424.0,-500.0,-1400.0,-600.0
-1422.0,-500.0,-101.631,3.42348e-07,86.3437,-77.5926,93.6563,102.407,-1422.0,-500.0,-1400.0,-600.0
-1420.0,-500.0,-101.596,3.4098e-07,86.3291,-78.6901,93.6709,101.31,-1420.0,-500.0,-1400.0,-600.0
-1418.0,-500.0,-101.564,3.39737e-07,86.3156,-79.796,93.6844,100.204,-1418.0,-500.0,-1400.0,-600.0
-1416.0,-500.0,-101.535,3.38621e-07,86.3034,-80.9097,93.6966,99.0903,-1416.0,-500.0,-1400.0,-600.0
-1414.0,-500.0,-101.51,3.37633e-07,86.2926,-82.0304,93.7074,97.9696,-1414.0,-500.0,-1400.0,-600.0
-1412.0,-500.0,-101.488,3.36774e-07,86.2831,-83.1572,93.7169,96.8428,-1412.0,-500.0,-1400.0,-600.0
-1410.0,-500.0,-101.469,3.36046e-07,86.2751,-84.2894,93.7249,95.7106,-1410.0,-500.0,-1400.0,-600.0
-1408.0,-500.0,-101.454,3.35458e-07,86.2443,-85.4261,93.7557,94.5739,-1408.0,-500.0,-1400.0,-600.0
-1406.0,-500.0,-101.442,3.35012e-07,86.191,-86.5664,93.809,93.4336,-1406.0,-500.0,-1400.0,-600.0
-1404.0,-500.0,-101.434,3.34698e-07,86.1391,-87.7094,93.8609,92.2906,-1404.0,-500.0,-1400.0,-600.0
-1402.0,-500.0,-101.429,3.34518e-07,86.0887,-88.8542,93.9113,91.1458,-1402.0,-500.0,-1400.0,-600.0
-1400.0,-500.0,-101.428,3.34471e-07,86.0398,-90.0,93.9602,90.0,-1400.0,-500.0,-1400.0,-600.0
-1398.0,-500.0,-134.108,4.91933e-07,87.2757,-111.167,92.7243,-103.963,-1404.61,-618.561,-1425.57,-571.191
-1396.0,-500.0,-138.766,3.95696e-07,86.5716,-126.833,93.4284,117.862,-1429.33,-544.506,-1429.33,-544.506
-1394.0,-500.0,-129.661,5.21128e-07,87.3664,-139.175,92.6336,141.14,-1425.37,-579.559,-1429.66,-530.811
-1392.0,-500.0,-123.534,5.26203e-07,87.3611,-139.651,92.6389,141.616,-1425.36,-579.91,-1429.64,-531.973
-1390.0,-500.0,-117.938,5.31314e-07,87.3561,-140.117,92.6439,142.082,-1425.35,-580.251,-1429.61,-533.098
-1388.0,-500.0,-146.949,4.58936e-07,86.9036,-123.067,93.0964,117.862,-1429.33,-544.506,-1393.68,-508.726
-1386.0,-500.0,-143.558,4.62649e-07,86.8935,-124.336,93.1065,117.862,-1429.33,-544.506,-1391.95,-508.714
-1384.0,-500.0,-143.557,4.66472e-07,86.9071,-125.568,93.0929,117.862,-1429.33,-544.506,-1390.22,-508.702
-1382.0,-500.0,-145.039,4.70404e-07,86.933,-126.763,93.067,117.862,-1429.33,-544.506,-1388.49,-508.69
-1380.0,-500.0,-148.939,4.74447e-07,86.9592,-127.922,93.0408,117.862,-1429.33,-544.506,-1386.76,-508.678
-1378.0,-500.0,-153.469,1.42048e-06,88.9848,-16.8357,91.0152,-15.5937,-1342.83,-615.957,-1186.78,-557.862
-1376.0,-500.0,-153.595,1.4141e-06,88.9802,-17.0034,91.0198,-15.5937,-1342.83,-615.957,-1186.78,-557.862
-1374.0,-500.0,-153.72,1.40772e-06,88.9756,-17.1744,91.0244,-15.5937,-1342.83,-615.957,-1186.78,-557.862
-1372.0,-500.0,-153.845,1.40135e-06,88.9709,-17.3488,91.0291,-15.5937,-1342.83,-615.957,-1186.78,-557.862
-1370.0,-500.0,-153.969,1.39499e-06,88.957,-17.5267,91.043,-15.5937,-1342.83,-615.957,-1186.78,-557.862
-1368.0,-500.0,-154.092,1.38863e-06,88.9406,-17.7081,91.0594,-15.5937,-1342.83,-615.957,-1186.78,-557.862
-1366.0,-500.0,-154.216,1.38229e-06,88.924,-17.8932,91.076,-15.5937,-1342.83,-615.957,-1186.78,-557.862
-1364.0,-500.0,-154.34,1.37594e-06,88.9073,-18.082,91.0927,-15.5937,-1342.83,-615.957,-1186.78,-557.862
-1362.0,-500.0,-154.465,1.36961e-06,88.8905,-18.2748,91.1095,-15.5937,-1342.83,-615.957,-1186.78,-557.862
-1360.0,-500.0,-154.591,1.36329e-06,88.8639,-18.4715,91.1361,-15.5937,-1342.83,-615.957,-1186.78,-557.862
-1358.0,-500.0,-154.717,1.35698e-06,88.8348,-18.6724,91.1652,-15.5937,-1342.83,-615.957,-1186.78,-557.862
-1356.0,-500.0,-154.845,1.35067e-06,88.8054,-18.8776,91.1946,-15.5937,-1342.83,-615.957,-1186.78,-557.862
-1354.0,-500.0,-154.971,1.34437e-06,88.7758,-19.0871,91.2242,-15.5937,-1342.83,-615.957,-1186.78,-557.862
-1352.0,-500.0,-158.995,1.96084e-06,86.9236,135.465,88.3447,17.2752,-1365.44,-589.253,-1356.71,-495.368
-1350.0,-500.0,-159.314,1.96563e-06,86.9084,135.602,88.3437,17.4118,-1365.76,-589.262,-1356.71,-493.43
-1348.0,-500.0,-162.679,1.37966e-06,88.7369,-64.7365,91.2631,-14.6085,-1339.34,-615.81,-1329.2,-539.827
-1346.0,-500.0,-163.875,1.37695e-06,88.711,-67.1348,91.289,-14.6085,-1339.34,-615.81,-1329.2,-539.827
-1344.0,-500.0,-164.534,1.37451e-06,88.6852,-69.6208,91.3148,-14.6085,-1339.34,-615.81,-1329.2,-539.827
-1342.0,-500.0,-163.388,1.37234e-06,88.6596,-72.1895,91.3404,-14.6085,-1339.34,-615.81,-1329.2,-539.827
-1340.0,-500.0,-163.199,1.37046e-06,88.6342,-74.8344,91.3658,-14.6085,-1339.34,-615.81,-1329.2,-539.827
-1338.0,-500.0,-163.436,1.36888e-06,88.609,-77.5471,91.391,-14.6085,-1339.34,-615.81,-1329.2,-539.827
-1336.0,-500.0,-164.034,1.36761e-06,88.5841,-80.3177,91.4159,-14.6085,-1339.34,-615.81,-1329.2,-539.827
-1334.0,-500.0,0.0,0.0,0.0,0.0,0.0,0.0,0.0,0.0,0.0,0.0
-1332.0,-500.0,0.0,0.0,0.0,0.0,0.0,0.0,0.0,0.0,0.0,0.0
-1330.0,-500.0,0.0,0.0,0.0,0.0,0.0,0.0,0.0,0.0,0.0,0.0
-1328.0,-500.0,0.0,0.0,0.0,0.0,0.0,0.0,0.0,0.0,0.0,0.0
-1326.0,-500.0,0.0,0.0,0.0,0.0,0.0,0.0,0.0,0.0,0.0,0.0
-1324.0,-500.0,0.0,0.0,0.0,0.0,0.0,0.0,0.0,0.0,0.0,0.0
-1322.0,-500.0,0.0,0.0,0.0,0.0,0.0,0.0,0.0,0.0,0.0,0.0
-1320.0,-500.0,0.0,0.0,0.0,0.0,0.0,0.0,0.0,0.0,0.0,0.0
-1318.0,-500.0,0.0,0.0,0.0,0.0,0.0,0.0,0.0,0.0,0.0,0.0
-1316.0,-500.0,0.0,0.0,0.0,0.0,0.0,0.0,0.0,0.0,0.0,0.0
-1314.0,-500.0,0.0,0.0,0.0,0.0,0.0,0.0,0.0,0.0,0.0,0.0
-1312.0,-500.0,-148.729,1.69113e-06,88.6474,-16.1453,91.3526,-14.6085,-1339.34,-615.81,-1254.89,-516.534
-1310.0,-500.0,-149.685,1.68472e-06,88.6423,-16.3806,91.3577,-14.6085,-1339.34,-615.81,-1254.89,-516.2
-1308.0,-500.0,-150.569,1.67833e-06,88.6371,-16.6226,91.3629,-14.6085,-1339.34,-615.81,-1254.89,-515.855
-1306.0,-500.0,-151.397,1.67194e-06,88.6319,-16.8717,91.3681,-14.6085,-1339.34,-615.81,-1254.9,-515.499
-1304.0,-500.0,-137.104,1.43101e-06,87.3556,-137.663,91.4666,-15.4877,-1342.47,-615.942,-1339.49,-532.331
-1302.0,-500.0,-136.602,1.43595e-06,87.4642,-137.845,91.4688,-15.3086,-1341.86,-615.916,-1339.11,-533.6
-1300.0,-500.0,-136.114,1.4409e-06,87.564,-138.025,91.471,-15.1307,-1341.24,-615.89,-1338.75,-534.856
-1298.0,-500.0,-135.667,1.44586e-06,87.656,-138.204,91.4732,-14.954,-1340.61,-615.863,-1338.38,-536.1
-1296.0,-500.0,-148.741,6.26755e-07,82.3403,-123.008,81.6124,55.5969,-1393.22,-590.102,-1372.13,-617.192
-1294.0,-500.0,-149.036,6.30383e-07,82.3833,-123.521,81.6655,55.0836,-1393.09,-590.098,-1371.62,-617.17
-1292.0,-500.0,-155.084,8.35839e-07,87.2626,-29.4156,92.7374,-35.9954,-1376.1,-617.359,-1254.84,-520.953
-1290.0,-500.0,-154.486,7.0712e-07,86.7638,-113.469,93.2362,-43.3117,-1381.35,-617.58,-1322.04,-573.797
-1288.0,-500.0,-153.282,7.09817e-07,86.7761,-114.286,93.2239,-43.3117,-1381.35,-617.58,-1321.29,-573.777
-1286.0,-500.0,-152.609,7.12607e-07,86.7797,-115.092,93.2203,-43.3117,-1381.35,-617.58,-1320.54,-573.758
-1284.0,-500.0,-152.34,7.1549e-07,86.7701,-115.888,93.2299,-43.3117,-1381.35,-617.58,-1319.79,-573.738
-1282.0,-500.0,-151.032,7.6773e-07,86.9691,-115.451,93.0309,54.9672,-1393.06,-590.097,-1317.06,-573.667
-1280.0,-500.0,-149.7,7.7066e-07,86.9596,-116.423,93.0404,54.9672,-1393.06,-590.097,-1316.6,-573.655
-1278.0,-500.0,-148.48,7.7369e-07,86.9507,-117.38,93.0493,54.9672,-1393.06,-590.097,-1316.14,-573.643
-1276.0,-500.0,-147.537,7.76825e-07,86.9335,-118.32,93.0665,54.9672,-1393.06,-590.097,-1315.68,-573.631
-1274.0,-500.0,-140.228,7.79812e-07,86.538,-120.857,92.7635,56.3841,-1393.42,-590.109,-1318.03,-573.692
-1272.0,-500.0,-137.475,7.83284e-07,86.4654,-121.278,92.7503,55.9661,-1393.32,-590.105,-1316.75,-573.659
-1270.0,-500.0,-135.854,7.86798e-07,86.3936,-121.697,92.7371,55.5519,-1393.21,-590.102,-1315.47,-573.625
-1268.0,-500.0,-128.884,7.90329e-07,86.8224,-121.918,93.1776,54.9672,-1393.06,-590.097,-1313.83,-573.583
-1266.0,-500.0,-129.99,7.93926e-07,86.7961,-122.777,93.2039,54.9672,-1393.06,-590.097,-1313.37,-573.571
-1264.0,-500.0,-136.754,7.97606e-07,86.7703,-123.619,93.2297,54.9672,-1393.06,-590.097,-1312.91,-573.558
-1262.0,-500.0,-145.707,7.5202e-07,86.5432,-124.758,93.4568,-43.396,-1381.4,-617.583,-1313.05,-573.562
-1260.0,-500.0,-145.116,7.55862e-07,86.5394,-125.339,93.4606,-43.396,-1381.4,-617.583,-1312.14,-573.539
-1258.0,-500.0,-159.348,1.39576e-06,88.1152,56.8691,91.8848,-43.396,-1381.4,-617.583,-1211.48,-428.721
-1256.0,-500.0,-160.691,1.39214e-06,88.0987,57.141,91.9013,-43.396,-1381.4,-617.583,-1211.4,-430.944
-1254.0,-500.0,-162.409,1.38854e-06,88.0821,57.4145,91.9179,-43.396,-1381.4,-617.583,-1211.31,-433.211
-1252.0,-500.0,-164.518,1.38496e-06,88.0788,57.6897,91.9212,-43.396,-1381.4,-617.583,-1211.22,-435.523
-1250.0,-500.0,-166.696,1.3814e-06,88.0856,57.9665,91.9144,-43.396,-1381.4,-617.583,-1211.13,-437.882
-1248.0,-500.0,-167.33,1.37938e-06,88.0945,58.9549,91.9055,-43.3117,-1381.35,-617.58,-1211.1,-438.703
-1246.0,-500.0,-167.904,1.37594e-06,88.1014,59.2539,91.8986,-43.3117,-1381.35,-617.58,-1211.01,-441.178
-1244.0,-500.0,-167.64,1.37254e-06,88.1085,59.5546,91.8915,-43.3117,-1381.35,-617.58,-1210.91,-443.709
-1242.0,-500.0,-166.047,1.36917e-06,88.1086,59.8573,91.8914,-43.3117,-1381.35,-617.58,-1210.82,-446.299
-1240.0,-500.0,-171.29,1.6862e-06,88.4643,164.501,91.5357,130.064,-1425.6,-569.555,-1498.9,-428.206
-1238.0,-500.0,-171.334,1.69263e-06,88.4702,164.611,91.5298,130.064,-1425.6,-569.555,-1498.9,-428.188
-1236.0,-500.0,-171.38,1.69906e-06,88.476,164.719,91.524,130.064,-1425.6,-569.555,-1498.9,-428.171
-1234.0,-500.0,-171.427,1.7055e-06,88.4817,164.825,91.5183,130.064,-1425.6,-569.555,-1498.9,-428.154
-1232.0,-500.0,-171.449,1.13338e-06,87.715,29.7868,92.285,7.79523,-1306.24,-587.164,-1197.5,-480.253
-1230.0,-500.0,-171.526,1.71838e-06,88.4931,165.034,91.5069,130.064,-1425.6,-569.555,-1498.9,-428.122
-1228.0,-500.0,-171.576,1.72482e-06,88.5123,165.137,91.4877,130.064,-1425.6,-569.555,-1498.9,-428.105
-1226.0,-500.0,-171.628,1.73125e-06,88.5365,165.238,91.4635,130.064,-1425.6,-569.555,-1498.9,-428.09
-1224.0,-500.0,-171.68,1.73769e-06,88.5605,165.338,91.4395,130.064,-1425.6,-569.555,-1498.9,-428.074
-1222.0,-500.0,-171.734,1.74413e-06,88.5843,165.436,91.4157,130.064,-1425.6,-569.555,-1498.9,-428.058
-1220.0,-500.0,-171.789,1.75058e-06,88.608,165.533,91.392,130.064,-1425.6,-569.555,-1498.9,-428.043
-1218.0,-500.0,-171.845,1.75702e-06,88.6315,165.629,91.3685,130.064,-1425.6,-569.555,-1498.9,-428.028
-1216.0,-500.0,-171.901,1.76348e-06,88.6548,165.724,91.3452,130.064,-1425.6,-569.555,-1498.9,-428.013
-1214.0,-500.0,-171.959,1.76993e-06,88.6779,165.817,91.3221,130.064,-1425.6,-569.555,-1498.9,-427.999
-1212.0,-500.0,-172.017,1.77639e-06,88.7009,165.909,91.2991,130.064,-1425.6,-569.555,-1498.9,-427.984
-1210.0,-500.0,-172.076,1.78285e-06,88.7237,166.0,91.2763,130.064,-1425.6,-569.555,-1498.9,-427.97
-1208.0,-500.0,-172.136,1.78931e-06,88.7464,166.09,91.2536,130.064,-1425.6,-569.555,-1498.9,-427.956
-1206.0,-500.0,-172.197,1.79577e-06,88.7689,166.179,91.2311,130.064,-1425.6,-569.555,-1498.9,-427.942
-1204.0,-500.0,-161.028,1.28544e-06,80.7723,-31.4329,89.6059,-22.4636,-1359.69,-616.667,-1203.3,-500.426
-1202.0,-500.0,-159.891,1.27839e-06,80.5196,32.7744,89.6061,-22.5108,-1359.77,-616.671,-1169.32,-478.963
-1600.0,-498.0,0.0,0.0,0.0,0.0,0.0,0.0,0.0,0.0,0.0,0.0
-1598.0,-498.0,0.0,0.0,0.0,0.0,0.0,0.0,0.0,0.0,0.0,0.0
-1596.0,-498.0,0.0,0.0,0.0,0.0,0.0,0.0,0.0,0.0,0.0,0.0
-1594.0,-498.0,-147.748,2.12732e-06,89.4049,-7.3576,90.5951,-15.3614,-1342.04,-615.923,-1399.57,-523.105
-1592.0,-498.0,-147.412,2.1207e-06,89.3878,-7.43322,90.6122,-15.3614,-1342.04,-615.923,-1399.57,-523.105
-1590.0,-498.0,-147.058,2.11409e-06,89.3706,-7.5104,90.6294,-15.3614,-1342.04,-615.923,-1399.57,-523.105
-1588.0,-498.0,-146.684,2.10749e-06,89.3533,-7.58919,90.6467,-15.3614,-1342.04,-615.923,-1399.57,-523.105
-1586.0,-498.0,-146.287,2.10088e-06,89.3359,-7.66965,90.6641,-15.3614,-1342.04,-615.923,-1399.57,-523.105
-1584.0,-498.0,-158.195,1.12558e-06,88.7258,43.7208,91.2742,134.012,-1425.51,-573.595,-1513.7,-430.775
-1582.0,-498.0,-154.938,1.1208e-06,88.6772,44.1944,91.3228,134.012,-1425.51,-573.595,-1512.84,-430.76
-1580.0,-498.0,-152.25,1.11606e-06,88.6281,44.6761,91.3719,134.012,-1425.51,-573.595,-1511.98,-430.745
-1578.0,-498.0,-149.686,1.11135e-06,88.5787,45.1661,91.4213,134.012,-1425.51,-573.595,-1511.12,-430.73
-1576.0,-498.0,-146.84,1.10669e-06,88.5341,45.6647,91.4659,134.012,-1425.51,-573.595,-1510.26,-430.715
-1574.0,-498.0,-143.187,1.10205e-06,88.5133,46.1718,91.4867,134.012,-1425.51,-573.595,-1509.4,-430.699
-1572.0,-498.0,-148.448,1.09808e-06,88.4932,46.2335,91.5068,129.101,-1425.63,-568.463,-1507.5,-430.666
-1570.0,-498.0,-148.247,1.09349e-06,88.4721,46.5219,91.5279,129.101,-1425.63,-568.463,-1506.13,-430.641
-1568.0,-498.0,-125.306,1.08841e-06,88.4501,47.4752,91.5499,133.759,-1425.52,-573.355,-1506.23,-430.643
-1566.0,-498.0,-127.981,1.08391e-06,88.4288,47.7352,91.5712,133.499,-1425.52,-573.105,-1504.76,-430.617
-1564.0,-498.0,-129.603,1.07945e-06,88.4073,47.9975,91.5927,133.236,-1425.53,-572.851,-1503.3,-430.591
-1562.0,-498.0,-129.258,1.075e-06,88.3857,48.2619,91.6143,132.972,-1425.53,-572.592,-1501.84,-430.566
-1560.0,-498.0,-127.159,1.07056e-06,88.398,48.5285,91.602,132.705,-1425.54,-572.329,-1500.38,-430.54
-1558.0,-498.0,-124.56,1.06613e-06,88.4368,48.7973,91.5632,132.436,-1425.55,-572.06,-1498.91,-430.514
-1556.0,-498.0,-144.601,1.06176e-06,88.4759,49.7451,91.5241,132.426,-1425.55,-572.049,-1498.86,-430.513
-1554.0,-498.0,-148.426,1.08158e-06,88.5486,48.8023,91.4514,130.064,-1425.6,-569.555,-1490.61,-425.583
-1552.0,-498.0,-145.82,1.07721e-06,88.5877,49.7106,91.4123,130.064,-1425.6,-569.555,-1490.61,-425.583
-1550.0,-498.0,-141.801,1.07292e-06,88.6272,50.6439,91.3728,130.064,-1425.6,-569.555,-1490.61,-425.583
-1548.0,-498.0,-134.161,1.06871e-06,88.6671,51.6029,91.3329,130.064,-1425.6,-569.555,-1490.61,-425.583
-1546.0,-498.0,-125.529,1.06459e-06,88.7074,52.3198,91.2926,129.985,-1425.61,-569.467,-1490.06,-425.568
-1544.0,-498.0,-158.912,1.03751e-06,88.6758,56.2215,91.3242,132.426,-1425.55,-572.049,-1498.86,-430.513
-1542.0,-498.0,-162.638,8.12621e-07,88.3093,-22.2149,91.6907,82.1554,-1396.76,-576.497,-1470.58,-527.169
-1540.0,-498.0,-162.755,6.21141e-07,87.7878,-54.0584,92.2122,169.301,-1476.53,-585.541,-1476.53,-585.541
-1538.0,-498.0,-162.78,6.17267e-07,87.7739,-54.9257,92.2261,169.301,-1476.53,-585.541,-1476.53,-585.541
-1536.0,-498.0,-163.577,2.32169e-06,89.4183,-176.087,90.5817,-15.3614,-1342.04,-615.923,-1594.29,-501.988
-1534.0,-498.0,-163.71,2.32835e-06,89.4338,-176.117,90.5662,-15.3614,-1342.04,-615.923,-1594.3,-502.092
-1532.0,-498.0,0.0,0.0,0.0,0.0,0.0,0.0,0.0,0.0,0.0,0.0
-1530.0,-498.0,0.0,0.0,0.0,0.0,0.0,0.0,0.0,0.0,0.0,0.0
-1528.0,-498.0,0.0,0.0,0.0,0.0,0.0,0.0,0.0,0.0,0.0,0.0
-1526.0,-498.0,0.0,0.0,0.0,0.0,0.0,0.0,0.0,0.0,0.0,0.0
-1524.0,-498.0,0.0,0.0,0.0,0.0,0.0,0.0,0.0,0.0,0.0,0.0
-1522.0,-498.0,0.0,0.0,0.0,0.0,0.0,0.0,0.0,0.0,0.0,0.0
-1520.0,-498.0,0.0,0.0,0.0,0.0,0.0,0.0,0.0,0.0,0.0,0.0
-1518.0,-498.0,0.0,0.0,0.0,0.0,0.0,0.0,0.0,0.0,0.0,0.0
-1516.0,-498.0,0.0,0.0,0.0,0.0,0.0,0.0,0.0,0.0,0.0,0.0
-1514.0,-498.0,0.0,0.0,0.0,0.0,0.0,0.0,0.0,0.0,0.0,0.0
-1512.0,-498.0,0.0,0.0,0.0,0.0,0.0,0.0,0.0,0.0,0.0,0.0
-1510.0,-498.0,0.0,0.0,0.0,0.0,0.0,0.0,0.0,0.0,0.0,0.0
-1508.0,-498.0,0.0,0.0,0.0,0.0,0.0,0.0,0.0,0.0,0.0,0.0
-1506.0,-498.0,0.0,0.0,0.0,0.0,0.0,0.0,0.0,0.0,0.0,0.0
-1504.0,-498.0,0.0,0.0,0.0,0.0,0.0,0.0,0.0,0.0,0.0,0.0
-1502.0,-498.0,0.0,0.0,0.0,0.0,0.0,0.0,0.0,0.0,0.0,0.0
-1500.0,-498.0,0.0,0.0,0.0,0.0,0.0,0.0,0.0,0.0,0.0,0.0
-1498.0,-498.0,0.0,0.0,0.0,0.0,0.0,0.0,0.0,0.0,0.0,0.0
-1496.0,-498.0,0.0,0.0,0.0,0.0,0.0,0.0,0.0,0.0,0.0,0.0
-1494.0,-498.0,0.0,0.0,0.0,0.0,0.0,0.0,0.0,0.0,0.0,0.0
-1492.0,-498.0,0.0,0.0,0.0,0.0,0.0,0.0,0.0,0.0,0.0,0.0
-1490.0,-498.0,0.0,0.0,0.0,0.0,0.0,0.0,0.0,0.0,0.0,0.0
-1488.0,-498.0,0.0,0.0,0.0,0.0,0.0,0.0,0.0,0.0,0.0,0.0
-1486.0,-498.0,0.0,0.0,0.0,0.0,0.0,0.0,0.0,0.0,0.0,0.0
-1484.0,-498.0,0.0,0.0,0.0,0.0,0.0,0.0,0.0,0.0,0.0,0.0
-1482.0,-498.0,0.0,0.0,0.0,0.0,0.0,0.0,0.0,0.0,0.0,0.0
-1480.0,-498.0,0.0,0.0,0.0,0.0,0.0,0.0,0.0,0.0,0.0,0.0
-1478.0,-498.0,0.0,0.0,0.0,0.0,0.0,0.0,0.0,0.0,0.0,0.0
-1476.0,-498.0,0.0,0.0,0.0,0.0,0.0,0.0,0.0,0.0,0.0,0.0
-1474.0,-498.0,0.0,0.0,0.0,0.0,0.0,0.0,0.0,0.0,0.0,0.0
-1472.0,-498.0,0.0,0.0,0.0,0.0,0.0,0.0,0.0,0.0,0.0,0.0
-1470.0,-498.0,0.0,0.0,0.0,0.0,0.0,0.0,0.0,0.0,0.0,0.0
-1468.0,-498.0,0.0,0.0,0.0,0.0,0.0,0.0,0.0,0.0,0.0,0.0
-1466.0,-498.0,0.0,0.0,0.0,0.0,0.0,0.0,0.0,0.0,0.0,0.0
-1464.0,-498.0,0.0,0.0,0.0,0.0,0.0,0.0,0.0,0.0,0.0,0.0
-1462.0,-498.0,-118.622,1.04633e-06,88.836,-77.8637,91.164,102.452,-1438.82,-424.203,-1455.8,-526.816
-1460.0,-498.0,-119.2,1.04495e-06,88.819,-78.2215,91.181,102.094,-1437.67,-424.173,-1454.0,-526.773
-1458.0,-498.0,-112.229,8.54687e-07,88.5371,79.0626,91.4629,103.99,-1443.76,-424.335,-1443.76,-424.335
-1456.0,-498.0,-112.43,8.53446e-07,88.5342,79.5026,91.4658,103.55,-1442.34,-424.297,-1442.34,-424.297
-1454.0,-498.0,-112.667,8.52256e-07,88.5321,79.9439,91.4679,103.108,-1440.92,-424.259,-1440.92,-424.259
-1452.0,-498.0,-112.946,8.51117e-07,88.5302,80.3864,91.4698,102.666,-1439.5,-424.222,-1439.5,-424.222
-1450.0,-498.0,-113.271,8.50028e-07,88.5283,80.83,91.4717,102.222,-1438.08,-424.184,-1438.08,-424.184
-1448.0,-498.0,-113.644,8.48991e-07,88.5265,81.2748,91.4735,101.777,-1436.67,-424.146,-1436.67,-424.146
-1446.0,-498.0,-114.071,8.48004e-07,88.5248,81.7206,91.4752,101.332,-1435.25,-424.108,-1435.25,-424.108
-1444.0,-498.0,-114.553,8.47069e-07,88.5231,82.1674,91.4769,100.885,-1433.83,-424.07,-1433.83,-424.07
-1442.0,-498.0,-111.872,4.73072e-07,87.3549,-44.8479,92.6451,134.36,-1425.5,-573.922,-1397.41,-542.355
-1440.0,-498.0,-102.217,3.66232e-07,86.5825,-68.587,93.4175,111.413,-1440.0,-498.0,-1400.0,-600.0
-1438.0,-498.0,-102.161,3.63853e-07,86.5601,-69.5672,93.4399,110.433,-1438.0,-498.0,-1400.0,-600.0
-1436.0,-498.0,-102.106,3.61581e-07,86.5385,-70.56,93.4615,109.44,-1436.0,-498.0,-1400.0,-600.0
-1434.0,-498.0,-102.054,3.59419e-07,86.5176,-71.5651,93.4824,108.435,-1434.0,-498.0,-1400.0,-600.0
-1432.0,-498.0,-102.004,3.57369e-07,86.4976,-72.582,93.5024,107.418,-1432.0,-498.0,-1400.0,-600.0
-1430.0,-498.0,-101.957,3.55432e-07,86.4785,-73.6105,93.5215,106.39,-1430.0,-498.0,-1400.0,-600.0
-1428.0,-498.0,-101.912,3.53611e-07,86.4603,-74.6499,93.5397,105.35,-1428.0,-498.0,-1400.0,-600.0
-1426.0,-498.0,-101.87,3.51906e-07,86.4432,-75.6997,93.5568,104.3,-1426.0,-498.0,-1400.0,-600.0
-1424.0,-498.0,-101.831,3.50321e-07,86.4271,-76.7595,93.5729,103.241,-1424.0,-498.0,-1400.0,-600.0
-1422.0,-498.0,-101.795,3.48856e-07,86.412,-77.8285,93.588,102.171,-1422.0,-498.0,-1400.0,-600.0
-1420.0,-498.0,-101.761,3.47513e-07,86.3982,-78.9063,93.6018,101.094,-1420.0,-498.0,-1400.0,-600.0
-1418.0,-498.0,-101.73,3.46293e-07,86.3855,-79.992,93.6145,100.008,-1418.0,-498.0,-1400.0,-600.0
-1416.0,-498.0,-101.703,3.45198e-07,86.374,-81.0851,93.626,98.9149,-1416.0,-498.0,-1400.0,-600.0
-1414.0,-498.0,-101.678,3.44229e-07,86.3638,-82.1847,93.6362,97.8153,-1414.0,-498.0,-1400.0,-600.0
-1412.0,-498.0,0.0,0.0,0.0,0.0,0.0,0.0,0.0,0.0,0.0,0.0
-1410.0,-498.0,0.0,0.0,0.0,0.0,0.0,0.0,0.0,0.0,0.0,0.0
-1408.0,-498.0,0.0,0.0,0.0,0.0,0.0,0.0,0.0,0.0,0.0,0.0
-1406.0,-498.0,0.0,0.0,0.0,0.0,0.0,0.0,0.0,0.0,0.0,0.0
-1404.0,-498.0,0.0,0.0,0.0,0.0,0.0,0.0,0.0,0.0,0.0,0.0
-1402.0,-498.0,0.0,0.0,0.0,0.0,0.0,0.0,0.0,0.0,0.0,0.0
-1400.0,-498.0,0.0,0.0,0.0,0.0,0.0,0.0,0.0,0.0,0.0,0.0
-1398.0,-498.0,0.0,0.0,0.0,0.0,0.0,0.0,0.0,0.0,0.0,0.0
-1396.0,-498.0,0.0,0.0,0.0,0.0,0.0,0.0,0.0,0.0,0.0,0.0
-1394.0,-498.0,0.0,0.0,0.0,0.0,0.0,0.0,0.0,0.0,0.0,0.0
-1392.0,-498.0,0.0,0.0,0.0,0.0,0.0,0.0,0.0,0.0,0.0,0.0
-1390.0,-498.0,0.0,0.0,0.0,0.0,0.0,0.0,0.0,0.0,0.0,0.0
-1388.0,-498.0,0.0,0.0,0.0,0.0,0.0,0.0,0.0,0.0,0.0,0.0
-1386.0,-498.0,0.0,0.0,0.0,0.0,0.0,0.0,0.0,0.0,0.0,0.0
-1384.0,-498.0,0.0,0.0,0.0,0.0,0.0,0.0,0.0,0.0,0.0,0.0
-1382.0,-498.0,0.0,0.0,0.0,0.0,0.0,0.0,0.0,0.0,0.0,0.0
-1380.0,-498.0,0.0,0.0,0.0,0.0,0.0,0.0,0.0,0.0,0.0,0.0
-1378.0,-498.0,0.0,0.0,0.0,0.0,0.0,0.0,0.0,0.0,0.0,0.0
-1376.0,-498.0,0.0,0.0,0.0,0.0,0.0,0.0,0.0,0.0,0.0,0.0
-1374.0,-498.0,0.0,0.0,0.0,0.0,0.0,0.0,0.0,0.0,0.0,0.0
-1372.0,-498.0,0.0,0.0,0.0,0.0,0.0,0.0,0.0,0.0,0.0,0.0
-1370.0,-498.0,0.0,0.0,0.0,0.0,0.0,0.0,0.0,0.0,0.0,0.0
-1368.0,-498.0,0.0,0.0,0.0,0.0,0.0,0.0,0.0,0.0,0.0,0.0
-1366.0,-498.0,0.0,0.0,0.0,0.0,0.0,0.0,0.0,0.0,0.0,0.0
-1364.0,-498.0,0.0,0.0,0.0,0.0,0.0,0.0,0.0,0.0,0.0,0.0
-1362.0,-498.0,0.0,0.0,0.0,0.0,0.0,0.0,0.0,0.0,0.0,0.0
-1360.0,-498.0,0.0,0.0,0.0,0.0,0.0,0.0,0.0,0.0,0.0,0.0
-1358.0,-498.0,0.0,0.0,0.0,0.0,0.0,0.0,0.0,0.0,0.0,0.0
-1356.0,-498.0,-157.197,1.94329e-06,86.9189,44.8906,88.3464,17.042,-1364.88,-589.236,-1325.12,-467.237
-1354.0,-498.0,-157.093,1.93861e-06,86.8712,45.0303,88.3475,16.9031,-1364.54,-589.225,-1323.23,-467.201
-1352.0,-498.0,-159.276,1.95619e-06,86.8995,135.605,88.3437,17.4148,-1365.77,-589.263,-1356.71,-493.388
-1350.0,-498.0,-162.749,1.38857e-06,88.7594,-63.5649,91.2406,-14.6085,-1339.34,-615.81,-1329.2,-539.827
-1348.0,-498.0,-163.262,1.38573e-06,88.7335,-65.8031,91.2665,-14.6085,-1339.34,-615.81,-1329.2,-539.827
-1346.0,-498.0,-164.894,1.38313e-06,88.7078,-68.1227,91.2922,-14.6085,-1339.34,-615.81,-1329.2,-539.827
-1344.0,-498.0,-164.23,1.38078e-06,88.6822,-70.5203,91.3178,-14.6085,-1339.34,-615.81,-1329.2,-539.827
-1342.0,-498.0,-163.499,1.37871e-06,88.6568,-72.9909,91.3432,-14.6085,-1339.34,-615.81,-1329.2,-539.827
-1340.0,-498.0,-163.462,1.37691e-06,88.6316,-75.5284,91.3684,-14.6085,-1339.34,-615.81,-1329.2,-539.827
-1338.0,-498.0,-163.766,1.3754e-06,88.6066,-78.1253,91.3934,-14.6085,-1339.34,-615.81,-1329.2,-539.827
-1336.0,-498.0,-164.399,1.3742e-06,88.5819,-80.7726,91.4181,-14.6085,-1339.34,-615.81,-1329.2,-539.827
-1334.0,-498.0,0.0,0.0,0.0,0.0,0.0,0.0,0.0,0.0,0.0,0.0
-1332.0,-498.0,0.0,0.0,0.0,0.0,0.0,0.0,0.0,0.0,0.0,0.0
-1330.0,-498.0,0.0,0.0,0.0,0.0,0.0,0.0,0.0,0.0,0.0,0.0
-1328.0,-498.0,0.0,0.0,0.0,0.0,0.0,0.0,0.0,0.0,0.0,0.0
-1326.0,-498.0,0.0,0.0,0.0,0.0,0.0,0.0,0.0,0.0,0.0,0.0
-1324.0,-498.0,0.0,0.0,0.0,0.0,0.0,0.0,0.0,0.0,0.0,0.0
-1322.0,-498.0,0.0,0.0,0.0,0.0,0.0,0.0,0.0,0.0,0.0,0.0
-1320.0,-498.0,0.0,0.0,0.0,0.0,0.0,0.0,0.0,0.0,0.0,0.0
-1318.0,-498.0,0.0,0.0,0.0,0.0,0.0,0.0,0.0,0.0,0.0,0.0
-1316.0,-498.0,0.0,0.0,0.0,0.0,0.0,0.0,0.0,0.0,0.0,0.0
-1314.0,-498.0,0.0,0.0,0.0,0.0,0.0,0.0,0.0,0.0,0.0,0.0
-1312.0,-498.0,-151.905,1.69302e-06,88.6562,-16.9434,91.3438,-14.6085,-1339.34,-615.81,-1254.9,-515.396
-1310.0,-498.0,-151.883,7.14129e-07,81.7815,-113.673,85.2788,-60.3713,-1389.8,-617.936,-1362.07,-616.768
-1308.0,-498.0,-153.355,1.68028e-06,88.646,-17.4415,91.354,-14.6085,-1339.34,-615.81,-1254.91,-514.681
-1306.0,-498.0,-154.053,1.67392e-06,88.6409,-17.7014,91.3591,-14.6085,-1339.34,-615.81,-1254.91,-514.306
-1304.0,-498.0,-154.748,1.66756e-06,88.6357,-17.9688,91.3643,-14.6085,-1339.34,-615.81,-1254.91,-513.919
-1302.0,-498.0,-135.721,1.44042e-06,87.5724,-137.65,91.4663,-15.5057,-1342.53,-615.944,-1339.52,-532.203
-1300.0,-498.0,-135.205,1.44536e-06,87.6668,-137.83,91.4685,-15.3277,-1341.92,-615.919,-1339.15,-533.465
-1298.0,-498.0,-134.66,1.4503e-06,87.7538,-138.008,91.4707,-15.1508,-1341.31,-615.893,-1338.79,-534.714
-1296.0,-498.0,-134.138,1.45527e-06,87.8345,-138.186,91.4729,-14.9752,-1340.68,-615.866,-1338.42,-535.951
-1294.0,-498.0,-148.877,6.35881e-07,82.5072,-123.183,81.6319,55.4078,-1393.17,-590.101,-1371.94,-617.184
-1292.0,-498.0,-149.25,6.39527e-07,82.5489,-123.687,81.6844,54.903,-1393.04,-590.097,-1371.43,-617.162
-1290.0,-498.0,-155.37,7.13228e-07,86.8089,-113.117,93.1911,-43.3117,-1381.35,-617.58,-1322.36,-573.805
-1288.0,-498.0,-153.858,7.15887e-07,86.8208,-113.924,93.1792,-43.3117,-1381.35,-617.58,-1321.62,-573.786
-1286.0,-498.0,-137.563,5.97421e-07,86.1895,-127.515,93.8105,-43.396,-1381.4,-617.583,-1355.83,-588.959
-1284.0,-498.0,-135.75,6.01523e-07,86.1985,-128.299,93.8015,-43.396,-1381.4,-617.583,-1355.83,-588.959
-1282.0,-498.0,-133.539,6.05704e-07,86.1981,-129.067,93.8019,-43.396,-1381.4,-617.583,-1355.83,-588.959
-1280.0,-498.0,-130.7,6.09953e-07,86.1981,-129.818,93.8019,-43.396,-1381.4,-617.583,-1355.83,-588.959
-1278.0,-498.0,-126.728,6.14268e-07,86.1986,-130.553,93.8014,-43.396,-1381.4,-617.583,-1355.83,-588.959
-1276.0,-498.0,-120.502,6.18656e-07,86.1885,-131.273,93.8115,-43.396,-1381.4,-617.583,-1355.83,-588.959
-1274.0,-498.0,-147.481,7.8587e-07,86.9592,-118.74,93.0408,54.9672,-1393.06,-590.097,-1315.47,-573.625
-1272.0,-498.0,-138.268,7.88958e-07,86.5944,-121.024,92.7582,56.2154,-1393.38,-590.107,-1317.51,-573.679
-1270.0,-498.0,-136.078,7.92446e-07,86.5234,-121.44,92.7451,55.803,-1393.28,-590.104,-1316.25,-573.646
-1268.0,-498.0,-134.916,7.95976e-07,86.4532,-121.852,92.732,55.3943,-1393.17,-590.101,-1314.98,-573.612
-1266.0,-498.0,-123.419,7.99521e-07,86.8495,-122.237,93.1505,54.9672,-1393.06,-590.097,-1313.66,-573.578
-1264.0,-498.0,-133.055,8.03148e-07,86.8235,-123.072,93.1765,54.9672,-1393.06,-590.097,-1313.21,-573.566
-1262.0,-498.0,-138.344,8.06855e-07,86.798,-123.892,93.202,54.9672,-1393.06,-590.097,-1312.75,-573.554
-1260.0,-498.0,-141.669,8.10629e-07,86.7887,-124.696,93.2113,54.9672,-1393.06,-590.097,-1312.3,-573.543
-1258.0,-498.0,-144.191,8.14475e-07,86.7841,-125.485,93.2159,54.9672,-1393.06,-590.097,-1311.85,-573.531
-1256.0,-498.0,-146.455,8.18395e-07,86.7797,-126.258,93.2203,54.9672,-1393.06,-590.097,-1311.39,-573.519
-1254.0,-498.0,-148.975,8.22387e-07,86.7757,-127.017,93.2243,54.9672,-1393.06,-590.097,-1310.93,-573.507
-1252.0,-498.0,-163.081,1.37933e-06,88.0799,57.5142,91.9201,-43.396,-1381.4,-617.583,-1211.28,-434.045
-1250.0,-498.0,-165.298,1.37575e-06,88.0867,57.7919,91.9133,-43.396,-1381.4,-617.583,-1211.19,-436.391
-1248.0,-498.0,-167.017,1.37366e-06,88.0955,58.7746,91.9045,-43.3117,-1381.35,-617.58,-1211.16,-437.229
-1246.0,-498.0,-167.521,1.37021e-06,88.1025,59.0746,91.8975,-43.3117,-1381.35,-617.58,-1211.07,-439.689
-1244.0,-498.0,-167.912,1.36679e-06,88.1053,59.3764,91.8947,-43.3117,-1381.35,-617.58,-1210.97,-442.204
-1242.0,-498.0,-167.043,1.36341e-06,88.1006,59.6801,91.8994,-43.3117,-1381.35,-617.58,-1210.87,-444.777
-1240.0,-498.0,-165.156,1.36006e-06,88.096,59.9857,91.904,-43.3117,-1381.35,-617.58,-1210.78,-447.41
-1238.0,-498.0,-171.328,1.69088e-06,88.4686,165.007,91.5314,130.064,-1425.6,-569.555,-1498.9,-428.126
-1236.0,-498.0,-171.38,1.69733e-06,88.4744,165.113,91.5256,130.064,-1425.6,-569.555,-1498.9,-428.109
-1234.0,-498.0,-171.434,1.70377e-06,88.4802,165.217,91.5198,130.064,-1425.6,-569.555,-1498.9,-428.093
-1232.0,-498.0,-171.443,1.13009e-06,87.7083,29.3788,92.2917,7.79523,-1306.24,-587.164,-1200.74,-480.401
-1230.0,-498.0,-171.343,1.12428e-06,87.6965,29.6111,92.3035,7.79523,-1306.24,-587.164,-1198.89,-480.316
-1228.0,-498.0,-171.6,1.72313e-06,88.5109,165.521,91.4891,130.064,-1425.6,-569.555,-1498.9,-428.045
-1226.0,-498.0,-171.657,1.72957e-06,88.5351,165.62,91.4649,130.064,-1425.6,-569.555,-1498.9,-428.03
-1224.0,-498.0,-171.715,1.73602e-06,88.5591,165.717,91.4409,130.064,-1425.6,-569.555,-1498.9,-428.014
-1222.0,-498.0,-171.774,1.74248e-06,88.583,165.813,91.417,130.064,-1425.6,-569.555,-1498.9,-427.999
-1220.0,-498.0,-171.833,1.74893e-06,88.6067,165.908,91.3933,130.064,-1425.6,-569.555,-1498.9,-427.985
-1218.0,-498.0,-171.893,1.75539e-06,88.6302,166.001,91.3698,130.064,-1425.6,-569.555,-1498.9,-427.97
-1216.0,-498.0,-171.955,1.76185e-06,88.6536,166.094,91.3464,130.064,-1425.6,-569.555,-1498.9,-427.956
-1214.0,-498.0,-172.016,1.76832e-06,88.6767,166.185,91.3233,130.064,-1425.6,-569.555,-1498.9,-427.941
-1212.0,-498.0,-172.079,1.77478e-06,88.6998,166.275,91.3002,130.064,-1425.6,-569.555,-1498.9,-427.927
-1210.0,-498.0,-172.142,1.78125e-06,88.7226,166.364,91.2774,130.064,-1425.6,-569.555,-1498.9,-427.914
-1208.0,-498.0,-159.402,1.08232e-06,87.9272,-8.72366,92.0728,33.5575,-1384.69,-589.841,-1163.9,-504.768
-1206.0,-498.0,-159.091,1.07571e-06,87.9445,-8.95939,92.0555,33.5575,-1384.69,-589.841,-1163.91,-504.637
-1204.0,-498.0,-158.773,1.06912e-06,87.9355,-9.2081,92.0645,33.5575,-1384.69,-589.841,-1163.92,-504.498
-1202.0,-498.0,-158.449,1.06254e-06,87.9227,-9.47088,92.0773,33.5575,-1384.69,-589.841,-1163.93,-504.351
-1600.0,-496.0,0.0,0.0,0.0,0.0,0.0,0.0,0.0,0.0,0.0,0.0
-1598.0,-496.0,0.0,0.0,0.0,0.0,0.0,0.0,0.0,0.0,0.0,0.0
-1596.0,-496.0,0.0,0.0,0.0,0.0,0.0,0.0,0.0,0.0,0.0,0.0
-1594.0,-496.0,-145.286,2.12822e-06,89.3703,-7.93654,90.6297,-15.3614,-1342.04,-615.923,-1399.57,-523.105
-1592.0,-496.0,-144.803,2.12162e-06,89.3531,-8.01796,90.6469,-15.3614,-1342.04,-615.923,-1399.57,-523.105
-1590.0,-496.0,-144.285,2.11502e-06,89.3358,-8.10106,90.6642,-15.3614,-1342.04,-615.923,-1399.57,-523.105
-1588.0,-496.0,-155.536,2.14932e-06,89.3314,-174.519,90.6686,-15.3614,-1342.04,-615.923,-1594.19,-496.594
-1586.0,-496.0,-159.22,7.32227e-07,87.9929,-39.2824,92.0071,169.301,-1476.53,-585.541,-1476.53,-585.541
-1584.0,-496.0,-159.532,7.27108e-07,87.9252,-39.8011,92.0748,169.301,-1476.53,-585.541,-1476.53,-585.541
-1582.0,-496.0,-158.291,1.1162e-06,88.6052,43.699,91.3948,134.012,-1425.51,-573.595,-1513.74,-430.776
-1580.0,-496.0,-154.943,1.11142e-06,88.5556,44.1805,91.4444,134.012,-1425.51,-573.595,-1512.87,-430.761
-1578.0,-496.0,-154.578,1.10804e-06,88.5075,44.1257,91.4925,129.985,-1425.61,-569.467,-1510.7,-430.722
-1576.0,-496.0,-153.212,1.10327e-06,88.4847,44.4519,91.5153,129.985,-1425.61,-569.467,-1509.44,-430.7
-1574.0,-496.0,-149.086,1.09794e-06,88.4626,45.6715,91.5374,129.101,-1425.63,-568.463,-1510.23,-430.714
-1572.0,-496.0,-148.677,1.0933e-06,88.4413,45.9572,91.5587,129.101,-1425.63,-568.463,-1508.84,-430.689
-1570.0,-496.0,-148.361,1.08868e-06,88.4199,46.2457,91.5801,129.101,-1425.63,-568.463,-1507.45,-430.665
-1568.0,-496.0,-122.885,1.08352e-06,88.3974,47.2365,91.6026,133.997,-1425.51,-573.581,-1507.58,-430.667
-1566.0,-496.0,-125.483,1.07901e-06,88.3758,47.4968,91.6242,133.737,-1425.52,-573.334,-1506.1,-430.641
-1564.0,-496.0,-128.138,1.07452e-06,88.3539,47.7593,91.6461,133.475,-1425.52,-573.082,-1504.63,-430.615
-1562.0,-496.0,-129.592,1.07006e-06,88.332,48.0239,91.668,133.21,-1425.53,-572.825,-1503.15,-430.589
-1560.0,-496.0,-129.019,1.0656e-06,88.3441,48.2908,91.6559,132.943,-1425.53,-572.564,-1501.68,-430.563
-1558.0,-496.0,-126.775,1.06115e-06,88.3828,48.5599,91.6172,132.674,-1425.54,-572.297,-1500.2,-430.537
-1556.0,-496.0,-131.883,1.05672e-06,88.4218,48.8931,91.5782,132.426,-1425.55,-572.049,-1498.86,-430.513
-1554.0,-496.0,-146.293,1.05236e-06,88.4613,49.9017,91.5387,132.426,-1425.55,-572.049,-1498.86,-430.513
-1552.0,-496.0,-147.986,1.07217e-06,88.5349,48.9174,91.4651,130.064,-1425.6,-569.555,-1490.61,-425.583
-1550.0,-496.0,-145.155,1.06781e-06,88.5743,49.8551,91.4257,130.064,-1425.6,-569.555,-1490.61,-425.583
-1548.0,-496.0,-140.632,1.06353e-06,88.6141,50.8194,91.3859,130.064,-1425.6,-569.555,-1490.61,-425.583
-1546.0,-496.0,-131.374,1.05934e-06,88.6543,51.8109,91.3457,130.064,-1425.6,-569.555,-1490.61,-425.583
-1544.0,-496.0,-126.543,1.05523e-06,88.6864,52.4095,91.3136,129.985,-1425.61,-569.467,-1489.77,-425.561
-1542.0,-496.0,-161.615,2.30222e-06,89.3979,-175.532,90.6021,-15.3614,-1342.04,-615.923,-1594.26,-500.083
-1540.0,-496.0,-161.796,2.30887e-06,89.3997,-175.568,90.6003,-15.3614,-1342.04,-615.923,-1594.26,-500.206
-1538.0,-496.0,-161.972,2.31553e-06,89.4014,-175.603,90.5986,-15.3614,-1342.04,-615.923,-1594.26,-500.326
-1536.0,-496.0,-162.144,2.32218e-06,89.4131,-175.638,90.5869,-15.3614,-1342.04,-615.923,-1594.26,-500.445
-1534.0,-496.0,-162.313,2.32883e-06,89.4286,-175.672,90.5714,-15.3614,-1342.04,-615.923,-1594.27,-500.562
-1532.0,-496.0,0.0,0.0,0.0,0.0,0.0,0.0,0.0,0.0,0.0,0.0
-1530.0,-496.0,0.0,0.0,0.0,0.0,0.0,0.0,0.0,0.0,0.0,0.0
-1528.0,-496.0,0.0,0.0,0.0,0.0,0.0,0.0,0.0,0.0,0.0,0.0
-1526.0,-496.0,0.0,0.0,0.0,0.0,0.0,0.0,0.0,0.0,0.0,0.0
-1524.0,-496.0,0.0,0.0,0.0,0.0,0.0,0.0,0.0,0.0,0.0,0.0
-1522.0,-496.0,0.0,0.0,0.0,0.0,0.0,0.0,0.0,0.0,0.0,0.0
-1520.0,-496.0,0.0,0.0,0.0,0.0,0.0,0.0,0.0,0.0,0.0,0.0
-1518.0,-496.0,0.0,0.0,0.0,0.0,0.0,0.0,0.0,0.0,0.0,0.0
-1516.0,-496.0,0.0,0.0,0.0,0.0,0.0,0.0,0.0,0.0,0.0,0.0
-1514.0,-496.0,0.0,0.0,0.0,0.0,0.0,0.0,0.0,0.0,0.0,0.0
-1512.0,-496.0,0.0,0.0,0.0,0.0,0.0,0.0,0.0,0.0,0.0,0.0
-1510.0,-496.0,0.0,0.0,0.0,0.0,0.0,0.0,0.0,0.0,0.0,0.0
-1508.0,-496.0,0.0,0.0,0.0,0.0,0.0,0.0,0.0,0.0,0.0,0.0
-1506.0,-496.0,0.0,0.0,0.0,0.0,0.0,0.0,0.0,0.0,0.0,0.0
-1504.0,-496.0,0.0,0.0,0.0,0.0,0.0,0.0,0.0,0.0,0.0,0.0
-1502.0,-496.0,0.0,0.0,0.0,0.0,0.0,0.0,0.0,0.0,0.0,0.0
-1500.0,-496.0,0.0,0.0,0.0,0.0,0.0,0.0,0.0,0.0,0.0,0.0
-1498.0,-496.0,0.0,0.0,0.0,0.0,0.0,0.0,0.0,0.0,0.0,0.0
-1496.0,-496.0,0.0,0.0,0.0,0.0,0.0,0.0,0.0,0.0,0.0,0.0
-1494.0,-496.0,0.0,0.0,0.0,0.0,0.0,0.0,0.0,0.0,0.0,0.0
-1492.0,-496.0,0.0,0.0,0.0,0.0,0.0,0.0,0.0,0.0,0.0,0.0
-1490.0,-496.0,0.0,0.0,0.0,0.0,0.0,0.0,0.0,0.0,0.0,0.0
-1488.0,-496.0,0.0,0.0,0.0,0.0,0.0,0.0,0.0,0.0,0.0,0.0
-1486.0,-496.0,0.0,0.0,0.0,0.0,0.0,0.0,0.0,0.0,0.0,0.0
-1484.0,-496.0,0.0,0.0,0.0,0.0,0.0,0.0,0.0,0.0,0.0,0.0
-1482.0,-496.0,0.0,0.0,0.0,0.0,0.0,0.0,0.0,0.0,0.0,0.0
-1480.0,-496.0,0.0,0.0,0.0,0.0,0.0,0.0,0.0,0.0,0.0,0.0
-1478.0,-496.0,0.0,0.0,0.0,0.0,0.0,0.0,0.0,0.0,0.0,0.0
-1476.0,-496.0,0.0,0.0,0.0,0.0,0.0,0.0,0.0,0.0,0.0,0.0
-1474.0,-496.0,0.0,0.0,0.0,0.0,0.0,0.0,0.0,0.0,0.0,0.0
-1472.0,-496.0,0.0,0.0,0.0,0.0,0.0,0.0,0.0,0.0,0.0,0.0
-1470.0,-496.0,0.0,0.0,0.0,0.0,0.0,0.0,0.0,0.0,0.0,0.0
-1468.0,-496.0,0.0,0.0,0.0,0.0,0.0,0.0,0.0,0.0,0.0,0.0
-1466.0,-496.0,0.0,0.0,0.0,0.0,0.0,0.0,0.0,0.0,0.0,0.0
-1464.0,-496.0,0.0,0.0,0.0,0.0,0.0,0.0,0.0,0.0,0.0,0.0
-1462.0,-496.0,0.0,0.0,0.0,0.0,0.0,0.0,0.0,0.0,0.0,0.0
-1460.0,-496.0,0.0,0.0,0.0,0.0,0.0,0.0,0.0,0.0,0.0,0.0
-1458.0,-496.0,-112.124,8.48138e-07,88.525,78.977,91.475,104.075,-1444.04,-424.342,-1444.04,-424.342
-1456.0,-496.0,-112.319,8.46888e-07,88.5228,79.4203,91.4772,103.632,-1442.61,-424.304,-1442.61,-424.304
-1454.0,-496.0,-112.552,8.45688e-07,88.5207,79.8649,91.4793,103.187,-1441.18,-424.266,-1441.18,-424.266
-1452.0,-496.0,-112.825,8.4454e-07,88.5187,80.3107,91.4813,102.741,-1439.75,-424.228,-1439.75,-424.228
-1450.0,-496.0,-113.144,8.43443e-07,88.5168,80.7577,91.4832,102.294,-1438.31,-424.19,-1438.31,-424.19
-1448.0,-496.0,-113.512,8.42397e-07,88.5149,81.2059,91.4851,101.846,-1436.88,-424.152,-1436.88,-424.152
-1446.0,-496.0,-113.934,8.41403e-07,88.5132,81.6551,91.4868,101.397,-1435.46,-424.114,-1435.46,-424.114
-1444.0,-496.0,-112.048,4.82499e-07,87.4067,-44.8509,92.5933,134.357,-1425.5,-573.919,-1397.41,-542.349
-1442.0,-496.0,-109.218,3.74885e-07,86.6615,-67.9581,93.3385,111.97,-1429.78,-526.194,-1429.78,-526.194
-1440.0,-496.0,-102.364,3.72441e-07,86.6395,-68.9625,93.3605,111.038,-1440.0,-496.0,-1400.0,-600.0
-1438.0,-496.0,-102.309,3.70102e-07,86.6183,-69.9285,93.3817,110.072,-1438.0,-496.0,-1400.0,-600.0
-1436.0,-496.0,-102.256,3.6787e-07,86.5977,-70.9065,93.4023,109.093,-1436.0,-496.0,-1400.0,-600.0
-1434.0,-496.0,-102.206,3.65745e-07,86.5779,-71.8962,93.4221,108.104,-1434.0,-496.0,-1400.0,-600.0
-1432.0,-496.0,-102.158,3.6373e-07,86.5589,-72.8973,93.4411,107.103,-1432.0,-496.0,-1400.0,-600.0
-1430.0,-496.0,-102.112,3.61827e-07,86.5408,-73.9092,93.4592,106.091,-1430.0,-496.0,-1400.0,-600.0
-1428.0,-496.0,-102.069,3.60038e-07,86.5236,-74.9315,93.4764,105.068,-1428.0,-496.0,-1400.0,-600.0
-1426.0,-496.0,-102.028,3.58364e-07,86.5074,-75.9638,93.4926,104.036,-1426.0,-496.0,-1400.0,-600.0
-1424.0,-496.0,-101.991,3.56808e-07,86.4921,-77.0054,93.5079,102.995,-1424.0,-496.0,-1400.0,-600.0
-1422.0,-496.0,-101.955,3.55369e-07,86.4779,-78.0558,93.5221,101.944,-1422.0,-496.0,-1400.0,-600.0
-1420.0,-496.0,-101.923,3.54051e-07,86.4648,-79.1145,93.5352,100.886,-1420.0,-496.0,-1400.0,-600.0
-1418.0,-496.0,-101.894,3.52854e-07,86.4528,-80.1807,93.5472,99.8193,-1418.0,-496.0,-1400.0,-600.0
-1416.0,-496.0,-101.867,3.5178e-07,86.4419,-81.2538,93.5581,98.7462,-1416.0,-496.0,-1400.0,-600.0
-1414.0,-496.0,-101.844,3.50829e-07,86.4322,-82.3332,93.5678,97.6668,-1414.0,-496.0,-1400.0,-600.0
-1412.0,-496.0,0.0,0.0,0.0,0.0,0.0,0.0,0.0,0.0,0.0,0.0
-1410.0,-496.0,0.0,0.0,0.0,0.0,0.0,0.0,0.0,0.0,0.0,0.0
-1408.0,-496.0,0.0,0.0,0.0,0.0,0.0,0.0,0.0,0.0,0.0,0.0
-1406.0,-496.0,0.0,0.0,0.0,0.0,0.0,0.0,0.0,0.0,0.0,0.0
-1404.0,-496.0,0.0,0.0,0.0,0.0,0.0,0.0,0.0,0.0,0.0,0.0
-1402.0,-496.0,0.0,0.0,0.0,0.0,0.0,0.0,0.0,0.0,0.0,0.0
-1400.0,-496.0,0.0,0.0,0.0,0.0,0.0,0.0,0.0,0.0,0.0,0.0
-1398.0,-496.0,0.0,0.0,0.0,0.0,0.0,0.0,0.0,0.0,0.0,0.0
-1396.0,-496.0,0.0,0.0,0.0,0.0,0.0,0.0,0.0,0.0,0.0,0.0
-1394.0,-496.0,0.0,0.0,0.0,0.0,0.0,0.0,0.0,0.0,0.0,0.0
-1392.0,-496.0,0.0,0.0,0.0,0.0,0.0,0.0,0.0,0.0,0.0,0.0
-1390.0,-496.0,0.0,0.0,0.0,0.0,0.0,0.0,0.0,0.0,0.0,0.0
-1388.0,-496.0,0.0,0.0,0.0,0.0,0.0,0.0,0.0,0.0,0.0,0.0
-1386.0,-496.0,0.0,0.0,0.0,0.0,0.0,0.0,0.0,0.0,0.0,0.0
-1384.0,-496.0,0.0,0.0,0.0,0.0,0.0,0.0,0.0,0.0,0.0,0.0
-1382.0,-496.0,0.0,0.0,0.0,0.0,0.0,0.0,0.0,0.0,0.0,0.0
-1380.0,-496.0,0.0,0.0,0.0,0.0,0.0,0.0,0.0,0.0,0.0,0.0
-1378.0,-496.0,0.0,0.0,0.0,0.0,0.0,0.0,0.0,0.0,0.0,0.0
-1376.0,-496.0,0.0,0.0,0.0,0.0,0.0,0.0,0.0,0.0,0.0,0.0
-1374.0,-496.0,0.0,0.0,0.0,0.0,0.0,0.0,0.0,0.0,0.0,0.0
-1372.0,-496.0,0.0,0.0,0.0,0.0,0.0,0.0,0.0,0.0,0.0,0.0
-1370.0,-496.0,0.0,0.0,0.0,0.0,0.0,0.0,0.0,0.0,0.0,0.0
-1368.0,-496.0,0.0,0.0,0.0,0.0,0.0,0.0,0.0,0.0,0.0,0.0
-1366.0,-496.0,0.0,0.0,0.0,0.0,0.0,0.0,0.0,0.0,0.0,0.0
-1364.0,-496.0,0.0,0.0,0.0,0.0,0.0,0.0,0.0,0.0,0.0,0.0
-1362.0,-496.0,0.0,0.0,0.0,0.0,0.0,0.0,0.0,0.0,0.0,0.0
-1360.0,-496.0,0.0,0.0,0.0,0.0,0.0,0.0,0.0,0.0,0.0,0.0
-1358.0,-496.0,0.0,0.0,0.0,0.0,0.0,0.0,0.0,0.0,0.0,0.0
-1356.0,-496.0,-157.411,1.93861e-06,86.8944,44.7508,88.3454,17.182,-1365.22,-589.246,-1327.02,-467.273
-1354.0,-496.0,-157.265,1.93391e-06,86.8463,44.8905,88.3464,17.0431,-1364.89,-589.236,-1325.13,-467.237
-1352.0,-496.0,-157.16,1.92923e-06,86.7977,45.031,88.3475,16.9035,-1364.54,-589.225,-1323.23,-467.201
-1350.0,-496.0,-163.116,1.39457e-06,88.7559,-64.6165,91.2441,-14.6085,-1339.34,-615.81,-1329.2,-539.827
-1348.0,-496.0,-164.067,1.39184e-06,88.7302,-66.7881,91.2698,-14.6085,-1339.34,-615.81,-1329.2,-539.827
-1346.0,-496.0,-165.269,1.38934e-06,88.7047,-69.0325,91.2953,-14.6085,-1339.34,-615.81,-1329.2,-539.827
-1344.0,-496.0,-164.082,1.38709e-06,88.6793,-71.3464,91.3207,-14.6085,-1339.34,-615.81,-1329.2,-539.827
-1342.0,-496.0,-163.669,1.38511e-06,88.6541,-73.7251,91.3459,-14.6085,-1339.34,-615.81,-1329.2,-539.827
-1340.0,-496.0,-163.733,1.38339e-06,88.6291,-76.1629,91.3709,-14.6085,-1339.34,-615.81,-1329.2,-539.827
-1338.0,-496.0,-164.09,1.38194e-06,88.6043,-78.6528,91.3957,-14.6085,-1339.34,-615.81,-1329.2,-539.827
-1336.0,-496.0,-169.041,9.01709e-07,87.8249,93.1412,92.1751,-43.3117,-1381.35,-617.58,-1338.96,-442.059
-1334.0,-496.0,0.0,0.0,0.0,0.0,0.0,0.0,0.0,0.0,0.0,0.0
-1332.0,-496.0,0.0,0.0,0.0,0.0,0.0,0.0,0.0,0.0,0.0,0.0
-1330.0,-496.0,0.0,0.0,0.0,0.0,0.0,0.0,0.0,0.0,0.0,0.0
-1328.0,-496.0,0.0,0.0,0.0,0.0,0.0,0.0,0.0,0.0,0.0,0.0
-1326.0,-496.0,0.0,0.0,0.0,0.0,0.0,0.0,0.0,0.0,0.0,0.0
-1324.0,-496.0,0.0,0.0,0.0,0.0,0.0,0.0,0.0,0.0,0.0,0.0
-1322.0,-496.0,0.0,0.0,0.0,0.0,0.0,0.0,0.0,0.0,0.0,0.0
-1320.0,-496.0,0.0,0.0,0.0,0.0,0.0,0.0,0.0,0.0,0.0,0.0
-1318.0,-496.0,0.0,0.0,0.0,0.0,0.0,0.0,0.0,0.0,0.0,0.0
-1316.0,-496.0,0.0,0.0,0.0,0.0,0.0,0.0,0.0,0.0,0.0,0.0
-1314.0,-496.0,0.0,0.0,0.0,0.0,0.0,0.0,0.0,0.0,0.0,0.0
-1312.0,-496.0,-152.89,1.49039e-06,88.4818,51.7344,91.5182,-43.396,-1381.4,-617.583,-1232.52,-395.237
-1310.0,-496.0,-154.253,1.48627e-06,88.4776,51.9703,91.5224,-43.396,-1381.4,-617.583,-1231.14,-395.166
-1308.0,-496.0,-151.896,7.22809e-07,81.9587,-113.944,85.29,-60.0911,-1389.69,-617.932,-1361.62,-616.749
-1306.0,-496.0,-156.08,1.47809e-06,88.4692,52.4469,91.5308,-43.396,-1381.4,-617.583,-1228.37,-395.024
-1304.0,-496.0,-157.164,1.66966e-06,88.6448,-18.8015,91.3552,-14.6085,-1339.34,-615.81,-1254.93,-512.707
-1302.0,-496.0,-157.951,1.66335e-06,88.6397,-19.0877,91.3603,-14.6085,-1339.34,-615.81,-1254.93,-512.287
-1300.0,-496.0,-134.216,1.44983e-06,87.7669,-137.636,91.4661,-15.5234,-1342.59,-615.947,-1339.56,-532.078
-1298.0,-496.0,-133.653,1.45477e-06,87.8492,-137.814,91.4683,-15.3465,-1341.99,-615.921,-1339.19,-533.332
-1296.0,-496.0,-133.081,1.45971e-06,87.9256,-137.992,91.4705,-15.1707,-1341.38,-615.896,-1338.83,-534.574
-1294.0,-496.0,-132.549,1.46468e-06,87.9965,-138.168,91.4726,-14.9961,-1340.76,-615.869,-1338.47,-535.804
-1292.0,-496.0,-149.037,6.45016e-07,82.6683,-123.352,81.6509,55.2243,-1393.13,-590.099,-1371.76,-617.176
-1290.0,-496.0,-153.765,6.63343e-07,81.3228,-133.786,85.6214,-40.5209,-1379.52,-617.503,-1357.31,-566.224
-1288.0,-496.0,-140.994,5.99182e-07,86.2214,-124.878,93.7786,-43.3117,-1381.35,-617.58,-1342.6,-574.333
-1286.0,-496.0,-139.882,6.03036e-07,86.2456,-125.851,93.7544,-43.3117,-1381.35,-617.58,-1342.6,-574.333
-1284.0,-496.0,-137.333,6.06745e-07,86.2686,-127.694,93.7314,-43.396,-1381.4,-617.583,-1355.83,-588.959
-1282.0,-496.0,-135.488,6.10868e-07,86.2709,-128.458,93.7291,-43.396,-1381.4,-617.583,-1355.83,-588.959
-1280.0,-496.0,-133.228,6.15062e-07,86.2701,-129.206,93.7299,-43.396,-1381.4,-617.583,-1355.83,-588.959
-1278.0,-496.0,-130.306,6.19323e-07,86.2696,-129.939,93.7304,-43.396,-1381.4,-617.583,-1355.83,-588.959
-1276.0,-496.0,-126.187,6.23656e-07,86.2589,-130.656,93.7411,-43.396,-1381.4,-617.583,-1355.83,-588.959
-1274.0,-496.0,-119.68,6.28062e-07,86.2336,-131.358,93.7664,-43.396,-1381.4,-617.583,-1355.83,-588.959
-1272.0,-496.0,-116.661,6.32528e-07,86.2091,-132.028,93.7909,-43.3117,-1381.35,-617.58,-1342.6,-574.333
-1270.0,-496.0,-136.556,7.98112e-07,86.6486,-121.186,92.753,56.0507,-1393.34,-590.106,-1317.01,-573.666
-1268.0,-496.0,-134.828,8.01615e-07,86.5791,-121.597,92.74,55.6437,-1393.23,-590.103,-1315.75,-573.633
-1266.0,-496.0,-132.357,8.0515e-07,86.9023,-121.713,93.0977,54.9672,-1393.06,-590.097,-1313.94,-573.585
-1264.0,-496.0,-127.399,8.08725e-07,86.876,-122.541,93.124,54.9672,-1393.06,-590.097,-1313.5,-573.574
-1262.0,-496.0,-135.346,8.1238e-07,86.8503,-123.354,93.1497,54.9672,-1393.06,-590.097,-1313.05,-573.562
-1260.0,-496.0,-139.681,8.16113e-07,86.8255,-124.152,93.1745,54.9672,-1393.06,-590.097,-1312.61,-573.551
-1258.0,-496.0,-142.617,8.19907e-07,86.8205,-124.935,93.1795,54.9672,-1393.06,-590.097,-1312.16,-573.539
-1256.0,-496.0,-144.966,8.23775e-07,86.8158,-125.704,93.1842,54.9672,-1393.06,-590.097,-1311.72,-573.527
-1254.0,-496.0,-147.193,8.27715e-07,86.8115,-126.458,93.1885,54.9672,-1393.06,-590.097,-1311.27,-573.516
-1252.0,-496.0,-149.832,8.31706e-07,86.8296,-127.198,93.1704,54.9672,-1393.06,-590.097,-1310.82,-573.504
-1250.0,-496.0,-153.718,1.6488e-06,87.5519,-164.549,88.0605,24.3068,-1376.99,-589.606,-1345.17,-522.305
-1248.0,-496.0,-153.608,1.65521e-06,87.5742,-164.61,88.0656,24.2438,-1376.91,-589.604,-1345.16,-522.743
-1246.0,-496.0,-167.114,1.36449e-06,88.1021,58.8934,91.8979,-43.3117,-1381.35,-617.58,-1211.12,-438.198
-1244.0,-496.0,-167.705,1.36106e-06,88.0974,59.1962,91.9026,-43.3117,-1381.35,-617.58,-1211.03,-440.698
-1242.0,-496.0,-167.685,1.35766e-06,88.0926,59.501,91.9074,-43.3117,-1381.35,-617.58,-1210.93,-443.255
-1240.0,-496.0,-166.186,8.42052e-07,86.9237,-162.375,93.0763,129.985,-1425.61,-569.467,-1348.63,-530.51
-1238.0,-496.0,-171.346,1.68918e-06,88.467,165.405,91.533,130.064,-1425.6,-569.555,-1498.9,-428.063
-1236.0,-496.0,-171.404,1.69563e-06,88.4729,165.508,91.5271,130.064,-1425.6,-569.555,-1498.9,-428.047
-1234.0,-496.0,-171.463,1.70209e-06,88.4787,165.609,91.5213,130.064,-1425.6,-569.555,-1498.9,-428.031
-1232.0,-496.0,-171.523,1.70856e-06,88.4844,165.71,91.5156,130.064,-1425.6,-569.555,-1498.9,-428.016
-1230.0,-496.0,-171.584,1.71502e-06,88.4902,165.809,91.5098,130.064,-1425.6,-569.555,-1498.9,-428.0
-1228.0,-496.0,-171.286,1.11518e-06,87.6987,29.4314,92.3013,7.79523,-1306.24,-587.164,-1200.32,-480.382
-1226.0,-496.0,-171.205,1.10935e-06,87.7157,29.6684,92.2843,7.79523,-1306.24,-587.164,-1198.43,-480.296
-1224.0,-496.0,-171.769,1.7344e-06,88.5578,166.097,91.4422,130.064,-1425.6,-569.555,-1498.9,-427.955
-1222.0,-496.0,-160.392,1.12962e-06,87.8139,-8.63024,92.1861,33.5575,-1384.69,-589.841,-1163.89,-504.819
-1220.0,-496.0,-157.589,1.15953e-06,85.9375,31.5834,84.4934,33.2547,-1384.5,-589.836,-1194.14,-480.099
-1218.0,-496.0,-159.858,1.1164e-06,87.8459,-9.03062,92.1541,33.5575,-1384.69,-589.841,-1163.91,-504.597
-1216.0,-496.0,-159.585,1.1098e-06,87.8622,-9.24495,92.1378,33.5575,-1384.69,-589.841,-1163.92,-504.478
-1214.0,-496.0,-159.309,1.10319e-06,87.8786,-9.46961,92.1214,33.5575,-1384.69,-589.841,-1163.93,-504.352
-1212.0,-496.0,-159.029,1.0966e-06,87.8953,-9.70535,92.1047,33.5575,-1384.69,-589.841,-1163.94,-504.22
-1210.0,-496.0,-158.745,1.09001e-06,87.9122,-9.953,92.0878,33.5575,-1384.69,-589.841,-1163.95,-504.082
-1208.0,-496.0,-158.457,1.08342e-06,87.9293,-10.2135,92.0707,33.5575,-1384.69,-589.841,-1163.96,-503.935
-1206.0,-496.0,-158.167,1.07684e-06,87.9467,-10.4878,92.0533,33.5575,-1384.69,-589.841,-1163.97,-503.781
-1204.0,-496.0,-157.872,1.07028e-06,87.9377,-10.7771,92.0623,33.5575,-1384.69,-589.841,-1163.98,-503.618
-1202.0,-496.0,-157.576,1.06373e-06,87.925,-11.0826,92.075,33.5575,-1384.69,-589.841,-1163.99,-503.445
-1600.0,-494.0,0.0,0.0,0.0,0.0,0.0,0.0,0.0,0.0,0.0,0.0
-1598.0,-494.0,0.0,0.0,0.0,0.0,0.0,0.0,0.0,0.0,0.0,0.0
-1596.0,-494.0,0.0,0.0,0.0,0.0,0.0,0.0,0.0,0.0,0.0,0.0
-1594.0,-494.0,-141.609,2.12919e-06,89.3357,-8.51385,90.6643,-15.3614,-1342.04,-615.923,-1399.57,-523.105
-1592.0,-494.0,-159.132,7.51981e-07,88.0759,-38.4072,91.9241,169.301,-1476.53,-585.541,-1476.53,-585.541
-1590.0,-494.0,-159.214,7.46791e-07,88.0192,-38.8955,91.9808,169.301,-1476.53,-585.541,-1476.53,-585.541
-1588.0,-494.0,-159.441,7.41639e-07,87.9619,-39.3944,92.0381,169.301,-1476.53,-585.541,-1476.53,-585.541
-1586.0,-494.0,-159.756,7.36524e-07,87.9039,-39.904,92.0961,169.301,-1476.53,-585.541,-1476.53,-585.541
-1584.0,-494.0,-160.072,7.31453e-07,87.8361,-40.4248,92.1639,169.301,-1476.53,-585.541,-1476.53,-585.541
-1582.0,-494.0,-160.352,7.26429e-07,87.7544,-40.9568,92.2456,169.301,-1476.53,-585.541,-1476.53,-585.541
-1580.0,-494.0,-158.527,1.10825e-06,88.4846,43.4673,91.5154,129.985,-1425.61,-569.467,-1513.29,-430.768
-1578.0,-494.0,-156.33,1.10343e-06,88.4547,43.7895,91.5453,129.985,-1425.61,-569.467,-1512.01,-430.746
-1576.0,-494.0,-154.544,1.09864e-06,88.4333,44.1155,91.5667,129.985,-1425.61,-569.467,-1510.74,-430.723
-1574.0,-494.0,-153.15,1.09387e-06,88.4117,44.4455,91.5883,129.985,-1425.61,-569.467,-1509.46,-430.7
-1572.0,-494.0,-148.998,1.08854e-06,88.389,45.6781,91.611,129.101,-1425.63,-568.463,-1510.19,-430.713
-1570.0,-494.0,-148.588,1.0839e-06,88.3672,45.9667,91.6328,129.101,-1425.63,-568.463,-1508.79,-430.689
-1568.0,-494.0,-148.274,1.07928e-06,88.3453,46.2582,91.6547,129.101,-1425.63,-568.463,-1507.39,-430.664
-1566.0,-494.0,-123.009,1.07413e-06,88.3223,47.2562,91.6777,133.978,-1425.51,-573.563,-1507.47,-430.665
-1564.0,-494.0,-125.666,1.06962e-06,88.3001,47.5188,91.6999,133.715,-1425.52,-573.313,-1505.98,-430.639
-1562.0,-494.0,-128.287,1.06514e-06,88.2778,47.7837,91.7222,133.45,-1425.52,-573.058,-1504.49,-430.613
-1560.0,-494.0,-129.557,1.06065e-06,88.2897,48.0508,91.7103,133.183,-1425.53,-572.799,-1503.0,-430.586
-1558.0,-494.0,-128.758,1.05618e-06,88.3283,48.3202,91.6717,132.914,-1425.53,-572.535,-1501.52,-430.56
-1556.0,-494.0,-126.381,1.05173e-06,88.3673,48.5918,91.6327,132.642,-1425.54,-572.266,-1500.03,-430.534
-1554.0,-494.0,-134.039,1.04731e-06,88.4066,49.0239,91.5934,132.426,-1425.55,-572.049,-1498.86,-430.513
-1552.0,-494.0,-148.072,1.04296e-06,88.4464,50.0689,91.5536,132.426,-1425.55,-572.049,-1498.86,-430.513
-1550.0,-494.0,-147.513,1.06276e-06,88.5209,49.0396,91.4791,130.064,-1425.6,-569.555,-1490.61,-425.583
-1548.0,-494.0,-144.418,1.05841e-06,88.5606,50.0087,91.4394,130.064,-1425.6,-569.555,-1490.61,-425.583
-1546.0,-494.0,-139.254,1.05414e-06,88.6007,51.006,91.3993,130.064,-1425.6,-569.555,-1490.61,-425.583
-1544.0,-494.0,-127.926,1.04997e-06,88.6413,52.0323,91.3587,130.064,-1425.6,-569.555,-1490.61,-425.583
-1542.0,-494.0,-137.079,1.0459e-06,88.6628,53.0882,91.3372,130.064,-1425.6,-569.555,-1490.61,-425.583
-1540.0,-494.0,-159.915,2.30942e-06,89.3944,-175.112,90.6056,-15.3614,-1342.04,-615.923,-1594.23,-498.637
-1538.0,-494.0,-160.138,2.31607e-06,89.3962,-175.151,90.6038,-15.3614,-1342.04,-615.923,-1594.23,-498.77
-1536.0,-494.0,-160.357,2.32271e-06,89.4079,-175.189,90.5921,-15.3614,-1342.04,-615.923,-1594.23,-498.901
-1534.0,-494.0,-160.569,2.32936e-06,89.4235,-175.226,90.5765,-15.3614,-1342.04,-615.923,-1594.24,-499.03
-1532.0,-494.0,0.0,0.0,0.0,0.0,0.0,0.0,0.0,0.0,0.0,0.0
-1530.0,-494.0,0.0,0.0,0.0,0.0,0.0,0.0,0.0,0.0,0.0,0.0
-1528.0,-494.0,0.0,0.0,0.0,0.0,0.0,0.0,0.0,0.0,0.0,0.0
-1526.0,-494.0,0.0,0.0,0.0,0.0,0.0,0.0,0.0,0.0,0.0,0.0
-1524.0,-494.0,0.0,0.0,0.0,0.0,0.0,0.0,0.0,0.0,0.0,0.0
-1522.0,-494.0,0.0,0.0,0.0,0.0,0.0,0.0,0.0,0.0,0.0,0.0
-1520.0,-494.0,0.0,0.0,0.0,0.0,0.0,0.0,0.0,0.0,0.0,0.0
-1518.0,-494.0,0.0,0.0,0.0,0.0,0.0,0.0,0.0,0.0,0.0,0.0
-1516.0,-494.0,0.0,0.0,0.0,0.0,0.0,0.0,0.0,0.0,0.0,0.0
-1514.0,-494.0,0.0,0.0,0.0,0.0,0.0,0.0,0.0,0.0,0.0,0.0
-1512.0,-494.0,0.0,0.0,0.0,0.0,0.0,0.0,0.0,0.0,0.0,0.0
-1510.0,-494.0,0.0,0.0,0.0,0.0,0.0,0.0,0.0,0.0,0.0,0.0
-1508.0,-494.0,0.0,0.0,0.0,0.0,0.0,0.0,0.0,0.0,0.0,0.0
-1506.0,-494.0,0.0,0.0,0.0,0.0,0.0,0.0,0.0,0.0,0.0,0.0
-1504.0,-494.0,0.0,0.0,0.0,0.0,0.0,0.0,0.0,0.0,0.0,0.0
-1502.0,-494.0,0.0,0.0,0.0,0.0,0.0,0.0,0.0,0.0,0.0,0.0
-1500.0,-494.0,0.0,0.0,0.0,0.0,0.0,0.0,0.0,0.0,0.0,0.0
-1498.0,-494.0,0.0,0.0,0.0,0.0,0.0,0.0,0.0,0.0,0.0,0.0
-1496.0,-494.0,0.0,0.0,0.0,0.0,0.0,0.0,0.0,0.0,0.0,0.0
-1494.0,-494.0,0.0,0.0,0.0,0.0,0.0,0.0,0.0,0.0,0.0,0.0
-1492.0,-494.0,0.0,0.0,0.0,0.0,0.0,0.0,0.0,0.0,0.0,0.0
-1490.0,-494.0,0.0,0.0,0.0,0.0,0.0,0.0,0.0,0.0,0.0,0.0
-1488.0,-494.0,0.0,0.0,0.0,0.0,0.0,0.0,0.0,0.0,0.0,0.0
-1486.0,-494.0,0.0,0.0,0.0,0.0,0.0,0.0,0.0,0.0,0.0,0.0
-1484.0,-494.0,0.0,0.0,0.0,0.0,0.0,0.0,0.0,0.0,0.0,0.0
-1482.0,-494.0,0.0,0.0,0.0,0.0,0.0,0.0,0.0,0.0,0.0,0.0
-1480.0,-494.0,0.0,0.0,0.0,0.0,0.0,0.0,0.0,0.0,0.0,0.0
-1478.0,-494.0,0.0,0.0,0.0,0.0,0.0,0.0,0.0,0.0,0.0,0.0
-1476.0,-494.0,0.0,0.0,0.0,0.0,0.0,0.0,0.0,0.0,0.0,0.0
-1474.0,-494.0,0.0,0.0,0.0,0.0,0.0,0.0,0.0,0.0,0.0,0.0
-1472.0,-494.0,0.0,0.0,0.0,0.0,0.0,0.0,0.0,0.0,0.0,0.0
-1470.0,-494.0,0.0,0.0,0.0,0.0,0.0,0.0,0.0,0.0,0.0,0.0
-1468.0,-494.0,0.0,0.0,0.0,0.0,0.0,0.0,0.0,0.0,0.0,0.0
-1466.0,-494.0,0.0,0.0,0.0,0.0,0.0,0.0,0.0,0.0,0.0,0.0
-1464.0,-494.0,0.0,0.0,0.0,0.0,0.0,0.0,0.0,0.0,0.0,0.0
-1462.0,-494.0,0.0,0.0,0.0,0.0,0.0,0.0,0.0,0.0,0.0,0.0
-1460.0,-494.0,0.0,0.0,0.0,0.0,0.0,0.0,0.0,0.0,0.0,0.0
-1458.0,-494.0,-112.019,8.41591e-07,88.5135,78.8901,91.4865,104.162,-1444.32,-424.35,-1444.32,-424.35
-1456.0,-494.0,-112.209,8.40331e-07,88.5113,79.3367,91.4887,103.715,-1442.88,-424.311,-1442.88,-424.311
-1454.0,-494.0,-112.436,8.39122e-07,88.5092,79.7847,91.4908,103.268,-1441.43,-424.273,-1441.43,-424.273
-1452.0,-494.0,-112.704,8.37965e-07,88.5071,80.2339,91.4929,102.818,-1439.99,-424.235,-1439.99,-424.235
-1450.0,-494.0,-113.017,8.36859e-07,88.5051,80.6843,91.4949,102.368,-1438.55,-424.196,-1438.55,-424.196
-1448.0,-494.0,-113.38,8.35805e-07,88.5032,81.1359,91.4968,101.916,-1437.11,-424.158,-1437.11,-424.158
-1446.0,-494.0,-112.221,4.91928e-07,87.4564,-44.8537,92.5436,134.354,-1425.5,-573.916,-1397.41,-542.343
-1444.0,-494.0,-114.269,8.33853e-07,88.4997,82.0424,91.5003,101.01,-1434.23,-424.081,-1434.23,-424.081
-1442.0,-494.0,-102.563,3.81071e-07,86.7157,-68.3852,93.2843,111.615,-1442.0,-494.0,-1400.0,-600.0
-1440.0,-494.0,-102.508,3.78667e-07,86.6948,-69.3256,93.3052,110.674,-1440.0,-494.0,-1400.0,-600.0
-1438.0,-494.0,-102.455,3.76367e-07,86.6746,-70.2777,93.3254,109.722,-1438.0,-494.0,-1400.0,-600.0
-1436.0,-494.0,-102.404,3.74171e-07,86.6551,-71.2413,93.3449,108.759,-1436.0,-494.0,-1400.0,-600.0
-1434.0,-494.0,-102.355,3.72083e-07,86.6363,-72.2161,93.3637,107.784,-1434.0,-494.0,-1400.0,-600.0
-1432.0,-494.0,-102.309,3.70102e-07,86.6183,-73.2016,93.3817,106.798,-1432.0,-494.0,-1400.0,-600.0
-1430.0,-494.0,-102.265,3.68233e-07,86.6011,-74.1975,93.3989,105.803,-1430.0,-494.0,-1400.0,-600.0
-1428.0,-494.0,-102.223,3.66475e-07,86.5847,-75.2032,93.4153,104.797,-1428.0,-494.0,-1400.0,-600.0
-1426.0,-494.0,-102.184,3.6483e-07,86.5693,-76.2184,93.4307,103.782,-1426.0,-494.0,-1400.0,-600.0
-1424.0,-494.0,-102.148,3.63301e-07,86.5549,-77.2425,93.4451,102.758,-1424.0,-494.0,-1400.0,-600.0
-1422.0,-494.0,-102.114,3.61889e-07,86.5414,-78.2749,93.4586,101.725,-1422.0,-494.0,-1400.0,-600.0
-1420.0,-494.0,-102.082,3.60594e-07,86.529,-79.3151,93.471,100.685,-1420.0,-494.0,-1400.0,-600.0
-1418.0,-494.0,-102.054,3.59419e-07,86.5176,-80.3625,93.4824,99.6375,-1418.0,-494.0,-1400.0,-600.0
-1416.0,-494.0,-102.028,3.58364e-07,86.5074,-81.4164,93.4926,98.5836,-1416.0,-494.0,-1400.0,-600.0
-1414.0,-494.0,-102.006,3.57431e-07,86.4982,-82.4762,93.5018,97.5238,-1414.0,-494.0,-1400.0,-600.0
-1412.0,-494.0,0.0,0.0,0.0,0.0,0.0,0.0,0.0,0.0,0.0,0.0
-1410.0,-494.0,0.0,0.0,0.0,0.0,0.0,0.0,0.0,0.0,0.0,0.0
-1408.0,-494.0,0.0,0.0,0.0,0.0,0.0,0.0,0.0,0.0,0.0,0.0
-1406.0,-494.0,0.0,0.0,0.0,0.0,0.0,0.0,0.0,0.0,0.0,0.0
-1404.0,-494.0,0.0,0.0,0.0,0.0,0.0,0.0,0.0,0.0,0.0,0.0
-1402.0,-494.0,0.0,0.0,0.0,0.0,0.0,0.0,0.0,0.0,0.0,0.0
-1400.0,-494.0,0.0,0.0,0.0,0.0,0.0,0.0,0.0,0.0,0.0,0.0
-1398.0,-494.0,0.0,0.0,0.0,0.0,0.0,0.0,0.0,0.0,0.0,0.0
-1396.0,-494.0,0.0,0.0,0.0,0.0,0.0,0.0,0.0,0.0,0.0,0.0
-1394.0,-494.0,0.0,0.0,0.0,0.0,0.0,0.0,0.0,0.0,0.0,0.0
-1392.0,-494.0,0.0,0.0,0.0,0.0,0.0,0.0,0.0,0.0,0.0,0.0
-1390.0,-494.0,0.0,0.0,0.0,0.0,0.0,0.0,0.0,0.0,0.0,0.0
-1388.0,-494.0,0.0,0.0,0.0,0.0,0.0,0.0,0.0,0.0,0.0,0.0
-1386.0,-494.0,0.0,0.0,0.0,0.0,0.0,0.0,0.0,0.0,0.0,0.0
-1384.0,-494.0,0.0,0.0,0.0,0.0,0.0,0.0,0.0,0.0,0.0,0.0
-1382.0,-494.0,0.0,0.0,0.0,0.0,0.0,0.0,0.0,0.0,0.0,0.0
-1380.0,-494.0,0.0,0.0,0.0,0.0,0.0,0.0,0.0,0.0,0.0,0.0
-1378.0,-494.0,0.0,0.0,0.0,0.0,0.0,0.0,0.0,0.0,0.0,0.0
-1376.0,-494.0,0.0,0.0,0.0,0.0,0.0,0.0,0.0,0.0,0.0,0.0
-1374.0,-494.0,0.0,0.0,0.0,0.0,0.0,0.0,0.0,0.0,0.0,0.0
-1372.0,-494.0,0.0,0.0,0.0,0.0,0.0,0.0,0.0,0.0,0.0,0.0
-1370.0,-494.0,0.0,0.0,0.0,0.0,0.0,0.0,0.0,0.0,0.0,0.0
-1368.0,-494.0,0.0,0.0,0.0,0.0,0.0,0.0,0.0,0.0,0.0,0.0
-1366.0,-494.0,0.0,0.0,0.0,0.0,0.0,0.0,0.0,0.0,0.0,0.0
-1364.0,-494.0,0.0,0.0,0.0,0.0,0.0,0.0,0.0,0.0,0.0,0.0
-1362.0,-494.0,0.0,0.0,0.0,0.0,0.0,0.0,0.0,0.0,0.0,0.0
-1360.0,-494.0,0.0,0.0,0.0,0.0,0.0,0.0,0.0,0.0,0.0,0.0
-1358.0,-494.0,0.0,0.0,0.0,0.0,0.0,0.0,0.0,0.0,0.0,0.0
-1356.0,-494.0,-157.677,1.93393e-06,86.8696,44.6103,88.3444,17.3226,-1365.55,-589.256,-1328.94,-467.309
-1354.0,-494.0,-157.481,1.92923e-06,86.8212,44.7501,88.3454,17.1838,-1365.22,-589.246,-1327.04,-467.273
-1352.0,-494.0,-157.333,1.92453e-06,86.7722,44.8905,88.3464,17.0442,-1364.89,-589.236,-1325.13,-467.237
-1350.0,-494.0,-157.226,1.91985e-06,86.7228,45.0317,88.3475,16.904,-1364.54,-589.225,-1323.23,-467.201
-1348.0,-494.0,-165.031,1.398e-06,88.727,-67.6999,91.273,-14.6085,-1339.34,-615.81,-1329.2,-539.827
-1346.0,-494.0,-164.82,5.91018e-07,86.9329,-148.945,93.0671,111.97,-1429.78,-526.194,-1370.19,-508.564
-1344.0,-494.0,-164.082,1.39344e-06,88.6764,-72.1075,91.3236,-14.6085,-1339.34,-615.81,-1329.2,-539.827
-1342.0,-494.0,-163.87,1.39153e-06,88.6514,-74.4001,91.3486,-14.6085,-1339.34,-615.81,-1329.2,-539.827
-1340.0,-494.0,-164.006,1.38988e-06,88.6266,-76.745,91.3734,-14.6085,-1339.34,-615.81,-1329.2,-539.827
-1338.0,-494.0,-164.409,1.3885e-06,88.602,-79.136,91.398,-14.6085,-1339.34,-615.81,-1329.2,-539.827
-1336.0,-494.0,-168.976,8.95059e-07,87.7949,93.1752,92.2051,-43.3117,-1381.35,-617.58,-1338.88,-442.058
-1334.0,-494.0,0.0,0.0,0.0,0.0,0.0,0.0,0.0,0.0,0.0,0.0
-1332.0,-494.0,0.0,0.0,0.0,0.0,0.0,0.0,0.0,0.0,0.0,0.0
-1330.0,-494.0,0.0,0.0,0.0,0.0,0.0,0.0,0.0,0.0,0.0,0.0
-1328.0,-494.0,0.0,0.0,0.0,0.0,0.0,0.0,0.0,0.0,0.0,0.0
-1326.0,-494.0,0.0,0.0,0.0,0.0,0.0,0.0,0.0,0.0,0.0,0.0
-1324.0,-494.0,0.0,0.0,0.0,0.0,0.0,0.0,0.0,0.0,0.0,0.0
-1322.0,-494.0,0.0,0.0,0.0,0.0,0.0,0.0,0.0,0.0,0.0,0.0
-1320.0,-494.0,0.0,0.0,0.0,0.0,0.0,0.0,0.0,0.0,0.0,0.0
-1318.0,-494.0,0.0,0.0,0.0,0.0,0.0,0.0,0.0,0.0,0.0,0.0
-1316.0,-494.0,0.0,0.0,0.0,0.0,0.0,0.0,0.0,0.0,0.0,0.0
-1314.0,-494.0,0.0,0.0,0.0,0.0,0.0,0.0,0.0,0.0,0.0,0.0
-1312.0,-494.0,-150.992,1.48515e-06,88.4848,51.5481,91.5152,-43.396,-1381.4,-617.583,-1233.62,-395.294
-1310.0,-494.0,-153.206,1.48102e-06,88.4805,51.7844,91.5195,-43.396,-1381.4,-617.583,-1232.23,-395.222
-1308.0,-494.0,-151.913,7.28825e-07,82.1028,-113.725,85.2817,-60.2983,-1389.77,-617.935,-1361.95,-616.763
-1306.0,-494.0,-155.293,1.47281e-06,88.4721,52.2617,91.5279,-43.396,-1381.4,-617.583,-1229.44,-395.079
-1304.0,-494.0,-155.183,8.80476e-07,87.4436,-29.2137,92.5564,-35.9954,-1376.1,-617.359,-1254.83,-521.495
-1302.0,-494.0,-155.752,8.74666e-07,87.4266,-29.5118,92.5734,-35.9954,-1376.1,-617.359,-1254.84,-520.695
-1300.0,-494.0,-156.634,8.68873e-07,87.4095,-29.8156,92.5905,-35.9954,-1376.1,-617.359,-1254.85,-519.874
-1298.0,-494.0,-132.595,1.45924e-06,87.9423,-137.622,91.4659,-15.5409,-1342.65,-615.949,-1339.6,-531.954
-1296.0,-494.0,-132.024,1.46418e-06,88.0145,-137.799,91.4681,-15.365,-1342.05,-615.924,-1339.23,-533.201
-1294.0,-494.0,-131.411,1.46913e-06,88.0816,-137.975,91.4702,-15.1903,-1341.44,-615.898,-1338.87,-534.436
-1292.0,-494.0,-130.818,1.47409e-06,88.1442,-138.149,91.4724,-15.0167,-1340.83,-615.873,-1338.51,-535.659
-1290.0,-494.0,-130.276,1.47906e-06,88.2027,-138.323,91.4745,-14.8443,-1340.21,-615.846,-1338.16,-536.87
-1288.0,-494.0,-141.845,6.04653e-07,86.2761,-124.203,93.7239,-43.3117,-1381.35,-617.58,-1342.6,-574.333
-1286.0,-494.0,-140.847,6.08443e-07,86.2994,-125.168,93.7006,-43.3117,-1381.35,-617.58,-1342.6,-574.333
-1284.0,-494.0,-138.689,6.12022e-07,86.321,-127.106,93.679,-43.396,-1381.4,-617.583,-1355.83,-588.959
-1282.0,-494.0,-137.103,6.16077e-07,86.3427,-127.866,93.6573,-43.396,-1381.4,-617.583,-1355.83,-588.959
-1280.0,-494.0,-135.224,6.20217e-07,86.3411,-128.61,93.6589,-43.396,-1381.4,-617.583,-1355.83,-588.959
-1278.0,-494.0,-132.912,6.24423e-07,86.3398,-129.339,93.6602,-43.396,-1381.4,-617.583,-1355.83,-588.959
-1276.0,-494.0,-129.904,6.28703e-07,86.3284,-130.054,93.6716,-43.396,-1381.4,-617.583,-1355.83,-588.959
-1274.0,-494.0,-125.605,6.33056e-07,86.3025,-130.754,93.6975,-43.396,-1381.4,-617.583,-1355.83,-588.959
-1272.0,-494.0,-118.901,6.3747e-07,86.2775,-131.439,93.7225,-43.396,-1381.4,-617.583,-1355.83,-588.959
-1270.0,-494.0,-117.877,6.41942e-07,86.253,-132.106,93.747,-43.3117,-1381.35,-617.58,-1342.6,-574.333
-1268.0,-494.0,-126.233,6.46477e-07,86.2293,-132.881,93.7707,-43.3117,-1381.35,-617.58,-1342.6,-574.333
-1266.0,-494.0,-131.03,6.51078e-07,86.2063,-133.638,93.7937,-43.3117,-1381.35,-617.58,-1342.6,-574.333
-1264.0,-494.0,-127.391,8.14335e-07,86.928,-122.025,93.072,54.9672,-1393.06,-590.097,-1313.78,-573.581
-1262.0,-494.0,-130.994,8.17939e-07,86.902,-122.831,93.098,54.9672,-1393.06,-590.097,-1313.34,-573.57
-1260.0,-494.0,-137.177,8.21621e-07,86.8766,-123.623,93.1234,54.9672,-1393.06,-590.097,-1312.9,-573.558
-1258.0,-494.0,-140.836,8.25375e-07,86.8566,-124.401,93.1434,54.9672,-1393.06,-590.097,-1312.47,-573.547
-1256.0,-494.0,-143.48,8.29192e-07,86.8516,-125.164,93.1484,54.9672,-1393.06,-590.097,-1312.03,-573.536
-1254.0,-494.0,-145.704,8.33081e-07,86.8469,-125.913,93.1531,54.9672,-1393.06,-590.097,-1311.59,-573.524
-1252.0,-494.0,-147.928,8.37021e-07,86.8645,-126.649,93.1355,54.9672,-1393.06,-590.097,-1311.16,-573.513
-1250.0,-494.0,-144.485,6.89825e-07,86.218,-139.058,93.782,-43.3117,-1381.35,-617.58,-1342.6,-574.333
-1248.0,-494.0,-145.372,6.94859e-07,86.2687,-139.663,93.7313,-43.3117,-1381.35,-617.58,-1342.6,-574.333
-1246.0,-494.0,-153.884,1.66341e-06,87.6034,-164.449,88.0528,24.401,-1377.09,-589.609,-1345.18,-521.601
-1244.0,-494.0,-153.788,1.66983e-06,87.6134,-164.51,88.0578,24.3392,-1377.02,-589.607,-1345.17,-522.038
-1242.0,-494.0,-153.699,1.67626e-06,87.6233,-164.571,88.0628,24.2778,-1376.95,-589.605,-1345.16,-522.473
-1240.0,-494.0,-153.618,1.68268e-06,87.633,-164.631,88.0678,24.217,-1376.88,-589.603,-1345.16,-522.903
-1238.0,-494.0,-165.367,1.34517e-06,88.0749,59.9374,91.9251,-43.3117,-1381.35,-617.58,-1210.79,-446.991
-1236.0,-494.0,-166.249,8.56776e-07,86.9767,-162.142,93.0233,129.985,-1425.61,-569.467,-1349.29,-530.501
-1234.0,-494.0,-161.022,1.17026e-06,87.787,-8.72946,92.213,33.5575,-1384.69,-589.841,-1163.9,-504.764
-1232.0,-494.0,-160.785,1.16367e-06,87.7745,-8.90332,92.2255,33.5575,-1384.69,-589.841,-1163.9,-504.668
-1230.0,-494.0,-171.644,1.71341e-06,88.4887,166.198,91.5113,130.064,-1425.6,-569.555,-1498.9,-427.939
-1228.0,-494.0,-171.71,1.71988e-06,88.508,166.293,91.492,130.064,-1425.6,-569.555,-1498.9,-427.925
-1226.0,-494.0,-160.062,1.14389e-06,87.7847,-9.46866,92.2153,33.5575,-1384.69,-589.841,-1163.93,-504.353
-1224.0,-494.0,-159.816,1.13729e-06,87.8002,-9.67326,92.1998,33.5575,-1384.69,-589.841,-1163.93,-504.238
-1222.0,-494.0,-159.568,1.1307e-06,87.816,-9.8868,92.184,33.5575,-1384.69,-589.841,-1163.94,-504.119
-1220.0,-494.0,-159.317,1.12411e-06,87.8319,-10.1099,92.1681,33.5575,-1384.69,-589.841,-1163.95,-503.993
-1218.0,-494.0,-157.007,1.15034e-06,85.9288,31.4736,84.5096,33.1475,-1384.43,-589.834,-1195.39,-480.156
-1216.0,-494.0,-157.79,1.14463e-06,85.9438,31.6492,84.4836,33.3188,-1384.54,-589.837,-1193.39,-480.065
-1214.0,-494.0,-158.548,1.10437e-06,87.8809,-10.8431,92.1191,33.5575,-1384.69,-589.841,-1163.98,-503.58
-1212.0,-494.0,-158.289,1.0978e-06,87.8976,-11.1115,92.1024,33.5575,-1384.69,-589.841,-1163.99,-503.428
-1210.0,-494.0,-158.028,1.09124e-06,87.9146,-11.3933,92.0854,33.5575,-1384.69,-589.841,-1164.01,-503.268
-1208.0,-494.0,-157.769,1.08469e-06,87.9318,-11.6895,92.0682,33.5575,-1384.69,-589.841,-1164.02,-503.1
-1206.0,-494.0,-157.511,1.07814e-06,87.9491,-12.0013,92.0509,33.5575,-1384.69,-589.841,-1164.03,-502.922
-1204.0,-494.0,-157.257,1.07162e-06,87.9403,-12.33,92.0597,33.5575,-1384.69,-589.841,-1164.05,-502.733
-1202.0,-494.0,-157.009,1.06511e-06,87.9277,-12.6768,92.0723,33.5575,-1384.69,-589.841,-1164.06,-502.534
-1600.0,-492.0,0.0,0.0,0.0,0.0,0.0,0.0,0.0,0.0,0.0,0.0
-1598.0,-492.0,0.0,0.0,0.0,0.0,0.0,0.0,0.0,0.0,0.0,0.0
-1596.0,-492.0,0.0,0.0,0.0,0.0,0.0,0.0,0.0,0.0,0.0,0.0
-1594.0,-492.0,-159.296,7.61377e-07,88.0446,-38.5311,91.9554,169.301,-1476.53,-585.541,-1476.53,-585.541
-1592.0,-492.0,-159.41,7.56196e-07,87.9885,-39.0115,92.0115,169.301,-1476.53,-585.541,-1476.53,-585.541
-1590.0,-492.0,-159.66,7.51052e-07,87.9317,-39.502,92.0683,169.301,-1476.53,-585.541,-1476.53,-585.541
-1588.0,-492.0,-159.533,1.12196e-06,88.5868,41.2924,91.4132,134.012,-1425.51,-573.595,-1518.39,-430.858
-1586.0,-492.0,-159.75,1.11698e-06,88.5516,41.7477,91.4484,134.012,-1425.51,-573.595,-1517.47,-430.842
-1584.0,-492.0,-160.545,7.35854e-07,87.7481,-41.037,92.2519,169.301,-1476.53,-585.541,-1476.53,-585.541
-1582.0,-492.0,-160.427,1.05203e-06,88.3791,38.669,91.6209,96.8954,-1412.1,-499.96,-1505.31,-430.627
-1580.0,-492.0,-160.322,1.1321e-06,88.4644,36.6121,91.5356,130.064,-1425.6,-569.555,-1490.61,-425.583
-1578.0,-492.0,-158.576,1.09886e-06,88.4033,43.4495,91.5967,129.985,-1425.61,-569.467,-1513.36,-430.769
-1576.0,-492.0,-156.337,1.09403e-06,88.3815,43.7754,91.6185,129.985,-1425.61,-569.467,-1512.07,-430.747
-1574.0,-492.0,-154.51,1.08924e-06,88.3595,44.1051,91.6405,129.985,-1425.61,-569.467,-1510.78,-430.724
-1572.0,-492.0,-153.089,1.08447e-06,88.3374,44.4389,91.6626,129.985,-1425.61,-569.467,-1509.49,-430.701
-1570.0,-492.0,-148.91,1.07914e-06,88.3142,45.6849,91.6858,129.101,-1425.63,-568.463,-1510.16,-430.713
-1568.0,-492.0,-148.498,1.0745e-06,88.2919,45.9765,91.7081,129.101,-1425.63,-568.463,-1508.74,-430.688
-1566.0,-492.0,-148.186,1.06988e-06,88.2694,46.2709,91.7306,129.101,-1425.63,-568.463,-1507.33,-430.663
-1564.0,-492.0,-123.14,1.06474e-06,88.2459,47.2762,91.7541,133.958,-1425.51,-573.544,-1507.35,-430.663
-1562.0,-492.0,-125.854,1.06023e-06,88.2232,47.5413,91.7768,133.693,-1425.52,-573.292,-1505.85,-430.637
-1560.0,-492.0,-128.418,1.05573e-06,88.2348,47.8086,91.7652,133.425,-1425.52,-573.034,-1504.35,-430.61
-1558.0,-492.0,-129.497,1.05123e-06,88.2734,48.0782,91.7266,133.156,-1425.53,-572.772,-1502.85,-430.584
-1556.0,-492.0,-128.473,1.04676e-06,88.3123,48.3501,91.6877,132.884,-1425.54,-572.505,-1501.35,-430.557
-1554.0,-492.0,-125.978,1.04232e-06,88.3515,48.6243,91.6485,132.609,-1425.54,-572.233,-1499.85,-430.531
-1552.0,-492.0,-136.179,1.0379e-06,88.3912,49.1639,91.6088,132.426,-1425.55,-572.049,-1498.86,-430.513
-1550.0,-492.0,-149.297,1.05778e-06,88.4672,48.1964,91.5328,130.064,-1425.6,-569.555,-1490.61,-425.583
-1548.0,-492.0,-147.001,1.05335e-06,88.5067,49.1696,91.4933,130.064,-1425.6,-569.555,-1490.61,-425.583
-1546.0,-492.0,-143.592,1.04901e-06,88.5467,50.1723,91.4533,130.064,-1425.6,-569.555,-1490.61,-425.583
-1544.0,-492.0,-137.591,1.04476e-06,88.5871,51.205,91.4129,130.064,-1425.6,-569.555,-1490.61,-425.583
-1542.0,-492.0,-126.437,1.04061e-06,88.628,52.2686,91.372,130.064,-1425.6,-569.555,-1490.61,-425.583
-1540.0,-492.0,-157.597,2.31002e-06,89.3892,-174.657,90.6108,-15.3614,-1342.04,-615.923,-1594.2,-497.069
-1538.0,-492.0,-157.881,2.31666e-06,89.391,-174.699,90.609,-15.3614,-1342.04,-615.923,-1594.2,-497.214
-1536.0,-492.0,-158.157,2.3233e-06,89.4027,-174.741,90.5973,-15.3614,-1342.04,-615.923,-1594.2,-497.358
-1534.0,-492.0,-158.427,2.32994e-06,89.4183,-174.781,90.5817,-15.3614,-1342.04,-615.923,-1594.21,-497.499
-1532.0,-492.0,0.0,0.0,0.0,0.0,0.0,0.0,0.0,0.0,0.0,0.0
-1530.0,-492.0,0.0,0.0,0.0,0.0,0.0,0.0,0.0,0.0,0.0,0.0
-1528.0,-492.0,0.0,0.0,0.0,0.0,0.0,0.0,0.0,0.0,0.0,0.0
-1526.0,-492.0,0.0,0.0,0.0,0.0,0.0,0.0,0.0,0.0,0.0,0.0
-1524.0,-492.0,0.0,0.0,0.0,0.0,0.0,0.0,0.0,0.0,0.0,0.0
-1522.0,-492.0,0.0,0.0,0.0,0.0,0.0,0.0,0.0,0.0,0.0,0.0
-1520.0,-492.0,0.0,0.0,0.0,0.0,0.0,0.0,0.0,0.0,0.0,0.0
-1518.0,-492.0,0.0,0.0,0.0,0.0,0.0,0.0,0.0,0.0,0.0,0.0
-1516.0,-492.0,0.0,0.0,0.0,0.0,0.0,0.0,0.0,0.0,0.0,0.0
-1514.0,-492.0,0.0,0.0,0.0,0.0,0.0,0.0,0.0,0.0,0.0,0.0
-1512.0,-492.0,0.0,0.0,0.0,0.0,0.0,0.0,0.0,0.0,0.0,0.0
-1510.0,-492.0,0.0,0.0,0.0,0.0,0.0,0.0,0.0,0.0,0.0,0.0
-1508.0,-492.0,0.0,0.0,0.0,0.0,0.0,0.0,0.0,0.0,0.0,0.0
-1506.0,-492.0,0.0,0.0,0.0,0.0,0.0,0.0,0.0,0.0,0.0,0.0
-1504.0,-492.0,0.0,0.0,0.0,0.0,0.0,0.0,0.0,0.0,0.0,0.0
-1502.0,-492.0,0.0,0.0,0.0,0.0,0.0,0.0,0.0,0.0,0.0,0.0
-1500.0,-492.0,0.0,0.0,0.0,0.0,0.0,0.0,0.0,0.0,0.0,0.0
-1498.0,-492.0,0.0,0.0,0.0,0.0,0.0,0.0,0.0,0.0,0.0,0.0
-1496.0,-492.0,0.0,0.0,0.0,0.0,0.0,0.0,0.0,0.0,0.0,0.0
-1494.0,-492.0,0.0,0.0,0.0,0.0,0.0,0.0,0.0,0.0,0.0,0.0
-1492.0,-492.0,0.0,0.0,0.0,0.0,0.0,0.0,0.0,0.0,0.0,0.0
-1490.0,-492.0,0.0,0.0,0.0,0.0,0.0,0.0,0.0,0.0,0.0,0.0
-1488.0,-492.0,0.0,0.0,0.0,0.0,0.0,0.0,0.0,0.0,0.0,0.0
-1486.0,-492.0,0.0,0.0,0.0,0.0,0.0,0.0,0.0,0.0,0.0,0.0
-1484.0,-492.0,0.0,0.0,0.0,0.0,0.0,0.0,0.0,0.0,0.0,0.0
-1482.0,-492.0,0.0,0.0,0.0,0.0,0.0,0.0,0.0,0.0,0.0,0.0
-1480.0,-492.0,0.0,0.0,0.0,0.0,0.0,0.0,0.0,0.0,0.0,0.0
-1478.0,-492.0,0.0,0.0,0.0,0.0,0.0,0.0,0.0,0.0,0.0,0.0
-1476.0,-492.0,0.0,0.0,0.0,0.0,0.0,0.0,0.0,0.0,0.0,0.0
-1474.0,-492.0,0.0,0.0,0.0,0.0,0.0,0.0,0.0,0.0,0.0,0.0
-1472.0,-492.0,0.0,0.0,0.0,0.0,0.0,0.0,0.0,0.0,0.0,0.0
-1470.0,-492.0,0.0,0.0,0.0,0.0,0.0,0.0,0.0,0.0,0.0,0.0
-1468.0,-492.0,0.0,0.0,0.0,0.0,0.0,0.0,0.0,0.0,0.0,0.0
-1466.0,-492.0,0.0,0.0,0.0,0.0,0.0,0.0,0.0,0.0,0.0,0.0
-1464.0,-492.0,0.0,0.0,0.0,0.0,0.0,0.0,0.0,0.0,0.0,0.0
-1462.0,-492.0,0.0,0.0,0.0,0.0,0.0,0.0,0.0,0.0,0.0,0.0
-1460.0,-492.0,0.0,0.0,0.0,0.0,0.0,0.0,0.0,0.0,0.0,0.0
-1458.0,-492.0,-111.914,8.35046e-07,88.5019,78.8018,91.4981,104.25,-1444.61,-424.358,-1444.61,-424.358
-1456.0,-492.0,-112.099,8.33776e-07,88.4996,79.2518,91.5004,103.8,-1443.15,-424.319,-1443.15,-424.319
-1454.0,-492.0,-112.32,8.32557e-07,88.4974,79.7032,91.5026,103.349,-1441.7,-424.28,-1441.7,-424.28
-1452.0,-492.0,-112.582,8.31391e-07,88.4953,80.1559,91.5047,102.896,-1440.24,-424.241,-1440.24,-424.241
-1450.0,-492.0,-112.89,8.30276e-07,88.4933,80.6098,91.5067,102.442,-1438.79,-424.203,-1438.79,-424.203
-1448.0,-492.0,-112.391,5.01356e-07,87.5043,-44.8565,92.4957,134.351,-1425.5,-573.914,-1397.41,-542.338
-1446.0,-492.0,-113.658,8.28204e-07,88.4895,81.5211,91.5105,101.531,-1435.88,-424.125,-1435.88,-424.125
-1444.0,-492.0,-114.126,8.27247e-07,88.4877,81.9784,91.5123,101.074,-1434.43,-424.086,-1434.43,-424.086
-1442.0,-492.0,-102.703,3.87272e-07,86.7684,-68.7495,93.2316,111.251,-1442.0,-492.0,-1400.0,-600.0
-1440.0,-492.0,-102.65,3.84908e-07,86.7485,-69.6769,93.2515,110.323,-1440.0,-492.0,-1400.0,-600.0
-1438.0,-492.0,-102.599,3.82645e-07,86.7292,-70.6155,93.2708,109.385,-1438.0,-492.0,-1400.0,-600.0
-1436.0,-492.0,-102.55,3.80486e-07,86.7107,-71.5651,93.2893,108.435,-1436.0,-492.0,-1400.0,-600.0
-1434.0,-492.0,-102.503,3.78432e-07,86.6928,-72.5252,93.3072,107.475,-1434.0,-492.0,-1400.0,-600.0
-1432.0,-492.0,-102.458,3.76485e-07,86.6757,-73.4956,93.3243,106.504,-1432.0,-492.0,-1400.0,-600.0
-1430.0,-492.0,-102.415,3.74647e-07,86.6593,-74.4759,93.3407,105.524,-1430.0,-492.0,-1400.0,-600.0
-1428.0,-492.0,-102.375,3.72919e-07,86.6438,-75.4655,93.3562,104.534,-1428.0,-492.0,-1400.0,-600.0
-1426.0,-492.0,-102.337,3.71304e-07,86.6292,-76.4641,93.3708,103.536,-1426.0,-492.0,-1400.0,-600.0
-1424.0,-492.0,-102.302,3.69801e-07,86.6155,-77.4712,93.3845,102.529,-1424.0,-492.0,-1400.0,-600.0
-1422.0,-492.0,-102.269,3.68414e-07,86.6027,-78.4862,93.3973,101.514,-1422.0,-492.0,-1400.0,-600.0
-1420.0,-492.0,-102.239,3.67142e-07,86.591,-79.5085,93.409,100.491,-1420.0,-492.0,-1400.0,-600.0
-1418.0,-492.0,-102.212,3.65988e-07,86.5802,-80.5377,93.4198,99.4623,-1418.0,-492.0,-1400.0,-600.0
-1416.0,-492.0,-102.187,3.64953e-07,86.5705,-81.573,93.4295,98.427,-1416.0,-492.0,-1400.0,-600.0
-1414.0,-492.0,-102.165,3.64046e-07,86.5368,-82.614,93.4632,97.386,-1414.0,-492.0,-1400.0,-600.0
-1412.0,-492.0,0.0,0.0,0.0,0.0,0.0,0.0,0.0,0.0,0.0,0.0
-1410.0,-492.0,0.0,0.0,0.0,0.0,0.0,0.0,0.0,0.0,0.0,0.0
-1408.0,-492.0,0.0,0.0,0.0,0.0,0.0,0.0,0.0,0.0,0.0,0.0
-1406.0,-492.0,0.0,0.0,0.0,0.0,0.0,0.0,0.0,0.0,0.0,0.0
-1404.0,-492.0,0.0,0.0,0.0,0.0,0.0,0.0,0.0,0.0,0.0,0.0
-1402.0,-492.0,0.0,0.0,0.0,0.0,0.0,0.0,0.0,0.0,0.0,0.0
-1400.0,-492.0,0.0,0.0,0.0,0.0,0.0,0.0,0.0,0.0,0.0,0.0
-1398.0,-492.0,0.0,0.0,0.0,0.0,0.0,0.0,0.0,0.0,0.0,0.0
-1396.0,-492.0,0.0,0.0,0.0,0.0,0.0,0.0,0.0,0.0,0.0,0.0
-1394.0,-492.0,0.0,0.0,0.0,0.0,0.0,0.0,0.0,0.0,0.0,0.0
-1392.0,-492.0,0.0,0.0,0.0,0.0,0.0,0.0,0.0,0.0,0.0,0.0
-1390.0,-492.0,0.0,0.0,0.0,0.0,0.0,0.0,0.0,0.0,0.0,0.0
-1388.0,-492.0,0.0,0.0,0.0,0.0,0.0,0.0,0.0,0.0,0.0,0.0
-1386.0,-492.0,0.0,0.0,0.0,0.0,0.0,0.0,0.0,0.0,0.0,0.0
-1384.0,-492.0,0.0,0.0,0.0,0.0,0.0,0.0,0.0,0.0,0.0,0.0
-1382.0,-492.0,0.0,0.0,0.0,0.0,0.0,0.0,0.0,0.0,0.0,0.0
-1380.0,-492.0,0.0,0.0,0.0,0.0,0.0,0.0,0.0,0.0,0.0,0.0
-1378.0,-492.0,0.0,0.0,0.0,0.0,0.0,0.0,0.0,0.0,0.0,0.0
-1376.0,-492.0,0.0,0.0,0.0,0.0,0.0,0.0,0.0,0.0,0.0,0.0
-1374.0,-492.0,0.0,0.0,0.0,0.0,0.0,0.0,0.0,0.0,0.0,0.0
-1372.0,-492.0,0.0,0.0,0.0,0.0,0.0,0.0,0.0,0.0,0.0,0.0
-1370.0,-492.0,0.0,0.0,0.0,0.0,0.0,0.0,0.0,0.0,0.0,0.0
-1368.0,-492.0,0.0,0.0,0.0,0.0,0.0,0.0,0.0,0.0,0.0,0.0
-1366.0,-492.0,0.0,0.0,0.0,0.0,0.0,0.0,0.0,0.0,0.0,0.0
-1364.0,-492.0,0.0,0.0,0.0,0.0,0.0,0.0,0.0,0.0,0.0,0.0
-1362.0,-492.0,0.0,0.0,0.0,0.0,0.0,0.0,0.0,0.0,0.0,0.0
-1360.0,-492.0,0.0,0.0,0.0,0.0,0.0,0.0,0.0,0.0,0.0,0.0
-1358.0,-492.0,0.0,0.0,0.0,0.0,0.0,0.0,0.0,0.0,0.0,0.0
-1356.0,-492.0,-158.004,1.92927e-06,86.8447,44.4692,88.3433,17.464,-1365.88,-589.266,-1330.88,-467.346
-1354.0,-492.0,-157.75,1.92455e-06,86.7959,44.6089,88.3443,17.3251,-1365.56,-589.256,-1328.97,-467.31
-1352.0,-492.0,-157.551,1.91985e-06,86.7466,44.7493,88.3454,17.1855,-1365.23,-589.246,-1327.06,-467.273
-1350.0,-492.0,-157.401,1.91515e-06,86.6968,44.8905,88.3464,17.0453,-1364.89,-589.236,-1325.14,-467.237
-1348.0,-492.0,-157.293,1.91047e-06,86.6464,45.0324,88.3475,16.9044,-1364.55,-589.225,-1323.23,-467.201
-1346.0,-492.0,-157.223,1.9058e-06,86.5956,45.175,88.3486,16.7628,-1364.19,-589.214,-1321.32,-467.164
-1344.0,-492.0,-164.169,1.3998e-06,88.6736,-72.8108,91.3264,-14.6085,-1339.34,-615.81,-1329.2,-539.827
-1342.0,-492.0,-164.087,1.39797e-06,88.6488,-75.0225,91.3512,-14.6085,-1339.34,-615.81,-1329.2,-539.827
-1340.0,-492.0,-164.281,1.39638e-06,88.6241,-77.2809,91.3759,-14.6085,-1339.34,-615.81,-1329.2,-539.827
-1338.0,-492.0,-164.722,1.39506e-06,88.5997,-79.5801,91.4003,-14.6085,-1339.34,-615.81,-1329.2,-539.827
-1336.0,-492.0,-168.909,8.88409e-07,87.7644,93.21,92.2356,-43.3117,-1381.35,-617.58,-1338.8,-442.057
-1334.0,-492.0,0.0,0.0,0.0,0.0,0.0,0.0,0.0,0.0,0.0,0.0
-1332.0,-492.0,0.0,0.0,0.0,0.0,0.0,0.0,0.0,0.0,0.0,0.0
-1330.0,-492.0,0.0,0.0,0.0,0.0,0.0,0.0,0.0,0.0,0.0,0.0
-1328.0,-492.0,0.0,0.0,0.0,0.0,0.0,0.0,0.0,0.0,0.0,0.0
-1326.0,-492.0,0.0,0.0,0.0,0.0,0.0,0.0,0.0,0.0,0.0,0.0
-1324.0,-492.0,0.0,0.0,0.0,0.0,0.0,0.0,0.0,0.0,0.0,0.0
-1322.0,-492.0,0.0,0.0,0.0,0.0,0.0,0.0,0.0,0.0,0.0,0.0
-1320.0,-492.0,0.0,0.0,0.0,0.0,0.0,0.0,0.0,0.0,0.0,0.0
-1318.0,-492.0,0.0,0.0,0.0,0.0,0.0,0.0,0.0,0.0,0.0,0.0
-1316.0,-492.0,0.0,0.0,0.0,0.0,0.0,0.0,0.0,0.0,0.0,0.0
-1314.0,-492.0,0.0,0.0,0.0,0.0,0.0,0.0,0.0,0.0,0.0,0.0
-1312.0,-492.0,-148.527,1.47993e-06,88.4878,51.3603,91.5122,-43.396,-1381.4,-617.583,-1234.74,-395.351
-1310.0,-492.0,-151.488,1.47578e-06,88.4835,51.597,91.5165,-43.396,-1381.4,-617.583,-1233.33,-395.279
-1308.0,-492.0,-153.477,1.47164e-06,88.4793,51.8352,91.5207,-43.396,-1381.4,-617.583,-1231.93,-395.207
-1306.0,-492.0,-151.935,7.37516e-07,82.269,-113.989,85.2927,-60.0248,-1389.66,-617.93,-1361.51,-616.744
-1304.0,-492.0,-155.453,1.46344e-06,88.4707,52.3164,91.5293,-43.396,-1381.4,-617.583,-1229.12,-395.063
-1302.0,-492.0,-156.365,1.45937e-06,88.4665,52.5594,91.5335,-43.396,-1381.4,-617.583,-1227.72,-394.991
-1300.0,-492.0,-157.842,6.98085e-07,83.3212,-127.244,82.1219,50.915,-1391.93,-590.063,-1357.28,-567.339
-1298.0,-492.0,-158.35,6.56184e-07,83.0551,-120.54,53.0104,48.2805,-1391.12,-590.038,-1371.85,-617.18
-1296.0,-492.0,-130.922,1.46866e-06,88.1014,-137.607,91.4657,-15.5581,-1342.71,-615.952,-1339.63,-531.832
-1294.0,-492.0,-130.283,1.47359e-06,88.1649,-137.783,91.4679,-15.3833,-1342.11,-615.927,-1339.27,-533.071
-1292.0,-492.0,-129.702,1.47854e-06,88.2241,-137.958,91.47,-15.2096,-1341.51,-615.901,-1338.91,-534.3
-1290.0,-492.0,-129.09,1.4835e-06,88.2795,-138.131,91.4721,-15.037,-1340.9,-615.876,-1338.55,-535.516
-1288.0,-492.0,-128.513,1.48847e-06,88.3315,-138.303,91.4742,-14.8656,-1340.29,-615.85,-1338.2,-536.721
-1286.0,-492.0,-141.707,6.13896e-07,86.3525,-124.507,93.6475,-43.3117,-1381.35,-617.58,-1342.6,-574.333
-1284.0,-492.0,-140.701,6.17713e-07,86.375,-125.441,93.625,-43.3117,-1381.35,-617.58,-1342.6,-574.333
-1282.0,-492.0,-138.481,6.21339e-07,86.3962,-127.289,93.6038,-43.396,-1381.4,-617.583,-1355.83,-588.959
-1280.0,-492.0,-136.871,6.25415e-07,86.4111,-128.029,93.5889,-43.396,-1381.4,-617.583,-1355.83,-588.959
-1278.0,-492.0,-134.958,6.29569e-07,86.4092,-128.755,93.5908,-43.396,-1381.4,-617.583,-1355.83,-588.959
-1276.0,-492.0,-132.592,6.33795e-07,86.397,-129.467,93.603,-43.396,-1381.4,-617.583,-1355.83,-588.959
-1274.0,-492.0,-129.491,6.38095e-07,86.3706,-130.164,93.6294,-43.396,-1381.4,-617.583,-1355.83,-588.959
-1272.0,-492.0,-125.051,6.42457e-07,86.345,-130.847,93.655,-43.396,-1381.4,-617.583,-1355.83,-588.959
-1270.0,-492.0,-118.001,6.46878e-07,86.32,-131.517,93.68,-43.396,-1381.4,-617.583,-1355.83,-588.959
-1268.0,-492.0,-119.072,6.51356e-07,86.2957,-132.179,93.7043,-43.3117,-1381.35,-617.58,-1342.6,-574.333
-1266.0,-492.0,-126.819,6.55897e-07,86.272,-132.934,93.728,-43.3117,-1381.35,-617.58,-1342.6,-574.333
-1264.0,-492.0,-131.367,6.60501e-07,86.2491,-133.671,93.7509,-43.3117,-1381.35,-617.58,-1342.6,-574.333
-1262.0,-492.0,-124.506,8.23531e-07,86.9532,-122.323,93.0468,54.9672,-1393.06,-590.097,-1313.62,-573.577
-1260.0,-492.0,-133.724,8.27163e-07,86.9275,-123.108,93.0725,54.9672,-1393.06,-590.097,-1313.19,-573.566
-1258.0,-492.0,-138.679,8.30871e-07,86.9023,-123.88,93.0977,54.9672,-1393.06,-590.097,-1312.76,-573.555
-1256.0,-492.0,-141.855,8.34645e-07,86.887,-124.638,93.113,54.9672,-1393.06,-590.097,-1312.33,-573.543
-1254.0,-492.0,-144.276,8.38484e-07,86.882,-125.383,93.118,54.9672,-1393.06,-590.097,-1311.9,-573.532
-1252.0,-492.0,-142.461,6.89271e-07,86.2095,-137.737,93.7905,-43.3117,-1381.35,-617.58,-1342.6,-574.333
-1250.0,-492.0,-143.545,6.94205e-07,86.2597,-138.359,93.7403,-43.3117,-1381.35,-617.58,-1342.6,-574.333
-1248.0,-492.0,-144.516,6.99199e-07,86.2944,-138.966,93.7056,-43.3117,-1381.35,-617.58,-1342.6,-574.333
-1246.0,-492.0,-145.395,7.04245e-07,86.321,-139.559,93.679,-43.3117,-1381.35,-617.58,-1342.6,-574.333
-1244.0,-492.0,-154.226,1.67162e-06,87.6217,-164.289,88.0399,24.5577,-1377.27,-589.615,-1345.2,-520.468
-1242.0,-492.0,-154.11,1.67804e-06,87.6315,-164.35,88.045,24.4955,-1377.2,-589.612,-1345.19,-520.908
-1240.0,-492.0,-154.002,1.68446e-06,87.6413,-164.412,88.0501,24.4339,-1377.13,-589.61,-1345.18,-521.345
-1238.0,-492.0,-153.903,1.69089e-06,87.6509,-164.472,88.0551,24.3727,-1377.06,-589.608,-1345.18,-521.778
-1236.0,-492.0,-153.811,1.69731e-06,87.6605,-164.533,88.06,24.312,-1376.99,-589.606,-1345.17,-522.208
-1234.0,-492.0,-153.727,1.70374e-06,87.67,-164.592,88.065,24.2517,-1376.92,-589.604,-1345.16,-522.634
-1232.0,-492.0,-160.075,1.16477e-06,87.7766,-10.0314,92.2234,33.5575,-1384.69,-589.841,-1163.95,-504.038
-1230.0,-492.0,-166.503,8.7785e-07,87.0493,-162.121,92.9507,129.985,-1425.61,-569.467,-1349.35,-530.5
-1228.0,-492.0,-159.62,1.15163e-06,87.7715,-10.4454,92.2285,33.5575,-1384.69,-589.841,-1163.97,-503.805
-1226.0,-492.0,-159.39,1.14505e-06,87.7869,-10.6653,92.2131,33.5575,-1384.69,-589.841,-1163.98,-503.681
-1224.0,-492.0,-159.16,1.13848e-06,87.8025,-10.8946,92.1975,33.5575,-1384.69,-589.841,-1163.99,-503.551
-1222.0,-492.0,-158.928,1.13191e-06,87.8183,-11.1338,92.1817,33.5575,-1384.69,-589.841,-1164.0,-503.416
-1220.0,-492.0,-158.696,1.12535e-06,87.8343,-11.3837,92.1657,33.5575,-1384.69,-589.841,-1164.01,-503.274
-1218.0,-492.0,-158.464,1.11879e-06,87.8505,-11.6448,92.1495,33.5575,-1384.69,-589.841,-1164.02,-503.125
-1216.0,-492.0,-158.233,1.11225e-06,87.8669,-11.918,92.1331,33.5575,-1384.69,-589.841,-1164.03,-502.969
-1214.0,-492.0,-157.167,1.13543e-06,85.935,31.5385,84.5,33.2107,-1384.47,-589.835,-1194.65,-480.122
-1212.0,-492.0,-157.782,1.09917e-06,87.9002,-12.5042,92.0998,33.5575,-1384.69,-589.841,-1164.05,-502.633
-1210.0,-492.0,-157.564,1.09264e-06,87.9172,-12.8191,92.0828,33.5575,-1384.69,-589.841,-1164.07,-502.452
-1208.0,-492.0,-157.353,1.08612e-06,87.9345,-13.1499,92.0655,33.5575,-1384.69,-589.841,-1164.08,-502.261
-1206.0,-492.0,-157.153,1.07961e-06,87.9519,-13.498,92.0481,33.5575,-1384.69,-589.841,-1164.1,-502.059
-1204.0,-492.0,-156.964,1.07313e-06,87.9432,-13.8646,92.0568,33.5575,-1384.69,-589.841,-1164.11,-501.845
-1202.0,-492.0,-156.794,1.06666e-06,87.9307,-14.2513,92.0693,33.5575,-1384.69,-589.841,-1164.13,-501.619
-1600.0,-490.0,0.0,0.0,0.0,0.0,0.0,0.0,0.0,0.0,0.0,0.0
-1598.0,-490.0,0.0,0.0,0.0,0.0,0.0,0.0,0.0,0.0,0.0,0.0
-1596.0,-490.0,0.0,0.0,0.0,0.0,0.0,0.0,0.0,0.0,0.0,0.0
-1594.0,-490.0,-159.4,1.15412e-06,88.6459,38.8585,91.3541,117.862,-1429.33,-544.506,-1520.65,-430.898
-1592.0,-490.0,-159.44,1.14895e-06,88.6116,39.114,91.3884,117.862,-1429.33,-544.506,-1519.28,-430.874
-1590.0,-490.0,-159.564,1.1438e-06,88.5771,39.3722,91.4229,117.862,-1429.33,-544.506,-1517.92,-430.85
-1588.0,-490.0,-159.654,1.11761e-06,88.5149,40.7746,91.4851,134.012,-1425.51,-573.595,-1519.44,-430.877
-1586.0,-490.0,-160.157,1.13355e-06,88.5073,39.8974,91.4927,117.862,-1429.33,-544.506,-1515.19,-430.802
-1584.0,-490.0,-160.685,1.05315e-06,88.3563,37.9189,91.6437,96.8954,-1412.1,-499.96,-1507.84,-430.672
-1582.0,-490.0,-160.486,1.04792e-06,88.3092,38.2493,91.6908,96.8954,-1412.1,-499.96,-1506.72,-430.652
-1580.0,-490.0,-160.343,1.0427e-06,88.2853,38.5846,91.7147,96.8954,-1412.1,-499.96,-1505.59,-430.632
-1578.0,-490.0,-160.254,1.03751e-06,88.2611,38.9248,91.7389,96.8954,-1412.1,-499.96,-1504.46,-430.612
-1576.0,-490.0,-158.626,1.08946e-06,88.3292,43.4313,91.6708,129.985,-1425.61,-569.467,-1513.44,-430.771
-1574.0,-490.0,-156.348,1.08464e-06,88.3069,43.7609,91.6931,129.985,-1425.61,-569.467,-1512.13,-430.748
-1572.0,-490.0,-154.477,1.07984e-06,88.2844,44.0945,91.7156,129.985,-1425.61,-569.467,-1510.82,-430.724
-1570.0,-490.0,-153.028,1.07507e-06,88.2618,44.4322,91.7382,129.985,-1425.61,-569.467,-1509.51,-430.701
-1568.0,-490.0,-158.351,1.09658e-06,88.2812,39.7725,91.7188,130.064,-1425.6,-569.555,-1490.61,-425.583
-1566.0,-490.0,-157.944,1.09149e-06,88.2583,40.5118,91.7417,130.064,-1425.6,-569.555,-1490.61,-425.583
-1564.0,-490.0,-157.528,1.08645e-06,88.2354,41.2741,91.7646,130.064,-1425.6,-569.555,-1490.61,-425.583
-1562.0,-490.0,-157.808,1.05875e-06,86.4841,47.1814,79.3706,133.078,-1425.53,-572.697,-1507.01,-430.657
-1560.0,-490.0,-158.363,1.05422e-06,86.4864,47.4481,79.4246,132.814,-1425.54,-572.436,-1505.5,-430.63
-1558.0,-490.0,-128.531,1.04631e-06,88.2179,47.8339,91.7821,133.4,-1425.52,-573.01,-1504.21,-430.608
-1556.0,-490.0,-129.413,1.04182e-06,88.2567,48.1061,91.7433,133.128,-1425.53,-572.745,-1502.7,-430.581
-1554.0,-490.0,-128.163,1.03735e-06,88.2959,48.3806,91.7041,132.853,-1425.54,-572.475,-1501.19,-430.554
-1552.0,-490.0,-125.57,1.0329e-06,88.3355,48.6574,91.6645,132.576,-1425.54,-572.2,-1499.67,-430.527
-1550.0,-490.0,-138.305,1.02849e-06,88.3754,49.3138,91.6246,132.426,-1425.55,-572.049,-1498.86,-430.513
-1548.0,-490.0,-148.912,1.04836e-06,88.4524,48.3012,91.5476,130.064,-1425.6,-569.555,-1490.61,-425.583
-1546.0,-490.0,-146.443,1.04394e-06,88.4922,49.3083,91.5078,130.064,-1425.6,-569.555,-1490.61,-425.583
-1544.0,-490.0,-142.656,1.03962e-06,88.5325,50.3469,91.4675,130.064,-1425.6,-569.555,-1490.61,-425.583
-1542.0,-490.0,-135.576,1.03539e-06,88.5733,51.4176,91.4267,130.064,-1425.6,-569.555,-1490.61,-425.583
-1540.0,-490.0,-124.824,1.03125e-06,88.6145,52.2835,91.3855,129.985,-1425.61,-569.467,-1490.17,-425.572
-1538.0,-490.0,-155.075,2.31731e-06,89.3858,-174.248,90.6142,-15.3614,-1342.04,-615.923,-1594.17,-495.658
-1536.0,-490.0,-155.435,2.32394e-06,89.3976,-174.293,90.6024,-15.3614,-1342.04,-615.923,-1594.17,-495.813
-1534.0,-490.0,-155.783,2.33058e-06,89.4131,-174.337,90.5869,-15.3614,-1342.04,-615.923,-1594.17,-495.967
-1532.0,-490.0,0.0,0.0,0.0,0.0,0.0,0.0,0.0,0.0,0.0,0.0
-1530.0,-490.0,0.0,0.0,0.0,0.0,0.0,0.0,0.0,0.0,0.0,0.0
-1528.0,-490.0,0.0,0.0,0.0,0.0,0.0,0.0,0.0,0.0,0.0,0.0
-1526.0,-490.0,0.0,0.0,0.0,0.0,0.0,0.0,0.0,0.0,0.0,0.0
-1524.0,-490.0,0.0,0.0,0.0,0.0,0.0,0.0,0.0,0.0,0.0,0.0
-1522.0,-490.0,0.0,0.0,0.0,0.0,0.0,0.0,0.0,0.0,0.0,0.0
-1520.0,-490.0,0.0,0.0,0.0,0.0,0.0,0.0,0.0,0.0,0.0,0.0
-1518.0,-490.0,0.0,0.0,0.0,0.0,0.0,0.0,0.0,0.0,0.0,0.0
-1516.0,-490.0,0.0,0.0,0.0,0.0,0.0,0.0,0.0,0.0,0.0,0.0
-1514.0,-490.0,0.0,0.0,0.0,0.0,0.0,0.0,0.0,0.0,0.0,0.0
-1512.0,-490.0,0.0,0.0,0.0,0.0,0.0,0.0,0.0,0.0,0.0,0.0
-1510.0,-490.0,0.0,0.0,0.0,0.0,0.0,0.0,0.0,0.0,0.0,0.0
-1508.0,-490.0,0.0,0.0,0.0,0.0,0.0,0.0,0.0,0.0,0.0,0.0
-1506.0,-490.0,0.0,0.0,0.0,0.0,0.0,0.0,0.0,0.0,0.0,0.0
-1504.0,-490.0,0.0,0.0,0.0,0.0,0.0,0.0,0.0,0.0,0.0,0.0
-1502.0,-490.0,0.0,0.0,0.0,0.0,0.0,0.0,0.0,0.0,0.0,0.0
-1500.0,-490.0,0.0,0.0,0.0,0.0,0.0,0.0,0.0,0.0,0.0,0.0
-1498.0,-490.0,0.0,0.0,0.0,0.0,0.0,0.0,0.0,0.0,0.0,0.0
-1496.0,-490.0,0.0,0.0,0.0,0.0,0.0,0.0,0.0,0.0,0.0,0.0
-1494.0,-490.0,0.0,0.0,0.0,0.0,0.0,0.0,0.0,0.0,0.0,0.0
-1492.0,-490.0,0.0,0.0,0.0,0.0,0.0,0.0,0.0,0.0,0.0,0.0
-1490.0,-490.0,0.0,0.0,0.0,0.0,0.0,0.0,0.0,0.0,0.0,0.0
-1488.0,-490.0,0.0,0.0,0.0,0.0,0.0,0.0,0.0,0.0,0.0,0.0
-1486.0,-490.0,0.0,0.0,0.0,0.0,0.0,0.0,0.0,0.0,0.0,0.0
-1484.0,-490.0,0.0,0.0,0.0,0.0,0.0,0.0,0.0,0.0,0.0,0.0
-1482.0,-490.0,0.0,0.0,0.0,0.0,0.0,0.0,0.0,0.0,0.0,0.0
-1480.0,-490.0,0.0,0.0,0.0,0.0,0.0,0.0,0.0,0.0,0.0,0.0
-1478.0,-490.0,0.0,0.0,0.0,0.0,0.0,0.0,0.0,0.0,0.0,0.0
-1476.0,-490.0,0.0,0.0,0.0,0.0,0.0,0.0,0.0,0.0,0.0,0.0
-1474.0,-490.0,0.0,0.0,0.0,0.0,0.0,0.0,0.0,0.0,0.0,0.0
-1472.0,-490.0,0.0,0.0,0.0,0.0,0.0,0.0,0.0,0.0,0.0,0.0
-1470.0,-490.0,0.0,0.0,0.0,0.0,0.0,0.0,0.0,0.0,0.0,0.0
-1468.0,-490.0,0.0,0.0,0.0,0.0,0.0,0.0,0.0,0.0,0.0,0.0
-1466.0,-490.0,0.0,0.0,0.0,0.0,0.0,0.0,0.0,0.0,0.0,0.0
-1464.0,-490.0,0.0,0.0,0.0,0.0,0.0,0.0,0.0,0.0,0.0,0.0
-1462.0,-490.0,0.0,0.0,0.0,0.0,0.0,0.0,0.0,0.0,0.0,0.0
-1460.0,-490.0,0.0,0.0,0.0,0.0,0.0,0.0,0.0,0.0,0.0,0.0
-1458.0,-490.0,-111.809,8.28503e-07,88.49,78.7122,91.51,104.34,-1444.9,-424.365,-1444.9,-424.365
-1456.0,-490.0,-111.989,8.27223e-07,88.4877,79.1656,91.5123,103.887,-1443.43,-424.326,-1443.43,-424.326
-1454.0,-490.0,-112.204,8.25995e-07,88.4855,79.6204,91.5145,103.432,-1441.96,-424.287,-1441.96,-424.287
-1452.0,-490.0,-112.461,8.24819e-07,88.4833,80.0766,91.5167,102.976,-1440.5,-424.248,-1440.5,-424.248
-1450.0,-490.0,-112.558,5.10785e-07,87.5504,-44.8591,92.4496,134.348,-1425.5,-573.911,-1397.41,-542.332
-1448.0,-490.0,-113.114,8.22625e-07,88.4792,80.9926,91.5208,102.06,-1437.56,-424.17,-1437.56,-424.17
-1446.0,-490.0,-113.52,8.21607e-07,88.4774,81.4525,91.5226,101.6,-1436.1,-424.131,-1436.1,-424.131
-1444.0,-490.0,-102.896,3.95916e-07,86.839,-68.1986,93.161,111.801,-1444.0,-490.0,-1400.0,-600.0
-1442.0,-490.0,-102.842,3.9349e-07,86.8195,-69.1022,93.1805,110.898,-1442.0,-490.0,-1400.0,-600.0
-1440.0,-490.0,-102.79,3.91163e-07,86.8005,-70.0169,93.1995,109.983,-1440.0,-490.0,-1400.0,-600.0
-1438.0,-490.0,-102.741,3.88936e-07,86.7822,-70.9423,93.2178,109.058,-1438.0,-490.0,-1400.0,-600.0
-1436.0,-490.0,-102.693,3.86812e-07,86.7645,-71.8781,93.2355,108.122,-1436.0,-490.0,-1400.0,-600.0
-1434.0,-490.0,-102.648,3.84792e-07,86.7475,-72.8241,93.2525,107.176,-1434.0,-490.0,-1400.0,-600.0
-1432.0,-490.0,-102.604,3.82878e-07,86.7312,-73.7798,93.2688,106.22,-1432.0,-490.0,-1400.0,-600.0
-1430.0,-490.0,-102.563,3.81071e-07,86.7157,-74.7449,93.2843,105.255,-1430.0,-490.0,-1400.0,-600.0
-1428.0,-490.0,-102.524,3.79372e-07,86.701,-75.7189,93.299,104.281,-1428.0,-490.0,-1400.0,-600.0
-1426.0,-490.0,-102.488,3.77784e-07,86.6871,-76.7014,93.3129,103.299,-1426.0,-490.0,-1400.0,-600.0
-1424.0,-490.0,-102.454,3.76308e-07,86.6741,-77.692,93.3259,102.308,-1424.0,-490.0,-1400.0,-600.0
-1422.0,-490.0,-102.422,3.74944e-07,86.662,-78.6901,93.338,101.31,-1422.0,-490.0,-1400.0,-600.0
-1420.0,-490.0,-102.393,3.73695e-07,86.6508,-79.6952,93.3492,100.305,-1420.0,-490.0,-1400.0,-600.0
-1418.0,-490.0,-102.367,3.72561e-07,86.6406,-80.7067,93.3594,99.2933,-1418.0,-490.0,-1400.0,-600.0
-1416.0,-490.0,-102.343,3.71549e-07,86.617,-81.7241,93.383,98.2759,-1416.0,-490.0,-1400.0,-600.0
-1414.0,-490.0,-102.322,3.70666e-07,86.5653,-82.7468,93.4347,97.2532,-1414.0,-490.0,-1400.0,-600.0
-1412.0,-490.0,0.0,0.0,0.0,0.0,0.0,0.0,0.0,0.0,0.0,0.0
-1410.0,-490.0,0.0,0.0,0.0,0.0,0.0,0.0,0.0,0.0,0.0,0.0
-1408.0,-490.0,0.0,0.0,0.0,0.0,0.0,0.0,0.0,0.0,0.0,0.0
-1406.0,-490.0,0.0,0.0,0.0,0.0,0.0,0.0,0.0,0.0,0.0,0.0
-1404.0,-490.0,0.0,0.0,0.0,0.0,0.0,0.0,0.0,0.0,0.0,0.0
-1402.0,-490.0,0.0,0.0,0.0,0.0,0.0,0.0,0.0,0.0,0.0,0.0
-1400.0,-490.0,0.0,0.0,0.0,0.0,0.0,0.0,0.0,0.0,0.0,0.0
-1398.0,-490.0,0.0,0.0,0.0,0.0,0.0,0.0,0.0,0.0,0.0,0.0
-1396.0,-490.0,0.0,0.0,0.0,0.0,0.0,0.0,0.0,0.0,0.0,0.0
-1394.0,-490.0,0.0,0.0,0.0,0.0,0.0,0.0,0.0,0.0,0.0,0.0
-1392.0,-490.0,0.0,0.0,0.0,0.0,0.0,0.0,0.0,0.0,0.0,0.0
-1390.0,-490.0,0.0,0.0,0.0,0.0,0.0,0.0,0.0,0.0,0.0,0.0
-1388.0,-490.0,0.0,0.0,0.0,0.0,0.0,0.0,0.0,0.0,0.0,0.0
-1386.0,-490.0,0.0,0.0,0.0,0.0,0.0,0.0,0.0,0.0,0.0,0.0
-1384.0,-490.0,0.0,0.0,0.0,0.0,0.0,0.0,0.0,0.0,0.0,0.0
-1382.0,-490.0,0.0,0.0,0.0,0.0,0.0,0.0,0.0,0.0,0.0,0.0
-1380.0,-490.0,0.0,0.0,0.0,0.0,0.0,0.0,0.0,0.0,0.0,0.0
-1378.0,-490.0,0.0,0.0,0.0,0.0,0.0,0.0,0.0,0.0,0.0,0.0
-1376.0,-490.0,0.0,0.0,0.0,0.0,0.0,0.0,0.0,0.0,0.0,0.0
-1374.0,-490.0,0.0,0.0,0.0,0.0,0.0,0.0,0.0,0.0,0.0,0.0
-1372.0,-490.0,0.0,0.0,0.0,0.0,0.0,0.0,0.0,0.0,0.0,0.0
-1370.0,-490.0,0.0,0.0,0.0,0.0,0.0,0.0,0.0,0.0,0.0,0.0
-1368.0,-490.0,0.0,0.0,0.0,0.0,0.0,0.0,0.0,0.0,0.0,0.0
-1366.0,-490.0,0.0,0.0,0.0,0.0,0.0,0.0,0.0,0.0,0.0,0.0
-1364.0,-490.0,0.0,0.0,0.0,0.0,0.0,0.0,0.0,0.0,0.0,0.0
-1362.0,-490.0,0.0,0.0,0.0,0.0,0.0,0.0,0.0,0.0,0.0,0.0
-1360.0,-490.0,0.0,0.0,0.0,0.0,0.0,0.0,0.0,0.0,0.0,0.0
-1358.0,-490.0,0.0,0.0,0.0,0.0,0.0,0.0,0.0,0.0,0.0,0.0
-1356.0,-490.0,-163.716,1.42146e-06,88.8214,-61.7303,91.1786,-14.6085,-1339.34,-615.81,-1329.2,-539.827
-1354.0,-490.0,-163.602,1.4184e-06,88.7961,-63.544,91.2039,-14.6085,-1339.34,-615.81,-1329.2,-539.827
-1352.0,-490.0,-157.823,1.91517e-06,86.7208,44.6075,88.3443,17.3276,-1365.56,-589.256,-1329.0,-467.31
-1350.0,-490.0,-157.621,1.91047e-06,86.6706,44.7486,88.3454,17.1874,-1365.23,-589.246,-1327.07,-467.274
-1348.0,-490.0,-157.469,1.90578e-06,86.6199,44.8905,88.3464,17.0465,-1364.89,-589.236,-1325.15,-467.237
-1346.0,-490.0,-157.36,1.9011e-06,86.5687,45.0331,88.3475,16.9049,-1364.55,-589.225,-1323.23,-467.201
-1344.0,-490.0,-157.289,1.89643e-06,86.5169,45.1765,88.3486,16.7626,-1364.19,-589.214,-1321.3,-467.164
-1342.0,-490.0,-164.314,1.40443e-06,88.6462,-75.5982,91.3538,-14.6085,-1339.34,-615.81,-1329.2,-539.827
-1340.0,-490.0,-164.554,1.4029e-06,88.6217,-77.7757,91.3783,-14.6085,-1339.34,-615.81,-1329.2,-539.827
-1338.0,-490.0,-165.026,1.40163e-06,88.5974,-79.9897,91.4026,-14.6085,-1339.34,-615.81,-1329.2,-539.827
-1336.0,-490.0,-171.931,1.42053e-06,88.5934,-92.6029,91.4066,-14.8341,-1340.17,-615.845,-1338.13,-536.942
-1334.0,-490.0,0.0,0.0,0.0,0.0,0.0,0.0,0.0,0.0,0.0,0.0
-1332.0,-490.0,0.0,0.0,0.0,0.0,0.0,0.0,0.0,0.0,0.0,0.0
-1330.0,-490.0,0.0,0.0,0.0,0.0,0.0,0.0,0.0,0.0,0.0,0.0
-1328.0,-490.0,0.0,0.0,0.0,0.0,0.0,0.0,0.0,0.0,0.0,0.0
-1326.0,-490.0,0.0,0.0,0.0,0.0,0.0,0.0,0.0,0.0,0.0,0.0
-1324.0,-490.0,0.0,0.0,0.0,0.0,0.0,0.0,0.0,0.0,0.0,0.0
-1322.0,-490.0,0.0,0.0,0.0,0.0,0.0,0.0,0.0,0.0,0.0,0.0
-1320.0,-490.0,0.0,0.0,0.0,0.0,0.0,0.0,0.0,0.0,0.0,0.0
-1318.0,-490.0,0.0,0.0,0.0,0.0,0.0,0.0,0.0,0.0,0.0,0.0
-1316.0,-490.0,0.0,0.0,0.0,0.0,0.0,0.0,0.0,0.0,0.0,0.0
-1314.0,-490.0,0.0,0.0,0.0,0.0,0.0,0.0,0.0,0.0,0.0,0.0
-1312.0,-490.0,-145.847,1.47472e-06,88.4908,51.1709,91.5092,-43.396,-1381.4,-617.583,-1235.87,-395.409
-1310.0,-490.0,-149.116,1.47055e-06,88.4865,51.408,91.5135,-43.396,-1381.4,-617.583,-1234.45,-395.337
-1308.0,-490.0,-151.946,1.4664e-06,88.4823,51.6466,91.5177,-43.396,-1381.4,-617.583,-1233.04,-395.264
-1306.0,-490.0,-153.705,1.46227e-06,88.478,51.8868,91.522,-43.396,-1381.4,-617.583,-1231.63,-395.191
-1304.0,-490.0,-154.687,1.45816e-06,88.4737,52.1286,91.5263,-43.396,-1381.4,-617.583,-1230.21,-395.119
-1302.0,-490.0,-155.62,1.45408e-06,88.4694,52.372,91.5306,-43.396,-1381.4,-617.583,-1228.8,-395.046
-1300.0,-490.0,-157.209,1.45012e-06,88.4652,52.7961,91.5348,-43.3117,-1381.35,-617.58,-1227.88,-394.999
-1298.0,-490.0,-159.063,6.61873e-07,83.1432,-120.243,52.8689,48.5925,-1391.22,-590.041,-1372.16,-617.193
-1296.0,-490.0,-158.204,7.94001e-07,87.1962,-32.3521,92.8038,-43.3117,-1381.35,-617.58,-1254.89,-516.04
-1294.0,-490.0,-129.201,1.47808e-06,88.2462,-137.592,91.4655,-15.5751,-1342.76,-615.954,-1339.67,-531.711
-1292.0,-490.0,-128.481,1.48301e-06,88.3023,-137.767,91.4676,-15.4013,-1342.17,-615.929,-1339.31,-532.944
-1290.0,-490.0,-127.863,1.48795e-06,88.3547,-137.94,91.4698,-15.2286,-1341.58,-615.904,-1338.95,-534.165
-1288.0,-490.0,-127.281,1.49291e-06,88.4039,-138.113,91.4719,-15.0571,-1340.98,-615.879,-1338.59,-535.375
-1286.0,-490.0,-126.739,1.49789e-06,88.4501,-138.284,91.474,-14.8867,-1340.36,-615.853,-1338.24,-536.573
-1284.0,-490.0,-141.572,6.23148e-07,86.4266,-124.794,93.5734,-43.3117,-1381.35,-617.58,-1342.6,-574.333
-1282.0,-490.0,-140.556,6.26992e-07,86.4485,-125.701,93.5515,-43.3117,-1381.35,-617.58,-1342.6,-574.333
-1280.0,-490.0,-138.273,6.30662e-07,86.4692,-127.463,93.5308,-43.396,-1381.4,-617.583,-1355.83,-588.959
-1278.0,-490.0,-136.639,6.34757e-07,86.4776,-128.185,93.5224,-43.396,-1381.4,-617.583,-1355.83,-588.959
-1276.0,-490.0,-134.689,6.38931e-07,86.4648,-128.894,93.5352,-43.396,-1381.4,-617.583,-1355.83,-588.959
-1274.0,-490.0,-132.266,6.4318e-07,86.4379,-129.588,93.5621,-43.396,-1381.4,-617.583,-1355.83,-588.959
-1272.0,-490.0,-129.066,6.4749e-07,86.4117,-130.269,93.5883,-43.396,-1381.4,-617.583,-1355.83,-588.959
-1270.0,-490.0,-124.429,6.5186e-07,86.3862,-130.937,93.6138,-43.396,-1381.4,-617.583,-1355.83,-588.959
-1268.0,-490.0,-117.157,6.56288e-07,86.3613,-131.591,93.6387,-43.396,-1381.4,-617.583,-1355.83,-588.959
-1266.0,-490.0,-120.07,6.60772e-07,86.3371,-132.249,93.6629,-43.3117,-1381.35,-617.58,-1342.6,-574.333
-1264.0,-490.0,-127.358,6.65317e-07,86.3136,-132.985,93.6864,-43.3117,-1381.35,-617.58,-1342.6,-574.333
-1262.0,-490.0,-130.923,8.29155e-07,87.0037,-121.828,92.9963,54.9672,-1393.06,-590.097,-1313.88,-573.584
-1260.0,-490.0,-128.559,8.32738e-07,86.9778,-122.607,93.0222,54.9672,-1393.06,-590.097,-1313.46,-573.573
-1258.0,-490.0,-135.864,8.36396e-07,86.9524,-123.373,93.0476,54.9672,-1393.06,-590.097,-1313.04,-573.562
-1256.0,-490.0,-138.566,6.84097e-07,86.2258,-135.76,93.7742,-43.3117,-1381.35,-617.58,-1342.6,-574.333
-1254.0,-490.0,-140.013,6.88918e-07,86.2222,-136.414,93.7778,-43.3117,-1381.35,-617.58,-1342.6,-574.333
-1252.0,-490.0,-141.319,6.93765e-07,86.2519,-137.052,93.7481,-43.3117,-1381.35,-617.58,-1342.6,-574.333
-1250.0,-490.0,-142.514,6.98653e-07,86.2915,-137.675,93.7085,-43.3117,-1381.35,-617.58,-1342.6,-574.333
-1248.0,-490.0,-143.585,7.03601e-07,86.3176,-138.284,93.6824,-43.3117,-1381.35,-617.58,-1342.6,-574.333
-1246.0,-490.0,-144.547,7.08595e-07,86.3436,-138.879,93.6564,-43.3117,-1381.35,-617.58,-1342.6,-574.333
-1244.0,-490.0,-145.419,7.13634e-07,86.3695,-139.46,93.6305,-43.3117,-1381.35,-617.58,-1342.6,-574.333
-1242.0,-490.0,-146.216,7.18717e-07,86.3952,-140.027,93.6048,-43.3117,-1381.35,-617.58,-1342.6,-574.333
-1240.0,-490.0,-154.481,1.68627e-06,87.6494,-164.192,88.0324,24.6504,-1377.38,-589.618,-1345.21,-519.787
-1238.0,-490.0,-154.351,1.69269e-06,87.6589,-164.254,88.0374,24.5885,-1377.31,-589.616,-1345.2,-520.227
-1236.0,-490.0,-154.231,1.6991e-06,87.6684,-164.315,88.0424,24.527,-1377.24,-589.613,-1345.2,-520.663
-1234.0,-490.0,-154.121,1.70552e-06,87.6779,-164.376,88.0474,24.466,-1377.17,-589.611,-1345.19,-521.095
-1232.0,-490.0,-154.019,1.71195e-06,87.6873,-164.436,88.0524,24.4054,-1377.1,-589.609,-1345.18,-521.525
-1230.0,-490.0,-153.924,1.71837e-06,87.6966,-164.495,88.0573,24.3453,-1377.03,-589.607,-1345.17,-521.95
-1228.0,-490.0,-153.803,1.72478e-06,87.7224,-164.554,88.0623,24.2844,-1376.96,-589.605,-1345.17,-522.373
-1226.0,-490.0,-153.677,1.73119e-06,87.7544,-164.613,88.0673,24.2234,-1376.89,-589.603,-1345.16,-522.793
-1224.0,-490.0,-158.675,1.13981e-06,87.8051,-12.106,92.1949,33.5575,-1384.69,-589.841,-1164.04,-502.862
-1222.0,-490.0,-158.471,1.13327e-06,87.8209,-12.3703,92.1791,33.5575,-1384.69,-589.841,-1164.05,-502.71
-1220.0,-490.0,-150.512,1.72714e-06,88.5891,-165.366,91.4109,-15.5937,-1342.83,-615.957,-1345.16,-522.682
-1218.0,-490.0,-150.283,1.73358e-06,88.613,-165.464,91.387,-15.5937,-1342.83,-615.957,-1345.15,-522.969
-1216.0,-490.0,-157.889,1.1137e-06,87.8696,-13.2358,92.1304,33.5575,-1384.69,-589.841,-1164.08,-502.211
-1214.0,-490.0,-157.709,1.10719e-06,87.8863,-13.5514,92.1137,33.5575,-1384.69,-589.841,-1164.1,-502.028
-1212.0,-490.0,-156.596,1.12623e-06,85.926,31.4259,84.5167,33.1009,-1384.4,-589.833,-1195.93,-480.181
-1210.0,-490.0,-157.354,1.12052e-06,85.9415,31.6051,84.4902,33.2756,-1384.51,-589.836,-1193.89,-480.088
-1208.0,-490.0,-157.253,1.08772e-06,87.9375,-14.5932,92.0625,33.5575,-1384.69,-589.841,-1164.14,-501.418
-1206.0,-490.0,-157.171,1.08125e-06,87.955,-14.9761,92.045,33.5575,-1384.69,-589.841,-1164.16,-501.193
-1204.0,-490.0,-157.183,1.07481e-06,87.9464,-15.3792,92.0536,33.5575,-1384.69,-589.841,-1164.18,-500.954
-1202.0,-490.0,-157.361,1.06839e-06,87.934,-15.8041,92.066,33.5575,-1384.69,-589.841,-1164.2,-500.701
-1600.0,-488.0,-162.58,1.09676e-06,88.5957,32.7301,91.4043,99.908,-1420.16,-484.607,-1510.89,-430.726
-1598.0,-488.0,-159.652,1.16043e-06,88.6449,38.0406,91.3551,117.862,-1429.33,-544.506,-1525.12,-430.977
-1596.0,-488.0,-159.476,1.1552e-06,88.6108,38.2898,91.3892,117.862,-1429.33,-544.506,-1523.74,-430.953
-1594.0,-488.0,-159.363,1.14998e-06,88.5765,38.5418,91.4235,117.862,-1429.33,-544.506,-1522.36,-430.929
-1592.0,-488.0,-159.314,1.14479e-06,88.5418,38.7966,91.4582,117.862,-1429.33,-544.506,-1520.98,-430.904
-1590.0,-488.0,-159.337,1.13961e-06,88.5068,39.0543,91.4932,117.862,-1429.33,-544.506,-1519.6,-430.88
-1588.0,-488.0,-159.443,1.13446e-06,88.4715,39.3149,91.5285,117.862,-1429.33,-544.506,-1518.22,-430.855
-1586.0,-488.0,-159.65,1.12932e-06,88.436,39.5783,91.564,117.862,-1429.33,-544.506,-1516.84,-430.831
-1584.0,-488.0,-159.99,1.12421e-06,88.3944,39.8448,91.6056,117.862,-1429.33,-544.506,-1515.46,-430.807
-1582.0,-488.0,-160.503,1.1191e-06,88.3726,40.1142,91.6274,117.862,-1429.33,-544.506,-1514.09,-430.782
-1580.0,-488.0,-160.422,1.03859e-06,88.2308,38.1587,91.7692,96.8954,-1412.1,-499.96,-1507.02,-430.657
-1578.0,-488.0,-160.263,1.03336e-06,88.2063,38.4978,91.7937,96.8954,-1412.1,-499.96,-1505.88,-430.637
-1576.0,-488.0,-160.158,1.02816e-06,88.1815,38.8421,91.8185,96.8954,-1412.1,-499.96,-1504.74,-430.617
-1574.0,-488.0,-158.677,1.08006e-06,88.2539,43.4126,91.7461,129.985,-1425.61,-569.467,-1513.51,-430.772
-1572.0,-488.0,-156.361,1.07524e-06,88.2311,43.746,91.7689,129.985,-1425.61,-569.467,-1512.19,-430.749
-1570.0,-488.0,-154.446,1.07044e-06,88.208,44.0836,91.792,129.985,-1425.61,-569.467,-1510.86,-430.725
-1568.0,-488.0,-152.967,1.06567e-06,88.1849,44.4253,91.8151,129.985,-1425.61,-569.467,-1509.54,-430.702
-1566.0,-488.0,-151.785,1.06093e-06,88.1615,44.7712,91.8385,129.985,-1425.61,-569.467,-1508.22,-430.678
-1564.0,-488.0,-175.502,1.0697e-06,85.4533,45.9471,103.192,132.254,-1423.45,-574.185,-1508.55,-430.684
-1562.0,-488.0,-175.493,1.06511e-06,85.3979,46.2076,103.107,132.008,-1423.47,-573.938,-1507.02,-430.657
-1560.0,-488.0,-157.815,1.04937e-06,86.4165,47.2016,79.3738,133.063,-1425.53,-572.682,-1506.9,-430.655
-1558.0,-488.0,-158.389,1.04481e-06,86.449,47.4705,79.4286,132.794,-1425.54,-572.417,-1505.37,-430.628
-1556.0,-488.0,-159.445,1.04026e-06,86.4819,47.7418,79.4841,132.523,-1425.54,-572.146,-1503.85,-430.601
-1554.0,-488.0,-129.304,1.0324e-06,88.2398,48.1345,91.7602,133.099,-1425.53,-572.717,-1502.54,-430.578
-1552.0,-488.0,-127.829,1.02793e-06,88.2793,48.4116,91.7207,132.822,-1425.54,-572.445,-1501.02,-430.551
-1550.0,-488.0,-125.158,1.02349e-06,88.3191,48.6911,91.6809,132.543,-1425.54,-572.166,-1499.49,-430.524
-1548.0,-488.0,-140.327,1.01909e-06,88.3594,49.475,91.6406,132.426,-1425.55,-572.049,-1498.86,-430.513
-1546.0,-488.0,-148.502,1.03894e-06,88.4373,48.413,91.5627,130.064,-1425.6,-569.555,-1490.61,-425.583
-1544.0,-488.0,-145.83,1.03454e-06,88.4775,49.4565,91.5225,130.064,-1425.6,-569.555,-1490.61,-425.583
-1542.0,-488.0,-141.579,1.03023e-06,88.5181,50.5336,91.4819,130.064,-1425.6,-569.555,-1490.61,-425.583
-1540.0,-488.0,-132.946,1.02601e-06,88.5592,51.6452,91.4408,130.064,-1425.6,-569.555,-1490.61,-425.583
-1538.0,-488.0,-125.864,1.0219e-06,88.5951,52.3768,91.4049,129.985,-1425.61,-569.467,-1489.88,-425.564
-1536.0,-488.0,-132.497,1.21046e-06,88.8331,67.0982,91.1669,111.895,-1470.32,-425.042,-1511.81,-430.742
-1534.0,-488.0,-152.401,2.33126e-06,89.408,-173.894,90.592,-15.3614,-1342.04,-615.923,-1594.14,-494.434
-1532.0,-488.0,0.0,0.0,0.0,0.0,0.0,0.0,0.0,0.0,0.0,0.0
-1530.0,-488.0,0.0,0.0,0.0,0.0,0.0,0.0,0.0,0.0,0.0,0.0
-1528.0,-488.0,0.0,0.0,0.0,0.0,0.0,0.0,0.0,0.0,0.0,0.0
-1526.0,-488.0,0.0,0.0,0.0,0.0,0.0,0.0,0.0,0.0,0.0,0.0
-1524.0,-488.0,0.0,0.0,0.0,0.0,0.0,0.0,0.0,0.0,0.0,0.0
-1522.0,-488.0,0.0,0.0,0.0,0.0,0.0,0.0,0.0,0.0,0.0,0.0
-1520.0,-488.0,0.0,0.0,0.0,0.0,0.0,0.0,0.0,0.0,0.0,0.0
-1518.0,-488.0,0.0,0.0,0.0,0.0,0.0,0.0,0.0,0.0,0.0,0.0
-1516.0,-488.0,0.0,0.0,0.0,0.0,0.0,0.0,0.0,0.0,0.0,0.0
-1514.0,-488.0,0.0,0.0,0.0,0.0,0.0,0.0,0.0,0.0,0.0,0.0
-1512.0,-488.0,0.0,0.0,0.0,0.0,0.0,0.0,0.0,0.0,0.0,0.0
-1510.0,-488.0,0.0,0.0,0.0,0.0,0.0,0.0,0.0,0.0,0.0,0.0
-1508.0,-488.0,0.0,0.0,0.0,0.0,0.0,0.0,0.0,0.0,0.0,0.0
-1506.0,-488.0,0.0,0.0,0.0,0.0,0.0,0.0,0.0,0.0,0.0,0.0
-1504.0,-488.0,0.0,0.0,0.0,0.0,0.0,0.0,0.0,0.0,0.0,0.0
-1502.0,-488.0,0.0,0.0,0.0,0.0,0.0,0.0,0.0,0.0,0.0,0.0
-1500.0,-488.0,0.0,0.0,0.0,0.0,0.0,0.0,0.0,0.0,0.0,0.0
-1498.0,-488.0,0.0,0.0,0.0,0.0,0.0,0.0,0.0,0.0,0.0,0.0
-1496.0,-488.0,0.0,0.0,0.0,0.0,0.0,0.0,0.0,0.0,0.0,0.0
-1494.0,-488.0,0.0,0.0,0.0,0.0,0.0,0.0,0.0,0.0,0.0,0.0
-1492.0,-488.0,0.0,0.0,0.0,0.0,0.0,0.0,0.0,0.0,0.0,0.0
-1490.0,-488.0,0.0,0.0,0.0,0.0,0.0,0.0,0.0,0.0,0.0,0.0
-1488.0,-488.0,0.0,0.0,0.0,0.0,0.0,0.0,0.0,0.0,0.0,0.0
-1486.0,-488.0,0.0,0.0,0.0,0.0,0.0,0.0,0.0,0.0,0.0,0.0
-1484.0,-488.0,0.0,0.0,0.0,0.0,0.0,0.0,0.0,0.0,0.0,0.0
-1482.0,-488.0,0.0,0.0,0.0,0.0,0.0,0.0,0.0,0.0,0.0,0.0
-1480.0,-488.0,0.0,0.0,0.0,0.0,0.0,0.0,0.0,0.0,0.0,0.0
-1478.0,-488.0,0.0,0.0,0.0,0.0,0.0,0.0,0.0,0.0,0.0,0.0
-1476.0,-488.0,0.0,0.0,0.0,0.0,0.0,0.0,0.0,0.0,0.0,0.0
-1474.0,-488.0,0.0,0.0,0.0,0.0,0.0,0.0,0.0,0.0,0.0,0.0
-1472.0,-488.0,0.0,0.0,0.0,0.0,0.0,0.0,0.0,0.0,0.0,0.0
-1470.0,-488.0,0.0,0.0,0.0,0.0,0.0,0.0,0.0,0.0,0.0,0.0
-1468.0,-488.0,0.0,0.0,0.0,0.0,0.0,0.0,0.0,0.0,0.0,0.0
-1466.0,-488.0,0.0,0.0,0.0,0.0,0.0,0.0,0.0,0.0,0.0,0.0
-1464.0,-488.0,0.0,0.0,0.0,0.0,0.0,0.0,0.0,0.0,0.0,0.0
-1462.0,-488.0,0.0,0.0,0.0,0.0,0.0,0.0,0.0,0.0,0.0,0.0
-1460.0,-488.0,0.0,0.0,0.0,0.0,0.0,0.0,0.0,0.0,0.0,0.0
-1458.0,-488.0,-111.705,8.21962e-07,88.478,78.6211,91.522,104.431,-1445.19,-424.373,-1445.19,-424.373
-1456.0,-488.0,-111.879,8.20671e-07,88.4756,79.078,91.5244,103.974,-1443.71,-424.334,-1443.71,-424.334
-1454.0,-488.0,-112.089,8.19434e-07,88.4733,79.5363,91.5267,103.516,-1442.23,-424.294,-1442.23,-424.294
-1452.0,-488.0,-112.34,8.18248e-07,88.4711,79.996,91.5289,103.056,-1440.76,-424.255,-1440.76,-424.255
-1450.0,-488.0,-112.636,8.17116e-07,88.469,80.457,91.531,102.595,-1439.28,-424.216,-1439.28,-424.216
-1448.0,-488.0,-112.981,8.16037e-07,88.467,80.9193,91.533,102.133,-1437.8,-424.176,-1437.8,-424.176
-1446.0,-488.0,-113.381,8.1501e-07,88.465,81.3827,91.535,101.669,-1436.32,-424.137,-1436.32,-424.137
-1444.0,-488.0,-103.031,4.0211e-07,86.8877,-68.5523,93.1123,111.448,-1444.0,-488.0,-1400.0,-600.0
-1442.0,-488.0,-102.979,3.99722e-07,86.8691,-69.444,93.1309,110.556,-1442.0,-488.0,-1400.0,-600.0
-1440.0,-488.0,-102.929,3.97431e-07,86.851,-70.3462,93.149,109.654,-1440.0,-488.0,-1400.0,-600.0
-1438.0,-488.0,-102.881,3.9524e-07,86.8336,-71.2587,93.1664,108.741,-1438.0,-488.0,-1400.0,-600.0
-1436.0,-488.0,-102.835,3.9315e-07,86.8167,-72.1811,93.1833,107.819,-1436.0,-488.0,-1400.0,-600.0
-1434.0,-488.0,-102.79,3.91163e-07,86.8005,-73.1132,93.1995,106.887,-1434.0,-488.0,-1400.0,-600.0
-1432.0,-488.0,-102.748,3.8928e-07,86.785,-74.0546,93.215,105.945,-1432.0,-488.0,-1400.0,-600.0
-1430.0,-488.0,-102.709,3.87502e-07,86.7703,-75.0049,93.2297,104.995,-1430.0,-488.0,-1400.0,-600.0
-1428.0,-488.0,-102.671,3.85832e-07,86.7563,-75.9638,93.2437,104.036,-1428.0,-488.0,-1400.0,-600.0
-1426.0,-488.0,-102.636,3.84271e-07,86.7431,-76.9307,93.2569,103.069,-1426.0,-488.0,-1400.0,-600.0
-1424.0,-488.0,-102.603,3.8282e-07,86.7307,-77.9052,93.2693,102.095,-1424.0,-488.0,-1400.0,-600.0
-1422.0,-488.0,-102.572,3.81479e-07,86.7192,-78.887,93.2808,101.113,-1422.0,-488.0,-1400.0,-600.0
-1420.0,-488.0,-102.544,3.80252e-07,86.7086,-79.8753,93.2914,100.125,-1420.0,-488.0,-1400.0,-600.0
-1418.0,-488.0,-102.519,3.79139e-07,86.6948,-80.8698,93.3052,99.1302,-1418.0,-488.0,-1400.0,-600.0
-1416.0,-488.0,-102.496,3.78156e-07,86.6434,-81.8699,93.3566,98.1301,-1416.0,-488.0,-1400.0,-600.0
-1414.0,-488.0,-102.476,3.77288e-07,86.5929,-82.875,93.4071,97.125,-1414.0,-488.0,-1400.0,-600.0
-1412.0,-488.0,0.0,0.0,0.0,0.0,0.0,0.0,0.0,0.0,0.0,0.0
-1410.0,-488.0,0.0,0.0,0.0,0.0,0.0,0.0,0.0,0.0,0.0,0.0
-1408.0,-488.0,0.0,0.0,0.0,0.0,0.0,0.0,0.0,0.0,0.0,0.0
-1406.0,-488.0,0.0,0.0,0.0,0.0,0.0,0.0,0.0,0.0,0.0,0.0
-1404.0,-488.0,0.0,0.0,0.0,0.0,0.0,0.0,0.0,0.0,0.0,0.0
-1402.0,-488.0,0.0,0.0,0.0,0.0,0.0,0.0,0.0,0.0,0.0,0.0
-1400.0,-488.0,0.0,0.0,0.0,0.0,0.0,0.0,0.0,0.0,0.0,0.0
-1398.0,-488.0,0.0,0.0,0.0,0.0,0.0,0.0,0.0,0.0,0.0,0.0
-1396.0,-488.0,0.0,0.0,0.0,0.0,0.0,0.0,0.0,0.0,0.0,0.0
-1394.0,-488.0,0.0,0.0,0.0,0.0,0.0,0.0,0.0,0.0,0.0,0.0
-1392.0,-488.0,0.0,0.0,0.0,0.0,0.0,0.0,0.0,0.0,0.0,0.0
-1390.0,-488.0,0.0,0.0,0.0,0.0,0.0,0.0,0.0,0.0,0.0,0.0
-1388.0,-488.0,0.0,0.0,0.0,0.0,0.0,0.0,0.0,0.0,0.0,0.0
-1386.0,-488.0,0.0,0.0,0.0,0.0,0.0,0.0,0.0,0.0,0.0,0.0
-1384.0,-488.0,0.0,0.0,0.0,0.0,0.0,0.0,0.0,0.0,0.0,0.0
-1382.0,-488.0,0.0,0.0,0.0,0.0,0.0,0.0,0.0,0.0,0.0,0.0
-1380.0,-488.0,0.0,0.0,0.0,0.0,0.0,0.0,0.0,0.0,0.0,0.0
-1378.0,-488.0,0.0,0.0,0.0,0.0,0.0,0.0,0.0,0.0,0.0,0.0
-1376.0,-488.0,0.0,0.0,0.0,0.0,0.0,0.0,0.0,0.0,0.0,0.0
-1374.0,-488.0,0.0,0.0,0.0,0.0,0.0,0.0,0.0,0.0,0.0,0.0
-1372.0,-488.0,0.0,0.0,0.0,0.0,0.0,0.0,0.0,0.0,0.0,0.0
-1370.0,-488.0,0.0,0.0,0.0,0.0,0.0,0.0,0.0,0.0,0.0,0.0
-1368.0,-488.0,0.0,0.0,0.0,0.0,0.0,0.0,0.0,0.0,0.0,0.0
-1366.0,-488.0,0.0,0.0,0.0,0.0,0.0,0.0,0.0,0.0,0.0,0.0
-1364.0,-488.0,0.0,0.0,0.0,0.0,0.0,0.0,0.0,0.0,0.0,0.0
-1362.0,-488.0,0.0,0.0,0.0,0.0,0.0,0.0,0.0,0.0,0.0,0.0
-1360.0,-488.0,0.0,0.0,0.0,0.0,0.0,0.0,0.0,0.0,0.0,0.0
-1358.0,-488.0,0.0,0.0,0.0,0.0,0.0,0.0,0.0,0.0,0.0,0.0
-1356.0,-488.0,-163.789,1.42736e-06,88.8177,-62.6606,91.1823,-14.6085,-1339.34,-615.81,-1329.2,-539.827
-1354.0,-488.0,-163.903,1.4244e-06,88.7925,-64.4326,91.2075,-14.6085,-1339.34,-615.81,-1329.2,-539.827
-1352.0,-488.0,-164.54,1.42163e-06,88.7675,-66.2587,91.2325,-14.6085,-1339.34,-615.81,-1329.2,-539.827
-1350.0,-488.0,-157.896,1.9058e-06,86.6442,44.6061,88.3443,17.3301,-1365.57,-589.257,-1329.02,-467.311
-1348.0,-488.0,-157.692,1.90109e-06,86.5932,44.748,88.3453,17.1892,-1365.24,-589.246,-1327.09,-467.274
-1346.0,-488.0,-157.537,1.8964e-06,86.5416,44.8906,88.3464,17.0476,-1364.9,-589.236,-1325.16,-467.237
-1344.0,-488.0,-157.427,1.89172e-06,86.4894,45.0339,88.3475,16.9054,-1364.55,-589.225,-1323.23,-467.201
-1342.0,-488.0,-157.355,1.88706e-06,86.4367,45.178,88.3486,16.7624,-1364.19,-589.214,-1321.29,-467.164
-1340.0,-488.0,-164.824,1.40943e-06,88.6193,-78.2341,91.3807,-14.6085,-1339.34,-615.81,-1329.2,-539.827
-1338.0,-488.0,-165.321,1.40821e-06,88.5952,-80.3686,91.4048,-14.6085,-1339.34,-615.81,-1329.2,-539.827
-1336.0,-488.0,-165.59,6.30062e-07,86.8077,-148.955,93.1923,111.97,-1429.78,-526.194,-1370.16,-508.563
-1334.0,-488.0,0.0,0.0,0.0,0.0,0.0,0.0,0.0,0.0,0.0,0.0
-1332.0,-488.0,0.0,0.0,0.0,0.0,0.0,0.0,0.0,0.0,0.0,0.0
-1330.0,-488.0,0.0,0.0,0.0,0.0,0.0,0.0,0.0,0.0,0.0,0.0
-1328.0,-488.0,0.0,0.0,0.0,0.0,0.0,0.0,0.0,0.0,0.0,0.0
-1326.0,-488.0,0.0,0.0,0.0,0.0,0.0,0.0,0.0,0.0,0.0,0.0
-1324.0,-488.0,0.0,0.0,0.0,0.0,0.0,0.0,0.0,0.0,0.0,0.0
-1322.0,-488.0,-172.353,1.02062e-06,95.5958,-55.4113,92.5434,-2.76158,-1239.86,-607.725,-1314.04,-499.537
-1320.0,-488.0,0.0,0.0,0.0,0.0,0.0,0.0,0.0,0.0,0.0,0.0
-1318.0,-488.0,0.0,0.0,0.0,0.0,0.0,0.0,0.0,0.0,0.0,0.0
-1316.0,-488.0,0.0,0.0,0.0,0.0,0.0,0.0,0.0,0.0,0.0,0.0
-1314.0,-488.0,0.0,0.0,0.0,0.0,0.0,0.0,0.0,0.0,0.0,0.0
-1312.0,-488.0,-143.162,1.46952e-06,88.4939,50.98,91.5061,-43.396,-1381.4,-617.583,-1237.02,-395.468
-1310.0,-488.0,-146.439,1.46534e-06,88.4896,51.2174,91.5104,-43.396,-1381.4,-617.583,-1235.59,-395.395
-1308.0,-488.0,-149.696,1.46117e-06,88.4853,51.4563,91.5147,-43.396,-1381.4,-617.583,-1234.17,-395.322
-1306.0,-488.0,-152.358,1.45702e-06,88.481,51.6969,91.519,-43.396,-1381.4,-617.583,-1232.74,-395.249
-1304.0,-488.0,-153.899,1.4529e-06,88.4767,51.9391,91.5233,-43.396,-1381.4,-617.583,-1231.32,-395.176
-1302.0,-488.0,-154.83,1.4488e-06,88.4724,52.1829,91.5276,-43.396,-1381.4,-617.583,-1229.9,-395.103
-1300.0,-488.0,-155.789,1.44472e-06,88.468,52.4283,91.532,-43.396,-1381.4,-617.583,-1228.48,-395.03
-1298.0,-488.0,-157.018,1.44077e-06,88.4639,52.8593,91.5361,-43.3117,-1381.35,-617.58,-1227.55,-394.982
-1296.0,-488.0,-155.842,7.97588e-07,87.2243,-32.9764,92.7757,-43.3117,-1381.35,-617.58,-1254.91,-514.663
-1294.0,-488.0,-154.647,7.92009e-07,87.2048,-33.383,92.7952,-43.3117,-1381.35,-617.58,-1254.92,-513.754
-1292.0,-488.0,-127.296,1.48749e-06,88.3787,-137.577,91.4653,-15.5918,-1342.82,-615.956,-1339.7,-531.592
-1290.0,-488.0,-126.667,1.49242e-06,88.4283,-137.751,91.4674,-15.419,-1342.24,-615.932,-1339.34,-532.818
-1288.0,-488.0,-126.075,1.49737e-06,88.4748,-137.923,91.4695,-15.2474,-1341.64,-615.907,-1338.99,-534.032
-1286.0,-488.0,-125.524,1.50233e-06,88.5185,-138.094,91.4716,-15.0768,-1341.05,-615.882,-1338.63,-535.235
-1284.0,-488.0,-126.054,1.5073e-06,88.5598,-138.264,91.4737,-14.9074,-1340.44,-615.856,-1338.29,-536.427
-1282.0,-488.0,-134.598,1.51229e-06,88.5365,-138.916,91.4635,-14.8341,-1340.17,-615.845,-1338.13,-536.942
-1280.0,-488.0,-137.791,6.85273e-07,86.769,-126.852,93.231,54.9672,-1393.06,-590.097,-1328.45,-552.64
-1278.0,-488.0,-138.065,6.3999e-07,86.5401,-127.63,93.4599,-43.396,-1381.4,-617.583,-1355.83,-588.959
-1276.0,-488.0,-136.405,6.4411e-07,86.5317,-128.335,93.4683,-43.396,-1381.4,-617.583,-1355.83,-588.959
-1274.0,-488.0,-134.417,6.48307e-07,86.5043,-129.027,93.4957,-43.396,-1381.4,-617.583,-1355.83,-588.959
-1272.0,-488.0,-131.935,6.52566e-07,86.4776,-129.705,93.5224,-43.396,-1381.4,-617.583,-1355.83,-588.959
-1270.0,-488.0,-128.629,6.56886e-07,86.4516,-130.37,93.5484,-43.396,-1381.4,-617.583,-1355.83,-588.959
-1268.0,-488.0,-123.766,6.61264e-07,86.4262,-131.023,93.5738,-43.396,-1381.4,-617.583,-1355.83,-588.959
-1266.0,-488.0,-116.329,6.65699e-07,86.4015,-131.662,93.5985,-43.396,-1381.4,-617.583,-1355.83,-588.959
-1264.0,-488.0,-121.052,6.70188e-07,86.3774,-132.316,93.6226,-43.3117,-1381.35,-617.58,-1342.6,-574.333
-1262.0,-488.0,-127.871,6.74738e-07,86.3539,-133.033,93.6461,-43.3117,-1381.35,-617.58,-1342.6,-574.333
-1260.0,-488.0,-126.005,8.38345e-07,87.0276,-122.12,92.9724,54.9672,-1393.06,-590.097,-1313.73,-573.58
-1258.0,-488.0,-131.835,8.41955e-07,87.002,-122.88,92.998,54.9672,-1393.06,-590.097,-1313.31,-573.569
-1256.0,-488.0,-136.985,6.88743e-07,86.2873,-135.089,93.7127,-43.3117,-1381.35,-617.58,-1342.6,-574.333
-1254.0,-488.0,-138.687,6.93523e-07,86.2663,-135.743,93.7337,-43.3117,-1381.35,-617.58,-1342.6,-574.333
-1252.0,-488.0,-140.108,6.9832e-07,86.2898,-136.382,93.7102,-43.3117,-1381.35,-617.58,-1342.6,-574.333
-1250.0,-488.0,-141.39,7.03166e-07,86.3154,-137.006,93.6846,-43.3117,-1381.35,-617.58,-1342.6,-574.333
-1248.0,-488.0,-142.568,7.08061e-07,86.3409,-137.616,93.6591,-43.3117,-1381.35,-617.58,-1342.6,-574.333
-1246.0,-488.0,-143.627,7.13004e-07,86.3663,-138.212,93.6337,-43.3117,-1381.35,-617.58,-1342.6,-574.333
-1244.0,-488.0,-144.58,7.17992e-07,86.3916,-138.795,93.6084,-43.3117,-1381.35,-617.58,-1342.6,-574.333
-1242.0,-488.0,-145.444,7.23025e-07,86.4167,-139.365,93.5833,-43.3117,-1381.35,-617.58,-1342.6,-574.333
-1240.0,-488.0,-140.753,7.9689e-07,86.7492,-142.057,93.2508,-35.9954,-1376.1,-617.359,-1356.15,-578.559
-1238.0,-488.0,-159.667,1.18692e-06,87.8181,-11.581,92.1819,33.5575,-1384.69,-589.841,-1164.01,-503.162
-1236.0,-488.0,-154.753,1.70092e-06,87.6763,-164.098,88.0249,24.7416,-1377.48,-589.621,-1345.23,-519.118
-1234.0,-488.0,-154.609,1.70733e-06,87.6857,-164.159,88.0299,24.6798,-1377.41,-589.619,-1345.22,-519.557
-1232.0,-488.0,-154.476,1.71375e-06,87.695,-164.22,88.035,24.6185,-1377.34,-589.617,-1345.21,-519.992
-1230.0,-488.0,-154.354,1.72017e-06,87.7042,-164.281,88.0399,24.5577,-1377.27,-589.615,-1345.2,-520.424
-1228.0,-488.0,-154.206,1.72657e-06,87.73,-164.34,88.045,24.4961,-1377.2,-589.612,-1345.19,-520.853
-1226.0,-488.0,-154.054,1.73297e-06,87.7618,-164.399,88.05,24.4344,-1377.13,-589.61,-1345.19,-521.278
-1224.0,-488.0,-153.91,1.73937e-06,87.7934,-164.458,88.055,24.3732,-1377.06,-589.608,-1345.18,-521.701
-1222.0,-488.0,-153.774,1.74577e-06,87.8248,-164.516,88.06,24.3125,-1376.99,-589.606,-1345.17,-522.12
-1220.0,-488.0,-151.5,1.72884e-06,88.5905,-164.986,91.4095,-15.5937,-1342.83,-615.957,-1345.18,-521.574
-1218.0,-488.0,-151.298,1.73528e-06,88.6143,-165.087,91.3857,-15.5937,-1342.83,-615.957,-1345.17,-521.869
-1216.0,-488.0,-151.091,1.74171e-06,88.638,-165.187,91.362,-15.5937,-1342.83,-615.957,-1345.17,-522.16
-1214.0,-488.0,-150.879,1.74815e-06,88.6615,-165.285,91.3385,-15.5937,-1342.83,-615.957,-1345.16,-522.447
-1212.0,-488.0,-150.66,1.75459e-06,88.6848,-165.382,91.3152,-15.5937,-1342.83,-615.957,-1345.16,-522.73
-1210.0,-488.0,-150.436,1.76103e-06,88.7079,-165.478,91.2921,-15.5937,-1342.83,-615.957,-1345.15,-523.009
-1208.0,-488.0,-156.741,1.11132e-06,85.9324,31.4916,84.507,33.1648,-1384.44,-589.834,-1195.18,-480.147
-1206.0,-488.0,-157.572,1.10561e-06,85.9483,31.6736,84.4801,33.3422,-1384.55,-589.837,-1193.12,-480.052
-1204.0,-488.0,-159.607,1.07667e-06,87.9499,-16.8722,92.0501,33.5575,-1384.69,-589.841,-1164.24,-500.058
-1202.0,-488.0,-161.021,1.07029e-06,87.9377,-17.3334,92.0623,33.5575,-1384.69,-589.841,-1164.26,-499.778
-1600.0,-486.0,-162.722,1.0932e-06,88.5445,32.2718,91.4555,99.908,-1420.16,-484.607,-1512.51,-430.754
-1598.0,-486.0,-162.515,1.08758e-06,88.5073,32.565,91.4927,99.908,-1420.16,-484.607,-1511.47,-430.736
-1596.0,-486.0,-159.623,1.1511e-06,88.5616,37.971,91.4384,117.862,-1429.33,-544.506,-1525.51,-430.984
-1594.0,-486.0,-159.427,1.14586e-06,88.5268,38.2223,91.4732,117.862,-1429.33,-544.506,-1524.11,-430.96
-1592.0,-486.0,-159.296,1.14065e-06,88.4918,38.4765,91.5082,117.862,-1429.33,-544.506,-1522.72,-430.935
-1590.0,-486.0,-159.231,1.13545e-06,88.4564,38.7335,91.5436,117.862,-1429.33,-544.506,-1521.32,-430.91
-1588.0,-486.0,-159.236,1.13027e-06,88.4208,38.9935,91.5792,117.862,-1429.33,-544.506,-1519.92,-430.885
-1586.0,-486.0,-159.324,1.12511e-06,88.3848,39.2563,91.6152,117.862,-1429.33,-544.506,-1518.53,-430.861
-1584.0,-486.0,-159.51,1.11996e-06,88.3597,39.5222,91.6403,117.862,-1429.33,-544.506,-1517.13,-430.836
-1582.0,-486.0,-159.823,1.11484e-06,88.3377,39.7911,91.6623,117.862,-1429.33,-544.506,-1515.74,-430.811
-1580.0,-486.0,-160.304,1.10973e-06,88.3155,40.0631,91.6845,117.862,-1429.33,-544.506,-1514.35,-430.787
-1578.0,-486.0,-160.362,1.02925e-06,88.168,38.0657,91.832,96.8954,-1412.1,-499.96,-1507.34,-430.663
-1576.0,-486.0,-160.185,1.02402e-06,88.1429,38.4087,91.8571,96.8954,-1412.1,-499.96,-1506.18,-430.642
-1574.0,-486.0,-160.065,1.01881e-06,88.1175,38.757,91.8825,96.8954,-1412.1,-499.96,-1505.02,-430.622
-1572.0,-486.0,-158.728,1.07066e-06,88.1936,43.3935,91.8064,129.985,-1425.61,-569.467,-1513.59,-430.773
-1570.0,-486.0,-156.375,1.06584e-06,88.1703,43.7308,91.8297,129.985,-1425.61,-569.467,-1512.25,-430.75
-1568.0,-486.0,-154.415,1.06104e-06,88.1468,44.0724,91.8532,129.985,-1425.61,-569.467,-1510.91,-430.726
-1566.0,-486.0,0.0,0.0,0.0,0.0,0.0,0.0,0.0,0.0,0.0,0.0
-1564.0,-486.0,-175.527,1.06498e-06,85.3921,45.6975,103.277,132.499,-1423.43,-574.428,-1510.04,-430.711
-1562.0,-486.0,-175.451,1.06036e-06,85.3359,45.9581,103.192,132.253,-1423.45,-574.184,-1508.5,-430.683
-1560.0,-486.0,-175.422,1.05571e-06,85.3412,46.2197,103.104,132.001,-1423.47,-573.931,-1506.96,-430.656
-1558.0,-486.0,-157.767,1.03993e-06,86.4102,47.2217,79.3778,133.043,-1425.53,-572.663,-1506.79,-430.653
-1556.0,-486.0,-158.388,1.03537e-06,86.4429,47.4932,79.4331,132.772,-1425.54,-572.395,-1505.25,-430.626
-1554.0,-486.0,-128.71,1.02745e-06,88.2116,47.886,91.7884,133.348,-1425.52,-572.959,-1503.92,-430.602
-1552.0,-486.0,-129.17,1.02296e-06,88.2512,48.1634,91.7488,133.07,-1425.53,-572.689,-1502.38,-430.575
-1550.0,-486.0,-127.481,1.0185e-06,88.2911,48.4432,91.7089,132.791,-1425.54,-572.413,-1500.84,-430.548
-1548.0,-486.0,-124.754,1.01406e-06,88.3313,48.7255,91.6687,132.508,-1425.54,-572.132,-1499.3,-430.521
-1546.0,-486.0,-142.396,1.00967e-06,88.3721,49.6487,91.6279,132.426,-1425.55,-572.049,-1498.86,-430.513
-1544.0,-486.0,-148.058,1.02951e-06,88.4505,48.5327,91.5495,130.064,-1425.6,-569.555,-1490.61,-425.583
-1542.0,-486.0,-144.364,2.30552e-06,89.3292,-173.242,90.6708,-15.3614,-1342.04,-615.923,-1594.1,-492.174
-1540.0,-486.0,-140.314,1.02082e-06,88.5322,50.7339,91.4678,130.064,-1425.6,-569.555,-1490.61,-425.583
-1538.0,-486.0,-129.643,1.01663e-06,88.5712,51.8894,91.4288,130.064,-1425.6,-569.555,-1490.61,-425.583
-1536.0,-486.0,-126.933,1.01254e-06,88.5928,52.4725,91.4072,129.985,-1425.61,-569.467,-1489.57,-425.556
-1534.0,-486.0,-147.661,2.332e-06,89.4029,-173.451,90.5971,-15.3614,-1342.04,-615.923,-1594.11,-492.901
-1532.0,-486.0,0.0,0.0,0.0,0.0,0.0,0.0,0.0,0.0,0.0,0.0
-1530.0,-486.0,0.0,0.0,0.0,0.0,0.0,0.0,0.0,0.0,0.0,0.0
-1528.0,-486.0,0.0,0.0,0.0,0.0,0.0,0.0,0.0,0.0,0.0,0.0
-1526.0,-486.0,0.0,0.0,0.0,0.0,0.0,0.0,0.0,0.0,0.0,0.0
-1524.0,-486.0,0.0,0.0,0.0,0.0,0.0,0.0,0.0,0.0,0.0,0.0
-1522.0,-486.0,0.0,0.0,0.0,0.0,0.0,0.0,0.0,0.0,0.0,0.0
-1520.0,-486.0,0.0,0.0,0.0,0.0,0.0,0.0,0.0,0.0,0.0,0.0
-1518.0,-486.0,0.0,0.0,0.0,0.0,0.0,0.0,0.0,0.0,0.0,0.0
-1516.0,-486.0,0.0,0.0,0.0,0.0,0.0,0.0,0.0,0.0,0.0,0.0
-1514.0,-486.0,0.0,0.0,0.0,0.0,0.0,0.0,0.0,0.0,0.0,0.0
-1512.0,-486.0,0.0,0.0,0.0,0.0,0.0,0.0,0.0,0.0,0.0,0.0
-1510.0,-486.0,0.0,0.0,0.0,0.0,0.0,0.0,0.0,0.0,0.0,0.0
-1508.0,-486.0,0.0,0.0,0.0,0.0,0.0,0.0,0.0,0.0,0.0,0.0
-1506.0,-486.0,0.0,0.0,0.0,0.0,0.0,0.0,0.0,0.0,0.0,0.0
-1504.0,-486.0,0.0,0.0,0.0,0.0,0.0,0.0,0.0,0.0,0.0,0.0
-1502.0,-486.0,0.0,0.0,0.0,0.0,0.0,0.0,0.0,0.0,0.0,0.0
-1500.0,-486.0,0.0,0.0,0.0,0.0,0.0,0.0,0.0,0.0,0.0,0.0
-1498.0,-486.0,0.0,0.0,0.0,0.0,0.0,0.0,0.0,0.0,0.0,0.0
-1496.0,-486.0,0.0,0.0,0.0,0.0,0.0,0.0,0.0,0.0,0.0,0.0
-1494.0,-486.0,0.0,0.0,0.0,0.0,0.0,0.0,0.0,0.0,0.0,0.0
-1492.0,-486.0,0.0,0.0,0.0,0.0,0.0,0.0,0.0,0.0,0.0,0.0
-1490.0,-486.0,0.0,0.0,0.0,0.0,0.0,0.0,0.0,0.0,0.0,0.0
-1488.0,-486.0,0.0,0.0,0.0,0.0,0.0,0.0,0.0,0.0,0.0,0.0
-1486.0,-486.0,0.0,0.0,0.0,0.0,0.0,0.0,0.0,0.0,0.0,0.0
-1484.0,-486.0,0.0,0.0,0.0,0.0,0.0,0.0,0.0,0.0,0.0,0.0
-1482.0,-486.0,0.0,0.0,0.0,0.0,0.0,0.0,0.0,0.0,0.0,0.0
-1480.0,-486.0,0.0,0.0,0.0,0.0,0.0,0.0,0.0,0.0,0.0,0.0
-1478.0,-486.0,0.0,0.0,0.0,0.0,0.0,0.0,0.0,0.0,0.0,0.0
-1476.0,-486.0,0.0,0.0,0.0,0.0,0.0,0.0,0.0,0.0,0.0,0.0
-1474.0,-486.0,0.0,0.0,0.0,0.0,0.0,0.0,0.0,0.0,0.0,0.0
-1472.0,-486.0,0.0,0.0,0.0,0.0,0.0,0.0,0.0,0.0,0.0,0.0
-1470.0,-486.0,0.0,0.0,0.0,0.0,0.0,0.0,0.0,0.0,0.0,0.0
-1468.0,-486.0,0.0,0.0,0.0,0.0,0.0,0.0,0.0,0.0,0.0,0.0
-1466.0,-486.0,0.0,0.0,0.0,0.0,0.0,0.0,0.0,0.0,0.0,0.0
-1464.0,-486.0,0.0,0.0,0.0,0.0,0.0,0.0,0.0,0.0,0.0,0.0
-1462.0,-486.0,0.0,0.0,0.0,0.0,0.0,0.0,0.0,0.0,0.0,0.0
-1460.0,-486.0,0.0,0.0,0.0,0.0,0.0,0.0,0.0,0.0,0.0,0.0
-1458.0,-486.0,-111.601,8.15425e-07,88.4585,78.5285,91.5415,104.524,-1445.5,-424.381,-1445.5,-424.381
-1456.0,-486.0,-111.769,8.14125e-07,88.456,78.989,91.544,104.063,-1444.0,-424.341,-1444.0,-424.341
-1454.0,-486.0,-111.973,8.12877e-07,88.4537,79.4509,91.5463,103.601,-1442.51,-424.302,-1442.51,-424.302
-1452.0,-486.0,-112.218,8.11682e-07,88.4514,79.9142,91.5486,103.138,-1441.02,-424.262,-1441.02,-424.262
-1450.0,-486.0,-112.508,8.10541e-07,88.4492,80.3788,91.5508,102.673,-1439.53,-424.222,-1439.53,-424.222
-1448.0,-486.0,-112.847,8.09453e-07,88.4471,80.8447,91.5529,102.208,-1438.04,-424.182,-1438.04,-424.182
-1446.0,-486.0,-109.418,4.10772e-07,86.9388,-68.0178,93.0612,111.97,-1429.78,-526.194,-1429.78,-526.194
-1444.0,-486.0,-103.164,4.08325e-07,86.9205,-68.8952,93.0795,111.105,-1444.0,-486.0,-1400.0,-600.0
-1442.0,-486.0,-103.114,4.05974e-07,86.9026,-69.7751,93.0974,110.225,-1442.0,-486.0,-1400.0,-600.0
-1440.0,-486.0,-103.065,4.03719e-07,86.8853,-70.6652,93.1147,109.335,-1440.0,-486.0,-1400.0,-600.0
-1438.0,-486.0,-103.019,4.01562e-07,86.8685,-71.5651,93.1315,108.435,-1438.0,-486.0,-1400.0,-600.0
-1436.0,-486.0,-102.974,3.99505e-07,86.8524,-72.4744,93.1476,107.526,-1436.0,-486.0,-1400.0,-600.0
-1434.0,-486.0,-102.931,3.97549e-07,86.8369,-73.393,93.1631,106.607,-1434.0,-486.0,-1400.0,-600.0
-1432.0,-486.0,-102.891,3.95696e-07,86.822,-74.3205,93.178,105.68,-1432.0,-486.0,-1400.0,-600.0
-1430.0,-486.0,-102.852,3.93948e-07,86.8079,-75.2564,93.1921,104.744,-1430.0,-486.0,-1400.0,-600.0
-1428.0,-486.0,-102.816,3.92306e-07,86.7945,-76.2005,93.2055,103.799,-1428.0,-486.0,-1400.0,-600.0
-1426.0,-486.0,-102.782,3.9077e-07,86.7819,-77.1523,93.2181,102.848,-1426.0,-486.0,-1400.0,-600.0
-1424.0,-486.0,-102.75,3.89343e-07,86.7701,-78.1113,93.2299,101.889,-1424.0,-486.0,-1400.0,-600.0
-1422.0,-486.0,-102.72,3.88025e-07,86.7591,-79.0772,93.2409,100.923,-1422.0,-486.0,-1400.0,-600.0
-1420.0,-486.0,-102.693,3.86818e-07,86.749,-80.0494,93.251,99.9506,-1420.0,-486.0,-1400.0,-600.0
-1418.0,-486.0,-102.669,3.85737e-07,86.7037,-81.0274,93.2963,98.9726,-1418.0,-486.0,-1400.0,-600.0
-1416.0,-486.0,-102.647,3.8477e-07,86.6534,-82.0107,93.3466,97.9893,-1416.0,-486.0,-1400.0,-600.0
-1414.0,-486.0,-102.628,3.83918e-07,86.6038,-82.9987,93.3962,97.0013,-1414.0,-486.0,-1400.0,-600.0
-1412.0,-486.0,0.0,0.0,0.0,0.0,0.0,0.0,0.0,0.0,0.0,0.0
-1410.0,-486.0,0.0,0.0,0.0,0.0,0.0,0.0,0.0,0.0,0.0,0.0
-1408.0,-486.0,0.0,0.0,0.0,0.0,0.0,0.0,0.0,0.0,0.0,0.0
-1406.0,-486.0,0.0,0.0,0.0,0.0,0.0,0.0,0.0,0.0,0.0,0.0
-1404.0,-486.0,0.0,0.0,0.0,0.0,0.0,0.0,0.0,0.0,0.0,0.0
-1402.0,-486.0,0.0,0.0,0.0,0.0,0.0,0.0,0.0,0.0,0.0,0.0
-1400.0,-486.0,0.0,0.0,0.0,0.0,0.0,0.0,0.0,0.0,0.0,0.0
-1398.0,-486.0,0.0,0.0,0.0,0.0,0.0,0.0,0.0,0.0,0.0,0.0
-1396.0,-486.0,0.0,0.0,0.0,0.0,0.0,0.0,0.0,0.0,0.0,0.0
-1394.0,-486.0,0.0,0.0,0.0,0.0,0.0,0.0,0.0,0.0,0.0,0.0
-1392.0,-486.0,0.0,0.0,0.0,0.0,0.0,0.0,0.0,0.0,0.0,0.0
-1390.0,-486.0,0.0,0.0,0.0,0.0,0.0,0.0,0.0,0.0,0.0,0.0
-1388.0,-486.0,0.0,0.0,0.0,0.0,0.0,0.0,0.0,0.0,0.0,0.0
-1386.0,-486.0,0.0,0.0,0.0,0.0,0.0,0.0,0.0,0.0,0.0,0.0
-1384.0,-486.0,0.0,0.0,0.0,0.0,0.0,0.0,0.0,0.0,0.0,0.0
-1382.0,-486.0,0.0,0.0,0.0,0.0,0.0,0.0,0.0,0.0,0.0,0.0
-1380.0,-486.0,0.0,0.0,0.0,0.0,0.0,0.0,0.0,0.0,0.0,0.0
-1378.0,-486.0,0.0,0.0,0.0,0.0,0.0,0.0,0.0,0.0,0.0,0.0
-1376.0,-486.0,0.0,0.0,0.0,0.0,0.0,0.0,0.0,0.0,0.0,0.0
-1374.0,-486.0,0.0,0.0,0.0,0.0,0.0,0.0,0.0,0.0,0.0,0.0
-1372.0,-486.0,0.0,0.0,0.0,0.0,0.0,0.0,0.0,0.0,0.0,0.0
-1370.0,-486.0,0.0,0.0,0.0,0.0,0.0,0.0,0.0,0.0,0.0,0.0
-1368.0,-486.0,0.0,0.0,0.0,0.0,0.0,0.0,0.0,0.0,0.0,0.0
-1366.0,-486.0,0.0,0.0,0.0,0.0,0.0,0.0,0.0,0.0,0.0,0.0
-1364.0,-486.0,0.0,0.0,0.0,0.0,0.0,0.0,0.0,0.0,0.0,0.0
-1362.0,-486.0,0.0,0.0,0.0,0.0,0.0,0.0,0.0,0.0,0.0,0.0
-1360.0,-486.0,0.0,0.0,0.0,0.0,0.0,0.0,0.0,0.0,0.0,0.0
-1358.0,-486.0,0.0,0.0,0.0,0.0,0.0,0.0,0.0,0.0,0.0,0.0
-1356.0,-486.0,-163.983,1.43332e-06,88.8054,-63.5359,91.1946,-14.6085,-1339.34,-615.81,-1329.2,-539.827
-1354.0,-486.0,-164.293,1.43045e-06,88.7805,-65.2671,91.2195,-14.6085,-1339.34,-615.81,-1329.2,-539.827
-1352.0,-486.0,-165.275,1.42776e-06,88.7556,-67.0479,91.2444,-14.6085,-1339.34,-615.81,-1329.2,-539.827
-1350.0,-486.0,-161.596,1.02034e-06,88.2269,35.8164,91.7731,-43.3117,-1381.35,-617.58,-1323.97,-467.215
-1348.0,-486.0,-157.981,1.89643e-06,86.5592,44.6048,88.3443,17.3327,-1365.58,-589.257,-1329.05,-467.311
-1346.0,-486.0,-157.773,1.89173e-06,86.508,44.7473,88.3453,17.1912,-1365.24,-589.246,-1327.11,-467.274
-1344.0,-486.0,-157.616,1.88704e-06,86.4554,44.8907,88.3464,17.0489,-1364.9,-589.236,-1325.17,-467.237
-1342.0,-486.0,-157.504,1.88236e-06,86.4022,45.0348,88.3475,16.9059,-1364.55,-589.225,-1323.22,-467.201
-1340.0,-486.0,-156.125,9.93649e-07,88.0228,37.384,91.9772,-43.3117,-1381.35,-617.58,-1315.2,-467.048
-1338.0,-486.0,-165.607,1.4148e-06,88.5887,-80.7202,91.4113,-14.6085,-1339.34,-615.81,-1329.2,-539.827
-1336.0,-486.0,-172.377,1.43387e-06,88.585,-92.3988,91.415,-14.8341,-1340.17,-615.845,-1338.13,-536.942
-1334.0,-486.0,0.0,0.0,0.0,0.0,0.0,0.0,0.0,0.0,0.0,0.0
-1332.0,-486.0,0.0,0.0,0.0,0.0,0.0,0.0,0.0,0.0,0.0,0.0
-1330.0,-486.0,0.0,0.0,0.0,0.0,0.0,0.0,0.0,0.0,0.0,0.0
-1328.0,-486.0,0.0,0.0,0.0,0.0,0.0,0.0,0.0,0.0,0.0,0.0
-1326.0,-486.0,0.0,0.0,0.0,0.0,0.0,0.0,0.0,0.0,0.0,0.0
-1324.0,-486.0,0.0,0.0,0.0,0.0,0.0,0.0,0.0,0.0,0.0,0.0
-1322.0,-486.0,0.0,0.0,0.0,0.0,0.0,0.0,0.0,0.0,0.0,0.0
-1320.0,-486.0,0.0,0.0,0.0,0.0,0.0,0.0,0.0,0.0,0.0,0.0
-1318.0,-486.0,0.0,0.0,0.0,0.0,0.0,0.0,0.0,0.0,0.0,0.0
-1316.0,-486.0,0.0,0.0,0.0,0.0,0.0,0.0,0.0,0.0,0.0,0.0
-1314.0,-486.0,0.0,0.0,0.0,0.0,0.0,0.0,0.0,0.0,0.0,0.0
-1312.0,-486.0,-140.516,1.46435e-06,88.4886,50.7874,91.5114,-43.396,-1381.4,-617.583,-1238.18,-395.528
-1310.0,-486.0,-143.725,1.46014e-06,88.4843,51.0252,91.5157,-43.396,-1381.4,-617.583,-1236.74,-395.454
-1308.0,-486.0,-147.041,1.45596e-06,88.4799,51.2645,91.5201,-43.396,-1381.4,-617.583,-1235.31,-395.381
-1306.0,-486.0,-150.261,1.45179e-06,88.4756,51.5055,91.5244,-43.396,-1381.4,-617.583,-1233.87,-395.307
-1304.0,-486.0,-152.72,1.44765e-06,88.4712,51.748,91.5288,-43.396,-1381.4,-617.583,-1232.44,-395.233
-1302.0,-486.0,-154.065,1.44353e-06,88.4668,51.9922,91.5332,-43.396,-1381.4,-617.583,-1231.01,-395.16
-1300.0,-486.0,-154.979,1.43944e-06,88.4625,52.2381,91.5375,-43.396,-1381.4,-617.583,-1229.58,-395.086
-1298.0,-486.0,-155.352,8.06811e-07,87.2562,-33.1903,92.7438,-43.3117,-1381.35,-617.58,-1254.91,-514.186
-1296.0,-486.0,-154.3,8.01246e-07,87.2371,-33.592,92.7629,-43.3117,-1381.35,-617.58,-1254.92,-513.284
-1294.0,-486.0,-153.448,7.95707e-07,87.2178,-34.0024,92.7822,-43.3117,-1381.35,-617.58,-1254.93,-512.354
-1292.0,-486.0,-149.145,6.72823e-07,83.2001,-121.765,81.4948,56.7563,-1393.52,-590.112,-1373.26,-617.239
-1290.0,-486.0,-149.024,6.76335e-07,83.2346,-122.25,81.5435,56.2716,-1393.4,-590.108,-1372.79,-617.22
-1288.0,-486.0,-125.746,1.50185e-06,88.4911,-137.734,91.4672,-15.4364,-1342.29,-615.934,-1339.38,-532.695
-1286.0,-486.0,-125.241,1.50679e-06,88.534,-137.906,91.4693,-15.2658,-1341.71,-615.909,-1339.02,-533.902
-1284.0,-486.0,-116.907,6.83016e-07,86.7583,-123.703,93.2417,54.9672,-1393.06,-590.097,-1328.45,-552.64
-1282.0,-486.0,-126.951,1.51672e-06,88.6125,-138.245,91.4735,-14.9279,-1340.51,-615.859,-1338.33,-536.284
-1280.0,-486.0,-132.781,1.52171e-06,88.5456,-138.772,91.4544,-14.8341,-1340.17,-615.845,-1338.13,-536.942
-1278.0,-486.0,-138.713,6.94604e-07,86.8125,-127.127,93.1875,54.9672,-1393.06,-590.097,-1328.45,-552.64
-1276.0,-486.0,-137.857,6.49355e-07,86.5598,-127.789,93.4402,-43.396,-1381.4,-617.583,-1355.83,-588.959
-1274.0,-486.0,-136.171,6.53502e-07,86.5322,-128.478,93.4678,-43.396,-1381.4,-617.583,-1355.83,-588.959
-1272.0,-486.0,-134.143,6.57711e-07,86.5052,-129.154,93.4948,-43.396,-1381.4,-617.583,-1355.83,-588.959
-1270.0,-486.0,-131.598,6.61982e-07,86.479,-129.816,93.521,-43.396,-1381.4,-617.583,-1355.83,-588.959
-1268.0,-486.0,-128.178,6.6631e-07,86.4533,-130.467,93.5467,-43.396,-1381.4,-617.583,-1355.83,-588.959
-1266.0,-486.0,-123.131,6.70696e-07,86.4283,-131.105,93.5717,-43.396,-1381.4,-617.583,-1355.83,-588.959
-1264.0,-486.0,-115.521,6.75138e-07,86.4039,-131.731,93.5961,-43.396,-1381.4,-617.583,-1355.83,-588.959
-1262.0,-486.0,-121.969,6.79633e-07,86.3802,-132.379,93.6198,-43.3117,-1381.35,-617.58,-1342.6,-574.333
-1260.0,-486.0,-128.358,6.84187e-07,86.357,-133.079,93.643,-43.3117,-1381.35,-617.58,-1342.6,-574.333
-1258.0,-486.0,-125.897,8.47567e-07,87.0218,-122.399,92.9782,54.9672,-1393.06,-590.097,-1313.58,-573.576
-1256.0,-486.0,-134.366,8.51203e-07,86.9966,-123.141,93.0034,54.9672,-1393.06,-590.097,-1313.17,-573.565
-1254.0,-486.0,-137.138,6.98197e-07,86.2912,-135.087,93.7088,-43.3117,-1381.35,-617.58,-1342.6,-574.333
-1252.0,-486.0,-138.807,7.02941e-07,86.3142,-135.726,93.6858,-43.3117,-1381.35,-617.58,-1342.6,-574.333
-1250.0,-486.0,-140.203,7.07735e-07,86.3392,-136.351,93.6608,-43.3117,-1381.35,-617.58,-1342.6,-574.333
-1248.0,-486.0,-141.462,7.12579e-07,86.3641,-136.962,93.6359,-43.3117,-1381.35,-617.58,-1342.6,-574.333
-1246.0,-486.0,-142.622,7.1747e-07,86.3889,-137.56,93.6111,-43.3117,-1381.35,-617.58,-1342.6,-574.333
-1244.0,-486.0,-143.67,7.22408e-07,86.4136,-138.144,93.5864,-43.3117,-1381.35,-617.58,-1342.6,-574.333
-1242.0,-486.0,-144.614,7.27391e-07,86.4382,-138.715,93.5618,-43.3117,-1381.35,-617.58,-1342.6,-574.333
-1240.0,-486.0,-139.415,8.01012e-07,86.766,-141.511,93.234,-35.9954,-1376.1,-617.359,-1356.15,-578.358
-1238.0,-486.0,-140.578,8.06243e-07,86.787,-141.938,93.213,-35.9954,-1376.1,-617.359,-1356.15,-578.515
-1236.0,-486.0,-141.699,8.11504e-07,86.8078,-142.357,93.1922,-35.9954,-1376.1,-617.359,-1356.15,-578.668
-1234.0,-486.0,-155.519,8.01611e-07,86.7684,-144.794,93.2316,54.9672,-1393.06,-590.097,-1328.45,-552.64
-1232.0,-486.0,-158.847,1.16883e-06,87.7843,-13.3658,92.2157,33.5575,-1384.69,-589.841,-1164.09,-502.136
-1230.0,-486.0,-154.885,1.72198e-06,87.7118,-164.066,88.0226,24.7697,-1377.51,-589.622,-1345.23,-518.897
-1228.0,-486.0,-154.704,1.72838e-06,87.7374,-164.127,88.0277,24.7073,-1377.44,-589.62,-1345.22,-519.332
-1226.0,-486.0,-154.521,1.73477e-06,87.7691,-164.187,88.0328,24.645,-1377.37,-589.617,-1345.21,-519.764
-1224.0,-486.0,-154.349,1.74117e-06,87.8006,-164.246,88.0379,24.5831,-1377.3,-589.615,-1345.21,-520.193
-1222.0,-486.0,-154.185,1.74757e-06,87.8318,-164.305,88.0429,24.5217,-1377.23,-589.613,-1345.2,-520.618
-1220.0,-486.0,-152.377,1.73059e-06,88.5919,-164.608,91.4081,-15.5937,-1342.83,-615.957,-1345.2,-520.467
-1218.0,-486.0,-152.196,1.73701e-06,88.6157,-164.711,91.3843,-15.5937,-1342.83,-615.957,-1345.19,-520.77
-1216.0,-486.0,-152.01,1.74344e-06,88.6393,-164.813,91.3607,-15.5937,-1342.83,-615.957,-1345.19,-521.068
-1214.0,-486.0,-151.821,1.74986e-06,88.6628,-164.914,91.3372,-15.5937,-1342.83,-615.957,-1345.18,-521.363
-1212.0,-486.0,-151.628,1.75629e-06,88.686,-165.013,91.314,-15.5937,-1342.83,-615.957,-1345.18,-521.653
-1210.0,-486.0,-151.43,1.76273e-06,88.7092,-165.111,91.2908,-15.5937,-1342.83,-615.957,-1345.17,-521.939
-1208.0,-486.0,-151.227,1.76916e-06,88.7321,-165.208,91.2679,-15.5937,-1342.83,-615.957,-1345.17,-522.221
-1206.0,-486.0,-151.02,1.7756e-06,88.7573,-165.303,91.2427,-15.5937,-1342.83,-615.957,-1345.16,-522.5
-1204.0,-486.0,-150.806,1.78206e-06,88.7616,-165.398,91.2384,-15.5937,-1342.83,-615.957,-1345.16,-522.775
-1202.0,-486.0,-150.586,1.78852e-06,88.7661,-165.491,91.2339,-15.5937,-1342.83,-615.957,-1345.15,-523.046
-1600.0,-484.0,-160.214,7.9379e-07,87.9641,-39.4345,92.0359,169.301,-1476.53,-585.541,-1476.53,-585.541
-1598.0,-484.0,-160.499,7.88677e-07,87.9099,-39.8943,92.0901,169.301,-1476.53,-585.541,-1476.53,-585.541
-1596.0,-484.0,-160.785,7.83599e-07,87.8552,-40.3631,92.1448,169.301,-1476.53,-585.541,-1476.53,-585.541
-1594.0,-484.0,-161.042,7.78557e-07,87.7998,-40.841,92.2002,169.301,-1476.53,-585.541,-1476.53,-585.541
-1592.0,-484.0,-159.383,1.13652e-06,88.4646,38.1535,91.5354,117.862,-1429.33,-544.506,-1524.49,-430.966
-1590.0,-484.0,-159.233,1.1313e-06,88.4289,38.4098,91.5711,117.862,-1429.33,-544.506,-1523.08,-430.941
-1588.0,-484.0,-159.15,1.1261e-06,88.393,38.6691,91.607,117.862,-1429.33,-544.506,-1521.67,-430.916
-1586.0,-484.0,-159.138,1.12091e-06,88.3645,38.9313,91.6355,117.862,-1429.33,-544.506,-1520.26,-430.891
-1584.0,-484.0,-159.206,1.11574e-06,88.3424,39.1966,91.6576,117.862,-1429.33,-544.506,-1518.84,-430.866
-1582.0,-484.0,-159.371,1.11059e-06,88.3202,39.4649,91.6798,117.862,-1429.33,-544.506,-1517.43,-430.841
-1580.0,-484.0,-159.658,1.10546e-06,88.2978,39.7363,91.7022,117.862,-1429.33,-544.506,-1516.02,-430.816
-1578.0,-484.0,-160.108,1.10034e-06,88.2752,40.0108,91.7248,117.862,-1429.33,-544.506,-1514.61,-430.792
-1576.0,-484.0,-160.308,1.0199e-06,88.1232,37.9701,91.8768,96.8954,-1412.1,-499.96,-1507.67,-430.669
-1574.0,-484.0,-160.111,1.01466e-06,88.0976,38.3172,91.9024,96.8954,-1412.1,-499.96,-1506.49,-430.648
-1572.0,-484.0,-159.975,1.00945e-06,88.0718,38.6696,91.9282,96.8954,-1412.1,-499.96,-1505.31,-430.627
-1570.0,-484.0,-158.776,1.06125e-06,88.1507,43.3739,91.8493,129.985,-1425.61,-569.467,-1513.66,-430.775
-1568.0,-484.0,-156.39,1.05642e-06,88.127,43.7153,91.873,129.985,-1425.61,-569.467,-1512.31,-430.751
-1566.0,-484.0,0.0,0.0,0.0,0.0,0.0,0.0,0.0,0.0,0.0,0.0
-1564.0,-484.0,0.0,0.0,0.0,0.0,0.0,0.0,0.0,0.0,0.0,0.0
-1562.0,-484.0,-175.456,1.05558e-06,85.3276,45.7052,103.276,132.497,-1423.43,-574.426,-1510.01,-430.71
-1560.0,-484.0,-175.358,1.0509e-06,85.336,45.9668,103.189,132.245,-1423.45,-574.176,-1508.45,-430.683
-1558.0,-484.0,-175.323,1.04622e-06,85.3628,46.2303,103.1,131.989,-1423.47,-573.919,-1506.9,-430.655
-1556.0,-484.0,-157.687,1.03045e-06,86.4396,47.2418,79.3822,133.021,-1425.53,-572.641,-1506.67,-430.651
-1554.0,-484.0,-126.538,1.0225e-06,88.2151,47.6351,91.7849,133.599,-1425.52,-573.202,-1505.32,-430.627
-1552.0,-484.0,-128.77,1.018e-06,88.2548,47.9127,91.7452,133.321,-1425.52,-572.934,-1503.77,-430.6
-1550.0,-484.0,-129.013,1.01351e-06,88.2948,48.1928,91.7052,133.041,-1425.53,-572.66,-1502.22,-430.572
-1548.0,-484.0,-127.123,1.00905e-06,88.3353,48.4754,91.6647,132.758,-1425.54,-572.381,-1500.67,-430.545
-1546.0,-484.0,-124.359,1.00462e-06,88.3762,48.7605,91.6238,132.473,-1425.54,-572.097,-1499.11,-430.517
-1544.0,-484.0,-144.447,1.00024e-06,88.4175,49.8363,91.5825,132.426,-1425.55,-572.049,-1498.86,-430.513
-1542.0,-484.0,-147.576,1.02007e-06,88.4957,48.661,91.5043,130.064,-1425.6,-569.555,-1490.61,-425.583
-1540.0,-484.0,-144.378,1.01569e-06,88.5369,49.7858,91.4631,130.064,-1425.6,-569.555,-1490.61,-425.583
-1538.0,-484.0,-138.797,1.01142e-06,88.5516,50.9491,91.4484,130.064,-1425.6,-569.555,-1490.61,-425.583
-1536.0,-484.0,-125.605,1.00726e-06,88.5731,52.1521,91.4269,130.064,-1425.6,-569.555,-1490.61,-425.583
-1534.0,-484.0,-132.256,1.19557e-06,88.8249,67.1439,91.1751,111.849,-1470.15,-425.038,-1511.55,-430.737
-1532.0,-484.0,0.0,0.0,0.0,0.0,0.0,0.0,0.0,0.0,0.0,0.0
-1530.0,-484.0,0.0,0.0,0.0,0.0,0.0,0.0,0.0,0.0,0.0,0.0
-1528.0,-484.0,0.0,0.0,0.0,0.0,0.0,0.0,0.0,0.0,0.0,0.0
-1526.0,-484.0,0.0,0.0,0.0,0.0,0.0,0.0,0.0,0.0,0.0,0.0
-1524.0,-484.0,0.0,0.0,0.0,0.0,0.0,0.0,0.0,0.0,0.0,0.0
-1522.0,-484.0,0.0,0.0,0.0,0.0,0.0,0.0,0.0,0.0,0.0,0.0
-1520.0,-484.0,0.0,0.0,0.0,0.0,0.0,0.0,0.0,0.0,0.0,0.0
-1518.0,-484.0,0.0,0.0,0.0,0.0,0.0,0.0,0.0,0.0,0.0,0.0
-1516.0,-484.0,0.0,0.0,0.0,0.0,0.0,0.0,0.0,0.0,0.0,0.0
-1514.0,-484.0,0.0,0.0,0.0,0.0,0.0,0.0,0.0,0.0,0.0,0.0
-1512.0,-484.0,0.0,0.0,0.0,0.0,0.0,0.0,0.0,0.0,0.0,0.0
-1510.0,-484.0,0.0,0.0,0.0,0.0,0.0,0.0,0.0,0.0,0.0,0.0
-1508.0,-484.0,0.0,0.0,0.0,0.0,0.0,0.0,0.0,0.0,0.0,0.0
-1506.0,-484.0,0.0,0.0,0.0,0.0,0.0,0.0,0.0,0.0,0.0,0.0
-1504.0,-484.0,0.0,0.0,0.0,0.0,0.0,0.0,0.0,0.0,0.0,0.0
-1502.0,-484.0,0.0,0.0,0.0,0.0,0.0,0.0,0.0,0.0,0.0,0.0
-1500.0,-484.0,0.0,0.0,0.0,0.0,0.0,0.0,0.0,0.0,0.0,0.0
-1498.0,-484.0,0.0,0.0,0.0,0.0,0.0,0.0,0.0,0.0,0.0,0.0
-1496.0,-484.0,0.0,0.0,0.0,0.0,0.0,0.0,0.0,0.0,0.0,0.0
-1494.0,-484.0,0.0,0.0,0.0,0.0,0.0,0.0,0.0,0.0,0.0,0.0
-1492.0,-484.0,0.0,0.0,0.0,0.0,0.0,0.0,0.0,0.0,0.0,0.0
-1490.0,-484.0,0.0,0.0,0.0,0.0,0.0,0.0,0.0,0.0,0.0,0.0
-1488.0,-484.0,0.0,0.0,0.0,0.0,0.0,0.0,0.0,0.0,0.0,0.0
-1486.0,-484.0,0.0,0.0,0.0,0.0,0.0,0.0,0.0,0.0,0.0,0.0
-1484.0,-484.0,0.0,0.0,0.0,0.0,0.0,0.0,0.0,0.0,0.0,0.0
-1482.0,-484.0,0.0,0.0,0.0,0.0,0.0,0.0,0.0,0.0,0.0,0.0
-1480.0,-484.0,0.0,0.0,0.0,0.0,0.0,0.0,0.0,0.0,0.0,0.0
-1478.0,-484.0,0.0,0.0,0.0,0.0,0.0,0.0,0.0,0.0,0.0,0.0
-1476.0,-484.0,0.0,0.0,0.0,0.0,0.0,0.0,0.0,0.0,0.0,0.0
-1474.0,-484.0,0.0,0.0,0.0,0.0,0.0,0.0,0.0,0.0,0.0,0.0
-1472.0,-484.0,0.0,0.0,0.0,0.0,0.0,0.0,0.0,0.0,0.0,0.0
-1470.0,-484.0,0.0,0.0,0.0,0.0,0.0,0.0,0.0,0.0,0.0,0.0
-1468.0,-484.0,0.0,0.0,0.0,0.0,0.0,0.0,0.0,0.0,0.0,0.0
-1466.0,-484.0,0.0,0.0,0.0,0.0,0.0,0.0,0.0,0.0,0.0,0.0
-1464.0,-484.0,0.0,0.0,0.0,0.0,0.0,0.0,0.0,0.0,0.0,0.0
-1462.0,-484.0,0.0,0.0,0.0,0.0,0.0,0.0,0.0,0.0,0.0,0.0
-1460.0,-484.0,-111.367,8.10258e-07,88.4334,77.972,91.5666,105.08,-1447.31,-424.429,-1447.31,-424.429
-1458.0,-484.0,-111.496,8.08895e-07,88.4307,78.4345,91.5693,104.618,-1445.8,-424.389,-1445.8,-424.389
-1456.0,-484.0,-111.659,8.07584e-07,88.4282,78.8985,91.5718,104.154,-1444.3,-424.349,-1444.3,-424.349
-1454.0,-484.0,-111.857,8.06326e-07,88.4257,79.364,91.5743,103.688,-1442.79,-424.309,-1442.79,-424.309
-1452.0,-484.0,-112.096,8.05121e-07,88.4234,79.831,91.5766,103.221,-1441.29,-424.269,-1441.29,-424.269
-1450.0,-484.0,-112.379,8.0397e-07,88.4211,80.2993,91.5789,102.753,-1439.78,-424.229,-1439.78,-424.229
-1448.0,-484.0,-112.712,8.02873e-07,88.419,80.7689,91.581,102.283,-1438.28,-424.189,-1438.28,-424.189
-1446.0,-484.0,-103.346,4.16971e-07,86.9547,-68.3691,93.0453,111.631,-1446.0,-484.0,-1400.0,-600.0
-1444.0,-484.0,-103.296,4.14561e-07,86.9369,-69.2277,93.0631,110.772,-1444.0,-484.0,-1400.0,-600.0
-1442.0,-484.0,-103.247,4.12245e-07,86.9197,-70.0963,93.0803,109.904,-1442.0,-484.0,-1400.0,-600.0
-1440.0,-484.0,-103.2,4.10024e-07,86.903,-70.9744,93.097,109.026,-1440.0,-484.0,-1400.0,-600.0
-1438.0,-484.0,-103.155,4.07901e-07,86.8869,-71.8619,93.1131,108.138,-1438.0,-484.0,-1400.0,-600.0
-1436.0,-484.0,-103.112,4.05876e-07,86.8713,-72.7585,93.1287,107.241,-1436.0,-484.0,-1400.0,-600.0
-1434.0,-484.0,-103.07,4.03951e-07,86.8564,-73.664,93.1436,106.336,-1434.0,-484.0,-1400.0,-600.0
-1432.0,-484.0,-103.031,4.02128e-07,86.8421,-74.5778,93.1579,105.422,-1432.0,-484.0,-1400.0,-600.0
-1430.0,-484.0,-102.994,4.00407e-07,86.8285,-75.4998,93.1715,104.5,-1430.0,-484.0,-1400.0,-600.0
-1428.0,-484.0,-102.959,3.98791e-07,86.8157,-76.4296,93.1843,103.57,-1428.0,-484.0,-1400.0,-600.0
-1426.0,-484.0,-102.926,3.97281e-07,86.8035,-77.3666,93.1965,102.633,-1426.0,-484.0,-1400.0,-600.0
-1424.0,-484.0,-102.895,3.95877e-07,86.7922,-78.3106,93.2078,101.689,-1424.0,-484.0,-1400.0,-600.0
-1422.0,-484.0,-102.866,3.94581e-07,86.7816,-79.2611,93.2184,100.739,-1422.0,-484.0,-1400.0,-600.0
-1420.0,-484.0,0.0,0.0,0.0,0.0,0.0,0.0,0.0,0.0,0.0,0.0
-1418.0,-484.0,0.0,0.0,0.0,0.0,0.0,0.0,0.0,0.0,0.0,0.0
-1416.0,-484.0,0.0,0.0,0.0,0.0,0.0,0.0,0.0,0.0,0.0,0.0
-1414.0,-484.0,0.0,0.0,0.0,0.0,0.0,0.0,0.0,0.0,0.0,0.0
-1412.0,-484.0,0.0,0.0,0.0,0.0,0.0,0.0,0.0,0.0,0.0,0.0
-1410.0,-484.0,0.0,0.0,0.0,0.0,0.0,0.0,0.0,0.0,0.0,0.0
-1408.0,-484.0,-172.09,9.96311e-07,88.6185,26.5721,91.3815,113.553,-1429.64,-532.017,-1333.87,-446.926
-1406.0,-484.0,-174.613,9.90802e-07,88.5945,32.498,91.4055,113.553,-1429.64,-532.017,-1340.19,-442.076
-1404.0,-484.0,-180.876,4.80335e-07,145.28,-148.484,86.7489,113.437,-1429.64,-531.616,-1404.56,-484.346
-1402.0,-484.0,-180.932,4.83382e-07,144.567,-148.897,86.7668,114.144,-1429.59,-533.991,-1402.58,-484.35
-1400.0,-484.0,-177.156,9.74046e-07,88.5206,33.5956,91.4794,113.553,-1429.64,-532.017,-1336.82,-442.03
-1398.0,-484.0,-179.182,9.68509e-07,88.4955,33.9761,91.5045,113.553,-1429.64,-532.017,-1335.7,-442.014
-1396.0,-484.0,-182.206,9.62997e-07,88.4701,34.3643,91.5299,113.553,-1429.64,-532.017,-1334.58,-441.999
-1394.0,-484.0,-155.229,8.96694e-07,88.3505,120.955,91.6495,111.97,-1429.78,-526.194,-1430.01,-423.969
-1392.0,-484.0,-156.647,9.00151e-07,88.3569,121.472,91.6431,111.97,-1429.78,-526.194,-1428.77,-423.936
-1390.0,-484.0,-158.638,9.03659e-07,88.3632,121.983,91.6368,111.97,-1429.78,-526.194,-1427.53,-423.903
-1388.0,-484.0,-161.607,9.07217e-07,88.3697,122.489,91.6303,111.97,-1429.78,-526.194,-1426.29,-423.87
-1386.0,-484.0,-165.961,9.10825e-07,88.3761,122.989,91.6239,111.97,-1429.78,-526.194,-1425.05,-423.837
-1384.0,-484.0,-168.685,9.31071e-07,88.4114,123.568,91.5886,85.9366,-1397.78,-568.791,-1423.94,-423.807
-1382.0,-484.0,-170.4,9.18185e-07,88.3891,123.972,91.6109,111.97,-1429.78,-526.194,-1422.58,-423.771
-1380.0,-484.0,-171.483,1.67486e-06,89.117,83.0117,90.883,-43.3117,-1381.35,-617.58,-1360.12,-321.803
-1378.0,-484.0,-174.931,9.51869e-07,88.4461,126.748,91.5539,87.7729,-1398.22,-554.308,-1422.96,-423.781
-1376.0,-484.0,-174.706,9.55878e-07,88.4526,127.129,91.5474,87.7729,-1398.22,-554.308,-1421.62,-423.745
-1374.0,-484.0,-174.55,9.59922e-07,88.4592,127.507,91.5408,87.7729,-1398.22,-554.308,-1420.27,-423.709
-1372.0,-484.0,-181.721,5.52497e-07,87.2947,-176.27,92.7053,99.908,-1420.16,-484.607,-1400.48,-485.857
-1370.0,-484.0,-182.133,5.59173e-07,87.2751,-176.418,92.7249,99.908,-1420.16,-484.607,-1399.66,-485.856
-1368.0,-484.0,-182.527,5.65853e-07,87.2501,-176.555,92.7499,99.908,-1420.16,-484.607,-1398.83,-485.856
-1366.0,-484.0,-193.128,1.88177e-06,89.1562,2.184,90.8438,99.908,-1420.16,-484.607,-1209.62,-478.036
-1364.0,-484.0,-193.102,1.87511e-06,89.136,2.19381,90.864,99.908,-1420.16,-484.607,-1209.62,-478.086
-1362.0,-484.0,-193.076,1.86845e-06,89.1157,2.20372,90.8843,99.908,-1420.16,-484.607,-1209.62,-478.136
-1360.0,-484.0,-193.05,1.86179e-06,89.0952,2.21372,90.9048,99.908,-1420.16,-484.607,-1209.62,-478.187
-1358.0,-484.0,-166.45,1.10619e-06,88.4478,-46.3222,91.5522,-2.76158,-1239.86,-607.725,-1239.86,-607.725
-1356.0,-484.0,-164.258,1.43933e-06,88.7847,-64.3606,91.2153,-14.6085,-1339.34,-615.81,-1329.2,-539.827
-1354.0,-484.0,-164.795,1.43654e-06,88.7598,-66.052,91.2402,-14.6085,-1339.34,-615.81,-1329.2,-539.827
-1352.0,-484.0,-166.072,1.43394e-06,88.7351,-67.789,91.2649,-14.6085,-1339.34,-615.81,-1329.2,-539.827
-1350.0,-484.0,-164.652,1.01647e-06,88.1852,35.3955,91.8148,-43.3117,-1381.35,-617.58,-1326.44,-467.262
-1348.0,-484.0,-162.321,1.01105e-06,88.1595,35.6984,91.8405,-43.3117,-1381.35,-617.58,-1324.66,-467.228
-1346.0,-484.0,-160.296,1.00567e-06,88.1182,36.0058,91.8818,-43.3117,-1381.35,-617.58,-1322.87,-467.194
-1344.0,-484.0,-158.755,1.0003e-06,88.0758,36.3178,91.9242,-43.3117,-1381.35,-617.58,-1321.09,-467.16
-1342.0,-484.0,-165.013,1.4239e-06,88.6257,-77.0912,91.3743,-14.6085,-1339.34,-615.81,-1329.2,-539.827
-1340.0,-484.0,-156.809,9.89634e-07,87.9898,36.9559,92.0102,-43.3117,-1381.35,-617.58,-1317.53,-467.093
-1338.0,-484.0,-156.178,9.84336e-07,87.9462,37.2822,92.0538,-43.3117,-1381.35,-617.58,-1315.75,-467.059
-1336.0,-484.0,-155.666,9.79062e-07,87.9021,37.6135,92.0979,-43.3117,-1381.35,-617.58,-1313.97,-467.025
-1334.0,-484.0,0.0,0.0,0.0,0.0,0.0,0.0,0.0,0.0,0.0,0.0
-1332.0,-484.0,0.0,0.0,0.0,0.0,0.0,0.0,0.0,0.0,0.0,0.0
-1330.0,-484.0,0.0,0.0,0.0,0.0,0.0,0.0,0.0,0.0,0.0,0.0
-1328.0,-484.0,0.0,0.0,0.0,0.0,0.0,0.0,0.0,0.0,0.0,0.0
-1326.0,-484.0,0.0,0.0,0.0,0.0,0.0,0.0,0.0,0.0,0.0,0.0
-1324.0,-484.0,0.0,0.0,0.0,0.0,0.0,0.0,0.0,0.0,0.0,0.0
-1322.0,-484.0,0.0,0.0,0.0,0.0,0.0,0.0,0.0,0.0,0.0,0.0
-1320.0,-484.0,0.0,0.0,0.0,0.0,0.0,0.0,0.0,0.0,0.0,0.0
-1318.0,-484.0,0.0,0.0,0.0,0.0,0.0,0.0,0.0,0.0,0.0,0.0
-1316.0,-484.0,0.0,0.0,0.0,0.0,0.0,0.0,0.0,0.0,0.0,0.0
-1314.0,-484.0,-134.497,1.46344e-06,88.4793,50.3569,91.5207,-43.396,-1381.4,-617.583,-1240.81,-395.663
-1312.0,-484.0,-137.871,1.45919e-06,88.4748,50.5933,91.5252,-43.396,-1381.4,-617.583,-1239.36,-395.589
-1310.0,-484.0,-141.047,1.45497e-06,88.4704,50.8314,91.5296,-43.396,-1381.4,-617.583,-1237.91,-395.514
-1308.0,-484.0,-144.301,1.45077e-06,88.466,51.0711,91.534,-43.396,-1381.4,-617.583,-1236.47,-395.44
-1306.0,-484.0,-147.65,1.44659e-06,88.4615,51.3124,91.5385,-43.396,-1381.4,-617.583,-1235.02,-395.366
-1304.0,-484.0,-150.8,1.44243e-06,88.4571,51.5553,91.5429,-43.396,-1381.4,-617.583,-1233.58,-395.292
-1302.0,-484.0,-153.03,1.43829e-06,88.4526,51.7999,91.5474,-43.396,-1381.4,-617.583,-1232.14,-395.218
-1300.0,-484.0,-154.211,1.43418e-06,88.4482,52.0462,91.5518,-43.396,-1381.4,-617.583,-1230.69,-395.144
-1298.0,-484.0,-154.02,8.105e-07,87.2534,-33.7937,92.7466,-43.3117,-1381.35,-617.58,-1254.93,-512.828
-1296.0,-484.0,-153.284,8.04974e-07,87.2345,-34.199,92.7655,-43.3117,-1381.35,-617.58,-1254.94,-511.906
-1294.0,-484.0,-152.737,7.99474e-07,87.2155,-34.6129,92.7845,-43.3117,-1381.35,-617.58,-1254.95,-510.954
-1292.0,-484.0,-152.313,7.94002e-07,87.1963,-35.0356,92.8037,-43.3117,-1381.35,-617.58,-1254.96,-509.972
-1290.0,-484.0,-149.155,6.81975e-07,83.2906,-121.947,81.5136,56.5684,-1393.47,-590.11,-1373.08,-617.232
-1288.0,-484.0,-149.095,6.85505e-07,83.3244,-122.423,81.5618,56.0911,-1393.35,-590.106,-1372.62,-617.212
-1286.0,-484.0,-125.697,1.51128e-06,88.4977,-137.717,91.467,-15.4535,-1342.35,-615.937,-1339.41,-532.574
-1284.0,-484.0,-125.357,1.51622e-06,88.5387,-137.888,91.4691,-15.2839,-1341.77,-615.912,-1339.06,-533.774
-1282.0,-484.0,-122.095,6.92274e-07,86.7838,-124.086,93.2162,54.9672,-1393.06,-590.097,-1328.45,-552.64
-1280.0,-484.0,-127.029,1.52614e-06,88.6141,-138.224,91.4732,-14.9479,-1340.59,-615.862,-1338.37,-536.143
-1278.0,-484.0,-130.888,1.53113e-06,88.5405,-138.639,91.4595,-14.8341,-1340.17,-615.845,-1338.13,-536.942
-1276.0,-484.0,-139.117,6.54664e-07,86.5499,-127.257,93.4501,-43.396,-1381.4,-617.583,-1355.83,-588.959
-1274.0,-484.0,-137.65,6.58762e-07,86.5223,-127.942,93.4777,-43.396,-1381.4,-617.583,-1355.83,-588.959
-1272.0,-484.0,-135.935,6.62923e-07,86.4954,-128.615,93.5046,-43.396,-1381.4,-617.583,-1355.83,-588.959
-1270.0,-484.0,-133.865,6.67144e-07,86.4691,-129.275,93.5309,-43.396,-1381.4,-617.583,-1355.83,-588.959
-1268.0,-484.0,-131.254,6.71425e-07,86.4435,-129.923,93.5565,-43.396,-1381.4,-617.583,-1355.83,-588.959
-1266.0,-484.0,-127.712,6.75763e-07,86.4185,-130.56,93.5815,-43.396,-1381.4,-617.583,-1355.83,-588.959
-1264.0,-484.0,-122.447,6.80156e-07,86.3941,-131.184,93.6059,-43.396,-1381.4,-617.583,-1355.83,-588.959
-1262.0,-484.0,-115.212,6.84604e-07,86.3703,-131.796,93.6297,-43.396,-1381.4,-617.583,-1355.83,-588.959
-1260.0,-484.0,-122.774,6.89105e-07,86.3471,-132.44,93.6529,-43.3117,-1381.35,-617.58,-1342.6,-574.333
-1258.0,-484.0,-128.817,6.93664e-07,86.3245,-133.123,93.6755,-43.3117,-1381.35,-617.58,-1342.6,-574.333
-1256.0,-484.0,-129.619,8.56821e-07,86.9874,-122.667,93.0126,54.9672,-1393.06,-590.097,-1313.43,-573.572
-1254.0,-484.0,-135.247,7.0294e-07,86.2976,-134.445,93.7024,-43.3117,-1381.35,-617.58,-1342.6,-574.333
-1252.0,-484.0,-137.289,7.07628e-07,86.3254,-135.085,93.6746,-43.3117,-1381.35,-617.58,-1342.6,-574.333
-1250.0,-484.0,-138.925,7.12359e-07,86.363,-135.71,93.637,-43.3117,-1381.35,-617.58,-1342.6,-574.333
-1248.0,-484.0,-140.297,7.17151e-07,86.3873,-136.322,93.6127,-43.3117,-1381.35,-617.58,-1342.6,-574.333
-1246.0,-484.0,-133.3,7.89802e-07,86.72,-139.636,93.28,-35.9954,-1376.1,-617.359,-1356.18,-577.647
-1244.0,-484.0,-142.677,7.2688e-07,86.4357,-137.506,93.5643,-43.3117,-1381.35,-617.58,-1342.6,-574.333
-1242.0,-484.0,-143.713,7.31814e-07,86.4598,-138.078,93.5402,-43.3117,-1381.35,-617.58,-1342.6,-574.333
-1240.0,-484.0,-138.011,8.05183e-07,86.7827,-140.973,93.2173,-35.9954,-1376.1,-617.359,-1356.16,-578.157
-1238.0,-484.0,-139.251,8.10375e-07,86.8034,-141.402,93.1966,-35.9954,-1376.1,-617.359,-1356.16,-578.317
-1236.0,-484.0,-140.409,8.15598e-07,86.8239,-141.823,93.1761,-35.9954,-1376.1,-617.359,-1356.15,-578.473
-1234.0,-484.0,-141.517,8.20851e-07,86.8442,-142.236,93.1558,-35.9954,-1376.1,-617.359,-1356.15,-578.624
-1232.0,-484.0,-155.572,8.109e-07,86.8054,-144.561,93.1946,54.9672,-1393.06,-590.097,-1328.45,-552.64
-1230.0,-484.0,-161.249,1.38718e-06,82.2154,-31.3647,89.6061,-22.5074,-1359.77,-616.671,-1203.06,-500.423
-1228.0,-484.0,-158.645,1.15752e-06,87.7829,-15.0409,92.2171,33.5575,-1384.69,-589.841,-1164.16,-501.154
-1226.0,-484.0,-158.655,1.15106e-06,87.7985,-15.3498,92.2015,33.5575,-1384.69,-589.841,-1164.18,-500.971
-1224.0,-484.0,-158.758,1.14461e-06,87.8143,-15.6714,92.1857,33.5575,-1384.69,-589.841,-1164.19,-500.78
-1222.0,-484.0,-153.333,1.72598e-06,88.5694,-164.124,91.4306,-15.5937,-1342.83,-615.957,-1345.23,-519.046
-1220.0,-484.0,-153.169,1.73239e-06,88.5934,-164.231,91.4066,-15.5937,-1342.83,-615.957,-1345.22,-519.361
-1218.0,-484.0,-153.003,1.73879e-06,88.6171,-164.337,91.3829,-15.5937,-1342.83,-615.957,-1345.22,-519.671
-1216.0,-484.0,-152.835,1.74521e-06,88.6407,-164.441,91.3593,-15.5937,-1342.83,-615.957,-1345.21,-519.977
-1214.0,-484.0,-152.663,1.75162e-06,88.6641,-164.544,91.3359,-15.5937,-1342.83,-615.957,-1345.2,-520.279
-1212.0,-484.0,-152.488,1.75804e-06,88.6873,-164.645,91.3127,-15.5937,-1342.83,-615.957,-1345.2,-520.576
-1210.0,-484.0,-152.31,1.76446e-06,88.7104,-164.745,91.2896,-15.5937,-1342.83,-615.957,-1345.19,-520.87
-1208.0,-484.0,-152.129,1.77089e-06,88.7336,-164.844,91.2664,-15.5937,-1342.83,-615.957,-1345.19,-521.159
-1206.0,-484.0,-151.944,1.77731e-06,88.7655,-164.942,91.2345,-15.5937,-1342.83,-615.957,-1345.18,-521.445
-1204.0,-484.0,-151.754,1.78376e-06,88.7652,-165.038,91.2348,-15.5937,-1342.83,-615.957,-1345.18,-521.727
-1202.0,-484.0,-151.56,1.79021e-06,88.7672,-165.134,91.2328,-15.5937,-1342.83,-615.957,-1345.17,-522.005
-1600.0,-482.0,-160.696,7.98067e-07,87.944,-39.9838,92.056,169.301,-1476.53,-585.541,-1476.53,-585.541
-1598.0,-482.0,-160.973,7.92995e-07,87.8901,-40.4451,92.1099,169.301,-1476.53,-585.541,-1476.53,-585.541
-1596.0,-482.0,-161.22,7.87958e-07,87.8356,-40.9154,92.1644,169.301,-1476.53,-585.541,-1476.53,-585.541
-1594.0,-482.0,-161.437,7.82959e-07,87.7806,-41.3947,92.2194,169.301,-1476.53,-585.541,-1476.53,-585.541
-1592.0,-482.0,-162.267,1.0636e-06,88.336,32.5248,91.664,99.908,-1420.16,-484.607,-1511.61,-430.738
-1590.0,-482.0,-159.343,1.12718e-06,88.4012,38.0832,91.5988,117.862,-1429.33,-544.506,-1524.88,-430.973
-1588.0,-482.0,-159.175,1.12195e-06,88.3693,38.3418,91.6307,117.862,-1429.33,-544.506,-1523.45,-430.948
-1586.0,-482.0,-159.073,1.11674e-06,88.3473,38.6033,91.6527,117.862,-1429.33,-544.506,-1522.02,-430.923
-1584.0,-482.0,-159.043,1.11154e-06,88.325,38.8679,91.675,117.862,-1429.33,-544.506,-1520.6,-430.897
-1582.0,-482.0,-159.091,1.10637e-06,88.3026,39.1356,91.6974,117.862,-1429.33,-544.506,-1519.17,-430.872
-1580.0,-482.0,-159.235,1.10121e-06,88.28,39.4064,91.72,117.862,-1429.33,-544.506,-1517.74,-430.847
-1578.0,-482.0,-159.497,1.09608e-06,88.2572,39.6803,91.7428,117.862,-1429.33,-544.506,-1516.31,-430.822
-1576.0,-482.0,-159.917,1.09096e-06,88.2342,39.9574,91.7658,117.862,-1429.33,-544.506,-1514.89,-430.796
-1574.0,-482.0,-160.259,1.01056e-06,88.0777,37.8719,91.9223,96.8954,-1412.1,-499.96,-1508.0,-430.675
-1572.0,-482.0,-160.041,1.00531e-06,88.0516,38.223,91.9484,96.8954,-1412.1,-499.96,-1506.8,-430.653
-1570.0,-482.0,-159.887,1.0001e-06,88.0252,38.5797,91.9748,96.8954,-1412.1,-499.96,-1505.61,-430.632
-1568.0,-482.0,-158.824,1.05183e-06,88.1071,43.3538,91.8929,129.985,-1425.61,-569.467,-1513.74,-430.776
-1566.0,-482.0,0.0,0.0,0.0,0.0,0.0,0.0,0.0,0.0,0.0,0.0
-1564.0,-482.0,0.0,0.0,0.0,0.0,0.0,0.0,0.0,0.0,0.0,0.0
-1562.0,-482.0,0.0,0.0,0.0,0.0,0.0,0.0,0.0,0.0,0.0,0.0
-1560.0,-482.0,-175.36,1.04611e-06,85.3307,45.7115,103.274,132.491,-1423.43,-574.42,-1509.97,-430.709
-1558.0,-482.0,-175.256,1.04141e-06,85.3577,45.9751,103.185,132.235,-1423.45,-574.166,-1508.4,-430.682
-1556.0,-482.0,-147.721,1.02274e-06,88.1802,46.3385,91.8198,129.101,-1425.63,-568.463,-1507.0,-430.657
-1554.0,-482.0,-123.8,1.01758e-06,88.2186,47.3818,91.7814,133.852,-1425.51,-573.444,-1506.75,-430.653
-1552.0,-482.0,-126.697,1.01305e-06,88.2584,47.6596,91.7416,133.574,-1425.52,-573.178,-1505.19,-430.625
-1550.0,-482.0,-128.813,1.00854e-06,88.2987,47.94,91.7013,133.294,-1425.53,-572.907,-1503.62,-430.597
-1548.0,-482.0,-128.83,1.00406e-06,88.3393,48.2229,91.6607,133.011,-1425.53,-572.631,-1502.05,-430.569
-1546.0,-482.0,-126.749,9.99606e-07,88.3804,48.5082,91.6196,132.726,-1425.54,-572.349,-1500.49,-430.542
-1544.0,-482.0,-123.965,9.95175e-07,88.4219,48.7961,91.5781,132.438,-1425.55,-572.061,-1498.92,-430.514
-1542.0,-482.0,-146.626,9.90811e-07,88.4638,50.0397,91.5362,132.426,-1425.55,-572.049,-1498.86,-430.513
-1540.0,-482.0,-147.056,1.01063e-06,88.5222,48.799,91.4778,130.064,-1425.6,-569.555,-1490.61,-425.583
-1538.0,-482.0,-143.517,1.00628e-06,88.5319,49.9693,91.4681,130.064,-1425.6,-569.555,-1490.61,-425.583
-1536.0,-482.0,-136.936,1.00203e-06,88.5533,51.1811,91.4467,130.064,-1425.6,-569.555,-1490.61,-425.583
-1534.0,-482.0,-125.13,9.97894e-07,88.5797,52.2438,91.4203,129.985,-1425.61,-569.467,-1490.3,-425.575
-1532.0,-482.0,-129.037,9.93815e-07,88.6063,52.6714,91.3937,129.985,-1425.61,-569.467,-1488.94,-425.539
-1530.0,-482.0,0.0,0.0,0.0,0.0,0.0,0.0,0.0,0.0,0.0,0.0
-1528.0,-482.0,0.0,0.0,0.0,0.0,0.0,0.0,0.0,0.0,0.0,0.0
-1526.0,-482.0,0.0,0.0,0.0,0.0,0.0,0.0,0.0,0.0,0.0,0.0
-1524.0,-482.0,0.0,0.0,0.0,0.0,0.0,0.0,0.0,0.0,0.0,0.0
-1522.0,-482.0,0.0,0.0,0.0,0.0,0.0,0.0,0.0,0.0,0.0,0.0
-1520.0,-482.0,0.0,0.0,0.0,0.0,0.0,0.0,0.0,0.0,0.0,0.0
-1518.0,-482.0,0.0,0.0,0.0,0.0,0.0,0.0,0.0,0.0,0.0,0.0
-1516.0,-482.0,0.0,0.0,0.0,0.0,0.0,0.0,0.0,0.0,0.0,0.0
-1514.0,-482.0,0.0,0.0,0.0,0.0,0.0,0.0,0.0,0.0,0.0,0.0
-1512.0,-482.0,0.0,0.0,0.0,0.0,0.0,0.0,0.0,0.0,0.0,0.0
-1510.0,-482.0,0.0,0.0,0.0,0.0,0.0,0.0,0.0,0.0,0.0,0.0
-1508.0,-482.0,0.0,0.0,0.0,0.0,0.0,0.0,0.0,0.0,0.0,0.0
-1506.0,-482.0,0.0,0.0,0.0,0.0,0.0,0.0,0.0,0.0,0.0,0.0
-1504.0,-482.0,0.0,0.0,0.0,0.0,0.0,0.0,0.0,0.0,0.0,0.0
-1502.0,-482.0,0.0,0.0,0.0,0.0,0.0,0.0,0.0,0.0,0.0,0.0
-1500.0,-482.0,0.0,0.0,0.0,0.0,0.0,0.0,0.0,0.0,0.0,0.0
-1498.0,-482.0,0.0,0.0,0.0,0.0,0.0,0.0,0.0,0.0,0.0,0.0
-1496.0,-482.0,0.0,0.0,0.0,0.0,0.0,0.0,0.0,0.0,0.0,0.0
-1494.0,-482.0,0.0,0.0,0.0,0.0,0.0,0.0,0.0,0.0,0.0,0.0
-1492.0,-482.0,0.0,0.0,0.0,0.0,0.0,0.0,0.0,0.0,0.0,0.0
-1490.0,-482.0,0.0,0.0,0.0,0.0,0.0,0.0,0.0,0.0,0.0,0.0
-1488.0,-482.0,0.0,0.0,0.0,0.0,0.0,0.0,0.0,0.0,0.0,0.0
-1486.0,-482.0,0.0,0.0,0.0,0.0,0.0,0.0,0.0,0.0,0.0,0.0
-1484.0,-482.0,0.0,0.0,0.0,0.0,0.0,0.0,0.0,0.0,0.0,0.0
-1482.0,-482.0,0.0,0.0,0.0,0.0,0.0,0.0,0.0,0.0,0.0,0.0
-1480.0,-482.0,0.0,0.0,0.0,0.0,0.0,0.0,0.0,0.0,0.0,0.0
-1478.0,-482.0,0.0,0.0,0.0,0.0,0.0,0.0,0.0,0.0,0.0,0.0
-1476.0,-482.0,0.0,0.0,0.0,0.0,0.0,0.0,0.0,0.0,0.0,0.0
-1474.0,-482.0,0.0,0.0,0.0,0.0,0.0,0.0,0.0,0.0,0.0,0.0
-1472.0,-482.0,0.0,0.0,0.0,0.0,0.0,0.0,0.0,0.0,0.0,0.0
-1470.0,-482.0,0.0,0.0,0.0,0.0,0.0,0.0,0.0,0.0,0.0,0.0
-1468.0,-482.0,0.0,0.0,0.0,0.0,0.0,0.0,0.0,0.0,0.0,0.0
-1466.0,-482.0,0.0,0.0,0.0,0.0,0.0,0.0,0.0,0.0,0.0,0.0
-1464.0,-482.0,0.0,0.0,0.0,0.0,0.0,0.0,0.0,0.0,0.0,0.0
-1462.0,-482.0,0.0,0.0,0.0,0.0,0.0,0.0,0.0,0.0,0.0,0.0
-1460.0,-482.0,-111.268,8.03741e-07,88.4053,77.8728,91.5947,105.179,-1447.63,-424.438,-1447.63,-424.438
-1458.0,-482.0,-111.392,8.02366e-07,88.4026,78.3389,91.5974,104.713,-1446.11,-424.398,-1446.11,-424.398
-1456.0,-482.0,-111.549,8.01045e-07,88.3999,78.8066,91.6001,104.246,-1444.59,-424.357,-1444.59,-424.357
-1454.0,-482.0,-111.741,7.99776e-07,88.3974,79.2758,91.6026,103.776,-1443.08,-424.317,-1443.08,-424.317
-1452.0,-482.0,-111.974,7.98562e-07,88.3949,79.7464,91.6051,103.306,-1441.56,-424.276,-1441.56,-424.276
-1450.0,-482.0,-112.251,7.97402e-07,88.3926,80.2184,91.6074,102.834,-1440.04,-424.236,-1440.04,-424.236
-1448.0,-482.0,-111.129,5.25425e-07,87.5601,-47.439,92.4399,131.769,-1425.56,-571.379,-1397.57,-536.912
-1446.0,-482.0,-103.475,4.23184e-07,86.9702,-68.7026,93.0298,111.297,-1446.0,-482.0,-1400.0,-600.0
-1444.0,-482.0,-103.426,4.2081e-07,86.953,-69.5505,93.047,110.45,-1444.0,-482.0,-1400.0,-600.0
-1442.0,-482.0,-103.379,4.18528e-07,86.9364,-70.4077,93.0636,109.592,-1442.0,-482.0,-1400.0,-600.0
-1440.0,-482.0,-103.333,4.16341e-07,86.9203,-71.2742,93.0797,108.726,-1440.0,-482.0,-1400.0,-600.0
-1438.0,-482.0,-103.29,4.1425e-07,86.9047,-72.1497,93.0953,107.85,-1438.0,-482.0,-1400.0,-600.0
-1436.0,-482.0,-103.248,4.12256e-07,86.8897,-73.0339,93.1103,106.966,-1436.0,-482.0,-1400.0,-600.0
-1434.0,-482.0,-103.207,4.10361e-07,86.8754,-73.9264,93.1246,106.074,-1434.0,-482.0,-1400.0,-600.0
-1432.0,-482.0,-103.169,4.08567e-07,86.8616,-74.8271,93.1384,105.173,-1432.0,-482.0,-1400.0,-600.0
-1430.0,-482.0,-103.133,4.06874e-07,86.8485,-75.7355,93.1515,104.265,-1430.0,-482.0,-1400.0,-600.0
-1428.0,-482.0,-103.099,4.05284e-07,86.8362,-76.6513,93.1638,103.349,-1428.0,-482.0,-1400.0,-600.0
-1426.0,-482.0,-103.067,4.03797e-07,86.8245,-77.5741,93.1755,102.426,-1426.0,-482.0,-1400.0,-600.0
-1424.0,-482.0,-103.037,4.02416e-07,86.8136,-78.5034,93.1864,101.497,-1424.0,-482.0,-1400.0,-600.0
-1422.0,-482.0,-103.01,4.01148e-07,86.7876,-79.439,93.2124,100.561,-1422.0,-482.0,-1400.0,-600.0
-1420.0,-482.0,0.0,0.0,0.0,0.0,0.0,0.0,0.0,0.0,0.0,0.0
-1418.0,-482.0,0.0,0.0,0.0,0.0,0.0,0.0,0.0,0.0,0.0,0.0
-1416.0,-482.0,0.0,0.0,0.0,0.0,0.0,0.0,0.0,0.0,0.0,0.0
-1414.0,-482.0,0.0,0.0,0.0,0.0,0.0,0.0,0.0,0.0,0.0,0.0
-1412.0,-482.0,0.0,0.0,0.0,0.0,0.0,0.0,0.0,0.0,0.0,0.0
-1410.0,-482.0,0.0,0.0,0.0,0.0,0.0,0.0,0.0,0.0,0.0,0.0
-1408.0,-482.0,-172.116,9.93368e-07,88.5895,25.9833,91.4105,113.553,-1429.64,-532.017,-1333.84,-445.856
-1406.0,-482.0,-171.992,9.87385e-07,88.5646,26.2747,91.4354,113.553,-1429.64,-532.017,-1333.86,-446.384
-1404.0,-482.0,-171.914,9.81418e-07,88.5394,26.5722,91.4606,113.553,-1429.64,-532.017,-1333.87,-446.926
-1402.0,-482.0,-172.256,4.85345e-07,140.871,-141.841,86.7629,113.993,-1429.6,-533.496,-1402.6,-482.474
-1400.0,-482.0,-167.82,1.00734e-06,86.1548,94.4468,82.4996,87.7974,-1397.57,-536.927,-1407.05,-391.329
-1398.0,-482.0,-165.102,7.08737e-07,87.9089,-168.009,92.0911,82.1554,-1396.76,-576.497,-1459.48,-495.057
-1396.0,-482.0,-165.52,7.15274e-07,87.9054,-168.221,92.0946,82.1554,-1396.76,-576.497,-1459.47,-495.235
-1394.0,-482.0,-155.948,8.90995e-07,88.3122,121.269,91.6878,111.97,-1429.78,-526.194,-1429.25,-423.948
-1392.0,-482.0,-157.704,8.94484e-07,88.3188,121.789,91.6812,111.97,-1429.78,-526.194,-1428.0,-423.915
-1390.0,-482.0,-160.283,8.98023e-07,88.3254,122.304,91.6746,111.97,-1429.78,-526.194,-1426.75,-423.882
-1388.0,-482.0,-164.181,9.01613e-07,88.3321,122.812,91.6679,111.97,-1429.78,-526.194,-1425.49,-423.848
-1386.0,-482.0,-168.284,9.21838e-07,88.3687,123.437,91.6313,85.9366,-1397.78,-568.791,-1424.42,-423.82
-1384.0,-482.0,-168.311,9.25533e-07,88.3752,123.826,91.6248,85.9366,-1397.78,-568.791,-1423.01,-423.782
-1382.0,-482.0,-168.0,9.12676e-07,88.3523,124.303,91.6477,111.97,-1429.78,-526.194,-1421.74,-423.748
-1380.0,-482.0,-171.387,1.66825e-06,89.0986,82.9782,90.9014,-43.3117,-1381.35,-617.58,-1360.27,-321.804
-1378.0,-482.0,-172.482,1.65489e-06,89.0914,15.1977,90.9086,-43.3117,-1381.35,-617.58,-1323.54,-467.207
-1376.0,-482.0,-172.352,1.64845e-06,89.0878,15.2709,90.9122,-43.3117,-1381.35,-617.58,-1321.69,-467.171
-1374.0,-482.0,-178.982,5.46458e-07,87.2264,-173.646,92.7736,99.908,-1420.16,-484.607,-1408.7,-485.864
-1372.0,-482.0,-179.406,5.53098e-07,87.2305,-173.908,92.7695,99.908,-1420.16,-484.607,-1408.2,-485.863
-1370.0,-482.0,-171.981,1.62916e-06,89.0423,15.4948,90.9577,-43.3117,-1381.35,-617.58,-1316.13,-467.066
-1368.0,-482.0,-171.864,1.62274e-06,89.0186,15.5708,90.9814,-43.3117,-1381.35,-617.58,-1314.28,-467.031
-1366.0,-482.0,-171.749,1.61633e-06,88.9947,15.6476,91.0053,-43.3117,-1381.35,-617.58,-1312.43,-466.996
-1364.0,-482.0,-171.638,1.60991e-06,88.9706,15.7251,91.0294,-43.3117,-1381.35,-617.58,-1310.59,-466.961
-1362.0,-482.0,-181.371,5.86405e-07,87.1179,-174.95,92.8821,99.908,-1420.16,-484.607,-1405.69,-485.861
-1360.0,-482.0,-166.555,1.11563e-06,88.4566,-46.3007,91.5434,-2.76158,-1239.86,-607.725,-1239.86,-607.725
-1358.0,-482.0,-164.339,1.44825e-06,88.7888,-63.5289,91.2112,-14.6085,-1339.34,-615.81,-1329.2,-539.827
-1356.0,-482.0,-164.61,1.44538e-06,88.7641,-65.1386,91.2359,-14.6085,-1339.34,-615.81,-1329.2,-539.827
-1354.0,-482.0,-165.431,1.44267e-06,88.7394,-66.7913,91.2606,-14.6085,-1339.34,-615.81,-1329.2,-539.827
-1352.0,-482.0,-166.639,1.44015e-06,88.7147,-68.4859,91.2853,-14.6085,-1339.34,-615.81,-1329.2,-539.827
-1350.0,-482.0,-165.985,1.4378e-06,88.6999,-70.221,91.3001,-14.6085,-1339.34,-615.81,-1329.2,-539.827
-1348.0,-482.0,-165.249,1.43565e-06,88.6867,-71.9947,91.3133,-14.6085,-1339.34,-615.81,-1329.2,-539.827
-1346.0,-482.0,-163.127,1.00178e-06,88.0862,35.5773,91.9138,-43.3117,-1381.35,-617.58,-1325.37,-467.241
-1344.0,-482.0,-160.9,9.96384e-07,88.0434,35.8878,91.9566,-43.3117,-1381.35,-617.58,-1323.55,-467.207
-1342.0,-482.0,-159.151,9.91011e-07,88.0002,36.203,91.9998,-43.3117,-1381.35,-617.58,-1321.74,-467.173
-1340.0,-482.0,-165.614,1.4291e-06,88.5908,-79.4258,91.4092,-14.6085,-1339.34,-615.81,-1329.2,-539.827
-1338.0,-482.0,-173.506,1.44707e-06,88.586,-90.1398,91.414,-14.8341,-1340.17,-615.845,-1338.13,-536.942
-1336.0,-482.0,-156.247,9.75028e-07,87.868,37.1778,92.132,-43.3117,-1381.35,-617.58,-1316.31,-467.07
-1334.0,-482.0,-155.695,9.69747e-07,87.8231,37.5127,92.1769,-43.3117,-1381.35,-617.58,-1314.51,-467.035
-1332.0,-482.0,-155.232,9.64491e-07,87.7778,37.8529,92.2222,-43.3117,-1381.35,-617.58,-1312.7,-467.001
-1330.0,-482.0,-154.836,9.59261e-07,87.732,38.1983,92.268,-43.3117,-1381.35,-617.58,-1310.9,-466.967
-1328.0,-482.0,-169.139,1.1319e-06,88.0497,62.4125,91.9503,-2.76158,-1239.86,-607.725,-1320.24,-467.144
-1326.0,-482.0,-168.709,1.12885e-06,88.0302,62.9838,91.9698,-2.76158,-1239.86,-607.725,-1318.41,-467.109
-1324.0,-482.0,-165.0,1.06717e-06,87.9027,143.223,92.0973,89.6826,-1399.57,-523.105,-1391.61,-431.466
-1322.0,-482.0,-165.606,1.07252e-06,87.9132,143.503,92.0868,89.6826,-1399.57,-523.105,-1390.32,-431.451
-1320.0,-482.0,-166.098,1.07789e-06,87.9236,143.781,92.0764,89.6826,-1399.57,-523.105,-1389.04,-431.435
-1318.0,-482.0,-125.157,1.4669e-06,88.4744,49.7067,91.5256,-43.3117,-1381.35,-617.58,-1244.98,-395.877
-1316.0,-482.0,-127.59,1.4626e-06,88.4699,49.9257,91.5301,-43.396,-1381.4,-617.583,-1243.48,-395.8
-1314.0,-482.0,-131.45,1.45831e-06,88.4654,50.1608,91.5346,-43.396,-1381.4,-617.583,-1242.02,-395.725
-1312.0,-482.0,-135.058,1.45405e-06,88.4609,50.3976,91.5391,-43.396,-1381.4,-617.583,-1240.56,-395.65
-1310.0,-482.0,-138.386,1.44981e-06,88.4564,50.636,91.5436,-43.396,-1381.4,-617.583,-1239.1,-395.575
-1308.0,-482.0,-141.588,1.44559e-06,88.4519,50.876,91.5481,-43.396,-1381.4,-617.583,-1237.64,-395.501
-1306.0,-482.0,-144.89,1.44139e-06,88.4474,51.1177,91.5526,-43.396,-1381.4,-617.583,-1236.19,-395.426
-1304.0,-482.0,-148.262,1.43721e-06,88.4429,51.361,91.5571,-43.396,-1381.4,-617.583,-1234.73,-395.351
-1302.0,-482.0,-151.305,1.43306e-06,88.4384,51.606,91.5616,-43.396,-1381.4,-617.583,-1233.28,-395.276
-1300.0,-482.0,-153.29,1.42893e-06,88.4338,51.8526,91.5662,-43.396,-1381.4,-617.583,-1231.83,-395.202
-1298.0,-482.0,-153.173,8.14247e-07,87.2508,-34.3887,92.7492,-43.3117,-1381.35,-617.58,-1254.94,-511.471
-1296.0,-482.0,-152.702,8.08759e-07,87.2322,-34.7973,92.7678,-43.3117,-1381.35,-617.58,-1254.95,-510.527
-1294.0,-482.0,-152.314,8.033e-07,87.2133,-35.2145,92.7867,-43.3117,-1381.35,-617.58,-1254.96,-509.553
-1292.0,-482.0,-151.202,8.67479e-07,87.4196,-34.2662,92.5804,-35.9954,-1376.1,-617.359,-1254.99,-507.216
-1290.0,-482.0,-149.354,8.61981e-07,87.4032,-34.6173,92.5968,-35.9954,-1376.1,-617.359,-1255.0,-506.161
-1288.0,-482.0,-147.839,8.56506e-07,87.3866,-34.9747,92.6134,-35.9954,-1376.1,-617.359,-1255.01,-505.077
-1286.0,-482.0,-137.205,6.90734e-07,86.7587,-121.002,93.2413,54.9672,-1393.06,-590.097,-1328.45,-552.64
-1284.0,-482.0,-125.653,1.52071e-06,88.5038,-137.701,91.4668,-15.4704,-1342.41,-615.939,-1339.45,-532.454
-1282.0,-482.0,-122.413,6.97829e-07,86.7917,-123.326,93.2083,54.9672,-1393.06,-590.097,-1328.45,-552.64
-1280.0,-482.0,-125.952,1.5306e-06,88.5601,-138.038,91.4709,-15.1342,-1341.25,-615.89,-1338.75,-534.831
-1278.0,-482.0,-125.772,1.53558e-06,88.5362,-138.204,91.473,-14.9676,-1340.66,-615.865,-1338.41,-536.004
-1276.0,-482.0,-137.582,7.09331e-07,86.7812,-126.593,93.2188,54.9672,-1393.06,-590.097,-1328.45,-552.64
-1274.0,-482.0,-138.928,6.6406e-07,86.5128,-127.419,93.4872,-43.396,-1381.4,-617.583,-1355.83,-588.959
-1272.0,-482.0,-137.441,6.68173e-07,86.4859,-128.089,93.5141,-43.396,-1381.4,-617.583,-1355.83,-588.959
-1270.0,-482.0,-135.697,6.72347e-07,86.4596,-128.746,93.5404,-43.396,-1381.4,-617.583,-1355.83,-588.959
-1268.0,-482.0,-133.584,6.7658e-07,86.434,-129.392,93.566,-43.396,-1381.4,-617.583,-1355.83,-588.959
-1266.0,-482.0,-130.903,6.8087e-07,86.409,-130.026,93.591,-43.396,-1381.4,-617.583,-1355.83,-588.959
-1264.0,-482.0,-127.242,6.85217e-07,86.3846,-130.649,93.6154,-43.396,-1381.4,-617.583,-1355.83,-588.959
-1262.0,-482.0,-121.745,6.89618e-07,86.3608,-131.26,93.6392,-43.396,-1381.4,-617.583,-1355.83,-588.959
-1260.0,-482.0,-115.749,6.94072e-07,86.3376,-131.816,93.6624,-43.3117,-1381.35,-617.58,-1342.6,-574.333
-1258.0,-482.0,-123.595,6.98578e-07,86.3149,-132.498,93.6851,-43.3117,-1381.35,-617.58,-1342.6,-574.333
-1256.0,-482.0,-124.713,8.62461e-07,86.9875,-122.204,93.0125,54.9672,-1393.06,-590.097,-1313.68,-573.579
-1254.0,-482.0,-132.639,8.66063e-07,86.9814,-122.923,93.0186,54.9672,-1393.06,-590.097,-1313.29,-573.568
-1252.0,-482.0,-135.443,7.1237e-07,86.3325,-134.457,93.6675,-43.3117,-1381.35,-617.58,-1342.6,-574.333
-1250.0,-482.0,-137.436,7.17042e-07,86.379,-135.083,93.621,-43.3117,-1381.35,-617.58,-1342.6,-574.333
-1248.0,-482.0,-131.136,7.89123e-07,86.7172,-138.638,93.2828,-35.9954,-1376.1,-617.359,-1356.19,-577.253
-1246.0,-482.0,-130.83,7.94141e-07,86.738,-139.102,93.262,-35.9954,-1376.1,-617.359,-1356.18,-577.437
-1244.0,-482.0,-133.1,7.99194e-07,86.7586,-139.557,93.2414,-35.9954,-1376.1,-617.359,-1356.18,-577.616
-1242.0,-482.0,-134.914,8.04282e-07,86.7791,-140.004,93.2209,-35.9954,-1376.1,-617.359,-1356.17,-577.789
-1240.0,-482.0,-136.475,8.09403e-07,86.7995,-140.442,93.2005,-35.9954,-1376.1,-617.359,-1356.17,-577.957
-1238.0,-482.0,-137.846,8.14556e-07,86.8198,-140.873,93.1802,-35.9954,-1376.1,-617.359,-1356.16,-578.12
-1236.0,-482.0,-139.089,8.1974e-07,86.8399,-141.296,93.1601,-35.9954,-1376.1,-617.359,-1356.16,-578.278
-1234.0,-482.0,-140.244,8.24956e-07,86.8599,-141.711,93.1401,-35.9954,-1376.1,-617.359,-1356.15,-578.432
-1232.0,-482.0,-141.343,8.302e-07,86.8798,-142.119,93.1202,-35.9954,-1376.1,-617.359,-1356.15,-578.581
-1230.0,-482.0,-155.6,8.20195e-07,86.8417,-144.339,93.1583,54.9672,-1393.06,-590.097,-1328.45,-552.64
-1228.0,-482.0,-159.6,1.15931e-06,87.7863,-16.1619,92.2137,33.5575,-1384.69,-589.841,-1164.21,-500.486
-1226.0,-482.0,-160.112,1.15289e-06,87.802,-16.4913,92.198,33.5575,-1384.69,-589.841,-1164.23,-500.288
-1224.0,-482.0,-160.89,1.14648e-06,87.8179,-16.8341,92.1821,33.5575,-1384.69,-589.841,-1164.24,-500.081
-1222.0,-482.0,-154.047,1.72783e-06,88.5709,-163.746,91.4291,-15.5937,-1342.83,-615.957,-1345.25,-517.932
-1220.0,-482.0,-153.895,1.73422e-06,88.5948,-163.856,91.4052,-15.5937,-1342.83,-615.957,-1345.24,-518.254
-1218.0,-482.0,-153.741,1.74062e-06,88.6186,-163.963,91.3814,-15.5937,-1342.83,-615.957,-1345.24,-518.572
-1216.0,-482.0,-153.585,1.74702e-06,88.6421,-164.07,91.3579,-15.5937,-1342.83,-615.957,-1345.23,-518.886
-1214.0,-482.0,-153.427,1.75342e-06,88.6655,-164.175,91.3345,-15.5937,-1342.83,-615.957,-1345.22,-519.195
-1212.0,-482.0,-153.266,1.75983e-06,88.6887,-164.278,91.3113,-15.5937,-1342.83,-615.957,-1345.22,-519.5
-1210.0,-482.0,-153.104,1.76624e-06,88.7117,-164.381,91.2883,-15.5937,-1342.83,-615.957,-1345.21,-519.801
-1208.0,-482.0,-152.812,1.09569e-06,87.9643,-20.1664,92.0357,33.5575,-1384.69,-589.841,-1164.39,-498.015
-1206.0,-482.0,-151.286,1.08941e-06,87.997,-20.6739,92.003,33.5575,-1384.69,-589.841,-1164.42,-497.691
-1204.0,-482.0,-149.868,1.08319e-06,87.9778,-21.2064,92.0222,33.5575,-1384.69,-589.841,-1164.44,-497.348
-1202.0,-482.0,-148.48,1.07699e-06,87.9512,-21.7657,92.0488,33.5575,-1384.69,-589.841,-1164.47,-496.985
-1600.0,-480.0,-161.156,8.02392e-07,87.9243,-40.5244,92.0757,169.301,-1476.53,-585.541,-1476.53,-585.541
-1598.0,-480.0,-161.393,7.97361e-07,87.8707,-40.9871,92.1293,169.301,-1476.53,-585.541,-1476.53,-585.541
-1596.0,-480.0,-161.602,7.92366e-07,87.8165,-41.4586,92.1835,169.301,-1476.53,-585.541,-1476.53,-585.541
-1594.0,-480.0,-161.787,7.87409e-07,87.7617,-41.9391,92.2383,169.301,-1476.53,-585.541,-1476.53,-585.541
-1592.0,-480.0,-162.541,1.06005e-06,88.3071,32.0427,91.6929,99.908,-1420.16,-484.607,-1513.34,-430.769
-1590.0,-480.0,-162.248,1.05443e-06,88.2685,32.3486,91.7315,99.908,-1420.16,-484.607,-1512.24,-430.75
-1588.0,-480.0,-159.309,1.11784e-06,88.3523,38.0115,91.6477,117.862,-1429.33,-544.506,-1525.28,-430.98
-1586.0,-480.0,-159.12,1.1126e-06,88.33,38.2723,91.67,117.862,-1429.33,-544.506,-1523.84,-430.955
-1584.0,-480.0,-158.999,1.10738e-06,88.3075,38.5362,91.6925,117.862,-1429.33,-544.506,-1522.39,-430.929
-1582.0,-480.0,-158.95,1.10218e-06,88.2849,38.8032,91.7151,117.862,-1429.33,-544.506,-1520.94,-430.903
-1580.0,-480.0,-158.98,1.097e-06,88.2621,39.0733,91.7379,117.862,-1429.33,-544.506,-1519.5,-430.878
-1578.0,-480.0,-159.102,1.09184e-06,88.2391,39.3466,91.7609,117.862,-1429.33,-544.506,-1518.05,-430.852
-1576.0,-480.0,-159.34,1.0867e-06,88.2159,39.6231,91.7841,117.862,-1429.33,-544.506,-1516.61,-430.827
-1574.0,-480.0,-159.73,1.08158e-06,88.1925,39.9029,91.8075,117.862,-1429.33,-544.506,-1515.17,-430.801
-1572.0,-480.0,-160.217,1.00122e-06,88.0312,37.7709,91.9688,96.8954,-1412.1,-499.96,-1508.35,-430.681
-1570.0,-480.0,-159.976,9.95965e-07,88.0046,38.1262,91.9954,96.8954,-1412.1,-499.96,-1507.13,-430.659
-1568.0,-480.0,-159.803,9.90742e-07,87.9778,38.4872,92.0222,96.8954,-1412.1,-499.96,-1505.91,-430.638
-1566.0,-480.0,0.0,0.0,0.0,0.0,0.0,0.0,0.0,0.0,0.0,0.0
-1564.0,-480.0,0.0,0.0,0.0,0.0,0.0,0.0,0.0,0.0,0.0,0.0
-1562.0,-480.0,0.0,0.0,0.0,0.0,0.0,0.0,0.0,0.0,0.0,0.0
-1560.0,-480.0,0.0,0.0,0.0,0.0,0.0,0.0,0.0,0.0,0.0,0.0
-1558.0,-480.0,-166.733,9.66799e-07,88.0376,43.1789,91.9624,89.6826,-1399.57,-523.105,-1505.39,-430.628
-1556.0,-480.0,-150.391,1.01843e-06,88.1846,45.1276,91.8154,129.985,-1425.61,-569.467,-1506.87,-430.655
-1554.0,-480.0,-147.623,1.01327e-06,88.2232,46.3529,91.7768,129.101,-1425.63,-568.463,-1506.93,-430.656
-1552.0,-480.0,-123.937,1.00812e-06,88.2622,47.4041,91.7378,133.83,-1425.51,-573.422,-1506.63,-430.65
-1550.0,-480.0,-126.854,1.00359e-06,88.3026,47.6847,91.6974,133.549,-1425.52,-573.154,-1505.05,-430.622
-1548.0,-480.0,-128.837,9.99091e-07,88.3434,47.9678,91.6566,133.266,-1425.53,-572.88,-1503.46,-430.594
-1546.0,-480.0,-128.62,9.94613e-07,88.3847,48.2534,91.6153,132.98,-1425.53,-572.601,-1501.88,-430.566
-1544.0,-480.0,-126.36,9.9016e-07,88.4263,48.5417,91.5737,132.692,-1425.54,-572.316,-1500.3,-430.538
-1542.0,-480.0,-131.551,9.85739e-07,88.456,48.9187,91.544,132.426,-1425.55,-572.049,-1498.86,-430.513
-1540.0,-480.0,-148.968,9.81407e-07,88.4656,50.261,91.5344,132.426,-1425.55,-572.049,-1498.86,-430.513
-1538.0,-480.0,-146.494,1.00122e-06,88.5121,48.9478,91.4879,130.064,-1425.6,-569.555,-1490.61,-425.583
-1536.0,-480.0,-142.529,9.96879e-07,88.5334,50.1674,91.4666,130.064,-1425.6,-569.555,-1490.61,-425.583
-1534.0,-480.0,-134.593,9.92648e-07,88.5597,51.4318,91.4403,130.064,-1425.6,-569.555,-1490.61,-425.583
-1532.0,-480.0,-125.137,9.88527e-07,88.5864,52.341,91.4136,129.985,-1425.61,-569.467,-1489.99,-425.567
-1530.0,-480.0,-130.006,9.84457e-07,88.6133,52.7749,91.3867,129.985,-1425.61,-569.467,-1488.62,-425.53
-1528.0,-480.0,-130.472,1.17555e-06,88.8662,67.7906,91.1338,111.203,-1467.9,-424.978,-1507.86,-430.672
-1526.0,-480.0,-130.329,1.17303e-06,88.8913,68.0924,91.1087,110.901,-1466.85,-424.95,-1506.15,-430.642
-1524.0,-480.0,-130.484,1.17055e-06,88.9165,68.3955,91.0835,110.598,-1465.8,-424.922,-1504.44,-430.612
-1522.0,-480.0,-130.42,1.16809e-06,88.9419,68.6999,91.0581,110.293,-1464.75,-424.894,-1502.73,-430.581
-1520.0,-480.0,-129.522,1.16568e-06,88.9674,69.0056,91.0326,109.988,-1463.7,-424.866,-1501.02,-430.551
-1518.0,-480.0,-127.85,1.16329e-06,88.993,69.3125,91.007,109.681,-1462.65,-424.838,-1499.32,-430.521
-1516.0,-480.0,-143.595,9.57148e-07,88.8098,55.9561,91.1902,129.985,-1425.61,-569.467,-1479.03,-425.275
-1514.0,-480.0,-144.71,9.53425e-07,88.839,56.4314,91.161,129.985,-1425.61,-569.467,-1477.66,-425.238
-1512.0,-480.0,-145.853,9.49762e-07,88.8241,56.912,91.1759,129.985,-1425.61,-569.467,-1476.29,-425.202
-1510.0,-480.0,-142.276,1.1841e-06,89.0432,70.3869,90.9568,107.764,-1456.17,-424.666,-1490.61,-425.583
-1508.0,-480.0,-119.673,1.18196e-06,89.0278,72.2591,90.9722,107.76,-1456.16,-424.665,-1490.59,-425.583
-1506.0,-480.0,-119.28,1.17995e-06,89.0125,72.5677,90.9875,107.452,-1455.13,-424.638,-1488.9,-425.538
-1504.0,-480.0,-118.976,1.17798e-06,88.9971,72.8775,91.0029,107.142,-1454.1,-424.61,-1487.21,-425.492
-1502.0,-480.0,-118.745,1.17603e-06,88.9817,73.1882,91.0183,106.831,-1453.07,-424.583,-1485.52,-425.447
-1500.0,-480.0,-118.579,1.17413e-06,88.9663,73.5,91.0337,106.519,-1452.03,-424.555,-1483.83,-425.402
-1498.0,-480.0,-118.469,1.17225e-06,88.9509,73.8128,91.0491,106.206,-1451.0,-424.528,-1482.14,-425.357
-1496.0,-480.0,-118.41,1.17042e-06,88.9354,74.1266,91.0646,105.893,-1449.97,-424.5,-1480.45,-425.312
-1494.0,-480.0,-118.397,1.16861e-06,88.9296,74.4414,91.0704,105.578,-1448.94,-424.473,-1478.76,-425.267
-1492.0,-480.0,0.0,0.0,0.0,0.0,0.0,0.0,0.0,0.0,0.0,0.0
-1490.0,-480.0,0.0,0.0,0.0,0.0,0.0,0.0,0.0,0.0,0.0,0.0
-1488.0,-480.0,0.0,0.0,0.0,0.0,0.0,0.0,0.0,0.0,0.0,0.0
-1486.0,-480.0,0.0,0.0,0.0,0.0,0.0,0.0,0.0,0.0,0.0,0.0
-1484.0,-480.0,0.0,0.0,0.0,0.0,0.0,0.0,0.0,0.0,0.0,0.0
-1482.0,-480.0,0.0,0.0,0.0,0.0,0.0,0.0,0.0,0.0,0.0,0.0
-1480.0,-480.0,0.0,0.0,0.0,0.0,0.0,0.0,0.0,0.0,0.0,0.0
-1478.0,-480.0,0.0,0.0,0.0,0.0,0.0,0.0,0.0,0.0,0.0,0.0
-1476.0,-480.0,0.0,0.0,0.0,0.0,0.0,0.0,0.0,0.0,0.0,0.0
-1474.0,-480.0,0.0,0.0,0.0,0.0,0.0,0.0,0.0,0.0,0.0,0.0
-1472.0,-480.0,0.0,0.0,0.0,0.0,0.0,0.0,0.0,0.0,0.0,0.0
-1470.0,-480.0,0.0,0.0,0.0,0.0,0.0,0.0,0.0,0.0,0.0,0.0
-1468.0,-480.0,0.0,0.0,0.0,0.0,0.0,0.0,0.0,0.0,0.0,0.0
-1466.0,-480.0,0.0,0.0,0.0,0.0,0.0,0.0,0.0,0.0,0.0,0.0
-1464.0,-480.0,0.0,0.0,0.0,0.0,0.0,0.0,0.0,0.0,0.0,0.0
-1462.0,-480.0,0.0,0.0,0.0,0.0,0.0,0.0,0.0,0.0,0.0,0.0
-1460.0,-480.0,-111.17,7.97227e-07,88.3767,77.772,91.6233,105.28,-1447.96,-424.447,-1447.96,-424.447
-1458.0,-480.0,-111.289,7.9584e-07,88.3739,78.2418,91.6261,104.81,-1446.43,-424.406,-1446.43,-424.406
-1456.0,-480.0,-111.439,7.94508e-07,88.3712,78.7131,91.6288,104.339,-1444.9,-424.365,-1444.9,-424.365
-1454.0,-480.0,-111.392,5.72052e-07,87.7375,-130.741,92.2625,136.033,-1425.47,-575.436,-1459.91,-486.864
-1452.0,-480.0,-111.852,7.92005e-07,88.366,79.6604,91.634,103.392,-1441.83,-424.284,-1441.83,-424.284
-1450.0,-480.0,-111.496,5.34855e-07,87.58,-47.3959,92.42,131.812,-1425.56,-571.424,-1397.57,-537.007
-1448.0,-480.0,-103.651,4.31842e-07,87.0023,-68.1986,92.9977,111.801,-1448.0,-480.0,-1400.0,-600.0
-1446.0,-480.0,-103.602,4.29411e-07,86.9853,-69.0265,93.0147,110.973,-1446.0,-480.0,-1400.0,-600.0
-1444.0,-480.0,-103.555,4.27072e-07,86.9688,-69.8637,93.0312,110.136,-1444.0,-480.0,-1400.0,-600.0
-1442.0,-480.0,-103.509,4.24824e-07,86.9527,-70.71,93.0473,109.29,-1442.0,-480.0,-1400.0,-600.0
-1440.0,-480.0,-103.465,4.22669e-07,86.9372,-71.5651,93.0628,108.435,-1440.0,-480.0,-1400.0,-600.0
-1438.0,-480.0,-103.422,4.2061e-07,86.9221,-72.4287,93.0779,107.571,-1438.0,-480.0,-1400.0,-600.0
-1436.0,-480.0,-103.381,4.18646e-07,86.9077,-73.3008,93.0923,106.699,-1436.0,-480.0,-1400.0,-600.0
-1434.0,-480.0,-103.343,4.1678e-07,86.8938,-74.1808,93.1062,105.819,-1434.0,-480.0,-1400.0,-600.0
-1432.0,-480.0,-103.306,4.15014e-07,86.8806,-75.0686,93.1194,104.931,-1432.0,-480.0,-1400.0,-600.0
-1430.0,-480.0,-103.271,4.13347e-07,86.868,-75.9638,93.132,104.036,-1430.0,-480.0,-1400.0,-600.0
-1428.0,-480.0,-103.237,4.11782e-07,86.8561,-76.866,93.1439,103.134,-1428.0,-480.0,-1400.0,-600.0
-1426.0,-480.0,-103.207,4.10319e-07,86.8448,-77.7749,93.1552,102.225,-1426.0,-480.0,-1400.0,-600.0
-1424.0,-480.0,-103.178,4.08963e-07,86.828,-78.6901,93.172,101.31,-1424.0,-480.0,-1400.0,-600.0
-1422.0,-480.0,-103.151,4.07724e-07,86.7787,-79.6111,93.2213,100.389,-1422.0,-480.0,-1400.0,-600.0
-1420.0,-480.0,0.0,0.0,0.0,0.0,0.0,0.0,0.0,0.0,0.0,0.0
-1418.0,-480.0,0.0,0.0,0.0,0.0,0.0,0.0,0.0,0.0,0.0,0.0
-1416.0,-480.0,0.0,0.0,0.0,0.0,0.0,0.0,0.0,0.0,0.0,0.0
-1414.0,-480.0,0.0,0.0,0.0,0.0,0.0,0.0,0.0,0.0,0.0,0.0
-1412.0,-480.0,0.0,0.0,0.0,0.0,0.0,0.0,0.0,0.0,0.0,0.0
-1410.0,-480.0,0.0,0.0,0.0,0.0,0.0,0.0,0.0,0.0,0.0,0.0
-1408.0,-480.0,-182.993,1.60082e-06,89.1093,10.1936,90.8907,132.426,-1425.55,-572.049,-1330.9,-466.136
-1406.0,-480.0,-182.867,1.59426e-06,89.0956,10.2753,90.9044,132.426,-1425.55,-572.049,-1330.9,-466.385
-1404.0,-480.0,-168.525,4.84834e-07,137.602,-135.854,86.7409,113.112,-1429.67,-530.476,-1404.61,-480.595
-1402.0,-480.0,-168.749,4.87891e-07,137.047,-136.528,86.7584,113.812,-1429.61,-532.895,-1402.63,-480.599
-1400.0,-480.0,-167.788,1.00073e-06,86.0971,94.4727,82.4561,87.7742,-1397.56,-537.296,-1406.94,-391.328
-1398.0,-480.0,-174.761,9.61187e-07,88.4325,32.8202,91.5675,113.553,-1429.64,-532.017,-1339.18,-442.062
-1396.0,-480.0,-155.305,8.81845e-07,88.2732,121.061,91.7268,111.97,-1429.78,-526.194,-1429.75,-423.962
-1394.0,-480.0,-156.865,8.85316e-07,88.2734,121.59,91.7266,111.97,-1429.78,-526.194,-1428.48,-423.928
-1392.0,-480.0,-159.109,8.88837e-07,88.2803,122.113,91.7197,111.97,-1429.78,-526.194,-1427.21,-423.894
-1390.0,-480.0,-162.518,8.92408e-07,88.2871,122.63,91.7129,111.97,-1429.78,-526.194,-1425.94,-423.86
-1388.0,-480.0,-165.784,7.4277e-07,87.9419,-168.067,92.0581,82.1554,-1396.76,-576.497,-1459.47,-495.106
-1386.0,-480.0,-166.178,7.49298e-07,87.9599,-168.26,92.0401,82.1554,-1396.76,-576.497,-1459.47,-495.268
-1384.0,-480.0,-166.568,7.5583e-07,87.9775,-168.447,92.0225,82.1554,-1396.76,-576.497,-1459.46,-495.425
-1382.0,-480.0,-165.065,9.07189e-07,88.315,124.639,91.685,111.97,-1429.78,-526.194,-1420.88,-423.725
-1380.0,-480.0,-171.29,1.66163e-06,89.0802,82.9443,90.9198,-43.3117,-1381.35,-617.58,-1360.42,-321.806
-1378.0,-480.0,-172.844,1.65316e-06,89.0754,14.9291,90.9246,-43.3117,-1381.35,-617.58,-1330.51,-467.339
-1376.0,-480.0,-172.701,1.64671e-06,89.0672,15.0011,90.9328,-43.3117,-1381.35,-617.58,-1328.62,-467.303
-1374.0,-480.0,-172.562,1.64027e-06,89.0537,15.0739,90.9463,-43.3117,-1381.35,-617.58,-1326.72,-467.267
-1372.0,-480.0,-172.425,1.63384e-06,89.0401,15.1473,90.9599,-43.3117,-1381.35,-617.58,-1324.83,-467.231
-1370.0,-480.0,-172.291,1.62741e-06,89.0184,15.2214,90.9816,-43.3117,-1381.35,-617.58,-1322.94,-467.195
-1368.0,-480.0,-172.16,1.62098e-06,88.9946,15.2963,91.0054,-43.3117,-1381.35,-617.58,-1321.05,-467.159
-1366.0,-480.0,-172.033,1.61455e-06,88.9706,15.3718,91.0294,-43.3117,-1381.35,-617.58,-1319.16,-467.124
-1364.0,-480.0,-171.908,1.60813e-06,88.9464,15.4481,91.0536,-43.3117,-1381.35,-617.58,-1317.28,-467.088
-1362.0,-480.0,-166.66,1.12506e-06,88.4653,-46.2799,91.5347,-2.76158,-1239.86,-607.725,-1239.86,-607.725
-1360.0,-480.0,-166.679,1.12049e-06,88.4302,-46.7522,91.5698,-2.76158,-1239.86,-607.725,-1239.86,-607.725
-1358.0,-480.0,-164.593,1.45426e-06,88.7683,-64.2982,91.2317,-14.6085,-1339.34,-615.81,-1329.2,-539.827
-1356.0,-480.0,-165.053,1.45146e-06,88.7437,-65.8735,91.2563,-14.6085,-1339.34,-615.81,-1329.2,-539.827
-1354.0,-480.0,-166.167,1.44883e-06,88.7191,-67.4886,91.2809,-14.6085,-1339.34,-615.81,-1329.2,-539.827
-1352.0,-480.0,-166.762,1.44638e-06,88.7016,-69.1423,91.2984,-14.6085,-1339.34,-615.81,-1329.2,-539.827
-1350.0,-480.0,-165.823,1.4441e-06,88.6884,-70.8332,91.3116,-14.6085,-1339.34,-615.81,-1329.2,-539.827
-1348.0,-480.0,-165.307,1.44201e-06,88.6753,-72.5595,91.3247,-14.6085,-1339.34,-615.81,-1329.2,-539.827
-1346.0,-480.0,-165.179,1.44012e-06,88.6517,-74.3191,91.3483,-14.6085,-1339.34,-615.81,-1329.2,-539.827
-1344.0,-480.0,-163.98,9.9251e-07,88.0109,35.4531,91.9891,-43.3117,-1381.35,-617.58,-1326.1,-467.255
-1342.0,-480.0,-161.602,9.87107e-07,87.9673,35.7667,92.0327,-43.3117,-1381.35,-617.58,-1324.26,-467.22
-1340.0,-480.0,-159.628,9.81727e-07,87.9232,36.0851,92.0768,-43.3117,-1381.35,-617.58,-1322.42,-467.185
-1338.0,-480.0,-169.058,1.35358e-06,88.47,162.271,91.53,130.064,-1425.6,-569.555,-1498.89,-428.563
-1336.0,-480.0,-169.0,1.35996e-06,88.4535,162.465,91.5465,130.064,-1425.6,-569.555,-1498.89,-428.531
-1334.0,-480.0,-156.334,9.65723e-07,87.7884,37.0704,92.2116,-43.3117,-1381.35,-617.58,-1316.9,-467.081
-1332.0,-480.0,-155.735,9.60437e-07,87.7426,37.4092,92.2574,-43.3117,-1381.35,-617.58,-1315.06,-467.046
-1330.0,-480.0,-155.242,9.55175e-07,87.6963,37.7532,92.3037,-43.3117,-1381.35,-617.58,-1313.23,-467.011
-1328.0,-480.0,-154.821,9.49929e-07,87.6629,38.1027,92.3371,-43.3117,-1381.35,-617.58,-1311.39,-466.976
-1326.0,-480.0,-164.961,1.48042e-06,88.4897,-8.69277,91.5103,33.5575,-1384.69,-589.841,-1163.89,-504.785
-1324.0,-480.0,-164.828,1.47383e-06,88.4732,-8.78246,91.5268,33.5575,-1384.69,-589.841,-1163.9,-504.735
-1322.0,-480.0,-164.696,1.46724e-06,88.4663,-8.87401,91.5337,33.5575,-1384.69,-589.841,-1163.9,-504.684
-1320.0,-480.0,-164.562,1.46065e-06,88.4594,-8.96747,91.5406,33.5575,-1384.69,-589.841,-1163.91,-504.632
-1318.0,-480.0,-128.279,1.46183e-06,88.4607,49.4975,91.5393,-43.3117,-1381.35,-617.58,-1246.2,-395.94
-1316.0,-480.0,-125.796,1.45751e-06,88.4561,49.7444,91.5439,-43.3117,-1381.35,-617.58,-1244.76,-395.866
-1314.0,-480.0,-128.169,1.45321e-06,88.4515,49.9631,91.5485,-43.396,-1381.4,-617.583,-1243.25,-395.788
-1312.0,-480.0,-132.042,1.44892e-06,88.4469,50.2002,91.5531,-43.396,-1381.4,-617.583,-1241.77,-395.713
-1310.0,-480.0,-135.587,1.44467e-06,88.4424,50.4389,91.5576,-43.396,-1381.4,-617.583,-1240.31,-395.637
-1308.0,-480.0,-138.894,1.44043e-06,88.4378,50.6793,91.5622,-43.396,-1381.4,-617.583,-1238.84,-395.562
-1306.0,-480.0,-142.146,1.43621e-06,88.4332,50.9213,91.5668,-43.396,-1381.4,-617.583,-1237.37,-395.486
-1304.0,-480.0,-145.491,1.43202e-06,88.4286,51.165,91.5714,-43.396,-1381.4,-617.583,-1235.9,-395.411
-1302.0,-480.0,-148.872,1.42784e-06,88.424,51.4103,91.576,-43.396,-1381.4,-617.583,-1234.44,-395.336
-1300.0,-480.0,-151.767,1.42369e-06,88.4194,51.6574,91.5806,-43.396,-1381.4,-617.583,-1232.97,-395.261
-1298.0,-480.0,-152.688,8.1805e-07,87.2485,-34.9754,92.7515,-43.3117,-1381.35,-617.58,-1254.96,-510.112
-1296.0,-480.0,-152.322,8.12602e-07,87.23,-35.3871,92.77,-43.3117,-1381.35,-617.58,-1254.97,-509.147
-1294.0,-480.0,-150.451,8.76754e-07,87.4328,-34.4266,92.5672,-35.9954,-1376.1,-617.359,-1254.99,-506.735
-1292.0,-480.0,-148.798,8.71266e-07,87.4167,-34.7739,92.5833,-35.9954,-1376.1,-617.359,-1255.0,-505.687
-1290.0,-480.0,-147.417,8.65802e-07,87.4003,-35.1273,92.5997,-35.9954,-1376.1,-617.359,-1255.02,-504.612
-1288.0,-480.0,-146.225,8.60362e-07,87.3839,-35.487,92.6161,-35.9954,-1376.1,-617.359,-1255.03,-503.507
-1286.0,-480.0,-139.4,6.96478e-07,86.7677,-120.3,93.2323,54.9672,-1393.06,-590.097,-1328.45,-552.64
-1284.0,-480.0,-135.771,6.99898e-07,86.7835,-121.462,93.2165,54.9672,-1393.06,-590.097,-1328.45,-552.64
-1282.0,-480.0,-125.712,1.53014e-06,88.5034,-137.684,91.4666,-15.487,-1342.47,-615.941,-1339.48,-532.336
-1280.0,-480.0,-117.226,7.07093e-07,86.7912,-123.702,93.2088,54.9672,-1393.06,-590.097,-1328.45,-552.64
-1278.0,-480.0,-126.71,1.54004e-06,88.4591,-138.018,91.4707,-15.1525,-1341.31,-615.893,-1338.79,-534.702
-1276.0,-480.0,-127.629,1.54502e-06,88.4144,-138.183,91.4727,-14.9869,-1340.73,-615.868,-1338.45,-535.869
-1274.0,-480.0,-140.918,6.69713e-07,86.5053,-126.025,93.4947,-43.3117,-1381.35,-617.58,-1342.6,-574.333
-1272.0,-480.0,-138.74,6.7346e-07,86.4767,-127.574,93.5233,-43.396,-1381.4,-617.583,-1355.83,-588.959
-1270.0,-480.0,-137.231,6.77587e-07,86.4505,-128.229,93.5495,-43.396,-1381.4,-617.583,-1355.83,-588.959
-1268.0,-480.0,-135.457,6.81773e-07,86.4249,-128.872,93.5751,-43.396,-1381.4,-617.583,-1355.83,-588.959
-1266.0,-480.0,-133.299,6.86017e-07,86.3999,-129.504,93.6001,-43.396,-1381.4,-617.583,-1355.83,-588.959
-1264.0,-480.0,-130.544,6.90317e-07,86.3755,-130.125,93.6245,-43.396,-1381.4,-617.583,-1355.83,-588.959
-1262.0,-480.0,-126.745,6.94672e-07,86.3516,-130.734,93.6484,-43.396,-1381.4,-617.583,-1355.83,-588.959
-1260.0,-480.0,-121.053,6.9908e-07,86.3284,-131.332,93.6716,-43.396,-1381.4,-617.583,-1355.83,-588.959
-1258.0,-480.0,-115.612,7.03535e-07,86.3115,-131.887,93.6885,-43.3117,-1381.35,-617.58,-1342.6,-574.333
-1256.0,-480.0,-124.305,7.08028e-07,86.3121,-132.553,93.6879,-43.3117,-1381.35,-617.58,-1342.6,-574.333
-1254.0,-480.0,-127.161,8.71683e-07,86.9867,-122.467,93.0133,54.9672,-1393.06,-590.097,-1313.54,-573.575
-1252.0,-480.0,-133.128,7.17162e-07,86.3397,-133.844,93.6603,-43.3117,-1381.35,-617.58,-1342.6,-574.333
-1250.0,-480.0,-135.634,7.21784e-07,86.3856,-134.469,93.6144,-43.3117,-1381.35,-617.58,-1342.6,-574.333
-1248.0,-480.0,-137.581,7.26457e-07,86.4311,-135.081,93.5689,-43.3117,-1381.35,-617.58,-1342.6,-574.333
-1246.0,-480.0,-132.856,7.98526e-07,86.7559,-138.576,93.2441,-35.9954,-1376.1,-617.359,-1356.19,-577.228
-1244.0,-480.0,-130.615,8.0354e-07,86.7762,-139.032,93.2238,-35.9954,-1376.1,-617.359,-1356.18,-577.41
-1242.0,-480.0,-132.854,8.08588e-07,86.7963,-139.48,93.2037,-35.9954,-1376.1,-617.359,-1356.18,-577.586
-1240.0,-480.0,-134.716,8.1367e-07,86.8163,-139.92,93.1837,-35.9954,-1376.1,-617.359,-1356.17,-577.757
-1238.0,-480.0,-136.301,8.18784e-07,86.8362,-140.352,93.1638,-35.9954,-1376.1,-617.359,-1356.17,-577.923
-1236.0,-480.0,-137.684,8.23931e-07,86.856,-140.777,93.144,-35.9954,-1376.1,-617.359,-1356.16,-578.084
-1234.0,-480.0,-138.931,8.29108e-07,86.8757,-141.194,93.1243,-35.9954,-1376.1,-617.359,-1356.16,-578.24
-1232.0,-480.0,-140.084,8.34316e-07,86.8952,-141.603,93.1048,-35.9954,-1376.1,-617.359,-1356.15,-578.392
-1230.0,-480.0,-141.176,8.39553e-07,86.9146,-142.005,93.0854,-35.9954,-1376.1,-617.359,-1356.15,-578.54
-1228.0,-480.0,-142.236,8.44797e-07,86.9615,-142.4,93.0385,-35.9954,-1376.1,-617.359,-1356.14,-578.683
-1226.0,-480.0,-156.002,8.34863e-07,86.964,-144.662,93.036,54.9672,-1393.06,-590.097,-1328.45,-552.64
-1224.0,-480.0,-162.169,1.63679e-06,88.4717,-150.374,91.5283,-14.6085,-1339.34,-615.81,-1329.2,-539.827
-1222.0,-480.0,-154.713,1.72972e-06,88.5725,-163.37,91.4275,-15.5937,-1342.83,-615.957,-1345.27,-516.818
-1220.0,-480.0,-154.569,1.7361e-06,88.5964,-163.482,91.4036,-15.5937,-1342.83,-615.957,-1345.26,-517.148
-1218.0,-480.0,-154.424,1.74248e-06,88.62,-163.592,91.38,-15.5937,-1342.83,-615.957,-1345.26,-517.474
-1216.0,-480.0,-154.277,1.74887e-06,88.6435,-163.7,91.3565,-15.5937,-1342.83,-615.957,-1345.25,-517.795
-1214.0,-480.0,-153.609,1.11684e-06,87.9045,-20.0391,92.0955,33.5575,-1384.69,-589.841,-1164.39,-498.096
-1212.0,-480.0,-152.138,1.11056e-06,87.9218,-20.5057,92.0782,33.5575,-1384.69,-589.841,-1164.41,-497.799
-1210.0,-480.0,-153.829,1.76805e-06,88.7182,-164.018,91.2818,-15.5937,-1342.83,-615.957,-1345.23,-518.732
-1208.0,-480.0,0.0,0.0,0.0,0.0,0.0,0.0,0.0,0.0,0.0,0.0
-1206.0,-480.0,0.0,0.0,0.0,0.0,0.0,0.0,0.0,0.0,0.0,0.0
-1204.0,-480.0,0.0,0.0,0.0,0.0,0.0,0.0,0.0,0.0,0.0,0.0
-1202.0,-480.0,0.0,0.0,0.0,0.0,0.0,0.0,0.0,0.0,0.0,0.0
-1600.0,-478.0,-161.562,8.06764e-07,87.9049,-41.0564,92.0951,169.301,-1476.53,-585.541,-1476.53,-585.541
-1598.0,-478.0,-161.764,8.01774e-07,87.8515,-41.5203,92.1485,169.301,-1476.53,-585.541,-1476.53,-585.541
-1596.0,-478.0,-161.942,7.96821e-07,87.7976,-41.9929,92.2024,169.301,-1476.53,-585.541,-1476.53,-585.541
-1594.0,-478.0,-162.102,7.91905e-07,87.7432,-42.4743,92.2568,169.301,-1476.53,-585.541,-1476.53,-585.541
-1592.0,-478.0,-163.024,1.05655e-06,88.2781,31.5554,91.7219,99.908,-1420.16,-484.607,-1515.15,-430.801
-1590.0,-478.0,-162.62,1.05089e-06,88.2509,31.8588,91.7491,99.908,-1420.16,-484.607,-1514.02,-430.781
-1588.0,-478.0,-162.27,1.04524e-06,88.226,32.1675,91.774,99.908,-1420.16,-484.607,-1512.89,-430.761
-1586.0,-478.0,-162.016,1.03961e-06,88.2008,32.4815,91.7992,99.908,-1420.16,-484.607,-1511.77,-430.741
-1584.0,-478.0,-159.07,1.10325e-06,88.29,38.2014,91.71,117.862,-1429.33,-544.506,-1524.23,-430.962
-1582.0,-478.0,-158.93,1.09802e-06,88.2671,38.4677,91.7329,117.862,-1429.33,-544.506,-1522.76,-430.936
-1580.0,-478.0,-158.862,1.09282e-06,88.2441,38.7371,91.7559,117.862,-1429.33,-544.506,-1521.3,-430.91
-1578.0,-478.0,-158.872,1.08763e-06,88.2209,39.0097,91.7791,117.862,-1429.33,-544.506,-1519.84,-430.884
-1576.0,-478.0,-158.973,1.08247e-06,88.1975,39.2856,91.8025,117.862,-1429.33,-544.506,-1518.37,-430.858
-1574.0,-478.0,-159.187,1.07733e-06,88.1739,39.5647,91.8261,117.862,-1429.33,-544.506,-1516.91,-430.832
-1572.0,-478.0,-159.547,1.0722e-06,88.1501,39.8472,91.8499,117.862,-1429.33,-544.506,-1515.45,-430.806
-1570.0,-478.0,-160.106,1.0671e-06,88.1261,40.133,91.8739,117.862,-1429.33,-544.506,-1513.99,-430.781
-1568.0,-478.0,-159.915,9.8662e-07,87.9568,38.0266,92.0432,96.8954,-1412.1,-499.96,-1507.47,-430.665
-1566.0,-478.0,-162.53,9.8212e-07,87.9636,41.3503,92.0364,89.6826,-1399.57,-523.105,-1512.31,-430.751
-1564.0,-478.0,0.0,0.0,0.0,0.0,0.0,0.0,0.0,0.0,0.0,0.0
-1562.0,-478.0,0.0,0.0,0.0,0.0,0.0,0.0,0.0,0.0,0.0,0.0
-1560.0,-478.0,0.0,0.0,0.0,0.0,0.0,0.0,0.0,0.0,0.0,0.0
-1558.0,-478.0,-158.29,1.0455e-06,88.1972,37.8759,91.8028,130.064,-1425.6,-569.555,-1490.61,-425.583
-1556.0,-478.0,-157.807,1.04024e-06,88.2346,38.7154,91.7654,130.064,-1425.6,-569.555,-1490.61,-425.583
-1554.0,-478.0,-147.827,1.00845e-06,88.227,46.0504,91.773,129.101,-1425.63,-568.463,-1508.39,-430.681
-1552.0,-478.0,-147.524,1.00381e-06,88.267,46.3676,91.733,129.101,-1425.63,-568.463,-1506.86,-430.654
-1550.0,-478.0,-124.08,9.98665e-07,88.3066,47.4268,91.6934,133.807,-1425.51,-573.401,-1506.5,-430.648
-1548.0,-478.0,-127.009,9.9414e-07,88.3476,47.7101,91.6524,133.524,-1425.52,-573.129,-1504.9,-430.62
-1546.0,-478.0,-128.842,9.8964e-07,88.3891,47.9961,91.6109,133.238,-1425.53,-572.853,-1503.31,-430.592
-1544.0,-478.0,-128.383,9.85167e-07,88.4261,48.2846,91.5739,132.949,-1425.53,-572.57,-1501.71,-430.563
-1542.0,-478.0,-125.948,9.80733e-07,88.4355,48.5757,91.5645,132.658,-1425.54,-572.282,-1500.12,-430.535
-1540.0,-478.0,-134.244,9.76326e-07,88.4449,49.0949,91.5551,132.426,-1425.55,-572.049,-1498.86,-430.513
-1538.0,-478.0,-148.614,9.96235e-07,88.4922,47.8827,91.5078,130.064,-1425.6,-569.555,-1490.61,-425.583
-1536.0,-478.0,-145.873,9.91801e-07,88.5134,49.1087,91.4866,130.064,-1425.6,-569.555,-1490.61,-425.583
-1534.0,-478.0,-141.378,9.87476e-07,88.5396,50.3819,91.4604,130.064,-1425.6,-569.555,-1490.61,-425.583
-1532.0,-478.0,-131.484,9.83267e-07,88.5662,51.7036,91.4338,130.064,-1425.6,-569.555,-1490.61,-425.583
-1530.0,-478.0,-126.241,9.79162e-07,88.5932,52.4408,91.4068,129.985,-1425.61,-569.467,-1489.67,-425.558
-1528.0,-478.0,-130.614,1.16938e-06,88.8496,67.6669,91.1504,111.326,-1468.33,-424.989,-1508.56,-430.685
-1526.0,-478.0,-130.281,1.16685e-06,88.8748,67.9701,91.1252,111.023,-1467.27,-424.961,-1506.84,-430.654
-1524.0,-478.0,-130.358,1.16435e-06,88.9001,68.2746,91.0999,110.719,-1466.22,-424.933,-1505.12,-430.624
-1522.0,-478.0,-130.464,1.16188e-06,88.9256,68.5803,91.0744,110.413,-1465.16,-424.905,-1503.4,-430.593
-1520.0,-478.0,-129.931,1.15945e-06,88.9512,68.8874,91.0488,110.106,-1464.11,-424.877,-1501.68,-430.563
-1518.0,-478.0,-128.488,1.15706e-06,88.9769,69.1957,91.0231,109.798,-1463.05,-424.849,-1499.96,-430.532
-1516.0,-478.0,-142.727,9.51635e-07,88.7899,55.6341,91.2101,129.985,-1425.61,-569.467,-1479.96,-425.299
-1514.0,-478.0,-143.873,9.4788e-07,88.8192,56.1116,91.1808,129.985,-1425.61,-569.467,-1478.58,-425.263
-1512.0,-478.0,-145.002,9.44187e-07,88.804,56.5945,91.196,129.985,-1425.61,-569.467,-1477.19,-425.226
-1510.0,-478.0,-138.614,1.19587e-06,89.0423,-65.7783,90.9577,107.764,-1456.17,-424.666,-1508.71,-480.857
-1508.0,-478.0,-133.395,1.17562e-06,89.012,71.6451,90.988,107.764,-1456.17,-424.666,-1490.61,-425.583
-1506.0,-478.0,-119.344,1.17359e-06,88.9966,72.4701,91.0034,107.549,-1455.45,-424.647,-1489.43,-425.552
-1504.0,-478.0,-119.011,1.1716e-06,88.9811,72.7814,91.0189,107.238,-1454.42,-424.619,-1487.73,-425.506
-1502.0,-478.0,-118.757,1.16965e-06,88.9656,73.0937,91.0344,106.926,-1453.38,-424.591,-1486.03,-425.461
-1500.0,-478.0,-118.571,1.16773e-06,88.9501,73.407,91.0499,106.612,-1452.34,-424.564,-1484.33,-425.416
-1498.0,-478.0,-118.444,1.16585e-06,88.9345,73.7214,91.0655,106.298,-1451.3,-424.536,-1482.63,-425.371
-1496.0,-478.0,-118.37,1.164e-06,88.9253,74.0368,91.0747,105.983,-1450.26,-424.508,-1480.93,-425.325
-1494.0,-478.0,-118.344,1.16218e-06,88.9236,74.3531,91.0764,105.666,-1449.22,-424.481,-1479.23,-425.28
-1492.0,-478.0,-127.96,8.29933e-07,88.4926,68.6387,91.5074,69.5502,-1396.34,-590.198,-1471.3,-425.069
-1490.0,-478.0,-124.809,8.29421e-07,88.4917,-65.0399,91.5083,111.927,-1470.43,-425.045,-1489.15,-479.818
-1488.0,-478.0,-113.916,8.15754e-07,88.4664,71.2431,91.5336,111.809,-1470.01,-425.034,-1470.01,-425.034
-1486.0,-478.0,-113.063,8.13633e-07,88.4624,71.6882,91.5376,111.364,-1468.46,-424.993,-1468.46,-424.993
-1484.0,-478.0,-112.443,8.11562e-07,88.4585,72.1357,91.5415,110.917,-1466.9,-424.952,-1466.9,-424.952
-1482.0,-478.0,-111.988,8.0954e-07,88.4547,72.5854,91.5453,110.467,-1465.35,-424.91,-1465.35,-424.91
-1480.0,-478.0,-111.651,8.07569e-07,88.4509,73.0373,91.5491,110.015,-1463.79,-424.869,-1463.79,-424.869
-1478.0,-478.0,-111.401,8.05648e-07,88.4472,73.4915,91.5528,109.561,-1462.24,-424.827,-1462.24,-424.827
-1476.0,-478.0,-111.217,8.03778e-07,88.4436,73.9477,91.5564,109.104,-1460.69,-424.786,-1460.69,-424.786
-1474.0,-478.0,-111.083,8.01959e-07,88.44,74.4061,91.56,108.646,-1459.14,-424.745,-1459.14,-424.745
-1472.0,-478.0,-110.991,8.00196e-07,88.4242,74.8665,91.5758,108.186,-1457.59,-424.703,-1457.59,-424.703
-1470.0,-478.0,-110.934,7.98488e-07,88.4006,75.329,91.5994,107.723,-1456.04,-424.662,-1456.04,-424.662
-1468.0,-478.0,-110.907,7.96833e-07,88.377,75.7934,91.623,107.259,-1454.49,-424.621,-1454.49,-424.621
-1466.0,-478.0,-110.908,7.95229e-07,88.3571,76.2597,91.6429,106.793,-1452.94,-424.579,-1452.94,-424.579
-1464.0,-478.0,-110.936,7.93671e-07,88.3539,76.7278,91.6461,106.324,-1451.39,-424.538,-1451.39,-424.538
-1462.0,-478.0,-110.99,7.92166e-07,88.3508,77.1978,91.6492,105.854,-1449.84,-424.497,-1449.84,-424.497
-1460.0,-478.0,-111.073,7.90715e-07,88.3477,77.6696,91.6523,105.383,-1448.3,-424.456,-1448.3,-424.456
-1458.0,-478.0,-111.185,7.89317e-07,88.3448,78.143,91.6552,104.909,-1446.75,-424.415,-1446.75,-424.415
-1456.0,-478.0,-111.33,7.87973e-07,88.342,78.6181,91.658,104.434,-1445.2,-424.373,-1445.2,-424.373
-1454.0,-478.0,-111.51,7.86684e-07,88.3393,79.0948,91.6607,103.957,-1443.66,-424.332,-1443.66,-424.332
-1452.0,-478.0,-111.383,5.81465e-07,87.7529,-130.811,92.2471,136.102,-1425.46,-575.496,-1459.9,-487.146
-1450.0,-478.0,-109.773,5.39791e-07,87.5793,-47.8759,92.4207,131.332,-1425.57,-570.924,-1397.6,-535.939
-1448.0,-478.0,-103.776,4.38048e-07,87.0165,-68.5232,92.9835,111.477,-1448.0,-478.0,-1400.0,-600.0
-1446.0,-478.0,-103.728,4.35652e-07,87.0001,-69.3411,92.9999,110.659,-1446.0,-478.0,-1400.0,-600.0
-1444.0,-478.0,-103.682,4.33346e-07,86.9841,-70.1679,93.0159,109.832,-1444.0,-478.0,-1400.0,-600.0
-1442.0,-478.0,-103.637,4.31131e-07,86.9686,-71.0033,93.0314,108.997,-1442.0,-478.0,-1400.0,-600.0
-1440.0,-478.0,-103.594,4.29008e-07,86.9536,-71.8473,93.0464,108.153,-1440.0,-478.0,-1400.0,-600.0
-1438.0,-478.0,-103.553,4.26979e-07,86.9391,-72.6995,93.0609,107.301,-1438.0,-478.0,-1400.0,-600.0
-1436.0,-478.0,-103.513,4.25045e-07,86.9251,-73.5596,93.0749,106.44,-1436.0,-478.0,-1400.0,-600.0
-1434.0,-478.0,-103.476,4.23207e-07,86.9118,-74.4275,93.0882,105.573,-1434.0,-478.0,-1400.0,-600.0
-1432.0,-478.0,-103.44,4.21467e-07,86.899,-75.3027,93.101,104.697,-1432.0,-478.0,-1400.0,-600.0
-1430.0,-478.0,-103.406,4.19826e-07,86.8869,-76.185,93.1131,103.815,-1430.0,-478.0,-1400.0,-600.0
-1428.0,-478.0,-103.374,4.18285e-07,86.8754,-77.074,93.1246,102.926,-1428.0,-478.0,-1400.0,-600.0
-1426.0,-478.0,-103.344,4.16846e-07,86.8646,-77.9694,93.1354,102.031,-1426.0,-478.0,-1400.0,-600.0
-1424.0,-478.0,-103.316,4.15522e-07,86.8185,-78.8708,93.1815,101.129,-1424.0,-478.0,-1400.0,-600.0
-1422.0,-478.0,-103.291,4.14304e-07,86.7701,-79.7778,93.2299,100.222,-1422.0,-478.0,-1400.0,-600.0
-1420.0,-478.0,0.0,0.0,0.0,0.0,0.0,0.0,0.0,0.0,0.0,0.0
-1418.0,-478.0,0.0,0.0,0.0,0.0,0.0,0.0,0.0,0.0,0.0,0.0
-1416.0,-478.0,0.0,0.0,0.0,0.0,0.0,0.0,0.0,0.0,0.0,0.0
-1414.0,-478.0,0.0,0.0,0.0,0.0,0.0,0.0,0.0,0.0,0.0,0.0
-1412.0,-478.0,0.0,0.0,0.0,0.0,0.0,0.0,0.0,0.0,0.0,0.0
-1410.0,-478.0,0.0,0.0,0.0,0.0,0.0,0.0,0.0,0.0,0.0,0.0
-1408.0,-478.0,-183.408,1.59967e-06,89.0932,9.74188,90.9068,132.426,-1425.55,-572.049,-1330.87,-464.759
-1406.0,-478.0,-183.273,1.5931e-06,89.0794,9.82015,90.9206,132.426,-1425.55,-572.049,-1330.88,-464.997
-1404.0,-478.0,-183.139,1.58653e-06,89.0654,9.89968,90.9346,132.426,-1425.55,-572.049,-1330.88,-465.239
-1402.0,-478.0,-171.932,9.69585e-07,88.4539,25.6514,91.5461,113.553,-1429.64,-532.017,-1333.82,-445.258
-1400.0,-478.0,-171.763,9.63587e-07,88.4275,25.9518,91.5725,113.553,-1429.64,-532.017,-1333.84,-445.799
-1398.0,-478.0,-154.709,8.72699e-07,88.2452,120.846,91.7548,111.97,-1429.78,-526.194,-1430.26,-423.975
-1396.0,-478.0,-156.104,8.76154e-07,88.2337,121.384,91.7663,111.97,-1429.78,-526.194,-1428.98,-423.941
-1394.0,-478.0,-158.067,8.79658e-07,88.2342,121.916,91.7658,111.97,-1429.78,-526.194,-1427.69,-423.907
-1392.0,-478.0,-161.019,8.8321e-07,88.2413,122.442,91.7587,111.97,-1429.78,-526.194,-1426.41,-423.873
-1390.0,-478.0,-165.441,8.86814e-07,88.2484,122.962,91.7516,111.97,-1429.78,-526.194,-1425.12,-423.838
-1388.0,-478.0,-168.417,9.07057e-07,88.2875,123.564,91.7125,85.9366,-1397.78,-568.791,-1423.96,-423.807
-1386.0,-478.0,-170.038,8.94172e-07,88.2628,123.983,91.7372,111.97,-1429.78,-526.194,-1422.56,-423.77
-1384.0,-478.0,-166.219,8.97925e-07,88.2701,124.485,91.7299,111.97,-1429.78,-526.194,-1421.27,-423.736
-1382.0,-478.0,-174.611,9.27889e-07,88.326,126.843,91.674,87.7729,-1398.22,-554.308,-1422.63,-423.772
-1380.0,-478.0,-171.193,1.65502e-06,89.0615,82.9102,90.9385,-43.3117,-1381.35,-617.58,-1360.57,-321.808
-1378.0,-478.0,-186.706,2.35836e-06,89.3398,66.4691,90.6602,-21.9669,-1358.77,-616.629,-1332.45,-373.395
-1376.0,-478.0,-187.118,2.35571e-06,89.3322,66.6962,90.6678,-21.9669,-1358.77,-616.629,-1330.93,-373.366
-1374.0,-478.0,-187.661,2.35309e-06,89.3246,66.9241,90.6754,-21.9669,-1358.77,-616.629,-1329.41,-373.337
-1372.0,-478.0,-188.355,2.35049e-06,89.317,67.1527,90.683,-21.9669,-1358.77,-616.629,-1327.89,-373.308
-1370.0,-478.0,-172.656,1.62568e-06,88.9946,14.9474,91.0054,-43.3117,-1381.35,-617.58,-1330.03,-467.33
-1368.0,-478.0,-172.512,1.61925e-06,88.9706,15.021,91.0294,-43.3117,-1381.35,-617.58,-1328.1,-467.293
-1366.0,-478.0,-172.371,1.61281e-06,88.9465,15.0953,91.0535,-43.3117,-1381.35,-617.58,-1326.17,-467.256
-1364.0,-478.0,-166.763,1.13449e-06,88.4738,-46.2598,91.5262,-2.76158,-1239.86,-607.725,-1239.86,-607.725
-1362.0,-478.0,-166.78,1.12992e-06,88.439,-46.7244,91.561,-2.76158,-1239.86,-607.725,-1239.86,-607.725
-1360.0,-478.0,-164.674,1.46319e-06,88.7726,-63.5228,91.2274,-14.6085,-1339.34,-615.81,-1329.2,-539.827
-1358.0,-478.0,-164.913,1.46031e-06,88.748,-65.0269,91.252,-14.6085,-1339.34,-615.81,-1329.2,-539.827
-1356.0,-478.0,-165.608,1.45758e-06,88.7235,-66.5687,91.2765,-14.6085,-1339.34,-615.81,-1329.2,-539.827
-1354.0,-478.0,-166.828,1.45502e-06,88.7035,-68.1473,91.2965,-14.6085,-1339.34,-615.81,-1329.2,-539.827
-1352.0,-478.0,-166.602,1.45263e-06,88.6902,-69.7615,91.3098,-14.6085,-1339.34,-615.81,-1329.2,-539.827
-1350.0,-478.0,-165.751,1.45042e-06,88.6771,-71.41,91.3229,-14.6085,-1339.34,-615.81,-1329.2,-539.827
-1348.0,-478.0,-165.403,1.44839e-06,88.6641,-73.091,91.3359,-14.6085,-1339.34,-615.81,-1329.2,-539.827
-1346.0,-478.0,-165.346,1.44656e-06,88.6406,-74.8025,91.3594,-14.6085,-1339.34,-615.81,-1329.2,-539.827
-1344.0,-478.0,-165.455,1.44493e-06,88.6167,-76.5423,91.3833,-14.6085,-1339.34,-615.81,-1329.2,-539.827
-1342.0,-478.0,-164.806,9.83245e-07,87.9341,35.3256,92.0659,-43.3117,-1381.35,-617.58,-1326.86,-467.27
-1340.0,-478.0,-162.399,9.77835e-07,87.8896,35.6424,92.1104,-43.3117,-1381.35,-617.58,-1324.99,-467.234
-1338.0,-478.0,-160.197,9.72448e-07,87.8447,35.9641,92.1553,-43.3117,-1381.35,-617.58,-1323.11,-467.199
-1336.0,-478.0,-165.191,1.51435e-06,88.5948,-8.82275,91.4052,33.5575,-1384.69,-589.841,-1163.9,-504.712
-1334.0,-478.0,-165.065,1.50777e-06,88.5673,-8.90921,91.4327,33.5575,-1384.69,-589.841,-1163.9,-504.664
-1332.0,-478.0,-164.937,1.5012e-06,88.5395,-8.99737,91.4605,33.5575,-1384.69,-589.841,-1163.91,-504.615
-1330.0,-478.0,-155.789,9.51124e-07,87.6699,37.3027,92.3301,-43.3117,-1381.35,-617.58,-1315.64,-467.057
-1328.0,-478.0,-155.259,9.45844e-07,87.6398,37.6508,92.3602,-43.3117,-1381.35,-617.58,-1313.77,-467.021
-1326.0,-478.0,-154.813,9.40589e-07,87.6094,38.0044,92.3906,-43.3117,-1381.35,-617.58,-1311.9,-466.986
-1324.0,-478.0,-154.433,9.35359e-07,87.5806,38.3637,92.4194,-43.3117,-1381.35,-617.58,-1310.04,-466.951
-1322.0,-478.0,-162.155,9.59102e-07,87.6405,-30.6077,92.3595,-35.9954,-1376.1,-617.359,-1254.87,-517.711
-1320.0,-478.0,-164.164,1.46173e-06,88.4521,-9.5649,91.5479,33.5575,-1384.69,-589.841,-1163.93,-504.299
-1318.0,-478.0,-162.424,8.77404e-07,87.4207,-31.8286,92.5793,-43.3117,-1381.35,-617.58,-1254.88,-517.181
-1316.0,-478.0,-127.666,1.45243e-06,88.4422,49.5337,91.5578,-43.3117,-1381.35,-617.58,-1245.99,-395.929
-1314.0,-478.0,-125.406,1.44811e-06,88.4375,49.7638,91.5625,-43.396,-1381.4,-617.583,-1244.49,-395.852
-1312.0,-478.0,-128.755,1.44381e-06,88.4329,50.0012,91.5671,-43.396,-1381.4,-617.583,-1243.01,-395.776
-1310.0,-478.0,-132.565,1.43954e-06,88.4282,50.2402,91.5718,-43.396,-1381.4,-617.583,-1241.53,-395.7
-1308.0,-478.0,-136.102,1.43528e-06,88.4235,50.4809,91.5765,-43.396,-1381.4,-617.583,-1240.05,-395.624
-1306.0,-478.0,-139.429,1.43105e-06,88.4189,50.7232,91.5811,-43.396,-1381.4,-617.583,-1238.57,-395.548
-1304.0,-478.0,-142.715,1.42683e-06,88.4142,50.9673,91.5858,-43.396,-1381.4,-617.583,-1237.09,-395.472
-1302.0,-478.0,-146.105,1.42264e-06,88.4095,51.213,91.5905,-43.396,-1381.4,-617.583,-1235.62,-395.396
-1300.0,-478.0,-149.471,1.41848e-06,88.4049,51.4605,91.5951,-43.396,-1381.4,-617.583,-1234.14,-395.321
-1298.0,-478.0,-151.623,8.91534e-07,87.4615,-34.2447,92.5385,-35.9954,-1376.1,-617.359,-1254.99,-507.281
-1296.0,-478.0,-149.809,8.86034e-07,87.4458,-34.5823,92.5542,-35.9954,-1376.1,-617.359,-1255.0,-506.266
-1294.0,-478.0,-148.315,8.80557e-07,87.4299,-34.9258,92.5701,-35.9954,-1376.1,-617.359,-1255.01,-505.226
-1292.0,-478.0,-147.046,8.75102e-07,87.4138,-35.2753,92.5862,-35.9954,-1376.1,-617.359,-1255.02,-504.158
-1290.0,-478.0,-145.933,8.69672e-07,87.3977,-35.631,92.6023,-35.9954,-1376.1,-617.359,-1255.03,-503.062
-1288.0,-478.0,-143.602,6.99028e-07,86.7618,-118.454,93.2382,54.9672,-1393.06,-590.097,-1328.45,-552.64
-1286.0,-478.0,-141.226,7.02263e-07,86.7767,-119.627,93.2233,54.9672,-1393.06,-590.097,-1328.45,-552.64
-1284.0,-478.0,-138.242,7.05615e-07,86.7921,-120.774,93.2079,54.9672,-1393.06,-590.097,-1328.45,-552.64
-1282.0,-478.0,-134.102,7.09093e-07,86.7881,-121.894,93.2119,54.9672,-1393.06,-590.097,-1328.45,-552.64
-1280.0,-478.0,-126.589,7.12683e-07,86.7817,-122.987,93.2183,54.9672,-1393.06,-590.097,-1328.45,-552.64
-1278.0,-478.0,-122.095,7.16379e-07,86.7757,-124.054,93.2243,54.9672,-1393.06,-590.097,-1328.45,-552.64
-1276.0,-478.0,-128.769,1.54949e-06,88.3409,-137.998,91.4705,-15.1706,-1341.38,-615.896,-1338.83,-534.574
-1274.0,-478.0,-130.205,1.55447e-06,88.2678,-138.162,91.4725,-15.0058,-1340.79,-615.871,-1338.49,-535.735
-1272.0,-478.0,-131.429,1.55946e-06,88.1979,-138.325,91.4745,-14.842,-1340.2,-615.846,-1338.15,-536.886
-1270.0,-478.0,-138.551,6.82864e-07,86.4417,-127.724,93.5583,-43.396,-1381.4,-617.583,-1355.83,-588.959
-1268.0,-478.0,-137.02,6.87004e-07,86.4161,-128.364,93.5839,-43.396,-1381.4,-617.583,-1355.83,-588.959
-1266.0,-478.0,-135.214,6.91202e-07,86.3911,-128.994,93.6089,-43.396,-1381.4,-617.583,-1355.83,-588.959
-1264.0,-478.0,-133.009,6.95456e-07,86.3666,-129.612,93.6334,-43.396,-1381.4,-617.583,-1355.83,-588.959
-1262.0,-478.0,-130.176,6.99765e-07,86.3428,-130.219,93.6572,-43.396,-1381.4,-617.583,-1355.83,-588.959
-1260.0,-478.0,-126.251,7.04128e-07,86.32,-130.816,93.68,-43.396,-1381.4,-617.583,-1355.83,-588.959
-1258.0,-478.0,-120.335,7.08525e-07,86.32,-131.403,93.68,-43.396,-1381.4,-617.583,-1355.83,-588.959
-1256.0,-478.0,-116.733,7.12971e-07,86.3203,-131.955,93.6797,-43.3117,-1381.35,-617.58,-1342.6,-574.333
-1254.0,-478.0,-124.993,7.1747e-07,86.3209,-132.606,93.6791,-43.3117,-1381.35,-617.58,-1342.6,-574.333
-1252.0,-478.0,-130.055,7.22003e-07,86.3471,-133.244,93.6529,-43.3117,-1381.35,-617.58,-1342.6,-574.333
-1250.0,-478.0,-133.386,7.26575e-07,86.3924,-133.868,93.6076,-43.3117,-1381.35,-617.58,-1342.6,-574.333
-1248.0,-478.0,-135.82,7.31198e-07,86.4374,-134.48,93.5626,-43.3117,-1381.35,-617.58,-1342.6,-574.333
-1246.0,-478.0,-137.724,7.35875e-07,86.4794,-135.079,93.5206,-43.3117,-1381.35,-617.58,-1342.6,-574.333
-1244.0,-478.0,-134.519,8.07931e-07,86.7937,-138.515,93.2063,-35.9954,-1376.1,-617.359,-1356.19,-577.204
-1242.0,-478.0,-130.323,8.1294e-07,86.8135,-138.965,93.1865,-35.9954,-1376.1,-617.359,-1356.18,-577.383
-1240.0,-478.0,-132.592,8.17983e-07,86.8331,-139.406,93.1669,-35.9954,-1376.1,-617.359,-1356.18,-577.557
-1238.0,-478.0,-134.514,8.23059e-07,86.8527,-139.839,93.1473,-35.9954,-1376.1,-617.359,-1356.17,-577.726
-1236.0,-478.0,-136.127,8.28167e-07,86.8721,-140.265,93.1279,-35.9954,-1376.1,-617.359,-1356.17,-577.89
-1234.0,-478.0,-137.522,8.33307e-07,86.8914,-140.684,93.1086,-35.9954,-1376.1,-617.359,-1356.16,-578.049
-1232.0,-478.0,-138.775,8.38478e-07,86.9106,-141.095,93.0894,-35.9954,-1376.1,-617.359,-1356.16,-578.203
-1230.0,-478.0,-139.928,8.43678e-07,86.9297,-141.499,93.0703,-35.9954,-1376.1,-617.359,-1356.15,-578.353
-1228.0,-478.0,-141.014,8.48886e-07,86.9761,-141.895,93.0239,-35.9954,-1376.1,-617.359,-1356.15,-578.5
-1226.0,-478.0,-142.062,8.54115e-07,87.0325,-142.285,92.9675,-35.9954,-1376.1,-617.359,-1356.15,-578.642
-1224.0,-478.0,-156.041,8.44127e-07,87.0356,-144.45,92.9644,54.9672,-1393.06,-590.097,-1328.45,-552.64
-1222.0,-478.0,-155.34,1.73165e-06,88.5741,-162.995,91.4259,-15.5937,-1342.83,-615.957,-1345.29,-515.704
-1220.0,-478.0,-154.345,1.13798e-06,87.8583,-19.9293,92.1417,33.5575,-1384.69,-589.841,-1164.38,-498.166
-1218.0,-478.0,-152.924,1.1317e-06,87.875,-20.361,92.125,33.5575,-1384.69,-589.841,-1164.4,-497.891
-1216.0,-478.0,-154.923,1.75076e-06,88.645,-163.332,91.355,-15.5937,-1342.83,-615.957,-1345.27,-516.704
-1214.0,-478.0,-154.783,1.75714e-06,88.6683,-163.441,91.3317,-15.5937,-1342.83,-615.957,-1345.26,-517.029
-1212.0,-478.0,-154.642,1.76352e-06,88.6944,-163.549,91.3056,-15.5937,-1342.83,-615.957,-1345.26,-517.348
-1210.0,-478.0,-154.5,1.7699e-06,88.7265,-163.656,91.2735,-15.5937,-1342.83,-615.957,-1345.25,-517.664
-1208.0,-478.0,0.0,0.0,0.0,0.0,0.0,0.0,0.0,0.0,0.0,0.0
-1206.0,-478.0,0.0,0.0,0.0,0.0,0.0,0.0,0.0,0.0,0.0,0.0
-1204.0,-478.0,0.0,0.0,0.0,0.0,0.0,0.0,0.0,0.0,0.0,0.0
-1202.0,-478.0,0.0,0.0,0.0,0.0,0.0,0.0,0.0,0.0,0.0,0.0
-1600.0,-476.0,-161.922,8.11183e-07,87.8858,-41.5799,92.1142,169.301,-1476.53,-585.541,-1476.53,-585.541
-1598.0,-476.0,-162.095,8.06234e-07,87.8327,-42.0449,92.1673,169.301,-1476.53,-585.541,-1476.53,-585.541
-1596.0,-476.0,-162.249,8.01322e-07,87.7791,-42.5183,92.2209,169.301,-1476.53,-585.541,-1476.53,-585.541
-1594.0,-476.0,-162.386,7.96448e-07,87.725,-43.0005,92.275,169.301,-1476.53,-585.541,-1476.53,-585.541
-1592.0,-476.0,-163.472,1.05309e-06,88.2581,31.0631,91.7419,99.908,-1420.16,-484.607,-1517.02,-430.834
-1590.0,-476.0,-163.137,1.0474e-06,88.2332,31.3638,91.7668,99.908,-1420.16,-484.607,-1515.87,-430.814
-1588.0,-476.0,-162.726,1.04172e-06,88.2081,31.6698,91.7919,99.908,-1420.16,-484.607,-1514.72,-430.793
-1586.0,-476.0,-162.329,1.03606e-06,88.1827,31.9812,91.8173,99.908,-1420.16,-484.607,-1513.57,-430.773
-1584.0,-476.0,-162.009,1.03042e-06,88.1571,32.2981,91.8429,99.908,-1420.16,-484.607,-1512.42,-430.753
-1582.0,-476.0,-159.025,1.09389e-06,88.2493,38.129,91.7507,117.862,-1429.33,-544.506,-1524.63,-430.969
-1580.0,-476.0,-158.864,1.08867e-06,88.2261,38.3977,91.7739,117.862,-1429.33,-544.506,-1523.15,-430.942
-1578.0,-476.0,-158.777,1.08346e-06,88.2026,38.6696,91.7974,117.862,-1429.33,-544.506,-1521.66,-430.916
-1576.0,-476.0,-158.768,1.07827e-06,88.179,38.9447,91.821,117.862,-1429.33,-544.506,-1520.18,-430.89
-1574.0,-476.0,-158.848,1.0731e-06,88.1552,39.2232,91.8448,117.862,-1429.33,-544.506,-1518.7,-430.864
-1572.0,-476.0,-159.037,1.06795e-06,88.1311,39.505,91.8689,117.862,-1429.33,-544.506,-1517.22,-430.838
-1570.0,-476.0,-159.368,1.06283e-06,88.1069,39.7902,91.8931,117.862,-1429.33,-544.506,-1515.74,-430.812
-1568.0,-476.0,-159.889,1.05771e-06,88.1056,40.0789,91.8944,117.862,-1429.33,-544.506,-1514.27,-430.785
-1566.0,-476.0,-159.861,9.77242e-07,87.9661,37.9241,92.0339,96.8954,-1412.1,-499.96,-1507.82,-430.671
-1564.0,-476.0,-159.646,9.71984e-07,87.9717,38.2941,92.0283,96.8954,-1412.1,-499.96,-1506.56,-430.649
-1562.0,-476.0,-163.254,9.67684e-07,87.9793,41.6574,92.0207,89.6826,-1399.57,-523.105,-1511.11,-430.73
-1560.0,-476.0,-159.419,9.61539e-07,88.0021,39.0527,91.9979,96.8954,-1412.1,-499.96,-1504.05,-430.605
-1558.0,-476.0,-158.685,1.04144e-06,88.202,36.8011,91.798,130.064,-1425.6,-569.555,-1490.61,-425.583
-1556.0,-476.0,-158.208,1.03611e-06,88.2395,37.6325,91.7605,130.064,-1425.6,-569.555,-1490.61,-425.583
-1554.0,-476.0,-151.265,1.00424e-06,88.2319,44.7531,91.7681,129.985,-1425.61,-569.467,-1508.29,-430.68
-1552.0,-476.0,-147.725,9.98986e-07,88.271,46.0619,91.729,129.101,-1425.63,-568.463,-1508.33,-430.68
-1550.0,-476.0,-147.424,9.94346e-07,88.3117,46.3827,91.6883,129.101,-1425.63,-568.463,-1506.79,-430.653
-1548.0,-476.0,-124.229,9.89209e-07,88.3519,47.45,91.6481,133.784,-1425.51,-573.379,-1506.37,-430.646
-1546.0,-476.0,-127.159,9.84687e-07,88.3935,47.7361,91.6065,133.498,-1425.52,-573.104,-1504.76,-430.617
-1544.0,-476.0,-128.826,9.80203e-07,88.4055,48.0249,91.5945,133.209,-1425.53,-572.824,-1503.15,-430.589
-1542.0,-476.0,-128.108,9.75747e-07,88.4148,48.3164,91.5852,132.917,-1425.53,-572.539,-1501.54,-430.56
-1540.0,-476.0,-125.52,9.71315e-07,88.4242,48.6105,91.5758,132.623,-1425.54,-572.247,-1499.93,-430.532
-1538.0,-476.0,-136.772,9.66915e-07,88.4337,49.2878,91.5663,132.426,-1425.55,-572.049,-1498.86,-430.513
-1536.0,-476.0,-148.175,9.86806e-07,88.4934,48.0029,91.5066,130.064,-1425.6,-569.555,-1490.61,-425.583
-1534.0,-476.0,-142.385,1.01351e-06,88.5649,-47.3215,91.4351,129.985,-1425.61,-569.467,-1528.55,-481.912
-1532.0,-476.0,-140.008,9.78076e-07,88.5459,50.6149,91.4541,130.064,-1425.6,-569.555,-1490.61,-425.583
-1530.0,-476.0,-127.46,9.73891e-07,88.5728,51.9993,91.4272,130.064,-1425.6,-569.555,-1490.61,-425.583
-1528.0,-476.0,-127.435,9.69799e-07,88.6001,52.5433,91.3999,129.985,-1425.61,-569.467,-1489.35,-425.55
-1526.0,-476.0,-130.305,1.16067e-06,88.8582,67.8465,91.1418,111.147,-1467.7,-424.973,-1507.54,-430.666
-1524.0,-476.0,-130.239,1.15816e-06,88.8836,68.1524,91.1164,110.841,-1466.64,-424.945,-1505.81,-430.636
-1522.0,-476.0,-130.405,1.15568e-06,88.9091,68.4595,91.0909,110.534,-1465.58,-424.916,-1504.08,-430.605
-1520.0,-476.0,-130.198,1.15324e-06,88.9348,68.768,91.0652,110.225,-1464.52,-424.888,-1502.35,-430.575
-1518.0,-476.0,-129.073,1.15083e-06,88.9606,69.0777,91.0394,109.916,-1463.45,-424.86,-1500.62,-430.544
-1516.0,-476.0,-127.28,1.14845e-06,88.9866,69.3887,91.0134,109.605,-1462.39,-424.831,-1498.89,-430.514
-1514.0,-476.0,-143.008,9.42356e-07,88.7991,55.7864,91.2009,129.985,-1425.61,-569.467,-1479.52,-425.288
-1512.0,-476.0,-144.156,9.38632e-07,88.7838,56.2715,91.2162,129.985,-1425.61,-569.467,-1478.12,-425.25
-1510.0,-476.0,-135.968,1.20198e-06,89.0368,-66.523,90.9632,107.764,-1456.17,-424.666,-1507.91,-480.815
-1508.0,-476.0,-138.79,1.16931e-06,88.9961,70.9684,91.0039,107.764,-1456.17,-424.666,-1490.61,-425.583
-1506.0,-476.0,-119.418,1.16724e-06,88.9805,72.3714,91.0195,107.648,-1455.78,-424.655,-1489.97,-425.566
-1504.0,-476.0,-119.054,1.16524e-06,88.9649,72.6842,91.0351,107.335,-1454.74,-424.627,-1488.26,-425.521
-1502.0,-476.0,-118.776,1.16327e-06,88.9493,72.9981,91.0507,107.021,-1453.7,-424.6,-1486.55,-425.475
-1500.0,-476.0,-118.569,1.16135e-06,88.9336,73.313,91.0664,106.706,-1452.65,-424.572,-1484.84,-425.429
-1498.0,-476.0,-118.424,1.15945e-06,88.9211,73.6289,91.0789,106.39,-1451.61,-424.544,-1483.13,-425.384
-1496.0,-476.0,-118.334,1.15759e-06,88.9194,73.9459,91.0806,106.073,-1450.56,-424.516,-1481.42,-425.338
-1494.0,-476.0,-118.294,1.15576e-06,88.9177,74.2639,91.0823,105.755,-1449.52,-424.488,-1479.71,-425.293
-1492.0,-476.0,-126.058,8.47842e-07,88.5245,-63.1478,91.4755,69.6665,-1396.35,-590.142,-1490.04,-479.865
-1490.0,-476.0,-123.775,8.35474e-07,88.5026,-65.2331,91.4974,111.734,-1469.75,-425.027,-1488.26,-479.77
-1488.0,-476.0,-114.204,8.0944e-07,88.4545,71.0911,91.5455,111.961,-1470.55,-425.049,-1470.55,-425.049
-1486.0,-476.0,-113.245,8.07303e-07,88.4504,71.5394,91.5496,111.513,-1468.98,-425.007,-1468.98,-425.007
-1484.0,-476.0,-112.55,8.05215e-07,88.4464,71.99,91.5536,111.062,-1467.41,-424.965,-1467.41,-424.965
-1482.0,-476.0,-112.042,8.03178e-07,88.4424,72.4429,91.5576,110.609,-1465.84,-424.923,-1465.84,-424.923
-1480.0,-476.0,-111.669,8.01191e-07,88.4386,72.8981,91.5614,110.154,-1464.27,-424.881,-1464.27,-424.881
-1478.0,-476.0,-111.393,7.99254e-07,88.4348,73.3555,91.5652,109.697,-1462.71,-424.84,-1462.71,-424.84
-1476.0,-476.0,-111.189,7.97369e-07,88.4311,73.8151,91.5689,109.237,-1461.14,-424.798,-1461.14,-424.798
-1474.0,-476.0,-111.041,7.95538e-07,88.4197,74.2768,91.5803,108.775,-1459.57,-424.756,-1459.57,-424.756
-1472.0,-476.0,-110.938,7.93765e-07,88.3959,74.7407,91.6041,108.311,-1458.01,-424.715,-1458.01,-424.715
-1470.0,-476.0,-110.871,7.92043e-07,88.372,75.2066,91.628,107.846,-1456.45,-424.673,-1456.45,-424.673
-1468.0,-476.0,-110.836,7.90374e-07,88.3481,75.6746,91.6519,107.378,-1454.88,-424.631,-1454.88,-424.631
-1466.0,-476.0,-110.83,7.88757e-07,88.328,76.1445,91.672,106.908,-1453.32,-424.59,-1453.32,-424.59
-1464.0,-476.0,-110.851,7.87186e-07,88.3246,76.6163,91.6754,106.436,-1451.76,-424.548,-1451.76,-424.548
-1462.0,-476.0,-110.899,7.85669e-07,88.3214,77.0899,91.6786,105.962,-1450.2,-424.506,-1450.2,-424.506
-1460.0,-476.0,-110.976,7.84205e-07,88.3182,77.5654,91.6818,105.487,-1448.64,-424.465,-1448.64,-424.465
-1458.0,-476.0,-111.082,7.82796e-07,88.3152,78.0426,91.6848,105.01,-1447.08,-424.423,-1447.08,-424.423
-1456.0,-476.0,-111.221,7.81441e-07,88.3123,78.5215,91.6877,104.531,-1445.52,-424.382,-1445.52,-424.382
-1454.0,-476.0,-111.395,7.80141e-07,88.3095,79.002,91.6905,104.05,-1443.96,-424.34,-1443.96,-424.34
-1452.0,-476.0,-110.067,5.49217e-07,87.5983,-47.8264,92.4017,131.381,-1425.57,-570.976,-1397.6,-536.05
-1450.0,-476.0,-103.946,4.46717e-07,87.0468,-68.0394,92.9532,111.961,-1450.0,-476.0,-1400.0,-600.0
-1448.0,-476.0,-103.898,4.44267e-07,87.0305,-68.8387,92.9695,111.161,-1448.0,-476.0,-1400.0,-600.0
-1446.0,-476.0,-103.852,4.41905e-07,87.0146,-69.6468,92.9854,110.353,-1446.0,-476.0,-1400.0,-600.0
-1444.0,-476.0,-103.807,4.39632e-07,86.9991,-70.4633,93.0009,109.537,-1444.0,-476.0,-1400.0,-600.0
-1442.0,-476.0,-103.764,4.37449e-07,86.9841,-71.2883,93.0159,108.712,-1442.0,-476.0,-1400.0,-600.0
-1440.0,-476.0,-103.722,4.35357e-07,86.9696,-72.1213,93.0304,107.879,-1440.0,-476.0,-1400.0,-600.0
-1438.0,-476.0,-103.682,4.33357e-07,86.9556,-72.9622,93.0444,107.038,-1438.0,-476.0,-1400.0,-600.0
-1436.0,-476.0,-103.644,4.31452e-07,86.9422,-73.8108,93.0578,106.189,-1436.0,-476.0,-1400.0,-600.0
-1434.0,-476.0,-103.607,4.29642e-07,86.9293,-74.6667,93.0707,105.333,-1434.0,-476.0,-1400.0,-600.0
-1432.0,-476.0,-103.572,4.27928e-07,86.9169,-75.5297,93.0831,104.47,-1432.0,-476.0,-1400.0,-600.0
-1430.0,-476.0,-103.539,4.26312e-07,86.9052,-76.3995,93.0948,103.601,-1430.0,-476.0,-1400.0,-600.0
-1428.0,-476.0,-103.508,4.24794e-07,86.8942,-77.2756,93.1058,102.724,-1428.0,-476.0,-1400.0,-600.0
-1426.0,-476.0,-103.479,4.23387e-07,86.8574,-78.1579,93.1426,101.842,-1426.0,-476.0,-1400.0,-600.0
-1424.0,-476.0,-103.453,4.22086e-07,86.8094,-79.0459,93.1906,100.954,-1424.0,-476.0,-1400.0,-600.0
-1422.0,-476.0,-103.428,4.20887e-07,86.7619,-79.9393,93.2381,100.061,-1422.0,-476.0,-1400.0,-600.0
-1420.0,-476.0,0.0,0.0,0.0,0.0,0.0,0.0,0.0,0.0,0.0,0.0
-1418.0,-476.0,0.0,0.0,0.0,0.0,0.0,0.0,0.0,0.0,0.0,0.0
-1416.0,-476.0,0.0,0.0,0.0,0.0,0.0,0.0,0.0,0.0,0.0,0.0
-1414.0,-476.0,0.0,0.0,0.0,0.0,0.0,0.0,0.0,0.0,0.0,0.0
-1412.0,-476.0,0.0,0.0,0.0,0.0,0.0,0.0,0.0,0.0,0.0,0.0
-1410.0,-476.0,0.0,0.0,0.0,0.0,0.0,0.0,0.0,0.0,0.0,0.0
-1408.0,-476.0,-183.895,1.59857e-06,89.0772,9.28896,90.9228,132.426,-1425.55,-572.049,-1330.85,-463.382
-1406.0,-476.0,-183.751,1.592e-06,89.0632,9.36373,90.9368,132.426,-1425.55,-572.049,-1330.86,-463.609
-1404.0,-476.0,-183.608,1.58542e-06,89.0491,9.4397,90.9509,132.426,-1425.55,-572.049,-1330.86,-463.84
-1402.0,-476.0,-183.465,1.57884e-06,89.0349,9.5169,90.9651,132.426,-1425.55,-572.049,-1330.86,-464.074
-1400.0,-476.0,-171.966,9.60712e-07,88.3971,25.3246,91.6029,113.553,-1429.64,-532.017,-1333.8,-444.672
-1398.0,-476.0,-155.408,8.66995e-07,88.2051,121.173,91.7949,111.97,-1429.78,-526.194,-1429.49,-423.955
-1396.0,-476.0,-157.138,8.70483e-07,88.1938,121.714,91.8062,111.97,-1429.78,-526.194,-1428.18,-423.92
-1394.0,-476.0,-159.691,8.74019e-07,88.1945,122.249,91.8055,111.97,-1429.78,-526.194,-1426.88,-423.885
-1392.0,-476.0,-163.613,8.77605e-07,88.2019,122.777,91.7981,111.97,-1429.78,-526.194,-1425.58,-423.851
-1390.0,-476.0,-168.006,8.97826e-07,88.2424,123.429,91.7576,85.9366,-1397.78,-568.791,-1424.44,-423.82
-1388.0,-476.0,-168.016,9.0152e-07,88.2496,123.83,91.7504,85.9366,-1397.78,-568.791,-1423.0,-423.782
-1386.0,-476.0,-167.495,8.88665e-07,88.2242,124.326,91.7758,111.97,-1429.78,-526.194,-1421.68,-423.747
-1384.0,-476.0,-163.531,8.92451e-07,88.2318,124.831,91.7682,111.97,-1429.78,-526.194,-1420.38,-423.712
-1382.0,-476.0,-174.356,9.22574e-07,88.2895,127.141,91.7105,87.7729,-1398.22,-554.308,-1421.58,-423.744
-1380.0,-476.0,-171.095,1.6484e-06,89.0427,82.8757,90.9573,-43.3117,-1381.35,-617.58,-1360.73,-321.809
-1378.0,-476.0,-181.816,1.50001e-06,88.9373,10.5513,91.0627,132.426,-1425.55,-572.049,-1330.91,-467.229
-1376.0,-476.0,-186.889,2.34959e-06,89.3147,66.5978,90.6853,-21.9669,-1358.77,-616.629,-1331.59,-373.379
-1374.0,-476.0,-187.375,2.34696e-06,89.307,66.8264,90.693,-21.9669,-1358.77,-616.629,-1330.06,-373.349
-1372.0,-476.0,-188.005,2.34435e-06,89.2994,67.0558,90.7006,-21.9669,-1358.77,-616.629,-1328.53,-373.32
-1370.0,-476.0,-183.325,1.56768e-06,88.9337,-20.4453,91.0663,-13.7653,-1335.91,-615.702,-1334.81,-489.12
-1368.0,-476.0,-172.872,1.20091e-06,88.5811,-40.9986,91.4189,-2.76158,-1239.86,-607.725,-1334.48,-505.138
-1366.0,-476.0,-166.865,1.14393e-06,88.4822,-46.2402,91.5178,-2.76158,-1239.86,-607.725,-1239.86,-607.725
-1364.0,-476.0,-166.88,1.13935e-06,88.4477,-46.6975,91.5523,-2.76158,-1239.86,-607.725,-1239.86,-607.725
-1362.0,-476.0,-171.23,1.18598e-06,88.4815,-42.1554,91.5185,-2.76158,-1239.86,-607.725,-1334.57,-500.836
-1360.0,-476.0,-164.91,1.46919e-06,88.7523,-64.2437,91.2477,-14.6085,-1339.34,-615.81,-1329.2,-539.827
-1358.0,-476.0,-165.309,1.46638e-06,88.7279,-65.7178,91.2721,-14.6085,-1339.34,-615.81,-1329.2,-539.827
-1356.0,-476.0,-166.269,1.46373e-06,88.7053,-67.2269,91.2947,-14.6085,-1339.34,-615.81,-1329.2,-539.827
-1354.0,-476.0,-165.895,1.57463e-06,88.7863,-8.62152,91.2137,33.5575,-1384.69,-589.841,-1163.89,-504.824
-1352.0,-476.0,-165.778,1.56804e-06,88.7709,-8.69911,91.2291,33.5575,-1384.69,-589.841,-1163.89,-504.781
-1350.0,-476.0,-165.659,1.56145e-06,88.7553,-8.77811,91.2447,33.5575,-1384.69,-589.841,-1163.9,-504.737
-1348.0,-476.0,-165.524,1.4548e-06,88.653,-73.5919,91.347,-14.6085,-1339.34,-615.81,-1329.2,-539.827
-1346.0,-476.0,-165.42,1.54828e-06,88.714,-8.94045,91.286,33.5575,-1384.69,-589.841,-1163.9,-504.647
-1344.0,-476.0,-165.3,1.54171e-06,88.6875,-9.02387,91.3125,33.5575,-1384.69,-589.841,-1163.91,-504.601
-1342.0,-476.0,-165.178,1.53513e-06,88.6609,-9.10885,91.3391,33.5575,-1384.69,-589.841,-1163.91,-504.553
-1340.0,-476.0,-165.056,1.52856e-06,88.634,-9.19543,91.366,33.5575,-1384.69,-589.841,-1163.92,-504.505
-1338.0,-476.0,-163.268,9.68569e-07,87.8105,35.5147,92.1895,-43.3117,-1381.35,-617.58,-1325.74,-467.248
-1336.0,-476.0,-160.868,9.63174e-07,87.7647,35.8398,92.2353,-43.3117,-1381.35,-617.58,-1323.83,-467.212
-1334.0,-476.0,-164.687,1.50885e-06,88.5519,-9.46525,91.4481,33.5575,-1384.69,-589.841,-1163.93,-504.355
-1332.0,-476.0,-164.563,1.50228e-06,88.5275,-9.55872,91.4725,33.5575,-1384.69,-589.841,-1163.93,-504.302
-1330.0,-476.0,-156.585,9.47113e-07,87.6469,36.8468,92.3531,-43.3117,-1381.35,-617.58,-1318.13,-467.104
-1328.0,-476.0,-155.858,9.41801e-07,87.6165,37.1933,92.3835,-43.3117,-1381.35,-617.58,-1316.23,-467.068
-1326.0,-476.0,-155.287,9.36514e-07,87.5858,37.5454,92.4142,-43.3117,-1381.35,-617.58,-1314.33,-467.032
-1324.0,-476.0,-154.811,9.31251e-07,87.5566,37.9033,92.4434,-43.3117,-1381.35,-617.58,-1312.44,-466.996
-1322.0,-476.0,-154.407,9.26003e-07,87.5428,38.2669,92.4572,-43.3117,-1381.35,-617.58,-1310.54,-466.96
-1320.0,-476.0,-161.235,8.86597e-07,87.4335,-32.0317,92.5665,-43.3117,-1381.35,-617.58,-1254.88,-516.74
-1318.0,-476.0,-159.314,8.80956e-07,87.417,-32.3693,92.583,-43.3117,-1381.35,-617.58,-1254.89,-516.002
-1316.0,-476.0,-157.779,8.75336e-07,87.4004,-32.7133,92.5996,-43.3117,-1381.35,-617.58,-1254.9,-515.246
-1314.0,-476.0,-127.04,1.44303e-06,88.4235,49.5704,91.5765,-43.3117,-1381.35,-617.58,-1245.77,-395.918
-1312.0,-476.0,-125.314,1.43872e-06,88.4187,49.8005,91.5813,-43.396,-1381.4,-617.583,-1244.26,-395.84
-1310.0,-476.0,-129.366,1.43442e-06,88.414,50.0398,91.586,-43.396,-1381.4,-617.583,-1242.77,-395.764
-1308.0,-476.0,-133.171,1.43015e-06,88.4092,50.2808,91.5908,-43.396,-1381.4,-617.583,-1241.28,-395.687
-1306.0,-476.0,-136.673,1.42589e-06,88.4045,50.5235,91.5955,-43.396,-1381.4,-617.583,-1239.79,-395.611
-1304.0,-476.0,-139.978,1.42166e-06,88.3997,50.7679,91.6003,-43.396,-1381.4,-617.583,-1238.3,-395.534
-1302.0,-476.0,-143.297,1.41746e-06,88.395,51.014,91.605,-43.396,-1381.4,-617.583,-1236.81,-395.458
-1300.0,-476.0,-146.728,1.41327e-06,88.3902,51.2618,91.6098,-43.396,-1381.4,-617.583,-1235.32,-395.381
-1298.0,-476.0,-149.255,8.95319e-07,87.4585,-34.7335,92.5415,-35.9954,-1376.1,-617.359,-1255.0,-505.81
-1296.0,-476.0,-147.893,8.89851e-07,87.4428,-35.0733,92.5572,-35.9954,-1376.1,-617.359,-1255.01,-504.777
-1294.0,-476.0,-146.716,8.84407e-07,87.4271,-35.419,92.5729,-35.9954,-1376.1,-617.359,-1255.03,-503.717
-1292.0,-476.0,-145.67,8.78986e-07,87.4112,-35.7706,92.5888,-35.9954,-1376.1,-617.359,-1255.04,-502.629
-1290.0,-476.0,-144.717,8.73589e-07,87.3952,-36.1284,92.6048,-35.9954,-1376.1,-617.359,-1255.05,-501.512
-1288.0,-476.0,-144.832,7.04916e-07,86.7713,-117.824,93.2287,54.9672,-1393.06,-590.097,-1328.45,-552.64
-1286.0,-476.0,-142.768,7.08085e-07,86.7858,-118.98,93.2142,54.9672,-1393.06,-590.097,-1328.45,-552.64
-1284.0,-476.0,-140.217,7.11381e-07,86.7864,-120.112,93.2136,54.9672,-1393.06,-590.097,-1328.45,-552.64
-1282.0,-476.0,-136.987,7.14795e-07,86.7791,-121.218,93.2209,54.9672,-1393.06,-590.097,-1328.45,-552.64
-1280.0,-476.0,-132.101,7.18318e-07,86.7724,-122.299,93.2276,54.9672,-1393.06,-590.097,-1328.45,-552.64
-1278.0,-476.0,-122.466,7.21946e-07,86.7663,-123.355,93.2337,54.9672,-1393.06,-590.097,-1328.45,-552.64
-1276.0,-476.0,-129.935,1.55397e-06,88.2689,-137.814,91.4682,-15.3534,-1342.01,-615.922,-1339.21,-533.283
-1274.0,-476.0,-131.123,1.55894e-06,88.198,-137.978,91.4703,-15.1884,-1341.44,-615.898,-1338.86,-534.449
-1272.0,-476.0,-132.328,1.56392e-06,88.1303,-138.141,91.4723,-15.0245,-1340.86,-615.874,-1338.53,-535.604
-1270.0,-476.0,-133.483,1.56891e-06,88.0655,-138.303,91.4743,-14.8616,-1340.27,-615.849,-1338.19,-536.749
-1268.0,-476.0,-138.362,6.92271e-07,86.4076,-127.867,93.5924,-43.396,-1381.4,-617.583,-1355.83,-588.959
-1266.0,-476.0,-136.808,6.96424e-07,86.3826,-128.494,93.6174,-43.396,-1381.4,-617.583,-1355.83,-588.959
-1264.0,-476.0,-134.969,7.00633e-07,86.3582,-129.11,93.6418,-43.396,-1381.4,-617.583,-1355.83,-588.959
-1262.0,-476.0,-132.714,7.04897e-07,86.3343,-129.716,93.6657,-43.396,-1381.4,-617.583,-1355.83,-588.959
-1260.0,-476.0,-129.798,7.09201e-07,86.3289,-130.311,93.6711,-43.396,-1381.4,-617.583,-1355.83,-588.959
-1258.0,-476.0,-125.744,7.13553e-07,86.3286,-130.895,93.6714,-43.396,-1381.4,-617.583,-1355.83,-588.959
-1256.0,-476.0,-119.676,7.17957e-07,86.3287,-131.47,93.6713,-43.396,-1381.4,-617.583,-1355.83,-588.959
-1254.0,-476.0,-117.807,7.22409e-07,86.3289,-132.02,93.6711,-43.3117,-1381.35,-617.58,-1342.6,-574.333
-1252.0,-476.0,-124.563,8.86529e-07,87.0118,-122.28,92.9882,54.9672,-1393.06,-590.097,-1313.64,-573.578
-1250.0,-476.0,-130.429,7.31413e-07,86.3994,-133.28,93.6006,-43.3117,-1381.35,-617.58,-1342.6,-574.333
-1248.0,-476.0,-133.635,7.35988e-07,86.4437,-133.892,93.5563,-43.3117,-1381.35,-617.58,-1342.6,-574.333
-1246.0,-476.0,-136.002,7.40613e-07,86.4878,-134.491,93.5122,-43.3117,-1381.35,-617.58,-1342.6,-574.333
-1244.0,-476.0,-137.864,7.45295e-07,86.5239,-135.078,93.4761,-43.3117,-1381.35,-617.58,-1342.6,-574.333
-1242.0,-476.0,-139.384,7.50035e-07,86.5459,-135.653,93.4541,-43.3117,-1381.35,-617.58,-1342.6,-574.333
-1240.0,-476.0,-130.079,8.22341e-07,86.8499,-138.899,93.1501,-35.9954,-1376.1,-617.359,-1356.19,-577.357
-1238.0,-476.0,-132.367,8.27379e-07,86.8691,-139.334,93.1309,-35.9954,-1376.1,-617.359,-1356.18,-577.529
-1236.0,-476.0,-134.319,8.32449e-07,86.8882,-139.761,93.1118,-35.9954,-1376.1,-617.359,-1356.17,-577.695
-1234.0,-476.0,-135.951,8.37552e-07,86.9072,-140.181,93.0928,-35.9954,-1376.1,-617.359,-1356.17,-577.857
-1232.0,-476.0,-137.361,8.42685e-07,86.9261,-140.593,93.0739,-35.9954,-1376.1,-617.359,-1356.17,-578.014
-1230.0,-476.0,-138.621,8.47849e-07,86.9448,-140.999,93.0552,-35.9954,-1376.1,-617.359,-1356.16,-578.167
-1228.0,-476.0,-139.775,8.53021e-07,86.9908,-141.397,93.0092,-35.9954,-1376.1,-617.359,-1356.16,-578.316
-1226.0,-476.0,-140.857,8.58214e-07,87.0467,-141.789,92.9533,-35.9954,-1376.1,-617.359,-1356.15,-578.46
-1224.0,-476.0,-141.896,8.63436e-07,87.102,-142.174,92.898,-35.9954,-1376.1,-617.359,-1356.15,-578.601
-1222.0,-476.0,-156.063,8.53399e-07,87.1057,-144.247,92.8943,54.9672,-1393.06,-590.097,-1328.45,-552.64
-1220.0,-476.0,-156.403,8.58797e-07,87.1616,-144.751,92.8384,54.9672,-1393.06,-590.097,-1328.45,-552.64
-1218.0,-476.0,-156.816,1.7999e-06,88.664,-12.0476,91.336,-15.5937,-1342.83,-615.957,-1209.63,-477.786
-1216.0,-476.0,-156.892,1.79336e-06,88.6772,-12.1244,91.3228,-15.5937,-1342.83,-615.957,-1209.65,-477.365
-1214.0,-476.0,-155.399,1.75906e-06,88.6706,-163.077,91.3294,-15.5937,-1342.83,-615.957,-1345.28,-515.946
-1212.0,-476.0,-155.264,1.76543e-06,88.7029,-163.187,91.2971,-15.5937,-1342.83,-615.957,-1345.28,-516.273
-1210.0,-476.0,-155.128,1.7718e-06,88.7348,-163.295,91.2652,-15.5937,-1342.83,-615.957,-1345.27,-516.596
-1208.0,-476.0,0.0,0.0,0.0,0.0,0.0,0.0,0.0,0.0,0.0,0.0
-1206.0,-476.0,0.0,0.0,0.0,0.0,0.0,0.0,0.0,0.0,0.0,0.0
-1204.0,-476.0,0.0,0.0,0.0,0.0,0.0,0.0,0.0,0.0,0.0,0.0
-1202.0,-476.0,0.0,0.0,0.0,0.0,0.0,0.0,0.0,0.0,0.0,0.0
-1600.0,-474.0,-162.244,8.15648e-07,87.867,-42.0951,92.133,169.301,-1476.53,-585.541,-1476.53,-585.541
-1598.0,-474.0,-162.394,8.10739e-07,87.8143,-42.5609,92.1857,169.301,-1476.53,-585.541,-1476.53,-585.541
-1596.0,-474.0,-162.527,8.05867e-07,87.761,-43.0351,92.239,169.301,-1476.53,-585.541,-1476.53,-585.541
-1594.0,-474.0,-163.246,1.05285e-06,88.2613,32.8784,91.7387,82.1554,-1396.76,-576.497,-1527.51,-431.02
-1592.0,-474.0,-163.518,1.04968e-06,88.2407,30.5655,91.7593,99.908,-1420.16,-484.607,-1518.97,-430.869
-1590.0,-474.0,-163.468,1.04396e-06,88.2156,30.8635,91.7844,99.908,-1420.16,-484.607,-1517.79,-430.848
-1588.0,-474.0,-163.226,1.03825e-06,88.1902,31.1667,91.8098,99.908,-1420.16,-484.607,-1516.62,-430.827
-1586.0,-474.0,-162.845,1.03256e-06,88.1646,31.4753,91.8354,99.908,-1420.16,-484.607,-1515.45,-430.806
-1584.0,-474.0,-162.421,1.02689e-06,88.1387,31.7895,91.8613,99.908,-1420.16,-484.607,-1514.27,-430.786
-1582.0,-474.0,-162.042,1.02124e-06,88.1126,32.1093,91.8874,99.908,-1420.16,-484.607,-1513.1,-430.765
-1580.0,-474.0,-158.986,1.08454e-06,88.2079,38.055,91.7921,117.862,-1429.33,-544.506,-1525.04,-430.976
-1578.0,-474.0,-158.804,1.07931e-06,88.1842,38.3261,91.8158,117.862,-1429.33,-544.506,-1523.54,-430.949
-1576.0,-474.0,-158.696,1.0741e-06,88.1604,38.6006,91.8396,117.862,-1429.33,-544.506,-1522.04,-430.923
-1574.0,-474.0,-158.667,1.0689e-06,88.1363,38.8783,91.8637,117.862,-1429.33,-544.506,-1520.54,-430.896
-1572.0,-474.0,-158.726,1.06373e-06,88.1121,39.1594,91.8879,117.862,-1429.33,-544.506,-1519.04,-430.87
-1570.0,-474.0,-158.891,1.05857e-06,88.1035,39.444,91.8965,117.862,-1429.33,-544.506,-1517.54,-430.843
-1568.0,-474.0,-159.191,1.05342e-06,88.1096,39.732,91.8904,117.862,-1429.33,-544.506,-1516.04,-430.817
-1566.0,-474.0,-159.674,1.04829e-06,88.1158,40.0236,91.8842,117.862,-1429.33,-544.506,-1514.55,-430.79
-1564.0,-474.0,-159.815,9.67865e-07,87.9758,37.8185,92.0242,96.8954,-1412.1,-499.96,-1508.19,-430.678
-1562.0,-474.0,-159.574,9.626e-07,87.9815,38.1932,92.0185,96.8954,-1412.1,-499.96,-1506.91,-430.655
-1560.0,-474.0,-159.407,9.57351e-07,88.0063,38.5742,91.9937,96.8954,-1412.1,-499.96,-1505.62,-430.633
-1558.0,-474.0,-159.11,1.03749e-06,88.2071,35.6953,91.7929,130.064,-1425.6,-569.555,-1490.61,-425.583
-1556.0,-474.0,-158.62,1.03208e-06,88.2446,36.517,91.7554,130.064,-1425.6,-569.555,-1490.61,-425.583
-1554.0,-474.0,-154.092,9.99618e-07,90.2275,44.1713,91.9747,129.985,-1425.61,-569.467,-1533.44,-454.027
-1552.0,-474.0,-151.175,9.94775e-07,88.2761,44.7498,91.7239,129.985,-1425.61,-569.467,-1508.3,-430.68
-1550.0,-474.0,-147.621,9.89523e-07,88.3159,46.0736,91.6841,129.101,-1425.63,-568.463,-1508.27,-430.679
-1548.0,-474.0,-147.324,9.84884e-07,88.3572,46.398,91.6428,129.101,-1425.63,-568.463,-1506.72,-430.652
-1546.0,-474.0,-124.391,9.79765e-07,88.3757,47.4736,91.6243,133.76,-1425.52,-573.356,-1506.23,-430.643
-1544.0,-474.0,-127.315,9.7526e-07,88.3848,47.7626,91.6152,133.471,-1425.52,-573.079,-1504.61,-430.615
-1542.0,-474.0,-128.787,9.70781e-07,88.3939,48.0543,91.6061,133.179,-1425.53,-572.796,-1502.98,-430.586
-1540.0,-474.0,-127.804,9.66327e-07,88.4032,48.3487,91.5968,132.885,-1425.53,-572.507,-1501.36,-430.557
-1538.0,-474.0,-125.084,9.61898e-07,88.4127,48.6459,91.5873,132.588,-1425.54,-572.212,-1499.74,-430.528
-1536.0,-474.0,-139.394,9.57502e-07,88.4343,49.4996,91.5657,132.426,-1425.55,-572.049,-1498.86,-430.513
-1534.0,-474.0,-142.454,1.01843e-06,88.5597,-47.6758,91.4403,129.985,-1425.61,-569.467,-1526.88,-481.823
-1532.0,-474.0,-142.662,1.01394e-06,88.5852,-48.0647,91.4148,129.985,-1425.61,-569.467,-1525.06,-481.726
-1530.0,-474.0,-132.092,1.15964e-06,88.7908,67.1112,91.2092,111.882,-1470.27,-425.041,-1511.74,-430.741
-1528.0,-474.0,-125.736,9.64521e-07,88.5796,52.2001,91.4204,129.985,-1425.61,-569.467,-1490.44,-425.579
-1526.0,-474.0,-128.444,9.60438e-07,88.6072,52.6487,91.3928,129.985,-1425.61,-569.467,-1489.02,-425.541
-1524.0,-474.0,-130.162,1.15197e-06,88.8668,68.0288,91.1332,110.965,-1467.07,-424.956,-1506.51,-430.648
-1522.0,-474.0,-130.288,1.14948e-06,88.8925,68.3373,91.1075,110.656,-1466.0,-424.927,-1504.77,-430.617
-1520.0,-474.0,-130.317,1.14702e-06,88.9182,68.6472,91.0818,110.346,-1464.93,-424.899,-1503.03,-430.587
-1518.0,-474.0,-129.564,1.1446e-06,88.9441,68.9584,91.0559,110.035,-1463.86,-424.871,-1501.29,-430.556
-1516.0,-474.0,-127.944,1.14221e-06,88.9702,69.2709,91.0298,109.723,-1462.79,-424.842,-1499.55,-430.525
-1514.0,-474.0,-142.096,9.36855e-07,88.7789,55.4556,91.2211,129.985,-1425.61,-569.467,-1480.48,-425.313
-1512.0,-474.0,-141.485,1.21078e-06,89.047,-65.619,90.953,107.764,-1456.17,-424.666,-1508.89,-480.867
-1510.0,-474.0,-138.698,8.82387e-07,88.6739,-59.7306,91.3261,69.5502,-1396.34,-590.198,-1506.08,-480.717
-1508.0,-474.0,-139.091,8.7905e-07,88.6505,-60.122,91.3495,69.5502,-1396.34,-590.198,-1504.2,-480.617
-1506.0,-474.0,-138.247,8.75753e-07,88.627,-60.5164,91.373,69.5502,-1396.34,-590.198,-1502.32,-480.517
-1504.0,-474.0,-119.107,1.15887e-06,88.9486,72.586,91.0514,107.433,-1455.07,-424.636,-1488.8,-425.535
-1502.0,-474.0,-118.802,1.1569e-06,88.9328,72.9014,91.0672,107.118,-1454.02,-424.608,-1487.08,-425.489
-1500.0,-474.0,-118.573,1.15496e-06,88.917,73.2179,91.083,106.801,-1452.97,-424.58,-1485.36,-425.443
-1498.0,-474.0,-118.409,1.15305e-06,88.9151,73.5354,91.0849,106.484,-1451.92,-424.552,-1483.64,-425.397
-1496.0,-474.0,-118.302,1.15118e-06,88.9133,73.854,91.0867,106.165,-1450.87,-424.524,-1481.92,-425.352
-1494.0,-474.0,-118.248,1.14934e-06,88.9116,74.1736,91.0884,105.846,-1449.81,-424.496,-1480.2,-425.306
-1492.0,-474.0,-118.242,1.14754e-06,88.9099,74.4943,91.0901,105.525,-1448.76,-424.468,-1478.48,-425.26
-1490.0,-474.0,-122.657,8.41536e-07,88.5134,-65.4235,91.4866,111.544,-1469.08,-425.01,-1487.38,-479.723
-1488.0,-474.0,-120.224,8.38784e-07,88.5086,-65.8382,91.4914,111.129,-1467.64,-424.971,-1485.48,-479.622
-1486.0,-474.0,-113.459,8.00978e-07,88.4381,71.3882,91.5619,111.664,-1469.51,-425.021,-1469.51,-425.021
-1484.0,-474.0,-112.679,7.98874e-07,88.434,71.8419,91.566,111.21,-1467.92,-424.979,-1467.92,-424.979
-1482.0,-474.0,-112.112,7.9682e-07,88.43,72.2981,91.57,110.754,-1466.34,-424.937,-1466.34,-424.937
-1480.0,-474.0,-111.698,7.94817e-07,88.426,72.7565,91.574,110.296,-1464.76,-424.894,-1464.76,-424.894
-1478.0,-474.0,-111.392,7.92865e-07,88.4222,73.2173,91.5778,109.835,-1463.18,-424.852,-1463.18,-424.852
-1476.0,-474.0,-111.167,7.90966e-07,88.4154,73.6803,91.5846,109.372,-1461.6,-424.81,-1461.6,-424.81
-1474.0,-474.0,-111.003,7.89125e-07,88.3912,74.1455,91.6088,108.907,-1460.02,-424.768,-1460.02,-424.768
-1472.0,-474.0,-110.887,7.87337e-07,88.367,74.6128,91.633,108.439,-1458.44,-424.726,-1458.44,-424.726
-1470.0,-474.0,-110.81,7.85601e-07,88.3429,75.0823,91.6571,107.97,-1456.86,-424.684,-1456.86,-424.684
-1468.0,-474.0,-110.766,7.83919e-07,88.3187,75.5538,91.6813,107.498,-1455.28,-424.642,-1455.28,-424.642
-1466.0,-474.0,-110.752,7.82288e-07,88.2983,76.0274,91.7017,107.025,-1453.71,-424.6,-1453.71,-424.6
-1464.0,-474.0,-110.767,7.80705e-07,88.2949,76.5029,91.7051,106.549,-1452.13,-424.558,-1452.13,-424.558
-1462.0,-474.0,-110.809,7.79175e-07,88.2915,76.9802,91.7085,106.072,-1450.56,-424.516,-1450.56,-424.516
-1460.0,-474.0,-110.88,7.77699e-07,88.2883,77.4595,91.7117,105.593,-1448.98,-424.474,-1448.98,-424.474
-1458.0,-474.0,-110.98,7.76278e-07,88.2851,77.9405,91.7149,105.112,-1447.41,-424.432,-1447.41,-424.432
-1456.0,-474.0,-111.112,7.74912e-07,88.2821,78.4233,91.7179,104.629,-1445.84,-424.39,-1445.84,-424.39
-1454.0,-474.0,-110.361,5.58645e-07,87.6167,-47.7787,92.3833,131.429,-1425.57,-571.026,-1397.6,-536.157
-1452.0,-474.0,-109.101,5.54186e-07,87.5975,-48.2901,92.4025,130.917,-1425.58,-570.485,-1397.63,-534.999
-1450.0,-474.0,-104.066,4.52916e-07,87.0599,-68.3556,92.9401,111.644,-1450.0,-474.0,-1400.0,-600.0
-1448.0,-474.0,-104.02,4.505e-07,87.0441,-69.1455,92.9559,110.854,-1448.0,-474.0,-1400.0,-600.0
-1446.0,-474.0,-103.975,4.48171e-07,87.0287,-69.9439,92.9713,110.056,-1446.0,-474.0,-1400.0,-600.0
-1444.0,-474.0,-103.931,4.4593e-07,87.0138,-70.7505,92.9862,109.25,-1444.0,-474.0,-1400.0,-600.0
-1442.0,-474.0,-103.889,4.43777e-07,86.9993,-71.5651,93.0007,108.435,-1442.0,-474.0,-1400.0,-600.0
-1440.0,-474.0,-103.848,4.41715e-07,86.9852,-72.3874,93.0148,107.613,-1440.0,-474.0,-1400.0,-600.0
-1438.0,-474.0,-103.809,4.39745e-07,86.9717,-73.2174,93.0283,106.783,-1438.0,-474.0,-1400.0,-600.0
-1436.0,-474.0,-103.772,4.37867e-07,86.9587,-74.0546,93.0413,105.945,-1436.0,-474.0,-1400.0,-600.0
-1434.0,-474.0,-103.737,4.36084e-07,86.9463,-74.8989,93.0537,105.101,-1434.0,-474.0,-1400.0,-600.0
-1432.0,-474.0,-103.703,4.34395e-07,86.9344,-75.75,93.0656,104.25,-1432.0,-474.0,-1400.0,-600.0
-1430.0,-474.0,-103.671,4.32803e-07,86.9231,-76.6075,93.0769,103.392,-1430.0,-474.0,-1400.0,-600.0
-1428.0,-474.0,-103.641,4.31316e-07,86.8953,-77.4712,93.1047,102.529,-1428.0,-474.0,-1400.0,-600.0
-1426.0,-474.0,-103.613,4.29935e-07,86.8477,-78.3407,93.1523,101.659,-1426.0,-474.0,-1400.0,-600.0
-1424.0,-474.0,-103.587,4.28654e-07,86.8005,-79.2157,93.1995,100.784,-1424.0,-474.0,-1400.0,-600.0
-1422.0,-474.0,-110.147,4.27473e-07,86.7539,-80.1379,93.2461,99.908,-1420.16,-484.607,-1420.16,-484.607
-1420.0,-474.0,0.0,0.0,0.0,0.0,0.0,0.0,0.0,0.0,0.0,0.0
-1418.0,-474.0,0.0,0.0,0.0,0.0,0.0,0.0,0.0,0.0,0.0,0.0
-1416.0,-474.0,0.0,0.0,0.0,0.0,0.0,0.0,0.0,0.0,0.0,0.0
-1414.0,-474.0,0.0,0.0,0.0,0.0,0.0,0.0,0.0,0.0,0.0,0.0
-1412.0,-474.0,0.0,0.0,0.0,0.0,0.0,0.0,0.0,0.0,0.0,0.0
-1410.0,-474.0,0.0,0.0,0.0,0.0,0.0,0.0,0.0,0.0,0.0,0.0
-1408.0,-474.0,-184.459,1.59753e-06,89.0611,8.83487,90.9389,132.426,-1425.55,-572.049,-1330.83,-462.006
-1406.0,-474.0,-184.307,1.59094e-06,89.047,8.9061,90.953,132.426,-1425.55,-572.049,-1330.84,-462.221
-1404.0,-474.0,-184.154,1.58436e-06,89.0329,8.97848,90.9671,132.426,-1425.55,-572.049,-1330.84,-462.441
-1402.0,-474.0,-184.003,1.57777e-06,89.0186,9.05204,90.9814,132.426,-1425.55,-572.049,-1330.84,-462.663
-1400.0,-474.0,-154.767,8.57844e-07,88.176,120.954,91.824,111.97,-1429.78,-526.194,-1430.01,-423.969
-1398.0,-474.0,-156.301,8.61312e-07,88.1646,121.505,91.8354,111.97,-1429.78,-526.194,-1428.69,-423.933
-1396.0,-474.0,-158.517,8.64833e-07,88.1534,122.049,91.8466,111.97,-1429.78,-526.194,-1427.37,-423.898
-1394.0,-474.0,-161.923,8.68403e-07,88.1543,122.587,91.8457,111.97,-1429.78,-526.194,-1426.05,-423.863
-1392.0,-474.0,-166.812,8.72021e-07,88.162,123.119,91.838,111.97,-1429.78,-526.194,-1424.73,-423.828
-1390.0,-474.0,-168.23,8.92281e-07,88.2037,123.697,91.7963,85.9366,-1397.78,-568.791,-1423.48,-423.795
-1388.0,-474.0,-168.729,8.79412e-07,88.1774,124.163,91.8226,111.97,-1429.78,-526.194,-1422.1,-423.758
-1386.0,-474.0,-164.492,8.83182e-07,88.1852,124.676,91.8148,111.97,-1429.78,-526.194,-1420.78,-423.723
-1384.0,-474.0,-174.318,9.13243e-07,88.2449,127.043,91.7551,87.7729,-1398.22,-554.308,-1421.92,-423.753
-1382.0,-474.0,-174.14,9.1728e-07,88.2527,127.443,91.7473,87.7729,-1398.22,-554.308,-1420.5,-423.715
-1380.0,-474.0,-170.995,1.64179e-06,89.0163,82.8409,90.9837,-43.3117,-1381.35,-617.58,-1360.88,-321.811
-1378.0,-474.0,-182.229,1.49883e-06,88.9117,10.0379,91.0883,132.426,-1425.55,-572.049,-1330.89,-465.661
-1376.0,-474.0,-182.083,1.49227e-06,88.8961,10.1298,91.1039,132.426,-1425.55,-572.049,-1330.89,-465.941
-1374.0,-474.0,-181.939,1.48571e-06,88.8803,10.2233,91.1197,132.426,-1425.55,-572.049,-1330.9,-466.227
-1372.0,-474.0,-181.795,1.47915e-06,88.8644,10.3185,91.1356,132.426,-1425.55,-572.049,-1330.9,-466.518
-1370.0,-474.0,-172.885,1.21032e-06,88.5882,-41.0545,91.4118,-2.76158,-1239.86,-607.725,-1334.48,-504.934
-1368.0,-474.0,-166.966,1.15336e-06,88.4904,-46.2213,91.5096,-2.76158,-1239.86,-607.725,-1239.86,-607.725
-1366.0,-474.0,-166.211,1.61516e-06,88.9021,-8.66495,91.0979,33.5575,-1384.69,-589.841,-1163.89,-504.8
-1364.0,-474.0,-166.098,1.60858e-06,88.8775,-8.73887,91.1225,33.5575,-1384.69,-589.841,-1163.9,-504.759
-1362.0,-474.0,-164.99,1.47812e-06,88.7566,-63.5175,91.2434,-14.6085,-1339.34,-615.81,-1329.2,-539.827
-1360.0,-474.0,-165.203,1.47523e-06,88.7323,-64.9289,91.2677,-14.6085,-1339.34,-615.81,-1329.2,-539.827
-1358.0,-474.0,-165.757,1.58883e-06,88.8026,-8.96834,91.1974,33.5575,-1384.69,-589.841,-1163.91,-504.632
-1356.0,-474.0,-165.643,1.58225e-06,88.7867,-9.04751,91.2133,33.5575,-1384.69,-589.841,-1163.91,-504.588
-1354.0,-474.0,-165.529,1.57567e-06,88.7714,-9.12808,91.2286,33.5575,-1384.69,-589.841,-1163.91,-504.543
-1352.0,-474.0,-165.413,1.56909e-06,88.7559,-9.21008,91.2441,33.5575,-1384.69,-589.841,-1163.92,-504.497
-1350.0,-474.0,-165.297,1.56251e-06,88.7403,-9.29355,91.2597,33.5575,-1384.69,-589.841,-1163.92,-504.45
-1348.0,-474.0,-165.181,1.55593e-06,88.7246,-9.37854,91.2754,33.5575,-1384.69,-589.841,-1163.92,-504.403
-1346.0,-474.0,-165.064,1.54936e-06,88.6989,-9.46509,91.3011,33.5575,-1384.69,-589.841,-1163.93,-504.355
-1344.0,-474.0,-164.946,1.54279e-06,88.6724,-9.55323,91.3276,33.5575,-1384.69,-589.841,-1163.93,-504.305
-1342.0,-474.0,-164.827,1.53623e-06,88.6457,-9.64301,91.3543,33.5575,-1384.69,-589.841,-1163.93,-504.255
-1340.0,-474.0,-164.708,1.52967e-06,88.6188,-9.73448,91.3812,33.5575,-1384.69,-589.841,-1163.94,-504.204
-1338.0,-474.0,-164.589,1.5231e-06,88.5916,-9.82769,91.4084,33.5575,-1384.69,-589.841,-1163.94,-504.152
-1336.0,-474.0,-164.124,1.01911e-06,87.8632,143.028,92.1368,89.6826,-1399.57,-523.105,-1392.49,-431.477
-1334.0,-474.0,-161.646,9.53904e-07,87.6846,35.7121,92.3154,-43.3117,-1381.35,-617.58,-1324.58,-467.226
-1332.0,-474.0,-164.228,1.50343e-06,88.5204,-10.1182,91.4796,33.5575,-1384.69,-589.841,-1163.95,-503.989
-1330.0,-474.0,-157.892,9.43145e-07,87.6239,36.3853,92.3761,-43.3117,-1381.35,-617.58,-1320.71,-467.153
-1328.0,-474.0,-156.761,9.37801e-07,87.5931,36.7302,92.4069,-43.3117,-1381.35,-617.58,-1318.77,-467.116
-1326.0,-474.0,-155.948,9.32481e-07,87.5621,37.0807,92.4379,-43.3117,-1381.35,-617.58,-1316.84,-467.08
-1324.0,-474.0,-155.326,9.27185e-07,87.5325,37.437,92.4675,-43.3117,-1381.35,-617.58,-1314.91,-467.043
-1322.0,-474.0,-154.817,9.21904e-07,87.5184,37.7992,92.4816,-43.3117,-1381.35,-617.58,-1312.98,-467.006
-1320.0,-474.0,-158.559,8.90169e-07,87.4299,-32.5631,92.5701,-43.3117,-1381.35,-617.58,-1254.9,-515.577
-1318.0,-474.0,-157.228,8.84561e-07,87.4136,-32.9037,92.5864,-43.3117,-1381.35,-617.58,-1254.9,-514.824
-1316.0,-474.0,-156.137,8.78975e-07,87.3971,-33.2505,92.6029,-43.3117,-1381.35,-617.58,-1254.91,-514.051
-1314.0,-474.0,-155.224,8.73411e-07,87.3805,-33.6039,92.6195,-43.3117,-1381.35,-617.58,-1254.92,-513.257
-1312.0,-474.0,-126.401,1.43363e-06,88.4045,49.6078,91.5955,-43.3117,-1381.35,-617.58,-1245.56,-395.907
-1310.0,-474.0,-125.891,1.42932e-06,88.3997,49.8377,91.6003,-43.396,-1381.4,-617.583,-1244.03,-395.828
-1308.0,-474.0,-130.001,1.42503e-06,88.3948,50.079,91.6052,-43.396,-1381.4,-617.583,-1242.53,-395.751
-1306.0,-474.0,-133.716,1.42076e-06,88.39,50.322,91.61,-43.396,-1381.4,-617.583,-1241.02,-395.674
-1304.0,-474.0,-137.229,1.41651e-06,88.3852,50.5668,91.6148,-43.396,-1381.4,-617.583,-1239.52,-395.597
-1302.0,-474.0,-140.529,1.41229e-06,88.3804,50.8132,91.6196,-43.396,-1381.4,-617.583,-1238.02,-395.52
-1300.0,-474.0,-143.892,1.40808e-06,88.3755,51.0614,91.6245,-43.396,-1381.4,-617.583,-1236.53,-395.443
-1298.0,-474.0,-147.359,1.4039e-06,88.3707,51.3114,91.6293,-43.396,-1381.4,-617.583,-1235.03,-395.366
-1296.0,-474.0,-146.421,8.93715e-07,87.44,-35.5586,92.56,-35.9954,-1376.1,-617.359,-1255.03,-503.286
-1294.0,-474.0,-145.432,8.88303e-07,87.4244,-35.9063,92.5756,-35.9954,-1376.1,-617.359,-1255.04,-502.207
-1292.0,-474.0,-144.523,8.82915e-07,87.4087,-36.2599,92.5913,-35.9954,-1376.1,-617.359,-1255.05,-501.099
-1290.0,-474.0,-147.486,7.0785e-07,86.7672,-116.055,93.2328,54.9672,-1393.06,-590.097,-1328.45,-552.64
-1288.0,-474.0,-145.916,7.10837e-07,86.7808,-117.219,93.2192,54.9672,-1393.06,-590.097,-1328.45,-552.64
-1286.0,-474.0,-144.089,7.1395e-07,86.7859,-118.359,93.2141,54.9672,-1393.06,-590.097,-1328.45,-552.64
-1284.0,-474.0,-141.888,7.17188e-07,86.7779,-119.476,93.2221,54.9672,-1393.06,-590.097,-1328.45,-552.64
-1282.0,-474.0,-139.159,7.20537e-07,86.7705,-120.568,93.2295,54.9672,-1393.06,-590.097,-1328.45,-552.64
-1280.0,-474.0,-135.567,7.23995e-07,86.7636,-121.636,93.2364,54.9672,-1393.06,-590.097,-1328.45,-552.64
-1278.0,-474.0,-149.795,7.31598e-07,83.6113,-123.229,81.6466,55.2655,-1393.14,-590.1,-1371.8,-617.178
-1276.0,-474.0,-130.913,1.55847e-06,88.1981,-137.632,91.466,-15.535,-1342.63,-615.948,-1339.58,-531.996
-1274.0,-474.0,-132.088,1.56343e-06,88.1295,-137.796,91.468,-15.3699,-1342.07,-615.925,-1339.24,-533.166
-1272.0,-474.0,-133.196,1.56839e-06,88.0639,-137.959,91.4701,-15.2059,-1341.5,-615.901,-1338.9,-534.325
-1270.0,-474.0,-134.255,1.57337e-06,88.0011,-138.121,91.4721,-15.0429,-1340.93,-615.876,-1338.56,-535.474
-1268.0,-474.0,-135.203,1.57836e-06,87.9409,-138.282,91.474,-14.8809,-1340.34,-615.852,-1338.23,-536.613
-1266.0,-474.0,-138.172,7.01681e-07,86.3744,-128.005,93.6256,-43.396,-1381.4,-617.583,-1355.83,-588.959
-1264.0,-474.0,-136.594,7.05846e-07,86.35,-128.619,93.65,-43.396,-1381.4,-617.583,-1355.83,-588.959
-1262.0,-474.0,-134.721,7.10056e-07,86.3386,-129.222,93.6614,-43.396,-1381.4,-617.583,-1355.83,-588.959
-1260.0,-474.0,-132.414,7.14312e-07,86.3378,-129.815,93.6622,-43.396,-1381.4,-617.583,-1355.83,-588.959
-1258.0,-474.0,-129.41,7.1862e-07,86.3373,-130.398,93.6627,-43.396,-1381.4,-617.583,-1355.83,-588.959
-1256.0,-474.0,-125.183,7.2298e-07,86.3371,-130.972,93.6629,-43.396,-1381.4,-617.583,-1355.83,-588.959
-1254.0,-474.0,-118.868,7.27389e-07,86.3371,-131.535,93.6629,-43.396,-1381.4,-617.583,-1355.83,-588.959
-1252.0,-474.0,-118.834,7.31826e-07,86.3624,-132.082,93.6376,-43.3117,-1381.35,-617.58,-1342.6,-574.333
-1250.0,-474.0,-126.245,7.36299e-07,86.4065,-132.705,93.5935,-43.3117,-1381.35,-617.58,-1342.6,-574.333
-1248.0,-474.0,-130.785,7.40824e-07,86.4503,-133.316,93.5497,-43.3117,-1381.35,-617.58,-1342.6,-574.333
-1246.0,-474.0,-133.877,7.45402e-07,86.4938,-133.914,93.5062,-43.3117,-1381.35,-617.58,-1342.6,-574.333
-1244.0,-474.0,-136.179,7.50029e-07,86.537,-134.501,93.463,-43.3117,-1381.35,-617.58,-1342.6,-574.333
-1242.0,-474.0,-138.002,7.54715e-07,86.5674,-135.076,93.4326,-43.3117,-1381.35,-617.58,-1342.6,-574.333
-1240.0,-474.0,-139.495,7.59455e-07,86.5888,-135.64,93.4112,-43.3117,-1381.35,-617.58,-1342.6,-574.333
-1238.0,-474.0,-129.859,8.31743e-07,86.8856,-138.836,93.1144,-35.9954,-1376.1,-617.359,-1356.19,-577.332
-1236.0,-474.0,-132.106,8.36776e-07,86.9043,-139.264,93.0957,-35.9954,-1376.1,-617.359,-1356.18,-577.502
-1234.0,-474.0,-134.112,8.41841e-07,86.923,-139.685,93.077,-35.9954,-1376.1,-617.359,-1356.18,-577.666
-1232.0,-474.0,-135.774,8.46938e-07,86.9415,-140.099,93.0585,-35.9954,-1376.1,-617.359,-1356.17,-577.826
-1230.0,-474.0,-137.201,8.52066e-07,86.9599,-140.506,93.0401,-35.9954,-1376.1,-617.359,-1356.17,-577.981
-1228.0,-474.0,-138.466,8.57202e-07,87.0055,-140.906,92.9945,-35.9954,-1376.1,-617.359,-1356.16,-578.132
-1226.0,-474.0,-139.623,8.62359e-07,87.0609,-141.299,92.9391,-35.9954,-1376.1,-617.359,-1356.16,-578.279
-1224.0,-474.0,-140.704,8.67546e-07,87.1157,-141.685,92.8843,-35.9954,-1376.1,-617.359,-1356.15,-578.422
-1222.0,-474.0,-141.735,8.72761e-07,87.17,-142.065,92.83,-35.9954,-1376.1,-617.359,-1356.15,-578.562
-1220.0,-474.0,-156.075,8.62676e-07,87.1743,-144.053,92.8257,54.9672,-1393.06,-590.097,-1328.45,-552.64
-1218.0,-474.0,-156.453,8.68062e-07,87.2291,-144.549,92.7709,54.9672,-1393.06,-590.097,-1328.45,-552.64
-1216.0,-474.0,-157.446,1.79478e-06,88.6782,-12.4836,91.3218,-15.5937,-1342.83,-615.957,-1209.72,-475.39
-1214.0,-474.0,-157.521,1.78825e-06,88.6992,-12.5635,91.3008,-15.5937,-1342.83,-615.957,-1209.74,-474.95
-1212.0,-474.0,-157.598,1.78172e-06,88.7217,-12.6444,91.2783,-15.5937,-1342.83,-615.957,-1209.75,-474.504
-1210.0,-474.0,-162.459,1.6872e-06,88.6787,-151.092,91.3213,-14.6085,-1339.34,-615.81,-1329.2,-539.827
-1208.0,-474.0,0.0,0.0,0.0,0.0,0.0,0.0,0.0,0.0,0.0,0.0
-1206.0,-474.0,0.0,0.0,0.0,0.0,0.0,0.0,0.0,0.0,0.0,0.0
-1204.0,-474.0,0.0,0.0,0.0,0.0,0.0,0.0,0.0,0.0,0.0,0.0
-1202.0,-474.0,0.0,0.0,0.0,0.0,0.0,0.0,0.0,0.0,0.0,0.0
-1600.0,-472.0,-161.933,1.06281e-06,88.34,31.5784,91.66,96.8954,-1412.1,-499.96,-1533.5,-431.126
-1598.0,-472.0,-162.062,1.05715e-06,88.3005,31.8564,91.6995,96.8954,-1412.1,-499.96,-1532.18,-431.102
-1596.0,-472.0,-162.257,1.05151e-06,88.2627,32.1387,91.7373,96.8954,-1412.1,-499.96,-1530.86,-431.079
-1594.0,-472.0,-162.534,1.04588e-06,88.2379,32.4255,91.7621,96.8954,-1412.1,-499.96,-1529.55,-431.056
-1592.0,-472.0,-162.9,1.04365e-06,88.2187,32.717,91.7813,82.1554,-1396.76,-576.497,-1528.23,-431.032
-1590.0,-472.0,-163.312,1.04057e-06,88.1979,30.3579,91.8021,99.908,-1420.16,-484.607,-1519.8,-430.883
-1588.0,-472.0,-163.379,1.03483e-06,88.1723,30.6582,91.8277,99.908,-1420.16,-484.607,-1518.6,-430.862
-1586.0,-472.0,-163.262,1.02911e-06,88.1464,30.964,91.8536,99.908,-1420.16,-484.607,-1517.4,-430.841
-1584.0,-472.0,-162.955,1.02341e-06,88.1203,31.2752,91.8797,99.908,-1420.16,-484.607,-1516.2,-430.82
-1582.0,-472.0,-162.538,1.01773e-06,88.0939,31.5922,91.9061,99.908,-1420.16,-484.607,-1515.01,-430.799
-1580.0,-472.0,-162.115,1.01207e-06,88.0673,31.9149,91.9327,99.908,-1420.16,-484.607,-1513.81,-430.777
-1578.0,-472.0,-158.953,1.0752e-06,88.1658,37.9794,91.8342,117.862,-1429.33,-544.506,-1525.46,-430.983
-1576.0,-472.0,-158.748,1.06996e-06,88.1417,38.2531,91.8583,117.862,-1429.33,-544.506,-1523.94,-430.957
-1574.0,-472.0,-158.619,1.06474e-06,88.1174,38.53,91.8826,117.862,-1429.33,-544.506,-1522.42,-430.93
-1572.0,-472.0,-158.569,1.05954e-06,88.1017,38.8104,91.8983,117.862,-1429.33,-544.506,-1520.9,-430.903
-1570.0,-472.0,-158.606,1.05434e-06,88.1077,39.0942,91.8923,117.862,-1429.33,-544.506,-1519.39,-430.876
-1568.0,-472.0,-158.746,1.04917e-06,88.1137,39.3816,91.8863,117.862,-1429.33,-544.506,-1517.87,-430.849
-1566.0,-472.0,-159.018,1.04401e-06,88.1199,39.6725,91.8801,117.862,-1429.33,-544.506,-1516.35,-430.822
-1564.0,-472.0,-159.465,1.03888e-06,88.1261,39.967,91.8739,117.862,-1429.33,-544.506,-1514.84,-430.795
-1562.0,-472.0,-159.776,9.58491e-07,87.9858,37.7098,92.0142,96.8954,-1412.1,-499.96,-1508.56,-430.685
-1560.0,-472.0,-159.508,9.53207e-07,88.0106,38.0892,91.9894,96.8954,-1412.1,-499.96,-1507.26,-430.661
-1558.0,-472.0,-159.319,9.47943e-07,88.0507,38.4752,91.9493,96.8954,-1412.1,-499.96,-1505.96,-430.638
-1556.0,-472.0,-157.969,9.99814e-07,90.1465,43.4194,92.0519,129.985,-1425.61,-569.467,-1531.04,-448.381
-1554.0,-472.0,-155.733,9.94985e-07,90.2185,43.79,92.0453,129.985,-1425.61,-569.467,-1526.86,-445.981
-1552.0,-472.0,-154.067,9.90186e-07,90.2915,44.1656,92.0385,129.985,-1425.61,-569.467,-1522.85,-443.687
-1550.0,-472.0,-147.944,9.84725e-07,88.3203,45.7611,91.6797,129.101,-1425.63,-568.463,-1509.79,-430.706
-1548.0,-472.0,-147.518,9.80067e-07,88.3471,46.0856,91.6529,129.101,-1425.63,-568.463,-1508.22,-430.678
-1546.0,-472.0,-147.225,9.75446e-07,88.3558,46.4138,91.6442,129.101,-1425.63,-568.463,-1506.64,-430.651
-1544.0,-472.0,-124.569,9.70338e-07,88.3638,47.4976,91.6362,133.736,-1425.52,-573.333,-1506.1,-430.641
-1542.0,-472.0,-127.462,9.65836e-07,88.3729,47.7896,91.6271,133.444,-1425.52,-573.053,-1504.46,-430.612
-1540.0,-472.0,-128.72,9.61358e-07,88.3821,48.0843,91.6179,133.149,-1425.53,-572.766,-1502.82,-430.583
-1538.0,-472.0,-127.471,9.56907e-07,88.3914,48.3818,91.6086,132.852,-1425.54,-572.474,-1501.18,-430.554
-1536.0,-472.0,-124.647,9.52476e-07,88.4131,48.682,91.5869,132.552,-1425.54,-572.176,-1499.54,-430.525
-1534.0,-472.0,-142.013,9.48089e-07,88.4398,49.7335,91.5602,132.426,-1425.55,-572.049,-1498.86,-430.513
-1532.0,-472.0,-143.158,1.01893e-06,88.58,-48.4138,91.42,129.985,-1425.61,-569.467,-1523.45,-481.64
-1530.0,-472.0,-143.511,9.63554e-07,88.5318,49.6809,91.4682,130.064,-1425.6,-569.555,-1490.61,-425.583
-1528.0,-472.0,-131.479,1.1509e-06,88.7989,67.2881,91.2011,111.705,-1469.65,-425.025,-1510.72,-430.723
-1526.0,-472.0,-124.366,9.55153e-07,88.5865,52.3015,91.4135,129.985,-1425.61,-569.467,-1490.12,-425.57
-1524.0,-472.0,-129.493,9.5108e-07,88.6144,52.7571,91.3856,129.985,-1425.61,-569.467,-1488.67,-425.532
-1522.0,-472.0,-130.159,1.14329e-06,88.8756,68.2139,91.1244,110.78,-1466.43,-424.939,-1505.46,-430.63
-1520.0,-472.0,-130.309,1.14082e-06,88.9015,68.5252,91.0985,110.468,-1465.35,-424.91,-1503.71,-430.599
-1518.0,-472.0,-129.922,1.13838e-06,88.9275,68.8378,91.0725,110.156,-1464.28,-424.882,-1501.96,-430.568
-1516.0,-472.0,-128.577,1.13598e-06,88.9536,69.1517,91.0464,109.842,-1463.2,-424.853,-1500.21,-430.537
-1514.0,-472.0,-141.114,9.31375e-07,88.7584,55.1192,91.2416,129.985,-1425.61,-569.467,-1481.47,-425.34
-1512.0,-472.0,-133.762,1.21688e-06,89.0416,-66.3188,90.9584,107.764,-1456.17,-424.666,-1508.13,-480.826
-1510.0,-472.0,-139.087,8.8816e-07,88.6686,-59.9566,91.3314,69.5502,-1396.34,-590.198,-1504.99,-480.659
-1508.0,-472.0,-138.885,8.84846e-07,88.6454,-60.3461,91.3546,69.5502,-1396.34,-590.198,-1503.13,-480.56
-1506.0,-472.0,-137.308,8.81572e-07,88.6221,-60.7387,91.3779,69.5502,-1396.34,-590.198,-1501.26,-480.461
-1504.0,-472.0,-119.17,1.15251e-06,88.932,72.4867,91.068,107.533,-1455.4,-424.645,-1489.34,-425.549
-1502.0,-472.0,-118.836,1.15053e-06,88.9162,72.8037,91.0838,107.216,-1454.34,-424.617,-1487.61,-425.503
-1500.0,-472.0,-118.583,1.14857e-06,88.9109,73.1218,91.0891,106.898,-1453.29,-424.589,-1485.88,-425.457
-1498.0,-472.0,-118.398,1.14665e-06,88.9091,73.4409,91.0909,106.578,-1452.23,-424.561,-1484.15,-425.411
-1496.0,-472.0,-118.275,1.14477e-06,88.9073,73.7611,91.0927,106.258,-1451.17,-424.532,-1482.42,-425.365
-1494.0,-472.0,-118.206,1.14292e-06,88.9055,74.0824,91.0945,105.937,-1450.11,-424.504,-1480.69,-425.319
-1492.0,-472.0,-118.186,1.14111e-06,88.9038,74.4047,91.0962,105.615,-1449.06,-424.476,-1478.96,-425.273
-1490.0,-472.0,-121.575,8.47608e-07,88.5241,-65.6112,91.4759,111.356,-1468.43,-424.992,-1486.52,-479.678
-1488.0,-472.0,-119.366,8.44875e-07,88.5193,-66.0235,91.4807,110.944,-1467.0,-424.954,-1484.63,-479.577
-1486.0,-472.0,-113.714,7.94658e-07,88.4257,71.2345,91.5743,111.818,-1470.04,-425.035,-1470.04,-425.035
-1484.0,-472.0,-112.834,7.92538e-07,88.4215,71.6915,91.5785,111.361,-1468.45,-424.993,-1468.45,-424.993
-1482.0,-472.0,-112.2,7.90468e-07,88.4174,72.1509,91.5826,110.901,-1466.85,-424.95,-1466.85,-424.95
-1480.0,-472.0,-111.738,7.88448e-07,88.4133,72.6127,91.5867,110.439,-1465.25,-424.908,-1465.25,-424.908
-1478.0,-472.0,-111.399,7.86481e-07,88.4093,73.0769,91.5907,109.975,-1463.66,-424.865,-1463.66,-424.865
-1476.0,-472.0,-111.151,7.84572e-07,88.3867,73.5433,91.6133,109.509,-1462.06,-424.823,-1462.06,-424.823
-1474.0,-472.0,-110.969,7.82716e-07,88.3622,74.012,91.6378,109.04,-1460.47,-424.78,-1460.47,-424.78
-1472.0,-472.0,-110.839,7.80914e-07,88.3378,74.4829,91.6622,108.569,-1458.88,-424.738,-1458.88,-424.738
-1470.0,-472.0,-110.751,7.79164e-07,88.3133,74.9559,91.6867,108.096,-1457.29,-424.695,-1457.29,-424.695
-1468.0,-472.0,-110.698,7.77467e-07,88.2889,75.4311,91.7111,107.621,-1455.69,-424.653,-1455.69,-424.653
-1466.0,-472.0,-110.676,7.75823e-07,88.2682,75.9083,91.7318,107.144,-1454.1,-424.611,-1454.1,-424.611
-1464.0,-472.0,-110.684,7.74226e-07,88.2646,76.3875,91.7354,106.665,-1452.51,-424.568,-1452.51,-424.568
-1462.0,-472.0,-110.719,7.72684e-07,88.2611,76.8687,91.7389,106.183,-1450.93,-424.526,-1450.93,-424.526
-1460.0,-472.0,-110.784,7.71196e-07,88.2578,77.3518,91.7422,105.7,-1449.34,-424.484,-1449.34,-424.484
-1458.0,-472.0,-110.878,7.69763e-07,88.2545,77.8367,91.7455,105.216,-1447.75,-424.441,-1447.75,-424.441
-1456.0,-472.0,-110.656,5.68072e-07,87.6345,-47.7325,92.3655,131.475,-1425.57,-571.075,-1397.59,-536.26
-1454.0,-472.0,-109.345,5.63609e-07,87.6158,-48.235,92.3842,130.973,-1425.58,-570.544,-1397.63,-535.125
-1452.0,-472.0,-108.581,5.5919e-07,87.5969,-48.7454,92.4031,130.462,-1425.59,-569.993,-1397.66,-533.947
-1450.0,-472.0,-104.185,4.59128e-07,87.0727,-68.6631,92.9273,111.337,-1450.0,-472.0,-1400.0,-600.0
-1448.0,-472.0,-104.139,4.56745e-07,87.0575,-69.444,92.9425,110.556,-1448.0,-472.0,-1400.0,-600.0
-1446.0,-472.0,-104.096,4.54448e-07,87.0426,-70.2328,92.9574,109.767,-1446.0,-472.0,-1400.0,-600.0
-1444.0,-472.0,-104.053,4.52238e-07,87.0281,-71.0296,92.9719,108.97,-1444.0,-472.0,-1400.0,-600.0
-1442.0,-472.0,-104.012,4.50116e-07,87.0141,-71.834,92.9859,108.166,-1442.0,-472.0,-1400.0,-600.0
-1440.0,-472.0,-103.973,4.48083e-07,87.0005,-72.646,92.9995,107.354,-1440.0,-472.0,-1400.0,-600.0
-1438.0,-472.0,-103.935,4.46141e-07,86.9874,-73.4652,93.0126,106.535,-1438.0,-472.0,-1400.0,-600.0
-1436.0,-472.0,-103.899,4.4429e-07,86.9749,-74.2914,93.0251,105.709,-1436.0,-472.0,-1400.0,-600.0
-1434.0,-472.0,-103.864,4.42532e-07,86.9628,-75.1243,93.0372,104.876,-1434.0,-472.0,-1400.0,-600.0
-1432.0,-472.0,-103.832,4.40869e-07,86.9513,-75.9638,93.0487,104.036,-1432.0,-472.0,-1400.0,-600.0
-1430.0,-472.0,-103.801,4.39304e-07,86.9322,-76.8094,93.0678,103.191,-1430.0,-472.0,-1400.0,-600.0
-1428.0,-472.0,-103.772,4.37846e-07,86.8851,-77.6609,93.1149,102.339,-1428.0,-472.0,-1400.0,-600.0
-1426.0,-472.0,-103.745,4.36487e-07,86.8383,-78.518,93.1617,101.482,-1426.0,-472.0,-1400.0,-600.0
-1424.0,-472.0,-103.719,4.35225e-07,86.792,-79.3803,93.208,100.62,-1424.0,-472.0,-1400.0,-600.0
-1422.0,-472.0,-115.652,5.55584e-07,87.4584,-81.8626,92.5416,-93.3108,-1401.07,-618.411,-1401.07,-618.411
-1420.0,-472.0,0.0,0.0,0.0,0.0,0.0,0.0,0.0,0.0,0.0,0.0
-1418.0,-472.0,0.0,0.0,0.0,0.0,0.0,0.0,0.0,0.0,0.0,0.0
-1416.0,-472.0,0.0,0.0,0.0,0.0,0.0,0.0,0.0,0.0,0.0,0.0
-1414.0,-472.0,0.0,0.0,0.0,0.0,0.0,0.0,0.0,0.0,0.0,0.0
-1412.0,-472.0,0.0,0.0,0.0,0.0,0.0,0.0,0.0,0.0,0.0,0.0
-1410.0,-472.0,0.0,0.0,0.0,0.0,0.0,0.0,0.0,0.0,0.0,0.0
-1408.0,-472.0,-185.103,1.59654e-06,89.045,8.37965,90.955,132.426,-1425.55,-572.049,-1330.81,-460.63
-1406.0,-472.0,-184.943,1.58994e-06,89.0309,8.44732,90.9691,132.426,-1425.55,-572.049,-1330.81,-460.834
-1404.0,-472.0,-184.783,1.58335e-06,89.0166,8.51609,90.9834,132.426,-1425.55,-572.049,-1330.82,-461.042
-1402.0,-472.0,-184.623,1.57676e-06,89.0023,8.58598,90.9977,132.426,-1425.55,-572.049,-1330.82,-461.253
-1400.0,-472.0,-155.543,8.52148e-07,88.1347,121.29,91.8653,111.97,-1429.78,-526.194,-1429.2,-423.947
-1398.0,-472.0,-157.477,8.55649e-07,88.1235,121.844,91.8765,111.97,-1429.78,-526.194,-1427.87,-423.912
-1396.0,-472.0,-160.411,8.59205e-07,88.1125,122.391,91.8875,111.97,-1429.78,-526.194,-1426.53,-423.876
-1394.0,-472.0,-164.897,8.62808e-07,88.1137,122.932,91.8863,111.97,-1429.78,-526.194,-1425.19,-423.84
-1392.0,-472.0,-168.139,8.83047e-07,88.1569,123.561,91.8431,85.9366,-1397.78,-568.791,-1423.97,-423.808
-1390.0,-472.0,-169.656,8.70164e-07,88.1296,123.995,91.8704,111.97,-1429.78,-526.194,-1422.53,-423.769
-1388.0,-472.0,-165.652,8.73918e-07,88.1376,124.516,91.8624,111.97,-1429.78,-526.194,-1421.19,-423.734
-1386.0,-472.0,-171.055,9.12907e-07,88.2172,26.2314,91.7828,113.553,-1429.64,-532.017,-1333.85,-446.305
-1384.0,-472.0,-170.964,9.06932e-07,88.2054,26.5733,91.7946,113.553,-1429.64,-532.017,-1333.87,-446.928
-1382.0,-472.0,-176.176,9.01989e-07,88.186,33.5816,91.814,113.553,-1429.64,-532.017,-1336.86,-442.03
-1380.0,-472.0,-166.62,1.6623e-06,89.0061,-8.63465,90.9939,33.5575,-1384.69,-589.841,-1163.89,-504.817
-1378.0,-472.0,-166.514,1.65571e-06,88.9924,-8.70411,91.0076,33.5575,-1384.69,-589.841,-1163.9,-504.778
-1376.0,-472.0,-166.407,1.64912e-06,88.9786,-8.77469,91.0214,33.5575,-1384.69,-589.841,-1163.9,-504.739
-1374.0,-472.0,-166.299,1.64253e-06,88.9646,-8.84641,91.0354,33.5575,-1384.69,-589.841,-1163.9,-504.699
-1372.0,-472.0,-166.192,1.63594e-06,88.9506,-8.9193,91.0494,33.5575,-1384.69,-589.841,-1163.9,-504.659
-1370.0,-472.0,-166.083,1.62936e-06,88.9285,-8.9934,91.0715,33.5575,-1384.69,-589.841,-1163.91,-504.618
-1368.0,-472.0,-165.974,1.62278e-06,88.9043,-9.06873,91.0957,33.5575,-1384.69,-589.841,-1163.91,-504.576
-1366.0,-472.0,-165.864,1.61621e-06,88.8799,-9.14532,91.1201,33.5575,-1384.69,-589.841,-1163.91,-504.533
-1364.0,-472.0,-165.754,1.60963e-06,88.8552,-9.2232,91.1448,33.5575,-1384.69,-589.841,-1163.92,-504.49
-1362.0,-472.0,-165.211,1.48413e-06,88.7366,-64.1957,91.2634,-14.6085,-1339.34,-615.81,-1329.2,-539.827
-1360.0,-472.0,-165.532,1.59648e-06,88.8053,-9.38298,91.1947,33.5575,-1384.69,-589.841,-1163.92,-504.401
-1358.0,-472.0,-165.42,1.58991e-06,88.7871,-9.46494,91.2129,33.5575,-1384.69,-589.841,-1163.93,-504.355
-1356.0,-472.0,-165.308,1.58334e-06,88.7719,-9.54834,91.2281,33.5575,-1384.69,-589.841,-1163.93,-504.308
-1354.0,-472.0,-165.196,1.57676e-06,88.7565,-9.6332,91.2435,33.5575,-1384.69,-589.841,-1163.93,-504.261
-1352.0,-472.0,-165.084,1.57019e-06,88.741,-9.71957,91.259,33.5575,-1384.69,-589.841,-1163.94,-504.212
-1350.0,-472.0,-164.97,1.56362e-06,88.7254,-9.80749,91.2746,33.5575,-1384.69,-589.841,-1163.94,-504.163
-1348.0,-472.0,-164.857,1.55706e-06,88.7097,-9.897,91.2903,33.5575,-1384.69,-589.841,-1163.94,-504.113
-1346.0,-472.0,-164.742,1.5505e-06,88.6839,-9.98813,91.3161,33.5575,-1384.69,-589.841,-1163.95,-504.062
-1344.0,-472.0,-164.627,1.54394e-06,88.6574,-10.081,91.3426,33.5575,-1384.69,-589.841,-1163.95,-504.01
-1342.0,-472.0,-164.511,1.53739e-06,88.6307,-10.1755,91.3693,33.5575,-1384.69,-589.841,-1163.96,-503.957
-1340.0,-472.0,-164.396,1.53083e-06,88.6037,-10.2718,91.3963,33.5575,-1384.69,-589.841,-1163.96,-503.902
-1338.0,-472.0,-164.237,1.00977e-06,87.8509,143.128,92.1491,89.6826,-1399.57,-523.105,-1392.03,-431.472
-1336.0,-472.0,-164.162,1.51774e-06,88.5491,-10.4699,91.4509,33.5575,-1384.69,-589.841,-1163.97,-503.791
-1334.0,-472.0,-164.046,1.51119e-06,88.5305,-10.5719,91.4695,33.5575,-1384.69,-589.841,-1163.97,-503.733
-1332.0,-472.0,-162.515,9.4462e-07,87.6316,35.5807,92.3684,-43.3117,-1381.35,-617.58,-1325.35,-467.241
-1330.0,-472.0,-160.12,9.3922e-07,87.6008,35.9183,92.3992,-43.3117,-1381.35,-617.58,-1323.38,-467.204
-1328.0,-472.0,-158.286,9.33844e-07,87.5697,36.2614,92.4303,-43.3117,-1381.35,-617.58,-1321.41,-467.166
-1326.0,-472.0,-156.984,9.28492e-07,87.5382,36.6102,92.4618,-43.3117,-1381.35,-617.58,-1319.44,-467.129
-1324.0,-472.0,-156.063,9.23164e-07,87.5084,36.9648,92.4916,-43.3117,-1381.35,-617.58,-1317.48,-467.092
-1322.0,-472.0,-155.379,9.17849e-07,87.4939,37.3254,92.5061,-43.3117,-1381.35,-617.58,-1315.51,-467.054
-1320.0,-472.0,-156.77,8.93793e-07,87.4264,-33.0883,92.5736,-43.3117,-1381.35,-617.58,-1254.91,-514.413
-1318.0,-472.0,-155.797,8.88218e-07,87.4103,-33.4316,92.5897,-43.3117,-1381.35,-617.58,-1254.92,-513.645
-1316.0,-472.0,-154.978,8.82666e-07,87.394,-33.7813,92.606,-43.3117,-1381.35,-617.58,-1254.93,-512.857
-1314.0,-472.0,-154.312,8.77136e-07,87.3775,-34.1374,92.6225,-43.3117,-1381.35,-617.58,-1254.93,-512.046
-1312.0,-472.0,-153.796,8.71631e-07,87.361,-34.5002,92.639,-43.3117,-1381.35,-617.58,-1254.94,-511.214
-1310.0,-472.0,-125.751,1.42424e-06,88.3853,49.6457,91.6147,-43.3117,-1381.35,-617.58,-1245.33,-395.896
-1308.0,-472.0,-126.477,1.41993e-06,88.3804,49.8756,91.6196,-43.396,-1381.4,-617.583,-1243.79,-395.816
-1306.0,-472.0,-130.523,1.41564e-06,88.3755,50.1189,91.6245,-43.396,-1381.4,-617.583,-1242.28,-395.739
-1304.0,-472.0,-134.273,1.41137e-06,88.3705,50.3639,91.6295,-43.396,-1381.4,-617.583,-1240.77,-395.661
-1302.0,-472.0,-137.773,1.40713e-06,88.3656,50.6107,91.6344,-43.396,-1381.4,-617.583,-1239.25,-395.583
-1300.0,-472.0,-141.083,1.40291e-06,88.3607,50.8593,91.6393,-43.396,-1381.4,-617.583,-1237.74,-395.506
-1298.0,-472.0,-144.501,1.39871e-06,88.3558,51.1096,91.6442,-43.396,-1381.4,-617.583,-1236.24,-395.428
-1296.0,-472.0,-145.216,8.97624e-07,87.4374,-36.038,92.5626,-35.9954,-1376.1,-617.359,-1255.05,-501.795
-1294.0,-472.0,-151.116,1.39038e-06,88.3459,51.6156,91.6541,-43.396,-1381.4,-617.583,-1233.22,-395.273
-1292.0,-472.0,-149.567,7.11056e-07,86.7644,-114.322,93.2356,54.9672,-1393.06,-590.097,-1328.45,-552.64
-1290.0,-472.0,-148.317,7.13862e-07,86.7771,-115.491,93.2229,54.9672,-1393.06,-590.097,-1328.45,-552.64
-1288.0,-472.0,-146.885,7.16792e-07,86.7867,-116.638,93.2133,54.9672,-1393.06,-590.097,-1328.45,-552.64
-1286.0,-472.0,-145.244,7.19854e-07,86.7779,-117.762,93.2221,54.9672,-1393.06,-590.097,-1328.45,-552.64
-1284.0,-472.0,-143.313,7.2303e-07,86.7697,-118.863,93.2303,54.9672,-1393.06,-590.097,-1328.45,-552.64
-1282.0,-472.0,-140.958,7.26317e-07,86.7621,-119.942,93.2379,54.9672,-1393.06,-590.097,-1328.45,-552.64
-1280.0,-472.0,-149.608,7.33586e-07,83.6336,-122.502,81.5723,55.9884,-1393.32,-590.106,-1372.51,-617.208
-1278.0,-472.0,-149.733,7.37203e-07,83.6363,-122.943,81.6173,55.5492,-1393.21,-590.102,-1372.08,-617.19
-1276.0,-472.0,-150.005,7.40875e-07,83.628,-123.379,81.6622,55.1151,-1393.1,-590.099,-1371.65,-617.171
-1274.0,-472.0,-132.994,1.56793e-06,88.0622,-137.614,91.4658,-15.5504,-1342.68,-615.95,-1339.62,-531.886
-1272.0,-472.0,-134.024,1.57288e-06,87.9987,-137.777,91.4678,-15.3863,-1342.12,-615.927,-1339.27,-533.05
-1270.0,-472.0,-134.939,1.57785e-06,87.9378,-137.939,91.4698,-15.2232,-1341.56,-615.903,-1338.94,-534.203
-1268.0,-472.0,-135.882,1.58282e-06,87.8795,-138.101,91.4718,-15.0611,-1340.99,-615.879,-1338.6,-535.346
-1266.0,-472.0,-139.364,7.06973e-07,86.3665,-127.527,93.6335,-43.396,-1381.4,-617.583,-1355.83,-588.959
-1264.0,-472.0,-137.981,7.11089e-07,86.3493,-128.138,93.6507,-43.396,-1381.4,-617.583,-1355.83,-588.959
-1262.0,-472.0,-136.378,7.15247e-07,86.3479,-128.739,93.6521,-43.396,-1381.4,-617.583,-1355.83,-588.959
-1260.0,-472.0,-134.469,7.19459e-07,86.3469,-129.33,93.6531,-43.396,-1381.4,-617.583,-1355.83,-588.959
-1258.0,-472.0,-132.108,7.23724e-07,86.3461,-129.911,93.6539,-43.396,-1381.4,-617.583,-1355.83,-588.959
-1256.0,-472.0,-129.009,7.28041e-07,86.3455,-130.483,93.6545,-43.396,-1381.4,-617.583,-1355.83,-588.959
-1254.0,-472.0,-124.606,7.32407e-07,86.3453,-131.045,93.6547,-43.396,-1381.4,-617.583,-1355.83,-588.959
-1252.0,-472.0,-118.139,7.36802e-07,86.3702,-131.598,93.6298,-43.396,-1381.4,-617.583,-1355.83,-588.959
-1250.0,-472.0,-119.88,7.41229e-07,86.4137,-132.142,93.5863,-43.3117,-1381.35,-617.58,-1342.6,-574.333
-1248.0,-472.0,-126.786,7.45706e-07,86.4569,-132.751,93.5431,-43.3117,-1381.35,-617.58,-1342.6,-574.333
-1246.0,-472.0,-131.127,7.50236e-07,86.4999,-133.349,93.5001,-43.3117,-1381.35,-617.58,-1342.6,-574.333
-1244.0,-472.0,-134.111,7.54816e-07,86.5426,-133.936,93.4574,-43.3117,-1381.35,-617.58,-1342.6,-574.333
-1242.0,-472.0,-136.353,7.59446e-07,86.585,-134.511,93.415,-43.3117,-1381.35,-617.58,-1342.6,-574.333
-1240.0,-472.0,-138.137,7.64136e-07,86.6097,-135.075,93.3903,-43.3117,-1381.35,-617.58,-1342.6,-574.333
-1238.0,-472.0,-139.605,7.68876e-07,86.6306,-135.628,93.3694,-43.3117,-1381.35,-617.58,-1342.6,-574.333
-1236.0,-472.0,-129.662,8.41146e-07,86.9204,-138.775,93.0796,-35.9954,-1376.1,-617.359,-1356.19,-577.308
-1234.0,-472.0,-131.855,8.46174e-07,86.9387,-139.197,93.0613,-35.9954,-1376.1,-617.359,-1356.18,-577.475
-1232.0,-472.0,-133.911,8.51234e-07,86.957,-139.612,93.043,-35.9954,-1376.1,-617.359,-1356.18,-577.638
-1230.0,-472.0,-135.596,8.56326e-07,86.9751,-140.02,93.0249,-35.9954,-1376.1,-617.359,-1356.17,-577.795
-1228.0,-472.0,-137.037,8.61426e-07,87.0202,-140.421,92.9798,-35.9954,-1376.1,-617.359,-1356.17,-577.949
-1226.0,-472.0,-138.312,8.66548e-07,87.0751,-140.816,92.9249,-35.9954,-1376.1,-617.359,-1356.16,-578.098
-1224.0,-472.0,-139.473,8.717e-07,87.1295,-141.204,92.8705,-35.9954,-1376.1,-617.359,-1356.16,-578.244
-1222.0,-472.0,-140.554,8.76881e-07,87.1833,-141.585,92.8167,-35.9954,-1376.1,-617.359,-1356.15,-578.385
-1220.0,-472.0,-154.215,8.82874e-07,100.764,-141.256,93.1916,-35.9954,-1376.1,-617.359,-1226.28,-477.036
-1218.0,-472.0,-155.114,8.88106e-07,100.747,-141.635,93.1363,-35.9954,-1376.1,-617.359,-1224.34,-477.021
-1216.0,-472.0,-161.663,1.72535e-06,88.6309,-151.999,91.3691,-14.8341,-1340.17,-615.845,-1338.13,-536.942
-1214.0,-472.0,-162.03,1.73123e-06,88.6635,-152.383,91.3365,-14.8341,-1340.17,-615.845,-1338.13,-536.942
-1212.0,-472.0,-162.398,1.73714e-06,88.696,-152.758,91.304,-14.8341,-1340.17,-615.845,-1338.13,-536.942
-1210.0,-472.0,-162.766,1.74306e-06,88.7282,-153.123,91.2718,-14.8341,-1340.17,-615.845,-1338.13,-536.942
-1208.0,-472.0,0.0,0.0,0.0,0.0,0.0,0.0,0.0,0.0,0.0,0.0
-1206.0,-472.0,0.0,0.0,0.0,0.0,0.0,0.0,0.0,0.0,0.0,0.0
-1204.0,-472.0,0.0,0.0,0.0,0.0,0.0,0.0,0.0,0.0,0.0,0.0
-1202.0,-472.0,0.0,0.0,0.0,0.0,0.0,0.0,0.0,0.0,0.0,0.0
-1600.0,-470.0,-161.699,1.05935e-06,88.3112,31.1277,91.6888,96.8954,-1412.1,-499.96,-1535.69,-431.164
-1598.0,-470.0,-161.749,1.05367e-06,88.2714,31.4034,91.7286,96.8954,-1412.1,-499.96,-1534.35,-431.141
-1596.0,-470.0,-161.846,1.04799e-06,88.2451,31.6835,91.7549,96.8954,-1412.1,-499.96,-1533.0,-431.117
-1594.0,-470.0,-162.002,1.04233e-06,88.22,31.9681,91.78,96.8954,-1412.1,-499.96,-1531.66,-431.093
-1592.0,-470.0,-162.233,1.03669e-06,88.1948,32.2573,91.8052,96.8954,-1412.1,-499.96,-1530.32,-431.069
-1590.0,-470.0,-162.555,1.03107e-06,88.1693,32.5513,91.8307,96.8954,-1412.1,-499.96,-1528.97,-431.045
-1588.0,-470.0,-162.951,1.02885e-06,88.1496,32.85,91.8504,82.1554,-1396.76,-576.497,-1527.63,-431.022
-1586.0,-470.0,-163.203,1.02571e-06,88.1282,30.4471,91.8718,99.908,-1420.16,-484.607,-1519.44,-430.877
-1584.0,-470.0,-163.217,1.01998e-06,88.1018,30.7553,91.8982,99.908,-1420.16,-484.607,-1518.22,-430.855
-1582.0,-470.0,-163.027,1.01427e-06,88.0752,31.0693,91.9248,99.908,-1420.16,-484.607,-1516.99,-430.834
-1580.0,-470.0,-162.661,1.00857e-06,88.0483,31.389,91.9517,99.908,-1420.16,-484.607,-1515.77,-430.812
-1578.0,-470.0,-162.222,1.0029e-06,88.0212,31.7147,91.9788,99.908,-1420.16,-484.607,-1514.55,-430.79
-1576.0,-470.0,-161.812,9.97246e-07,87.9938,32.0465,92.0062,99.908,-1420.16,-484.607,-1513.33,-430.769
-1574.0,-470.0,-158.697,1.06061e-06,88.1001,38.1784,91.8999,117.862,-1429.33,-544.506,-1524.36,-430.964
-1572.0,-470.0,-158.546,1.05537e-06,88.1059,38.458,91.8941,117.862,-1429.33,-544.506,-1522.82,-430.937
-1570.0,-470.0,-158.475,1.05014e-06,88.1119,38.741,91.8881,117.862,-1429.33,-544.506,-1521.28,-430.909
-1568.0,-470.0,-158.489,1.04494e-06,88.1179,39.0276,91.8821,117.862,-1429.33,-544.506,-1519.74,-430.882
-1566.0,-470.0,-158.605,1.03976e-06,88.1241,39.3178,91.8759,117.862,-1429.33,-544.506,-1518.2,-430.855
-1564.0,-470.0,-158.849,1.0346e-06,88.1303,39.6116,91.8697,117.862,-1429.33,-544.506,-1516.67,-430.828
-1562.0,-470.0,-159.261,1.02947e-06,88.1367,39.9091,91.8633,117.862,-1429.33,-544.506,-1515.13,-430.801
-1560.0,-470.0,-159.747,9.49108e-07,88.015,37.5977,91.985,96.8954,-1412.1,-499.96,-1508.95,-430.691
-1558.0,-470.0,-159.448,9.43808e-07,88.0552,37.982,91.9448,96.8954,-1412.1,-499.96,-1507.62,-430.668
-1556.0,-470.0,-159.236,9.38537e-07,88.0959,38.3731,91.9041,96.8954,-1412.1,-499.96,-1506.3,-430.644
-1554.0,-470.0,-157.996,9.90384e-07,90.2091,43.4037,92.1164,129.985,-1425.61,-569.467,-1520.54,-438.354
-1552.0,-470.0,-155.727,9.85554e-07,90.2824,43.7792,92.1101,129.985,-1425.61,-569.467,-1516.79,-436.259
-1550.0,-470.0,-152.357,9.80628e-07,88.319,44.3549,91.681,129.985,-1425.61,-569.467,-1509.81,-430.707
-1548.0,-470.0,-147.841,9.75281e-07,88.3263,45.7696,91.6737,129.101,-1425.63,-568.463,-1509.75,-430.705
-1546.0,-470.0,-147.415,9.70633e-07,88.3349,46.0979,91.6651,129.101,-1425.63,-568.463,-1508.16,-430.677
-1544.0,-470.0,-121.831,9.65437e-07,88.3427,47.2299,91.6573,134.004,-1425.51,-573.588,-1507.62,-430.668
-1542.0,-470.0,-124.752,9.60911e-07,88.3517,47.5221,91.6483,133.712,-1425.52,-573.31,-1505.96,-430.639
-1540.0,-470.0,-127.596,9.56411e-07,88.3608,47.8171,91.6392,133.417,-1425.52,-573.026,-1504.3,-430.609
-1538.0,-470.0,-128.624,9.51937e-07,88.37,48.1149,91.63,133.119,-1425.53,-572.737,-1502.65,-430.58
-1536.0,-470.0,-127.114,9.47482e-07,88.3916,48.4154,91.6084,132.818,-1425.54,-572.441,-1500.99,-430.551
-1534.0,-470.0,-124.209,9.43052e-07,88.4183,48.7188,91.5817,132.515,-1425.54,-572.139,-1499.34,-430.521
-1532.0,-470.0,-143.77,1.02394e-06,88.5748,-48.7582,91.4252,129.985,-1425.61,-569.467,-1521.87,-481.556
-1530.0,-470.0,-144.447,1.01954e-06,88.6003,-49.1507,91.3997,129.985,-1425.61,-569.467,-1520.09,-481.462
-1528.0,-470.0,-131.839,1.14475e-06,88.7817,67.1591,91.2183,111.834,-1470.1,-425.037,-1511.46,-430.736
-1526.0,-470.0,-130.875,1.14217e-06,88.8072,67.4677,91.1928,111.526,-1469.02,-425.008,-1509.7,-430.705
-1524.0,-470.0,-125.506,9.45787e-07,88.5936,52.4059,91.4064,129.985,-1425.61,-569.467,-1489.78,-425.561
-1522.0,-470.0,-130.057,1.1371e-06,88.8586,68.089,91.1414,110.904,-1466.86,-424.95,-1506.17,-430.642
-1520.0,-470.0,-130.216,1.13461e-06,88.8846,68.4018,91.1154,110.592,-1465.78,-424.922,-1504.41,-430.611
-1518.0,-470.0,-130.128,1.13216e-06,88.9107,68.7158,91.0893,110.278,-1464.7,-424.893,-1502.64,-430.58
-1516.0,-470.0,-129.14,1.12975e-06,88.9369,69.0312,91.0631,109.962,-1463.61,-424.864,-1500.88,-430.549
-1514.0,-470.0,-127.371,1.12737e-06,88.9633,69.348,91.0367,109.645,-1462.53,-424.835,-1499.12,-430.518
-1512.0,-470.0,-138.951,8.97278e-07,88.6864,-59.7947,91.3136,69.5502,-1396.34,-590.198,-1505.77,-480.701
-1510.0,-470.0,-139.222,8.93947e-07,88.6634,-60.1795,91.3366,69.5502,-1396.34,-590.198,-1503.92,-480.603
-1508.0,-470.0,-138.193,8.90656e-07,88.6404,-60.5673,91.3596,69.5502,-1396.34,-590.198,-1502.07,-480.504
-1506.0,-470.0,-136.272,8.87404e-07,88.6172,-60.958,91.3828,69.5502,-1396.34,-590.198,-1500.22,-480.406
-1504.0,-470.0,-119.245,1.14615e-06,88.9153,72.3863,91.0847,107.633,-1455.73,-424.654,-1489.89,-425.564
-1502.0,-470.0,-118.879,1.14416e-06,88.9067,72.7049,91.0933,107.314,-1454.67,-424.626,-1488.15,-425.518
-1500.0,-470.0,-118.599,1.14219e-06,88.9048,73.0246,91.0952,106.995,-1453.61,-424.597,-1486.41,-425.471
-1498.0,-470.0,-118.394,1.14026e-06,88.9029,73.3453,91.0971,106.674,-1452.54,-424.569,-1484.67,-425.425
-1496.0,-470.0,-118.252,1.13837e-06,88.9011,73.6672,91.0989,106.352,-1451.48,-424.541,-1482.92,-425.378
-1494.0,-470.0,-118.167,1.13651e-06,88.8993,73.9901,91.1007,106.029,-1450.42,-424.512,-1481.18,-425.332
-1492.0,-470.0,-118.134,1.13469e-06,88.8975,74.3141,91.1025,105.705,-1449.35,-424.484,-1479.44,-425.286
-1490.0,-470.0,-120.591,8.53688e-07,88.5346,-65.7962,91.4654,111.171,-1467.79,-424.975,-1485.67,-479.632
-1488.0,-470.0,-118.626,8.50975e-07,88.5299,-66.2061,91.4701,110.761,-1466.36,-424.937,-1483.8,-479.533
-1486.0,-470.0,-117.138,8.48305e-07,88.5253,-66.6187,91.4747,110.348,-1464.94,-424.899,-1481.92,-479.433
-1484.0,-470.0,-113.021,7.86207e-07,88.4088,71.5387,91.5912,111.514,-1468.98,-425.007,-1468.98,-425.007
-1482.0,-470.0,-112.308,7.8412e-07,88.4046,72.0014,91.5954,111.051,-1467.37,-424.964,-1467.37,-424.964
-1480.0,-470.0,-111.792,7.82085e-07,88.4004,72.4666,91.5996,110.586,-1465.76,-424.921,-1465.76,-424.921
-1478.0,-470.0,-111.416,7.80107e-07,88.3823,72.9341,91.6177,110.118,-1464.15,-424.878,-1464.15,-424.878
-1476.0,-470.0,-111.141,7.78183e-07,88.3576,73.404,91.6424,109.648,-1462.54,-424.835,-1462.54,-424.835
-1474.0,-470.0,-110.939,7.76312e-07,88.3328,73.8763,91.6672,109.176,-1460.93,-424.792,-1460.93,-424.792
-1472.0,-470.0,-110.794,7.74495e-07,88.308,74.3507,91.692,108.701,-1459.32,-424.75,-1459.32,-424.75
-1470.0,-470.0,-110.694,7.7273e-07,88.2833,74.8274,91.7167,108.225,-1457.72,-424.707,-1457.72,-424.707
-1468.0,-470.0,-110.631,7.7102e-07,88.2585,75.3063,91.7415,107.746,-1456.11,-424.664,-1456.11,-424.664
-1466.0,-470.0,-110.601,7.69362e-07,88.2376,75.7873,91.7624,107.265,-1454.51,-424.621,-1454.51,-424.621
-1464.0,-470.0,-110.602,7.67752e-07,88.2338,76.2703,91.7662,106.782,-1452.9,-424.579,-1452.9,-424.579
-1462.0,-470.0,-110.631,7.66196e-07,88.2303,76.7553,91.7697,106.297,-1451.3,-424.536,-1451.3,-424.536
-1460.0,-470.0,-110.689,7.64695e-07,88.2268,77.2422,91.7732,105.81,-1449.7,-424.493,-1449.7,-424.493
-1458.0,-470.0,-110.776,7.6325e-07,88.2234,77.7311,91.7766,105.321,-1448.09,-424.45,-1448.09,-424.45
-1456.0,-470.0,-109.59,5.73033e-07,87.6334,-48.1817,92.3666,131.026,-1425.58,-570.601,-1397.63,-535.247
-1454.0,-470.0,-108.791,5.68609e-07,87.615,-48.6833,92.385,130.524,-1425.59,-570.061,-1397.66,-534.092
-1452.0,-470.0,-104.347,4.67787e-07,87.1005,-68.1986,92.8995,111.801,-1452.0,-470.0,-1400.0,-600.0
-1450.0,-470.0,-104.302,4.65353e-07,87.0853,-68.9625,92.9147,111.038,-1450.0,-470.0,-1400.0,-600.0
-1448.0,-470.0,-104.258,4.63003e-07,87.0705,-69.7343,92.9295,110.266,-1448.0,-470.0,-1400.0,-600.0
-1446.0,-470.0,-104.215,4.60737e-07,87.0561,-70.5139,92.9439,109.486,-1446.0,-470.0,-1400.0,-600.0
-1444.0,-470.0,-104.174,4.58557e-07,87.0421,-71.301,92.9579,108.699,-1444.0,-470.0,-1400.0,-600.0
-1442.0,-470.0,-104.134,4.56464e-07,87.0285,-72.0956,92.9715,107.904,-1442.0,-470.0,-1400.0,-600.0
-1440.0,-470.0,-104.096,4.54459e-07,87.0154,-72.8973,92.9846,107.103,-1440.0,-470.0,-1400.0,-600.0
-1438.0,-470.0,-104.059,4.52545e-07,87.0027,-73.706,92.9973,106.294,-1438.0,-470.0,-1400.0,-600.0
-1436.0,-470.0,-104.024,4.5072e-07,86.9906,-74.5214,93.0094,105.479,-1436.0,-470.0,-1400.0,-600.0
-1434.0,-470.0,-103.99,4.48988e-07,86.979,-75.3432,93.021,104.657,-1434.0,-470.0,-1400.0,-600.0
-1432.0,-470.0,-103.959,4.47348e-07,86.9679,-76.1713,93.0321,103.829,-1432.0,-470.0,-1400.0,-600.0
-1430.0,-470.0,-103.929,4.45817e-07,86.9215,-77.0054,93.0785,102.995,-1430.0,-470.0,-1400.0,-600.0
-1428.0,-470.0,-103.901,4.44382e-07,86.8752,-77.8451,93.1248,102.155,-1428.0,-470.0,-1400.0,-600.0
-1426.0,-470.0,-103.874,4.43042e-07,86.8293,-78.6901,93.1707,101.31,-1426.0,-470.0,-1400.0,-600.0
-1424.0,-470.0,-103.85,4.418e-07,86.7837,-79.5401,93.2163,100.46,-1424.0,-470.0,-1400.0,-600.0
-1422.0,-470.0,-126.695,4.40704e-07,86.739,-82.805,93.261,99.908,-1420.16,-484.607,-1420.16,-484.607
-1420.0,-470.0,0.0,0.0,0.0,0.0,0.0,0.0,0.0,0.0,0.0,0.0
-1418.0,-470.0,0.0,0.0,0.0,0.0,0.0,0.0,0.0,0.0,0.0,0.0
-1416.0,-470.0,0.0,0.0,0.0,0.0,0.0,0.0,0.0,0.0,0.0,0.0
-1414.0,-470.0,0.0,0.0,0.0,0.0,0.0,0.0,0.0,0.0,0.0,0.0
-1412.0,-470.0,0.0,0.0,0.0,0.0,0.0,0.0,0.0,0.0,0.0,0.0
-1410.0,-470.0,0.0,0.0,0.0,0.0,0.0,0.0,0.0,0.0,0.0,0.0
-1408.0,-470.0,-205.917,1.75001e-06,89.1146,-0.0867706,90.8854,113.553,-1429.64,-532.017,-1209.91,-470.3
-1406.0,-470.0,-185.662,1.589e-06,89.0147,7.98746,90.9853,132.426,-1425.55,-572.049,-1330.79,-459.447
-1404.0,-470.0,-185.495,1.58239e-06,89.0004,8.05258,90.9996,132.426,-1425.55,-572.049,-1330.8,-459.643
-1402.0,-470.0,-154.851,8.42994e-07,88.1043,121.068,91.8957,111.97,-1429.78,-526.194,-1429.74,-423.961
-1400.0,-470.0,-156.551,8.46473e-07,88.093,121.632,91.907,111.97,-1429.78,-526.194,-1428.38,-423.925
-1398.0,-470.0,-159.076,8.50008e-07,88.0819,122.189,91.9181,111.97,-1429.78,-526.194,-1427.03,-423.889
-1396.0,-470.0,-163.021,8.53598e-07,88.0711,122.74,91.9289,111.97,-1429.78,-526.194,-1425.67,-423.853
-1394.0,-470.0,-167.005,1.70948e-06,89.0336,-8.6076,90.9664,33.5575,-1384.69,-589.841,-1163.89,-504.832
-1392.0,-470.0,-166.904,1.70288e-06,89.0298,-8.67311,90.9702,33.5575,-1384.69,-589.841,-1163.89,-504.796
-1390.0,-470.0,-166.803,1.69629e-06,89.0261,-8.73961,90.9739,33.5575,-1384.69,-589.841,-1163.9,-504.759
-1388.0,-470.0,-162.952,8.68448e-07,88.0974,124.876,91.9026,111.97,-1429.78,-526.194,-1420.26,-423.709
-1386.0,-470.0,-166.599,1.6831e-06,89.0184,-8.87569,90.9816,33.5575,-1384.69,-589.841,-1163.9,-504.683
-1384.0,-470.0,-166.497,1.67651e-06,89.0117,-8.94532,90.9883,33.5575,-1384.69,-589.841,-1163.9,-504.644
-1382.0,-470.0,-166.393,1.66992e-06,88.9981,-9.01604,91.0019,33.5575,-1384.69,-589.841,-1163.91,-504.605
-1380.0,-470.0,-166.289,1.66334e-06,88.9844,-9.08788,91.0156,33.5575,-1384.69,-589.841,-1163.91,-504.565
-1378.0,-470.0,-166.185,1.65676e-06,88.9706,-9.16087,91.0294,33.5575,-1384.69,-589.841,-1163.91,-504.524
-1376.0,-470.0,-166.08,1.65017e-06,88.9567,-9.23502,91.0433,33.5575,-1384.69,-589.841,-1163.92,-504.483
-1374.0,-470.0,-165.975,1.64359e-06,88.9427,-9.31038,91.0573,33.5575,-1384.69,-589.841,-1163.92,-504.441
-1372.0,-470.0,-165.869,1.63702e-06,88.9286,-9.38696,91.0714,33.5575,-1384.69,-589.841,-1163.92,-504.398
-1370.0,-470.0,-165.763,1.63044e-06,88.9065,-9.46481,91.0935,33.5575,-1384.69,-589.841,-1163.93,-504.355
-1368.0,-470.0,-165.656,1.62387e-06,88.8822,-9.54394,91.1178,33.5575,-1384.69,-589.841,-1163.93,-504.311
-1366.0,-470.0,-165.548,1.61731e-06,88.8577,-9.6244,91.1423,33.5575,-1384.69,-589.841,-1163.93,-504.266
-1364.0,-470.0,-165.29,1.49306e-06,88.741,-63.5127,91.259,-14.6085,-1339.34,-615.81,-1329.2,-539.827
-1362.0,-470.0,-165.332,1.60418e-06,88.8081,-9.7894,91.1919,33.5575,-1384.69,-589.841,-1163.94,-504.173
-1360.0,-470.0,-165.223,1.59761e-06,88.7876,-9.87403,91.2124,33.5575,-1384.69,-589.841,-1163.94,-504.126
-1358.0,-470.0,-165.114,1.59104e-06,88.7724,-9.96011,91.2276,33.5575,-1384.69,-589.841,-1163.95,-504.078
-1356.0,-470.0,-165.005,1.58448e-06,88.7572,-10.0477,91.2428,33.5575,-1384.69,-589.841,-1163.95,-504.028
-1354.0,-470.0,-164.895,1.57792e-06,88.7418,-10.1368,91.2582,33.5575,-1384.69,-589.841,-1163.95,-503.978
-1352.0,-470.0,-164.785,1.57136e-06,88.7262,-10.2275,91.2738,33.5575,-1384.69,-589.841,-1163.96,-503.927
-1350.0,-470.0,-164.675,1.5648e-06,88.7106,-10.3198,91.2894,33.5575,-1384.69,-589.841,-1163.96,-503.875
-1348.0,-470.0,-164.564,1.55824e-06,88.6948,-10.4138,91.3052,33.5575,-1384.69,-589.841,-1163.97,-503.823
-1346.0,-470.0,-164.453,1.55169e-06,88.669,-10.5095,91.331,33.5575,-1384.69,-589.841,-1163.97,-503.769
-1344.0,-470.0,-164.341,1.54515e-06,88.6424,-10.6069,91.3576,33.5575,-1384.69,-589.841,-1163.97,-503.714
-1342.0,-470.0,-164.229,1.53861e-06,88.6157,-10.7062,91.3843,33.5575,-1384.69,-589.841,-1163.98,-503.658
-1340.0,-470.0,-164.116,1.53207e-06,88.5887,-10.8073,91.4113,33.5575,-1384.69,-589.841,-1163.98,-503.6
-1338.0,-470.0,-164.003,1.52553e-06,88.5615,-10.9103,91.4385,33.5575,-1384.69,-589.841,-1163.99,-503.542
-1336.0,-470.0,-163.891,1.51899e-06,88.5405,-11.0153,91.4595,33.5575,-1384.69,-589.841,-1163.99,-503.483
-1334.0,-470.0,-163.778,1.51245e-06,88.5235,-11.1222,91.4765,33.5575,-1384.69,-589.841,-1163.99,-503.422
-1332.0,-470.0,-163.665,1.50591e-06,88.5064,-11.2313,91.4936,33.5575,-1384.69,-589.841,-1164.0,-503.36
-1330.0,-470.0,-162.137,9.25459e-07,87.5517,-31.9674,92.4483,-43.3117,-1381.35,-617.58,-1254.88,-516.88
-1328.0,-470.0,-160.231,9.19825e-07,87.5191,-32.2838,92.4809,-43.3117,-1381.35,-617.58,-1254.89,-516.19
-1326.0,-470.0,-158.679,9.14211e-07,87.4862,-32.6059,92.5138,-43.3117,-1381.35,-617.58,-1254.9,-515.482
-1324.0,-470.0,-157.264,9.19186e-07,87.4841,36.4867,92.5159,-43.3117,-1381.35,-617.58,-1320.14,-467.142
-1322.0,-470.0,-156.211,9.13838e-07,87.4694,36.8455,92.5306,-43.3117,-1381.35,-617.58,-1318.14,-467.104
-1320.0,-470.0,-155.45,9.08516e-07,87.4546,37.2104,92.5454,-43.3117,-1381.35,-617.58,-1316.14,-467.066
-1318.0,-470.0,-154.781,8.91926e-07,87.4072,-33.9533,92.5928,-43.3117,-1381.35,-617.58,-1254.93,-512.466
-1316.0,-470.0,-154.2,8.86408e-07,87.391,-34.3055,92.609,-43.3117,-1381.35,-617.58,-1254.94,-511.662
-1314.0,-470.0,-153.752,8.80913e-07,87.3747,-34.6643,92.6253,-43.3117,-1381.35,-617.58,-1254.95,-510.835
-1312.0,-470.0,-153.387,8.75442e-07,87.3583,-35.0296,92.6417,-43.3117,-1381.35,-617.58,-1254.96,-509.986
-1310.0,-470.0,-152.418,9.39647e-07,87.5389,-34.206,92.4611,-35.9954,-1376.1,-617.359,-1254.99,-507.396
-1308.0,-470.0,-125.09,1.41484e-06,88.3658,49.6843,91.6342,-43.3117,-1381.35,-617.58,-1245.11,-395.884
-1306.0,-470.0,-127.071,1.41053e-06,88.3608,49.914,91.6392,-43.396,-1381.4,-617.583,-1243.55,-395.804
-1304.0,-470.0,-131.102,1.40625e-06,88.3558,50.1593,91.6442,-43.396,-1381.4,-617.583,-1242.03,-395.726
-1302.0,-470.0,-134.853,1.40199e-06,88.3508,50.4065,91.6492,-43.396,-1381.4,-617.583,-1240.5,-395.647
-1300.0,-470.0,-138.306,1.39775e-06,88.3458,50.6554,91.6542,-43.396,-1381.4,-617.583,-1238.98,-395.569
-1298.0,-470.0,-141.66,1.39353e-06,88.3408,50.9061,91.6592,-43.396,-1381.4,-617.583,-1237.46,-395.491
-1296.0,-470.0,-145.123,1.38933e-06,88.3358,51.1586,91.6642,-43.396,-1381.4,-617.583,-1235.94,-395.413
-1294.0,-470.0,-148.623,1.38516e-06,88.3308,51.4129,91.6692,-43.396,-1381.4,-617.583,-1234.42,-395.335
-1292.0,-470.0,-150.204,7.17152e-07,86.7747,-113.8,93.2253,54.9672,-1393.06,-590.097,-1328.45,-552.64
-1290.0,-470.0,-149.073,7.19902e-07,86.787,-114.95,93.213,54.9672,-1393.06,-590.097,-1328.45,-552.64
-1288.0,-470.0,-147.761,7.22787e-07,86.7791,-116.079,93.2209,54.9672,-1393.06,-590.097,-1328.45,-552.64
-1286.0,-470.0,-146.269,7.25789e-07,86.7702,-117.187,93.2298,54.9672,-1393.06,-590.097,-1328.45,-552.64
-1284.0,-470.0,-144.547,7.28906e-07,86.7618,-118.274,93.2382,54.9672,-1393.06,-590.097,-1328.45,-552.64
-1282.0,-470.0,-149.777,7.3569e-07,83.6564,-121.779,81.4996,56.7076,-1393.51,-590.111,-1373.22,-617.237
-1280.0,-470.0,-149.689,7.39236e-07,83.6585,-122.222,81.5441,56.2659,-1393.39,-590.108,-1372.79,-617.219
-1278.0,-470.0,-149.73,7.42825e-07,83.6609,-122.66,81.5886,55.8286,-1393.28,-590.104,-1372.36,-617.201
-1276.0,-470.0,-149.907,7.4647e-07,83.6524,-123.095,81.633,55.3963,-1393.17,-590.101,-1371.93,-617.183
-1274.0,-470.0,-144.436,6.97242e-07,86.4658,-123.326,93.5342,-43.3117,-1381.35,-617.58,-1342.6,-574.333
-1272.0,-470.0,-134.758,1.57739e-06,87.9346,-137.597,91.4656,-15.5657,-1342.73,-615.953,-1339.65,-531.778
-1270.0,-470.0,-135.662,1.58234e-06,87.8757,-137.759,91.4676,-15.4024,-1342.18,-615.929,-1339.31,-532.936
-1268.0,-470.0,-142.181,7.08652e-07,86.3858,-125.566,93.6142,-43.3117,-1381.35,-617.58,-1342.6,-574.333
-1266.0,-470.0,-140.422,7.12298e-07,86.3608,-127.058,93.6392,-43.396,-1381.4,-617.583,-1355.83,-588.959
-1264.0,-470.0,-139.19,7.16357e-07,86.3589,-127.667,93.6411,-43.396,-1381.4,-617.583,-1355.83,-588.959
-1262.0,-470.0,-137.788,7.20473e-07,86.3573,-128.266,93.6427,-43.396,-1381.4,-617.583,-1355.83,-588.959
-1260.0,-470.0,-136.16,7.24642e-07,86.3559,-128.855,93.6441,-43.396,-1381.4,-617.583,-1355.83,-588.959
-1258.0,-470.0,-134.214,7.28864e-07,86.3549,-129.434,93.6451,-43.396,-1381.4,-617.583,-1355.83,-588.959
-1256.0,-470.0,-131.796,7.33138e-07,86.3541,-130.004,93.6459,-43.396,-1381.4,-617.583,-1355.83,-588.959
-1254.0,-470.0,-128.596,7.37462e-07,86.3536,-130.564,93.6464,-43.396,-1381.4,-617.583,-1355.83,-588.959
-1252.0,-470.0,-124.047,7.41815e-07,86.378,-131.116,93.622,-43.396,-1381.4,-617.583,-1355.83,-588.959
-1250.0,-470.0,-117.422,7.46201e-07,86.421,-131.658,93.579,-43.396,-1381.4,-617.583,-1355.83,-588.959
-1248.0,-470.0,-120.719,7.50633e-07,86.4637,-132.199,93.5363,-43.3117,-1381.35,-617.58,-1342.6,-574.333
-1246.0,-470.0,-127.294,7.55115e-07,86.5061,-132.796,93.4939,-43.3117,-1381.35,-617.58,-1342.6,-574.333
-1244.0,-470.0,-131.455,7.59649e-07,86.5483,-133.382,93.4517,-43.3117,-1381.35,-617.58,-1342.6,-574.333
-1242.0,-470.0,-134.339,7.64232e-07,86.5902,-133.957,93.4098,-43.3117,-1381.35,-617.58,-1342.6,-574.333
-1240.0,-470.0,-136.523,7.68863e-07,86.6306,-134.52,93.3694,-43.3117,-1381.35,-617.58,-1342.6,-574.333
-1238.0,-470.0,-138.271,7.73558e-07,86.6511,-135.073,93.3489,-43.3117,-1381.35,-617.58,-1342.6,-574.333
-1236.0,-470.0,-139.714,7.78297e-07,86.6715,-135.616,93.3285,-43.3117,-1381.35,-617.58,-1342.6,-574.333
-1234.0,-470.0,-129.577,8.5055e-07,86.9545,-138.716,93.0455,-35.9954,-1376.1,-617.359,-1356.19,-577.284
-1232.0,-470.0,-131.617,8.55574e-07,86.9724,-139.132,93.0276,-35.9954,-1376.1,-617.359,-1356.18,-577.449
-1230.0,-470.0,-133.722,8.60629e-07,86.9902,-139.541,93.0098,-35.9954,-1376.1,-617.359,-1356.18,-577.61
-1228.0,-470.0,-135.409,8.65694e-07,87.0349,-139.943,92.9651,-35.9954,-1376.1,-617.359,-1356.17,-577.766
-1226.0,-470.0,-136.871,8.70781e-07,87.0893,-140.339,92.9107,-35.9954,-1376.1,-617.359,-1356.17,-577.918
-1224.0,-470.0,-138.159,8.75898e-07,87.1432,-140.728,92.8568,-35.9954,-1376.1,-617.359,-1356.16,-578.066
-1222.0,-470.0,-139.325,8.81044e-07,87.1966,-141.111,92.8034,-35.9954,-1376.1,-617.359,-1356.16,-578.209
-1220.0,-470.0,-140.407,8.86219e-07,87.2495,-141.488,92.7505,-35.9954,-1376.1,-617.359,-1356.16,-578.349
-1218.0,-470.0,-153.901,8.92218e-07,100.691,-141.161,93.1289,-35.9954,-1376.1,-617.359,-1224.54,-475.267
-1216.0,-470.0,-154.843,8.97496e-07,100.693,-141.535,93.0922,-35.9954,-1376.1,-617.359,-1223.13,-475.665
-1214.0,-470.0,-161.526,1.73436e-06,88.6731,-151.663,91.3269,-14.8341,-1340.17,-615.845,-1338.13,-536.942
-1212.0,-470.0,-161.882,1.74022e-06,88.7054,-152.044,91.2946,-14.8341,-1340.17,-615.845,-1338.13,-536.942
-1210.0,-470.0,-162.239,1.74611e-06,88.7375,-152.416,91.2625,-14.8341,-1340.17,-615.845,-1338.13,-536.942
-1208.0,-470.0,0.0,0.0,0.0,0.0,0.0,0.0,0.0,0.0,0.0,0.0
-1206.0,-470.0,0.0,0.0,0.0,0.0,0.0,0.0,0.0,0.0,0.0,0.0
-1204.0,-470.0,0.0,0.0,0.0,0.0,0.0,0.0,0.0,0.0,0.0,0.0
-1202.0,-470.0,0.0,0.0,0.0,0.0,0.0,0.0,0.0,0.0,0.0,0.0
-1600.0,-468.0,-161.564,1.05594e-06,88.2823,30.6726,91.7177,96.8954,-1412.1,-499.96,-1537.96,-431.204
-1598.0,-468.0,-161.554,1.05022e-06,88.2524,30.946,91.7476,96.8954,-1412.1,-499.96,-1536.59,-431.18
-1596.0,-468.0,-161.579,1.04452e-06,88.2274,31.2238,91.7726,96.8954,-1412.1,-499.96,-1535.22,-431.156
-1594.0,-468.0,-161.647,1.03883e-06,88.2021,31.5061,91.7979,96.8954,-1412.1,-499.96,-1533.85,-431.132
-1592.0,-468.0,-161.767,1.03316e-06,88.1766,31.793,91.8234,96.8954,-1412.1,-499.96,-1532.48,-431.108
-1590.0,-468.0,-161.955,1.02751e-06,88.1509,32.0847,91.8491,96.8954,-1412.1,-499.96,-1531.11,-431.083
-1588.0,-468.0,-162.227,1.02188e-06,88.1249,32.3811,91.8751,96.8954,-1412.1,-499.96,-1529.75,-431.059
-1586.0,-468.0,-162.598,1.01965e-06,88.1049,32.6825,91.8951,82.1554,-1396.76,-576.497,-1528.38,-431.035
-1584.0,-468.0,-162.955,1.0166e-06,88.0834,30.2297,91.9166,99.908,-1420.16,-484.607,-1520.32,-430.892
-1582.0,-468.0,-163.078,1.01086e-06,88.0565,30.5405,91.9435,99.908,-1420.16,-484.607,-1519.07,-430.87
-1580.0,-468.0,-163.028,1.00513e-06,88.0293,30.8571,91.9707,99.908,-1420.16,-484.607,-1517.82,-430.848
-1578.0,-468.0,-162.763,9.99427e-07,88.0019,31.1797,91.9981,99.908,-1420.16,-484.607,-1516.57,-430.826
-1576.0,-468.0,-162.348,9.93741e-07,87.9742,31.5084,92.0258,99.908,-1420.16,-484.607,-1515.32,-430.804
-1574.0,-468.0,-161.903,9.88059e-07,87.973,31.8434,92.027,99.908,-1420.16,-484.607,-1514.07,-430.782
-1572.0,-468.0,-158.652,1.05123e-06,88.1102,38.102,91.8898,117.862,-1429.33,-544.506,-1524.78,-430.971
-1570.0,-468.0,-158.478,1.04598e-06,88.1162,38.3843,91.8838,117.862,-1429.33,-544.506,-1523.22,-430.944
-1568.0,-468.0,-158.384,1.04075e-06,88.1222,38.6701,91.8778,117.862,-1429.33,-544.506,-1521.66,-430.916
-1566.0,-468.0,-158.377,1.03555e-06,88.1284,38.9595,91.8716,117.862,-1429.33,-544.506,-1520.1,-430.889
-1564.0,-468.0,-158.469,1.03036e-06,88.1346,39.2525,91.8654,117.862,-1429.33,-544.506,-1518.55,-430.861
-1562.0,-468.0,-158.684,1.0252e-06,88.141,39.5493,91.859,117.862,-1429.33,-544.506,-1516.99,-430.834
-1560.0,-468.0,-159.061,1.02005e-06,88.1653,39.8498,91.8347,117.862,-1429.33,-544.506,-1515.44,-430.806
-1558.0,-468.0,-159.661,1.01491e-06,88.2037,40.1542,91.7963,117.862,-1429.33,-544.506,-1513.88,-430.779
-1556.0,-468.0,-159.396,9.34412e-07,88.1007,37.8715,91.8993,96.8954,-1412.1,-499.96,-1508.0,-430.675
-1554.0,-468.0,-159.157,9.29133e-07,88.1421,38.2677,91.8579,96.8954,-1412.1,-499.96,-1506.65,-430.651
-1552.0,-468.0,-158.998,9.23884e-07,88.184,38.671,91.816,96.8954,-1412.1,-499.96,-1505.3,-430.627
-1550.0,-468.0,-154.11,9.75987e-07,88.2983,43.958,91.7017,129.985,-1425.61,-569.467,-1511.35,-430.734
-1548.0,-468.0,-152.29,9.71193e-07,88.3065,44.346,91.6935,129.985,-1425.61,-569.467,-1509.85,-430.707
-1546.0,-468.0,-147.738,9.65846e-07,88.3139,45.7784,91.6861,129.101,-1425.63,-568.463,-1509.7,-430.705
-1544.0,-468.0,-141.611,1.05584e-06,88.4729,-46.8419,91.5271,129.985,-1425.61,-569.467,-1530.84,-482.033
-1542.0,-468.0,-121.95,9.56008e-07,88.3303,47.2519,91.6697,133.982,-1425.51,-573.567,-1507.49,-430.666
-1540.0,-468.0,-124.939,9.51485e-07,88.3393,47.5472,91.6607,133.687,-1425.52,-573.286,-1505.82,-430.636
-1538.0,-468.0,-127.717,9.46987e-07,88.3485,47.8452,91.6515,133.389,-1425.52,-572.999,-1504.15,-430.606
-1536.0,-468.0,-128.499,9.42509e-07,88.37,48.1461,91.63,133.088,-1425.53,-572.706,-1502.48,-430.577
-1534.0,-468.0,-126.733,9.38055e-07,88.3967,48.4498,91.6033,132.784,-1425.54,-572.407,-1500.81,-430.547
-1532.0,-468.0,-123.77,9.33629e-07,88.4237,48.7564,91.5763,132.477,-1425.54,-572.101,-1499.14,-430.518
-1530.0,-468.0,-145.167,1.02461e-06,88.5952,-49.4897,91.4048,129.985,-1425.61,-569.467,-1518.57,-481.381
-1528.0,-468.0,-132.162,1.13861e-06,88.7642,67.0288,91.2358,111.965,-1470.56,-425.049,-1512.21,-430.749
-1526.0,-468.0,-131.21,1.13601e-06,88.7898,67.3387,91.2102,111.655,-1469.47,-425.02,-1510.43,-430.718
-1524.0,-468.0,-129.613,9.40521e-07,88.5725,51.7898,91.4275,130.064,-1425.6,-569.555,-1490.61,-425.583
-1522.0,-468.0,-126.683,9.36423e-07,88.6008,52.5132,91.3992,129.985,-1425.61,-569.467,-1489.44,-425.552
-1520.0,-468.0,-130.086,1.12842e-06,88.8675,68.277,91.1325,110.716,-1466.21,-424.933,-1505.11,-430.623
-1518.0,-468.0,-130.187,1.12595e-06,88.8937,68.5925,91.1063,110.401,-1465.12,-424.904,-1503.33,-430.592
-1516.0,-468.0,-129.588,1.12352e-06,88.92,68.9094,91.08,110.084,-1464.03,-424.875,-1501.56,-430.561
-1514.0,-468.0,-128.039,1.12113e-06,88.9465,69.2277,91.0535,109.766,-1462.94,-424.846,-1499.79,-430.529
-1512.0,-468.0,-139.291,9.03055e-07,88.6811,-60.0163,91.3189,69.5502,-1396.34,-590.198,-1504.7,-480.644
-1510.0,-468.0,-138.893,8.99747e-07,88.6583,-60.3994,91.3417,69.5502,-1396.34,-590.198,-1502.87,-480.547
-1508.0,-468.0,-137.226,8.96478e-07,88.6354,-60.7854,91.3646,69.5502,-1396.34,-590.198,-1501.04,-480.449
-1506.0,-468.0,-135.351,8.93248e-07,88.6124,-61.1743,91.3876,69.5502,-1396.34,-590.198,-1499.2,-480.352
-1504.0,-468.0,-119.33,1.1398e-06,88.9025,72.2848,91.0975,107.735,-1456.07,-424.663,-1490.45,-425.579
-1502.0,-468.0,-118.93,1.13779e-06,88.9006,72.6049,91.0994,107.414,-1455.0,-424.635,-1488.7,-425.532
-1500.0,-468.0,-118.623,1.13581e-06,88.8986,72.9262,91.1014,107.093,-1453.93,-424.606,-1486.94,-425.485
-1498.0,-468.0,-118.395,1.13387e-06,88.8968,73.2487,91.1032,106.771,-1452.87,-424.578,-1485.19,-425.439
-1496.0,-468.0,-118.235,1.13196e-06,88.8949,73.5722,91.1051,106.447,-1451.79,-424.549,-1483.44,-425.392
-1494.0,-468.0,-118.133,1.1301e-06,88.8931,73.8968,91.1069,106.123,-1450.72,-424.521,-1481.69,-425.345
-1492.0,-468.0,-118.085,1.12826e-06,88.8913,74.2224,91.1087,105.797,-1449.65,-424.492,-1479.93,-425.299
-1490.0,-468.0,-118.086,1.12647e-06,88.8895,74.5491,91.1105,105.47,-1448.58,-424.463,-1478.18,-425.252
-1488.0,-468.0,-117.993,8.57083e-07,88.5404,-66.3862,91.4596,110.581,-1465.74,-424.921,-1482.98,-479.489
-1486.0,-468.0,-116.694,8.54433e-07,88.5359,-66.7963,91.4641,110.171,-1464.33,-424.883,-1481.12,-479.39
-1484.0,-468.0,-113.243,7.79883e-07,88.3959,71.3834,91.6041,111.669,-1469.52,-425.021,-1469.52,-425.021
-1482.0,-468.0,-112.44,7.77779e-07,88.3915,71.8494,91.6085,111.203,-1467.9,-424.978,-1467.9,-424.978
-1480.0,-468.0,-111.863,7.7573e-07,88.378,72.318,91.622,110.734,-1466.27,-424.935,-1466.27,-424.935
-1478.0,-468.0,-111.445,7.73738e-07,88.353,72.789,91.647,110.263,-1464.65,-424.891,-1464.65,-424.891
-1476.0,-468.0,-111.139,7.71799e-07,88.3279,73.2625,91.6721,109.79,-1463.02,-424.848,-1463.02,-424.848
-1474.0,-468.0,-110.914,7.69913e-07,88.3029,73.7383,91.6971,109.314,-1461.4,-424.805,-1461.4,-424.805
-1472.0,-468.0,-110.753,7.6808e-07,88.2778,74.2164,91.7222,108.836,-1459.78,-424.762,-1459.78,-424.762
-1470.0,-468.0,-110.64,7.66301e-07,88.2527,74.6968,91.7473,108.355,-1458.16,-424.719,-1458.16,-424.719
-1468.0,-468.0,-110.567,7.64576e-07,88.2277,75.1794,91.7723,107.873,-1456.54,-424.675,-1456.54,-424.675
-1466.0,-468.0,-110.528,7.62904e-07,88.2064,75.6641,91.7936,107.388,-1454.92,-424.632,-1454.92,-424.632
-1464.0,-468.0,-110.521,7.6128e-07,88.2026,76.151,91.7974,106.901,-1453.3,-424.589,-1453.3,-424.589
-1462.0,-468.0,-110.543,7.59711e-07,88.1989,76.6399,91.8011,106.412,-1451.68,-424.546,-1451.68,-424.546
-1460.0,-468.0,-110.594,7.58198e-07,88.1953,77.1308,91.8047,105.921,-1450.06,-424.503,-1450.06,-424.503
-1458.0,-468.0,-109.836,5.82457e-07,87.6505,-48.1301,92.3495,131.077,-1425.58,-570.656,-1397.62,-535.364
-1456.0,-468.0,-109.001,5.78028e-07,87.6324,-48.6231,92.3676,130.584,-1425.59,-570.126,-1397.66,-534.232
-1454.0,-468.0,-108.502,5.73643e-07,87.6143,-49.1237,92.3857,130.084,-1425.6,-569.577,-1397.69,-533.058
-1452.0,-468.0,-104.462,4.73993e-07,87.1124,-68.4986,92.8876,111.501,-1452.0,-468.0,-1400.0,-600.0
-1450.0,-468.0,-104.418,4.71591e-07,87.0977,-69.2539,92.9023,110.746,-1450.0,-468.0,-1400.0,-600.0
-1448.0,-468.0,-104.375,4.69272e-07,87.0833,-70.0169,92.9167,109.983,-1448.0,-468.0,-1400.0,-600.0
-1446.0,-468.0,-104.333,4.67036e-07,87.0693,-70.7873,92.9307,109.213,-1446.0,-468.0,-1400.0,-600.0
-1444.0,-468.0,-104.293,4.64886e-07,87.0557,-71.5651,92.9443,108.435,-1444.0,-468.0,-1400.0,-600.0
-1442.0,-468.0,-104.255,4.62821e-07,87.0426,-72.3499,92.9574,107.65,-1442.0,-468.0,-1400.0,-600.0
-1440.0,-468.0,-104.217,4.60845e-07,87.0299,-73.1416,92.9701,106.858,-1440.0,-468.0,-1400.0,-600.0
-1438.0,-468.0,-104.182,4.58956e-07,87.0177,-73.94,92.9823,106.06,-1438.0,-468.0,-1400.0,-600.0
-1436.0,-468.0,-104.147,4.57158e-07,87.0059,-74.7449,92.9941,105.255,-1436.0,-468.0,-1400.0,-600.0
-1434.0,-468.0,-104.115,4.5545e-07,86.9947,-75.556,93.0053,104.444,-1434.0,-468.0,-1400.0,-600.0
-1432.0,-468.0,-104.084,4.53845e-07,86.9571,-76.373,93.0429,103.627,-1432.0,-468.0,-1400.0,-600.0
-1430.0,-468.0,-104.055,4.52336e-07,86.9112,-77.1957,93.0888,102.804,-1430.0,-468.0,-1400.0,-600.0
-1428.0,-468.0,-104.028,4.50922e-07,86.8656,-78.0239,93.1344,101.976,-1428.0,-468.0,-1400.0,-600.0
-1426.0,-468.0,-104.002,4.49602e-07,86.8205,-78.8571,93.1795,101.143,-1426.0,-468.0,-1400.0,-600.0
-1424.0,-468.0,-103.979,4.48378e-07,86.7757,-79.6952,93.2243,100.305,-1424.0,-468.0,-1400.0,-600.0
-1422.0,-468.0,-130.974,4.47345e-07,86.7321,-83.664,93.2679,99.908,-1420.16,-484.607,-1420.16,-484.607
-1420.0,-468.0,0.0,0.0,0.0,0.0,0.0,0.0,0.0,0.0,0.0,0.0
-1418.0,-468.0,0.0,0.0,0.0,0.0,0.0,0.0,0.0,0.0,0.0,0.0
-1416.0,-468.0,0.0,0.0,0.0,0.0,0.0,0.0,0.0,0.0,0.0,0.0
-1414.0,-468.0,0.0,0.0,0.0,0.0,0.0,0.0,0.0,0.0,0.0,0.0
-1412.0,-468.0,0.0,0.0,0.0,0.0,0.0,0.0,0.0,0.0,0.0,0.0
-1410.0,-468.0,-199.861,1.54812e-06,88.9936,7.73826,91.0064,130.064,-1425.6,-569.555,-1334.24,-457.705
-1408.0,-468.0,-199.803,1.54151e-06,88.9788,7.80417,91.0212,130.064,-1425.6,-569.555,-1334.25,-457.891
-1406.0,-468.0,-167.278,1.75005e-06,89.0913,-8.64528,90.9087,33.5575,-1384.69,-589.841,-1163.89,-504.811
-1404.0,-468.0,-154.214,8.33848e-07,88.0732,120.838,91.9268,111.97,-1429.78,-526.194,-1430.28,-423.976
-1402.0,-468.0,-155.72,8.37306e-07,88.0619,121.413,91.9381,111.97,-1429.78,-526.194,-1428.91,-423.939
-1400.0,-468.0,-157.902,8.4082e-07,88.0507,121.981,91.9493,111.97,-1429.78,-526.194,-1427.53,-423.903
-1398.0,-468.0,-161.299,8.44389e-07,88.0399,122.542,91.9601,111.97,-1429.78,-526.194,-1426.16,-423.866
-1396.0,-468.0,-166.313,8.48014e-07,88.0292,123.095,91.9708,111.97,-1429.78,-526.194,-1424.79,-423.83
-1394.0,-468.0,-166.69,1.71051e-06,89.0197,-9.0366,90.9803,33.5575,-1384.69,-589.841,-1163.91,-504.594
-1392.0,-468.0,-166.591,1.70392e-06,89.0159,-9.10526,90.9841,33.5575,-1384.69,-589.841,-1163.91,-504.555
-1390.0,-468.0,-163.897,8.5918e-07,88.0481,124.716,91.9519,111.97,-1429.78,-526.194,-1420.68,-423.72
-1388.0,-468.0,-166.392,1.69075e-06,89.0082,-9.24573,90.9918,33.5575,-1384.69,-589.841,-1163.92,-504.477
-1386.0,-468.0,-166.291,1.68416e-06,89.0037,-9.31759,90.9963,33.5575,-1384.69,-589.841,-1163.92,-504.437
-1384.0,-468.0,-166.19,1.67758e-06,88.9902,-9.39057,91.0098,33.5575,-1384.69,-589.841,-1163.92,-504.396
-1382.0,-468.0,-166.089,1.67101e-06,88.9765,-9.46469,91.0235,33.5575,-1384.69,-589.841,-1163.93,-504.355
-1380.0,-468.0,-165.987,1.66443e-06,88.9628,-9.53997,91.0372,33.5575,-1384.69,-589.841,-1163.93,-504.313
-1378.0,-468.0,-165.884,1.65786e-06,88.9489,-9.61646,91.0511,33.5575,-1384.69,-589.841,-1163.93,-504.27
-1376.0,-468.0,-165.782,1.65128e-06,88.935,-9.69416,91.065,33.5575,-1384.69,-589.841,-1163.94,-504.227
-1374.0,-468.0,-165.678,1.64471e-06,88.9209,-9.77312,91.0791,33.5575,-1384.69,-589.841,-1163.94,-504.182
-1372.0,-468.0,-165.575,1.63814e-06,88.9067,-9.85337,91.0933,33.5575,-1384.69,-589.841,-1163.94,-504.137
-1370.0,-468.0,-165.471,1.63158e-06,88.8845,-9.93493,91.1155,33.5575,-1384.69,-589.841,-1163.95,-504.092
-1368.0,-468.0,-165.366,1.62502e-06,88.8602,-10.0178,91.1398,33.5575,-1384.69,-589.841,-1163.95,-504.045
-1366.0,-468.0,-165.261,1.61846e-06,88.8356,-10.1021,91.1644,33.5575,-1384.69,-589.841,-1163.95,-503.998
-1364.0,-468.0,-165.155,1.61191e-06,88.8108,-10.1878,91.1892,33.5575,-1384.69,-589.841,-1163.96,-503.95
-1362.0,-468.0,-165.05,1.60535e-06,88.7881,-10.275,91.2119,33.5575,-1384.69,-589.841,-1163.96,-503.901
-1360.0,-468.0,-164.944,1.59879e-06,88.773,-10.3636,91.227,33.5575,-1384.69,-589.841,-1163.96,-503.851
-1358.0,-468.0,-164.838,1.59224e-06,88.7578,-10.4538,91.2422,33.5575,-1384.69,-589.841,-1163.97,-503.8
-1356.0,-468.0,-164.731,1.58568e-06,88.7425,-10.5455,91.2575,33.5575,-1384.69,-589.841,-1163.97,-503.748
-1354.0,-468.0,-164.624,1.57913e-06,88.7271,-10.6389,91.2729,33.5575,-1384.69,-589.841,-1163.97,-503.696
-1352.0,-468.0,-164.517,1.57258e-06,88.7115,-10.7338,91.2885,33.5575,-1384.69,-589.841,-1163.98,-503.642
-1350.0,-468.0,-164.41,1.56603e-06,88.6958,-10.8305,91.3042,33.5575,-1384.69,-589.841,-1163.98,-503.587
-1348.0,-468.0,-164.302,1.55949e-06,88.68,-10.9289,91.32,33.5575,-1384.69,-589.841,-1163.99,-503.532
-1346.0,-468.0,-164.194,1.55295e-06,88.6541,-11.0291,91.3459,33.5575,-1384.69,-589.841,-1163.99,-503.475
-1344.0,-468.0,-163.773,9.85731e-07,87.8466,143.023,92.1534,89.6826,-1399.57,-523.105,-1392.51,-431.477
-1342.0,-468.0,-163.978,1.53989e-06,88.6008,-11.2351,91.3992,33.5575,-1384.69,-589.841,-1164.0,-503.358
-1340.0,-468.0,-163.87,1.53336e-06,88.5737,-11.3409,91.4263,33.5575,-1384.69,-589.841,-1164.0,-503.298
-1338.0,-468.0,-163.638,1.02196e-06,87.8341,-30.7215,92.1659,-35.9954,-1376.1,-617.359,-1254.88,-517.397
-1336.0,-468.0,-163.654,1.5203e-06,88.5337,-11.5586,91.4663,33.5575,-1384.69,-589.841,-1164.01,-503.174
-1334.0,-468.0,-163.124,9.40289e-07,87.6116,-31.8454,92.3884,-43.3117,-1381.35,-617.58,-1254.88,-517.144
-1332.0,-468.0,-161.125,9.34646e-07,87.5798,-32.1537,92.4202,-43.3117,-1381.35,-617.58,-1254.89,-516.474
-1330.0,-468.0,-159.456,9.29023e-07,87.5478,-32.4672,92.4522,-43.3117,-1381.35,-617.58,-1254.89,-515.788
-1328.0,-468.0,-158.104,9.2342e-07,87.5154,-32.7863,92.4846,-43.3117,-1381.35,-617.58,-1254.9,-515.084
-1326.0,-468.0,-156.994,9.17837e-07,87.4827,-33.111,92.5173,-43.3117,-1381.35,-617.58,-1254.91,-514.363
-1324.0,-468.0,-156.062,9.12275e-07,87.4515,-33.4415,92.5485,-43.3117,-1381.35,-617.58,-1254.92,-513.623
-1322.0,-468.0,-155.275,9.06722e-07,87.4359,-33.7778,92.5641,-43.3117,-1381.35,-617.58,-1254.93,-512.865
-1320.0,-468.0,-154.629,9.01192e-07,87.4201,-34.1201,92.5799,-43.3117,-1381.35,-617.58,-1254.93,-512.086
-1318.0,-468.0,-154.123,8.95684e-07,87.4042,-34.4686,92.5958,-43.3117,-1381.35,-617.58,-1254.94,-511.287
-1316.0,-468.0,-153.728,8.902e-07,87.3882,-34.8233,92.6118,-43.3117,-1381.35,-617.58,-1254.95,-510.466
-1314.0,-468.0,-153.389,8.84739e-07,87.3721,-35.1845,92.6279,-43.3117,-1381.35,-617.58,-1254.96,-509.623
-1312.0,-468.0,-151.697,9.4892e-07,87.55,-34.3507,92.45,-35.9954,-1376.1,-617.359,-1254.99,-506.963
-1310.0,-468.0,-150.12,9.43426e-07,87.5357,-34.6612,92.4643,-35.9954,-1376.1,-617.359,-1255.0,-506.028
-1308.0,-468.0,-148.792,9.37953e-07,87.5213,-34.9768,92.4787,-35.9954,-1376.1,-617.359,-1255.01,-505.071
-1306.0,-468.0,-125.095,1.40544e-06,88.3461,49.7236,91.6539,-43.3117,-1381.35,-617.58,-1244.88,-395.872
-1304.0,-468.0,-127.673,1.40114e-06,88.341,49.953,91.659,-43.396,-1381.4,-617.583,-1243.31,-395.791
-1302.0,-468.0,-131.713,1.39686e-06,88.3359,50.2004,91.6641,-43.396,-1381.4,-617.583,-1241.77,-395.713
-1300.0,-468.0,-135.398,1.3926e-06,88.3308,50.4497,91.6692,-43.396,-1381.4,-617.583,-1240.24,-395.634
-1298.0,-468.0,-138.838,1.38837e-06,88.3257,50.7008,91.6743,-43.396,-1381.4,-617.583,-1238.71,-395.555
-1296.0,-468.0,-142.248,1.38415e-06,88.3206,50.9536,91.6794,-43.396,-1381.4,-617.583,-1237.17,-395.476
-1294.0,-468.0,-145.758,1.37996e-06,88.3155,51.2083,91.6845,-43.396,-1381.4,-617.583,-1235.64,-395.398
-1292.0,-468.0,-149.241,1.37579e-06,88.3104,51.4649,91.6896,-43.396,-1381.4,-617.583,-1234.11,-395.319
-1290.0,-468.0,-149.76,7.25979e-07,86.7814,-114.43,93.2186,54.9672,-1393.06,-590.097,-1328.45,-552.64
-1288.0,-468.0,-148.558,7.28809e-07,86.7718,-115.542,93.2282,54.9672,-1393.06,-590.097,-1328.45,-552.64
-1286.0,-468.0,-147.191,7.31755e-07,86.7627,-116.634,93.2373,54.9672,-1393.06,-590.097,-1328.45,-552.64
-1284.0,-468.0,-155.459,1.35939e-06,88.2461,52.5095,91.7539,-43.396,-1381.4,-617.583,-1228.01,-395.006
-1282.0,-468.0,-159.22,7.51996e-07,83.7776,-120.941,53.2359,47.7893,-1390.96,-590.033,-1371.42,-617.162
-1280.0,-468.0,-149.819,7.44904e-07,83.6829,-121.946,81.5165,56.5392,-1393.46,-590.11,-1373.05,-617.231
-1278.0,-468.0,-149.781,7.48466e-07,83.685,-122.382,81.5605,56.1039,-1393.35,-590.106,-1372.63,-617.213
-1276.0,-468.0,-149.873,7.52083e-07,83.6764,-122.815,81.6045,55.6734,-1393.24,-590.103,-1372.2,-617.195
-1274.0,-468.0,-150.105,7.5576e-07,83.6525,-123.244,81.6484,55.2482,-1393.13,-590.1,-1371.78,-617.177
-1272.0,-468.0,-144.339,7.06533e-07,86.4315,-123.582,93.5685,-43.3117,-1381.35,-617.58,-1342.6,-574.333
-1270.0,-468.0,-136.298,1.58684e-06,87.8146,-137.579,91.4654,-15.5807,-1342.78,-615.955,-1339.68,-531.671
-1268.0,-468.0,-142.893,7.14114e-07,86.3788,-125.053,93.6212,-43.3117,-1381.35,-617.58,-1342.6,-574.333
-1266.0,-468.0,-142.073,7.17994e-07,86.3725,-125.768,93.6275,-43.3117,-1381.35,-617.58,-1342.6,-574.333
-1264.0,-468.0,-140.262,7.21659e-07,86.3685,-127.206,93.6315,-43.396,-1381.4,-617.583,-1355.83,-588.959
-1262.0,-468.0,-139.016,7.25732e-07,86.3666,-127.802,93.6334,-43.396,-1381.4,-617.583,-1355.83,-588.959
-1260.0,-468.0,-137.595,7.29859e-07,86.365,-128.389,93.635,-43.396,-1381.4,-617.583,-1355.83,-588.959
-1258.0,-468.0,-135.94,7.34039e-07,86.3637,-128.966,93.6363,-43.396,-1381.4,-617.583,-1355.83,-588.959
-1256.0,-468.0,-133.955,7.38271e-07,86.3627,-129.534,93.6373,-43.396,-1381.4,-617.583,-1355.83,-588.959
-1254.0,-468.0,-131.477,7.42553e-07,86.3619,-130.093,93.6381,-43.396,-1381.4,-617.583,-1355.83,-588.959
-1252.0,-468.0,-128.179,7.46864e-07,86.3859,-130.643,93.6141,-43.396,-1381.4,-617.583,-1355.83,-588.959
-1250.0,-468.0,-123.43,7.51209e-07,86.4284,-131.184,93.5716,-43.396,-1381.4,-617.583,-1355.83,-588.959
-1248.0,-468.0,-116.72,7.556e-07,86.4706,-131.716,93.5294,-43.396,-1381.4,-617.583,-1355.83,-588.959
-1246.0,-468.0,-121.569,7.60037e-07,86.5125,-132.254,93.4875,-43.3117,-1381.35,-617.58,-1342.6,-574.333
-1244.0,-468.0,-127.801,7.64525e-07,86.5541,-132.839,93.4459,-43.3117,-1381.35,-617.58,-1342.6,-574.333
-1242.0,-468.0,-131.769,7.69062e-07,86.5955,-133.413,93.4045,-43.3117,-1381.35,-617.58,-1342.6,-574.333
-1240.0,-468.0,-134.56,7.73647e-07,86.6366,-133.977,93.3634,-43.3117,-1381.35,-617.58,-1342.6,-574.333
-1238.0,-468.0,-136.69,7.78285e-07,86.6714,-134.529,93.3286,-43.3117,-1381.35,-617.58,-1342.6,-574.333
-1236.0,-468.0,-138.402,7.82979e-07,86.6914,-135.072,93.3086,-43.3117,-1381.35,-617.58,-1342.6,-574.333
-1234.0,-468.0,-139.821,7.87718e-07,86.7113,-135.604,93.2887,-43.3117,-1381.35,-617.58,-1342.6,-574.333
-1232.0,-468.0,-131.156,8.59955e-07,86.9878,-138.659,93.0122,-35.9954,-1376.1,-617.359,-1356.19,-577.261
-1230.0,-468.0,-131.369,8.64974e-07,87.0053,-139.069,92.9947,-35.9954,-1376.1,-617.359,-1356.18,-577.424
-1228.0,-468.0,-133.485,8.70003e-07,87.0495,-139.472,92.9505,-35.9954,-1376.1,-617.359,-1356.18,-577.583
-1226.0,-468.0,-135.216,8.75056e-07,87.1035,-139.869,92.8965,-35.9954,-1376.1,-617.359,-1356.17,-577.737
-1224.0,-468.0,-136.705,8.80138e-07,87.157,-140.259,92.843,-35.9954,-1376.1,-617.359,-1356.17,-577.887
-1222.0,-468.0,-138.005,8.8525e-07,87.2099,-140.644,92.7901,-35.9954,-1376.1,-617.359,-1356.16,-578.033
-1220.0,-468.0,-139.179,8.90388e-07,87.2652,-141.022,92.7348,-35.9954,-1376.1,-617.359,-1356.16,-578.176
-1218.0,-468.0,-140.262,8.95544e-07,87.3351,-141.393,92.6649,-35.9954,-1376.1,-617.359,-1356.16,-578.314
-1216.0,-468.0,-141.282,9.00728e-07,87.4043,-141.759,92.5957,-35.9954,-1376.1,-617.359,-1356.15,-578.45
-1214.0,-468.0,-142.262,9.0594e-07,87.4727,-142.12,92.5273,-35.9954,-1376.1,-617.359,-1356.15,-578.581
-1212.0,-468.0,-161.4,1.74338e-06,88.7148,-151.34,91.2852,-14.8341,-1340.17,-615.845,-1338.13,-536.942
-1210.0,-468.0,-161.747,1.74923e-06,88.7468,-151.718,91.2532,-14.8341,-1340.17,-615.845,-1338.13,-536.942
-1208.0,-468.0,0.0,0.0,0.0,0.0,0.0,0.0,0.0,0.0,0.0,0.0
-1206.0,-468.0,0.0,0.0,0.0,0.0,0.0,0.0,0.0,0.0,0.0,0.0
-1204.0,-468.0,0.0,0.0,0.0,0.0,0.0,0.0,0.0,0.0,0.0,0.0
-1202.0,-468.0,0.0,0.0,0.0,0.0,0.0,0.0,0.0,0.0,0.0,0.0
-1600.0,-466.0,-161.509,1.05257e-06,88.2599,30.2132,91.7401,96.8954,-1412.1,-499.96,-1540.32,-431.246
-1598.0,-466.0,-161.452,1.04682e-06,88.2349,30.4841,91.7651,96.8954,-1412.1,-499.96,-1538.92,-431.221
-1596.0,-466.0,-161.422,1.04109e-06,88.2097,30.7595,91.7903,96.8954,-1412.1,-499.96,-1537.52,-431.197
-1594.0,-466.0,-161.424,1.03537e-06,88.1842,31.0395,91.8158,96.8954,-1412.1,-499.96,-1536.13,-431.172
-1592.0,-466.0,-161.464,1.02968e-06,88.1584,31.324,91.8416,96.8954,-1412.1,-499.96,-1534.73,-431.147
-1590.0,-466.0,-161.551,1.024e-06,88.1324,31.6132,91.8676,96.8954,-1412.1,-499.96,-1533.34,-431.123
-1588.0,-466.0,-161.699,1.01833e-06,88.1062,31.9073,91.8938,96.8954,-1412.1,-499.96,-1531.94,-431.098
-1586.0,-466.0,-161.923,1.01269e-06,88.0797,32.2063,91.9203,96.8954,-1412.1,-499.96,-1530.55,-431.073
-1584.0,-466.0,-162.243,1.00707e-06,88.0529,32.5104,91.9471,96.8954,-1412.1,-499.96,-1529.16,-431.049
-1582.0,-466.0,-162.645,1.00484e-06,88.0325,32.8196,91.9675,82.1554,-1396.76,-576.497,-1527.77,-431.024
-1580.0,-466.0,-162.854,1.00175e-06,88.0103,30.3193,91.9897,99.908,-1420.16,-484.607,-1519.96,-430.886
-1578.0,-466.0,-162.934,9.96009e-07,87.9827,30.6386,92.0173,99.908,-1420.16,-484.607,-1518.68,-430.863
-1576.0,-466.0,-162.81,9.90278e-07,87.9737,30.964,92.0263,99.908,-1420.16,-484.607,-1517.4,-430.841
-1574.0,-466.0,-162.476,9.8456e-07,87.9784,31.2957,92.0216,99.908,-1420.16,-484.607,-1516.13,-430.818
-1572.0,-466.0,-162.029,9.78861e-07,87.9831,31.6338,92.0169,99.908,-1420.16,-484.607,-1514.85,-430.796
-1570.0,-466.0,-158.613,1.04185e-06,88.1206,38.024,91.8794,117.862,-1429.33,-544.506,-1525.21,-430.979
-1568.0,-466.0,-158.415,1.03659e-06,88.1266,38.3089,91.8734,117.862,-1429.33,-544.506,-1523.63,-430.951
-1566.0,-466.0,-158.299,1.03136e-06,88.1328,38.5975,91.8672,117.862,-1429.33,-544.506,-1522.06,-430.923
-1564.0,-466.0,-158.269,1.02615e-06,88.139,38.8897,91.861,117.862,-1429.33,-544.506,-1520.48,-430.895
-1562.0,-466.0,-158.336,1.02096e-06,88.1454,39.1857,91.8546,117.862,-1429.33,-544.506,-1518.9,-430.867
-1560.0,-466.0,-158.523,1.01578e-06,88.1697,39.4855,91.8303,117.862,-1429.33,-544.506,-1517.32,-430.839
-1558.0,-466.0,-158.865,1.01062e-06,88.2083,39.7892,91.7917,117.862,-1429.33,-544.506,-1515.75,-430.812
-1556.0,-466.0,-159.422,1.00548e-06,88.2473,40.0968,91.7527,117.862,-1429.33,-544.506,-1514.17,-430.784
-1554.0,-466.0,-159.352,9.25019e-07,88.1472,37.7574,91.8528,96.8954,-1412.1,-499.96,-1508.4,-430.682
-1552.0,-466.0,-159.083,9.19746e-07,88.1632,38.159,91.8368,96.8954,-1412.1,-499.96,-1507.02,-430.657
-1550.0,-466.0,-156.566,9.7138e-07,88.2775,43.5558,91.7225,129.985,-1425.61,-569.467,-1512.94,-430.762
-1548.0,-466.0,-154.087,9.66553e-07,88.2856,43.9436,91.7144,129.985,-1425.61,-569.467,-1511.41,-430.735
-1546.0,-466.0,-141.527,1.06528e-06,88.4597,-46.8196,91.5403,129.985,-1425.61,-569.467,-1530.95,-482.039
-1544.0,-466.0,-142.825,1.06072e-06,88.4683,-47.1799,91.5317,129.985,-1425.61,-569.467,-1529.22,-481.947
-1542.0,-466.0,-142.826,1.0562e-06,88.477,-47.5446,91.523,129.985,-1425.61,-569.467,-1527.49,-481.855
-1540.0,-466.0,-122.078,9.4658e-07,88.3176,47.2744,91.6824,133.959,-1425.51,-573.546,-1507.36,-430.663
-1538.0,-466.0,-125.13,9.42059e-07,88.3267,47.5727,91.6733,133.661,-1425.52,-573.261,-1505.67,-430.633
-1536.0,-466.0,-127.818,9.37557e-07,88.3482,47.8738,91.6518,133.36,-1425.52,-572.971,-1503.99,-430.604
-1534.0,-466.0,-128.342,9.3308e-07,88.3749,48.1779,91.6251,133.056,-1425.53,-572.675,-1502.3,-430.574
-1532.0,-466.0,-126.33,9.28629e-07,88.4019,48.4849,91.5981,132.749,-1425.54,-572.372,-1500.61,-430.544
-1530.0,-466.0,-123.334,9.24205e-07,88.4291,48.7948,91.5709,132.439,-1425.55,-572.062,-1498.93,-430.514
-1528.0,-466.0,-148.393,9.44148e-07,88.4965,47.2271,91.5035,130.064,-1425.6,-569.555,-1490.61,-425.583
-1526.0,-466.0,-131.575,1.12986e-06,88.7723,67.2083,91.2277,111.785,-1469.93,-425.032,-1511.18,-430.731
-1524.0,-466.0,-130.622,1.12728e-06,88.7981,67.5211,91.2019,111.472,-1468.84,-425.003,-1509.39,-430.699
-1522.0,-466.0,-124.666,9.31147e-07,88.5796,52.1642,91.4204,130.064,-1425.6,-569.555,-1490.61,-425.583
-1520.0,-466.0,-127.826,9.27062e-07,88.6081,52.6236,91.3919,129.985,-1425.61,-569.467,-1489.09,-425.543
-1518.0,-466.0,-130.133,1.11975e-06,88.8765,68.4679,91.1235,110.526,-1465.55,-424.915,-1504.03,-430.604
-1516.0,-466.0,-129.888,1.11731e-06,88.9029,68.7863,91.0971,110.207,-1464.45,-424.886,-1502.25,-430.573
-1514.0,-466.0,-128.661,1.1149e-06,88.9295,69.106,91.0705,109.887,-1463.36,-424.857,-1500.46,-430.541
-1512.0,-466.0,-139.196,9.11187e-07,88.6793,54.5708,91.3207,129.985,-1425.61,-569.467,-1483.1,-425.383
-1510.0,-466.0,-138.129,9.05559e-07,88.6533,-60.6164,91.3467,69.5502,-1396.34,-590.198,-1501.84,-480.492
-1508.0,-466.0,-136.224,9.02312e-07,88.6305,-61.0006,91.3695,69.5502,-1396.34,-590.198,-1500.02,-480.395
-1506.0,-466.0,-134.513,8.99103e-07,88.6086,-61.3877,91.3914,69.5502,-1396.34,-590.198,-1498.2,-480.298
-1504.0,-466.0,-133.285,8.95929e-07,88.6037,-61.7777,91.3963,69.5502,-1396.34,-590.198,-1496.38,-480.202
-1502.0,-466.0,-118.992,1.13142e-06,88.8944,72.5039,91.1056,107.515,-1455.34,-424.644,-1489.25,-425.547
-1500.0,-466.0,-118.656,1.12943e-06,88.8924,72.8268,91.1076,107.192,-1454.27,-424.615,-1487.48,-425.5
-1498.0,-466.0,-118.403,1.12748e-06,88.8905,73.1509,91.1095,106.868,-1453.19,-424.586,-1485.72,-425.453
-1496.0,-466.0,-118.222,1.12557e-06,88.8886,73.4761,91.1114,106.543,-1452.11,-424.557,-1483.96,-425.406
-1494.0,-466.0,-118.103,1.12369e-06,88.8868,73.8024,91.1132,106.217,-1451.04,-424.529,-1482.19,-425.359
-1492.0,-466.0,-118.04,1.12184e-06,88.8849,74.1297,91.1151,105.89,-1449.96,-424.5,-1480.43,-425.312
-1490.0,-466.0,-118.027,1.12004e-06,88.8831,74.4582,91.1169,105.561,-1448.88,-424.471,-1478.67,-425.265
-1488.0,-466.0,-117.454,8.632e-07,88.5507,-66.5637,91.4493,110.403,-1465.13,-424.904,-1482.17,-479.446
-1486.0,-466.0,-116.319,8.60568e-07,88.5463,-66.9714,91.4537,109.996,-1463.73,-424.867,-1480.33,-479.348
-1484.0,-466.0,-113.506,7.73564e-07,88.3828,71.2255,91.6172,111.827,-1470.08,-425.036,-1470.08,-425.036
-1482.0,-466.0,-112.6,7.71444e-07,88.3739,71.695,91.6261,111.357,-1468.43,-424.992,-1468.43,-424.992
-1480.0,-466.0,-111.953,7.69383e-07,88.3486,72.167,91.6514,110.885,-1466.79,-424.949,-1466.79,-424.949
-1478.0,-466.0,-111.485,7.67375e-07,88.3232,72.6415,91.6768,110.411,-1465.15,-424.905,-1465.15,-424.905
-1476.0,-466.0,-111.145,7.6542e-07,88.2978,73.1186,91.7022,109.934,-1463.52,-424.861,-1463.52,-424.861
-1474.0,-466.0,-110.896,7.63518e-07,88.2724,73.598,91.7276,109.454,-1461.88,-424.818,-1461.88,-424.818
-1472.0,-466.0,-110.716,7.6167e-07,88.2471,74.0798,91.7529,108.972,-1460.24,-424.774,-1460.24,-424.774
-1470.0,-466.0,-110.588,7.59876e-07,88.2217,74.5639,91.7783,108.488,-1458.6,-424.73,-1458.6,-424.73
-1468.0,-466.0,-110.504,7.58137e-07,88.1963,75.0503,91.8037,108.002,-1456.97,-424.687,-1456.97,-424.687
-1466.0,-466.0,-110.456,7.56451e-07,88.1747,75.5389,91.8253,107.513,-1455.33,-424.643,-1455.33,-424.643
-1464.0,-466.0,-110.441,7.54813e-07,88.1708,76.0297,91.8292,107.023,-1453.7,-424.6,-1453.7,-424.6
-1462.0,-466.0,-110.455,7.5323e-07,88.1669,76.5226,91.8331,106.53,-1452.07,-424.556,-1452.07,-424.556
-1460.0,-466.0,-110.082,5.91882e-07,87.667,-48.0802,92.333,131.127,-1425.58,-570.709,-1397.62,-535.477
-1458.0,-466.0,-109.212,5.87448e-07,87.6494,-48.5649,92.3506,130.643,-1425.59,-570.189,-1397.65,-534.367
-1456.0,-466.0,-108.687,5.83057e-07,87.6316,-49.057,92.3684,130.151,-1425.6,-569.651,-1397.69,-533.216
-1454.0,-466.0,-104.62,4.82663e-07,87.1386,-68.0513,92.8614,111.949,-1454.0,-466.0,-1400.0,-600.0
-1452.0,-466.0,-104.576,4.80211e-07,87.124,-68.7908,92.876,111.209,-1452.0,-466.0,-1400.0,-600.0
-1450.0,-466.0,-104.533,4.7784e-07,87.1097,-69.5377,92.8903,110.462,-1450.0,-466.0,-1400.0,-600.0
-1448.0,-466.0,-104.491,4.75552e-07,87.0958,-70.292,92.9042,109.708,-1448.0,-466.0,-1400.0,-600.0
-1446.0,-466.0,-104.45,4.73346e-07,87.0823,-71.0535,92.9177,108.947,-1446.0,-466.0,-1400.0,-600.0
-1444.0,-466.0,-104.411,4.71224e-07,87.0691,-71.822,92.9309,108.178,-1444.0,-466.0,-1400.0,-600.0
-1442.0,-466.0,-104.373,4.69188e-07,87.0564,-72.5973,92.9436,107.403,-1442.0,-466.0,-1400.0,-600.0
-1440.0,-466.0,-104.337,4.67238e-07,87.0441,-73.3792,92.9559,106.621,-1440.0,-466.0,-1400.0,-600.0
-1438.0,-466.0,-104.302,4.65375e-07,87.0322,-74.1676,92.9678,105.832,-1438.0,-466.0,-1400.0,-600.0
-1436.0,-466.0,-104.269,4.63602e-07,87.0209,-74.9622,92.9791,105.038,-1436.0,-466.0,-1400.0,-600.0
-1434.0,-466.0,-104.238,4.61925e-07,86.9918,-75.7627,93.0082,104.237,-1434.0,-466.0,-1400.0,-600.0
-1432.0,-466.0,-104.208,4.60347e-07,86.9463,-76.569,93.0537,103.431,-1432.0,-466.0,-1400.0,-600.0
-1430.0,-466.0,-104.18,4.5886e-07,86.9012,-77.3807,93.0988,102.619,-1430.0,-466.0,-1400.0,-600.0
-1428.0,-466.0,-104.153,4.57466e-07,86.8564,-78.1976,93.1436,101.802,-1428.0,-466.0,-1400.0,-600.0
-1426.0,-466.0,-104.128,4.56165e-07,86.812,-79.0193,93.188,100.981,-1426.0,-466.0,-1400.0,-600.0
-1424.0,-466.0,-104.105,4.54959e-07,86.768,-79.8457,93.232,100.154,-1424.0,-466.0,-1400.0,-600.0
-1422.0,-466.0,-134.453,4.53996e-07,86.7255,-84.3403,93.2745,99.908,-1420.16,-484.607,-1420.16,-484.607
-1420.0,-466.0,0.0,0.0,0.0,0.0,0.0,0.0,0.0,0.0,0.0,0.0
-1418.0,-466.0,0.0,0.0,0.0,0.0,0.0,0.0,0.0,0.0,0.0,0.0
-1416.0,-466.0,0.0,0.0,0.0,0.0,0.0,0.0,0.0,0.0,0.0,0.0
-1414.0,-466.0,0.0,0.0,0.0,0.0,0.0,0.0,0.0,0.0,0.0,0.0
-1412.0,-466.0,0.0,0.0,0.0,0.0,0.0,0.0,0.0,0.0,0.0,0.0
-1410.0,-466.0,-167.168,1.76425e-06,89.1029,-8.92663,90.8971,33.5575,-1384.69,-589.841,-1163.9,-504.655
-1408.0,-466.0,-167.073,1.75766e-06,89.0903,-8.99053,90.9097,33.5575,-1384.69,-589.841,-1163.91,-504.619
-1406.0,-466.0,-166.978,1.75108e-06,89.0777,-9.05535,90.9223,33.5575,-1384.69,-589.841,-1163.91,-504.583
-1404.0,-466.0,-154.967,8.28147e-07,88.03,121.187,91.97,111.97,-1429.78,-526.194,-1429.45,-423.954
-1402.0,-466.0,-156.868,8.31639e-07,88.0189,121.765,91.9811,111.97,-1429.78,-526.194,-1428.06,-423.917
-1400.0,-466.0,-159.774,8.35188e-07,88.008,122.337,91.992,111.97,-1429.78,-526.194,-1426.67,-423.88
-1398.0,-466.0,-164.321,8.38793e-07,87.9973,122.901,92.0027,111.97,-1429.78,-526.194,-1425.27,-423.842
-1396.0,-466.0,-166.497,1.71817e-06,89.013,-9.39385,90.987,33.5575,-1384.69,-589.841,-1163.92,-504.394
-1394.0,-466.0,-166.4,1.71159e-06,89.0059,-9.46458,90.9941,33.5575,-1384.69,-589.841,-1163.93,-504.355
-1392.0,-466.0,-165.059,8.49916e-07,87.9977,124.55,92.0023,111.97,-1429.78,-526.194,-1421.11,-423.731
-1390.0,-466.0,-166.205,1.69843e-06,88.9982,-9.60926,91.0018,33.5575,-1384.69,-589.841,-1163.93,-504.274
-1388.0,-466.0,-166.107,1.69185e-06,88.9943,-9.68325,91.0057,33.5575,-1384.69,-589.841,-1163.94,-504.233
-1386.0,-466.0,-166.009,1.68528e-06,88.9824,-9.75838,91.0176,33.5575,-1384.69,-589.841,-1163.94,-504.191
-1384.0,-466.0,-165.909,1.67871e-06,88.9688,-9.83468,91.0312,33.5575,-1384.69,-589.841,-1163.94,-504.148
-1382.0,-466.0,-165.81,1.67214e-06,88.955,-9.91216,91.045,33.5575,-1384.69,-589.841,-1163.94,-504.104
-1380.0,-466.0,-165.71,1.66557e-06,88.9412,-9.99087,91.0588,33.5575,-1384.69,-589.841,-1163.95,-504.06
-1378.0,-466.0,-165.61,1.65901e-06,88.9273,-10.0708,91.0727,33.5575,-1384.69,-589.841,-1163.95,-504.015
-1376.0,-466.0,-165.509,1.65245e-06,88.9133,-10.152,91.0867,33.5575,-1384.69,-589.841,-1163.95,-503.97
-1374.0,-466.0,-165.408,1.64588e-06,88.8991,-10.2346,91.1009,33.5575,-1384.69,-589.841,-1163.96,-503.923
-1372.0,-466.0,-165.307,1.63932e-06,88.8849,-10.3185,91.1151,33.5575,-1384.69,-589.841,-1163.96,-503.876
-1370.0,-466.0,-165.205,1.63277e-06,88.8626,-10.4037,91.1374,33.5575,-1384.69,-589.841,-1163.97,-503.828
-1368.0,-466.0,-165.103,1.62622e-06,88.8382,-10.4903,91.1618,33.5575,-1384.69,-589.841,-1163.97,-503.779
-1366.0,-466.0,-165.0,1.61967e-06,88.8135,-10.5784,91.1865,33.5575,-1384.69,-589.841,-1163.97,-503.73
-1364.0,-466.0,-164.898,1.61313e-06,88.7887,-10.668,91.2113,33.5575,-1384.69,-589.841,-1163.98,-503.679
-1362.0,-466.0,-164.795,1.60658e-06,88.7736,-10.7591,91.2264,33.5575,-1384.69,-589.841,-1163.98,-503.628
-1360.0,-466.0,-164.692,1.60003e-06,88.7585,-10.8517,91.2415,33.5575,-1384.69,-589.841,-1163.98,-503.575
-1358.0,-466.0,-164.589,1.59348e-06,88.7433,-10.9459,91.2567,33.5575,-1384.69,-589.841,-1163.99,-503.522
-1356.0,-466.0,-164.486,1.58694e-06,88.7279,-11.0417,91.2721,33.5575,-1384.69,-589.841,-1163.99,-503.468
-1354.0,-466.0,-164.382,1.5804e-06,88.7124,-11.1392,91.2876,33.5575,-1384.69,-589.841,-1164.0,-503.413
-1352.0,-466.0,-164.279,1.57386e-06,88.6968,-11.2385,91.3032,33.5575,-1384.69,-589.841,-1164.0,-503.356
-1350.0,-466.0,-164.175,1.56733e-06,88.6811,-11.3395,91.3189,33.5575,-1384.69,-589.841,-1164.0,-503.299
-1348.0,-466.0,-164.072,1.56079e-06,88.6652,-11.4423,91.3348,33.5575,-1384.69,-589.841,-1164.01,-503.24
-1346.0,-466.0,-163.891,9.76389e-07,87.8337,143.128,92.1663,89.6826,-1399.57,-523.105,-1392.03,-431.472
-1344.0,-466.0,-163.864,1.54775e-06,88.6127,-11.6535,91.3873,33.5575,-1384.69,-589.841,-1164.02,-503.12
-1342.0,-466.0,-163.081,1.03681e-06,87.8977,-30.6429,92.1023,-35.9954,-1376.1,-617.359,-1254.87,-517.614
-1340.0,-466.0,-163.658,1.53471e-06,88.5604,-11.8725,91.4396,33.5575,-1384.69,-589.841,-1164.03,-502.995
-1338.0,-466.0,-163.556,1.52819e-06,88.5437,-11.9851,91.4563,33.5575,-1384.69,-589.841,-1164.03,-502.931
-1336.0,-466.0,-162.05,9.49471e-07,87.6387,-32.0293,92.3613,-43.3117,-1381.35,-617.58,-1254.88,-516.745
-1334.0,-466.0,-160.268,9.4384e-07,87.6074,-32.3348,92.3926,-43.3117,-1381.35,-617.58,-1254.89,-516.078
-1332.0,-466.0,-168.871,1.36066e-06,88.3288,167.108,91.6712,130.064,-1425.6,-569.555,-1498.91,-427.798
-1330.0,-466.0,0.0,0.0,0.0,0.0,0.0,0.0,0.0,0.0,0.0,0.0
-1328.0,-466.0,0.0,0.0,0.0,0.0,0.0,0.0,0.0,0.0,0.0,0.0
-1326.0,-466.0,0.0,0.0,0.0,0.0,0.0,0.0,0.0,0.0,0.0,0.0
-1324.0,-466.0,0.0,0.0,0.0,0.0,0.0,0.0,0.0,0.0,0.0,0.0
-1322.0,-466.0,0.0,0.0,0.0,0.0,0.0,0.0,0.0,0.0,0.0,0.0
-1320.0,-466.0,0.0,0.0,0.0,0.0,0.0,0.0,0.0,0.0,0.0,0.0
-1318.0,-466.0,0.0,0.0,0.0,0.0,0.0,0.0,0.0,0.0,0.0,0.0
-1316.0,-466.0,0.0,0.0,0.0,0.0,0.0,0.0,0.0,0.0,0.0,0.0
-1314.0,-466.0,0.0,0.0,0.0,0.0,0.0,0.0,0.0,0.0,0.0,0.0
-1312.0,-466.0,0.0,0.0,0.0,0.0,0.0,0.0,0.0,0.0,0.0,0.0
-1310.0,-466.0,0.0,0.0,0.0,0.0,0.0,0.0,0.0,0.0,0.0,0.0
-1308.0,-466.0,-147.344,9.41805e-07,87.5183,-35.4288,92.4817,-35.9954,-1376.1,-617.359,-1255.03,-503.686
-1306.0,-466.0,-127.806,1.40037e-06,88.3312,49.503,91.6688,-43.3117,-1381.35,-617.58,-1246.17,-395.938
-1304.0,-466.0,-125.346,1.39605e-06,88.3261,49.7448,91.6739,-43.396,-1381.4,-617.583,-1244.61,-395.858
-1302.0,-466.0,-128.283,1.39175e-06,88.3209,49.9926,91.6791,-43.396,-1381.4,-617.583,-1243.06,-395.779
-1300.0,-466.0,-132.261,1.38747e-06,88.3157,50.2422,91.6843,-43.396,-1381.4,-617.583,-1241.52,-395.699
-1298.0,-466.0,-135.951,1.38322e-06,88.3105,50.4936,91.6895,-43.396,-1381.4,-617.583,-1239.97,-395.62
-1296.0,-466.0,-139.411,1.37898e-06,88.3053,50.7469,91.6947,-43.396,-1381.4,-617.583,-1238.43,-395.541
-1294.0,-466.0,-142.85,1.37478e-06,88.3001,51.002,91.6999,-43.396,-1381.4,-617.583,-1236.88,-395.461
-1292.0,-466.0,-146.405,1.37059e-06,88.2896,51.2589,91.7104,-43.396,-1381.4,-617.583,-1235.34,-395.382
-1290.0,-466.0,-149.838,1.36644e-06,88.2725,51.5177,91.7275,-43.396,-1381.4,-617.583,-1233.8,-395.303
-1288.0,-466.0,-149.286,7.34858e-07,86.7647,-115.026,93.2353,54.9672,-1393.06,-590.097,-1328.45,-552.64
-1286.0,-466.0,-153.606,1.3582e-06,88.2383,52.041,91.7617,-43.396,-1381.4,-617.583,-1230.72,-395.145
-1284.0,-466.0,-154.582,1.35412e-06,88.221,52.3054,91.779,-43.396,-1381.4,-617.583,-1229.19,-395.066
-1282.0,-466.0,-155.595,1.35006e-06,88.2037,52.5718,91.7963,-43.396,-1381.4,-617.583,-1227.65,-394.987
-1280.0,-466.0,-157.326,2.00919e-06,88.7851,-11.566,91.2149,-15.5937,-1342.83,-615.957,-1209.53,-480.422
-1278.0,-466.0,-149.88,7.54123e-07,83.7087,-122.108,81.5331,56.3751,-1393.42,-590.109,-1372.89,-617.224
-1276.0,-466.0,-149.895,7.57714e-07,83.6998,-122.539,81.5765,55.9465,-1393.31,-590.105,-1372.47,-617.206
-1274.0,-466.0,-150.039,7.61364e-07,83.676,-122.966,81.62,55.523,-1393.2,-590.102,-1372.05,-617.188
-1272.0,-466.0,-150.317,7.65056e-07,83.6526,-123.389,81.6634,55.1037,-1393.09,-590.099,-1371.64,-617.171
-1270.0,-466.0,-144.245,7.15832e-07,86.3981,-123.828,93.6019,-43.3117,-1381.35,-617.58,-1342.6,-574.333
-1268.0,-466.0,-143.546,7.19599e-07,86.3858,-124.552,93.6142,-43.3117,-1381.35,-617.58,-1342.6,-574.333
-1266.0,-466.0,-142.791,7.23428e-07,86.3826,-125.264,93.6174,-43.3117,-1381.35,-617.58,-1342.6,-574.333
-1264.0,-466.0,-141.964,7.27324e-07,86.3798,-125.963,93.6202,-43.3117,-1381.35,-617.58,-1342.6,-574.333
-1262.0,-466.0,-140.102,7.31024e-07,86.376,-127.348,93.624,-43.396,-1381.4,-617.583,-1355.83,-588.959
-1260.0,-466.0,-138.841,7.35109e-07,86.3742,-127.932,93.6258,-43.396,-1381.4,-617.583,-1355.83,-588.959
-1258.0,-466.0,-137.4,7.39248e-07,86.3726,-128.508,93.6274,-43.396,-1381.4,-617.583,-1355.83,-588.959
-1256.0,-466.0,-135.718,7.43438e-07,86.3714,-129.074,93.6286,-43.396,-1381.4,-617.583,-1355.83,-588.959
-1254.0,-466.0,-133.693,7.47679e-07,86.3703,-129.631,93.6297,-43.396,-1381.4,-617.583,-1355.83,-588.959
-1252.0,-466.0,-131.151,7.51949e-07,86.3939,-130.179,93.6061,-43.396,-1381.4,-617.583,-1355.83,-588.959
-1250.0,-466.0,-127.747,7.56253e-07,86.4359,-130.719,93.5641,-43.396,-1381.4,-617.583,-1355.83,-588.959
-1248.0,-466.0,-122.846,7.60604e-07,86.4775,-131.25,93.5225,-43.396,-1381.4,-617.583,-1355.83,-588.959
-1246.0,-466.0,-116.036,7.65001e-07,86.5189,-131.773,93.4811,-43.396,-1381.4,-617.583,-1355.83,-588.959
-1244.0,-466.0,-122.381,7.69443e-07,86.5601,-132.307,93.4399,-43.3117,-1381.35,-617.58,-1342.6,-574.333
-1242.0,-466.0,-128.273,7.73935e-07,86.6009,-132.88,93.3991,-43.3117,-1381.35,-617.58,-1342.6,-574.333
-1240.0,-466.0,-132.072,7.78476e-07,86.6416,-133.443,93.3584,-43.3117,-1381.35,-617.58,-1342.6,-574.333
-1238.0,-466.0,-134.775,7.83064e-07,86.6819,-133.996,93.3181,-43.3117,-1381.35,-617.58,-1342.6,-574.333
-1236.0,-466.0,-136.853,7.87706e-07,86.7113,-134.538,93.2887,-43.3117,-1381.35,-617.58,-1342.6,-574.333
-1234.0,-466.0,-138.532,7.92401e-07,86.7308,-135.071,93.2692,-43.3117,-1381.35,-617.58,-1342.6,-574.333
-1232.0,-466.0,-139.927,7.9714e-07,86.7502,-135.593,93.2498,-43.3117,-1381.35,-617.58,-1342.6,-574.333
-1230.0,-466.0,-132.704,8.69361e-07,87.0205,-138.603,92.9795,-35.9954,-1376.1,-617.359,-1356.19,-577.239
-1228.0,-466.0,-131.17,8.74355e-07,87.0642,-139.007,92.9358,-35.9954,-1376.1,-617.359,-1356.18,-577.4
-1226.0,-466.0,-133.214,8.79372e-07,87.1178,-139.405,92.8822,-35.9954,-1376.1,-617.359,-1356.18,-577.557
-1224.0,-466.0,-135.018,8.8442e-07,87.1708,-139.797,92.8292,-35.9954,-1376.1,-617.359,-1356.17,-577.709
-1222.0,-466.0,-136.537,8.89498e-07,87.2233,-140.182,92.7767,-35.9954,-1376.1,-617.359,-1356.17,-577.858
-1220.0,-466.0,-137.851,8.94592e-07,87.2919,-140.561,92.7081,-35.9954,-1376.1,-617.359,-1356.17,-578.002
-1218.0,-466.0,-139.032,8.99715e-07,87.3612,-140.934,92.6388,-35.9954,-1376.1,-617.359,-1356.16,-578.143
-1216.0,-466.0,-140.118,9.04866e-07,87.4298,-141.302,92.5702,-35.9954,-1376.1,-617.359,-1356.16,-578.28
-1214.0,-466.0,-141.138,9.10045e-07,87.4977,-141.663,92.5023,-35.9954,-1376.1,-617.359,-1356.15,-578.414
-1212.0,-466.0,-142.112,9.15251e-07,87.5649,-142.019,92.4351,-35.9954,-1376.1,-617.359,-1356.15,-578.545
-1210.0,-466.0,0.0,0.0,0.0,0.0,0.0,0.0,0.0,0.0,0.0,0.0
-1208.0,-466.0,0.0,0.0,0.0,0.0,0.0,0.0,0.0,0.0,0.0,0.0
-1206.0,-466.0,0.0,0.0,0.0,0.0,0.0,0.0,0.0,0.0,0.0,0.0
-1204.0,-466.0,0.0,0.0,0.0,0.0,0.0,0.0,0.0,0.0,0.0,0.0
-1202.0,-466.0,0.0,0.0,0.0,0.0,0.0,0.0,0.0,0.0,0.0,0.0
-1600.0,-464.0,-161.528,1.04924e-06,88.2426,29.7494,91.7574,96.8954,-1412.1,-499.96,-1542.77,-431.289
-1598.0,-464.0,-161.428,1.04347e-06,88.2174,30.0179,91.7826,96.8954,-1412.1,-499.96,-1541.34,-431.264
-1596.0,-464.0,-161.353,1.03771e-06,88.1919,30.2908,91.8081,96.8954,-1412.1,-499.96,-1539.92,-431.239
-1594.0,-464.0,-161.303,1.03196e-06,88.1662,30.5682,91.8338,96.8954,-1412.1,-499.96,-1538.49,-431.214
-1592.0,-464.0,-161.282,1.02624e-06,88.1402,30.8502,91.8598,96.8954,-1412.1,-499.96,-1537.07,-431.189
-1590.0,-464.0,-161.297,1.02053e-06,88.114,31.137,91.886,96.8954,-1412.1,-499.96,-1535.65,-431.163
-1588.0,-464.0,-161.354,1.01484e-06,88.0875,31.4286,91.9125,96.8954,-1412.1,-499.96,-1534.22,-431.138
-1586.0,-464.0,-161.464,1.00917e-06,88.0607,31.7251,91.9393,96.8954,-1412.1,-499.96,-1532.8,-431.113
-1584.0,-464.0,-161.644,1.00351e-06,88.0337,32.0267,91.9663,96.8954,-1412.1,-499.96,-1531.38,-431.088
-1582.0,-464.0,-161.91,9.97878e-07,88.0064,32.3335,91.9936,96.8954,-1412.1,-499.96,-1529.97,-431.063
-1580.0,-464.0,-162.284,9.92262e-07,87.9788,32.6455,92.0212,96.8954,-1412.1,-499.96,-1528.55,-431.038
-1578.0,-464.0,-162.57,9.92638e-07,87.9748,30.0913,92.0252,99.908,-1420.16,-484.607,-1520.88,-430.902
-1576.0,-464.0,-162.741,9.86867e-07,87.9793,30.4133,92.0207,99.908,-1420.16,-484.607,-1519.58,-430.879
-1574.0,-464.0,-162.766,9.81115e-07,87.9839,30.7416,92.0161,99.908,-1420.16,-484.607,-1518.27,-430.856
-1572.0,-464.0,-162.564,9.75383e-07,87.9886,31.0763,92.0114,99.908,-1420.16,-484.607,-1516.97,-430.833
-1570.0,-464.0,-162.169,9.69671e-07,87.9934,31.4176,92.0066,99.908,-1420.16,-484.607,-1515.66,-430.81
-1568.0,-464.0,-158.581,1.03247e-06,88.1311,37.9441,91.8689,117.862,-1429.33,-544.506,-1525.66,-430.987
-1566.0,-464.0,-158.357,1.02721e-06,88.1373,38.2318,91.8627,117.862,-1429.33,-544.506,-1524.06,-430.959
-1564.0,-464.0,-158.217,1.02197e-06,88.1435,38.5232,91.8565,117.862,-1429.33,-544.506,-1522.46,-430.93
-1562.0,-464.0,-158.164,1.01675e-06,88.1499,38.8184,91.8501,117.862,-1429.33,-544.506,-1520.86,-430.902
-1560.0,-464.0,-158.208,1.01155e-06,88.1743,39.1174,91.8257,117.862,-1429.33,-544.506,-1519.26,-430.874
-1558.0,-464.0,-158.366,1.00636e-06,88.213,39.4203,91.787,117.862,-1429.33,-544.506,-1517.67,-430.846
-1556.0,-464.0,-158.675,1.00119e-06,88.2522,39.7271,91.7478,117.862,-1429.33,-544.506,-1516.07,-430.817
-1554.0,-464.0,-159.19,9.96056e-07,88.2753,40.038,91.7247,117.862,-1429.33,-544.506,-1514.47,-430.789
-1552.0,-464.0,-159.317,9.15656e-07,88.1415,37.6397,91.8585,96.8954,-1412.1,-499.96,-1508.81,-430.689
-1550.0,-464.0,-159.015,9.10379e-07,88.1484,38.0467,91.8516,96.8954,-1412.1,-499.96,-1507.4,-430.664
-1548.0,-464.0,-141.448,1.07472e-06,88.4467,-46.7978,91.5533,129.985,-1425.61,-569.467,-1531.05,-482.045
-1546.0,-464.0,-142.901,1.07016e-06,88.4551,-47.1537,91.5449,129.985,-1425.61,-569.467,-1529.35,-481.954
-1544.0,-464.0,-151.683,1.06602e-06,88.4643,-49.7629,91.5357,130.064,-1425.6,-569.555,-1528.83,-481.927
-1542.0,-464.0,-147.529,9.46977e-07,88.2882,45.7965,91.7118,129.101,-1425.63,-568.463,-1509.62,-430.703
-1540.0,-464.0,-147.101,9.42332e-07,88.2969,46.1365,91.7031,129.101,-1425.63,-568.463,-1507.97,-430.674
-1538.0,-464.0,-122.213,9.37152e-07,88.3047,47.2973,91.6953,133.936,-1425.51,-573.524,-1507.23,-430.661
-1536.0,-464.0,-125.321,9.32627e-07,88.3262,47.5987,91.6738,133.635,-1425.52,-573.236,-1505.53,-430.631
-1534.0,-464.0,-127.9,9.28125e-07,88.3529,47.9031,91.6471,133.331,-1425.52,-572.943,-1503.82,-430.601
-1532.0,-464.0,-128.153,9.23651e-07,88.3798,48.2104,91.6202,133.023,-1425.53,-572.643,-1502.12,-430.571
-1530.0,-464.0,-125.907,9.19203e-07,88.4071,48.5206,91.5929,132.713,-1425.54,-572.336,-1500.42,-430.541
-1528.0,-464.0,-131.344,9.14783e-07,88.4347,48.9687,91.5653,132.426,-1425.55,-572.049,-1498.86,-430.513
-1526.0,-464.0,-131.923,1.12372e-06,88.7545,67.0765,91.2455,111.917,-1470.39,-425.044,-1511.94,-430.744
-1524.0,-464.0,-130.939,1.12113e-06,88.7805,67.3906,91.2195,111.603,-1469.29,-425.015,-1510.14,-430.712
-1522.0,-464.0,-130.164,1.11857e-06,88.8065,67.7063,91.1935,111.287,-1468.19,-424.986,-1508.34,-430.681
-1520.0,-464.0,-124.137,9.21779e-07,88.5867,52.258,91.4133,129.985,-1425.61,-569.467,-1490.26,-425.574
-1518.0,-464.0,-128.928,9.17704e-07,88.6156,52.7374,91.3844,129.985,-1425.61,-569.467,-1488.74,-425.533
-1516.0,-464.0,-130.029,1.11109e-06,88.8857,68.6617,91.1143,110.332,-1464.88,-424.898,-1502.95,-430.585
-1514.0,-464.0,-129.192,1.10867e-06,88.9123,68.983,91.0877,110.01,-1463.78,-424.868,-1501.15,-430.553
-1512.0,-464.0,-127.479,1.1063e-06,88.9011,69.3057,91.0989,109.688,-1462.67,-424.839,-1499.35,-430.522
-1510.0,-464.0,-137.146,9.11383e-07,88.6483,-60.8305,91.3517,69.5502,-1396.34,-590.198,-1500.82,-480.438
-1508.0,-464.0,-135.333,9.08158e-07,88.6257,-61.213,91.3743,69.5502,-1396.34,-590.198,-1499.02,-480.342
-1506.0,-464.0,-133.886,9.04966e-07,88.6176,-61.5982,91.3824,69.5502,-1396.34,-590.198,-1497.22,-480.246
-1504.0,-464.0,-132.887,9.01813e-07,88.6128,-61.9863,91.3872,69.5502,-1396.34,-590.198,-1495.41,-480.15
-1502.0,-464.0,-119.065,1.12506e-06,88.8881,72.4017,91.1119,107.618,-1455.68,-424.653,-1489.81,-425.562
-1500.0,-464.0,-118.697,1.12306e-06,88.8861,72.7263,91.1139,107.293,-1454.6,-424.624,-1488.03,-425.514
-1498.0,-464.0,-118.418,1.1211e-06,88.8842,73.052,91.1158,106.967,-1453.52,-424.595,-1486.26,-425.467
-1496.0,-464.0,-118.215,1.11917e-06,88.8823,73.3789,91.1177,106.64,-1452.43,-424.566,-1484.48,-425.42
-1494.0,-464.0,-118.078,1.11728e-06,88.8804,73.7069,91.1196,106.312,-1451.35,-424.537,-1482.71,-425.373
-1492.0,-464.0,-117.998,1.11543e-06,88.8785,74.036,91.1215,105.983,-1450.27,-424.508,-1480.94,-425.325
-1490.0,-464.0,-117.972,1.11361e-06,88.8767,74.3662,91.1233,105.653,-1449.18,-424.479,-1479.16,-425.278
-1488.0,-464.0,-116.996,8.69325e-07,88.561,-66.7386,91.439,110.228,-1464.53,-424.888,-1481.38,-479.404
-1486.0,-464.0,-116.002,8.66712e-07,88.5566,-67.1441,91.4434,109.823,-1463.14,-424.851,-1479.55,-479.307
-1484.0,-464.0,-115.255,8.64143e-07,88.5523,-67.5519,91.4477,109.415,-1461.74,-424.814,-1477.72,-479.21
-1482.0,-464.0,-112.794,7.6512e-07,88.3443,71.538,91.6557,111.514,-1468.98,-425.007,-1468.98,-425.007
-1480.0,-464.0,-112.064,7.63042e-07,88.3187,72.0135,91.6813,111.039,-1467.33,-424.963,-1467.33,-424.963
-1478.0,-464.0,-111.54,7.61017e-07,88.293,72.4916,91.707,110.561,-1465.67,-424.919,-1465.67,-424.919
-1476.0,-464.0,-111.161,7.59046e-07,88.2673,72.9722,91.7327,110.08,-1464.02,-424.875,-1464.02,-424.875
-1474.0,-464.0,-110.884,7.57128e-07,88.2415,73.4553,91.7585,109.597,-1462.36,-424.831,-1462.36,-424.831
-1472.0,-464.0,-110.683,7.55264e-07,88.2158,73.9409,91.7842,109.111,-1460.71,-424.787,-1460.71,-424.787
-1470.0,-464.0,-110.54,7.53455e-07,88.1901,74.4288,91.8099,108.623,-1459.06,-424.743,-1459.06,-424.743
-1468.0,-464.0,-110.444,7.51701e-07,88.1644,74.919,91.8356,108.133,-1457.41,-424.699,-1457.41,-424.699
-1466.0,-464.0,-110.386,7.50001e-07,88.1426,75.4115,91.8574,107.641,-1455.76,-424.655,-1455.76,-424.655
-1464.0,-464.0,-110.362,7.48349e-07,88.1384,75.9063,91.8616,107.146,-1454.11,-424.611,-1454.11,-424.611
-1462.0,-464.0,-110.328,6.01307e-07,87.683,-48.0318,92.317,131.176,-1425.58,-570.76,-1397.61,-535.587
-1460.0,-464.0,-109.423,5.96869e-07,87.6658,-48.5085,92.3342,130.699,-1425.59,-570.25,-1397.65,-534.497
-1458.0,-464.0,-108.873,5.92472e-07,87.6484,-48.9923,92.3516,130.215,-1425.6,-569.722,-1397.68,-533.369
-1456.0,-464.0,-110.576,7.42304e-07,88.1233,77.9061,91.8767,105.146,-1447.52,-424.435,-1447.52,-424.435
-1454.0,-464.0,-104.731,4.88862e-07,87.1496,-68.344,92.8504,111.656,-1454.0,-464.0,-1400.0,-600.0
-1452.0,-464.0,-104.688,4.86442e-07,87.1354,-69.0755,92.8646,110.925,-1452.0,-464.0,-1400.0,-600.0
-1450.0,-464.0,-104.646,4.84101e-07,87.1216,-69.8142,92.8784,110.186,-1450.0,-464.0,-1400.0,-600.0
-1448.0,-464.0,-104.605,4.81842e-07,87.1081,-70.56,92.8919,109.44,-1448.0,-464.0,-1400.0,-600.0
-1446.0,-464.0,-104.566,4.79665e-07,87.0949,-71.3126,92.9051,108.687,-1446.0,-464.0,-1400.0,-600.0
-1444.0,-464.0,-104.528,4.77572e-07,87.0822,-72.0721,92.9178,107.928,-1444.0,-464.0,-1400.0,-600.0
-1442.0,-464.0,-104.491,4.75563e-07,87.0698,-72.8381,92.9302,107.162,-1442.0,-464.0,-1400.0,-600.0
-1440.0,-464.0,-104.456,4.73639e-07,87.0579,-73.6105,92.9421,106.39,-1440.0,-464.0,-1400.0,-600.0
-1438.0,-464.0,-104.422,4.71802e-07,87.0464,-74.389,92.9536,105.611,-1438.0,-464.0,-1400.0,-600.0
-1436.0,-464.0,-104.39,4.70057e-07,87.0256,-75.1735,92.9744,104.826,-1436.0,-464.0,-1400.0,-600.0
-1434.0,-464.0,-104.359,4.6841e-07,86.9806,-75.9638,93.0194,104.036,-1434.0,-464.0,-1400.0,-600.0
-1432.0,-464.0,-104.33,4.66854e-07,86.9359,-76.7595,93.0641,103.241,-1432.0,-464.0,-1400.0,-600.0
-1430.0,-464.0,-104.303,4.65388e-07,86.8915,-77.5604,93.1085,102.44,-1430.0,-464.0,-1400.0,-600.0
-1428.0,-464.0,-104.277,4.64014e-07,86.8474,-78.3664,93.1526,101.634,-1428.0,-464.0,-1400.0,-600.0
-1426.0,-464.0,-104.253,4.62732e-07,86.8037,-79.177,93.1963,100.823,-1426.0,-464.0,-1400.0,-600.0
-1424.0,-464.0,-104.23,4.61543e-07,86.7605,-79.992,93.2395,100.008,-1424.0,-464.0,-1400.0,-600.0
-1422.0,-464.0,-137.572,4.60653e-07,86.7191,-84.8866,93.2809,99.908,-1420.16,-484.607,-1420.16,-484.607
-1420.0,-464.0,0.0,0.0,0.0,0.0,0.0,0.0,0.0,0.0,0.0,0.0
-1418.0,-464.0,0.0,0.0,0.0,0.0,0.0,0.0,0.0,0.0,0.0,0.0
-1416.0,-464.0,0.0,0.0,0.0,0.0,0.0,0.0,0.0,0.0,0.0,0.0
-1414.0,-464.0,0.0,0.0,0.0,0.0,0.0,0.0,0.0,0.0,0.0,0.0
-1412.0,-464.0,0.0,0.0,0.0,0.0,0.0,0.0,0.0,0.0,0.0,0.0
-1410.0,-464.0,-166.888,1.76532e-06,89.0894,-9.33015,90.9106,33.5575,-1384.69,-589.841,-1163.92,-504.43
-1408.0,-464.0,-166.795,1.75874e-06,89.0768,-9.39684,90.9232,33.5575,-1384.69,-589.841,-1163.92,-504.393
-1406.0,-464.0,-154.278,8.18997e-07,87.9975,120.954,92.0025,111.97,-1429.78,-526.194,-1430.01,-423.969
-1404.0,-464.0,-155.947,8.22467e-07,87.9863,121.543,92.0137,111.97,-1429.78,-526.194,-1428.6,-423.931
-1402.0,-464.0,-158.437,8.25995e-07,87.9754,122.125,92.0246,111.97,-1429.78,-526.194,-1427.18,-423.893
-1400.0,-464.0,-162.393,8.2958e-07,87.9647,122.699,92.0353,111.97,-1429.78,-526.194,-1425.77,-423.856
-1398.0,-464.0,-166.324,1.72586e-06,89.0125,-9.74498,90.9875,33.5575,-1384.69,-589.841,-1163.94,-504.198
-1396.0,-464.0,-166.229,1.71929e-06,88.9993,-9.8177,91.0007,33.5575,-1384.69,-589.841,-1163.94,-504.157
-1394.0,-464.0,-166.134,1.71272e-06,88.9921,-9.8915,91.0079,33.5575,-1384.69,-589.841,-1163.94,-504.116
-1392.0,-464.0,-162.356,8.44451e-07,87.9554,124.925,92.0446,111.97,-1429.78,-526.194,-1420.14,-423.706
-1390.0,-464.0,-165.943,1.69958e-06,88.9843,-10.0424,91.0157,33.5575,-1384.69,-589.841,-1163.95,-504.031
-1388.0,-464.0,-165.846,1.69301e-06,88.9746,-10.1196,91.0254,33.5575,-1384.69,-589.841,-1163.95,-503.988
-1386.0,-464.0,-165.75,1.68645e-06,88.9611,-10.198,91.0389,33.5575,-1384.69,-589.841,-1163.96,-503.944
-1384.0,-464.0,-165.652,1.67989e-06,88.9474,-10.2776,91.0526,33.5575,-1384.69,-589.841,-1163.96,-503.899
-1382.0,-464.0,-165.555,1.67333e-06,88.9336,-10.3584,91.0664,33.5575,-1384.69,-589.841,-1163.96,-503.854
-1380.0,-464.0,-165.457,1.66677e-06,88.9197,-10.4405,91.0803,33.5575,-1384.69,-589.841,-1163.97,-503.807
-1378.0,-464.0,-165.359,1.66021e-06,88.9057,-10.5239,91.0943,33.5575,-1384.69,-589.841,-1163.97,-503.76
-1376.0,-464.0,-165.261,1.65366e-06,88.8916,-10.6086,91.1084,33.5575,-1384.69,-589.841,-1163.97,-503.713
-1374.0,-464.0,-165.163,1.64711e-06,88.8774,-10.6947,91.1226,33.5575,-1384.69,-589.841,-1163.98,-503.664
-1372.0,-464.0,-165.064,1.64056e-06,88.8631,-10.7822,91.1369,33.5575,-1384.69,-589.841,-1163.98,-503.615
-1370.0,-464.0,-164.965,1.63402e-06,88.8408,-10.8711,91.1592,33.5575,-1384.69,-589.841,-1163.98,-503.564
-1368.0,-464.0,-164.866,1.62748e-06,88.8163,-10.9614,91.1837,33.5575,-1384.69,-589.841,-1163.99,-503.513
-1366.0,-464.0,-164.766,1.62094e-06,88.7916,-11.0533,91.2084,33.5575,-1384.69,-589.841,-1163.99,-503.461
-1364.0,-464.0,-164.667,1.6144e-06,88.7742,-11.1466,91.2258,33.5575,-1384.69,-589.841,-1164.0,-503.408
-1362.0,-464.0,-164.567,1.60786e-06,88.7592,-11.2416,91.2408,33.5575,-1384.69,-589.841,-1164.0,-503.354
-1360.0,-464.0,-164.468,1.60132e-06,88.7441,-11.3382,91.2559,33.5575,-1384.69,-589.841,-1164.0,-503.3
-1358.0,-464.0,-164.368,1.59479e-06,88.7288,-11.4364,91.2712,33.5575,-1384.69,-589.841,-1164.01,-503.244
-1356.0,-464.0,-164.269,1.58826e-06,88.7134,-11.5363,91.2866,33.5575,-1384.69,-589.841,-1164.01,-503.187
-1354.0,-464.0,-164.17,1.58173e-06,88.6979,-11.6379,91.3021,33.5575,-1384.69,-589.841,-1164.02,-503.129
-1352.0,-464.0,-164.07,1.5752e-06,88.6822,-11.7413,91.3178,33.5575,-1384.69,-589.841,-1164.02,-503.07
-1350.0,-464.0,-163.972,1.56868e-06,88.6665,-11.8466,91.3335,33.5575,-1384.69,-589.841,-1164.03,-503.01
-1348.0,-464.0,-163.873,1.56215e-06,88.6506,-11.9537,91.3494,33.5575,-1384.69,-589.841,-1164.03,-502.949
-1346.0,-464.0,-164.695,9.72424e-07,87.7994,143.556,92.2006,89.6826,-1399.57,-523.105,-1390.08,-431.448
-1344.0,-464.0,-164.606,1.04595e-06,87.9233,-30.811,92.0767,-35.9954,-1376.1,-617.359,-1254.88,-517.15
-1342.0,-464.0,-164.718,1.8271e-06,88.7937,-24.6163,91.2063,-14.6085,-1339.34,-615.81,-1255.02,-503.85
-1340.0,-464.0,-162.991,9.64301e-07,87.6957,-31.9103,92.3043,-43.3117,-1381.35,-617.58,-1254.88,-517.003
-1338.0,-464.0,-161.113,9.58661e-07,87.6652,-32.2081,92.3348,-43.3117,-1381.35,-617.58,-1254.89,-516.355
-1336.0,-464.0,-168.841,1.34617e-06,88.3256,167.453,91.6744,130.064,-1425.6,-569.555,-1498.91,-427.745
-1334.0,-464.0,-168.965,1.35269e-06,88.3217,167.594,91.6783,130.064,-1425.6,-569.555,-1498.91,-427.723
-1332.0,-464.0,-169.09,1.35921e-06,88.3179,167.731,91.6821,130.064,-1425.6,-569.555,-1498.91,-427.702
-1330.0,-464.0,0.0,0.0,0.0,0.0,0.0,0.0,0.0,0.0,0.0,0.0
-1328.0,-464.0,0.0,0.0,0.0,0.0,0.0,0.0,0.0,0.0,0.0,0.0
-1326.0,-464.0,0.0,0.0,0.0,0.0,0.0,0.0,0.0,0.0,0.0,0.0
-1324.0,-464.0,0.0,0.0,0.0,0.0,0.0,0.0,0.0,0.0,0.0,0.0
-1322.0,-464.0,0.0,0.0,0.0,0.0,0.0,0.0,0.0,0.0,0.0,0.0
-1320.0,-464.0,0.0,0.0,0.0,0.0,0.0,0.0,0.0,0.0,0.0,0.0
-1318.0,-464.0,0.0,0.0,0.0,0.0,0.0,0.0,0.0,0.0,0.0,0.0
-1316.0,-464.0,0.0,0.0,0.0,0.0,0.0,0.0,0.0,0.0,0.0,0.0
-1314.0,-464.0,0.0,0.0,0.0,0.0,0.0,0.0,0.0,0.0,0.0,0.0
-1312.0,-464.0,0.0,0.0,0.0,0.0,0.0,0.0,0.0,0.0,0.0,0.0
-1310.0,-464.0,-147.074,9.51114e-07,87.5296,-35.5569,92.4704,-35.9954,-1376.1,-617.359,-1255.03,-503.291
-1308.0,-464.0,-146.159,9.45701e-07,87.5154,-35.8759,92.4846,-35.9954,-1376.1,-617.359,-1255.04,-502.301
-1306.0,-464.0,-145.313,9.4031e-07,87.5012,-36.1999,92.4988,-35.9954,-1376.1,-617.359,-1255.05,-501.288
-1304.0,-464.0,-127.162,1.39097e-06,88.3111,49.5412,91.6889,-43.3117,-1381.35,-617.58,-1245.94,-395.927
-1302.0,-464.0,-124.769,1.38665e-06,88.3058,49.783,91.6942,-43.396,-1381.4,-617.583,-1244.37,-395.846
-1300.0,-464.0,-128.898,1.38236e-06,88.3005,50.0329,91.6995,-43.396,-1381.4,-617.583,-1242.81,-395.766
-1298.0,-464.0,-132.891,1.37808e-06,88.2953,50.2847,91.7047,-43.396,-1381.4,-617.583,-1241.25,-395.686
-1296.0,-464.0,-136.542,1.37383e-06,88.29,50.5383,91.71,-43.396,-1381.4,-617.583,-1239.7,-395.606
-1294.0,-464.0,-139.984,1.36961e-06,88.2821,50.7937,91.7179,-43.396,-1381.4,-617.583,-1238.14,-395.526
-1292.0,-464.0,-143.466,1.36541e-06,88.265,51.0511,91.735,-43.396,-1381.4,-617.583,-1236.59,-395.446
-1290.0,-464.0,-147.061,1.36124e-06,88.2478,51.3103,91.7522,-43.396,-1381.4,-617.583,-1235.03,-395.367
-1288.0,-464.0,-150.401,1.35709e-06,88.2305,51.5714,91.7695,-43.396,-1381.4,-617.583,-1233.48,-395.287
-1286.0,-464.0,-152.615,1.35296e-06,88.2132,51.8344,91.7868,-43.396,-1381.4,-617.583,-1231.93,-395.207
-1284.0,-464.0,-153.743,1.34886e-06,88.1958,52.0994,91.8042,-43.396,-1381.4,-617.583,-1230.38,-395.128
-1282.0,-464.0,-154.753,1.34479e-06,88.1783,52.3662,91.8217,-43.396,-1381.4,-617.583,-1228.84,-395.048
-1280.0,-464.0,-156.366,1.34084e-06,88.1609,52.8338,91.8391,-43.3117,-1381.35,-617.58,-1227.68,-394.989
-1278.0,-464.0,-150.027,7.59797e-07,83.7318,-121.839,81.5062,56.6423,-1393.49,-590.111,-1373.15,-617.235
-1276.0,-464.0,-149.965,7.63361e-07,83.7229,-122.267,81.5492,56.2155,-1393.38,-590.107,-1372.74,-617.217
-1274.0,-464.0,-150.031,7.66985e-07,83.699,-122.692,81.5921,55.7938,-1393.27,-590.104,-1372.32,-617.2
-1272.0,-464.0,-150.218,7.7065e-07,83.6757,-123.113,81.6351,55.3762,-1393.16,-590.101,-1371.91,-617.182
-1270.0,-464.0,-144.81,7.214e-07,86.4001,-123.345,93.5999,-43.3117,-1381.35,-617.58,-1342.6,-574.333
-1268.0,-464.0,-144.152,7.25114e-07,86.3963,-124.064,93.6037,-43.3117,-1381.35,-617.58,-1342.6,-574.333
-1266.0,-464.0,-143.45,7.28896e-07,86.3928,-124.771,93.6072,-43.3117,-1381.35,-617.58,-1342.6,-574.333
-1264.0,-464.0,-142.69,7.32746e-07,86.3897,-125.466,93.6103,-43.3117,-1381.35,-617.58,-1342.6,-574.333
-1262.0,-464.0,-141.855,7.3666e-07,86.387,-126.149,93.613,-43.3117,-1381.35,-617.58,-1342.6,-574.333
-1260.0,-464.0,-139.942,7.40392e-07,86.3834,-127.485,93.6166,-43.396,-1381.4,-617.583,-1355.83,-588.959
-1258.0,-464.0,-138.665,7.44489e-07,86.3816,-128.058,93.6184,-43.396,-1381.4,-617.583,-1355.83,-588.959
-1256.0,-464.0,-137.204,7.48639e-07,86.38,-128.622,93.62,-43.396,-1381.4,-617.583,-1355.83,-588.959
-1254.0,-464.0,-135.493,7.52839e-07,86.3788,-129.177,93.6212,-43.396,-1381.4,-617.583,-1355.83,-588.959
-1252.0,-464.0,-133.426,7.57068e-07,86.402,-129.724,93.598,-43.396,-1381.4,-617.583,-1355.83,-588.959
-1250.0,-464.0,-130.818,7.61331e-07,86.4434,-130.262,93.5566,-43.396,-1381.4,-617.583,-1355.83,-588.959
-1248.0,-464.0,-127.286,7.65642e-07,86.4846,-130.792,93.5154,-43.396,-1381.4,-617.583,-1355.83,-588.959
-1246.0,-464.0,-122.224,7.7e-07,86.5255,-131.314,93.4745,-43.396,-1381.4,-617.583,-1355.83,-588.959
-1244.0,-464.0,-116.721,7.74403e-07,86.5661,-131.827,93.4339,-43.396,-1381.4,-617.583,-1355.83,-588.959
-1242.0,-464.0,-123.161,7.7885e-07,86.6065,-132.358,93.3935,-43.3117,-1381.35,-617.58,-1342.6,-574.333
-1240.0,-464.0,-128.715,7.83346e-07,86.6466,-132.92,93.3534,-43.3117,-1381.35,-617.58,-1342.6,-574.333
-1238.0,-464.0,-132.364,7.8789e-07,86.6865,-133.472,93.3135,-43.3117,-1381.35,-617.58,-1342.6,-574.333
-1236.0,-464.0,-134.984,7.92481e-07,86.7261,-134.014,93.2739,-43.3117,-1381.35,-617.58,-1342.6,-574.333
-1234.0,-464.0,-137.013,7.97128e-07,86.7502,-134.547,93.2498,-43.3117,-1381.35,-617.58,-1342.6,-574.333
-1232.0,-464.0,-138.659,8.01824e-07,86.7692,-135.069,93.2308,-43.3117,-1381.35,-617.58,-1342.6,-574.333
-1230.0,-464.0,-140.032,8.06562e-07,86.7882,-135.583,93.2118,-43.3117,-1381.35,-617.58,-1342.6,-574.333
-1228.0,-464.0,-134.193,8.78747e-07,87.0789,-138.549,92.9211,-35.9954,-1376.1,-617.359,-1356.19,-577.217
-1226.0,-464.0,-130.835,8.83729e-07,87.132,-138.948,92.868,-35.9954,-1376.1,-617.359,-1356.18,-577.376
-1224.0,-464.0,-133.004,8.88743e-07,87.1845,-139.34,92.8155,-35.9954,-1376.1,-617.359,-1356.18,-577.531
-1222.0,-464.0,-134.828,8.93777e-07,87.2491,-139.727,92.7509,-35.9954,-1376.1,-617.359,-1356.18,-577.682
-1220.0,-464.0,-136.362,8.98837e-07,87.3185,-140.107,92.6815,-35.9954,-1376.1,-617.359,-1356.17,-577.829
-1218.0,-464.0,-137.694,9.03927e-07,87.3872,-140.481,92.6128,-35.9954,-1376.1,-617.359,-1356.17,-577.972
-1216.0,-464.0,-138.885,9.09045e-07,87.4553,-140.85,92.5447,-35.9954,-1376.1,-617.359,-1356.16,-578.111
-1214.0,-464.0,-139.977,9.14192e-07,87.5226,-141.212,92.4774,-35.9954,-1376.1,-617.359,-1356.16,-578.247
-1212.0,-464.0,-140.996,9.19366e-07,87.5893,-141.57,92.4107,-35.9954,-1376.1,-617.359,-1356.15,-578.38
-1210.0,-464.0,0.0,0.0,0.0,0.0,0.0,0.0,0.0,0.0,0.0,0.0
-1208.0,-464.0,0.0,0.0,0.0,0.0,0.0,0.0,0.0,0.0,0.0,0.0
-1206.0,-464.0,0.0,0.0,0.0,0.0,0.0,0.0,0.0,0.0,0.0,0.0
-1204.0,-464.0,0.0,0.0,0.0,0.0,0.0,0.0,0.0,0.0,0.0,0.0
-1202.0,-464.0,0.0,0.0,0.0,0.0,0.0,0.0,0.0,0.0,0.0,0.0
-1600.0,-462.0,-161.623,1.04596e-06,88.2252,29.2813,91.7748,96.8954,-1412.1,-499.96,-1545.31,-431.334
-1598.0,-462.0,-161.479,1.04016e-06,88.1998,29.5472,91.8002,96.8954,-1412.1,-499.96,-1543.86,-431.309
-1596.0,-462.0,-161.36,1.03437e-06,88.1741,29.8175,91.8259,96.8954,-1412.1,-499.96,-1542.4,-431.283
-1594.0,-462.0,-161.265,1.0286e-06,88.1482,30.0923,91.8518,96.8954,-1412.1,-499.96,-1540.95,-431.257
-1592.0,-462.0,-161.196,1.02285e-06,88.122,30.3718,91.878,96.8954,-1412.1,-499.96,-1539.5,-431.232
-1590.0,-462.0,-161.154,1.01711e-06,88.0955,30.6559,91.9045,96.8954,-1412.1,-499.96,-1538.05,-431.206
-1588.0,-462.0,-161.144,1.01139e-06,88.0687,30.9449,91.9313,96.8954,-1412.1,-499.96,-1536.6,-431.18
-1586.0,-462.0,-161.173,1.00569e-06,88.0417,31.2389,91.9583,96.8954,-1412.1,-499.96,-1535.15,-431.155
-1584.0,-462.0,-161.25,1.00001e-06,88.0144,31.5379,91.9856,96.8954,-1412.1,-499.96,-1533.7,-431.129
-1582.0,-462.0,-161.388,9.94343e-07,87.9869,31.8421,92.0131,96.8954,-1412.1,-499.96,-1532.25,-431.103
-1580.0,-462.0,-161.604,9.88694e-07,87.9628,32.1516,92.0372,96.8954,-1412.1,-499.96,-1530.8,-431.078
-1578.0,-462.0,-161.919,9.83047e-07,87.9676,32.4665,92.0324,96.8954,-1412.1,-499.96,-1529.36,-431.052
-1576.0,-462.0,-162.258,9.83511e-07,87.9849,29.8563,92.0151,99.908,-1420.16,-484.607,-1521.85,-430.92
-1574.0,-462.0,-162.469,9.77726e-07,87.9895,30.181,92.0105,99.908,-1420.16,-484.607,-1520.52,-430.896
-1572.0,-462.0,-162.613,9.71961e-07,87.9942,30.5121,92.0058,99.908,-1420.16,-484.607,-1519.18,-430.872
-1570.0,-462.0,-162.571,9.66215e-07,87.999,30.8499,92.001,99.908,-1420.16,-484.607,-1517.85,-430.849
-1568.0,-462.0,-162.289,9.6049e-07,88.0039,31.1945,91.9961,99.908,-1420.16,-484.607,-1516.51,-430.825
-1566.0,-462.0,-161.843,9.54786e-07,88.0089,31.546,91.9911,99.908,-1420.16,-484.607,-1515.18,-430.802
-1564.0,-462.0,-158.306,1.01783e-06,88.1481,38.1529,91.8519,117.862,-1429.33,-544.506,-1524.5,-430.966
-1562.0,-462.0,-158.141,1.01258e-06,88.1545,38.4472,91.8455,117.862,-1429.33,-544.506,-1522.88,-430.938
-1560.0,-462.0,-158.064,1.00735e-06,88.1789,38.7454,91.8211,117.862,-1429.33,-544.506,-1521.25,-430.909
-1558.0,-462.0,-158.083,1.00213e-06,88.2178,39.0474,91.7822,117.862,-1429.33,-544.506,-1519.64,-430.88
-1556.0,-462.0,-158.215,9.96943e-07,88.2483,39.3535,91.7517,117.862,-1429.33,-544.506,-1518.02,-430.852
-1554.0,-462.0,-158.493,9.91788e-07,88.2554,39.6636,91.7446,117.862,-1429.33,-544.506,-1516.4,-430.823
-1552.0,-462.0,-158.969,9.86656e-07,88.2627,39.9778,91.7373,117.862,-1429.33,-544.506,-1514.78,-430.795
-1550.0,-462.0,-141.348,1.08417e-06,88.4339,-46.7765,91.5661,129.985,-1425.61,-569.467,-1531.16,-482.05
-1548.0,-462.0,-149.654,1.07981e-06,88.4425,-48.7081,91.5575,130.064,-1425.6,-569.555,-1530.42,-482.011
-1546.0,-462.0,-156.649,9.52516e-07,88.2513,43.5148,91.7487,129.985,-1425.61,-569.467,-1513.1,-430.765
-1544.0,-462.0,-154.046,9.47686e-07,88.2594,43.9134,91.7406,129.985,-1425.61,-569.467,-1511.53,-430.737
-1542.0,-462.0,-152.091,9.42888e-07,88.2677,44.3178,91.7323,129.985,-1425.61,-569.467,-1509.95,-430.709
-1540.0,-462.0,-147.423,9.37543e-07,88.275,45.8059,91.725,129.101,-1425.63,-568.463,-1509.57,-430.702
-1538.0,-462.0,-146.994,9.32899e-07,88.2837,46.1499,91.7163,129.101,-1425.63,-568.463,-1507.91,-430.673
-1536.0,-462.0,-122.353,9.27718e-07,88.304,47.3207,91.696,133.913,-1425.51,-573.502,-1507.1,-430.659
-1534.0,-462.0,-125.512,9.23193e-07,88.3307,47.6253,91.6693,133.609,-1425.52,-573.211,-1505.38,-430.628
-1532.0,-462.0,-127.96,9.18694e-07,88.3576,47.9329,91.6424,133.301,-1425.53,-572.914,-1503.66,-430.598
-1530.0,-462.0,-127.931,9.14222e-07,88.3849,48.2435,91.6151,132.99,-1425.53,-572.61,-1501.94,-430.567
-1528.0,-462.0,-125.467,9.09777e-07,88.4125,48.5571,91.5875,132.677,-1425.54,-572.3,-1500.22,-430.537
-1526.0,-462.0,-134.789,9.05364e-07,88.4404,49.2386,91.5596,132.426,-1425.55,-572.049,-1498.86,-430.513
-1524.0,-462.0,-131.302,1.11497e-06,88.7626,67.2588,91.2374,111.735,-1469.75,-425.027,-1510.89,-430.726
-1522.0,-462.0,-130.375,1.1124e-06,88.7888,67.5759,91.2112,111.418,-1468.64,-424.998,-1509.08,-430.694
-1520.0,-462.0,-129.881,1.10986e-06,88.8151,67.8944,91.1849,111.099,-1467.54,-424.968,-1507.27,-430.662
-1518.0,-462.0,-124.724,9.12412e-07,88.594,52.3672,91.406,129.985,-1425.61,-569.467,-1489.91,-425.564
-1516.0,-462.0,-129.957,9.08347e-07,88.6233,52.8545,91.3767,129.985,-1425.61,-569.467,-1488.37,-425.523
-1514.0,-462.0,-129.589,1.10245e-06,88.895,68.8586,91.105,110.135,-1464.21,-424.88,-1501.84,-430.566
-1512.0,-462.0,-128.145,1.10006e-06,88.8836,69.1829,91.1164,109.811,-1463.09,-424.85,-1500.04,-430.534
-1510.0,-462.0,-136.183,9.1722e-07,88.6434,-61.0418,91.3566,69.5502,-1396.34,-590.198,-1499.83,-480.385
-1508.0,-462.0,-134.524,9.14012e-07,88.6313,-61.4225,91.3687,69.5502,-1396.34,-590.198,-1498.04,-480.29
-1506.0,-462.0,-133.38,9.1084e-07,88.6266,-61.8059,91.3734,69.5502,-1396.34,-590.198,-1496.25,-480.195
-1504.0,-462.0,-132.664,9.07708e-07,88.6218,-62.1921,91.3782,69.5502,-1396.34,-590.198,-1494.45,-480.099
-1502.0,-462.0,-119.15,1.1187e-06,88.8818,72.2983,91.1182,107.721,-1456.03,-424.662,-1490.37,-425.577
-1500.0,-462.0,-118.748,1.11669e-06,88.8798,72.6246,91.1202,107.395,-1454.94,-424.633,-1488.59,-425.529
-1498.0,-462.0,-118.441,1.11472e-06,88.8778,72.952,91.1222,107.067,-1453.85,-424.604,-1486.8,-425.482
-1496.0,-462.0,-118.215,1.11278e-06,88.8758,73.2806,91.1242,106.739,-1452.76,-424.575,-1485.02,-425.434
-1494.0,-462.0,-118.058,1.11088e-06,88.8739,73.6103,91.1261,106.409,-1451.67,-424.546,-1483.23,-425.387
-1492.0,-462.0,-117.961,1.10901e-06,88.872,73.9411,91.128,106.078,-1450.58,-424.517,-1481.45,-425.339
-1490.0,-462.0,-117.769,8.78096e-07,88.5753,-66.5105,91.4247,110.457,-1465.31,-424.909,-1482.41,-479.459
-1488.0,-462.0,-116.608,8.75458e-07,88.571,-66.9112,91.429,110.056,-1463.93,-424.872,-1480.6,-479.363
-1486.0,-462.0,-115.734,8.72863e-07,88.5668,-67.3143,91.4332,109.653,-1462.56,-424.836,-1478.78,-479.266
-1484.0,-462.0,-115.078,8.70317e-07,88.5488,-67.7198,91.4512,109.247,-1461.17,-424.799,-1476.97,-479.17
-1482.0,-462.0,-113.027,7.58802e-07,88.3142,71.3783,91.6858,111.674,-1469.54,-425.022,-1469.54,-425.022
-1480.0,-462.0,-112.201,7.56707e-07,88.2882,71.8574,91.7118,111.195,-1467.87,-424.977,-1467.87,-424.977
-1478.0,-462.0,-111.612,7.54665e-07,88.2622,72.3391,91.7378,110.713,-1466.2,-424.933,-1466.2,-424.933
-1476.0,-462.0,-111.188,7.52677e-07,88.2362,72.8234,91.7638,110.229,-1464.53,-424.888,-1464.53,-424.888
-1474.0,-462.0,-110.879,7.50743e-07,88.2101,73.3102,91.7899,109.742,-1462.86,-424.844,-1462.86,-424.844
-1472.0,-462.0,-110.656,7.48863e-07,88.184,73.7995,91.816,109.253,-1461.19,-424.799,-1461.19,-424.799
-1470.0,-462.0,-110.496,7.47039e-07,88.158,74.2913,91.842,108.761,-1459.52,-424.755,-1459.52,-424.755
-1468.0,-462.0,-110.386,7.4527e-07,88.1319,74.7855,91.8681,108.267,-1457.86,-424.711,-1457.86,-424.711
-1466.0,-462.0,-110.318,7.43555e-07,88.1098,75.2819,91.8902,107.77,-1456.19,-424.666,-1456.19,-424.666
-1464.0,-462.0,-110.285,7.41888e-07,88.1056,75.7807,91.8944,107.271,-1454.53,-424.622,-1454.53,-424.622
-1462.0,-462.0,-109.635,6.0629e-07,87.6816,-48.4539,92.3184,130.754,-1425.59,-570.309,-1397.64,-534.623
-1460.0,-462.0,-109.059,6.01888e-07,87.6647,-48.9297,92.3353,130.278,-1425.6,-569.791,-1397.68,-533.516
-1458.0,-462.0,-110.376,7.37229e-07,88.0936,77.29,91.9064,105.762,-1449.54,-424.489,-1449.54,-424.489
-1456.0,-462.0,-110.47,7.3579e-07,88.0898,77.7972,91.9102,105.255,-1447.88,-424.445,-1447.88,-424.445
-1454.0,-462.0,-104.841,4.95073e-07,87.1604,-68.6294,92.8396,111.371,-1454.0,-462.0,-1400.0,-600.0
-1452.0,-462.0,-104.799,4.92684e-07,87.1466,-69.353,92.8534,110.647,-1452.0,-462.0,-1400.0,-600.0
-1450.0,-462.0,-104.758,4.90373e-07,87.1332,-70.0836,92.8668,109.916,-1450.0,-462.0,-1400.0,-600.0
-1448.0,-462.0,-104.718,4.88143e-07,87.1201,-70.821,92.8799,109.179,-1448.0,-462.0,-1400.0,-600.0
-1446.0,-462.0,-104.68,4.85994e-07,87.1073,-71.5651,92.8927,108.435,-1446.0,-462.0,-1400.0,-600.0
-1444.0,-462.0,-104.643,4.83928e-07,87.0949,-72.3156,92.9051,107.684,-1444.0,-462.0,-1400.0,-600.0
-1442.0,-462.0,-104.607,4.81946e-07,87.083,-73.0725,92.917,106.928,-1442.0,-462.0,-1400.0,-600.0
-1440.0,-462.0,-104.573,4.80048e-07,87.0714,-73.8355,92.9286,106.164,-1440.0,-462.0,-1400.0,-600.0
-1438.0,-462.0,-104.54,4.78236e-07,87.0585,-74.6045,92.9415,105.396,-1438.0,-462.0,-1400.0,-600.0
-1436.0,-462.0,-104.509,4.76525e-07,87.014,-75.3791,92.986,104.621,-1436.0,-462.0,-1400.0,-600.0
-1434.0,-462.0,-104.479,4.74901e-07,86.9698,-76.1593,93.0302,103.841,-1434.0,-462.0,-1400.0,-600.0
-1432.0,-462.0,-104.451,4.73366e-07,86.9258,-76.9448,93.0742,103.055,-1432.0,-462.0,-1400.0,-600.0
-1430.0,-462.0,-104.424,4.71921e-07,86.8821,-77.7352,93.1179,102.265,-1430.0,-462.0,-1400.0,-600.0
-1428.0,-462.0,-104.399,4.70566e-07,86.8387,-78.5305,93.1613,101.47,-1428.0,-462.0,-1400.0,-600.0
-1426.0,-462.0,-104.376,4.69302e-07,86.7958,-79.3302,93.2042,100.67,-1426.0,-462.0,-1400.0,-600.0
-1424.0,-462.0,-112.988,4.68131e-07,86.7532,-80.35,93.2468,99.908,-1420.16,-484.607,-1420.16,-484.607
-1422.0,-462.0,-139.8,4.82063e-07,86.8136,-96.9059,93.1864,111.97,-1429.78,-526.194,-1429.78,-526.194
-1420.0,-462.0,0.0,0.0,0.0,0.0,0.0,0.0,0.0,0.0,0.0,0.0
-1418.0,-462.0,0.0,0.0,0.0,0.0,0.0,0.0,0.0,0.0,0.0,0.0
-1416.0,-462.0,0.0,0.0,0.0,0.0,0.0,0.0,0.0,0.0,0.0,0.0
-1414.0,-462.0,0.0,0.0,0.0,0.0,0.0,0.0,0.0,0.0,0.0,0.0
-1412.0,-462.0,0.0,0.0,0.0,0.0,0.0,0.0,0.0,0.0,0.0,0.0
-1410.0,-462.0,-166.629,1.76643e-06,89.076,-9.73274,90.924,33.5575,-1384.69,-589.841,-1163.94,-504.205
-1408.0,-462.0,-166.538,1.75986e-06,89.0634,-9.8022,90.9366,33.5575,-1384.69,-589.841,-1163.94,-504.166
-1406.0,-462.0,-155.122,8.13304e-07,87.9531,121.313,92.0469,111.97,-1429.78,-526.194,-1429.15,-423.946
-1404.0,-462.0,-157.268,8.1681e-07,87.9421,121.906,92.0579,111.97,-1429.78,-526.194,-1427.72,-423.908
-1402.0,-462.0,-160.647,8.20374e-07,87.9314,122.492,92.0686,111.97,-1429.78,-526.194,-1426.28,-423.869
-1400.0,-462.0,-165.78,8.23995e-07,87.9208,123.07,92.0792,111.97,-1429.78,-526.194,-1424.85,-423.831
-1398.0,-462.0,-166.076,1.72702e-06,88.9988,-10.1647,91.0012,33.5575,-1384.69,-589.841,-1163.96,-503.963
-1396.0,-462.0,-165.983,1.72046e-06,88.9856,-10.2405,91.0144,33.5575,-1384.69,-589.841,-1163.96,-503.92
-1394.0,-462.0,-163.28,8.35183e-07,87.9031,124.759,92.0969,111.97,-1429.78,-526.194,-1420.57,-423.717
-1392.0,-462.0,-165.796,1.70733e-06,88.9744,-10.3953,91.0256,33.5575,-1384.69,-589.841,-1163.96,-503.833
-1390.0,-462.0,-165.702,1.70077e-06,88.967,-10.4745,91.033,33.5575,-1384.69,-589.841,-1163.97,-503.788
-1388.0,-462.0,-165.608,1.69422e-06,88.9535,-10.5548,91.0465,33.5575,-1384.69,-589.841,-1163.97,-503.743
-1386.0,-462.0,-165.513,1.68767e-06,88.9398,-10.6364,91.0602,33.5575,-1384.69,-589.841,-1163.97,-503.697
-1384.0,-462.0,-165.418,1.68111e-06,88.9261,-10.7193,91.0739,33.5575,-1384.69,-589.841,-1163.98,-503.65
-1382.0,-462.0,-165.323,1.67456e-06,88.9122,-10.8034,91.0878,33.5575,-1384.69,-589.841,-1163.98,-503.603
-1380.0,-462.0,-165.228,1.66802e-06,88.8983,-10.8889,91.1017,33.5575,-1384.69,-589.841,-1163.99,-503.554
-1378.0,-462.0,-165.133,1.66147e-06,88.8842,-10.9757,91.1158,33.5575,-1384.69,-589.841,-1163.99,-503.505
-1376.0,-462.0,-165.037,1.65493e-06,88.8701,-11.0638,91.1299,33.5575,-1384.69,-589.841,-1163.99,-503.455
-1374.0,-462.0,-164.942,1.64839e-06,88.8558,-11.1534,91.1442,33.5575,-1384.69,-589.841,-1164.0,-503.404
-1372.0,-462.0,-164.846,1.64185e-06,88.8414,-11.2445,91.1586,33.5575,-1384.69,-589.841,-1164.0,-503.353
-1370.0,-462.0,-164.75,1.63531e-06,88.819,-11.337,91.181,33.5575,-1384.69,-589.841,-1164.0,-503.3
-1368.0,-462.0,-164.654,1.62879e-06,88.7945,-11.431,91.2055,33.5575,-1384.69,-589.841,-1164.01,-503.247
-1366.0,-462.0,-164.558,1.62226e-06,88.7749,-11.5266,91.2251,33.5575,-1384.69,-589.841,-1164.01,-503.192
-1364.0,-462.0,-164.463,1.61573e-06,88.7599,-11.6237,91.2401,33.5575,-1384.69,-589.841,-1164.02,-503.137
-1362.0,-462.0,-164.367,1.6092e-06,88.7449,-11.7225,91.2551,33.5575,-1384.69,-589.841,-1164.02,-503.081
-1360.0,-462.0,-164.272,1.60267e-06,88.7297,-11.823,91.2703,33.5575,-1384.69,-589.841,-1164.02,-503.024
-1358.0,-462.0,-164.177,1.59615e-06,88.7144,-11.9252,91.2856,33.5575,-1384.69,-589.841,-1164.03,-502.965
-1356.0,-462.0,-166.113,1.87243e-06,88.8955,-23.4168,91.1045,-14.6085,-1339.34,-615.81,-1255.0,-505.74
-1354.0,-462.0,-165.727,1.86632e-06,88.8832,-23.6567,91.1168,-14.6085,-1339.34,-615.81,-1255.01,-505.365
-1352.0,-462.0,-163.403,9.52374e-07,87.7941,143.018,92.2059,89.6826,-1399.57,-523.105,-1392.53,-431.478
-1350.0,-462.0,-164.14,9.57723e-07,87.7896,143.346,92.2104,89.6826,-1399.57,-523.105,-1391.04,-431.459
-1348.0,-462.0,-164.024,1.06079e-06,87.9892,-30.7331,92.0108,-35.9954,-1376.1,-617.359,-1254.88,-517.365
-1346.0,-462.0,-164.854,1.842e-06,88.8251,-24.6641,91.1749,-14.6085,-1339.34,-615.81,-1255.03,-503.774
-1344.0,-462.0,-163.931,9.79131e-07,87.7563,-31.7964,92.2437,-43.3117,-1381.35,-617.58,-1254.88,-517.25
-1342.0,-462.0,-161.988,9.73487e-07,87.7213,-32.0869,92.2787,-43.3117,-1381.35,-617.58,-1254.88,-516.62
-1340.0,-462.0,-160.319,9.67858e-07,87.6914,-32.3822,92.3086,-43.3117,-1381.35,-617.58,-1254.89,-515.974
-1338.0,-462.0,-168.965,1.33823e-06,88.3184,167.956,91.6816,130.064,-1425.6,-569.555,-1498.91,-427.668
-1336.0,-462.0,-169.099,1.34476e-06,88.3146,168.092,91.6854,130.064,-1425.6,-569.555,-1498.91,-427.647
-1334.0,-462.0,-169.234,1.3513e-06,88.3108,168.226,91.6892,130.064,-1425.6,-569.555,-1498.91,-427.627
-1332.0,-462.0,-169.37,1.35784e-06,88.3071,168.357,91.6929,130.064,-1425.6,-569.555,-1498.91,-427.607
-1330.0,-462.0,0.0,0.0,0.0,0.0,0.0,0.0,0.0,0.0,0.0,0.0
-1328.0,-462.0,0.0,0.0,0.0,0.0,0.0,0.0,0.0,0.0,0.0,0.0
-1326.0,-462.0,0.0,0.0,0.0,0.0,0.0,0.0,0.0,0.0,0.0,0.0
-1324.0,-462.0,0.0,0.0,0.0,0.0,0.0,0.0,0.0,0.0,0.0,0.0
-1322.0,-462.0,0.0,0.0,0.0,0.0,0.0,0.0,0.0,0.0,0.0,0.0
-1320.0,-462.0,0.0,0.0,0.0,0.0,0.0,0.0,0.0,0.0,0.0,0.0
-1318.0,-462.0,0.0,0.0,0.0,0.0,0.0,0.0,0.0,0.0,0.0,0.0
-1316.0,-462.0,0.0,0.0,0.0,0.0,0.0,0.0,0.0,0.0,0.0,0.0
-1314.0,-462.0,0.0,0.0,0.0,0.0,0.0,0.0,0.0,0.0,0.0,0.0
-1312.0,-462.0,0.0,0.0,0.0,0.0,0.0,0.0,0.0,0.0,0.0,0.0
-1310.0,-462.0,-145.956,9.55021e-07,87.5267,-35.9973,92.4733,-35.9954,-1376.1,-617.359,-1255.05,-501.923
-1308.0,-462.0,-152.487,8.80596e-07,87.3176,-37.848,92.6824,-43.3117,-1381.35,-617.58,-1255.03,-503.157
-1306.0,-462.0,-152.943,8.75346e-07,87.3015,-38.2422,92.6985,-43.3117,-1381.35,-617.58,-1255.04,-502.16
-1304.0,-462.0,-153.954,8.70125e-07,87.2852,-38.6434,92.7148,-43.3117,-1381.35,-617.58,-1255.05,-501.133
-1302.0,-462.0,-126.503,1.38157e-06,88.2906,49.58,91.7094,-43.3117,-1381.35,-617.58,-1245.72,-395.915
-1300.0,-462.0,-125.296,1.37726e-06,88.2853,49.8218,91.7147,-43.396,-1381.4,-617.583,-1244.13,-395.834
-1298.0,-462.0,-129.588,1.37297e-06,88.2799,50.0738,91.7201,-43.396,-1381.4,-617.583,-1242.56,-395.753
-1296.0,-462.0,-133.455,1.3687e-06,88.2745,50.3278,91.7255,-43.396,-1381.4,-617.583,-1240.99,-395.672
-1294.0,-462.0,-137.119,1.36446e-06,88.2574,50.5836,91.7426,-43.396,-1381.4,-617.583,-1239.42,-395.592
-1292.0,-462.0,-140.562,1.36024e-06,88.2402,50.8414,91.7598,-43.396,-1381.4,-617.583,-1237.85,-395.511
-1290.0,-462.0,-144.099,1.35605e-06,88.2228,51.101,91.7772,-43.396,-1381.4,-617.583,-1236.29,-395.431
-1288.0,-462.0,-147.718,1.35188e-06,88.2054,51.3625,91.7946,-43.396,-1381.4,-617.583,-1234.72,-395.351
-1286.0,-462.0,-150.917,1.34774e-06,88.1879,51.626,91.8121,-43.396,-1381.4,-617.583,-1233.16,-395.27
-1284.0,-462.0,-152.846,1.34362e-06,88.1703,51.8914,91.8297,-43.396,-1381.4,-617.583,-1231.6,-395.19
-1282.0,-462.0,-153.88,1.33953e-06,88.1527,52.1588,91.8473,-43.396,-1381.4,-617.583,-1230.04,-395.11
-1280.0,-462.0,-154.928,1.33546e-06,88.1349,52.428,91.8651,-43.396,-1381.4,-617.583,-1228.48,-395.03
-1278.0,-462.0,-158.35,2.00543e-06,88.7501,-12.2261,91.2499,-15.5937,-1342.83,-615.957,-1209.67,-476.807
-1276.0,-462.0,-150.081,7.69026e-07,83.7455,-122.0,81.5224,56.4807,-1393.45,-590.109,-1373.0,-617.228
-1274.0,-462.0,-150.073,7.72623e-07,83.7216,-122.423,81.5649,56.0607,-1393.34,-590.106,-1372.59,-617.211
-1272.0,-462.0,-150.178,7.76257e-07,83.702,-122.842,81.6074,55.6446,-1393.23,-590.103,-1372.18,-617.194
-1270.0,-462.0,-150.396,7.79906e-07,83.705,-123.257,81.6502,55.2311,-1393.13,-590.1,-1371.76,-617.176
-1268.0,-462.0,-144.719,7.30661e-07,86.4067,-123.588,93.5933,-43.3117,-1381.35,-617.58,-1342.6,-574.333
-1266.0,-462.0,-144.06,7.34397e-07,86.403,-124.29,93.597,-43.3117,-1381.35,-617.58,-1342.6,-574.333
-1264.0,-462.0,-143.355,7.382e-07,86.3996,-124.981,93.6004,-43.3117,-1381.35,-617.58,-1342.6,-574.333
-1262.0,-462.0,-142.589,7.42068e-07,86.3966,-125.66,93.6034,-43.3117,-1381.35,-617.58,-1342.6,-574.333
-1260.0,-462.0,-140.928,7.45706e-07,86.3926,-127.047,93.6074,-43.396,-1381.4,-617.583,-1355.83,-588.959
-1258.0,-462.0,-139.781,7.49763e-07,86.3905,-127.617,93.6095,-43.396,-1381.4,-617.583,-1355.83,-588.959
-1256.0,-462.0,-138.489,7.53872e-07,86.3888,-128.179,93.6112,-43.396,-1381.4,-617.583,-1355.83,-588.959
-1254.0,-462.0,-137.006,7.58032e-07,86.3873,-128.733,93.6127,-43.396,-1381.4,-617.583,-1355.83,-588.959
-1252.0,-462.0,-135.265,7.62221e-07,86.4101,-129.278,93.5899,-43.396,-1381.4,-617.583,-1355.83,-588.959
-1250.0,-462.0,-133.155,7.66444e-07,86.451,-129.814,93.549,-43.396,-1381.4,-617.583,-1355.83,-588.959
-1248.0,-462.0,-130.476,7.70715e-07,86.4916,-130.343,93.5084,-43.396,-1381.4,-617.583,-1355.83,-588.959
-1246.0,-462.0,-126.861,7.75033e-07,86.5321,-130.863,93.4679,-43.396,-1381.4,-617.583,-1355.83,-588.959
-1244.0,-462.0,-121.578,7.79397e-07,86.5723,-131.375,93.4277,-43.396,-1381.4,-617.583,-1355.83,-588.959
-1242.0,-462.0,-116.37,7.83806e-07,86.6122,-131.846,93.3878,-43.3117,-1381.35,-617.58,-1342.6,-574.333
-1240.0,-462.0,-123.848,7.88258e-07,86.6518,-132.407,93.3482,-43.3117,-1381.35,-617.58,-1342.6,-574.333
-1238.0,-462.0,-129.137,7.92758e-07,86.6913,-132.959,93.3087,-43.3117,-1381.35,-617.58,-1342.6,-574.333
-1236.0,-462.0,-132.645,7.97305e-07,86.7304,-133.5,93.2696,-43.3117,-1381.35,-617.58,-1342.6,-574.333
-1234.0,-462.0,-135.188,8.01898e-07,86.7693,-134.032,93.2307,-43.3117,-1381.35,-617.58,-1342.6,-574.333
-1232.0,-462.0,-137.17,8.06551e-07,86.7882,-134.555,93.2118,-43.3117,-1381.35,-617.58,-1342.6,-574.333
-1230.0,-462.0,-138.785,8.11247e-07,86.8068,-135.068,93.1932,-43.3117,-1381.35,-617.58,-1342.6,-574.333
-1228.0,-462.0,-140.136,8.15962e-07,86.8539,-135.572,93.1461,-43.3117,-1381.35,-617.58,-1342.6,-574.333
-1226.0,-462.0,-135.628,8.88126e-07,87.1462,-138.497,92.8538,-35.9954,-1376.1,-617.359,-1356.19,-577.196
-1224.0,-462.0,-130.578,8.93099e-07,87.2065,-138.89,92.7935,-35.9954,-1376.1,-617.359,-1356.19,-577.353
-1222.0,-462.0,-132.705,8.98096e-07,87.2761,-139.277,92.7239,-35.9954,-1376.1,-617.359,-1356.18,-577.507
-1220.0,-462.0,-134.612,9.03122e-07,87.3449,-139.658,92.6551,-35.9954,-1376.1,-617.359,-1356.18,-577.656
-1218.0,-462.0,-136.185,9.08179e-07,87.4131,-140.034,92.5869,-35.9954,-1376.1,-617.359,-1356.17,-577.801
-1216.0,-462.0,-137.537,9.13265e-07,87.4806,-140.403,92.5194,-35.9954,-1376.1,-617.359,-1356.17,-577.942
-1214.0,-462.0,-138.739,9.18379e-07,87.5474,-140.767,92.4526,-35.9954,-1376.1,-617.359,-1356.16,-578.08
-1212.0,-462.0,-139.836,9.23521e-07,87.6135,-141.126,92.3865,-35.9954,-1376.1,-617.359,-1356.16,-578.215
-1210.0,-462.0,0.0,0.0,0.0,0.0,0.0,0.0,0.0,0.0,0.0,0.0
-1208.0,-462.0,0.0,0.0,0.0,0.0,0.0,0.0,0.0,0.0,0.0,0.0
-1206.0,-462.0,0.0,0.0,0.0,0.0,0.0,0.0,0.0,0.0,0.0,0.0
-1204.0,-462.0,0.0,0.0,0.0,0.0,0.0,0.0,0.0,0.0,0.0,0.0
-1202.0,-462.0,0.0,0.0,0.0,0.0,0.0,0.0,0.0,0.0,0.0,0.0
-1600.0,-460.0,-161.811,1.04273e-06,88.2079,28.8089,91.7921,96.8954,-1412.1,-499.96,-1547.96,-431.381
-1598.0,-460.0,-161.614,1.0369e-06,88.1822,29.0721,91.8178,96.8954,-1412.1,-499.96,-1546.48,-431.355
-1596.0,-460.0,-161.446,1.03109e-06,88.1563,29.3397,91.8437,96.8954,-1412.1,-499.96,-1544.99,-431.329
-1594.0,-460.0,-161.306,1.02529e-06,88.1301,29.6118,91.8699,96.8954,-1412.1,-499.96,-1543.51,-431.303
-1592.0,-460.0,-161.19,1.01951e-06,88.1037,29.8886,91.8963,96.8954,-1412.1,-499.96,-1542.02,-431.276
-1590.0,-460.0,-161.101,1.01374e-06,88.0769,30.17,91.9231,96.8954,-1412.1,-499.96,-1540.54,-431.25
-1588.0,-460.0,-161.038,1.008e-06,88.05,30.4563,91.95,96.8954,-1412.1,-499.96,-1539.06,-431.224
-1586.0,-460.0,-161.005,1.00226e-06,88.0227,30.7476,91.9773,96.8954,-1412.1,-499.96,-1537.58,-431.198
-1584.0,-460.0,-161.008,9.96551e-07,87.9951,31.0439,92.0049,96.8954,-1412.1,-499.96,-1536.1,-431.172
-1582.0,-460.0,-161.053,9.90856e-07,87.9673,31.3454,92.0327,96.8954,-1412.1,-499.96,-1534.63,-431.145
-1580.0,-460.0,-161.153,9.85162e-07,87.9681,31.6522,92.0319,96.8954,-1412.1,-499.96,-1533.15,-431.119
-1578.0,-460.0,-161.323,9.79484e-07,87.9728,31.9645,92.0272,96.8954,-1412.1,-499.96,-1531.68,-431.093
-1576.0,-460.0,-161.581,9.73826e-07,87.9776,32.2822,92.0224,96.8954,-1412.1,-499.96,-1530.2,-431.067
-1574.0,-460.0,-161.95,9.74394e-07,87.9954,29.614,92.0046,99.908,-1420.16,-484.607,-1522.87,-430.938
-1572.0,-460.0,-162.154,9.68596e-07,88.0,29.9414,92.0,99.908,-1420.16,-484.607,-1521.5,-430.913
-1570.0,-460.0,-162.363,9.62816e-07,88.0048,30.2754,91.9952,99.908,-1420.16,-484.607,-1520.13,-430.889
-1568.0,-460.0,-162.466,9.57057e-07,88.0097,30.6162,91.9903,99.908,-1420.16,-484.607,-1518.77,-430.865
-1566.0,-460.0,-162.344,9.51318e-07,88.0146,30.964,91.9854,99.908,-1420.16,-484.607,-1517.4,-430.841
-1564.0,-460.0,-161.984,9.456e-07,88.0197,31.319,91.9803,99.908,-1420.16,-484.607,-1516.04,-430.817
-1562.0,-460.0,-158.261,1.00845e-06,88.1592,38.0722,91.8408,117.862,-1429.33,-544.506,-1524.95,-430.974
-1560.0,-460.0,-158.071,1.00319e-06,88.1837,38.3694,91.8163,117.862,-1429.33,-544.506,-1523.3,-430.945
-1558.0,-460.0,-157.969,9.97942e-07,88.2214,38.6706,91.7786,117.862,-1429.33,-544.506,-1521.66,-430.916
-1556.0,-460.0,-157.963,9.92737e-07,88.2284,38.9758,91.7716,117.862,-1429.33,-544.506,-1520.02,-430.887
-1554.0,-460.0,-158.069,9.87554e-07,88.2354,39.2851,91.7646,117.862,-1429.33,-544.506,-1518.38,-430.858
-1552.0,-460.0,-148.179,1.09369e-06,88.4215,-47.7409,91.5785,130.064,-1425.6,-569.555,-1531.93,-482.091
-1550.0,-460.0,-158.753,9.77258e-07,88.2499,39.9161,91.7501,117.862,-1429.33,-544.506,-1515.1,-430.8
-1548.0,-460.0,-159.158,9.8384e-07,88.278,30.9508,91.722,130.064,-1425.6,-569.555,-1490.61,-425.583
-1546.0,-460.0,-158.904,8.91653e-07,88.118,37.8108,91.882,96.8954,-1412.1,-499.96,-1508.21,-430.678
-1544.0,-460.0,-156.696,9.43084e-07,88.2378,43.4935,91.7622,129.985,-1425.61,-569.467,-1513.19,-430.766
-1542.0,-460.0,-154.029,9.38252e-07,88.2459,43.8976,91.7541,129.985,-1425.61,-569.467,-1511.59,-430.738
-1540.0,-460.0,-152.024,9.33454e-07,88.2542,44.3078,91.7458,129.985,-1425.61,-569.467,-1509.99,-430.71
-1538.0,-460.0,-150.526,9.28689e-07,88.2626,44.7241,91.7374,129.985,-1425.61,-569.467,-1508.4,-430.682
-1536.0,-460.0,-146.886,9.23459e-07,88.2828,46.1637,91.7172,129.101,-1425.63,-568.463,-1507.84,-430.672
-1534.0,-460.0,-122.5,9.18282e-07,88.3082,47.3445,91.6918,133.889,-1425.51,-573.479,-1506.96,-430.656
-1532.0,-460.0,-125.702,9.13759e-07,88.3352,47.6524,91.6648,133.581,-1425.52,-573.185,-1505.23,-430.626
-1530.0,-460.0,-127.997,9.09263e-07,88.3625,47.9633,91.6375,133.27,-1425.53,-572.884,-1503.49,-430.595
-1528.0,-460.0,-127.674,9.04794e-07,88.3901,48.2773,91.6099,132.956,-1425.53,-572.577,-1501.75,-430.564
-1526.0,-460.0,-125.014,9.00352e-07,88.418,48.5944,91.582,132.639,-1425.54,-572.263,-1500.02,-430.533
-1524.0,-460.0,-131.668,1.10883e-06,88.7446,67.1254,91.2554,111.868,-1470.22,-425.04,-1511.66,-430.739
-1522.0,-460.0,-130.669,1.10624e-06,88.7709,67.444,91.2291,111.549,-1469.1,-425.01,-1509.83,-430.707
-1520.0,-460.0,-129.962,1.10369e-06,88.7973,67.764,91.2027,111.229,-1467.99,-424.98,-1508.01,-430.675
-1518.0,-460.0,-129.777,1.10117e-06,88.8238,68.0855,91.1762,110.908,-1466.87,-424.951,-1506.19,-430.643
-1516.0,-460.0,-125.943,9.03048e-07,88.6015,52.4798,91.3985,129.985,-1425.61,-569.467,-1489.55,-425.555
-1514.0,-460.0,-129.824,1.09623e-06,88.8774,68.7328,91.1226,110.261,-1464.64,-424.891,-1502.55,-430.578
-1512.0,-460.0,-128.747,1.09383e-06,88.8659,69.0586,91.1341,109.935,-1463.52,-424.861,-1500.73,-430.546
-1510.0,-460.0,-126.894,1.09147e-06,88.8539,69.3859,91.1461,109.608,-1462.4,-424.832,-1498.91,-430.514
-1508.0,-460.0,-133.941,9.19877e-07,88.6401,-61.6292,91.3599,69.5502,-1396.34,-590.198,-1497.07,-480.238
-1506.0,-460.0,-133.011,9.16726e-07,88.6354,-62.0108,91.3646,69.5502,-1396.34,-590.198,-1495.29,-480.144
-1504.0,-460.0,-132.6,9.13615e-07,88.6307,-62.3952,91.3693,69.5502,-1396.34,-590.198,-1493.52,-480.05
-1502.0,-460.0,-132.33,9.10543e-07,88.6261,-62.7823,91.3739,69.5502,-1396.34,-590.198,-1491.74,-479.955
-1500.0,-460.0,-118.809,1.11033e-06,88.8734,72.5217,91.1266,107.498,-1455.28,-424.642,-1489.15,-425.544
-1498.0,-460.0,-118.472,1.10834e-06,88.8713,72.8509,91.1287,107.168,-1454.19,-424.613,-1487.35,-425.496
-1496.0,-460.0,-118.221,1.10639e-06,88.8693,73.1812,91.1307,106.838,-1453.09,-424.583,-1485.56,-425.448
-1494.0,-460.0,-118.043,1.10448e-06,88.8674,73.5126,91.1326,106.507,-1451.99,-424.554,-1483.76,-425.401
-1492.0,-460.0,-117.929,1.1026e-06,88.8655,73.8452,91.1345,106.174,-1450.89,-424.525,-1481.96,-425.353
-1490.0,-460.0,-117.297,8.84218e-07,88.5852,-66.6829,91.4148,110.284,-1464.72,-424.893,-1481.63,-479.418
-1488.0,-460.0,-116.278,8.81599e-07,88.581,-67.0813,91.419,109.886,-1463.35,-424.857,-1479.83,-479.322
-1486.0,-460.0,-115.511,8.79026e-07,88.5675,-67.4821,91.4325,109.485,-1461.98,-424.82,-1478.03,-479.226
-1484.0,-460.0,-114.931,8.765e-07,88.545,-67.8852,91.455,109.082,-1460.61,-424.784,-1476.23,-479.13
-1482.0,-460.0,-113.305,7.5249e-07,88.2837,71.216,91.7163,111.836,-1470.11,-425.037,-1470.11,-425.037
-1480.0,-460.0,-112.368,7.50378e-07,88.2573,71.6986,91.7427,111.354,-1468.42,-424.992,-1468.42,-424.992
-1478.0,-460.0,-111.704,7.48318e-07,88.2309,72.184,91.7691,110.868,-1466.73,-424.947,-1466.73,-424.947
-1476.0,-460.0,-111.228,7.46313e-07,88.2045,72.672,91.7955,110.38,-1465.05,-424.902,-1465.05,-424.902
-1474.0,-460.0,-110.884,7.44363e-07,88.1781,73.1626,91.8219,109.89,-1463.36,-424.857,-1463.36,-424.857
-1472.0,-460.0,-110.634,7.42467e-07,88.1517,73.6558,91.8483,109.396,-1461.68,-424.812,-1461.68,-424.812
-1470.0,-460.0,-110.456,7.40627e-07,88.1253,74.1515,91.8747,108.901,-1460.0,-424.768,-1460.0,-424.768
-1468.0,-460.0,-110.332,7.38843e-07,88.0989,74.6496,91.9011,108.403,-1458.32,-424.723,-1458.32,-424.723
-1466.0,-460.0,-110.252,7.37113e-07,88.0765,75.1501,91.9235,107.902,-1456.63,-424.678,-1456.63,-424.678
-1464.0,-460.0,-109.846,6.15712e-07,87.697,-48.4009,92.303,130.807,-1425.59,-570.366,-1397.64,-534.745
-1462.0,-460.0,-109.244,6.11305e-07,87.6804,-48.8691,92.3196,130.338,-1425.6,-569.858,-1397.67,-533.658
-1460.0,-460.0,-110.223,7.32241e-07,88.0637,76.6653,91.9363,106.387,-1451.6,-424.544,-1451.6,-424.544
-1458.0,-460.0,-110.277,7.30731e-07,88.0597,77.1748,91.9403,105.877,-1449.92,-424.499,-1449.92,-424.499
-1456.0,-460.0,-104.992,5.03734e-07,87.1847,-68.1986,92.8153,111.801,-1456.0,-460.0,-1400.0,-600.0
-1454.0,-460.0,-104.95,5.01297e-07,87.171,-68.9077,92.829,111.092,-1454.0,-460.0,-1400.0,-600.0
-1452.0,-460.0,-104.909,4.98937e-07,87.1576,-69.6236,92.8424,110.376,-1452.0,-460.0,-1400.0,-600.0
-1450.0,-460.0,-104.869,4.96656e-07,87.1445,-70.3462,92.8555,109.654,-1450.0,-460.0,-1400.0,-600.0
-1448.0,-460.0,-104.83,4.94454e-07,87.1318,-71.0754,92.8682,108.925,-1448.0,-460.0,-1400.0,-600.0
-1446.0,-460.0,-104.793,4.92333e-07,87.1194,-71.811,92.8806,108.189,-1446.0,-460.0,-1400.0,-600.0
-1444.0,-460.0,-104.756,4.90293e-07,87.1074,-72.5528,92.8926,107.447,-1444.0,-460.0,-1400.0,-600.0
-1442.0,-460.0,-104.722,4.88337e-07,87.0958,-73.3008,92.9042,106.699,-1442.0,-460.0,-1400.0,-600.0
-1440.0,-460.0,-104.688,4.86463e-07,87.0846,-74.0546,92.9154,105.945,-1440.0,-460.0,-1400.0,-600.0
-1438.0,-460.0,-104.656,4.84687e-07,87.0466,-74.8142,92.9534,105.186,-1438.0,-460.0,-1400.0,-600.0
-1436.0,-460.0,-104.626,4.82999e-07,87.0028,-75.5792,92.9972,104.421,-1436.0,-460.0,-1400.0,-600.0
-1434.0,-460.0,-104.597,4.81397e-07,86.9593,-76.3496,93.0407,103.65,-1434.0,-460.0,-1400.0,-600.0
-1432.0,-460.0,-104.57,4.79883e-07,86.916,-77.125,93.084,102.875,-1432.0,-460.0,-1400.0,-600.0
-1430.0,-460.0,-104.544,4.78458e-07,86.873,-77.9052,93.127,102.095,-1430.0,-460.0,-1400.0,-600.0
-1428.0,-460.0,-104.519,4.77122e-07,86.8303,-78.6901,93.1697,101.31,-1428.0,-460.0,-1400.0,-600.0
-1426.0,-460.0,-104.497,4.75876e-07,86.788,-79.4792,93.212,100.521,-1426.0,-460.0,-1400.0,-600.0
-1424.0,-460.0,-116.12,5.96229e-07,87.4098,-81.7723,92.5902,-93.4011,-1401.09,-618.412,-1401.09,-618.412
-1422.0,-460.0,-140.076,4.88703e-07,86.8063,-96.6991,93.1937,111.97,-1429.78,-526.194,-1429.78,-526.194
-1420.0,-460.0,0.0,0.0,0.0,0.0,0.0,0.0,0.0,0.0,0.0,0.0
-1418.0,-460.0,0.0,0.0,0.0,0.0,0.0,0.0,0.0,0.0,0.0,0.0
-1416.0,-460.0,0.0,0.0,0.0,0.0,0.0,0.0,0.0,0.0,0.0,0.0
-1414.0,-460.0,0.0,0.0,0.0,0.0,0.0,0.0,0.0,0.0,0.0,0.0
-1412.0,-460.0,0.0,0.0,0.0,0.0,0.0,0.0,0.0,0.0,0.0,0.0
-1410.0,-460.0,-166.39,1.76759e-06,89.0626,-10.1344,90.9374,33.5575,-1384.69,-589.841,-1163.95,-503.98
-1408.0,-460.0,-163.735,9.21674e-07,88.1845,121.075,91.8155,-101.002,-1403.6,-618.518,-1429.72,-423.961
-1406.0,-460.0,-156.239,8.07633e-07,87.9081,121.68,92.0919,111.97,-1429.78,-526.194,-1428.26,-423.922
-1404.0,-460.0,-159.113,8.11175e-07,87.8973,122.277,92.1027,111.97,-1429.78,-526.194,-1426.81,-423.883
-1402.0,-460.0,-163.711,8.14776e-07,87.8868,122.866,92.1132,111.97,-1429.78,-526.194,-1425.36,-423.845
-1400.0,-460.0,-165.939,1.73479e-06,88.9983,-10.5059,91.0017,33.5575,-1384.69,-589.841,-1163.97,-503.771
-1398.0,-460.0,-165.848,1.72823e-06,88.9852,-10.5834,91.0148,33.5575,-1384.69,-589.841,-1163.97,-503.727
-1396.0,-460.0,-164.439,8.25917e-07,87.8566,124.587,92.1434,111.97,-1429.78,-526.194,-1421.01,-423.729
-1394.0,-460.0,-165.666,1.71513e-06,88.9647,-10.742,91.0353,33.5575,-1384.69,-589.841,-1163.98,-503.637
-1392.0,-460.0,-165.575,1.70857e-06,88.9594,-10.823,91.0406,33.5575,-1384.69,-589.841,-1163.98,-503.592
-1390.0,-460.0,-165.483,1.70202e-06,88.946,-10.9053,91.054,33.5575,-1384.69,-589.841,-1163.99,-503.545
-1388.0,-460.0,-165.391,1.69548e-06,88.9324,-10.9888,91.0676,33.5575,-1384.69,-589.841,-1163.99,-503.498
-1386.0,-460.0,-165.299,1.68893e-06,88.9187,-11.0736,91.0813,33.5575,-1384.69,-589.841,-1163.99,-503.45
-1384.0,-460.0,-165.207,1.68239e-06,88.9049,-11.1597,91.0951,33.5575,-1384.69,-589.841,-1164.0,-503.401
-1382.0,-460.0,-165.115,1.67585e-06,88.8909,-11.2471,91.1091,33.5575,-1384.69,-589.841,-1164.0,-503.351
-1380.0,-460.0,-165.022,1.66932e-06,88.8769,-11.3359,91.1231,33.5575,-1384.69,-589.841,-1164.0,-503.301
-1378.0,-460.0,-164.93,1.66278e-06,88.8628,-11.426,91.1372,33.5575,-1384.69,-589.841,-1164.01,-503.25
-1376.0,-460.0,-164.838,1.65625e-06,88.8486,-11.5177,91.1514,33.5575,-1384.69,-589.841,-1164.01,-503.198
-1374.0,-460.0,-164.746,1.64972e-06,88.8342,-11.6107,91.1658,33.5575,-1384.69,-589.841,-1164.02,-503.145
-1372.0,-460.0,-164.654,1.64319e-06,88.8198,-11.7053,91.1802,33.5575,-1384.69,-589.841,-1164.02,-503.091
-1370.0,-460.0,-164.562,1.63667e-06,88.7973,-11.8014,91.2027,33.5575,-1384.69,-589.841,-1164.02,-503.036
-1368.0,-460.0,-164.47,1.63015e-06,88.7756,-11.899,91.2244,33.5575,-1384.69,-589.841,-1164.03,-502.98
-1366.0,-460.0,-164.378,1.62362e-06,88.7607,-11.9983,91.2393,33.5575,-1384.69,-589.841,-1164.03,-502.923
-1364.0,-460.0,-166.83,1.52336e-06,88.6685,-66.4485,91.3315,-14.6085,-1339.34,-615.81,-1329.2,-539.827
-1362.0,-460.0,-166.575,1.89345e-06,88.9203,-23.2579,91.0797,-14.6085,-1339.34,-615.81,-1255.0,-505.988
-1360.0,-460.0,-166.142,1.88733e-06,88.9082,-23.4886,91.0918,-14.6085,-1339.34,-615.81,-1255.01,-505.628
-1358.0,-460.0,-165.788,1.88122e-06,88.8961,-23.7236,91.1039,-14.6085,-1339.34,-615.81,-1255.01,-505.26
-1356.0,-460.0,-165.503,1.87512e-06,88.8839,-23.963,91.1161,-14.6085,-1339.34,-615.81,-1255.01,-504.884
-1354.0,-460.0,-163.526,9.43042e-07,87.7632,143.128,92.2368,89.6826,-1399.57,-523.105,-1392.03,-431.472
-1352.0,-460.0,-163.507,1.07566e-06,88.0241,-30.658,91.9759,-35.9954,-1376.1,-617.359,-1254.87,-517.573
-1350.0,-460.0,-164.856,9.53779e-07,87.7545,143.787,92.2455,89.6826,-1399.57,-523.105,-1389.01,-431.435
-1348.0,-460.0,-164.843,9.93955e-07,87.8291,-31.6872,92.1709,-43.3117,-1381.35,-617.58,-1254.88,-517.486
-1346.0,-460.0,-162.887,9.8831e-07,87.7848,-31.9707,92.2152,-43.3117,-1381.35,-617.58,-1254.88,-516.872
-1344.0,-460.0,-161.12,9.82679e-07,87.7465,-32.2589,92.2535,-43.3117,-1381.35,-617.58,-1254.89,-516.244
-1342.0,-460.0,-167.63,1.50264e-06,88.5157,-80.8938,91.4843,-14.6085,-1339.34,-615.81,-1329.2,-539.827
-1340.0,-460.0,-169.137,1.33033e-06,88.3113,168.472,91.6887,130.064,-1425.6,-569.555,-1498.91,-427.589
-1338.0,-460.0,-169.282,1.33688e-06,88.3075,168.605,91.6925,130.064,-1425.6,-569.555,-1498.91,-427.569
-1336.0,-460.0,-169.428,1.34343e-06,88.3037,168.734,91.6963,130.064,-1425.6,-569.555,-1498.91,-427.549
-1334.0,-460.0,-169.574,1.34998e-06,88.3,168.861,91.7,130.064,-1425.6,-569.555,-1498.91,-427.53
-1332.0,-460.0,-169.721,1.35653e-06,88.2963,168.985,91.7037,130.064,-1425.6,-569.555,-1498.91,-427.511
-1330.0,-460.0,0.0,0.0,0.0,0.0,0.0,0.0,0.0,0.0,0.0,0.0
-1328.0,-460.0,0.0,0.0,0.0,0.0,0.0,0.0,0.0,0.0,0.0,0.0
-1326.0,-460.0,0.0,0.0,0.0,0.0,0.0,0.0,0.0,0.0,0.0,0.0
-1324.0,-460.0,0.0,0.0,0.0,0.0,0.0,0.0,0.0,0.0,0.0,0.0
-1322.0,-460.0,0.0,0.0,0.0,0.0,0.0,0.0,0.0,0.0,0.0,0.0
-1320.0,-460.0,0.0,0.0,0.0,0.0,0.0,0.0,0.0,0.0,0.0,0.0
-1318.0,-460.0,0.0,0.0,0.0,0.0,0.0,0.0,0.0,0.0,0.0,0.0
-1316.0,-460.0,0.0,0.0,0.0,0.0,0.0,0.0,0.0,0.0,0.0,0.0
-1314.0,-460.0,0.0,0.0,0.0,0.0,0.0,0.0,0.0,0.0,0.0,0.0
-1312.0,-460.0,0.0,0.0,0.0,0.0,0.0,0.0,0.0,0.0,0.0,0.0
-1310.0,-460.0,-152.703,8.89961e-07,87.3319,-37.9584,92.6681,-43.3117,-1381.35,-617.58,-1255.04,-502.879
-1308.0,-460.0,-153.273,8.84719e-07,87.3161,-38.3475,92.6839,-43.3117,-1381.35,-617.58,-1255.05,-501.892
-1306.0,-460.0,-155.061,9.00725e-07,87.3638,-140.767,92.6362,-43.3117,-1381.35,-617.58,-1310.04,-463.295
-1304.0,-460.0,-154.802,9.05903e-07,87.3789,-141.154,92.6211,-43.3117,-1381.35,-617.58,-1310.01,-464.838
-1302.0,-460.0,-154.771,9.11109e-07,87.3939,-141.534,92.6061,-43.3117,-1381.35,-617.58,-1309.98,-466.339
-1300.0,-460.0,-125.83,1.37218e-06,88.2699,49.6196,91.7301,-43.3117,-1381.35,-617.58,-1245.49,-395.903
-1298.0,-460.0,-125.905,1.36787e-06,88.2644,49.8611,91.7356,-43.396,-1381.4,-617.583,-1243.88,-395.821
-1296.0,-460.0,-130.121,1.36358e-06,88.25,50.1154,91.75,-43.396,-1381.4,-617.583,-1242.3,-395.74
-1294.0,-460.0,-134.047,1.35933e-06,88.2327,50.3716,91.7673,-43.396,-1381.4,-617.583,-1240.72,-395.658
-1292.0,-460.0,-137.683,1.35509e-06,88.2152,50.6297,91.7848,-43.396,-1381.4,-617.583,-1239.14,-395.577
-1290.0,-460.0,-141.154,1.35088e-06,88.1977,50.8898,91.8023,-43.396,-1381.4,-617.583,-1237.56,-395.496
-1288.0,-460.0,-144.746,1.3467e-06,88.1801,51.1517,91.8199,-43.396,-1381.4,-617.583,-1235.98,-395.415
-1286.0,-460.0,-148.371,1.34253e-06,88.1624,51.4156,91.8376,-43.396,-1381.4,-617.583,-1234.41,-395.334
-1284.0,-460.0,-151.377,1.33839e-06,88.1447,51.6815,91.8553,-43.396,-1381.4,-617.583,-1232.83,-395.253
-1282.0,-460.0,-153.033,1.33428e-06,88.1268,51.9493,91.8732,-43.396,-1381.4,-617.583,-1231.26,-395.173
-1280.0,-460.0,-154.025,1.33019e-06,88.1089,52.2191,91.8911,-43.396,-1381.4,-617.583,-1229.69,-395.092
-1278.0,-460.0,-155.101,1.32613e-06,88.091,52.4909,91.909,-43.396,-1381.4,-617.583,-1228.12,-395.011
-1276.0,-460.0,-150.244,7.74707e-07,83.7677,-121.736,81.4962,56.742,-1393.51,-590.111,-1373.25,-617.239
-1274.0,-460.0,-150.161,7.78278e-07,83.7438,-122.157,81.5382,56.3238,-1393.41,-590.108,-1372.84,-617.222
-1272.0,-460.0,-150.182,7.81863e-07,83.7438,-122.574,81.5804,55.9082,-1393.3,-590.105,-1372.44,-617.205
-1270.0,-460.0,-150.318,7.85485e-07,83.7464,-122.987,81.6227,55.4963,-1393.2,-590.102,-1372.03,-617.187
-1268.0,-460.0,-145.255,7.36237e-07,86.4171,-123.124,93.5829,-43.3117,-1381.35,-617.58,-1342.6,-574.333
-1266.0,-460.0,-144.63,7.39929e-07,86.4132,-123.821,93.5868,-43.3117,-1381.35,-617.58,-1342.6,-574.333
-1264.0,-460.0,-143.97,7.43686e-07,86.4096,-124.507,93.5904,-43.3117,-1381.35,-617.58,-1342.6,-574.333
-1262.0,-460.0,-143.261,7.4751e-07,86.4063,-125.182,93.5937,-43.3117,-1381.35,-617.58,-1342.6,-574.333
-1260.0,-460.0,-142.488,7.51396e-07,86.4034,-125.846,93.5966,-43.3117,-1381.35,-617.58,-1342.6,-574.333
-1258.0,-460.0,-140.779,7.55067e-07,86.3995,-127.185,93.6005,-43.396,-1381.4,-617.583,-1355.83,-588.959
-1256.0,-460.0,-139.62,7.59136e-07,86.3975,-127.745,93.6025,-43.396,-1381.4,-617.583,-1355.83,-588.959
-1254.0,-460.0,-138.311,7.63256e-07,86.3958,-128.296,93.6042,-43.396,-1381.4,-617.583,-1355.83,-588.959
-1252.0,-460.0,-136.807,7.67406e-07,86.4182,-128.84,93.5818,-43.396,-1381.4,-617.583,-1355.83,-588.959
-1250.0,-460.0,-135.035,7.7159e-07,86.4586,-129.375,93.5414,-43.396,-1381.4,-617.583,-1355.83,-588.959
-1248.0,-460.0,-132.879,7.75822e-07,86.4988,-129.902,93.5012,-43.396,-1381.4,-617.583,-1355.83,-588.959
-1246.0,-460.0,-130.126,7.80101e-07,86.5387,-130.421,93.4613,-43.396,-1381.4,-617.583,-1355.83,-588.959
-1244.0,-460.0,-126.393,7.84426e-07,86.5785,-130.932,93.4215,-43.396,-1381.4,-617.583,-1355.83,-588.959
-1242.0,-460.0,-120.944,7.88796e-07,86.6179,-131.435,93.3821,-43.396,-1381.4,-617.583,-1355.83,-588.959
-1240.0,-460.0,-116.937,7.93209e-07,86.6572,-131.904,93.3428,-43.3117,-1381.35,-617.58,-1342.6,-574.333
-1238.0,-460.0,-124.536,7.97666e-07,86.6961,-132.455,93.3039,-43.3117,-1381.35,-617.58,-1342.6,-574.333
-1236.0,-460.0,-129.545,8.0217e-07,86.7348,-132.996,93.2652,-43.3117,-1381.35,-617.58,-1342.6,-574.333
-1234.0,-460.0,-132.917,8.06721e-07,86.7733,-133.527,93.2267,-43.3117,-1381.35,-617.58,-1342.6,-574.333
-1232.0,-460.0,-135.387,8.11319e-07,86.8071,-134.049,93.1929,-43.3117,-1381.35,-617.58,-1342.6,-574.333
-1230.0,-460.0,-137.324,8.15973e-07,86.8253,-134.563,93.1747,-43.3117,-1381.35,-617.58,-1342.6,-574.333
-1228.0,-460.0,-138.908,8.20648e-07,86.8719,-135.067,93.1281,-43.3117,-1381.35,-617.58,-1342.6,-574.333
-1226.0,-460.0,-140.239,8.25352e-07,86.9333,-135.563,93.0667,-43.3117,-1381.35,-617.58,-1342.6,-574.333
-1224.0,-460.0,-141.382,8.30085e-07,87.0092,-136.05,92.9908,-43.3117,-1381.35,-617.58,-1342.6,-574.333
-1222.0,-460.0,-130.327,9.02454e-07,87.3029,-138.834,92.6971,-35.9954,-1376.1,-617.359,-1356.19,-577.331
-1220.0,-460.0,-132.485,9.07448e-07,87.3712,-139.216,92.6288,-35.9954,-1376.1,-617.359,-1356.18,-577.482
-1218.0,-460.0,-134.412,9.12471e-07,87.4388,-139.592,92.5612,-35.9954,-1376.1,-617.359,-1356.18,-577.63
-1216.0,-460.0,-136.004,9.17525e-07,87.5058,-139.963,92.4942,-35.9954,-1376.1,-617.359,-1356.17,-577.773
-1214.0,-460.0,-137.379,9.22607e-07,87.572,-140.328,92.428,-35.9954,-1376.1,-617.359,-1356.17,-577.913
-1212.0,-460.0,-138.594,9.27717e-07,87.6377,-140.687,92.3623,-35.9954,-1376.1,-617.359,-1356.16,-578.05
-1210.0,-460.0,0.0,0.0,0.0,0.0,0.0,0.0,0.0,0.0,0.0,0.0
-1208.0,-460.0,0.0,0.0,0.0,0.0,0.0,0.0,0.0,0.0,0.0,0.0
-1206.0,-460.0,0.0,0.0,0.0,0.0,0.0,0.0,0.0,0.0,0.0,0.0
-1204.0,-460.0,0.0,0.0,0.0,0.0,0.0,0.0,0.0,0.0,0.0,0.0
-1202.0,-460.0,0.0,0.0,0.0,0.0,0.0,0.0,0.0,0.0,0.0,0.0
-1600.0,-458.0,-156.75,1.26303e-06,88.5107,44.0928,91.4893,130.461,-1425.59,-569.992,-1529.8,-389.988
-1598.0,-458.0,-161.856,1.03369e-06,88.1646,28.5926,91.8354,96.8954,-1412.1,-499.96,-1549.2,-431.403
-1596.0,-458.0,-161.626,1.02785e-06,88.1385,28.8574,91.8615,96.8954,-1412.1,-499.96,-1547.69,-431.376
-1594.0,-458.0,-161.431,1.02203e-06,88.112,29.1267,91.888,96.8954,-1412.1,-499.96,-1546.17,-431.35
-1592.0,-458.0,-161.267,1.01622e-06,88.0854,29.4006,91.9146,96.8954,-1412.1,-499.96,-1544.66,-431.323
-1590.0,-458.0,-161.13,1.01042e-06,88.0584,29.6793,91.9416,96.8954,-1412.1,-499.96,-1543.14,-431.296
-1588.0,-458.0,-161.019,1.00465e-06,88.0311,29.9628,91.9689,96.8954,-1412.1,-499.96,-1541.63,-431.269
-1586.0,-458.0,-160.935,9.98887e-07,88.0036,30.2512,91.9964,96.8954,-1412.1,-499.96,-1540.12,-431.243
-1584.0,-458.0,-160.88,9.93144e-07,87.9758,30.5447,92.0242,96.8954,-1412.1,-499.96,-1538.61,-431.216
-1582.0,-458.0,-160.858,9.87406e-07,87.9689,30.8434,92.0311,96.8954,-1412.1,-499.96,-1537.1,-431.189
-1580.0,-458.0,-160.875,9.8168e-07,87.9735,31.1475,92.0265,96.8954,-1412.1,-499.96,-1535.59,-431.163
-1578.0,-458.0,-160.94,9.75971e-07,87.9782,31.4569,92.0218,96.8954,-1412.1,-499.96,-1534.09,-431.136
-1576.0,-458.0,-161.066,9.70282e-07,87.983,31.7719,92.017,96.8954,-1412.1,-499.96,-1532.58,-431.109
-1574.0,-458.0,-161.273,9.64612e-07,87.9878,32.0926,92.0122,96.8954,-1412.1,-499.96,-1531.08,-431.083
-1572.0,-458.0,-161.581,9.58962e-07,87.9928,32.4191,92.0072,96.8954,-1412.1,-499.96,-1529.57,-431.056
-1570.0,-458.0,-161.832,9.59476e-07,88.0107,29.694,91.9893,99.908,-1420.16,-484.607,-1522.53,-430.932
-1568.0,-458.0,-162.05,9.53682e-07,88.0156,30.0309,91.9844,99.908,-1420.16,-484.607,-1521.13,-430.907
-1566.0,-458.0,-162.248,9.47908e-07,88.0205,30.3748,91.9795,99.908,-1420.16,-484.607,-1519.73,-430.882
-1564.0,-458.0,-162.294,9.42155e-07,88.0256,30.7259,91.9744,99.908,-1420.16,-484.607,-1518.33,-430.857
-1562.0,-458.0,-162.084,9.36423e-07,88.0307,31.0843,91.9693,99.908,-1420.16,-484.607,-1516.94,-430.833
-1560.0,-458.0,-158.223,9.99057e-07,88.1886,37.9895,91.8114,117.862,-1429.33,-544.506,-1525.41,-430.982
-1558.0,-458.0,-158.006,9.93799e-07,88.2016,38.2898,91.7984,117.862,-1429.33,-544.506,-1523.74,-430.953
-1556.0,-458.0,-157.88,9.88565e-07,88.2084,38.594,91.7916,117.862,-1429.33,-544.506,-1522.07,-430.923
-1554.0,-458.0,-157.849,9.83355e-07,88.2153,38.9024,91.7847,117.862,-1429.33,-544.506,-1520.41,-430.894
-1552.0,-458.0,-157.928,9.78166e-07,88.2223,39.215,91.7777,117.862,-1429.33,-544.506,-1518.75,-430.865
-1550.0,-458.0,-158.144,9.73001e-07,88.2295,39.5318,91.7705,117.862,-1429.33,-544.506,-1517.08,-430.835
-1548.0,-458.0,-158.542,9.6786e-07,88.2368,39.8529,91.7632,117.862,-1429.33,-544.506,-1515.42,-430.806
-1546.0,-458.0,-159.198,9.62743e-07,88.2442,40.1783,91.7558,117.862,-1429.33,-544.506,-1513.76,-430.776
-1544.0,-458.0,-158.751,9.68961e-07,88.2721,31.2645,91.7279,130.064,-1425.6,-569.555,-1490.61,-425.583
-1542.0,-458.0,-156.746,9.33652e-07,88.224,43.4715,91.776,129.985,-1425.61,-569.467,-1513.27,-430.768
-1540.0,-458.0,-154.014,9.28819e-07,88.2321,43.8814,91.7679,129.985,-1425.61,-569.467,-1511.65,-430.739
-1538.0,-458.0,-151.958,9.24019e-07,88.2404,44.2975,91.7596,129.985,-1425.61,-569.467,-1510.03,-430.711
-1536.0,-458.0,-150.429,9.19248e-07,88.2614,44.72,91.7386,129.985,-1425.61,-569.467,-1508.41,-430.682
-1534.0,-458.0,-146.776,9.14017e-07,88.2868,46.1778,91.7132,129.101,-1425.63,-568.463,-1507.77,-430.671
-1532.0,-458.0,-122.655,9.08846e-07,88.3126,47.3689,91.6874,133.865,-1425.51,-573.456,-1506.83,-430.654
-1530.0,-458.0,-125.89,9.04326e-07,88.3399,47.6801,91.6601,133.554,-1425.52,-573.158,-1505.07,-430.623
-1528.0,-458.0,-128.008,8.99832e-07,88.3674,47.9944,91.6326,133.239,-1425.53,-572.854,-1503.32,-430.592
-1526.0,-458.0,-127.383,8.95365e-07,88.3954,48.3119,91.6046,132.922,-1425.53,-572.543,-1501.56,-430.561
-1524.0,-458.0,-124.55,8.90927e-07,88.4236,48.6325,91.5764,132.601,-1425.54,-572.225,-1499.81,-430.53
-1522.0,-458.0,-131.024,1.10009e-06,88.7527,67.3106,91.2473,111.683,-1469.57,-425.023,-1510.59,-430.72
-1520.0,-458.0,-130.137,1.09752e-06,88.7792,67.6321,91.2208,111.361,-1468.45,-424.993,-1508.76,-430.688
-1518.0,-458.0,-129.734,1.09498e-06,88.8059,67.9551,91.1941,111.038,-1467.32,-424.963,-1506.93,-430.656
-1516.0,-458.0,-127.104,8.97776e-07,88.5795,51.9297,91.4205,130.064,-1425.6,-569.555,-1490.61,-425.583
-1514.0,-458.0,-127.16,8.93686e-07,88.6091,52.5958,91.3909,129.985,-1425.61,-569.467,-1489.18,-425.545
-1512.0,-458.0,-129.234,1.08761e-06,88.8498,68.9329,91.1502,110.06,-1463.95,-424.873,-1501.43,-430.558
-1510.0,-458.0,-127.587,1.08523e-06,88.8473,69.2618,91.1527,109.732,-1462.82,-424.843,-1499.6,-430.526
-1508.0,-458.0,-133.473,9.25752e-07,88.6487,-61.8332,91.3513,69.5502,-1396.34,-590.198,-1496.12,-480.188
-1506.0,-458.0,-132.795,9.22623e-07,88.6441,-62.213,91.3559,69.5502,-1396.34,-590.198,-1494.36,-480.094
-1504.0,-458.0,-132.485,9.19532e-07,88.6395,-62.5955,91.3605,69.5502,-1396.34,-590.198,-1492.59,-480.0
-1502.0,-458.0,-132.242,9.16481e-07,88.635,-62.9807,91.365,69.5502,-1396.34,-590.198,-1490.83,-479.907
-1500.0,-458.0,-118.882,1.10396e-06,88.8669,72.4177,91.1331,107.602,-1455.63,-424.651,-1489.72,-425.559
-1498.0,-458.0,-118.512,1.10197e-06,88.8648,72.7485,91.1352,107.271,-1454.53,-424.622,-1487.91,-425.511
-1496.0,-458.0,-118.234,1.10001e-06,88.8628,73.0806,91.1372,106.939,-1453.42,-424.592,-1486.1,-425.463
-1494.0,-458.0,-118.034,1.09808e-06,88.8608,73.4138,91.1392,106.606,-1452.32,-424.563,-1484.29,-425.415
-1492.0,-458.0,-117.901,1.0962e-06,88.8588,73.7481,91.1412,106.271,-1451.21,-424.534,-1482.49,-425.367
-1490.0,-458.0,-116.895,8.90349e-07,88.5949,-66.8529,91.4051,110.114,-1464.13,-424.878,-1480.86,-479.377
-1488.0,-458.0,-116.0,8.87749e-07,88.5859,-67.2491,91.4141,109.718,-1462.78,-424.842,-1479.08,-479.282
-1486.0,-458.0,-115.323,8.85198e-07,88.5635,-67.6476,91.4365,109.32,-1461.42,-424.805,-1477.29,-479.187
-1484.0,-458.0,-114.811,8.82689e-07,88.5412,-68.0483,91.4588,108.919,-1460.06,-424.769,-1475.5,-479.092
-1482.0,-458.0,-114.423,8.80224e-07,88.5187,-68.4514,91.4813,108.516,-1458.7,-424.733,-1473.71,-478.997
-1480.0,-458.0,-112.57,7.44054e-07,88.2259,71.5372,91.7741,111.515,-1468.98,-425.007,-1468.98,-425.007
-1478.0,-458.0,-111.818,7.41978e-07,88.1991,72.0262,91.8009,111.026,-1467.28,-424.962,-1467.28,-424.962
-1476.0,-458.0,-111.282,7.39956e-07,88.1724,72.518,91.8276,110.534,-1465.58,-424.916,-1465.58,-424.916
-1474.0,-458.0,-110.898,7.37988e-07,88.1456,73.0125,91.8544,110.04,-1463.88,-424.871,-1463.88,-424.871
-1472.0,-458.0,-110.62,7.36076e-07,88.1189,73.5095,91.8811,109.543,-1462.18,-424.826,-1462.18,-424.826
-1470.0,-458.0,-110.42,7.3422e-07,88.0921,74.0092,91.9079,109.043,-1460.48,-424.78,-1460.48,-424.78
-1468.0,-458.0,-110.281,7.32421e-07,88.0654,74.5113,91.9346,108.541,-1458.78,-424.735,-1458.78,-424.735
-1466.0,-458.0,-110.058,6.25134e-07,87.712,-48.3496,92.288,130.858,-1425.58,-570.421,-1397.64,-534.863
-1464.0,-458.0,-109.43,6.20723e-07,87.6957,-48.8102,92.3043,130.397,-1425.6,-569.922,-1397.67,-533.796
-1462.0,-458.0,-110.117,7.27341e-07,88.0336,76.0322,91.9664,107.02,-1453.69,-424.6,-1453.69,-424.6
-1460.0,-458.0,-110.132,7.2576e-07,88.0293,76.5438,91.9707,106.508,-1452.0,-424.554,-1452.0,-424.554
-1458.0,-458.0,-110.18,7.24237e-07,88.0252,77.0575,91.9748,105.995,-1450.3,-424.509,-1450.3,-424.509
-1456.0,-458.0,-105.099,5.09939e-07,87.1947,-68.4774,92.8053,111.523,-1456.0,-458.0,-1400.0,-600.0
-1454.0,-458.0,-105.057,5.07532e-07,87.1814,-69.1791,92.8186,110.821,-1454.0,-458.0,-1400.0,-600.0
-1452.0,-458.0,-105.017,5.05201e-07,87.1684,-69.8874,92.8316,110.113,-1452.0,-458.0,-1400.0,-600.0
-1450.0,-458.0,-104.978,5.02948e-07,87.1557,-70.6022,92.8443,109.398,-1450.0,-458.0,-1400.0,-600.0
-1448.0,-458.0,-104.941,5.00774e-07,87.1433,-71.3233,92.8567,108.677,-1448.0,-458.0,-1400.0,-600.0
-1446.0,-458.0,-104.904,4.9868e-07,87.1313,-72.0506,92.8687,107.949,-1446.0,-458.0,-1400.0,-600.0
-1444.0,-458.0,-104.869,4.96667e-07,87.1197,-72.7839,92.8803,107.216,-1444.0,-458.0,-1400.0,-600.0
-1442.0,-458.0,-104.835,4.94735e-07,87.1084,-73.5231,92.8916,106.477,-1442.0,-458.0,-1400.0,-600.0
-1440.0,-458.0,-104.803,4.92895e-07,87.0784,-74.268,92.9216,105.732,-1440.0,-458.0,-1400.0,-600.0
-1438.0,-458.0,-104.772,4.91144e-07,87.0351,-75.0184,92.9649,104.982,-1438.0,-458.0,-1400.0,-600.0
-1436.0,-458.0,-104.742,4.89478e-07,86.9919,-75.774,93.0081,104.226,-1436.0,-458.0,-1400.0,-600.0
-1434.0,-458.0,-104.714,4.87898e-07,86.9491,-76.5348,93.0509,103.465,-1434.0,-458.0,-1400.0,-600.0
-1432.0,-458.0,-104.687,4.86405e-07,86.9064,-77.3004,93.0936,102.7,-1432.0,-458.0,-1400.0,-600.0
-1430.0,-458.0,-104.662,4.84999e-07,86.8641,-78.0707,93.1359,101.929,-1430.0,-458.0,-1400.0,-600.0
-1428.0,-458.0,-104.638,4.83681e-07,86.8222,-78.8453,93.1778,101.155,-1428.0,-458.0,-1400.0,-600.0
-1426.0,-458.0,-104.616,4.82453e-07,86.7805,-79.6242,93.2195,100.376,-1426.0,-458.0,-1400.0,-600.0
-1424.0,-458.0,-116.329,6.02847e-07,87.3972,-81.8632,92.6028,-93.3102,-1401.06,-618.411,-1401.06,-618.411
-1422.0,-458.0,-140.34,4.95346e-07,86.7991,-96.5044,93.2009,111.97,-1429.78,-526.194,-1429.78,-526.194
-1420.0,-458.0,0.0,0.0,0.0,0.0,0.0,0.0,0.0,0.0,0.0,0.0
-1418.0,-458.0,0.0,0.0,0.0,0.0,0.0,0.0,0.0,0.0,0.0,0.0
-1416.0,-458.0,0.0,0.0,0.0,0.0,0.0,0.0,0.0,0.0,0.0,0.0
-1414.0,-458.0,0.0,0.0,0.0,0.0,0.0,0.0,0.0,0.0,0.0,0.0
-1412.0,-458.0,0.0,0.0,0.0,0.0,0.0,0.0,0.0,0.0,0.0,0.0
-1410.0,-458.0,-166.171,1.76879e-06,89.0493,-10.535,90.9507,33.5575,-1384.69,-589.841,-1163.97,-503.754
-1408.0,-458.0,-155.325,7.98465e-07,87.8733,121.446,92.1267,111.97,-1429.78,-526.194,-1428.83,-423.937
-1406.0,-458.0,-157.778,8.01985e-07,87.8625,122.055,92.1375,111.97,-1429.78,-526.194,-1427.35,-423.898
-1404.0,-458.0,-161.736,8.05565e-07,87.8519,122.655,92.1481,111.97,-1429.78,-526.194,-1425.88,-423.859
-1402.0,-458.0,-165.777,1.12778e-06,88.4515,163.034,91.5485,130.064,-1425.6,-569.555,-1498.9,-428.44
-1400.0,-458.0,-165.73,1.73604e-06,88.9848,-10.9205,91.0152,33.5575,-1384.69,-589.841,-1163.99,-503.536
-1398.0,-458.0,-165.641,1.72949e-06,88.9716,-11.0009,91.0284,33.5575,-1384.69,-589.841,-1163.99,-503.491
-1396.0,-458.0,-165.552,1.72295e-06,88.9584,-11.0826,91.0416,33.5575,-1384.69,-589.841,-1163.99,-503.445
-1394.0,-458.0,-165.463,1.7164e-06,88.951,-11.1654,91.049,33.5575,-1384.69,-589.841,-1164.0,-503.398
-1392.0,-458.0,-165.374,1.70986e-06,88.9385,-11.2495,91.0615,33.5575,-1384.69,-589.841,-1164.0,-503.35
-1390.0,-458.0,-165.285,1.70332e-06,88.925,-11.3349,91.075,33.5575,-1384.69,-589.841,-1164.0,-503.302
-1388.0,-458.0,-165.196,1.69679e-06,88.9113,-11.4215,91.0887,33.5575,-1384.69,-589.841,-1164.01,-503.252
-1386.0,-458.0,-165.107,1.69025e-06,88.8976,-11.5094,91.1024,33.5575,-1384.69,-589.841,-1164.01,-503.202
-1384.0,-458.0,-165.018,1.68372e-06,88.8837,-11.5987,91.1163,33.5575,-1384.69,-589.841,-1164.01,-503.151
-1382.0,-458.0,-164.929,1.67719e-06,88.8697,-11.6894,91.1303,33.5575,-1384.69,-589.841,-1164.02,-503.1
-1380.0,-458.0,-164.841,1.67067e-06,88.8556,-11.7815,91.1444,33.5575,-1384.69,-589.841,-1164.02,-503.047
-1378.0,-458.0,-164.752,1.66414e-06,88.8414,-11.875,91.1586,33.5575,-1384.69,-589.841,-1164.03,-502.994
-1376.0,-458.0,-164.664,1.65762e-06,88.8271,-11.97,91.1729,33.5575,-1384.69,-589.841,-1164.03,-502.94
-1374.0,-458.0,-167.017,1.21803e-06,88.3905,166.451,91.6095,130.064,-1425.6,-569.555,-1498.9,-427.9
-1372.0,-458.0,-167.151,1.22452e-06,88.3858,166.644,91.6142,130.064,-1425.6,-569.555,-1498.91,-427.87
-1370.0,-458.0,-166.107,1.53786e-06,88.6965,-63.5013,91.3035,-14.6085,-1339.34,-615.81,-1329.2,-539.827
-1368.0,-458.0,-166.251,1.53495e-06,88.6835,-64.6339,91.3165,-14.6085,-1339.34,-615.81,-1329.2,-539.827
-1366.0,-458.0,-166.58,1.90834e-06,88.9327,-23.3309,91.0673,-14.6085,-1339.34,-615.81,-1255.0,-505.874
-1364.0,-458.0,-166.181,1.90222e-06,88.9207,-23.5571,91.0793,-14.6085,-1339.34,-615.81,-1255.01,-505.521
-1362.0,-458.0,-165.855,1.89612e-06,88.9087,-23.7875,91.0913,-14.6085,-1339.34,-615.81,-1255.01,-505.16
-1360.0,-458.0,-165.593,1.89002e-06,88.8967,-24.0221,91.1033,-14.6085,-1339.34,-615.81,-1255.01,-504.791
-1358.0,-458.0,-165.388,1.88394e-06,88.8845,-24.2611,91.1155,-14.6085,-1339.34,-615.81,-1255.02,-504.414
-1356.0,-458.0,-163.656,9.33714e-07,87.7316,143.241,92.2684,89.6826,-1399.57,-523.105,-1391.52,-431.465
-1354.0,-458.0,-164.368,9.39079e-07,87.7274,143.577,92.2726,89.6826,-1399.57,-523.105,-1389.99,-431.447
-1352.0,-458.0,-164.905,9.44467e-07,87.7233,143.907,92.2767,89.6826,-1399.57,-523.105,-1388.45,-431.428
-1350.0,-458.0,-163.791,1.00314e-06,87.8404,-31.8594,92.1596,-43.3117,-1381.35,-617.58,-1254.88,-517.114
-1348.0,-458.0,-161.953,9.97496e-07,87.812,-32.1406,92.188,-43.3117,-1381.35,-617.58,-1254.89,-516.502
-1346.0,-458.0,-160.383,9.91878e-07,87.7712,-32.4264,92.2288,-43.3117,-1381.35,-617.58,-1254.89,-515.877
-1344.0,-458.0,-167.442,1.51034e-06,88.5258,-79.7511,91.4742,-14.6085,-1339.34,-615.81,-1329.2,-539.827
-1342.0,-458.0,-169.365,1.32249e-06,88.3041,169.003,91.6959,130.064,-1425.6,-569.555,-1498.91,-427.508
-1340.0,-458.0,-169.521,1.32904e-06,88.3004,169.131,91.6996,130.064,-1425.6,-569.555,-1498.91,-427.488
-1338.0,-458.0,-169.678,1.33561e-06,88.2966,169.257,91.7034,130.064,-1425.6,-569.555,-1498.91,-427.469
-1336.0,-458.0,-169.835,1.34217e-06,88.2929,169.379,91.7071,130.064,-1425.6,-569.555,-1498.91,-427.451
-1334.0,-458.0,0.0,0.0,0.0,0.0,0.0,0.0,0.0,0.0,0.0,0.0
-1332.0,-458.0,0.0,0.0,0.0,0.0,0.0,0.0,0.0,0.0,0.0,0.0
-1330.0,-458.0,0.0,0.0,0.0,0.0,0.0,0.0,0.0,0.0,0.0,0.0
-1328.0,-458.0,0.0,0.0,0.0,0.0,0.0,0.0,0.0,0.0,0.0,0.0
-1326.0,-458.0,0.0,0.0,0.0,0.0,0.0,0.0,0.0,0.0,0.0,0.0
-1324.0,-458.0,0.0,0.0,0.0,0.0,0.0,0.0,0.0,0.0,0.0,0.0
-1322.0,-458.0,0.0,0.0,0.0,0.0,0.0,0.0,0.0,0.0,0.0,0.0
-1320.0,-458.0,0.0,0.0,0.0,0.0,0.0,0.0,0.0,0.0,0.0,0.0
-1318.0,-458.0,0.0,0.0,0.0,0.0,0.0,0.0,0.0,0.0,0.0,0.0
-1316.0,-458.0,0.0,0.0,0.0,0.0,0.0,0.0,0.0,0.0,0.0,0.0
-1314.0,-458.0,0.0,0.0,0.0,0.0,0.0,0.0,0.0,0.0,0.0,0.0
-1312.0,-458.0,0.0,0.0,0.0,0.0,0.0,0.0,0.0,0.0,0.0,0.0
-1310.0,-458.0,-153.634,8.94094e-07,87.3304,-38.4495,92.6696,-43.3117,-1381.35,-617.58,-1255.05,-501.631
-1308.0,-458.0,-157.423,8.99859e-07,87.3475,-139.899,92.6525,-43.3117,-1381.35,-617.58,-1310.1,-459.768
-1306.0,-458.0,-156.012,9.04973e-07,87.3625,-140.293,92.6375,-43.3117,-1381.35,-617.58,-1310.07,-461.38
-1304.0,-458.0,-155.283,9.10116e-07,87.3774,-140.681,92.6226,-43.3117,-1381.35,-617.58,-1310.04,-462.948
-1302.0,-458.0,-154.962,9.15287e-07,87.3922,-141.062,92.6078,-43.3117,-1381.35,-617.58,-1310.01,-464.475
-1300.0,-458.0,-154.886,9.20487e-07,87.407,-141.438,92.593,-43.3117,-1381.35,-617.58,-1309.99,-465.961
-1298.0,-458.0,-125.145,1.36279e-06,88.2427,49.6598,91.7573,-43.3117,-1381.35,-617.58,-1245.25,-395.891
-1296.0,-458.0,-126.524,1.35849e-06,88.2253,49.9012,91.7747,-43.396,-1381.4,-617.583,-1243.63,-395.808
-1294.0,-458.0,-130.741,1.35421e-06,88.2077,50.1577,91.7923,-43.396,-1381.4,-617.583,-1242.04,-395.726
-1292.0,-458.0,-134.647,1.34996e-06,88.1901,50.4162,91.8099,-43.396,-1381.4,-617.583,-1240.44,-395.644
-1290.0,-458.0,-138.239,1.34573e-06,88.1724,50.6766,91.8276,-43.396,-1381.4,-617.583,-1238.85,-395.563
-1288.0,-458.0,-141.765,1.34152e-06,88.1546,50.939,91.8454,-43.396,-1381.4,-617.583,-1237.26,-395.481
-1286.0,-458.0,-145.407,1.33734e-06,88.1368,51.2033,91.8632,-43.396,-1381.4,-617.583,-1235.67,-395.399
-1284.0,-458.0,-149.009,1.33318e-06,88.1189,51.4696,91.8811,-43.396,-1381.4,-617.583,-1234.09,-395.318
-1282.0,-458.0,-151.772,1.32905e-06,88.1009,51.7379,91.8991,-43.396,-1381.4,-617.583,-1232.5,-395.236
-1280.0,-458.0,-153.19,1.32494e-06,88.0828,52.0082,91.9172,-43.396,-1381.4,-617.583,-1230.91,-395.155
-1278.0,-458.0,-154.183,1.32086e-06,88.0646,52.2805,91.9354,-43.396,-1381.4,-617.583,-1229.33,-395.074
-1276.0,-458.0,-155.253,1.3168e-06,88.0413,52.5549,91.9587,-43.396,-1381.4,-617.583,-1227.75,-394.992
-1274.0,-458.0,-150.283,7.83929e-07,83.7828,-121.895,81.5122,56.5822,-1393.47,-590.11,-1373.09,-617.232
-1272.0,-458.0,-150.232,7.87485e-07,83.7848,-122.31,81.554,56.1681,-1393.37,-590.107,-1372.69,-617.215
-1270.0,-458.0,-150.294,7.91081e-07,83.787,-122.721,81.5958,55.7579,-1393.26,-590.104,-1372.29,-617.198
-1268.0,-458.0,-150.471,7.94718e-07,83.7896,-123.129,81.6377,55.3515,-1393.16,-590.101,-1371.88,-617.181
-1266.0,-458.0,-145.167,7.4549e-07,86.4234,-123.363,93.5766,-43.3117,-1381.35,-617.58,-1342.6,-574.333
-1264.0,-458.0,-144.543,7.49204e-07,86.4195,-124.045,93.5805,-43.3117,-1381.35,-617.58,-1342.6,-574.333
-1262.0,-458.0,-143.881,7.52982e-07,86.416,-124.716,93.584,-43.3117,-1381.35,-617.58,-1342.6,-574.333
-1260.0,-458.0,-143.167,7.56825e-07,86.4129,-125.376,93.5871,-43.3117,-1381.35,-617.58,-1342.6,-574.333
-1258.0,-458.0,-142.387,7.60729e-07,86.4101,-126.026,93.5899,-43.3117,-1381.35,-617.58,-1342.6,-574.333
-1256.0,-458.0,-140.63,7.64432e-07,86.4063,-127.319,93.5937,-43.396,-1381.4,-617.583,-1355.83,-588.959
-1254.0,-458.0,-139.458,7.68512e-07,86.4044,-127.868,93.5956,-43.396,-1381.4,-617.583,-1355.83,-588.959
-1252.0,-458.0,-138.133,7.72623e-07,86.4264,-128.41,93.5736,-43.396,-1381.4,-617.583,-1355.83,-588.959
-1250.0,-458.0,-136.605,7.76768e-07,86.4663,-128.943,93.5337,-43.396,-1381.4,-617.583,-1355.83,-588.959
-1248.0,-458.0,-134.801,7.80961e-07,86.506,-129.468,93.494,-43.396,-1381.4,-617.583,-1355.83,-588.959
-1246.0,-458.0,-131.952,9.48101e-07,87.053,-121.353,92.7472,55.87,-1393.29,-590.105,-1316.46,-573.651
-1244.0,-458.0,-129.545,9.51571e-07,87.093,-121.696,92.7363,55.5259,-1393.2,-590.102,-1315.4,-573.623
-1242.0,-458.0,-125.882,7.9382e-07,86.6238,-130.998,93.3762,-43.396,-1381.4,-617.583,-1355.83,-588.959
-1240.0,-458.0,-120.365,7.98196e-07,86.6625,-131.493,93.3375,-43.396,-1381.4,-617.583,-1355.83,-588.959
-1238.0,-458.0,-117.895,8.02614e-07,86.7011,-131.96,93.2989,-43.3117,-1381.35,-617.58,-1342.6,-574.333
-1236.0,-458.0,-125.172,8.07076e-07,86.7394,-132.5,93.2606,-43.3117,-1381.35,-617.58,-1342.6,-574.333
-1234.0,-458.0,-129.934,8.11584e-07,86.7774,-133.031,93.2226,-43.3117,-1381.35,-617.58,-1342.6,-574.333
-1232.0,-458.0,-133.18,8.16137e-07,86.8152,-133.553,93.1848,-43.3117,-1381.35,-617.58,-1342.6,-574.333
-1230.0,-458.0,-135.581,8.20741e-07,86.8438,-134.066,93.1562,-43.3117,-1381.35,-617.58,-1342.6,-574.333
-1228.0,-458.0,-137.474,8.25374e-07,86.8898,-134.57,93.1102,-43.3117,-1381.35,-617.58,-1342.6,-574.333
-1226.0,-458.0,-139.03,8.30026e-07,86.9655,-135.066,93.0345,-43.3117,-1381.35,-617.58,-1342.6,-574.333
-1224.0,-458.0,-140.34,8.3472e-07,87.0406,-135.553,92.9594,-43.3117,-1381.35,-617.58,-1342.6,-574.333
-1222.0,-458.0,-141.468,8.39454e-07,87.1151,-136.032,92.8849,-43.3117,-1381.35,-617.58,-1342.6,-574.333
-1220.0,-458.0,-130.095,9.11812e-07,87.3974,-138.779,92.6026,-35.9954,-1376.1,-617.359,-1356.19,-577.309
-1218.0,-458.0,-132.201,9.16803e-07,87.4644,-139.156,92.5356,-35.9954,-1376.1,-617.359,-1356.18,-577.459
-1216.0,-458.0,-134.213,9.21824e-07,87.5308,-139.528,92.4692,-35.9954,-1376.1,-617.359,-1356.18,-577.605
-1214.0,-458.0,-135.82,9.26873e-07,87.5966,-139.894,92.4034,-35.9954,-1376.1,-617.359,-1356.17,-577.747
-1212.0,-458.0,-137.22,9.31952e-07,87.6617,-140.254,92.3383,-35.9954,-1376.1,-617.359,-1356.17,-577.885
-1210.0,-458.0,0.0,0.0,0.0,0.0,0.0,0.0,0.0,0.0,0.0,0.0
-1208.0,-458.0,0.0,0.0,0.0,0.0,0.0,0.0,0.0,0.0,0.0,0.0
-1206.0,-458.0,0.0,0.0,0.0,0.0,0.0,0.0,0.0,0.0,0.0,0.0
-1204.0,-458.0,0.0,0.0,0.0,0.0,0.0,0.0,0.0,0.0,0.0,0.0
-1202.0,-458.0,0.0,0.0,0.0,0.0,0.0,0.0,0.0,0.0,0.0,0.0
-1600.0,-456.0,-160.388,1.25842e-06,88.4955,43.4799,91.5045,130.461,-1425.59,-569.992,-1530.4,-389.999
-1598.0,-456.0,-156.72,1.25361e-06,88.4769,44.0734,91.5231,130.461,-1425.59,-569.992,-1529.82,-389.988
-1596.0,-456.0,-161.936,1.02466e-06,88.1207,28.3705,91.8793,96.8954,-1412.1,-499.96,-1550.5,-431.426
-1594.0,-456.0,-161.666,1.01881e-06,88.094,28.6369,91.906,96.8954,-1412.1,-499.96,-1548.95,-431.399
-1592.0,-456.0,-161.438,1.01297e-06,88.0671,28.908,91.9329,96.8954,-1412.1,-499.96,-1547.4,-431.371
-1590.0,-456.0,-161.246,1.00715e-06,88.0399,29.1837,91.9601,96.8954,-1412.1,-499.96,-1545.85,-431.344
-1588.0,-456.0,-161.085,1.00135e-06,88.0124,29.4643,91.9876,96.8954,-1412.1,-499.96,-1544.31,-431.317
-1586.0,-456.0,-160.952,9.9556e-07,87.9846,29.7498,92.0154,96.8954,-1412.1,-499.96,-1542.77,-431.289
-1584.0,-456.0,-160.846,9.8978e-07,87.9701,30.0404,92.0299,96.8954,-1412.1,-499.96,-1541.22,-431.262
-1582.0,-456.0,-160.77,9.84005e-07,87.9746,30.3362,92.0254,96.8954,-1412.1,-499.96,-1539.68,-431.235
-1580.0,-456.0,-160.723,9.78248e-07,87.9791,30.6373,92.0209,96.8954,-1412.1,-499.96,-1538.14,-431.208
-1578.0,-456.0,-160.713,9.72508e-07,87.9838,30.9438,92.0162,96.8954,-1412.1,-499.96,-1536.6,-431.18
-1576.0,-456.0,-160.746,9.66788e-07,87.9886,31.2559,92.0114,96.8954,-1412.1,-499.96,-1535.06,-431.153
-1574.0,-456.0,-160.833,9.61086e-07,87.9935,31.5737,92.0065,96.8954,-1412.1,-499.96,-1533.53,-431.126
-1572.0,-456.0,-160.991,9.55404e-07,87.9984,31.8973,92.0016,96.8954,-1412.1,-499.96,-1531.99,-431.099
-1570.0,-456.0,-161.241,9.49742e-07,88.0035,32.227,91.9965,96.8954,-1412.1,-499.96,-1530.46,-431.072
-1568.0,-456.0,-161.533,9.50367e-07,88.0218,29.4387,91.9782,99.908,-1420.16,-484.607,-1523.61,-430.951
-1566.0,-456.0,-161.717,9.44558e-07,88.0268,29.7784,91.9732,99.908,-1420.16,-484.607,-1522.18,-430.925
-1564.0,-456.0,-161.945,9.3877e-07,88.0318,30.1254,91.9682,99.908,-1420.16,-484.607,-1520.74,-430.9
-1562.0,-456.0,-162.118,9.33002e-07,88.0369,30.4797,91.9631,99.908,-1420.16,-484.607,-1519.31,-430.875
-1560.0,-456.0,-162.09,9.27255e-07,88.042,30.8416,91.958,99.908,-1420.16,-484.607,-1517.88,-430.849
-1558.0,-456.0,-161.788,9.2153e-07,88.0474,31.2114,91.9526,99.908,-1420.16,-484.607,-1516.45,-430.824
-1556.0,-456.0,-157.948,9.84429e-07,88.1886,38.2082,91.8114,117.862,-1429.33,-544.506,-1524.19,-430.961
-1554.0,-456.0,-157.796,9.7919e-07,88.1954,38.5156,91.8046,117.862,-1429.33,-544.506,-1522.5,-430.931
-1552.0,-456.0,-157.74,9.73973e-07,88.2023,38.8273,91.7977,117.862,-1429.33,-544.506,-1520.81,-430.901
-1550.0,-456.0,-157.792,9.6878e-07,88.2093,39.1432,91.7907,117.862,-1429.33,-544.506,-1519.13,-430.871
-1548.0,-456.0,-157.977,9.63609e-07,88.2165,39.4634,91.7835,117.862,-1429.33,-544.506,-1517.44,-430.842
-1546.0,-456.0,-158.338,9.58463e-07,88.2237,39.7881,91.7763,117.862,-1429.33,-544.506,-1515.76,-430.812
-1544.0,-456.0,-158.945,9.53341e-07,88.2311,40.1172,91.7689,117.862,-1429.33,-544.506,-1514.07,-430.782
-1542.0,-456.0,-158.835,8.72937e-07,88.0867,37.5584,91.9133,96.8954,-1412.1,-499.96,-1509.09,-430.694
-1540.0,-456.0,-156.799,9.2422e-07,88.2103,43.4488,91.7897,129.985,-1425.61,-569.467,-1513.36,-430.769
-1538.0,-456.0,-154.003,9.19385e-07,88.2185,43.8647,91.7815,129.985,-1425.61,-569.467,-1511.72,-430.74
-1536.0,-456.0,-151.891,9.14579e-07,88.2388,44.287,91.7612,129.985,-1425.61,-569.467,-1510.07,-430.711
-1534.0,-456.0,-147.094,9.09225e-07,88.264,45.8354,91.736,129.101,-1425.63,-568.463,-1509.43,-430.7
-1532.0,-456.0,-146.665,9.04576e-07,88.2907,46.1923,91.7093,129.101,-1425.63,-568.463,-1507.7,-430.669
-1530.0,-456.0,-122.818,8.99411e-07,88.3168,47.3937,91.6832,133.84,-1425.51,-573.432,-1506.69,-430.651
-1528.0,-456.0,-126.075,8.94892e-07,88.3444,47.7084,91.6556,133.525,-1425.52,-573.131,-1504.91,-430.62
-1526.0,-456.0,-127.992,8.90401e-07,88.3723,48.0261,91.6277,133.208,-1425.53,-572.823,-1503.14,-430.589
-1524.0,-456.0,-127.057,8.85938e-07,88.4005,48.3471,91.5995,132.887,-1425.53,-572.508,-1501.37,-430.557
-1522.0,-456.0,-124.079,8.81503e-07,88.4291,48.6714,91.5709,132.562,-1425.54,-572.186,-1499.6,-430.526
-1520.0,-456.0,-130.403,1.09136e-06,88.7608,67.4988,91.2392,111.495,-1468.91,-425.005,-1509.52,-430.701
-1518.0,-456.0,-129.775,1.08881e-06,88.7876,67.8233,91.2124,111.17,-1467.78,-424.975,-1507.67,-430.669
-1516.0,-456.0,-129.68,1.08629e-06,88.8145,68.1493,91.1855,110.844,-1466.65,-424.945,-1505.83,-430.636
-1514.0,-456.0,-124.802,8.88406e-07,88.5867,52.2096,91.4133,129.985,-1425.61,-569.467,-1490.41,-425.578
-1512.0,-456.0,-128.3,8.84339e-07,88.5849,52.7154,91.4151,129.985,-1425.61,-569.467,-1488.8,-425.535
-1510.0,-456.0,-128.242,1.07899e-06,88.8402,69.1363,91.1598,109.857,-1463.25,-424.854,-1500.3,-430.538
-1508.0,-456.0,-133.129,9.3164e-07,88.6568,-62.0345,91.3432,69.5502,-1396.34,-590.198,-1495.18,-480.138
-1506.0,-456.0,-132.727,9.28531e-07,88.6523,-62.4126,91.3477,69.5502,-1396.34,-590.198,-1493.44,-480.045
-1504.0,-456.0,-132.475,9.25461e-07,88.6478,-62.7932,91.3522,69.5502,-1396.34,-590.198,-1491.69,-479.952
-1502.0,-456.0,-126.911,9.2243e-07,88.6433,-63.171,91.3567,69.6898,-1396.35,-590.13,-1489.93,-479.859
-1500.0,-456.0,-118.967,1.0976e-06,88.8599,72.3124,91.1401,107.707,-1455.98,-424.661,-1490.3,-425.575
-1498.0,-456.0,-118.562,1.0956e-06,88.8578,72.645,91.1422,107.374,-1454.87,-424.631,-1488.48,-425.526
-1496.0,-456.0,-118.255,1.09362e-06,88.8557,72.9788,91.1443,107.041,-1453.76,-424.601,-1486.66,-425.478
-1494.0,-456.0,-118.031,1.09169e-06,88.8537,73.3138,91.1463,106.706,-1452.65,-424.572,-1484.84,-425.429
-1492.0,-456.0,-117.596,8.99113e-07,88.6081,-66.629,91.3919,110.338,-1464.9,-424.898,-1481.87,-479.431
-1490.0,-456.0,-116.554,8.96487e-07,88.6036,-67.0206,91.3964,109.946,-1463.56,-424.862,-1480.1,-479.337
-1488.0,-456.0,-115.766,8.93911e-07,88.5815,-67.4146,91.4185,109.553,-1462.21,-424.827,-1478.33,-479.242
-1486.0,-456.0,-115.167,8.91377e-07,88.5594,-67.8108,91.4406,109.156,-1460.86,-424.791,-1476.56,-479.148
-1484.0,-456.0,-114.713,8.88886e-07,88.5372,-68.2092,91.4628,108.758,-1459.51,-424.755,-1474.78,-479.054
-1482.0,-456.0,-114.37,8.86439e-07,88.5149,-68.6098,91.4851,108.357,-1458.16,-424.719,-1473.01,-478.959
-1480.0,-456.0,-112.813,7.37737e-07,88.1936,71.373,91.8064,111.679,-1469.56,-425.022,-1469.56,-425.022
-1478.0,-456.0,-111.959,7.35643e-07,88.1665,71.8658,91.8335,111.186,-1467.84,-424.976,-1467.84,-424.976
-1476.0,-456.0,-111.355,7.33603e-07,88.1394,72.3614,91.8606,110.691,-1466.12,-424.931,-1466.12,-424.931
-1474.0,-456.0,-110.924,7.31619e-07,88.1122,72.8597,91.8878,110.193,-1464.4,-424.885,-1464.4,-424.885
-1472.0,-456.0,-110.613,7.29691e-07,88.0851,73.3607,91.9149,109.691,-1462.69,-424.839,-1462.69,-424.839
-1470.0,-456.0,-110.39,7.27819e-07,88.058,73.8643,91.942,109.188,-1460.97,-424.794,-1460.97,-424.794
-1468.0,-456.0,-110.233,7.26003e-07,88.0309,74.3706,91.9691,108.682,-1459.26,-424.748,-1459.26,-424.748
-1466.0,-456.0,-109.617,6.30141e-07,87.7105,-48.7532,92.2895,130.454,-1425.59,-569.985,-1397.67,-533.929
-1464.0,-456.0,-109.208,6.25765e-07,87.6945,-49.213,92.3055,129.995,-1425.61,-569.478,-1397.7,-532.846
-1462.0,-456.0,-110.036,7.20878e-07,87.9988,75.9041,92.0012,107.148,-1454.12,-424.611,-1454.12,-424.611
-1460.0,-456.0,-110.043,7.19283e-07,87.9944,76.42,92.0056,106.632,-1452.41,-424.565,-1452.41,-424.565
-1458.0,-456.0,-105.245,5.1861e-07,87.2178,-68.0615,92.7822,111.938,-1458.0,-456.0,-1400.0,-600.0
-1456.0,-456.0,-105.204,5.16156e-07,87.2046,-68.7495,92.7954,111.251,-1456.0,-456.0,-1400.0,-600.0
-1454.0,-456.0,-105.164,5.13778e-07,87.1916,-69.444,92.8084,110.556,-1454.0,-456.0,-1400.0,-600.0
-1452.0,-456.0,-105.125,5.11476e-07,87.1789,-70.1448,92.8211,109.855,-1452.0,-456.0,-1400.0,-600.0
-1450.0,-456.0,-105.087,5.09251e-07,87.1666,-70.8519,92.8334,109.148,-1450.0,-456.0,-1400.0,-600.0
-1448.0,-456.0,-105.05,5.07104e-07,87.1546,-71.5651,92.8454,108.435,-1448.0,-456.0,-1400.0,-600.0
-1446.0,-456.0,-105.014,5.05036e-07,87.1429,-72.2842,92.8571,107.716,-1446.0,-456.0,-1400.0,-600.0
-1444.0,-456.0,-104.98,5.03048e-07,87.1316,-73.0092,92.8684,106.991,-1444.0,-456.0,-1400.0,-600.0
-1442.0,-456.0,-104.947,5.01145e-07,87.11,-73.7398,92.89,106.26,-1442.0,-456.0,-1400.0,-600.0
-1440.0,-456.0,-104.916,4.99335e-07,87.0671,-74.4759,92.9329,105.524,-1440.0,-456.0,-1400.0,-600.0
-1438.0,-456.0,-104.885,4.97607e-07,87.0244,-75.2173,92.9756,104.783,-1438.0,-456.0,-1400.0,-600.0
-1436.0,-456.0,-104.857,4.95963e-07,86.982,-75.9638,93.018,104.036,-1436.0,-456.0,-1400.0,-600.0
-1434.0,-456.0,-104.829,4.94404e-07,86.9398,-76.7151,93.0602,103.285,-1434.0,-456.0,-1400.0,-600.0
-1432.0,-456.0,-104.803,4.92931e-07,86.8978,-77.4712,93.1022,102.529,-1432.0,-456.0,-1400.0,-600.0
-1430.0,-456.0,-104.779,4.91544e-07,86.8562,-78.2317,93.1438,101.768,-1430.0,-456.0,-1400.0,-600.0
-1428.0,-456.0,-104.756,4.90244e-07,86.8148,-78.9965,93.1852,101.004,-1428.0,-456.0,-1400.0,-600.0
-1426.0,-456.0,-104.734,4.89032e-07,86.7739,-79.7652,93.2261,100.235,-1426.0,-456.0,-1400.0,-600.0
-1424.0,-456.0,-127.656,6.0947e-07,87.3854,-82.3469,92.6146,-93.2955,-1401.06,-618.411,-1420.16,-484.607
-1422.0,-456.0,-140.593,5.01991e-07,86.7928,-96.3206,93.2072,111.97,-1429.78,-526.194,-1429.78,-526.194
-1420.0,-456.0,-155.173,7.13299e-07,87.7209,-139.366,92.2791,129.985,-1425.61,-569.467,-1459.74,-490.103
-1418.0,-456.0,-155.483,7.17335e-07,87.7107,97.3154,92.2893,111.97,-1429.78,-526.194,-1422.14,-423.759
-1416.0,-456.0,-154.053,7.18244e-07,87.6911,98.1543,92.3089,111.97,-1429.78,-526.194,-1420.63,-423.719
-1414.0,-456.0,-165.637,1.08756e-06,88.4606,162.106,91.5394,130.064,-1425.6,-569.555,-1498.89,-428.59
-1412.0,-456.0,-165.501,1.09392e-06,88.4548,162.458,91.5452,130.064,-1425.6,-569.555,-1498.89,-428.533
-1410.0,-456.0,-163.843,9.06826e-07,88.118,121.204,91.882,-101.002,-1403.6,-618.518,-1429.41,-423.953
-1408.0,-456.0,-156.614,7.92804e-07,87.8269,121.825,92.1731,111.97,-1429.78,-526.194,-1427.91,-423.913
-1406.0,-456.0,-159.968,7.96361e-07,87.8163,122.437,92.1837,111.97,-1429.78,-526.194,-1426.42,-423.873
-1404.0,-456.0,-165.218,7.99979e-07,87.806,123.042,92.194,111.97,-1429.78,-526.194,-1424.92,-423.833
-1402.0,-456.0,-165.514,1.1259e-06,88.427,164.035,91.573,130.064,-1425.6,-569.555,-1498.9,-428.28
-1400.0,-456.0,-165.54,1.73733e-06,88.9713,-11.3339,91.0287,33.5575,-1384.69,-589.841,-1164.0,-503.302
-1398.0,-456.0,-162.641,8.11177e-07,87.7765,124.806,92.2235,111.97,-1429.78,-526.194,-1420.44,-423.714
-1396.0,-456.0,-165.368,1.72426e-06,88.9448,-11.5019,91.0552,33.5575,-1384.69,-589.841,-1164.01,-503.207
-1394.0,-456.0,-165.282,1.71773e-06,88.9316,-11.5877,91.0684,33.5575,-1384.69,-589.841,-1164.01,-503.158
-1392.0,-456.0,-165.196,1.7112e-06,88.9181,-11.6748,91.0819,33.5575,-1384.69,-589.841,-1164.02,-503.108
-1390.0,-456.0,-165.11,1.70467e-06,88.9045,-11.7632,91.0955,33.5575,-1384.69,-589.841,-1164.02,-503.058
-1388.0,-456.0,-165.025,1.69814e-06,88.8908,-11.8529,91.1092,33.5575,-1384.69,-589.841,-1164.03,-503.006
-1386.0,-456.0,-164.939,1.69162e-06,88.8769,-11.944,91.1231,33.5575,-1384.69,-589.841,-1164.03,-502.954
-1384.0,-456.0,-166.516,1.18402e-06,88.3817,166.271,91.6183,130.064,-1425.6,-569.555,-1498.9,-427.928
-1382.0,-456.0,-166.655,1.19051e-06,88.377,166.482,91.623,130.064,-1425.6,-569.555,-1498.9,-427.895
-1380.0,-456.0,-166.798,1.19701e-06,88.3723,166.687,91.6277,130.064,-1425.6,-569.555,-1498.91,-427.863
-1378.0,-456.0,-166.943,1.20351e-06,88.3677,166.886,91.6323,130.064,-1425.6,-569.555,-1498.91,-427.833
-1376.0,-456.0,-167.09,1.21002e-06,88.3631,167.079,91.6369,130.064,-1425.6,-569.555,-1498.91,-427.803
-1374.0,-456.0,-167.24,1.21653e-06,88.3586,167.266,91.6414,130.064,-1425.6,-569.555,-1498.91,-427.774
-1372.0,-456.0,-167.037,1.92936e-06,88.9568,-23.1828,91.0432,-14.6085,-1339.34,-615.81,-1255.0,-506.105
-1370.0,-456.0,-166.282,1.54386e-06,88.6855,-64.0498,91.3145,-14.6085,-1339.34,-615.81,-1329.2,-539.827
-1368.0,-456.0,-166.229,1.91712e-06,88.9331,-23.6227,91.0669,-14.6085,-1339.34,-615.81,-1255.01,-505.418
-1366.0,-456.0,-165.928,1.91102e-06,88.9212,-23.8485,91.0788,-14.6085,-1339.34,-615.81,-1255.01,-505.064
-1364.0,-456.0,-159.572,1.99194e-06,86.6303,-42.99,88.3499,16.5841,-1363.74,-589.2,-1334.81,-483.206
-1362.0,-456.0,-159.429,1.98708e-06,86.5979,-43.1217,88.3509,16.4531,-1363.4,-589.19,-1332.99,-483.169
-1360.0,-456.0,-163.013,9.19039e-07,87.7036,143.012,92.2964,89.6826,-1399.57,-523.105,-1392.56,-431.478
-1358.0,-456.0,-163.787,9.24388e-07,87.6994,143.357,92.3006,89.6826,-1399.57,-523.105,-1390.99,-431.459
-1356.0,-456.0,-164.459,9.29762e-07,87.6954,143.697,92.3046,89.6826,-1399.57,-523.105,-1389.43,-431.44
-1354.0,-456.0,-164.674,1.01799e-06,87.8793,-31.7525,92.1207,-43.3117,-1381.35,-617.58,-1254.88,-517.345
-1352.0,-456.0,-162.801,1.01233e-06,87.8515,-32.0272,92.1485,-43.3117,-1381.35,-617.58,-1254.88,-516.749
-1350.0,-456.0,-161.142,1.0067e-06,87.8234,-32.3062,92.1766,-43.3117,-1381.35,-617.58,-1254.89,-516.141
-1348.0,-456.0,-167.098,1.51952e-06,88.5476,-77.3626,91.4524,-14.6085,-1339.34,-615.81,-1329.2,-539.827
-1346.0,-456.0,-167.321,1.51814e-06,88.5359,-78.6706,91.4641,-14.6085,-1339.34,-615.81,-1329.2,-539.827
-1344.0,-456.0,-167.629,1.51691e-06,88.524,-79.9907,91.476,-14.6085,-1339.34,-615.81,-1329.2,-539.827
-1342.0,-456.0,-169.827,1.32126e-06,88.2932,169.673,91.7068,130.064,-1425.6,-569.555,-1498.91,-427.406
-1340.0,-456.0,-169.995,1.32783e-06,88.2895,169.793,91.7105,130.064,-1425.6,-569.555,-1498.91,-427.388
-1338.0,-456.0,-170.164,1.33441e-06,88.2858,169.912,91.7142,130.064,-1425.6,-569.555,-1498.91,-427.37
-1336.0,-456.0,-170.332,1.34098e-06,88.2822,170.027,91.7178,130.064,-1425.6,-569.555,-1498.91,-427.353
-1334.0,-456.0,0.0,0.0,0.0,0.0,0.0,0.0,0.0,0.0,0.0,0.0
-1332.0,-456.0,0.0,0.0,0.0,0.0,0.0,0.0,0.0,0.0,0.0,0.0
-1330.0,-456.0,0.0,0.0,0.0,0.0,0.0,0.0,0.0,0.0,0.0,0.0
-1328.0,-456.0,0.0,0.0,0.0,0.0,0.0,0.0,0.0,0.0,0.0,0.0
-1326.0,-456.0,0.0,0.0,0.0,0.0,0.0,0.0,0.0,0.0,0.0,0.0
-1324.0,-456.0,0.0,0.0,0.0,0.0,0.0,0.0,0.0,0.0,0.0,0.0
-1322.0,-456.0,0.0,0.0,0.0,0.0,0.0,0.0,0.0,0.0,0.0,0.0
-1320.0,-456.0,0.0,0.0,0.0,0.0,0.0,0.0,0.0,0.0,0.0,0.0
-1318.0,-456.0,0.0,0.0,0.0,0.0,0.0,0.0,0.0,0.0,0.0,0.0
-1316.0,-456.0,0.0,0.0,0.0,0.0,0.0,0.0,0.0,0.0,0.0,0.0
-1314.0,-456.0,0.0,0.0,0.0,0.0,0.0,0.0,0.0,0.0,0.0,0.0
-1312.0,-456.0,0.0,0.0,0.0,0.0,0.0,0.0,0.0,0.0,0.0,0.0
-1310.0,-456.0,-158.75,2.11397e-06,88.8654,-12.0977,91.1346,-15.5937,-1342.83,-615.957,-1209.64,-477.511
-1308.0,-456.0,-158.807,2.10744e-06,88.8619,-12.157,91.1381,-15.5937,-1342.83,-615.957,-1209.65,-477.186
-1306.0,-456.0,-157.906,9.09263e-07,87.3613,-139.825,92.6387,-43.3117,-1381.35,-617.58,-1310.11,-459.466
-1304.0,-456.0,-156.347,9.14371e-07,87.3761,-140.214,92.6239,-43.3117,-1381.35,-617.58,-1310.08,-461.06
-1302.0,-456.0,-155.519,9.19508e-07,87.3908,-140.597,92.6092,-43.3117,-1381.35,-617.58,-1310.05,-462.611
-1300.0,-456.0,-155.131,9.24677e-07,87.3998,-140.974,92.6002,-43.3117,-1381.35,-617.58,-1310.02,-464.122
-1298.0,-456.0,-155.011,9.29883e-07,87.397,-141.344,92.603,-43.3117,-1381.35,-617.58,-1309.99,-465.593
-1296.0,-456.0,-124.451,1.35341e-06,88.2,49.7007,91.8,-43.3117,-1381.35,-617.58,-1245.02,-395.879
-1294.0,-456.0,-127.152,1.34911e-06,88.1823,49.9419,91.8177,-43.396,-1381.4,-617.583,-1243.38,-395.795
-1292.0,-456.0,-131.374,1.34484e-06,88.1645,50.2007,91.8355,-43.396,-1381.4,-617.583,-1241.77,-395.713
-1290.0,-456.0,-135.212,1.34059e-06,88.1466,50.4615,91.8534,-43.396,-1381.4,-617.583,-1240.17,-395.63
-1288.0,-456.0,-138.816,1.33637e-06,88.1287,50.7243,91.8713,-43.396,-1381.4,-617.583,-1238.56,-395.548
-1286.0,-456.0,-142.39,1.33216e-06,88.1106,50.989,91.8894,-43.396,-1381.4,-617.583,-1236.96,-395.465
-1284.0,-456.0,-146.079,1.32799e-06,88.0925,51.2558,91.9075,-43.396,-1381.4,-617.583,-1235.36,-395.383
-1282.0,-456.0,-149.62,1.32384e-06,88.0743,51.5246,91.9257,-43.396,-1381.4,-617.583,-1233.76,-395.301
-1280.0,-456.0,-152.101,1.31971e-06,88.0561,51.7953,91.9439,-43.396,-1381.4,-617.583,-1232.16,-395.219
-1278.0,-456.0,-153.33,1.3156e-06,88.0377,52.0681,91.9623,-43.396,-1381.4,-617.583,-1230.57,-395.137
-1276.0,-456.0,-154.354,1.31153e-06,88.0193,52.343,91.9807,-43.396,-1381.4,-617.583,-1228.97,-395.055
-1274.0,-456.0,-156.127,1.30758e-06,88.001,52.8241,91.999,-43.3117,-1381.35,-617.58,-1227.73,-394.992
-1272.0,-456.0,-150.327,7.93125e-07,83.8235,-122.05,81.5281,56.4245,-1393.43,-590.109,-1372.94,-617.226
-1270.0,-456.0,-150.318,7.96696e-07,83.8255,-122.46,81.5695,56.016,-1393.33,-590.106,-1372.54,-617.209
-1268.0,-456.0,-150.42,8.00307e-07,83.8277,-122.866,81.6109,55.6112,-1393.23,-590.103,-1372.14,-617.192
-1266.0,-456.0,-150.64,8.03958e-07,83.8301,-123.268,81.6523,55.2102,-1393.12,-590.099,-1371.74,-617.175
-1264.0,-456.0,-145.082,7.54752e-07,86.4282,-123.593,93.5718,-43.3117,-1381.35,-617.58,-1342.6,-574.333
-1262.0,-456.0,-144.458,7.58487e-07,86.4245,-124.26,93.5755,-43.3117,-1381.35,-617.58,-1342.6,-574.333
-1260.0,-456.0,-143.792,7.62285e-07,86.4211,-124.916,93.5789,-43.3117,-1381.35,-617.58,-1342.6,-574.333
-1258.0,-456.0,-143.073,7.66146e-07,86.418,-125.562,93.582,-43.3117,-1381.35,-617.58,-1342.6,-574.333
-1256.0,-456.0,-142.286,7.70067e-07,86.4153,-126.198,93.5847,-43.3117,-1381.35,-617.58,-1342.6,-574.333
-1254.0,-456.0,-140.481,7.738e-07,86.4117,-127.448,93.5883,-43.396,-1381.4,-617.583,-1355.83,-588.959
-1252.0,-456.0,-139.296,7.77871e-07,86.4352,-127.988,93.5648,-43.396,-1381.4,-617.583,-1355.83,-588.959
-1250.0,-456.0,-137.953,7.81977e-07,86.4747,-128.519,93.5253,-43.396,-1381.4,-617.583,-1355.83,-588.959
-1248.0,-456.0,-136.402,7.86132e-07,86.5139,-129.043,93.4861,-43.396,-1381.4,-617.583,-1355.83,-588.959
-1246.0,-456.0,-133.266,9.5381e-07,87.0675,-121.144,92.7539,56.0784,-1393.35,-590.106,-1317.1,-573.668
-1244.0,-456.0,-130.391,9.57259e-07,87.1069,-121.485,92.743,55.7356,-1393.26,-590.104,-1316.05,-573.64
-1242.0,-456.0,-128.259,9.60743e-07,87.1462,-121.825,92.7321,55.3953,-1393.17,-590.101,-1314.99,-573.613
-1240.0,-456.0,-125.372,8.03214e-07,86.6686,-131.062,93.3314,-43.396,-1381.4,-617.583,-1355.83,-588.959
-1238.0,-456.0,-119.662,8.07596e-07,86.7067,-131.548,93.2933,-43.396,-1381.4,-617.583,-1355.83,-588.959
-1236.0,-456.0,-118.82,8.12019e-07,86.7446,-132.014,93.2554,-43.3117,-1381.35,-617.58,-1342.6,-574.333
-1234.0,-456.0,-125.733,8.16485e-07,86.7822,-132.544,93.2178,-43.3117,-1381.35,-617.58,-1342.6,-574.333
-1232.0,-456.0,-130.305,8.20997e-07,86.8196,-133.065,93.1804,-43.3117,-1381.35,-617.58,-1342.6,-574.333
-1230.0,-456.0,-133.435,8.25553e-07,86.8568,-133.578,93.1432,-43.3117,-1381.35,-617.58,-1342.6,-574.333
-1228.0,-456.0,-135.77,8.3013e-07,86.9217,-134.082,93.0783,-43.3117,-1381.35,-617.58,-1342.6,-574.333
-1226.0,-456.0,-137.622,8.34742e-07,86.9968,-134.577,93.0032,-43.3117,-1381.35,-617.58,-1342.6,-574.333
-1224.0,-456.0,-139.15,8.39397e-07,87.0713,-135.065,92.9287,-43.3117,-1381.35,-617.58,-1342.6,-574.333
-1222.0,-456.0,-140.44,8.44092e-07,87.145,-135.544,92.855,-43.3117,-1381.35,-617.58,-1342.6,-574.333
-1220.0,-456.0,-126.94,9.1621e-07,87.4228,-138.448,92.5772,-36.2648,-1376.33,-617.368,-1356.2,-576.722
-1218.0,-456.0,-129.884,9.21173e-07,87.4893,-138.726,92.5107,-35.9954,-1376.1,-617.359,-1356.19,-577.288
-1216.0,-456.0,-131.913,9.26161e-07,87.5552,-139.099,92.4448,-35.9954,-1376.1,-617.359,-1356.18,-577.436
-1214.0,-456.0,-133.978,9.31179e-07,87.6204,-139.465,92.3796,-35.9954,-1376.1,-617.359,-1356.18,-577.58
-1212.0,-456.0,-135.632,9.36226e-07,87.685,-139.827,92.315,-35.9954,-1376.1,-617.359,-1356.17,-577.721
-1210.0,-456.0,0.0,0.0,0.0,0.0,0.0,0.0,0.0,0.0,0.0,0.0
-1208.0,-456.0,0.0,0.0,0.0,0.0,0.0,0.0,0.0,0.0,0.0,0.0
-1206.0,-456.0,0.0,0.0,0.0,0.0,0.0,0.0,0.0,0.0,0.0,0.0
-1204.0,-456.0,0.0,0.0,0.0,0.0,0.0,0.0,0.0,0.0,0.0,0.0
-1202.0,-456.0,0.0,0.0,0.0,0.0,0.0,0.0,0.0,0.0,0.0,0.0
-1600.0,-454.0,-162.376,1.00013e-06,88.1069,-9.65842,91.8931,99.908,-1420.16,-484.607,-1420.16,-484.607
-1598.0,-454.0,-160.496,1.249e-06,88.4713,43.4472,91.5287,130.461,-1425.59,-569.992,-1530.43,-389.999
-1596.0,-454.0,-156.693,1.24419e-06,88.4524,44.0533,91.5476,130.461,-1425.59,-569.992,-1529.84,-389.989
-1594.0,-454.0,-162.061,1.01564e-06,88.0881,28.1426,91.9119,96.8954,-1412.1,-499.96,-1551.84,-431.45
-1592.0,-454.0,-161.741,1.00978e-06,88.061,28.4106,91.939,96.8954,-1412.1,-499.96,-1550.26,-431.422
-1590.0,-454.0,-161.473,1.00393e-06,88.0336,28.6833,91.9664,96.8954,-1412.1,-499.96,-1548.68,-431.394
-1588.0,-454.0,-161.247,9.98093e-07,88.0059,28.9608,91.9941,96.8954,-1412.1,-499.96,-1547.1,-431.366
-1586.0,-454.0,-161.058,9.92272e-07,87.9838,29.2433,92.0162,96.8954,-1412.1,-499.96,-1545.52,-431.338
-1584.0,-454.0,-160.901,9.86451e-07,87.9883,29.5308,92.0117,96.8954,-1412.1,-499.96,-1543.95,-431.31
-1582.0,-454.0,-160.773,9.80647e-07,87.9928,29.8236,92.0072,96.8954,-1412.1,-499.96,-1542.37,-431.282
-1580.0,-454.0,-160.674,9.7486e-07,87.9975,30.1216,92.0025,96.8954,-1412.1,-499.96,-1540.8,-431.255
-1578.0,-454.0,-160.604,9.6909e-07,88.0022,30.4251,91.9978,96.8954,-1412.1,-499.96,-1539.22,-431.227
-1576.0,-454.0,-160.568,9.63338e-07,88.0071,30.7342,91.9929,96.8954,-1412.1,-499.96,-1537.65,-431.199
-1574.0,-454.0,-160.571,9.57605e-07,88.012,31.0489,91.988,96.8954,-1412.1,-499.96,-1536.08,-431.171
-1572.0,-454.0,-160.622,9.51891e-07,88.017,31.3696,91.983,96.8954,-1412.1,-499.96,-1534.51,-431.143
-1570.0,-454.0,-160.736,9.46197e-07,88.0222,31.6962,91.9778,96.8954,-1412.1,-499.96,-1532.94,-431.116
-1568.0,-454.0,-160.931,9.40522e-07,88.0274,32.029,91.9726,96.8954,-1412.1,-499.96,-1531.37,-431.088
-1566.0,-454.0,-161.232,9.34869e-07,88.0328,32.368,91.9672,96.8954,-1412.1,-499.96,-1529.81,-431.06
-1564.0,-454.0,-161.398,9.35438e-07,88.0512,29.5174,91.9488,99.908,-1420.16,-484.607,-1523.28,-430.945
-1562.0,-454.0,-161.604,9.29638e-07,88.0506,29.8675,91.9494,99.908,-1420.16,-484.607,-1521.81,-430.919
-1560.0,-454.0,-161.836,9.23859e-07,88.0482,30.2251,91.9518,99.908,-1420.16,-484.607,-1520.34,-430.893
-1558.0,-454.0,-161.969,9.18098e-07,88.0535,30.5905,91.9465,99.908,-1420.16,-484.607,-1518.87,-430.867
-1556.0,-454.0,-161.851,9.12358e-07,88.059,30.964,91.941,99.908,-1420.16,-484.607,-1517.4,-430.841
-1554.0,-454.0,-157.897,9.75047e-07,88.2004,38.1246,91.7996,117.862,-1429.33,-544.506,-1524.65,-430.969
-1552.0,-454.0,-157.717,9.69802e-07,88.2073,38.4353,91.7927,117.862,-1429.33,-544.506,-1522.94,-430.939
-1550.0,-454.0,-157.635,9.6458e-07,88.2143,38.7502,91.7857,117.862,-1429.33,-544.506,-1521.23,-430.909
-1548.0,-454.0,-157.66,9.59381e-07,88.2215,39.0695,91.7785,117.862,-1429.33,-544.506,-1519.52,-430.878
-1546.0,-454.0,-157.814,9.54205e-07,88.2288,39.3933,91.7712,117.862,-1429.33,-544.506,-1517.81,-430.848
-1544.0,-454.0,-158.138,9.49054e-07,88.2362,39.7216,91.7638,117.862,-1429.33,-544.506,-1516.1,-430.818
-1542.0,-454.0,-158.697,9.43927e-07,88.2437,40.0545,91.7563,117.862,-1429.33,-544.506,-1514.39,-430.788
-1540.0,-454.0,-158.824,8.63569e-07,88.0989,37.4255,91.9011,96.8954,-1412.1,-499.96,-1509.56,-430.702
-1538.0,-454.0,-156.851,9.14779e-07,88.2143,43.4255,91.7857,129.985,-1425.61,-569.467,-1513.46,-430.771
-1536.0,-454.0,-153.994,9.09952e-07,88.2049,43.8475,91.7951,129.985,-1425.61,-569.467,-1511.79,-430.742
-1534.0,-454.0,-151.825,9.05142e-07,88.2288,44.2761,91.7712,129.985,-1425.61,-569.467,-1510.12,-430.712
-1532.0,-454.0,-150.233,9.00367e-07,88.2553,44.7113,91.7447,129.985,-1425.61,-569.467,-1508.45,-430.682
-1530.0,-454.0,-146.554,8.9514e-07,88.2811,46.2071,91.7189,129.101,-1425.63,-568.463,-1507.63,-430.668
-1528.0,-454.0,-122.994,8.89982e-07,88.3074,47.4191,91.6926,133.815,-1425.51,-573.408,-1506.54,-430.649
-1526.0,-454.0,-126.256,8.85465e-07,88.3353,47.7372,91.6647,133.497,-1425.52,-573.103,-1504.75,-430.617
-1524.0,-454.0,-127.944,8.80977e-07,88.3634,48.0586,91.6366,133.175,-1425.53,-572.792,-1502.96,-430.585
-1522.0,-454.0,-126.695,8.76516e-07,88.3919,48.3832,91.6081,132.851,-1425.54,-572.473,-1501.17,-430.554
-1520.0,-454.0,-123.601,8.72085e-07,88.4208,48.7111,91.5792,132.523,-1425.54,-572.146,-1499.38,-430.522
-1518.0,-454.0,-129.913,1.08264e-06,88.7578,67.6899,91.2422,111.303,-1468.25,-424.987,-1508.43,-430.682
-1516.0,-454.0,-129.603,1.08011e-06,88.7848,68.0175,91.2152,110.976,-1467.11,-424.957,-1506.57,-430.649
-1514.0,-454.0,-129.731,1.07762e-06,88.8119,68.3466,91.1881,110.647,-1465.97,-424.927,-1504.72,-430.617
-1512.0,-454.0,-123.897,8.79056e-07,88.5483,52.3242,91.4517,129.985,-1425.61,-569.467,-1490.04,-425.568
-1510.0,-454.0,-128.817,1.07277e-06,88.8105,69.0093,91.1895,109.984,-1463.69,-424.866,-1501.0,-430.551
-1508.0,-454.0,-126.998,1.0704e-06,88.8078,69.3429,91.1922,109.651,-1462.55,-424.835,-1499.15,-430.518
-1506.0,-454.0,-132.62,9.34459e-07,88.6344,-62.6095,91.3656,69.5502,-1396.34,-590.198,-1492.53,-479.997
-1504.0,-454.0,-132.372,9.31409e-07,88.6299,-62.9883,91.3701,69.5502,-1396.34,-590.198,-1490.79,-479.905
-1502.0,-454.0,-127.481,9.28399e-07,88.6254,-63.3569,91.3746,69.8757,-1396.35,-590.039,-1489.05,-479.812
-1500.0,-454.0,-124.363,9.16094e-07,88.607,-65.2615,91.393,111.706,-1469.65,-425.025,-1488.13,-479.763
-1498.0,-454.0,-118.624,1.08924e-06,88.8284,72.5403,91.1716,107.479,-1455.22,-424.64,-1489.05,-425.542
-1496.0,-454.0,-118.286,1.08725e-06,88.8263,72.8758,91.1737,107.143,-1454.1,-424.611,-1487.22,-425.493
-1494.0,-454.0,-118.036,1.08531e-06,88.8242,73.2126,91.1758,106.807,-1452.98,-424.581,-1485.39,-425.444
-1492.0,-454.0,-117.187,9.05251e-07,88.5902,-66.7966,91.4098,110.17,-1464.33,-424.883,-1481.12,-479.39
-1490.0,-454.0,-116.267,9.02644e-07,88.5857,-67.1861,91.4143,109.781,-1462.99,-424.847,-1479.36,-479.297
-1488.0,-454.0,-115.57,9.00085e-07,88.5638,-67.5778,91.4362,109.389,-1461.66,-424.812,-1477.6,-479.204
-1486.0,-454.0,-115.039,8.97569e-07,88.5417,-67.9717,91.4583,108.995,-1460.32,-424.776,-1475.84,-479.11
-1484.0,-454.0,-114.636,8.95095e-07,88.5197,-68.3678,91.4803,108.599,-1458.98,-424.74,-1474.08,-479.016
-1482.0,-454.0,-114.332,8.92665e-07,88.4976,-68.7661,91.5024,108.201,-1457.64,-424.705,-1472.32,-478.923
-1480.0,-454.0,-113.108,7.31434e-07,88.1442,71.2059,91.8558,111.846,-1470.14,-425.038,-1470.14,-425.038
-1478.0,-454.0,-112.134,7.29321e-07,88.1167,71.7025,91.8833,111.35,-1468.41,-424.992,-1468.41,-424.992
-1476.0,-454.0,-111.45,7.27264e-07,88.0891,72.202,91.9109,110.85,-1466.67,-424.945,-1466.67,-424.945
-1474.0,-454.0,-110.964,7.25263e-07,88.0616,72.7042,91.9384,110.348,-1464.94,-424.899,-1464.94,-424.899
-1472.0,-454.0,-110.617,7.23318e-07,88.034,73.2092,91.966,109.843,-1463.21,-424.853,-1463.21,-424.853
-1470.0,-454.0,-110.367,7.21429e-07,88.0065,73.717,91.9935,109.335,-1461.47,-424.807,-1461.47,-424.807
-1468.0,-454.0,-109.803,6.39559e-07,87.7259,-48.6978,92.2741,130.51,-1425.59,-570.045,-1397.66,-534.058
-1466.0,-454.0,-109.375,6.35178e-07,87.7092,-49.1504,92.2908,130.057,-1425.6,-569.547,-1397.69,-532.995
-1464.0,-454.0,-109.993,7.16087e-07,87.9682,75.2557,92.0318,107.796,-1456.28,-424.669,-1456.28,-424.669
-1462.0,-454.0,-109.956,7.14419e-07,87.9634,75.7737,92.0366,107.279,-1454.55,-424.622,-1454.55,-424.622
-1460.0,-454.0,-109.955,7.12809e-07,87.9588,76.2939,92.0412,106.758,-1452.82,-424.576,-1452.82,-424.576
-1458.0,-454.0,-105.349,5.24809e-07,87.2271,-68.334,92.7729,111.666,-1458.0,-454.0,-1400.0,-600.0
-1456.0,-454.0,-105.308,5.22385e-07,87.2142,-69.0151,92.7858,110.985,-1456.0,-454.0,-1400.0,-600.0
-1454.0,-454.0,-105.269,5.20035e-07,87.2016,-69.7024,92.7984,110.298,-1454.0,-454.0,-1400.0,-600.0
-1452.0,-454.0,-105.231,5.17761e-07,87.1893,-70.3959,92.8107,109.604,-1452.0,-454.0,-1400.0,-600.0
-1450.0,-454.0,-105.194,5.15563e-07,87.1773,-71.0954,92.8227,108.905,-1450.0,-454.0,-1400.0,-600.0
-1448.0,-454.0,-105.158,5.13442e-07,87.1656,-71.8008,92.8344,108.199,-1448.0,-454.0,-1400.0,-600.0
-1446.0,-454.0,-105.123,5.114e-07,87.1543,-72.512,92.8457,107.488,-1446.0,-454.0,-1400.0,-600.0
-1444.0,-454.0,-105.09,5.09436e-07,87.1433,-73.2288,92.8567,106.771,-1444.0,-454.0,-1400.0,-600.0
-1442.0,-454.0,-105.058,5.07558e-07,87.1221,-73.951,92.8779,106.049,-1442.0,-454.0,-1400.0,-600.0
-1440.0,-454.0,-105.027,5.0577e-07,87.08,-74.6785,92.92,105.322,-1440.0,-454.0,-1400.0,-600.0
-1438.0,-454.0,-104.998,5.04065e-07,87.038,-75.4111,92.962,104.589,-1438.0,-454.0,-1400.0,-600.0
-1436.0,-454.0,-104.97,5.02442e-07,86.9963,-76.1486,93.0037,103.851,-1436.0,-454.0,-1400.0,-600.0
-1434.0,-454.0,-104.943,5.00904e-07,86.9548,-76.8908,93.0452,103.109,-1434.0,-454.0,-1400.0,-600.0
-1432.0,-454.0,-104.918,4.9945e-07,86.9136,-77.6375,93.0864,102.362,-1432.0,-454.0,-1400.0,-600.0
-1430.0,-454.0,-104.894,4.98081e-07,86.8726,-78.3885,93.1274,101.611,-1430.0,-454.0,-1400.0,-600.0
-1428.0,-454.0,-104.871,4.96798e-07,86.832,-79.1436,93.168,100.856,-1428.0,-454.0,-1400.0,-600.0
-1426.0,-454.0,-104.85,4.95602e-07,86.7917,-79.9025,93.2083,100.098,-1426.0,-454.0,-1400.0,-600.0
-1424.0,-454.0,-130.518,4.94587e-07,86.7524,-82.8416,93.2476,99.908,-1420.16,-484.607,-1420.16,-484.607
-1422.0,-454.0,-140.836,5.08627e-07,86.8104,-96.1468,93.1896,111.97,-1429.78,-526.194,-1429.78,-526.194
-1420.0,-454.0,-155.469,7.17683e-07,87.7114,-138.691,92.2886,129.985,-1425.61,-569.467,-1459.8,-488.976
-1418.0,-454.0,-155.176,7.1074e-07,87.6547,97.4249,92.3453,111.97,-1429.78,-526.194,-1421.94,-423.754
-1416.0,-454.0,-153.696,7.11662e-07,87.635,98.276,92.365,111.97,-1429.78,-526.194,-1420.41,-423.713
-1414.0,-454.0,-165.016,1.08559e-06,88.435,163.225,91.565,130.064,-1425.6,-569.555,-1498.9,-428.409
-1412.0,-454.0,-163.163,8.97676e-07,88.0893,120.953,91.9107,-101.002,-1403.6,-618.518,-1430.01,-423.969
-1410.0,-454.0,-155.591,7.83631e-07,87.7905,121.586,92.2095,111.97,-1429.78,-526.194,-1428.49,-423.928
-1408.0,-454.0,-158.428,7.87166e-07,87.7799,122.212,92.2201,111.97,-1429.78,-526.194,-1426.97,-423.888
-1406.0,-454.0,-163.069,7.90762e-07,87.7695,122.828,92.2305,111.97,-1429.78,-526.194,-1425.45,-423.847
-1404.0,-454.0,-165.347,1.11769e-06,88.4077,164.77,91.5923,130.064,-1425.6,-569.555,-1498.9,-428.163
-1402.0,-454.0,-165.454,1.7452e-06,88.9711,-11.6612,91.0289,33.5575,-1384.69,-589.841,-1164.02,-503.116
-1400.0,-454.0,-163.792,8.01904e-07,87.7401,124.628,92.2599,111.97,-1429.78,-526.194,-1420.91,-423.726
-1398.0,-454.0,-165.288,1.73215e-06,88.9447,-11.8324,91.0553,33.5575,-1384.69,-589.841,-1164.02,-503.018
-1396.0,-454.0,-165.205,1.72562e-06,88.9353,-11.9199,91.0647,33.5575,-1384.69,-589.841,-1164.03,-502.968
-1394.0,-454.0,-165.123,1.7191e-06,88.9253,-12.0086,91.0747,33.5575,-1384.69,-589.841,-1164.03,-502.917
-1392.0,-454.0,-166.126,1.15649e-06,88.3883,166.293,91.6117,130.064,-1425.6,-569.555,-1498.9,-427.925
-1390.0,-454.0,-166.274,1.16298e-06,88.3835,166.518,91.6165,130.064,-1425.6,-569.555,-1498.91,-427.89
-1388.0,-454.0,-166.426,1.16948e-06,88.3786,166.736,91.6214,130.064,-1425.6,-569.555,-1498.91,-427.856
-1386.0,-454.0,-166.581,1.17598e-06,88.3739,166.947,91.6261,130.064,-1425.6,-569.555,-1498.91,-427.823
-1384.0,-454.0,-166.739,1.18249e-06,88.3692,167.152,91.6308,130.064,-1425.6,-569.555,-1498.91,-427.792
-1382.0,-454.0,-166.899,1.18901e-06,88.3645,167.35,91.6355,130.064,-1425.6,-569.555,-1498.91,-427.761
-1380.0,-454.0,-167.062,1.19553e-06,88.3599,167.543,91.6401,130.064,-1425.6,-569.555,-1498.91,-427.731
-1378.0,-454.0,-167.226,1.20205e-06,88.3554,167.729,91.6446,130.064,-1425.6,-569.555,-1498.91,-427.703
-1376.0,-454.0,-167.03,1.94425e-06,88.975,-23.2537,91.025,-14.6085,-1339.34,-615.81,-1255.0,-505.994
-1374.0,-454.0,-166.623,1.93813e-06,88.9634,-23.4677,91.0366,-14.6085,-1339.34,-615.81,-1255.0,-505.661
-1372.0,-454.0,-166.283,1.93202e-06,88.9469,-23.6854,91.0531,-14.6085,-1339.34,-615.81,-1255.01,-505.32
-1370.0,-454.0,-166.005,1.92592e-06,88.9335,-23.907,91.0665,-14.6085,-1339.34,-615.81,-1255.01,-504.972
-1368.0,-454.0,-165.782,1.91983e-06,88.9217,-24.1325,91.0783,-14.6085,-1339.34,-615.81,-1255.02,-504.617
-1366.0,-454.0,-159.58,2.00136e-06,86.6517,-42.9993,88.35,16.5744,-1363.71,-589.2,-1334.68,-483.204
-1364.0,-454.0,-159.441,1.99651e-06,86.6197,-43.1304,88.351,16.444,-1363.37,-589.189,-1332.87,-483.166
-1362.0,-454.0,-159.343,1.99167e-06,86.5874,-43.2621,88.352,16.313,-1363.03,-589.179,-1331.05,-483.129
-1360.0,-454.0,-163.913,9.15066e-07,87.6666,143.477,92.3334,89.6826,-1399.57,-523.105,-1390.45,-431.452
-1358.0,-454.0,-164.53,9.20448e-07,87.6627,143.82,92.3373,89.6826,-1399.57,-523.105,-1388.86,-431.433
-1356.0,-454.0,-163.663,1.02717e-06,87.8899,-31.9183,92.1101,-43.3117,-1381.35,-617.58,-1254.88,-516.986
-1354.0,-454.0,-161.927,1.02153e-06,87.8625,-32.1909,92.1375,-43.3117,-1381.35,-617.58,-1254.89,-516.393
-1352.0,-454.0,-160.453,1.01591e-06,87.8347,-32.4677,92.1653,-43.3117,-1381.35,-617.58,-1254.89,-515.787
-1350.0,-454.0,-167.105,1.52754e-06,88.5496,-76.3802,91.4504,-14.6085,-1339.34,-615.81,-1329.2,-539.827
-1348.0,-454.0,-167.262,1.52604e-06,88.5454,-77.6479,91.4546,-14.6085,-1339.34,-615.81,-1329.2,-539.827
-1346.0,-454.0,-167.496,1.52469e-06,88.5341,-78.928,91.4659,-14.6085,-1339.34,-615.81,-1329.2,-539.827
-1344.0,-454.0,-167.812,1.52349e-06,88.5223,-80.2193,91.4777,-14.6085,-1339.34,-615.81,-1329.2,-539.827
-1342.0,-454.0,-170.39,1.32011e-06,88.2823,170.345,91.7177,130.064,-1425.6,-569.555,-1498.92,-427.305
-1340.0,-454.0,-170.57,1.32669e-06,88.2787,170.458,91.7213,130.064,-1425.6,-569.555,-1498.92,-427.288
-1338.0,-454.0,-170.75,1.33328e-06,88.2751,170.569,91.7249,130.064,-1425.6,-569.555,-1498.92,-427.271
-1336.0,-454.0,-170.929,1.33987e-06,88.2715,170.677,91.7285,130.064,-1425.6,-569.555,-1498.92,-427.255
-1334.0,-454.0,0.0,0.0,0.0,0.0,0.0,0.0,0.0,0.0,0.0,0.0
-1332.0,-454.0,0.0,0.0,0.0,0.0,0.0,0.0,0.0,0.0,0.0,0.0
-1330.0,-454.0,0.0,0.0,0.0,0.0,0.0,0.0,0.0,0.0,0.0,0.0
-1328.0,-454.0,0.0,0.0,0.0,0.0,0.0,0.0,0.0,0.0,0.0,0.0
-1326.0,-454.0,0.0,0.0,0.0,0.0,0.0,0.0,0.0,0.0,0.0,0.0
-1324.0,-454.0,0.0,0.0,0.0,0.0,0.0,0.0,0.0,0.0,0.0,0.0
-1322.0,-454.0,0.0,0.0,0.0,0.0,0.0,0.0,0.0,0.0,0.0,0.0
-1320.0,-454.0,0.0,0.0,0.0,0.0,0.0,0.0,0.0,0.0,0.0,0.0
-1318.0,-454.0,0.0,0.0,0.0,0.0,0.0,0.0,0.0,0.0,0.0,0.0
-1316.0,-454.0,0.0,0.0,0.0,0.0,0.0,0.0,0.0,0.0,0.0,0.0
-1314.0,-454.0,0.0,0.0,0.0,0.0,0.0,0.0,0.0,0.0,0.0,0.0
-1312.0,-454.0,0.0,0.0,0.0,0.0,0.0,0.0,0.0,0.0,0.0,0.0
-1310.0,-454.0,-159.175,2.11539e-06,88.8603,-12.3724,91.1397,-15.5937,-1342.83,-615.957,-1209.7,-476.002
-1308.0,-454.0,-159.231,2.10887e-06,88.8568,-12.4329,91.1432,-15.5937,-1342.83,-615.957,-1209.71,-475.669
-1306.0,-454.0,-159.288,2.10235e-06,88.8532,-12.4939,91.1468,-15.5937,-1342.83,-615.957,-1209.72,-475.333
-1304.0,-454.0,-156.973,1.02543e-06,87.6484,-53.745,92.3516,-35.9954,-1376.1,-617.359,-1254.84,-521.039
-1302.0,-454.0,-156.702,9.23772e-07,87.3876,-140.138,92.6124,-43.3117,-1381.35,-617.58,-1310.08,-460.748
-1300.0,-454.0,-155.775,9.28925e-07,87.3718,-140.516,92.6282,-43.3117,-1381.35,-617.58,-1310.05,-462.283
-1298.0,-454.0,-155.317,9.34097e-07,87.369,-140.888,92.631,-43.3117,-1381.35,-617.58,-1310.03,-463.778
-1296.0,-454.0,-128.008,1.34835e-06,88.1657,49.4692,91.8343,-43.3117,-1381.35,-617.58,-1246.37,-395.948
-1294.0,-454.0,-125.052,1.34404e-06,88.1478,49.7423,91.8522,-43.3117,-1381.35,-617.58,-1244.77,-395.867
-1292.0,-454.0,-127.79,1.33974e-06,88.1298,49.9833,91.8702,-43.396,-1381.4,-617.583,-1243.12,-395.782
-1290.0,-454.0,-131.952,1.33548e-06,88.1117,50.2444,91.8883,-43.396,-1381.4,-617.583,-1241.5,-395.699
-1288.0,-454.0,-135.809,1.33123e-06,88.0936,50.5076,91.9064,-43.396,-1381.4,-617.583,-1239.88,-395.616
-1286.0,-454.0,-139.417,1.32701e-06,88.0753,50.7728,91.9247,-43.396,-1381.4,-617.583,-1238.27,-395.533
-1284.0,-454.0,-143.031,1.32282e-06,88.057,51.0399,91.943,-43.396,-1381.4,-617.583,-1236.65,-395.45
-1282.0,-454.0,-146.76,1.31864e-06,88.0386,51.3091,91.9614,-43.396,-1381.4,-617.583,-1235.04,-395.367
-1280.0,-454.0,-150.19,1.3145e-06,88.0201,51.5804,91.9799,-43.396,-1381.4,-617.583,-1233.43,-395.284
-1278.0,-454.0,-152.365,1.31037e-06,88.0016,51.8537,91.9984,-43.396,-1381.4,-617.583,-1231.82,-395.201
-1276.0,-454.0,-153.462,1.30628e-06,87.9829,52.1291,92.0171,-43.396,-1381.4,-617.583,-1230.21,-395.119
-1274.0,-454.0,-154.531,1.30221e-06,87.9642,52.4065,92.0358,-43.396,-1381.4,-617.583,-1228.6,-395.036
-1272.0,-454.0,-150.485,7.98826e-07,83.8249,-121.794,81.5025,56.6795,-1393.5,-590.111,-1373.19,-617.236
-1270.0,-454.0,-150.406,8.02372e-07,83.8267,-122.202,81.5434,56.2727,-1393.4,-590.108,-1372.79,-617.22
-1268.0,-454.0,-150.438,8.05958e-07,83.8288,-122.606,81.5844,55.8695,-1393.29,-590.105,-1372.4,-617.203
-1266.0,-454.0,-150.578,8.09583e-07,83.8311,-123.007,81.6254,55.4701,-1393.19,-590.101,-1372.0,-617.186
-1264.0,-454.0,-145.593,7.60354e-07,86.4056,-123.152,93.5944,-43.3117,-1381.35,-617.58,-1342.6,-574.333
-1262.0,-454.0,-144.999,7.64047e-07,86.4019,-123.815,93.5981,-43.3117,-1381.35,-617.58,-1342.6,-574.333
-1260.0,-454.0,-144.374,7.67802e-07,86.3984,-124.467,93.6016,-43.3117,-1381.35,-617.58,-1342.6,-574.333
-1258.0,-454.0,-143.705,7.7162e-07,86.3953,-125.109,93.6047,-43.3117,-1381.35,-617.58,-1342.6,-574.333
-1256.0,-454.0,-142.98,7.75498e-07,86.3925,-125.742,93.6075,-43.3117,-1381.35,-617.58,-1342.6,-574.333
-1254.0,-454.0,-141.405,7.79136e-07,86.3962,-127.036,93.6038,-43.396,-1381.4,-617.583,-1355.83,-588.959
-1252.0,-454.0,-140.332,7.83143e-07,86.4498,-127.573,93.5502,-43.396,-1381.4,-617.583,-1355.83,-588.959
-1250.0,-454.0,-139.132,7.87204e-07,86.4981,-128.103,93.5019,-43.396,-1381.4,-617.583,-1355.83,-588.959
-1248.0,-454.0,-137.772,7.91321e-07,86.5368,-128.625,93.4632,-43.396,-1381.4,-617.583,-1355.83,-588.959
-1246.0,-454.0,-134.533,9.5952e-07,87.103,-120.937,92.7603,56.2839,-1393.4,-590.108,-1317.73,-573.684
-1244.0,-454.0,-131.159,9.62949e-07,87.1419,-121.277,92.7495,55.9424,-1393.31,-590.105,-1316.69,-573.657
-1242.0,-454.0,-128.598,9.66413e-07,87.1806,-121.615,92.7387,55.6033,-1393.22,-590.103,-1315.64,-573.63
-1240.0,-454.0,-126.704,9.6991e-07,87.2191,-121.951,92.7279,55.2667,-1393.14,-590.1,-1314.59,-573.602
-1238.0,-454.0,-124.873,8.12598e-07,86.727,-131.124,93.273,-43.396,-1381.4,-617.583,-1355.83,-588.959
-1236.0,-454.0,-119.019,8.16985e-07,86.7644,-131.602,93.2356,-43.396,-1381.4,-617.583,-1355.83,-588.959
-1234.0,-454.0,-119.708,8.21413e-07,86.8016,-132.066,93.1984,-43.3117,-1381.35,-617.58,-1342.6,-574.333
-1232.0,-454.0,-126.329,8.25884e-07,86.8385,-132.587,93.1615,-43.3117,-1381.35,-617.58,-1342.6,-574.333
-1230.0,-454.0,-130.66,8.304e-07,86.8751,-133.099,93.1249,-43.3117,-1381.35,-617.58,-1342.6,-574.333
-1228.0,-454.0,-133.681,8.34937e-07,86.9395,-133.602,93.0605,-43.3117,-1381.35,-617.58,-1342.6,-574.333
-1226.0,-454.0,-135.954,8.39509e-07,87.0139,-134.097,92.9861,-43.3117,-1381.35,-617.58,-1342.6,-574.333
-1224.0,-454.0,-137.767,8.44124e-07,87.0877,-134.585,92.9123,-43.3117,-1381.35,-617.58,-1342.6,-574.333
-1222.0,-454.0,-139.268,8.4878e-07,87.1608,-135.064,92.8392,-43.3117,-1381.35,-617.58,-1342.6,-574.333
-1220.0,-454.0,-129.877,9.20646e-07,87.4352,-138.137,92.5648,-36.5759,-1376.58,-617.379,-1356.22,-576.067
-1218.0,-454.0,-127.388,9.25584e-07,87.5013,-138.413,92.4987,-36.3,-1376.35,-617.37,-1356.21,-576.649
-1216.0,-454.0,-124.229,9.30545e-07,87.5667,-138.686,92.4333,-36.027,-1376.13,-617.36,-1356.19,-577.219
-1214.0,-454.0,-131.661,9.35531e-07,87.6315,-139.042,92.3685,-35.9954,-1376.1,-617.359,-1356.18,-577.414
-1212.0,-454.0,-133.708,9.40546e-07,87.6956,-139.405,92.3044,-35.9954,-1376.1,-617.359,-1356.18,-577.556
-1210.0,-454.0,0.0,0.0,0.0,0.0,0.0,0.0,0.0,0.0,0.0,0.0
-1208.0,-454.0,0.0,0.0,0.0,0.0,0.0,0.0,0.0,0.0,0.0,0.0
-1206.0,-454.0,0.0,0.0,0.0,0.0,0.0,0.0,0.0,0.0,0.0,0.0
-1204.0,-454.0,0.0,0.0,0.0,0.0,0.0,0.0,0.0,0.0,0.0,0.0
-1202.0,-454.0,0.0,0.0,0.0,0.0,0.0,0.0,0.0,0.0,0.0,0.0
-1600.0,-452.0,-159.893,1.24935e-06,88.4846,42.2159,91.5154,130.461,-1425.59,-569.992,-1531.69,-390.021
-1598.0,-452.0,-162.149,9.94729e-07,88.0804,-10.3896,91.9196,99.908,-1420.16,-484.607,-1420.16,-484.607
-1596.0,-452.0,-160.61,1.23957e-06,88.4466,43.4131,91.5534,130.461,-1425.59,-569.992,-1530.47,-390.0
-1594.0,-452.0,-156.67,1.23476e-06,88.4275,44.0322,91.5725,130.461,-1425.59,-569.992,-1529.86,-389.989
-1592.0,-452.0,-162.247,1.00663e-06,88.0549,27.9085,91.9451,96.8954,-1412.1,-499.96,-1553.25,-431.475
-1590.0,-452.0,-161.861,1.00075e-06,88.0274,28.178,91.9726,96.8954,-1412.1,-499.96,-1551.63,-431.446
-1588.0,-452.0,-161.542,9.9489e-07,87.9995,28.4524,92.0005,96.8954,-1412.1,-499.96,-1550.02,-431.418
-1586.0,-452.0,-161.277,9.89025e-07,88.0022,28.7317,91.9978,96.8954,-1412.1,-499.96,-1548.4,-431.389
-1584.0,-452.0,-161.055,9.83175e-07,88.0067,29.0161,91.9933,96.8954,-1412.1,-499.96,-1546.79,-431.361
-1582.0,-452.0,-160.87,9.77341e-07,88.0114,29.3057,91.9886,96.8954,-1412.1,-499.96,-1545.18,-431.332
-1580.0,-452.0,-160.716,9.71524e-07,88.0161,29.6005,91.9839,96.8954,-1412.1,-499.96,-1543.57,-431.304
-1578.0,-452.0,-160.593,9.65724e-07,88.0209,29.9008,91.9791,96.8954,-1412.1,-499.96,-1541.96,-431.275
-1576.0,-452.0,-160.5,9.59941e-07,88.0258,30.2067,91.9742,96.8954,-1412.1,-499.96,-1540.35,-431.247
-1574.0,-452.0,-160.438,9.54177e-07,88.0308,30.5183,91.9692,96.8954,-1412.1,-499.96,-1538.75,-431.218
-1572.0,-452.0,-160.413,9.48431e-07,88.0359,30.8358,91.9641,96.8954,-1412.1,-499.96,-1537.14,-431.19
-1570.0,-452.0,-160.431,9.42704e-07,88.0411,31.1593,91.9589,96.8954,-1412.1,-499.96,-1535.54,-431.162
-1568.0,-452.0,-160.505,9.36997e-07,88.0464,31.4889,91.9536,96.8954,-1412.1,-499.96,-1533.93,-431.133
-1566.0,-452.0,-160.65,9.3131e-07,88.0518,31.8248,91.9482,96.8954,-1412.1,-499.96,-1532.33,-431.105
-1564.0,-452.0,-160.889,9.25645e-07,88.0555,32.1672,91.9445,96.8954,-1412.1,-499.96,-1530.73,-431.077
-1562.0,-452.0,-161.12,9.26341e-07,88.057,29.2476,91.943,99.908,-1420.16,-484.607,-1524.44,-430.965
-1560.0,-452.0,-148.497,1.13142e-06,88.4173,-47.462,91.5827,130.064,-1425.6,-569.555,-1532.37,-482.115
-1558.0,-452.0,-161.493,9.14728e-07,88.0599,29.9616,91.9401,99.908,-1420.16,-484.607,-1521.42,-430.912
-1556.0,-452.0,-161.719,9.0895e-07,88.0653,30.3305,91.9347,99.908,-1420.16,-484.607,-1519.91,-430.885
-1554.0,-452.0,-161.791,9.03195e-07,88.0709,30.7078,91.9291,99.908,-1420.16,-484.607,-1518.4,-430.859
-1552.0,-452.0,-157.853,9.65667e-07,88.2124,38.039,91.7876,117.862,-1429.33,-544.506,-1525.13,-430.978
-1550.0,-452.0,-157.644,9.60416e-07,88.2195,38.3529,91.7805,117.862,-1429.33,-544.506,-1523.39,-430.947
-1548.0,-452.0,-157.535,9.55188e-07,88.2266,38.6712,91.7734,117.862,-1429.33,-544.506,-1521.66,-430.916
-1546.0,-452.0,-157.532,9.49984e-07,88.2339,38.9941,91.7661,117.862,-1429.33,-544.506,-1519.92,-430.885
-1544.0,-452.0,-157.657,9.44803e-07,88.2413,39.3214,91.7587,117.862,-1429.33,-544.506,-1518.19,-430.855
-1542.0,-452.0,-157.943,9.39646e-07,88.2489,39.6535,91.7511,117.862,-1429.33,-544.506,-1516.45,-430.824
-1540.0,-452.0,-158.456,9.34517e-07,88.2521,39.9902,91.7479,117.862,-1429.33,-544.506,-1514.72,-430.793
-1538.0,-452.0,-158.831,8.54216e-07,88.0877,37.2877,91.9123,96.8954,-1412.1,-499.96,-1510.04,-430.711
-1536.0,-452.0,-156.909,9.0535e-07,88.1957,43.4015,91.8043,129.985,-1425.61,-569.467,-1513.55,-430.773
-1534.0,-452.0,-153.988,9.00518e-07,88.1922,43.8298,91.8078,129.985,-1425.61,-569.467,-1511.86,-430.743
-1532.0,-452.0,-151.76,8.95706e-07,88.2185,44.2649,91.7815,129.985,-1425.61,-569.467,-1510.16,-430.713
-1530.0,-452.0,-150.134,8.9093e-07,88.2452,44.7068,91.7548,129.985,-1425.61,-569.467,-1508.46,-430.683
-1528.0,-452.0,-146.441,8.85705e-07,88.2713,46.2223,91.7287,129.101,-1425.63,-568.463,-1507.56,-430.667
-1526.0,-452.0,-123.178,8.80553e-07,88.2979,47.4451,91.7021,133.789,-1425.51,-573.383,-1506.4,-430.646
-1524.0,-452.0,-126.427,8.76039e-07,88.326,47.7667,91.674,133.467,-1425.52,-573.075,-1504.59,-430.614
-1522.0,-452.0,-127.864,8.71553e-07,88.3544,48.0917,91.6456,133.142,-1425.53,-572.759,-1502.78,-430.582
-1520.0,-452.0,-126.301,8.67095e-07,88.3832,48.42,91.6168,132.814,-1425.54,-572.436,-1500.97,-430.55
-1518.0,-452.0,-123.121,8.62667e-07,88.4123,48.7517,91.5877,132.482,-1425.54,-572.106,-1499.16,-430.518
-1516.0,-452.0,-129.605,1.07394e-06,88.7548,67.8842,91.2452,111.109,-1467.57,-424.969,-1507.33,-430.663
-1514.0,-452.0,-129.594,1.07143e-06,88.782,68.2149,91.218,110.778,-1466.42,-424.939,-1505.46,-430.63
-1512.0,-452.0,-129.746,1.06897e-06,88.7831,68.5471,91.2169,110.446,-1465.28,-424.908,-1503.59,-430.597
-1510.0,-452.0,-125.168,8.6971e-07,88.5042,52.4425,91.4958,129.985,-1425.61,-569.467,-1489.67,-425.558
-1508.0,-452.0,-127.702,1.06417e-06,88.7776,69.2161,91.2224,109.777,-1462.98,-424.847,-1499.85,-430.53
-1506.0,-452.0,-132.599,9.40398e-07,88.6167,-62.8038,91.3833,69.5502,-1396.34,-590.198,-1491.64,-479.95
-1504.0,-452.0,-127.06,9.37369e-07,88.6122,-63.1752,91.3878,69.694,-1396.35,-590.128,-1489.91,-479.858
-1502.0,-452.0,-125.625,9.24961e-07,88.5936,-65.059,91.4064,111.908,-1470.36,-425.044,-1489.07,-479.813
-1500.0,-452.0,-123.351,9.22168e-07,88.5893,-65.4351,91.4107,111.532,-1469.04,-425.009,-1487.33,-479.721
-1498.0,-452.0,-118.699,1.08288e-06,88.7987,72.4343,91.2013,107.585,-1455.57,-424.65,-1489.63,-425.557
-1496.0,-452.0,-118.327,1.08089e-06,88.7965,72.7716,91.2035,107.248,-1454.45,-424.62,-1487.78,-425.508
-1494.0,-452.0,-117.906,9.14029e-07,88.5767,-66.5769,91.4233,110.39,-1465.08,-424.903,-1482.11,-479.443
-1492.0,-452.0,-116.837,9.11397e-07,88.5726,-66.962,91.4274,110.005,-1463.76,-424.868,-1480.37,-479.351
-1490.0,-452.0,-116.024,9.08808e-07,88.5681,-67.3493,91.4319,109.618,-1462.44,-424.833,-1478.63,-479.258
-1488.0,-452.0,-115.406,9.06266e-07,88.5463,-67.7388,91.4537,109.228,-1461.11,-424.797,-1476.88,-479.165
-1486.0,-452.0,-114.934,9.03767e-07,88.5244,-68.1304,91.4756,108.837,-1459.78,-424.762,-1475.13,-479.072
-1484.0,-452.0,-114.576,9.01311e-07,88.5024,-68.5243,91.4976,108.443,-1458.45,-424.726,-1473.39,-478.98
-1482.0,-452.0,-114.308,8.98898e-07,88.4805,-68.9202,91.5195,108.047,-1457.12,-424.691,-1471.64,-478.887
-1480.0,-452.0,-114.112,8.96527e-07,88.4584,-69.3183,91.5416,107.649,-1455.79,-424.655,-1469.89,-478.793
-1478.0,-452.0,-112.348,7.23006e-07,88.066,71.5364,91.934,111.516,-1468.99,-425.007,-1468.99,-425.007
-1476.0,-452.0,-111.569,7.20931e-07,88.038,72.0398,91.962,111.012,-1467.24,-424.96,-1467.24,-424.96
-1474.0,-452.0,-111.021,7.18912e-07,88.01,72.546,91.99,110.506,-1465.48,-424.914,-1465.48,-424.914
-1472.0,-452.0,-110.631,7.1695e-07,87.982,73.0551,92.018,109.997,-1463.73,-424.867,-1463.73,-424.867
-1470.0,-452.0,-109.99,6.48976e-07,87.7457,-48.644,92.2543,130.564,-1425.59,-570.103,-1397.66,-534.183
-1468.0,-452.0,-109.541,6.44593e-07,87.7235,-49.0896,92.2765,130.118,-1425.6,-569.615,-1397.69,-533.139
-1466.0,-452.0,-110.014,7.11389e-07,87.9373,74.5987,92.0627,108.453,-1458.49,-424.727,-1458.49,-424.727
-1464.0,-452.0,-109.925,7.09647e-07,87.9323,75.1185,92.0677,107.934,-1456.74,-424.681,-1456.74,-424.681
-1462.0,-452.0,-109.878,7.07964e-07,87.9274,75.6408,92.0726,107.411,-1454.99,-424.634,-1454.99,-424.634
-1460.0,-452.0,-109.868,7.0634e-07,87.9226,76.1656,92.0774,106.887,-1453.25,-424.588,-1453.25,-424.588
-1458.0,-452.0,-105.451,5.3102e-07,87.2362,-68.6002,92.7638,111.4,-1458.0,-452.0,-1400.0,-600.0
-1456.0,-452.0,-105.412,5.28624e-07,87.2237,-69.2744,92.7763,110.726,-1456.0,-452.0,-1400.0,-600.0
-1454.0,-452.0,-105.374,5.26302e-07,87.2114,-69.9548,92.7886,110.045,-1454.0,-452.0,-1400.0,-600.0
-1452.0,-452.0,-105.336,5.24055e-07,87.1995,-70.641,92.8005,109.359,-1452.0,-452.0,-1400.0,-600.0
-1450.0,-452.0,-105.3,5.21884e-07,87.1878,-71.3331,92.8122,108.667,-1450.0,-452.0,-1400.0,-600.0
-1448.0,-452.0,-105.265,5.19789e-07,87.1764,-72.0309,92.8236,107.969,-1448.0,-452.0,-1400.0,-600.0
-1446.0,-452.0,-105.231,5.17771e-07,87.1654,-72.7342,92.8346,107.266,-1446.0,-452.0,-1400.0,-600.0
-1444.0,-452.0,-105.199,5.15832e-07,87.1548,-73.4429,92.8452,106.557,-1444.0,-452.0,-1400.0,-600.0
-1442.0,-452.0,-105.167,5.13977e-07,87.134,-74.1569,92.866,105.843,-1442.0,-452.0,-1400.0,-600.0
-1440.0,-452.0,-105.137,5.12212e-07,87.0926,-74.876,92.9074,105.124,-1440.0,-452.0,-1400.0,-600.0
-1438.0,-452.0,-105.109,5.10528e-07,87.0513,-75.6,92.9487,104.4,-1438.0,-452.0,-1400.0,-600.0
-1436.0,-452.0,-105.081,5.08927e-07,87.0103,-76.3287,92.9897,103.671,-1436.0,-452.0,-1400.0,-600.0
-1434.0,-452.0,-105.055,5.07408e-07,86.9695,-77.0619,93.0305,102.938,-1434.0,-452.0,-1400.0,-600.0
-1432.0,-452.0,-105.031,5.05973e-07,86.9289,-77.7995,93.0711,102.2,-1432.0,-452.0,-1400.0,-600.0
-1430.0,-452.0,-105.007,5.04622e-07,86.8887,-78.5412,93.1113,101.459,-1430.0,-452.0,-1400.0,-600.0
-1428.0,-452.0,-104.985,5.03356e-07,86.8487,-79.2869,93.1513,100.713,-1428.0,-452.0,-1400.0,-600.0
-1426.0,-452.0,-104.965,5.02176e-07,86.8091,-80.0362,93.1909,99.9638,-1426.0,-452.0,-1400.0,-600.0
-1424.0,-452.0,-132.74,5.01214e-07,86.7707,-83.2765,93.2293,99.908,-1420.16,-484.607,-1420.16,-484.607
-1422.0,-452.0,-141.069,5.15266e-07,86.8263,-95.9824,93.1737,111.97,-1429.78,-526.194,-1429.78,-526.194
-1420.0,-452.0,-155.402,7.19481e-07,87.6828,-134.806,92.3172,129.101,-1425.63,-568.463,-1459.64,-491.913
-1418.0,-452.0,-154.856,7.04147e-07,87.5976,97.5377,92.4024,111.97,-1429.78,-526.194,-1421.74,-423.748
-1416.0,-452.0,-153.329,7.05083e-07,87.5778,98.4014,92.4222,111.97,-1429.78,-526.194,-1420.18,-423.707
-1414.0,-452.0,-159.064,6.94673e-07,87.5182,-150.095,92.4818,82.1554,-1396.76,-576.497,-1460.35,-478.657
-1412.0,-452.0,-154.683,7.74469e-07,87.7532,121.34,92.2468,111.97,-1429.78,-526.194,-1429.08,-423.944
-1410.0,-452.0,-157.095,7.7798e-07,87.7426,121.978,92.2574,111.97,-1429.78,-526.194,-1427.54,-423.903
-1408.0,-452.0,-161.048,7.81553e-07,87.7323,122.607,92.2677,111.97,-1429.78,-526.194,-1426.0,-423.862
-1406.0,-452.0,-165.267,1.10954e-06,88.3883,165.54,91.6117,130.064,-1425.6,-569.555,-1498.9,-428.042
-1404.0,-452.0,-165.383,1.7531e-06,88.9708,-11.9829,91.0292,33.5575,-1384.69,-589.841,-1164.03,-502.932
-1402.0,-452.0,-165.187,7.92637e-07,87.7028,124.443,92.2972,111.97,-1429.78,-526.194,-1421.38,-423.739
-1400.0,-452.0,-165.713,1.12897e-06,88.3731,166.317,91.6269,130.064,-1425.6,-569.555,-1498.9,-427.921
-1398.0,-452.0,-165.872,1.13546e-06,88.371,166.558,91.629,130.064,-1425.6,-569.555,-1498.91,-427.883
-1396.0,-452.0,-166.034,1.14195e-06,88.3802,166.791,91.6198,130.064,-1425.6,-569.555,-1498.91,-427.847
-1394.0,-452.0,-166.201,1.14846e-06,88.3804,167.017,91.6196,130.064,-1425.6,-569.555,-1498.91,-427.812
-1392.0,-452.0,-166.371,1.15497e-06,88.3755,167.234,91.6245,130.064,-1425.6,-569.555,-1498.91,-427.779
-1390.0,-452.0,-166.543,1.16148e-06,88.3707,167.445,91.6293,130.064,-1425.6,-569.555,-1498.91,-427.746
-1388.0,-452.0,-166.718,1.16801e-06,88.366,167.649,91.634,130.064,-1425.6,-569.555,-1498.91,-427.715
-1386.0,-452.0,-166.896,1.17453e-06,88.3613,167.847,91.6387,130.064,-1425.6,-569.555,-1498.91,-427.685
-1384.0,-452.0,-167.075,1.18107e-06,88.3567,168.038,91.6433,130.064,-1425.6,-569.555,-1498.91,-427.655
-1382.0,-452.0,-167.257,1.1876e-06,88.3522,168.224,91.6478,130.064,-1425.6,-569.555,-1498.91,-427.627
-1380.0,-452.0,-167.036,1.95914e-06,88.993,-23.3217,91.007,-14.6085,-1339.34,-615.81,-1255.0,-505.888
-1378.0,-452.0,-166.658,1.95302e-06,88.9815,-23.5318,91.0185,-14.6085,-1339.34,-615.81,-1255.01,-505.561
-1376.0,-452.0,-166.344,1.94691e-06,88.9701,-23.7456,91.0299,-14.6085,-1339.34,-615.81,-1255.01,-505.226
-1374.0,-452.0,-166.087,1.94081e-06,88.9556,-23.963,91.0444,-14.6085,-1339.34,-615.81,-1255.01,-504.884
-1372.0,-452.0,-165.879,1.93473e-06,88.9356,-24.1842,91.0644,-14.6085,-1339.34,-615.81,-1255.02,-504.535
-1370.0,-452.0,-165.718,1.92866e-06,88.9222,-24.4093,91.0778,-14.6085,-1339.34,-615.81,-1255.02,-504.179
-1368.0,-452.0,-159.589,2.01078e-06,86.6727,-43.0086,88.3501,16.5648,-1363.69,-589.199,-1334.55,-483.201
-1366.0,-452.0,-159.454,2.00593e-06,86.6411,-43.139,88.3511,16.435,-1363.35,-589.189,-1332.74,-483.164
-1364.0,-452.0,-159.358,2.0011e-06,86.6092,-43.2702,88.3521,16.3046,-1363.0,-589.178,-1330.94,-483.126
-1362.0,-452.0,-166.266,1.04768e-06,87.9539,-31.5511,92.0461,-43.3117,-1381.35,-617.58,-1254.87,-517.78
-1360.0,-452.0,-164.521,1.04202e-06,87.9273,-31.8136,92.0727,-43.3117,-1381.35,-617.58,-1254.88,-517.213
-1358.0,-452.0,-162.734,1.03637e-06,87.9004,-32.0801,92.0996,-43.3117,-1381.35,-617.58,-1254.88,-516.634
-1356.0,-452.0,-161.173,1.03074e-06,87.8732,-32.3506,92.1268,-43.3117,-1381.35,-617.58,-1254.89,-516.043
-1354.0,-452.0,-167.132,1.53737e-06,88.5638,-74.2347,91.4362,-14.6085,-1339.34,-615.81,-1329.2,-539.827
-1352.0,-452.0,-167.157,1.53563e-06,88.5516,-75.4502,91.4484,-14.6085,-1339.34,-615.81,-1329.2,-539.827
-1350.0,-452.0,-167.255,1.53403e-06,88.5449,-76.6792,91.4551,-14.6085,-1339.34,-615.81,-1329.2,-539.827
-1348.0,-452.0,-167.425,1.53256e-06,88.5435,-77.9208,91.4565,-14.6085,-1339.34,-615.81,-1329.2,-539.827
-1346.0,-452.0,-167.67,1.53125e-06,88.5323,-79.1741,91.4677,-14.6085,-1339.34,-615.81,-1329.2,-539.827
-1344.0,-452.0,-167.992,1.53007e-06,88.5206,-80.4379,91.4794,-14.6085,-1339.34,-615.81,-1329.2,-539.827
-1342.0,-452.0,-171.065,1.31903e-06,88.2716,171.02,91.7284,130.064,-1425.6,-569.555,-1498.92,-427.203
-1340.0,-452.0,-171.255,1.32563e-06,88.268,171.126,91.732,130.064,-1425.6,-569.555,-1498.92,-427.188
-1338.0,-452.0,-171.445,1.33223e-06,88.2645,171.229,91.7355,130.064,-1425.6,-569.555,-1498.92,-427.172
-1336.0,-452.0,-171.634,1.33883e-06,88.261,171.33,91.739,130.064,-1425.6,-569.555,-1498.92,-427.157
-1334.0,-452.0,0.0,0.0,0.0,0.0,0.0,0.0,0.0,0.0,0.0,0.0
-1332.0,-452.0,0.0,0.0,0.0,0.0,0.0,0.0,0.0,0.0,0.0,0.0
-1330.0,-452.0,0.0,0.0,0.0,0.0,0.0,0.0,0.0,0.0,0.0,0.0
-1328.0,-452.0,0.0,0.0,0.0,0.0,0.0,0.0,0.0,0.0,0.0,0.0
-1326.0,-452.0,0.0,0.0,0.0,0.0,0.0,0.0,0.0,0.0,0.0,0.0
-1324.0,-452.0,0.0,0.0,0.0,0.0,0.0,0.0,0.0,0.0,0.0,0.0
-1322.0,-452.0,0.0,0.0,0.0,0.0,0.0,0.0,0.0,0.0,0.0,0.0
-1320.0,-452.0,0.0,0.0,0.0,0.0,0.0,0.0,0.0,0.0,0.0,0.0
-1318.0,-452.0,0.0,0.0,0.0,0.0,0.0,0.0,0.0,0.0,0.0,0.0
-1316.0,-452.0,0.0,0.0,0.0,0.0,0.0,0.0,0.0,0.0,0.0,0.0
-1314.0,-452.0,0.0,0.0,0.0,0.0,0.0,0.0,0.0,0.0,0.0,0.0
-1312.0,-452.0,0.0,0.0,0.0,0.0,0.0,0.0,0.0,0.0,0.0,0.0
-1310.0,-452.0,-159.59,2.11683e-06,88.8552,-12.6464,91.1448,-15.5937,-1342.83,-615.957,-1209.75,-474.493
-1308.0,-452.0,-166.743,1.44371e-06,88.3214,-18.2003,91.6786,33.5575,-1384.69,-589.841,-1164.3,-499.246
-1306.0,-452.0,-156.892,1.03476e-06,87.6576,-53.6404,92.3424,-35.9954,-1376.1,-617.359,-1254.83,-521.506
-1304.0,-452.0,-157.662,1.03083e-06,87.6487,-54.0341,92.3513,-35.9954,-1376.1,-617.359,-1254.85,-519.733
-1302.0,-452.0,-158.954,9.28094e-07,87.3597,-139.685,92.6403,-43.3117,-1381.35,-617.58,-1310.12,-458.887
-1300.0,-452.0,-157.093,9.33214e-07,87.3441,-140.064,92.6559,-43.3117,-1381.35,-617.58,-1310.09,-460.445
-1298.0,-452.0,-156.049,9.38353e-07,87.3414,-140.437,92.6586,-43.3117,-1381.35,-617.58,-1310.06,-461.964
-1296.0,-452.0,-155.513,9.43518e-07,87.3388,-140.804,92.6612,-43.3117,-1381.35,-617.58,-1310.03,-463.443
-1294.0,-452.0,-127.31,1.33898e-06,88.1131,49.509,91.8869,-43.3117,-1381.35,-617.58,-1246.13,-395.936
-1292.0,-452.0,-124.7,1.33467e-06,88.0949,49.7638,91.9051,-43.396,-1381.4,-617.583,-1244.49,-395.852
-1290.0,-452.0,-128.433,1.33038e-06,88.0766,50.0254,91.9234,-43.396,-1381.4,-617.583,-1242.86,-395.768
-1288.0,-452.0,-132.609,1.32611e-06,88.0582,50.2889,91.9418,-43.396,-1381.4,-617.583,-1241.23,-395.685
-1286.0,-452.0,-136.425,1.32188e-06,88.0398,50.5544,91.9602,-43.396,-1381.4,-617.583,-1239.6,-395.601
-1284.0,-452.0,-140.021,1.31766e-06,88.0212,50.822,91.9788,-43.396,-1381.4,-617.583,-1237.97,-395.517
-1282.0,-452.0,-143.688,1.31347e-06,88.0026,51.0917,91.9974,-43.396,-1381.4,-617.583,-1236.34,-395.434
-1280.0,-452.0,-147.443,1.3093e-06,87.9839,51.3634,92.0161,-43.396,-1381.4,-617.583,-1234.72,-395.35
-1278.0,-452.0,-150.705,1.30516e-06,87.9651,51.6372,92.0349,-43.396,-1381.4,-617.583,-1233.09,-395.267
-1276.0,-452.0,-152.573,1.30104e-06,87.9463,51.9131,92.0537,-43.396,-1381.4,-617.583,-1231.47,-395.184
-1274.0,-452.0,-153.6,1.29695e-06,87.9273,52.1911,92.0727,-43.396,-1381.4,-617.583,-1229.85,-395.1
-1272.0,-452.0,-154.711,1.29289e-06,87.9083,52.4711,92.0917,-43.396,-1381.4,-617.583,-1228.23,-395.017
-1270.0,-452.0,-150.536,8.08064e-07,83.828,-121.948,81.5179,56.5258,-1393.46,-590.11,-1373.04,-617.23
-1268.0,-452.0,-150.5,8.11625e-07,83.8299,-122.351,81.5584,56.1243,-1393.36,-590.107,-1372.65,-617.213
-1266.0,-452.0,-150.57,8.15225e-07,83.8321,-122.75,81.599,55.7264,-1393.26,-590.103,-1372.26,-617.197
-1264.0,-452.0,-150.749,8.18863e-07,83.8346,-123.145,81.6397,55.3322,-1393.15,-590.1,-1371.86,-617.18
-1262.0,-452.0,-145.511,7.69635e-07,86.3797,-123.379,93.6203,-43.3117,-1381.35,-617.58,-1342.6,-574.333
-1260.0,-452.0,-144.918,7.73349e-07,86.3762,-124.028,93.6238,-43.3117,-1381.35,-617.58,-1342.6,-574.333
-1258.0,-452.0,-144.291,7.77124e-07,86.373,-124.666,93.627,-43.3117,-1381.35,-617.58,-1342.6,-574.333
-1256.0,-452.0,-143.617,7.80958e-07,86.3729,-125.295,93.6271,-43.3117,-1381.35,-617.58,-1342.6,-574.333
-1254.0,-452.0,-142.886,7.84835e-07,86.3908,-125.914,93.6092,-43.3117,-1381.35,-617.58,-1342.6,-574.333
-1252.0,-452.0,-141.266,7.88463e-07,86.4423,-127.167,93.5577,-43.396,-1381.4,-617.583,-1355.83,-588.959
-1250.0,-452.0,-140.181,7.9246e-07,86.5213,-127.694,93.4787,-43.396,-1381.4,-617.583,-1355.83,-588.959
-1248.0,-452.0,-138.968,7.9654e-07,86.5595,-128.215,93.4405,-43.396,-1381.4,-617.583,-1355.83,-588.959
-1246.0,-452.0,-136.016,9.65243e-07,87.1377,-120.732,92.7667,56.487,-1393.45,-590.109,-1318.35,-573.701
-1244.0,-452.0,-132.228,9.68652e-07,87.176,-121.071,92.756,56.1468,-1393.36,-590.107,-1317.32,-573.674
-1242.0,-452.0,-129.191,9.72095e-07,87.2141,-121.408,92.7453,55.809,-1393.28,-590.104,-1316.28,-573.646
-1240.0,-452.0,-126.917,9.75572e-07,87.252,-121.743,92.7346,55.4736,-1393.19,-590.101,-1315.24,-573.619
-1238.0,-452.0,-125.762,9.79082e-07,87.2898,-122.075,92.7239,55.1406,-1393.1,-590.099,-1314.2,-573.592
-1236.0,-452.0,-124.307,8.21984e-07,86.7841,-131.184,93.2159,-43.396,-1381.4,-617.583,-1355.83,-588.959
-1234.0,-452.0,-118.387,8.26376e-07,86.8208,-131.655,93.1792,-43.396,-1381.4,-617.583,-1355.83,-588.959
-1232.0,-452.0,-120.597,8.30808e-07,86.8572,-132.117,93.1428,-43.3117,-1381.35,-617.58,-1342.6,-574.333
-1230.0,-452.0,-126.877,8.35284e-07,86.8934,-132.628,93.1066,-43.3117,-1381.35,-617.58,-1342.6,-574.333
-1228.0,-452.0,-131.001,8.39781e-07,86.9571,-133.131,93.0429,-43.3117,-1381.35,-617.58,-1342.6,-574.333
-1226.0,-452.0,-133.92,8.44314e-07,87.0309,-133.626,92.9691,-43.3117,-1381.35,-617.58,-1342.6,-574.333
-1224.0,-452.0,-136.134,8.4889e-07,87.104,-134.112,92.896,-43.3117,-1381.35,-617.58,-1342.6,-574.333
-1222.0,-452.0,-137.91,8.53507e-07,87.1765,-134.591,92.8235,-43.3117,-1381.35,-617.58,-1342.6,-574.333
-1220.0,-452.0,-129.669,9.25108e-07,87.4476,-137.829,92.5524,-36.8841,-1376.83,-617.39,-1356.24,-575.413
-1218.0,-452.0,-130.098,9.30023e-07,87.5132,-138.105,92.4868,-36.6078,-1376.6,-617.38,-1356.23,-576.0
-1216.0,-452.0,-127.823,9.34961e-07,87.5782,-138.379,92.4218,-36.3345,-1376.38,-617.371,-1356.21,-576.576
-1214.0,-452.0,-124.686,9.3992e-07,87.6425,-138.649,92.3575,-36.064,-1376.16,-617.361,-1356.19,-577.142
-1212.0,-452.0,-131.484,9.44904e-07,87.7062,-138.988,92.2938,-35.9954,-1376.1,-617.359,-1356.18,-577.392
-1210.0,-452.0,0.0,0.0,0.0,0.0,0.0,0.0,0.0,0.0,0.0,0.0
-1208.0,-452.0,0.0,0.0,0.0,0.0,0.0,0.0,0.0,0.0,0.0,0.0
-1206.0,-452.0,0.0,0.0,0.0,0.0,0.0,0.0,0.0,0.0,0.0,0.0
-1204.0,-452.0,0.0,0.0,0.0,0.0,0.0,0.0,0.0,0.0,0.0,0.0
-1202.0,-452.0,0.0,0.0,0.0,0.0,0.0,0.0,0.0,0.0,0.0,0.0
-1600.0,-450.0,-158.473,1.24489e-06,88.4792,41.5643,91.5208,130.461,-1425.59,-569.992,-1532.37,-390.033
-1598.0,-450.0,-159.558,1.23993e-06,88.4601,42.1548,91.5399,130.461,-1425.59,-569.992,-1531.75,-390.022
-1596.0,-450.0,-162.025,1.23502e-06,88.4409,42.759,91.5591,130.461,-1425.59,-569.992,-1531.13,-390.011
-1594.0,-450.0,-160.729,1.23015e-06,88.4216,43.3774,91.5784,130.461,-1425.59,-569.992,-1530.5,-390.0
-1592.0,-450.0,-156.651,1.22534e-06,88.4022,44.0102,91.5978,130.461,-1425.59,-569.992,-1529.88,-389.989
-1590.0,-450.0,-162.514,9.97628e-07,88.0212,27.668,91.9788,96.8954,-1412.1,-499.96,-1554.72,-431.501
-1588.0,-450.0,-162.042,9.91725e-07,88.0163,27.9391,91.9837,96.8954,-1412.1,-499.96,-1553.06,-431.472
-1586.0,-450.0,-161.658,9.85831e-07,88.0208,28.2151,91.9792,96.8954,-1412.1,-499.96,-1551.41,-431.442
-1584.0,-450.0,-161.342,9.79952e-07,88.0254,28.4962,91.9746,96.8954,-1412.1,-499.96,-1549.76,-431.413
-1582.0,-450.0,-161.079,9.74088e-07,88.0301,28.7825,91.9699,96.8954,-1412.1,-499.96,-1548.11,-431.384
-1580.0,-450.0,-160.86,9.68241e-07,88.0349,29.074,91.9651,96.8954,-1412.1,-499.96,-1546.47,-431.355
-1578.0,-450.0,-160.678,9.62411e-07,88.0398,29.371,91.9602,96.8954,-1412.1,-499.96,-1544.82,-431.326
-1576.0,-450.0,-160.529,9.56598e-07,88.0448,29.6736,91.9552,96.8954,-1412.1,-499.96,-1543.17,-431.297
-1574.0,-450.0,-160.411,9.50802e-07,88.0498,29.9819,91.9502,96.8954,-1412.1,-499.96,-1541.53,-431.268
-1572.0,-450.0,-160.324,9.45025e-07,88.055,30.296,91.945,96.8954,-1412.1,-499.96,-1539.89,-431.239
-1570.0,-450.0,-160.272,9.39266e-07,88.0603,30.6162,91.9397,96.8954,-1412.1,-499.96,-1538.25,-431.209
-1568.0,-450.0,-160.26,9.33526e-07,88.0656,30.9425,91.9344,96.8954,-1412.1,-499.96,-1536.61,-431.18
-1566.0,-450.0,-160.297,9.27806e-07,88.0711,31.2751,91.9289,96.8954,-1412.1,-499.96,-1534.97,-431.152
-1564.0,-450.0,-160.396,9.22114e-07,88.0615,31.6142,91.9385,96.8954,-1412.1,-499.96,-1533.33,-431.123
-1562.0,-450.0,-148.574,1.14085e-06,88.4333,-47.4009,91.5667,130.064,-1425.6,-569.555,-1532.47,-482.12
-1560.0,-450.0,-149.481,1.13636e-06,88.4351,-48.1498,91.5649,130.064,-1425.6,-569.555,-1531.29,-482.057
-1558.0,-450.0,-150.965,1.13193e-06,88.4432,-48.9167,91.5568,130.064,-1425.6,-569.555,-1530.11,-481.994
-1556.0,-450.0,-161.14,9.05607e-07,88.0718,29.6887,91.9282,99.908,-1420.16,-484.607,-1522.55,-430.932
-1554.0,-450.0,-161.383,8.99814e-07,88.0774,30.0612,91.9226,99.908,-1420.16,-484.607,-1521.01,-430.905
-1552.0,-450.0,-161.588,8.94044e-07,88.083,30.4422,91.917,99.908,-1420.16,-484.607,-1519.46,-430.877
-1550.0,-450.0,-157.818,9.56289e-07,88.2247,37.9511,91.7753,117.862,-1429.33,-544.506,-1525.62,-430.986
-1548.0,-450.0,-157.578,9.51032e-07,88.2319,38.2684,91.7681,117.862,-1429.33,-544.506,-1523.86,-430.955
-1546.0,-450.0,-157.441,9.45798e-07,88.2392,38.5902,91.7608,117.862,-1429.33,-544.506,-1522.1,-430.924
-1544.0,-450.0,-157.41,9.40587e-07,88.2466,38.9166,91.7534,117.862,-1429.33,-544.506,-1520.33,-430.893
-1542.0,-450.0,-157.504,9.35401e-07,88.2537,39.2477,91.7463,117.862,-1429.33,-544.506,-1518.57,-430.862
-1540.0,-450.0,-157.756,9.30248e-07,88.244,39.5835,91.756,117.862,-1429.33,-544.506,-1516.81,-430.83
-1538.0,-450.0,-158.223,9.2512e-07,88.2343,39.9242,91.7657,117.862,-1429.33,-544.506,-1515.06,-430.799
-1536.0,-450.0,-158.863,8.4487e-07,88.0665,37.1449,91.9335,96.8954,-1412.1,-499.96,-1510.55,-430.72
-1534.0,-450.0,-156.968,8.95921e-07,88.1767,43.3767,91.8233,129.985,-1425.61,-569.467,-1513.65,-430.775
-1532.0,-450.0,-153.985,8.91083e-07,88.1815,43.8115,91.8185,129.985,-1425.61,-569.467,-1511.93,-430.744
-1530.0,-450.0,-151.694,8.86269e-07,88.2081,44.2533,91.7919,129.985,-1425.61,-569.467,-1510.2,-430.714
-1528.0,-450.0,-150.033,8.81492e-07,88.235,44.7022,91.765,129.985,-1425.61,-569.467,-1508.48,-430.683
-1526.0,-450.0,-146.327,8.7627e-07,88.2613,46.2379,91.7387,129.101,-1425.63,-568.463,-1507.48,-430.665
-1524.0,-450.0,-123.369,8.71124e-07,88.2881,47.4716,91.7119,133.762,-1425.51,-573.358,-1506.25,-430.644
-1522.0,-450.0,-126.586,8.66612e-07,88.3165,47.7968,91.6835,133.437,-1425.52,-573.046,-1504.42,-430.611
-1520.0,-450.0,-127.749,8.62129e-07,88.3451,48.1255,91.6549,133.108,-1425.53,-572.726,-1502.59,-430.579
-1518.0,-450.0,-125.877,8.57675e-07,88.3742,48.4576,91.6258,132.776,-1425.54,-572.399,-1500.76,-430.547
-1516.0,-450.0,-122.645,8.5325e-07,88.4036,48.7931,91.5964,132.441,-1425.55,-572.064,-1498.94,-430.514
-1514.0,-450.0,-129.488,1.06525e-06,88.7517,68.0816,91.2483,110.912,-1466.89,-424.951,-1506.21,-430.643
-1512.0,-450.0,-129.653,1.06278e-06,88.7527,68.4155,91.2473,110.578,-1465.73,-424.92,-1504.33,-430.61
-1510.0,-450.0,-129.518,1.06034e-06,88.7499,68.7509,91.2501,110.242,-1464.58,-424.89,-1502.45,-430.576
-1508.0,-450.0,-126.515,8.60368e-07,88.4592,52.5647,91.5408,129.985,-1425.61,-569.467,-1489.28,-425.548
-1506.0,-450.0,-131.384,8.56338e-07,88.452,53.0979,91.548,129.985,-1425.61,-569.467,-1487.61,-425.503
-1504.0,-450.0,-127.619,9.43337e-07,88.5948,-63.3582,91.4052,69.8769,-1396.35,-590.038,-1489.04,-479.812
-1502.0,-450.0,-124.694,9.31025e-07,88.5762,-65.2322,91.4238,111.735,-1469.75,-425.027,-1488.26,-479.77
-1500.0,-450.0,-122.377,9.2825e-07,88.5719,-65.6064,91.4281,111.361,-1468.45,-424.993,-1486.54,-479.679
-1498.0,-450.0,-118.786,1.07653e-06,88.7686,72.3271,91.2314,107.692,-1455.93,-424.659,-1490.22,-425.573
-1496.0,-450.0,-118.377,1.07453e-06,88.7663,72.6662,91.2337,107.353,-1454.8,-424.629,-1488.36,-425.523
-1494.0,-450.0,-117.483,9.20165e-07,88.5593,-66.7421,91.4407,110.225,-1464.52,-424.888,-1481.36,-479.404
-1492.0,-450.0,-116.538,9.17551e-07,88.5552,-67.1251,91.4448,109.842,-1463.2,-424.853,-1479.63,-479.312
-1490.0,-450.0,-115.818,9.14979e-07,88.5507,-67.5102,91.4493,109.457,-1461.89,-424.818,-1477.9,-479.22
-1488.0,-450.0,-115.269,9.12455e-07,88.529,-67.8976,91.471,109.07,-1460.57,-424.783,-1476.17,-479.128
-1486.0,-450.0,-114.849,9.09973e-07,88.5073,-68.287,91.4927,108.68,-1459.25,-424.748,-1474.44,-479.035
-1484.0,-450.0,-114.531,9.07534e-07,88.4855,-68.6786,91.5145,108.289,-1457.93,-424.713,-1472.7,-478.943
-1482.0,-450.0,-114.295,9.05137e-07,88.4636,-69.0722,91.5364,107.895,-1456.61,-424.677,-1470.97,-478.851
-1480.0,-450.0,-114.125,9.02783e-07,88.4417,-69.468,91.5583,107.499,-1455.29,-424.642,-1469.23,-478.759
-1478.0,-450.0,-112.606,7.16698e-07,88.0144,71.3673,91.9856,111.685,-1469.58,-425.023,-1469.58,-425.023
-1476.0,-450.0,-111.718,7.14605e-07,87.986,71.8747,92.014,111.178,-1467.81,-424.976,-1467.81,-424.976
-1474.0,-450.0,-110.913,6.62812e-07,87.8042,-48.1588,92.1958,131.049,-1425.58,-570.625,-1397.62,-535.299
-1472.0,-450.0,-110.177,6.58394e-07,87.7649,-48.5918,92.2351,130.616,-1425.59,-570.16,-1397.65,-534.305
-1470.0,-450.0,-109.708,6.54008e-07,87.7374,-49.0306,92.2626,130.177,-1425.6,-569.68,-1397.69,-533.278
-1468.0,-450.0,-110.119,7.06787e-07,87.9064,73.933,92.0936,109.119,-1460.74,-424.787,-1460.74,-424.787
-1466.0,-450.0,-109.963,7.0497e-07,87.901,74.4546,92.099,108.598,-1458.97,-424.74,-1458.97,-424.74
-1464.0,-450.0,-109.861,7.03212e-07,87.8957,74.9788,92.1043,108.073,-1457.21,-424.693,-1457.21,-424.693
-1462.0,-450.0,-109.802,7.01513e-07,87.8906,75.5056,92.1094,107.547,-1455.45,-424.646,-1455.45,-424.646
-1460.0,-450.0,-105.592,5.39682e-07,87.2577,-68.1986,92.7423,111.801,-1460.0,-450.0,-1400.0,-600.0
-1458.0,-450.0,-105.553,5.37242e-07,87.2452,-68.8602,92.7548,111.14,-1458.0,-450.0,-1400.0,-600.0
-1456.0,-450.0,-105.514,5.34874e-07,87.233,-69.5277,92.767,110.472,-1456.0,-450.0,-1400.0,-600.0
-1454.0,-450.0,-105.477,5.32579e-07,87.2211,-70.2011,92.7789,109.799,-1454.0,-450.0,-1400.0,-600.0
-1452.0,-450.0,-105.44,5.30359e-07,87.2094,-70.8803,92.7906,109.12,-1452.0,-450.0,-1400.0,-600.0
-1450.0,-450.0,-105.405,5.28213e-07,87.1981,-71.5651,92.8019,108.435,-1450.0,-450.0,-1400.0,-600.0
-1448.0,-450.0,-105.371,5.26144e-07,87.187,-72.2553,92.813,107.745,-1448.0,-450.0,-1400.0,-600.0
-1446.0,-450.0,-105.338,5.24151e-07,87.1763,-72.951,92.8237,107.049,-1446.0,-450.0,-1400.0,-600.0
-1444.0,-450.0,-105.306,5.22235e-07,87.166,-73.6518,92.834,106.348,-1444.0,-450.0,-1400.0,-600.0
-1442.0,-450.0,-105.275,5.20403e-07,87.1457,-74.3578,92.8543,105.642,-1442.0,-450.0,-1400.0,-600.0
-1440.0,-450.0,-105.246,5.1866e-07,87.1049,-75.0686,92.8951,104.931,-1440.0,-450.0,-1400.0,-600.0
-1438.0,-450.0,-105.218,5.16997e-07,87.0643,-75.7841,92.9357,104.216,-1438.0,-450.0,-1400.0,-600.0
-1436.0,-450.0,-105.192,5.15416e-07,87.0239,-76.5043,92.9761,103.496,-1436.0,-450.0,-1400.0,-600.0
-1434.0,-450.0,-105.166,5.13916e-07,86.9838,-77.2288,93.0162,102.771,-1434.0,-450.0,-1400.0,-600.0
-1432.0,-450.0,-105.142,5.12499e-07,86.9439,-77.9574,93.0561,102.043,-1432.0,-450.0,-1400.0,-600.0
-1430.0,-450.0,-105.119,5.11166e-07,86.9043,-78.6901,93.0957,101.31,-1430.0,-450.0,-1400.0,-600.0
-1428.0,-450.0,-105.098,5.09916e-07,86.865,-79.4265,93.135,100.574,-1428.0,-450.0,-1400.0,-600.0
-1426.0,-450.0,-114.819,5.08753e-07,86.8261,-80.415,93.1739,99.908,-1420.16,-484.607,-1420.16,-484.607
-1424.0,-450.0,-134.689,5.07845e-07,86.7885,-83.6618,93.2115,99.908,-1420.16,-484.607,-1420.16,-484.607
-1422.0,-450.0,-141.294,5.21917e-07,86.8193,-95.8264,93.1807,111.97,-1429.78,-526.194,-1429.78,-526.194
-1420.0,-450.0,-152.495,7.24249e-07,87.6639,-134.348,92.3361,129.101,-1425.63,-568.463,-1459.71,-490.627
-1418.0,-450.0,-151.431,7.58541e-07,87.7373,119.754,92.2627,111.97,-1429.78,-526.194,-1432.84,-424.044
-1416.0,-450.0,-152.454,7.61895e-07,87.7261,120.423,92.2739,111.97,-1429.78,-526.194,-1431.27,-424.002
-1414.0,-450.0,-153.868,7.65316e-07,87.7151,121.084,92.2849,111.97,-1429.78,-526.194,-1429.7,-423.96
-1412.0,-450.0,-155.937,7.68802e-07,87.7045,121.735,92.2955,111.97,-1429.78,-526.194,-1428.13,-423.919
-1410.0,-450.0,-159.261,7.72353e-07,87.6941,122.378,92.3059,111.97,-1429.78,-526.194,-1426.56,-423.877
-1408.0,-450.0,-164.622,7.75966e-07,87.684,123.011,92.316,111.97,-1429.78,-526.194,-1425.0,-423.835
-1406.0,-450.0,-165.446,1.10794e-06,88.3636,166.605,91.6364,130.064,-1425.6,-569.555,-1498.91,-427.876
-1404.0,-450.0,-165.622,1.11444e-06,88.3587,166.856,91.6413,130.064,-1425.6,-569.555,-1498.91,-427.837
-1402.0,-450.0,-161.981,7.87169e-07,87.6554,124.858,92.3446,111.97,-1429.78,-526.194,-1420.31,-423.71
-1400.0,-450.0,-165.985,1.12746e-06,88.349,167.33,91.651,130.064,-1425.6,-569.555,-1498.91,-427.764
-1398.0,-450.0,-166.172,1.13398e-06,88.3579,167.554,91.6421,130.064,-1425.6,-569.555,-1498.91,-427.73
-1396.0,-450.0,-166.361,1.14049e-06,88.3673,167.771,91.6327,130.064,-1425.6,-569.555,-1498.91,-427.696
-1394.0,-450.0,-166.554,1.14702e-06,88.3676,167.981,91.6324,130.064,-1425.6,-569.555,-1498.91,-427.664
-1392.0,-450.0,-166.748,1.15355e-06,88.3628,168.183,91.6372,130.064,-1425.6,-569.555,-1498.91,-427.633
-1390.0,-450.0,-166.945,1.16009e-06,88.3581,168.379,91.6419,130.064,-1425.6,-569.555,-1498.91,-427.603
-1388.0,-450.0,-167.144,1.16664e-06,88.3535,168.569,91.6465,130.064,-1425.6,-569.555,-1498.91,-427.574
-1386.0,-450.0,-167.344,1.17319e-06,88.3489,168.753,91.6511,130.064,-1425.6,-569.555,-1498.91,-427.546
-1384.0,-450.0,-167.051,1.97403e-06,89.0107,-23.3869,90.9893,-14.6085,-1339.34,-615.81,-1255.0,-505.787
-1382.0,-450.0,-166.701,1.96791e-06,88.9994,-23.5933,91.0006,-14.6085,-1339.34,-615.81,-1255.01,-505.464
-1380.0,-450.0,-166.41,1.96181e-06,88.988,-23.8032,91.012,-14.6085,-1339.34,-615.81,-1255.01,-505.135
-1378.0,-450.0,-166.171,1.95571e-06,88.9766,-24.0167,91.0234,-14.6085,-1339.34,-615.81,-1255.01,-504.8
-1376.0,-450.0,-165.979,1.94963e-06,88.9642,-24.2337,91.0358,-14.6085,-1339.34,-615.81,-1255.02,-504.457
-1374.0,-450.0,-165.829,1.94356e-06,88.9443,-24.4545,91.0557,-14.6085,-1339.34,-615.81,-1255.02,-504.107
-1372.0,-450.0,-165.716,1.9375e-06,88.9244,-24.6791,91.0756,-14.6085,-1339.34,-615.81,-1255.03,-503.75
-1370.0,-450.0,-159.599,2.02021e-06,86.6933,-43.0177,88.3502,16.5553,-1363.66,-589.198,-1334.42,-483.198
-1368.0,-450.0,-159.467,2.01536e-06,86.6621,-43.1476,88.3512,16.4261,-1363.33,-589.188,-1332.62,-483.161
-1366.0,-450.0,-159.374,2.01052e-06,86.6306,-43.2781,88.3522,16.2963,-1362.98,-589.177,-1330.82,-483.124
-1364.0,-450.0,-165.353,1.05686e-06,87.9636,-31.713,92.0364,-43.3117,-1381.35,-617.58,-1254.88,-517.431
-1362.0,-450.0,-163.558,1.05121e-06,87.9372,-31.9736,92.0628,-43.3117,-1381.35,-617.58,-1254.88,-516.866
-1360.0,-450.0,-161.919,1.04557e-06,87.9106,-32.238,92.0894,-43.3117,-1381.35,-617.58,-1254.89,-516.29
-1358.0,-450.0,-167.44,1.54761e-06,88.5782,-72.2262,91.4218,-14.6085,-1339.34,-615.81,-1329.2,-539.827
-1356.0,-450.0,-167.285,1.54564e-06,88.5659,-73.3903,91.4341,-14.6085,-1339.34,-615.81,-1329.2,-539.827
-1354.0,-450.0,-167.248,1.54381e-06,88.5537,-74.5688,91.4463,-14.6085,-1339.34,-615.81,-1329.2,-539.827
-1352.0,-450.0,-167.292,1.54211e-06,88.5445,-75.7608,91.4555,-14.6085,-1339.34,-615.81,-1329.2,-539.827
-1350.0,-450.0,-167.405,1.54053e-06,88.543,-76.9656,91.457,-14.6085,-1339.34,-615.81,-1329.2,-539.827
-1348.0,-450.0,-167.587,1.5391e-06,88.5417,-78.1821,91.4583,-14.6085,-1339.34,-615.81,-1329.2,-539.827
-1346.0,-450.0,-167.842,1.53781e-06,88.5305,-79.4096,91.4695,-14.6085,-1339.34,-615.81,-1329.2,-539.827
-1344.0,-450.0,-168.169,1.53666e-06,88.5189,-80.647,91.4811,-14.6085,-1339.34,-615.81,-1329.2,-539.827
-1342.0,-450.0,-171.49,1.25413e-06,88.1722,-61.3453,91.8278,-2.76158,-1239.86,-607.725,-1323.98,-482.983
-1340.0,-450.0,-172.058,1.32465e-06,88.2574,171.796,91.7426,130.064,-1425.6,-569.555,-1498.92,-427.087
-1338.0,-450.0,-172.255,1.33126e-06,88.2539,171.891,91.7461,130.064,-1425.6,-569.555,-1498.92,-427.073
-1336.0,-450.0,-172.451,1.33787e-06,88.2505,171.985,91.7495,130.064,-1425.6,-569.555,-1498.92,-427.059
-1334.0,-450.0,-172.646,1.34449e-06,88.2471,172.076,91.7529,130.064,-1425.6,-569.555,-1498.92,-427.045
-1332.0,-450.0,0.0,0.0,0.0,0.0,0.0,0.0,0.0,0.0,0.0,0.0
-1330.0,-450.0,0.0,0.0,0.0,0.0,0.0,0.0,0.0,0.0,0.0,0.0
-1328.0,-450.0,0.0,0.0,0.0,0.0,0.0,0.0,0.0,0.0,0.0,0.0
-1326.0,-450.0,0.0,0.0,0.0,0.0,0.0,0.0,0.0,0.0,0.0,0.0
-1324.0,-450.0,0.0,0.0,0.0,0.0,0.0,0.0,0.0,0.0,0.0,0.0
-1322.0,-450.0,0.0,0.0,0.0,0.0,0.0,0.0,0.0,0.0,0.0,0.0
-1320.0,-450.0,0.0,0.0,0.0,0.0,0.0,0.0,0.0,0.0,0.0,0.0
-1318.0,-450.0,0.0,0.0,0.0,0.0,0.0,0.0,0.0,0.0,0.0,0.0
-1316.0,-450.0,0.0,0.0,0.0,0.0,0.0,0.0,0.0,0.0,0.0,0.0
-1314.0,-450.0,0.0,0.0,0.0,0.0,0.0,0.0,0.0,0.0,0.0,0.0
-1312.0,-450.0,0.0,0.0,0.0,0.0,0.0,0.0,0.0,0.0,0.0,0.0
-1310.0,-450.0,-164.805,1.45215e-06,88.3226,-18.592,91.6774,33.5575,-1384.69,-589.841,-1164.32,-499.004
-1308.0,-450.0,-163.602,1.44583e-06,88.3153,-18.7898,91.6847,33.5575,-1384.69,-589.841,-1164.33,-498.881
-1306.0,-450.0,-157.486,1.04015e-06,87.6579,-53.9268,92.3421,-35.9954,-1376.1,-617.359,-1254.85,-520.22
-1304.0,-450.0,-158.629,1.03626e-06,87.6308,-54.3193,92.3692,-35.9954,-1376.1,-617.359,-1254.86,-518.427
-1302.0,-450.0,-160.279,1.42694e-06,88.2571,-19.4084,91.7429,33.5575,-1384.69,-589.841,-1164.36,-498.494
-1300.0,-450.0,-159.326,1.42067e-06,88.2296,-19.6234,91.7704,33.5575,-1384.69,-589.841,-1164.37,-498.359
-1298.0,-450.0,-157.502,9.42649e-07,87.3141,-139.992,92.6859,-43.3117,-1381.35,-617.58,-1310.09,-460.15
-1296.0,-450.0,-156.338,9.47782e-07,87.3116,-140.36,92.6884,-43.3117,-1381.35,-617.58,-1310.07,-461.652
-1294.0,-450.0,-155.722,9.52942e-07,87.3092,-140.723,92.6908,-43.3117,-1381.35,-617.58,-1310.04,-463.117
-1292.0,-450.0,-126.631,1.3296e-06,88.0597,49.5495,91.9403,-43.3117,-1381.35,-617.58,-1245.9,-395.924
-1290.0,-450.0,-124.67,1.3253e-06,88.0412,49.8043,91.9588,-43.396,-1381.4,-617.583,-1244.24,-395.839
-1288.0,-450.0,-129.155,1.32101e-06,88.0226,50.0682,91.9774,-43.396,-1381.4,-617.583,-1242.59,-395.755
-1286.0,-450.0,-133.197,1.31676e-06,88.004,50.3341,91.996,-43.396,-1381.4,-617.583,-1240.95,-395.67
-1284.0,-450.0,-137.025,1.31252e-06,87.9852,50.6021,92.0148,-43.396,-1381.4,-617.583,-1239.31,-395.586
-1282.0,-450.0,-140.631,1.30831e-06,87.9664,50.8722,92.0336,-43.396,-1381.4,-617.583,-1237.67,-395.502
-1280.0,-450.0,-144.361,1.30412e-06,87.9474,51.1444,92.0526,-43.396,-1381.4,-617.583,-1236.03,-395.418
-1278.0,-450.0,-148.117,1.29996e-06,87.9284,51.4186,92.0716,-43.396,-1381.4,-617.583,-1234.39,-395.333
-1276.0,-450.0,-151.155,1.29583e-06,87.9094,51.695,92.0906,-43.396,-1381.4,-617.583,-1232.75,-395.249
-1274.0,-450.0,-152.741,1.29171e-06,87.8902,51.9735,92.1098,-43.396,-1381.4,-617.583,-1231.12,-395.165
-1272.0,-450.0,-153.75,1.28763e-06,87.871,52.2541,92.129,-43.396,-1381.4,-617.583,-1229.48,-395.081
-1270.0,-450.0,-150.708,8.13771e-07,83.8293,-121.698,81.4929,56.7754,-1393.52,-590.112,-1373.28,-617.24
-1268.0,-450.0,-150.604,8.17307e-07,83.8311,-122.099,81.533,56.3756,-1393.42,-590.109,-1372.89,-617.224
-1266.0,-450.0,-150.607,8.20882e-07,83.8331,-122.496,81.5732,55.9793,-1393.32,-590.105,-1372.51,-617.207
-1264.0,-450.0,-150.714,8.24496e-07,83.8354,-122.89,81.6134,55.5866,-1393.22,-590.102,-1372.12,-617.191
-1262.0,-450.0,-150.933,8.28148e-07,83.838,-123.28,81.6537,55.1974,-1393.12,-590.099,-1371.73,-617.175
-1260.0,-450.0,-145.431,7.78923e-07,86.3545,-123.598,93.6455,-43.3117,-1381.35,-617.58,-1342.6,-574.333
-1258.0,-450.0,-144.838,7.82657e-07,86.3512,-124.233,93.6488,-43.3117,-1381.35,-617.58,-1342.6,-574.333
-1256.0,-450.0,-144.208,7.86436e-07,86.3666,-124.858,93.6334,-43.3117,-1381.35,-617.58,-1342.6,-574.333
-1254.0,-450.0,-143.53,7.90272e-07,86.3843,-125.474,93.6157,-43.3117,-1381.35,-617.58,-1342.6,-574.333
-1252.0,-450.0,-142.791,7.94135e-07,86.4366,-126.081,93.5634,-43.3117,-1381.35,-617.58,-1342.6,-574.333
-1250.0,-450.0,-141.126,7.97771e-07,86.5136,-127.293,93.4864,-43.396,-1381.4,-617.583,-1355.83,-588.959
-1248.0,-450.0,-140.031,8.01788e-07,86.582,-127.811,93.418,-43.396,-1381.4,-617.583,-1355.83,-588.959
-1246.0,-450.0,-138.803,8.05879e-07,86.6195,-128.323,93.3805,-43.396,-1381.4,-617.583,-1355.83,-588.959
-1244.0,-450.0,-133.577,9.74367e-07,87.2092,-120.868,92.7624,56.3489,-1393.42,-590.108,-1317.93,-573.69
-1242.0,-450.0,-130.07,9.7779e-07,87.2468,-121.204,92.7518,56.0123,-1393.33,-590.106,-1316.9,-573.663
-1240.0,-450.0,-128.303,9.81247e-07,87.2842,-121.537,92.7411,55.6781,-1393.24,-590.103,-1315.87,-573.636
-1238.0,-450.0,-127.218,9.84737e-07,87.3214,-121.868,92.7305,55.3463,-1393.16,-590.1,-1314.84,-573.609
-1236.0,-450.0,-126.654,9.88259e-07,87.3585,-122.197,92.7198,55.0169,-1393.07,-590.098,-1313.81,-573.582
-1234.0,-450.0,-123.809,8.3137e-07,86.8399,-131.243,93.1601,-43.396,-1381.4,-617.583,-1355.83,-588.959
-1232.0,-450.0,-117.766,8.35768e-07,86.8759,-131.706,93.1241,-43.396,-1381.4,-617.583,-1355.83,-588.959
-1230.0,-450.0,-121.396,8.40205e-07,86.9116,-132.165,93.0884,-43.3117,-1381.35,-617.58,-1342.6,-574.333
-1228.0,-450.0,-127.381,8.44663e-07,86.9747,-132.667,93.0253,-43.3117,-1381.35,-617.58,-1342.6,-574.333
-1226.0,-450.0,-131.328,8.49157e-07,87.0478,-133.162,92.9522,-43.3117,-1381.35,-617.58,-1342.6,-574.333
-1224.0,-450.0,-134.152,8.53694e-07,87.1203,-133.648,92.8797,-43.3117,-1381.35,-617.58,-1342.6,-574.333
-1222.0,-450.0,-136.31,8.58273e-07,87.1922,-134.127,92.8078,-43.3117,-1381.35,-617.58,-1342.6,-574.333
-1220.0,-450.0,-126.731,9.29597e-07,87.4599,-137.524,92.5401,-37.1892,-1377.07,-617.4,-1356.26,-574.758
-1218.0,-450.0,-129.586,9.34488e-07,87.5251,-137.801,92.4749,-36.9127,-1376.85,-617.391,-1356.25,-575.352
-1216.0,-450.0,-130.288,9.39402e-07,87.5896,-138.074,92.4104,-36.639,-1376.63,-617.381,-1356.23,-575.934
-1214.0,-450.0,-128.242,9.44339e-07,87.6535,-138.345,92.3465,-36.3682,-1376.41,-617.372,-1356.21,-576.505
-1212.0,-450.0,-125.143,9.49297e-07,87.7168,-138.613,92.2832,-36.1003,-1376.19,-617.363,-1356.19,-577.066
-1210.0,-450.0,0.0,0.0,0.0,0.0,0.0,0.0,0.0,0.0,0.0,0.0
-1208.0,-450.0,0.0,0.0,0.0,0.0,0.0,0.0,0.0,0.0,0.0,0.0
-1206.0,-450.0,0.0,0.0,0.0,0.0,0.0,0.0,0.0,0.0,0.0,0.0
-1204.0,-450.0,0.0,0.0,0.0,0.0,0.0,0.0,0.0,0.0,0.0,0.0
-1202.0,-450.0,0.0,0.0,0.0,0.0,0.0,0.0,0.0,0.0,0.0,0.0
-1600.0,-448.0,-158.187,1.2405e-06,88.4738,40.8992,91.5262,130.461,-1425.59,-569.992,-1533.09,-390.046
-1598.0,-448.0,-158.276,1.23548e-06,88.4545,41.4881,91.5455,130.461,-1425.59,-569.992,-1532.45,-390.035
-1596.0,-448.0,-159.232,1.23052e-06,88.4352,42.0909,91.5648,130.461,-1425.59,-569.992,-1531.82,-390.024
-1594.0,-448.0,-161.686,1.2256e-06,88.4157,42.7081,91.5843,130.461,-1425.59,-569.992,-1531.18,-390.012
-1592.0,-448.0,-160.851,1.22073e-06,88.3962,43.3401,91.6038,130.461,-1425.59,-569.992,-1530.54,-390.001
-1590.0,-448.0,-156.637,1.2159e-06,88.3892,43.9872,91.6108,130.461,-1425.59,-569.992,-1529.9,-389.99
-1588.0,-448.0,-162.703,9.97969e-07,88.0535,24.1367,91.9465,99.908,-1420.16,-484.607,-1551.03,-431.436
-1586.0,-448.0,-162.306,9.82689e-07,88.0397,27.6934,91.9603,96.8954,-1412.1,-499.96,-1554.56,-431.498
-1584.0,-448.0,-161.834,9.76782e-07,88.0443,27.9711,91.9557,96.8954,-1412.1,-499.96,-1552.87,-431.468
-1582.0,-448.0,-161.452,9.70889e-07,88.0491,28.2539,91.9509,96.8954,-1412.1,-499.96,-1551.18,-431.438
-1580.0,-448.0,-161.138,9.65013e-07,88.054,28.5421,91.946,96.8954,-1412.1,-499.96,-1549.5,-431.408
-1578.0,-448.0,-160.878,9.59152e-07,88.0589,28.8356,91.9411,96.8954,-1412.1,-499.96,-1547.81,-431.379
-1576.0,-448.0,-160.663,9.53308e-07,88.064,29.1347,91.936,96.8954,-1412.1,-499.96,-1546.13,-431.349
-1574.0,-448.0,-160.484,9.47482e-07,88.0691,29.4395,91.9309,96.8954,-1412.1,-499.96,-1544.44,-431.319
-1572.0,-448.0,-160.339,9.41673e-07,88.0743,29.7502,91.9257,96.8954,-1412.1,-499.96,-1542.76,-431.289
-1570.0,-448.0,-160.227,9.35882e-07,88.0797,30.0669,91.9203,96.8954,-1412.1,-499.96,-1541.08,-431.26
-1568.0,-448.0,-160.148,9.3011e-07,88.0851,30.3898,91.9149,96.8954,-1412.1,-499.96,-1539.4,-431.23
-1566.0,-448.0,-160.107,9.24363e-07,88.0796,30.719,91.9204,96.8954,-1412.1,-499.96,-1537.73,-431.2
-1564.0,-448.0,-148.644,1.15027e-06,88.4569,-47.3428,91.5431,130.064,-1425.6,-569.555,-1532.56,-482.125
-1562.0,-448.0,-149.487,1.14578e-06,88.4508,-48.0727,91.5492,130.064,-1425.6,-569.555,-1531.41,-482.064
-1560.0,-448.0,-150.899,1.14135e-06,88.4527,-48.8197,91.5473,130.064,-1425.6,-569.555,-1530.25,-482.002
-1558.0,-448.0,-152.491,1.13698e-06,88.461,-49.5841,91.539,130.064,-1425.6,-569.555,-1529.1,-481.941
-1556.0,-448.0,-154.057,1.13268e-06,88.4694,-50.3664,91.5306,130.064,-1425.6,-569.555,-1527.94,-481.879
-1554.0,-448.0,-160.815,8.96499e-07,88.0841,29.406,91.9159,99.908,-1420.16,-484.607,-1523.75,-430.953
-1552.0,-448.0,-161.016,8.9069e-07,88.0897,29.782,91.9103,99.908,-1420.16,-484.607,-1522.16,-430.925
-1550.0,-448.0,-161.27,8.84903e-07,88.0954,30.1668,91.9046,99.908,-1420.16,-484.607,-1520.57,-430.897
-1548.0,-448.0,-161.436,8.79139e-07,88.1013,30.5607,91.8987,99.908,-1420.16,-484.607,-1518.99,-430.869
-1546.0,-448.0,-157.519,9.41649e-07,88.2446,38.1818,91.7554,117.862,-1429.33,-544.506,-1524.34,-430.963
-1544.0,-448.0,-157.352,9.36409e-07,88.252,38.5071,91.748,117.862,-1429.33,-544.506,-1522.55,-430.932
-1542.0,-448.0,-157.294,9.312e-07,88.2458,38.8372,91.7542,117.862,-1429.33,-544.506,-1520.76,-430.9
-1540.0,-448.0,-157.358,9.26016e-07,88.236,39.172,91.764,117.862,-1429.33,-544.506,-1518.97,-430.869
-1538.0,-448.0,-157.574,9.20858e-07,88.2261,39.5117,91.7739,117.862,-1429.33,-544.506,-1517.19,-430.837
-1536.0,-448.0,-157.998,9.15724e-07,88.2162,39.8564,91.7838,117.862,-1429.33,-544.506,-1515.4,-430.806
-1534.0,-448.0,-158.722,9.10617e-07,88.2062,40.2061,91.7938,117.862,-1429.33,-544.506,-1513.62,-430.774
-1532.0,-448.0,-157.027,8.86492e-07,88.1573,43.3512,91.8427,129.985,-1425.61,-569.467,-1513.76,-430.776
-1530.0,-448.0,-153.986,8.81647e-07,88.1706,43.7926,91.8294,129.985,-1425.61,-569.467,-1512.0,-430.745
-1528.0,-448.0,-151.63,8.76833e-07,88.1974,44.2413,91.8026,129.985,-1425.61,-569.467,-1510.25,-430.714
-1526.0,-448.0,-149.932,8.72055e-07,88.2245,44.6974,91.7755,129.985,-1425.61,-569.467,-1508.5,-430.683
-1524.0,-448.0,-146.213,8.66835e-07,88.2511,46.2539,91.7489,129.101,-1425.63,-568.463,-1507.41,-430.664
-1522.0,-448.0,-123.568,8.61696e-07,88.2781,47.4986,91.7219,133.735,-1425.52,-573.332,-1506.09,-430.641
-1520.0,-448.0,-126.73,8.57186e-07,88.3067,47.8276,91.6933,133.406,-1425.52,-573.016,-1504.25,-430.608
-1518.0,-448.0,-127.596,8.52706e-07,88.3357,48.1601,91.6643,133.074,-1425.53,-572.692,-1502.4,-430.576
-1516.0,-448.0,-125.426,8.48254e-07,88.365,48.4961,91.635,132.738,-1425.54,-572.361,-1500.55,-430.543
-1514.0,-448.0,-129.451,1.05907e-06,88.721,67.9468,91.279,111.047,-1467.35,-424.964,-1506.97,-430.656
-1512.0,-448.0,-129.515,1.05658e-06,88.722,68.2823,91.278,110.711,-1466.19,-424.933,-1505.08,-430.623
-1510.0,-448.0,-129.61,1.05413e-06,88.719,68.6194,91.281,110.374,-1465.03,-424.902,-1503.18,-430.589
-1508.0,-448.0,-123.572,8.55097e-07,88.4208,52.1958,91.5792,130.064,-1425.6,-569.555,-1490.61,-425.583
-1506.0,-448.0,-127.125,1.04934e-06,88.7132,69.2982,91.2868,109.695,-1462.7,-424.84,-1499.4,-430.522
-1504.0,-448.0,-125.909,9.39894e-07,88.5633,-65.0332,91.4367,111.934,-1470.45,-425.046,-1489.18,-479.819
-1502.0,-448.0,-123.702,9.37098e-07,88.559,-65.4032,91.441,111.564,-1469.16,-425.012,-1487.48,-479.728
-1500.0,-448.0,-121.482,9.34341e-07,88.5547,-65.7754,91.4453,111.192,-1467.86,-424.977,-1485.77,-479.638
-1498.0,-448.0,-119.645,9.31624e-07,88.5505,-66.1498,91.4495,110.817,-1466.56,-424.942,-1484.05,-479.547
-1496.0,-448.0,-118.215,9.28946e-07,88.5463,-66.5264,91.4537,110.441,-1465.26,-424.908,-1482.34,-479.455
-1494.0,-448.0,-117.12,9.26309e-07,88.5422,-66.9052,91.4578,110.062,-1463.96,-424.873,-1480.63,-479.364
-1492.0,-448.0,-116.284,9.23713e-07,88.5381,-67.2861,91.4619,109.681,-1462.65,-424.838,-1478.91,-479.273
-1490.0,-448.0,-115.644,9.21157e-07,88.5336,-67.6691,91.4664,109.298,-1461.35,-424.803,-1477.19,-479.182
-1488.0,-448.0,-115.155,9.18651e-07,88.512,-68.0542,91.488,108.913,-1460.04,-424.769,-1475.47,-479.09
-1486.0,-448.0,-114.782,9.16186e-07,88.4904,-68.4414,91.5096,108.526,-1458.73,-424.734,-1473.75,-478.999
-1484.0,-448.0,-114.5,9.13763e-07,88.4687,-68.8308,91.5313,108.136,-1457.42,-424.699,-1472.03,-478.908
-1482.0,-448.0,-114.292,9.11383e-07,88.447,-69.2221,91.553,107.745,-1456.11,-424.664,-1470.31,-478.816
-1480.0,-448.0,-114.145,9.09045e-07,88.4252,-69.6155,91.5748,107.352,-1454.8,-424.629,-1468.58,-478.724
-1478.0,-448.0,-112.337,6.76695e-07,87.8604,-47.6935,92.1396,131.514,-1425.57,-571.115,-1397.59,-536.347
-1476.0,-448.0,-111.128,6.72235e-07,87.8222,-48.1144,92.1778,131.093,-1425.58,-570.672,-1397.62,-535.399
-1474.0,-448.0,-110.364,6.67812e-07,87.7836,-48.541,92.2164,130.667,-1425.59,-570.215,-1397.65,-534.422
-1472.0,-448.0,-109.874,6.63424e-07,87.7508,-48.9733,92.2492,130.234,-1425.6,-569.743,-1397.68,-533.414
-1470.0,-448.0,-110.343,7.0228e-07,87.8753,73.2587,92.1247,109.794,-1463.04,-424.849,-1463.04,-424.849
-1468.0,-448.0,-110.092,7.00388e-07,87.8696,73.7818,92.1304,109.27,-1461.25,-424.801,-1461.25,-424.801
-1466.0,-448.0,-109.916,6.98555e-07,87.864,74.3078,92.136,108.744,-1459.47,-424.753,-1459.47,-424.753
-1464.0,-448.0,-109.799,6.96781e-07,87.8586,74.8365,92.1414,108.216,-1457.69,-424.706,-1457.69,-424.706
-1462.0,-448.0,-109.728,6.95067e-07,87.8533,75.3678,92.1467,107.684,-1455.91,-424.659,-1455.91,-424.659
-1460.0,-448.0,-105.692,5.45887e-07,87.2662,-68.459,92.7338,111.541,-1460.0,-448.0,-1400.0,-600.0
-1458.0,-448.0,-105.653,5.43475e-07,87.2541,-69.1142,92.7459,110.886,-1458.0,-448.0,-1400.0,-600.0
-1456.0,-448.0,-105.616,5.41134e-07,87.2422,-69.7751,92.7578,110.225,-1456.0,-448.0,-1400.0,-600.0
-1454.0,-448.0,-105.579,5.38866e-07,87.2306,-70.4417,92.7694,109.558,-1454.0,-448.0,-1400.0,-600.0
-1452.0,-448.0,-105.543,5.36672e-07,87.2192,-71.1139,92.7808,108.886,-1452.0,-448.0,-1400.0,-600.0
-1450.0,-448.0,-105.509,5.34551e-07,87.2082,-71.7915,92.7918,108.208,-1450.0,-448.0,-1400.0,-600.0
-1448.0,-448.0,-105.476,5.32506e-07,87.1974,-72.4744,92.8026,107.526,-1448.0,-448.0,-1400.0,-600.0
-1446.0,-448.0,-105.443,5.30537e-07,87.187,-73.1625,92.813,106.837,-1446.0,-448.0,-1400.0,-600.0
-1444.0,-448.0,-105.412,5.28645e-07,87.1769,-73.8557,92.8231,106.144,-1444.0,-448.0,-1400.0,-600.0
-1442.0,-448.0,-105.382,5.26836e-07,87.157,-74.5537,92.843,105.446,-1442.0,-448.0,-1400.0,-600.0
-1440.0,-448.0,-105.354,5.25114e-07,87.1169,-75.2564,92.8831,104.744,-1440.0,-448.0,-1400.0,-600.0
-1438.0,-448.0,-105.327,5.23472e-07,87.077,-75.9638,92.923,104.036,-1438.0,-448.0,-1400.0,-600.0
-1436.0,-448.0,-105.301,5.2191e-07,87.0373,-76.6755,92.9627,103.325,-1436.0,-448.0,-1400.0,-600.0
-1434.0,-448.0,-105.276,5.20429e-07,86.9978,-77.3914,93.0022,102.609,-1434.0,-448.0,-1400.0,-600.0
-1432.0,-448.0,-105.252,5.1903e-07,86.9585,-78.1113,93.0415,101.889,-1432.0,-448.0,-1400.0,-600.0
-1430.0,-448.0,-105.23,5.17714e-07,86.9196,-78.8351,93.0804,101.165,-1430.0,-448.0,-1400.0,-600.0
-1428.0,-448.0,-105.209,5.1648e-07,86.8809,-79.5625,93.1191,100.437,-1428.0,-448.0,-1400.0,-600.0
-1426.0,-448.0,-113.135,7.14046e-07,87.7218,-130.83,92.2782,136.121,-1425.46,-575.513,-1459.89,-487.224
-1424.0,-448.0,-136.456,5.14491e-07,86.7881,-84.0055,93.2119,99.908,-1420.16,-484.607,-1420.16,-484.607
-1422.0,-448.0,-141.512,5.28571e-07,86.8126,-95.6784,93.1874,111.97,-1429.78,-526.194,-1429.78,-526.194
-1420.0,-448.0,-150.652,7.29053e-07,87.6453,-133.897,92.3547,129.101,-1425.63,-568.463,-1459.78,-489.342
-1418.0,-448.0,-151.876,7.5278e-07,87.6871,120.144,92.3129,111.97,-1429.78,-526.194,-1431.93,-424.02
-1416.0,-448.0,-153.128,7.56174e-07,87.6761,120.818,92.3239,111.97,-1429.78,-526.194,-1430.33,-423.977
-1414.0,-448.0,-154.922,7.59635e-07,87.6654,121.484,92.3346,111.97,-1429.78,-526.194,-1428.74,-423.935
-1412.0,-448.0,-155.828,7.51034e-07,87.6172,-139.011,92.3828,129.985,-1425.61,-569.467,-1459.77,-489.512
-1410.0,-448.0,-160.487,7.03208e-07,87.432,-142.532,92.568,89.6826,-1399.57,-523.105,-1459.94,-486.278
-1408.0,-448.0,-159.291,7.18737e-07,87.4651,-149.854,92.5349,82.1554,-1396.76,-576.497,-1460.36,-478.409
-1406.0,-448.0,-159.845,7.24529e-07,87.463,-150.354,92.537,82.1554,-1396.76,-576.497,-1460.33,-478.924
-1404.0,-448.0,-163.116,7.77896e-07,87.6164,124.672,92.3836,111.97,-1429.78,-526.194,-1420.79,-423.723
-1402.0,-448.0,-166.2,1.11953e-06,88.3296,168.135,91.6704,130.064,-1425.6,-569.555,-1498.91,-427.64
-1400.0,-448.0,-166.413,1.12607e-06,88.3354,168.35,91.6646,130.064,-1425.6,-569.555,-1498.91,-427.607
-1398.0,-448.0,-166.628,1.1326e-06,88.345,168.558,91.655,130.064,-1425.6,-569.555,-1498.91,-427.576
-1396.0,-448.0,-166.845,1.13914e-06,88.3545,168.758,91.6455,130.064,-1425.6,-569.555,-1498.91,-427.545
-1394.0,-448.0,-167.063,1.14569e-06,88.3549,168.952,91.6451,130.064,-1425.6,-569.555,-1498.91,-427.516
-1392.0,-448.0,-167.284,1.15225e-06,88.3502,169.139,91.6498,130.064,-1425.6,-569.555,-1498.91,-427.487
-1390.0,-448.0,-167.461,1.99504e-06,89.0392,-23.25,90.9608,-14.6085,-1339.34,-615.81,-1255.0,-506.0
-1388.0,-448.0,-167.075,1.98892e-06,89.0281,-23.4496,90.9719,-14.6085,-1339.34,-615.81,-1255.0,-505.689
-1386.0,-448.0,-166.75,1.98281e-06,89.0169,-23.6524,90.9831,-14.6085,-1339.34,-615.81,-1255.01,-505.372
-1384.0,-448.0,-166.479,1.9767e-06,89.0057,-23.8586,90.9943,-14.6085,-1339.34,-615.81,-1255.01,-505.048
-1382.0,-448.0,-166.258,1.97061e-06,88.9945,-24.0682,91.0055,-14.6085,-1339.34,-615.81,-1255.02,-504.718
-1380.0,-448.0,-166.08,1.96453e-06,88.9831,-24.2813,91.0169,-14.6085,-1339.34,-615.81,-1255.02,-504.382
-1378.0,-448.0,-165.941,1.95846e-06,88.9717,-24.4979,91.0283,-14.6085,-1339.34,-615.81,-1255.02,-504.039
-1376.0,-448.0,-165.836,1.9524e-06,88.953,-24.7182,91.047,-14.6085,-1339.34,-615.81,-1255.03,-503.688
-1374.0,-448.0,-165.761,1.94635e-06,88.9331,-24.9423,91.0669,-14.6085,-1339.34,-615.81,-1255.03,-503.33
-1372.0,-448.0,-159.604,2.02963e-06,86.7166,-43.0268,88.3502,16.5459,-1363.64,-589.197,-1334.29,-483.196
-1370.0,-448.0,-159.481,2.02479e-06,86.6828,-43.1561,88.3512,16.4173,-1363.3,-589.187,-1332.5,-483.159
-1368.0,-448.0,-159.391,2.01995e-06,86.6516,-43.2861,88.3522,16.2881,-1362.96,-589.177,-1330.71,-483.122
-1366.0,-448.0,-164.386,1.06605e-06,87.9731,-31.871,92.0269,-43.3117,-1381.35,-617.58,-1254.88,-517.088
-1364.0,-448.0,-162.687,1.06041e-06,87.947,-32.1297,92.053,-43.3117,-1381.35,-617.58,-1254.89,-516.526
-1362.0,-448.0,-161.216,1.05478e-06,87.9207,-32.3922,92.0793,-43.3117,-1381.35,-617.58,-1254.89,-515.952
-1360.0,-448.0,-167.761,1.55603e-06,88.5803,-71.4606,91.4197,-14.6085,-1339.34,-615.81,-1329.2,-539.827
-1358.0,-448.0,-167.491,1.55398e-06,88.5681,-72.5896,91.4319,-14.6085,-1339.34,-615.81,-1329.2,-539.827
-1356.0,-448.0,-167.379,1.55205e-06,88.5559,-73.7328,91.4441,-14.6085,-1339.34,-615.81,-1329.2,-539.827
-1354.0,-448.0,-167.368,1.55025e-06,88.5442,-74.8894,91.4558,-14.6085,-1339.34,-615.81,-1329.2,-539.827
-1352.0,-448.0,-167.429,1.54858e-06,88.5426,-76.0587,91.4574,-14.6085,-1339.34,-615.81,-1329.2,-539.827
-1350.0,-448.0,-167.556,1.54704e-06,88.5412,-77.2401,91.4588,-14.6085,-1339.34,-615.81,-1329.2,-539.827
-1348.0,-448.0,-167.748,1.54564e-06,88.5398,-78.4325,91.4602,-14.6085,-1339.34,-615.81,-1329.2,-539.827
-1346.0,-448.0,-168.012,1.54437e-06,88.5287,-79.6352,91.4713,-14.6085,-1339.34,-615.81,-1329.2,-539.827
-1344.0,-448.0,-168.342,1.54325e-06,88.5172,-80.8472,91.4828,-14.6085,-1339.34,-615.81,-1329.2,-539.827
-1342.0,-448.0,-171.531,1.26e-06,88.1709,-61.5985,91.8291,-2.76158,-1239.86,-607.725,-1323.09,-482.965
-1340.0,-448.0,-172.975,1.32374e-06,88.2468,172.468,91.7532,130.064,-1425.6,-569.555,-1498.92,-426.987
-1338.0,-448.0,-173.176,1.33036e-06,88.2434,172.556,91.7566,130.064,-1425.6,-569.555,-1498.92,-426.974
-1336.0,-448.0,-173.375,1.33699e-06,88.2401,172.642,91.7599,130.064,-1425.6,-569.555,-1498.92,-426.961
-1334.0,-448.0,-173.572,1.34361e-06,88.2367,172.726,91.7633,130.064,-1425.6,-569.555,-1498.92,-426.949
-1332.0,-448.0,0.0,0.0,0.0,0.0,0.0,0.0,0.0,0.0,0.0,0.0
-1330.0,-448.0,0.0,0.0,0.0,0.0,0.0,0.0,0.0,0.0,0.0,0.0
-1328.0,-448.0,0.0,0.0,0.0,0.0,0.0,0.0,0.0,0.0,0.0,0.0
-1326.0,-448.0,0.0,0.0,0.0,0.0,0.0,0.0,0.0,0.0,0.0,0.0
-1324.0,-448.0,0.0,0.0,0.0,0.0,0.0,0.0,0.0,0.0,0.0,0.0
-1322.0,-448.0,0.0,0.0,0.0,0.0,0.0,0.0,0.0,0.0,0.0,0.0
-1320.0,-448.0,0.0,0.0,0.0,0.0,0.0,0.0,0.0,0.0,0.0,0.0
-1318.0,-448.0,0.0,0.0,0.0,0.0,0.0,0.0,0.0,0.0,0.0,0.0
-1316.0,-448.0,0.0,0.0,0.0,0.0,0.0,0.0,0.0,0.0,0.0,0.0
-1314.0,-448.0,0.0,0.0,0.0,0.0,0.0,0.0,0.0,0.0,0.0,0.0
-1312.0,-448.0,0.0,0.0,0.0,0.0,0.0,0.0,0.0,0.0,0.0,0.0
-1310.0,-448.0,-161.66,1.45431e-06,88.3166,-19.1721,91.6834,33.5575,-1384.69,-589.841,-1164.35,-498.642
-1308.0,-448.0,-157.351,1.04948e-06,87.6669,-53.822,92.3331,-35.9954,-1376.1,-617.359,-1254.84,-520.692
-1306.0,-448.0,-158.328,1.04557e-06,87.6473,-54.2094,92.3527,-35.9954,-1376.1,-617.359,-1254.86,-518.933
-1304.0,-448.0,-158.851,1.43547e-06,88.2641,-19.794,91.7359,33.5575,-1384.69,-589.841,-1164.38,-498.251
-1302.0,-448.0,-158.046,1.42921e-06,88.2339,-20.0099,91.7661,33.5575,-1384.69,-589.841,-1164.39,-498.114
-1300.0,-448.0,-157.293,1.42297e-06,88.2064,-20.2305,91.7936,33.5575,-1384.69,-589.841,-1164.4,-497.974
-1298.0,-448.0,-156.584,1.41672e-06,88.1871,-20.4557,91.8129,33.5575,-1384.69,-589.841,-1164.41,-497.831
-1296.0,-448.0,-157.933,9.52084e-07,87.2848,-139.922,92.7152,-43.3117,-1381.35,-617.58,-1310.1,-459.863
-1294.0,-448.0,-156.645,9.57212e-07,87.2825,-140.285,92.7175,-43.3117,-1381.35,-617.58,-1310.07,-461.349
-1292.0,-448.0,-155.943,9.62366e-07,87.2802,-140.644,92.7198,-43.3117,-1381.35,-617.58,-1310.04,-462.799
-1290.0,-448.0,-125.937,1.32023e-06,88.0056,49.5908,91.9944,-43.3117,-1381.35,-617.58,-1245.66,-395.912
-1288.0,-448.0,-125.305,1.31593e-06,87.9868,49.8454,92.0132,-43.396,-1381.4,-617.583,-1243.98,-395.826
-1286.0,-448.0,-129.706,1.31165e-06,87.9679,50.1117,92.0321,-43.396,-1381.4,-617.583,-1242.32,-395.741
-1284.0,-448.0,-133.826,1.3074e-06,87.9489,50.3801,92.0511,-43.396,-1381.4,-617.583,-1240.67,-395.656
-1282.0,-448.0,-137.613,1.30317e-06,87.9299,50.6506,92.0701,-43.396,-1381.4,-617.583,-1239.01,-395.571
-1280.0,-448.0,-141.266,1.29896e-06,87.9107,50.9232,92.0893,-43.396,-1381.4,-617.583,-1237.36,-395.486
-1278.0,-448.0,-145.049,1.29478e-06,87.8915,51.1979,92.1085,-43.396,-1381.4,-617.583,-1235.71,-395.401
-1276.0,-448.0,-148.773,1.29062e-06,87.8722,51.4748,92.1278,-43.396,-1381.4,-617.583,-1234.06,-395.316
-1274.0,-448.0,-151.532,1.28649e-06,87.8528,51.7538,92.1472,-43.396,-1381.4,-617.583,-1232.41,-395.232
-1272.0,-448.0,-152.882,1.28239e-06,87.8333,52.035,92.1667,-43.396,-1381.4,-617.583,-1230.76,-395.147
-1270.0,-448.0,-153.916,1.27831e-06,87.8137,52.3183,92.1863,-43.396,-1381.4,-617.583,-1229.11,-395.062
-1268.0,-448.0,-150.748,8.23005e-07,83.8322,-121.85,81.5081,56.6234,-1393.48,-590.111,-1373.13,-617.234
-1266.0,-448.0,-150.685,8.26556e-07,83.8341,-122.246,81.5478,56.2287,-1393.38,-590.107,-1372.75,-617.218
-1264.0,-448.0,-150.726,8.30145e-07,83.8363,-122.638,81.5877,55.8375,-1393.28,-590.104,-1372.37,-617.202
-1262.0,-448.0,-150.869,8.33773e-07,83.8387,-123.027,81.6275,55.4498,-1393.18,-590.101,-1371.98,-617.185
-1260.0,-448.0,-145.919,7.84525e-07,86.3332,-123.178,93.6668,-43.3117,-1381.35,-617.58,-1342.6,-574.333
-1258.0,-448.0,-145.353,7.88206e-07,86.3434,-123.809,93.6566,-43.3117,-1381.35,-617.58,-1342.6,-574.333
-1256.0,-448.0,-144.759,7.91942e-07,86.3607,-124.43,93.6393,-43.3117,-1381.35,-617.58,-1342.6,-574.333
-1254.0,-448.0,-144.125,7.95737e-07,86.378,-125.043,93.622,-43.3117,-1381.35,-617.58,-1342.6,-574.333
-1252.0,-448.0,-143.441,7.9956e-07,86.4298,-125.646,93.5702,-43.3117,-1381.35,-617.58,-1342.6,-574.333
-1250.0,-448.0,-142.696,8.03418e-07,86.5073,-126.241,93.4927,-43.3117,-1381.35,-617.58,-1342.6,-574.333
-1248.0,-448.0,-140.986,8.07083e-07,86.5833,-127.416,93.4167,-43.396,-1381.4,-617.583,-1355.83,-588.959
-1246.0,-448.0,-139.879,8.1112e-07,86.6413,-127.925,93.3587,-43.396,-1381.4,-617.583,-1355.83,-588.959
-1244.0,-448.0,-138.637,8.15221e-07,86.6781,-128.427,93.3219,-43.396,-1381.4,-617.583,-1355.83,-588.959
-1242.0,-448.0,-132.603,9.83498e-07,87.2787,-121.002,92.7581,56.2133,-1393.38,-590.107,-1317.52,-573.679
-1240.0,-448.0,-130.344,9.86935e-07,87.3155,-121.334,92.7476,55.8803,-1393.3,-590.105,-1316.5,-573.652
-1238.0,-448.0,-128.852,9.90404e-07,87.3523,-121.664,92.737,55.5497,-1393.21,-590.102,-1315.48,-573.626
-1236.0,-448.0,-127.976,9.93907e-07,87.3888,-121.991,92.7265,55.2214,-1393.12,-590.099,-1314.46,-573.599
-1234.0,-448.0,-127.833,8.36396e-07,86.8589,-130.837,93.1411,-43.396,-1381.4,-617.583,-1355.83,-588.959
-1232.0,-448.0,-123.225,8.40759e-07,86.8944,-131.299,93.1056,-43.396,-1381.4,-617.583,-1355.83,-588.959
-1230.0,-448.0,-117.158,8.45161e-07,86.9298,-131.755,93.0702,-43.396,-1381.4,-617.583,-1355.83,-588.959
-1228.0,-448.0,-122.141,8.49581e-07,86.9922,-132.212,93.0078,-43.3117,-1381.35,-617.58,-1342.6,-574.333
-1226.0,-448.0,-127.846,8.54037e-07,87.0647,-132.706,92.9353,-43.3117,-1381.35,-617.58,-1342.6,-574.333
-1224.0,-448.0,-131.642,8.58535e-07,87.1366,-133.192,92.8634,-43.3117,-1381.35,-617.58,-1342.6,-574.333
-1222.0,-448.0,-134.377,8.63076e-07,87.2078,-133.67,92.7922,-43.3117,-1381.35,-617.58,-1342.6,-574.333
-1220.0,-448.0,-136.483,8.67657e-07,87.2784,-134.141,92.7216,-43.3117,-1381.35,-617.58,-1342.6,-574.333
-1218.0,-448.0,-126.58,9.3898e-07,87.5369,-137.499,92.4631,-37.2146,-1377.09,-617.401,-1356.27,-574.703
-1216.0,-448.0,-129.488,9.43871e-07,87.601,-137.773,92.399,-36.9407,-1376.87,-617.391,-1356.25,-575.292
-1214.0,-448.0,-130.446,9.48784e-07,87.6645,-138.044,92.3355,-36.6696,-1376.65,-617.382,-1356.23,-575.869
-1212.0,-448.0,-128.643,9.53719e-07,87.7274,-138.312,92.2726,-36.4013,-1376.44,-617.373,-1356.21,-576.436
-1210.0,-448.0,0.0,0.0,0.0,0.0,0.0,0.0,0.0,0.0,0.0,0.0
-1208.0,-448.0,0.0,0.0,0.0,0.0,0.0,0.0,0.0,0.0,0.0,0.0
-1206.0,-448.0,0.0,0.0,0.0,0.0,0.0,0.0,0.0,0.0,0.0,0.0
-1204.0,-448.0,0.0,0.0,0.0,0.0,0.0,0.0,0.0,0.0,0.0,0.0
-1202.0,-448.0,0.0,0.0,0.0,0.0,0.0,0.0,0.0,0.0,0.0,0.0
-1600.0,-446.0,-158.38,1.23616e-06,88.4684,40.2205,91.5316,130.461,-1425.59,-569.992,-1533.85,-390.06
-1598.0,-446.0,-158.071,1.23109e-06,88.449,40.8073,91.551,130.461,-1425.59,-569.992,-1533.2,-390.048
-1596.0,-446.0,-158.088,1.22608e-06,88.4295,41.4084,91.5705,130.461,-1425.59,-569.992,-1532.54,-390.036
-1594.0,-446.0,-158.916,1.2211e-06,88.4099,42.0241,91.5901,130.461,-1425.59,-569.992,-1531.89,-390.025
-1592.0,-446.0,-161.315,1.21618e-06,88.3966,42.6548,91.6034,130.461,-1425.59,-569.992,-1531.23,-390.013
-1590.0,-446.0,-160.967,1.21129e-06,88.4035,43.301,91.5965,130.461,-1425.59,-569.992,-1530.58,-390.002
-1588.0,-446.0,-156.624,1.20645e-06,88.4105,43.9631,91.5895,130.461,-1425.59,-569.992,-1529.93,-389.99
-1586.0,-446.0,-162.453,9.89141e-07,88.0775,23.8145,91.9225,99.908,-1420.16,-484.607,-1553.08,-431.472
-1584.0,-446.0,-162.492,9.83036e-07,88.082,24.0754,91.918,99.908,-1420.16,-484.607,-1551.42,-431.442
-1582.0,-446.0,-162.094,9.67745e-07,88.0683,27.7201,91.9317,96.8954,-1412.1,-499.96,-1554.4,-431.495
-1580.0,-446.0,-161.115,9.40111e-07,88.0287,-13.5786,91.9713,99.908,-1420.16,-484.607,-1420.16,-484.607
-1578.0,-446.0,-161.03,9.33621e-07,88.0323,-13.7441,91.9677,99.908,-1420.16,-484.607,-1420.16,-484.607
-1576.0,-446.0,-160.931,9.50074e-07,88.0834,28.5902,91.9166,96.8954,-1412.1,-499.96,-1549.22,-431.403
-1574.0,-446.0,-160.674,9.44217e-07,88.0886,28.8914,91.9114,96.8954,-1412.1,-499.96,-1547.49,-431.373
-1572.0,-446.0,-160.462,9.38377e-07,88.0939,29.1984,91.9061,96.8954,-1412.1,-499.96,-1545.77,-431.343
-1570.0,-446.0,-160.287,9.32554e-07,88.0993,29.5115,91.9007,96.8954,-1412.1,-499.96,-1544.05,-431.312
-1568.0,-446.0,-160.147,9.26753e-07,88.0979,29.8307,91.9021,96.8954,-1412.1,-499.96,-1542.33,-431.282
-1566.0,-446.0,-140.148,1.15964e-06,88.48,-46.6228,91.52,129.985,-1425.61,-569.467,-1531.9,-482.09
-1564.0,-446.0,-149.501,1.15519e-06,88.4742,-47.9993,91.5258,130.064,-1425.6,-569.555,-1531.52,-482.07
-1562.0,-446.0,-150.84,1.15076e-06,88.4683,-48.7274,91.5317,130.064,-1425.6,-569.555,-1530.4,-482.01
-1560.0,-446.0,-152.391,1.14639e-06,88.4703,-49.4721,91.5297,130.064,-1425.6,-569.555,-1529.27,-481.95
-1558.0,-446.0,-153.931,1.14208e-06,88.4787,-50.2338,91.5213,130.064,-1425.6,-569.555,-1528.13,-481.89
-1556.0,-446.0,-155.409,1.13784e-06,88.4872,-51.0127,91.5128,130.064,-1425.6,-569.555,-1527.0,-481.829
-1554.0,-446.0,-156.936,1.13367e-06,88.4959,-51.8092,91.5041,130.064,-1425.6,-569.555,-1525.86,-481.769
-1552.0,-446.0,-160.263,8.49775e-07,88.0122,-16.3213,91.9878,99.908,-1420.16,-484.607,-1420.16,-484.607
-1550.0,-446.0,-160.266,8.43368e-07,88.0163,-16.559,91.9837,99.908,-1420.16,-484.607,-1420.16,-484.607
-1548.0,-446.0,-160.287,8.3697e-07,88.0204,-16.8035,91.9796,99.908,-1420.16,-484.607,-1420.16,-484.607
-1546.0,-446.0,-160.327,8.30579e-07,88.0246,-17.0552,91.9754,99.908,-1420.16,-484.607,-1420.16,-484.607
-1544.0,-446.0,-157.469,9.32273e-07,88.2479,38.0929,91.7521,117.862,-1429.33,-544.506,-1524.83,-430.972
-1542.0,-446.0,-157.271,9.27035e-07,88.238,38.4219,91.762,117.862,-1429.33,-544.506,-1523.01,-430.94
-1540.0,-446.0,-157.183,9.21822e-07,88.228,38.7556,91.772,117.862,-1429.33,-544.506,-1521.2,-430.908
-1538.0,-446.0,-157.216,9.16632e-07,88.2179,39.0943,91.7821,117.862,-1429.33,-544.506,-1519.39,-430.876
-1536.0,-446.0,-157.398,9.11468e-07,88.2078,39.438,91.7922,117.862,-1429.33,-544.506,-1517.57,-430.844
-1534.0,-446.0,-157.779,9.0633e-07,88.1977,39.7868,91.8023,117.862,-1429.33,-544.506,-1515.76,-430.812
-1532.0,-446.0,-158.446,9.01217e-07,88.1875,40.1407,91.8125,117.862,-1429.33,-544.506,-1513.95,-430.78
-1530.0,-446.0,-157.085,8.77063e-07,88.1375,43.3248,91.8625,129.985,-1425.61,-569.467,-1513.86,-430.778
-1528.0,-446.0,-153.991,8.72213e-07,88.1595,43.7732,91.8405,129.985,-1425.61,-569.467,-1512.08,-430.747
-1526.0,-446.0,-151.565,8.67397e-07,88.1865,44.229,91.8135,129.985,-1425.61,-569.467,-1510.3,-430.715
-1524.0,-446.0,-149.829,8.62618e-07,88.2138,44.6924,91.7862,129.985,-1425.61,-569.467,-1508.52,-430.684
-1522.0,-446.0,-146.097,8.574e-07,88.2406,46.2703,91.7594,129.101,-1425.63,-568.463,-1507.33,-430.663
-1520.0,-446.0,-123.774,8.52267e-07,88.2679,47.5263,91.7321,133.708,-1425.52,-573.306,-1505.94,-430.638
-1518.0,-446.0,-126.854,8.47761e-07,88.2968,47.8591,91.7032,133.375,-1425.52,-572.986,-1504.07,-430.605
-1516.0,-446.0,-127.404,8.43283e-07,88.326,48.1955,91.674,133.038,-1425.53,-572.658,-1502.2,-430.572
-1514.0,-446.0,-124.953,8.38835e-07,88.3556,48.5354,91.6444,132.698,-1425.54,-572.322,-1500.34,-430.539
-1512.0,-446.0,-129.388,1.0504e-06,88.6909,68.1476,91.3091,110.846,-1466.66,-424.945,-1505.84,-430.636
-1510.0,-446.0,-129.564,1.04793e-06,88.6878,68.4864,91.3122,110.507,-1465.49,-424.914,-1503.93,-430.603
-1508.0,-446.0,-129.247,1.04551e-06,88.6848,68.8267,91.3152,110.167,-1464.32,-424.883,-1502.02,-430.569
-1506.0,-446.0,-123.037,8.4575e-07,88.3741,52.2761,91.6259,129.985,-1425.61,-569.467,-1490.2,-425.572
-1504.0,-446.0,-125.016,9.45957e-07,88.5463,-65.2039,91.4537,111.763,-1469.85,-425.03,-1488.4,-479.777
-1502.0,-446.0,-122.732,9.43179e-07,88.5421,-65.572,91.4579,111.395,-1468.57,-424.996,-1486.7,-479.687
-1500.0,-446.0,-120.682,9.4044e-07,88.5378,-65.9423,91.4622,111.025,-1467.28,-424.962,-1485.0,-479.597
-1498.0,-446.0,-119.043,9.3774e-07,88.5336,-66.3148,91.4664,110.652,-1465.99,-424.927,-1483.3,-479.507
-1496.0,-446.0,-117.778,9.3508e-07,88.5294,-66.6893,91.4706,110.278,-1464.7,-424.893,-1481.6,-479.416
-1494.0,-446.0,-116.809,9.3246e-07,88.5253,-67.0661,91.4747,109.901,-1463.4,-424.858,-1479.9,-479.326
-1492.0,-446.0,-116.067,9.29881e-07,88.5212,-67.4449,91.4788,109.522,-1462.11,-424.824,-1478.2,-479.235
-1490.0,-446.0,-115.498,9.27343e-07,88.5167,-67.8258,91.4833,109.141,-1460.81,-424.789,-1476.49,-479.145
-1488.0,-446.0,-115.063,9.24853e-07,88.4953,-68.2088,91.5047,108.758,-1459.52,-424.755,-1474.79,-479.054
-1486.0,-446.0,-114.73,9.22405e-07,88.4738,-68.5938,91.5262,108.373,-1458.22,-424.72,-1473.08,-478.963
-1484.0,-446.0,-114.481,9.19998e-07,88.4522,-68.9809,91.5478,107.986,-1456.92,-424.685,-1471.37,-478.872
-1482.0,-446.0,-114.298,9.17635e-07,88.4306,-69.37,91.5694,107.597,-1455.61,-424.651,-1469.66,-478.781
-1480.0,-446.0,-112.592,6.86121e-07,87.8773,-47.6564,92.1227,131.551,-1425.57,-571.154,-1397.59,-536.43
-1478.0,-446.0,-111.343,6.81658e-07,87.8397,-48.0713,92.1603,131.136,-1425.58,-570.718,-1397.62,-535.497
-1476.0,-446.0,-110.552,6.77231e-07,87.8017,-48.4916,92.1983,130.716,-1425.59,-570.268,-1397.65,-534.536
-1474.0,-446.0,-110.041,6.7284e-07,87.764,-48.9175,92.236,130.29,-1425.6,-569.805,-1397.68,-533.545
-1472.0,-446.0,-110.753,6.97873e-07,87.8442,72.5757,92.1558,110.477,-1465.38,-424.911,-1465.38,-424.911
-1470.0,-446.0,-110.354,6.95905e-07,87.8381,73.1003,92.1619,109.952,-1463.58,-424.863,-1463.58,-424.863
-1468.0,-446.0,-110.072,6.93996e-07,87.8321,73.6278,92.1679,109.424,-1461.78,-424.815,-1461.78,-424.815
-1466.0,-446.0,-109.874,6.92146e-07,87.8263,74.1583,92.1737,108.894,-1459.97,-424.767,-1459.97,-424.767
-1464.0,-446.0,-109.74,6.90355e-07,87.8207,74.6915,92.1793,108.361,-1458.17,-424.719,-1458.17,-424.719
-1462.0,-446.0,-105.829,5.54557e-07,87.2867,-68.0704,92.7133,111.93,-1462.0,-446.0,-1400.0,-600.0
-1460.0,-446.0,-105.79,5.52103e-07,87.2746,-68.7136,92.7254,111.286,-1460.0,-446.0,-1400.0,-600.0
-1458.0,-446.0,-105.753,5.49718e-07,87.2628,-69.3625,92.7372,110.638,-1458.0,-446.0,-1400.0,-600.0
-1456.0,-446.0,-105.716,5.47404e-07,87.2512,-70.0169,92.7488,109.983,-1456.0,-446.0,-1400.0,-600.0
-1454.0,-446.0,-105.68,5.45162e-07,87.2399,-70.6768,92.7601,109.323,-1454.0,-446.0,-1400.0,-600.0
-1452.0,-446.0,-105.645,5.42993e-07,87.2288,-71.3421,92.7712,108.658,-1452.0,-446.0,-1400.0,-600.0
-1450.0,-446.0,-105.612,5.40898e-07,87.2181,-72.0127,92.7819,107.987,-1450.0,-446.0,-1400.0,-600.0
-1448.0,-446.0,-105.579,5.38877e-07,87.2076,-72.6884,92.7924,107.312,-1448.0,-446.0,-1400.0,-600.0
-1446.0,-446.0,-105.548,5.36931e-07,87.1975,-73.369,92.8025,106.631,-1446.0,-446.0,-1400.0,-600.0
-1444.0,-446.0,-105.517,5.35062e-07,87.1877,-74.0546,92.8123,105.945,-1444.0,-446.0,-1400.0,-600.0
-1442.0,-446.0,-105.488,5.33274e-07,87.1682,-74.7449,92.8318,105.255,-1442.0,-446.0,-1400.0,-600.0
-1440.0,-446.0,-105.46,5.31573e-07,87.1287,-75.4397,92.8713,104.56,-1440.0,-446.0,-1400.0,-600.0
-1438.0,-446.0,-105.434,5.29951e-07,87.0894,-76.139,92.9106,103.861,-1438.0,-446.0,-1400.0,-600.0
-1436.0,-446.0,-105.408,5.28408e-07,87.0503,-76.8425,92.9497,103.158,-1436.0,-446.0,-1400.0,-600.0
-1434.0,-446.0,-105.384,5.26946e-07,87.0115,-77.55,92.9885,102.45,-1434.0,-446.0,-1400.0,-600.0
-1432.0,-446.0,-105.361,5.25565e-07,86.9728,-78.2614,93.0272,101.739,-1432.0,-446.0,-1400.0,-600.0
-1430.0,-446.0,-105.34,5.24264e-07,86.9345,-78.9765,93.0655,101.023,-1430.0,-446.0,-1400.0,-600.0
-1428.0,-446.0,-105.32,5.23046e-07,86.8964,-79.6952,93.1036,100.305,-1428.0,-446.0,-1400.0,-600.0
-1426.0,-446.0,-114.086,7.19117e-07,87.7131,-130.482,92.2869,135.773,-1425.47,-575.207,-1459.97,-485.798
-1424.0,-446.0,-113.146,7.23487e-07,87.6823,-130.884,92.3177,136.175,-1425.46,-575.561,-1459.88,-487.446
-1422.0,-446.0,-141.722,5.35226e-07,86.806,-95.5377,93.194,111.97,-1429.78,-526.194,-1429.78,-526.194
-1420.0,-446.0,-149.453,7.33893e-07,87.6271,-133.454,92.3729,129.101,-1425.63,-568.463,-1459.85,-488.06
-1418.0,-446.0,-150.833,7.38516e-07,87.6089,-133.914,92.3911,129.101,-1425.63,-568.463,-1459.78,-489.392
-1416.0,-446.0,-152.84,7.43172e-07,87.6021,-134.368,92.3979,129.101,-1425.63,-568.463,-1459.71,-490.684
-1414.0,-446.0,-155.821,7.47864e-07,87.5956,-134.815,92.4044,129.101,-1425.63,-568.463,-1459.64,-491.938
-1412.0,-446.0,-156.372,7.55453e-07,87.5984,-138.394,92.4016,129.985,-1425.61,-569.467,-1459.83,-488.472
-1410.0,-446.0,-159.569,7.07314e-07,87.412,-141.858,92.588,89.6826,-1399.57,-523.105,-1460.0,-485.262
-1408.0,-446.0,-160.487,7.12589e-07,87.4084,-142.376,92.5916,89.6826,-1399.57,-523.105,-1459.96,-486.045
-1406.0,-446.0,-164.528,7.68628e-07,87.5765,124.479,92.4235,111.97,-1429.78,-526.194,-1421.29,-423.736
-1404.0,-446.0,-159.655,7.33661e-07,87.4389,-149.99,92.5611,82.1554,-1396.76,-576.497,-1460.35,-478.549
-1402.0,-446.0,-160.221,7.39454e-07,87.4479,-150.469,92.5521,82.1554,-1396.76,-576.497,-1460.33,-479.042
-1400.0,-446.0,-167.028,1.12478e-06,88.3225,169.379,91.6775,130.064,-1425.6,-569.555,-1498.91,-427.451
-1398.0,-446.0,-167.272,1.13134e-06,88.3322,169.569,91.6678,130.064,-1425.6,-569.555,-1498.91,-427.422
-1396.0,-446.0,-167.517,1.1379e-06,88.3418,169.752,91.6582,130.064,-1425.6,-569.555,-1498.91,-427.394
-1394.0,-446.0,-167.466,2.00993e-06,89.0562,-23.3136,90.9438,-14.6085,-1339.34,-615.81,-1255.0,-505.901
-1392.0,-446.0,-167.107,2.00381e-06,89.0452,-23.5098,90.9548,-14.6085,-1339.34,-615.81,-1255.01,-505.595
-1390.0,-446.0,-166.804,1.9977e-06,89.0342,-23.7092,90.9658,-14.6085,-1339.34,-615.81,-1255.01,-505.283
-1388.0,-446.0,-166.552,1.9916e-06,89.0232,-23.9118,90.9768,-14.6085,-1339.34,-615.81,-1255.01,-504.965
-1386.0,-446.0,-166.346,1.98551e-06,89.0121,-24.1177,90.9879,-14.6085,-1339.34,-615.81,-1255.02,-504.64
-1384.0,-446.0,-166.181,1.97943e-06,89.0009,-24.3269,90.9991,-14.6085,-1339.34,-615.81,-1255.02,-504.31
-1382.0,-446.0,-166.051,1.97336e-06,88.9896,-24.5395,91.0104,-14.6085,-1339.34,-615.81,-1255.02,-503.972
-1380.0,-446.0,-165.954,1.9673e-06,88.9783,-24.7557,91.0217,-14.6085,-1339.34,-615.81,-1255.03,-503.628
-1378.0,-446.0,-165.885,1.96126e-06,88.9616,-24.9755,91.0384,-14.6085,-1339.34,-615.81,-1255.03,-503.277
-1376.0,-446.0,-163.897,1.16829e-06,88.2289,-30.6175,91.7711,-35.9954,-1376.1,-617.359,-1254.87,-517.684
-1374.0,-446.0,-159.589,2.03904e-06,86.751,-43.0357,88.3503,16.5365,-1363.61,-589.197,-1334.17,-483.193
-1372.0,-446.0,-159.489,2.03421e-06,86.7061,-43.1645,88.3513,16.4086,-1363.28,-589.186,-1332.38,-483.156
-1370.0,-446.0,-159.407,2.02937e-06,86.6723,-43.2939,88.3523,16.2799,-1362.94,-589.176,-1330.6,-483.119
-1368.0,-446.0,-163.474,1.07525e-06,87.9824,-32.0255,92.0176,-43.3117,-1381.35,-617.58,-1254.88,-516.753
-1366.0,-446.0,-161.926,1.06961e-06,87.9567,-32.2823,92.0433,-43.3117,-1381.35,-617.58,-1254.89,-516.193
-1364.0,-446.0,-168.813,1.56676e-06,88.5949,-69.6531,91.4051,-14.6085,-1339.34,-615.81,-1329.2,-539.827
-1362.0,-446.0,-168.178,1.56451e-06,88.5825,-70.7341,91.4175,-14.6085,-1339.34,-615.81,-1329.2,-539.827
-1360.0,-446.0,-167.763,1.56237e-06,88.5703,-71.8296,91.4297,-14.6085,-1339.34,-615.81,-1329.2,-539.827
-1358.0,-446.0,-167.556,1.56036e-06,88.5581,-72.939,91.4419,-14.6085,-1339.34,-615.81,-1329.2,-539.827
-1356.0,-446.0,-167.481,1.55847e-06,88.546,-74.0617,91.454,-14.6085,-1339.34,-615.81,-1329.2,-539.827
-1354.0,-446.0,-167.491,1.55671e-06,88.5423,-75.1972,91.4577,-14.6085,-1339.34,-615.81,-1329.2,-539.827
-1352.0,-446.0,-167.567,1.55507e-06,88.5408,-76.3447,91.4592,-14.6085,-1339.34,-615.81,-1329.2,-539.827
-1350.0,-446.0,-167.705,1.55356e-06,88.5393,-77.5034,91.4607,-14.6085,-1339.34,-615.81,-1329.2,-539.827
-1348.0,-446.0,-167.908,1.55218e-06,88.538,-78.6727,91.462,-14.6085,-1339.34,-615.81,-1329.2,-539.827
-1346.0,-446.0,-168.179,1.55094e-06,88.527,-79.8515,91.473,-14.6085,-1339.34,-615.81,-1329.2,-539.827
-1344.0,-446.0,-168.512,1.54984e-06,88.5155,-81.0391,91.4845,-14.6085,-1339.34,-615.81,-1329.2,-539.827
-1342.0,-446.0,-173.789,1.31628e-06,88.2398,173.06,91.7602,130.064,-1425.6,-569.555,-1498.92,-426.899
-1340.0,-446.0,-173.991,1.32291e-06,88.2364,173.142,91.7636,130.064,-1425.6,-569.555,-1498.92,-426.887
-1338.0,-446.0,-174.19,1.32955e-06,88.233,173.222,91.767,130.064,-1425.6,-569.555,-1498.92,-426.875
-1336.0,-446.0,-174.387,1.33618e-06,88.2297,173.301,91.7703,130.064,-1425.6,-569.555,-1498.92,-426.864
-1334.0,-446.0,-174.58,1.34281e-06,88.2264,173.378,91.7736,130.064,-1425.6,-569.555,-1498.92,-426.852
-1332.0,-446.0,0.0,0.0,0.0,0.0,0.0,0.0,0.0,0.0,0.0,0.0
-1330.0,-446.0,0.0,0.0,0.0,0.0,0.0,0.0,0.0,0.0,0.0,0.0
-1328.0,-446.0,0.0,0.0,0.0,0.0,0.0,0.0,0.0,0.0,0.0,0.0
-1326.0,-446.0,0.0,0.0,0.0,0.0,0.0,0.0,0.0,0.0,0.0,0.0
-1324.0,-446.0,0.0,0.0,0.0,0.0,0.0,0.0,0.0,0.0,0.0,0.0
-1322.0,-446.0,0.0,0.0,0.0,0.0,0.0,0.0,0.0,0.0,0.0,0.0
-1320.0,-446.0,0.0,0.0,0.0,0.0,0.0,0.0,0.0,0.0,0.0,0.0
-1318.0,-446.0,0.0,0.0,0.0,0.0,0.0,0.0,0.0,0.0,0.0,0.0
-1316.0,-446.0,0.0,0.0,0.0,0.0,0.0,0.0,0.0,0.0,0.0,0.0
-1314.0,-446.0,0.0,0.0,0.0,0.0,0.0,0.0,0.0,0.0,0.0,0.0
-1312.0,-446.0,0.0,0.0,0.0,0.0,0.0,0.0,0.0,0.0,0.0,0.0
-1310.0,-446.0,-157.25,1.0588e-06,87.6758,-53.7197,92.3242,-35.9954,-1376.1,-617.359,-1254.84,-521.152
-1308.0,-446.0,-158.082,1.05488e-06,87.6636,-54.102,92.3364,-35.9954,-1376.1,-617.359,-1254.85,-519.424
-1306.0,-446.0,-157.705,1.44402e-06,88.271,-20.1688,91.729,33.5575,-1384.69,-589.841,-1164.39,-498.014
-1304.0,-446.0,-157.004,1.43778e-06,88.2411,-20.3856,91.7589,33.5575,-1384.69,-589.841,-1164.4,-497.875
-1302.0,-446.0,-163.549,1.04339e-06,87.5449,-55.2716,92.4551,-35.9954,-1376.1,-617.359,-1254.91,-513.928
-1300.0,-446.0,-163.308,1.03963e-06,87.509,-55.669,92.491,-35.9954,-1376.1,-617.359,-1254.94,-511.985
-1298.0,-446.0,-162.02,1.0359e-06,87.4844,-56.0702,92.5156,-35.9954,-1376.1,-617.359,-1254.96,-509.982
-1296.0,-446.0,-160.747,9.56426e-07,87.2583,-139.489,92.7417,-43.3117,-1381.35,-617.58,-1310.13,-458.074
-1294.0,-446.0,-158.387,9.61521e-07,87.256,-139.854,92.744,-43.3117,-1381.35,-617.58,-1310.1,-459.583
-1292.0,-446.0,-156.97,9.66644e-07,87.2539,-140.213,92.7461,-43.3117,-1381.35,-617.58,-1310.08,-461.054
-1290.0,-446.0,-156.178,9.71792e-07,87.2518,-140.567,92.7482,-43.3117,-1381.35,-617.58,-1310.05,-462.489
-1288.0,-446.0,-125.229,1.31086e-06,87.9507,49.6327,92.0493,-43.3117,-1381.35,-617.58,-1245.41,-395.899
-1286.0,-446.0,-125.952,1.30657e-06,87.9316,49.8872,92.0684,-43.396,-1381.4,-617.583,-1243.72,-395.813
-1284.0,-446.0,-130.372,1.30229e-06,87.9124,50.156,92.0876,-43.396,-1381.4,-617.583,-1242.05,-395.727
-1282.0,-446.0,-134.449,1.29804e-06,87.8931,50.4269,92.1069,-43.396,-1381.4,-617.583,-1240.38,-395.641
-1280.0,-446.0,-138.194,1.29382e-06,87.8737,50.6999,92.1263,-43.396,-1381.4,-617.583,-1238.71,-395.555
-1278.0,-446.0,-141.916,1.28961e-06,87.8543,50.9751,92.1457,-43.396,-1381.4,-617.583,-1237.05,-395.47
-1276.0,-446.0,-145.749,1.28544e-06,87.8347,51.2524,92.1653,-43.396,-1381.4,-617.583,-1235.38,-395.384
-1274.0,-446.0,-149.394,1.28129e-06,87.8151,51.5319,92.1849,-43.396,-1381.4,-617.583,-1233.72,-395.299
-1272.0,-446.0,-151.836,1.27716e-06,87.7954,51.8136,92.2046,-43.396,-1381.4,-617.583,-1232.05,-395.214
-1270.0,-446.0,-153.013,1.27307e-06,87.7756,52.0975,92.2244,-43.396,-1381.4,-617.583,-1230.39,-395.128
-1268.0,-446.0,-154.097,1.26899e-06,87.7557,52.3836,92.2443,-43.396,-1381.4,-617.583,-1228.73,-395.043
-1266.0,-446.0,-150.803,8.32244e-07,83.8351,-121.999,81.523,56.4748,-1393.45,-590.109,-1372.99,-617.228
-1264.0,-446.0,-150.78,8.3581e-07,83.8372,-122.389,81.5624,56.0852,-1393.35,-590.106,-1372.61,-617.212
-1262.0,-446.0,-150.856,8.39413e-07,83.8395,-122.777,81.6019,55.6989,-1393.25,-590.103,-1372.23,-617.196
-1260.0,-446.0,-151.032,8.43041e-07,83.852,-123.16,81.6414,55.3155,-1393.15,-590.1,-1371.85,-617.18
-1258.0,-446.0,-145.841,7.93781e-07,86.3379,-123.394,93.6621,-43.3117,-1381.35,-617.58,-1342.6,-574.333
-1256.0,-446.0,-145.276,7.97477e-07,86.3549,-124.012,93.6451,-43.3117,-1381.35,-617.58,-1342.6,-574.333
-1254.0,-446.0,-144.68,8.01231e-07,86.372,-124.621,93.628,-43.3117,-1381.35,-617.58,-1342.6,-574.333
-1252.0,-446.0,-144.042,8.05014e-07,86.4232,-125.221,93.5768,-43.3117,-1381.35,-617.58,-1342.6,-574.333
-1250.0,-446.0,-143.352,8.08831e-07,86.5001,-125.813,93.4999,-43.3117,-1381.35,-617.58,-1342.6,-574.333
-1248.0,-446.0,-141.448,8.61732e-07,86.7715,-127.031,93.2285,54.9672,-1393.06,-590.097,-1328.45,-552.64
-1246.0,-446.0,-140.846,8.16399e-07,86.6514,-127.534,93.3486,-43.396,-1381.4,-617.583,-1355.83,-588.959
-1244.0,-446.0,-139.728,8.20455e-07,86.6993,-128.035,93.3007,-43.396,-1381.4,-617.583,-1355.83,-588.959
-1242.0,-446.0,-135.344,9.89218e-07,87.3098,-120.802,92.7643,56.4119,-1393.43,-590.109,-1318.13,-573.695
-1240.0,-446.0,-132.645,9.92635e-07,87.3462,-121.133,92.7539,56.0802,-1393.35,-590.106,-1317.11,-573.668
-1238.0,-446.0,-130.696,9.96085e-07,87.3824,-121.461,92.7435,55.7508,-1393.26,-590.104,-1316.1,-573.642
-1236.0,-446.0,-129.455,9.99568e-07,87.4184,-121.788,92.733,55.4237,-1393.18,-590.101,-1315.09,-573.615
-1234.0,-446.0,-128.759,1.00308e-06,87.4543,-122.112,92.7225,55.0989,-1393.09,-590.098,-1314.07,-573.589
-1232.0,-446.0,-127.435,8.4578e-07,86.9129,-130.899,93.0871,-43.396,-1381.4,-617.583,-1355.83,-588.959
-1230.0,-446.0,-122.686,8.50148e-07,86.9478,-131.354,93.0522,-43.396,-1381.4,-617.583,-1355.83,-588.959
-1228.0,-446.0,-117.244,8.54535e-07,87.0097,-131.803,92.9903,-43.396,-1381.4,-617.583,-1355.83,-588.959
-1226.0,-446.0,-122.865,8.58952e-07,87.0815,-132.258,92.9185,-43.3117,-1381.35,-617.58,-1342.6,-574.333
-1224.0,-446.0,-128.277,8.63412e-07,87.1527,-132.743,92.8473,-43.3117,-1381.35,-617.58,-1342.6,-574.333
-1222.0,-446.0,-131.945,8.67915e-07,87.2234,-133.221,92.7766,-43.3117,-1381.35,-617.58,-1342.6,-574.333
-1220.0,-446.0,-134.596,8.72459e-07,87.2934,-133.691,92.7066,-43.3117,-1381.35,-617.58,-1342.6,-574.333
-1218.0,-446.0,-136.111,9.80255e-07,87.6407,-36.559,92.3593,-35.9954,-1376.1,-617.359,-1210.62,-451.471
-1216.0,-446.0,-126.431,9.48365e-07,87.6124,-137.474,92.3876,-37.2395,-1377.11,-617.401,-1356.27,-574.65
-1214.0,-446.0,-129.377,9.53254e-07,87.6755,-137.745,92.3245,-36.9681,-1376.89,-617.392,-1356.25,-575.233
-1212.0,-446.0,-130.574,9.58167e-07,87.738,-138.014,92.262,-36.6996,-1376.68,-617.383,-1356.23,-575.805
-1210.0,-446.0,0.0,0.0,0.0,0.0,0.0,0.0,0.0,0.0,0.0,0.0
-1208.0,-446.0,0.0,0.0,0.0,0.0,0.0,0.0,0.0,0.0,0.0,0.0
-1206.0,-446.0,0.0,0.0,0.0,0.0,0.0,0.0,0.0,0.0,0.0,0.0
-1204.0,-446.0,0.0,0.0,0.0,0.0,0.0,0.0,0.0,0.0,0.0,0.0
-1202.0,-446.0,0.0,0.0,0.0,0.0,0.0,0.0,0.0,0.0,0.0,0.0
-1600.0,-444.0,-158.788,1.23188e-06,88.4631,39.528,91.5369,130.461,-1425.59,-569.992,-1534.65,-390.074
-1598.0,-444.0,-158.312,1.22677e-06,88.4436,40.1124,91.5564,130.461,-1425.59,-569.992,-1533.97,-390.062
-1596.0,-444.0,-157.962,1.22169e-06,88.4239,40.7112,91.5761,130.461,-1425.59,-569.992,-1533.3,-390.05
-1594.0,-444.0,-157.91,1.21667e-06,88.4043,41.325,91.5957,130.461,-1425.59,-569.992,-1532.63,-390.038
-1592.0,-444.0,-158.612,1.21167e-06,88.4111,41.9542,91.5889,130.461,-1425.59,-569.992,-1531.96,-390.026
-1590.0,-444.0,-160.924,1.20673e-06,88.418,42.599,91.582,130.461,-1425.59,-569.992,-1531.29,-390.014
-1588.0,-444.0,-161.075,1.20184e-06,88.425,43.2601,91.575,130.461,-1425.59,-569.992,-1530.62,-390.002
-1586.0,-444.0,-156.618,1.197e-06,88.4321,43.9378,91.5679,130.461,-1425.59,-569.992,-1529.95,-389.991
-1584.0,-444.0,-161.293,9.54658e-07,88.0508,-13.9197,91.9492,99.908,-1420.16,-484.607,-1420.16,-484.607
-1582.0,-444.0,-161.215,9.48177e-07,88.0546,-14.0849,91.9454,99.908,-1420.16,-484.607,-1420.16,-484.607
-1580.0,-444.0,-161.139,9.41701e-07,88.0583,-14.254,91.9417,99.908,-1420.16,-484.607,-1420.16,-484.607
-1578.0,-444.0,-161.065,9.35229e-07,88.0622,-14.4271,91.9378,99.908,-1420.16,-484.607,-1420.16,-484.607
-1576.0,-444.0,-160.994,9.28763e-07,88.066,-14.6044,91.934,99.908,-1420.16,-484.607,-1420.16,-484.607
-1574.0,-444.0,-160.926,9.22302e-07,88.07,-14.786,91.93,99.908,-1420.16,-484.607,-1420.16,-484.607
-1572.0,-444.0,-160.72,9.35137e-07,88.1138,28.6406,91.8862,96.8954,-1412.1,-499.96,-1548.93,-431.398
-1570.0,-444.0,-160.466,9.29284e-07,88.1164,28.9499,91.8836,96.8954,-1412.1,-499.96,-1547.16,-431.367
-1568.0,-444.0,-139.948,1.16906e-06,88.5028,-46.6054,91.4972,129.985,-1425.61,-569.467,-1531.98,-482.094
-1566.0,-444.0,-149.524,1.16461e-06,88.4971,-47.9292,91.5029,130.064,-1425.6,-569.555,-1531.63,-482.075
-1564.0,-444.0,-150.788,1.16017e-06,88.4914,-48.6394,91.5086,130.064,-1425.6,-569.555,-1530.53,-482.017
-1562.0,-444.0,-152.297,1.15579e-06,88.4857,-49.3655,91.5143,130.064,-1425.6,-569.555,-1529.43,-481.958
-1560.0,-444.0,-153.811,1.15148e-06,88.4878,-50.1077,91.5122,130.064,-1425.6,-569.555,-1528.32,-481.899
-1558.0,-444.0,-155.266,1.14722e-06,88.4963,-50.8663,91.5037,130.064,-1425.6,-569.555,-1527.21,-481.84
-1556.0,-444.0,-156.73,1.14304e-06,88.5049,-51.6416,91.4951,130.064,-1425.6,-569.555,-1526.1,-481.781
-1554.0,-444.0,-158.436,1.13893e-06,88.5137,-52.4339,91.4863,130.064,-1425.6,-569.555,-1524.99,-481.722
-1552.0,-444.0,-160.151,8.77496e-07,88.0891,32.0317,91.9109,96.8954,-1412.1,-499.96,-1531.36,-431.088
-1550.0,-444.0,-160.343,8.78322e-07,88.1093,28.809,91.8907,99.908,-1420.16,-484.607,-1526.36,-430.999
-1548.0,-444.0,-160.37,8.72479e-07,88.1152,29.192,91.8848,99.908,-1420.16,-484.607,-1524.68,-430.97
-1546.0,-444.0,-160.523,8.66661e-07,88.1152,29.5844,91.8848,99.908,-1420.16,-484.607,-1523.0,-430.94
-1544.0,-444.0,-160.777,8.60873e-07,88.1025,29.9864,91.8975,99.908,-1420.16,-484.607,-1521.32,-430.91
-1542.0,-444.0,-157.427,9.22909e-07,88.2301,38.0017,91.7699,117.862,-1429.33,-544.506,-1525.34,-430.981
-1540.0,-444.0,-157.196,9.17665e-07,88.22,38.3344,91.78,117.862,-1429.33,-544.506,-1523.49,-430.949
-1538.0,-444.0,-157.078,9.12445e-07,88.2098,38.6719,91.7902,117.862,-1429.33,-544.506,-1521.65,-430.916
-1536.0,-444.0,-157.081,9.0725e-07,88.1995,39.0145,91.8005,117.862,-1429.33,-544.506,-1519.81,-430.883
-1534.0,-444.0,-157.228,9.0208e-07,88.1892,39.3623,91.8108,117.862,-1429.33,-544.506,-1517.97,-430.851
-1532.0,-444.0,-157.567,8.96936e-07,88.1788,39.7153,91.8212,117.862,-1429.33,-544.506,-1516.13,-430.818
-1530.0,-444.0,-158.178,8.91819e-07,88.1683,40.0735,91.8317,117.862,-1429.33,-544.506,-1514.29,-430.786
-1528.0,-444.0,-157.14,8.67632e-07,88.1212,43.2976,91.8788,129.985,-1425.61,-569.467,-1513.97,-430.78
-1526.0,-444.0,-154.0,8.62778e-07,88.1481,43.7531,91.8519,129.985,-1425.61,-569.467,-1512.16,-430.748
-1524.0,-444.0,-151.502,8.5796e-07,88.1753,44.2163,91.8247,129.985,-1425.61,-569.467,-1510.35,-430.716
-1522.0,-444.0,-149.726,8.53181e-07,88.2029,44.6873,91.7971,129.985,-1425.61,-569.467,-1508.54,-430.684
-1520.0,-444.0,-136.831,9.86018e-07,88.4778,-61.0348,91.5222,69.5502,-1396.34,-590.198,-1499.86,-480.387
-1518.0,-444.0,-123.985,8.42839e-07,88.2575,47.5546,91.7425,133.679,-1425.52,-573.279,-1505.78,-430.635
-1516.0,-444.0,-126.956,8.38335e-07,88.2866,47.8913,91.7134,133.342,-1425.52,-572.954,-1503.89,-430.602
-1514.0,-444.0,-127.171,8.3386e-07,88.3162,48.2316,91.6838,133.002,-1425.53,-572.622,-1502.0,-430.569
-1512.0,-444.0,-124.451,8.2943e-07,88.3123,48.5756,91.6877,132.658,-1425.54,-572.282,-1500.12,-430.535
-1510.0,-444.0,-129.439,1.04174e-06,88.6563,68.3517,91.3437,110.642,-1465.95,-424.926,-1504.69,-430.616
-1508.0,-444.0,-127.349,9.67246e-07,88.5528,-63.1832,91.4472,69.702,-1396.35,-590.124,-1489.87,-479.856
-1506.0,-444.0,-126.182,9.54828e-07,88.5339,-65.0082,91.4661,111.959,-1470.54,-425.048,-1489.3,-479.825
-1504.0,-444.0,-124.044,9.52029e-07,88.5296,-65.3724,91.4704,111.595,-1469.26,-425.014,-1487.62,-479.736
-1502.0,-444.0,-121.834,9.49268e-07,88.5254,-65.7386,91.4746,111.228,-1467.99,-424.98,-1485.93,-479.646
-1500.0,-444.0,-119.978,9.46546e-07,88.5211,-66.107,91.4789,110.86,-1466.71,-424.946,-1484.25,-479.557
-1498.0,-444.0,-118.522,9.43864e-07,88.5169,-66.4775,91.4831,110.49,-1465.43,-424.912,-1482.56,-479.467
-1496.0,-444.0,-117.402,9.41222e-07,88.5127,-66.8502,91.4873,110.117,-1464.14,-424.878,-1480.87,-479.378
-1494.0,-444.0,-116.543,9.38619e-07,88.5086,-67.2249,91.4914,109.742,-1462.86,-424.844,-1479.18,-479.288
-1492.0,-444.0,-115.884,9.36057e-07,88.5045,-67.6016,91.4955,109.365,-1461.58,-424.81,-1477.49,-479.198
-1490.0,-444.0,-115.376,9.33535e-07,88.5001,-67.9804,91.4999,108.987,-1460.29,-424.775,-1475.8,-479.108
-1488.0,-444.0,-114.988,9.31062e-07,88.4787,-68.3613,91.5213,108.606,-1459.0,-424.741,-1474.11,-479.018
-1486.0,-444.0,-114.692,9.2863e-07,88.4574,-68.7442,91.5426,108.223,-1457.71,-424.707,-1472.41,-478.928
-1484.0,-444.0,-114.472,9.2624e-07,88.4359,-69.129,91.5641,107.838,-1456.42,-424.672,-1470.72,-478.838
-1482.0,-444.0,-112.847,6.95548e-07,87.8938,-47.6203,92.1062,131.587,-1425.57,-571.191,-1397.59,-536.51
-1480.0,-444.0,-111.559,6.91081e-07,87.8568,-48.0293,92.1432,131.178,-1425.58,-570.762,-1397.61,-535.592
-1478.0,-444.0,-110.739,6.8665e-07,87.8194,-48.4436,92.1806,130.764,-1425.59,-570.32,-1397.64,-534.647
-1476.0,-444.0,-110.208,6.82255e-07,87.7817,-48.8633,92.2183,130.344,-1425.6,-569.864,-1397.67,-533.672
-1474.0,-444.0,-111.47,6.93566e-07,87.813,71.8841,92.187,111.168,-1467.78,-424.975,-1467.78,-424.975
-1472.0,-444.0,-110.827,6.91521e-07,87.8065,72.41,92.1935,110.642,-1465.95,-424.926,-1465.95,-424.926
-1470.0,-444.0,-110.378,6.89535e-07,87.8002,72.939,92.1998,110.113,-1464.13,-424.878,-1464.13,-424.878
-1468.0,-444.0,-110.06,6.87608e-07,87.794,73.471,92.206,109.581,-1462.31,-424.829,-1462.31,-424.829
-1466.0,-444.0,-109.838,6.85741e-07,87.788,74.0059,92.212,109.046,-1460.49,-424.781,-1460.49,-424.781
-1464.0,-444.0,-109.685,6.83934e-07,87.7821,74.5438,92.2179,108.508,-1458.67,-424.732,-1458.67,-424.732
-1462.0,-444.0,-105.926,5.60757e-07,87.2946,-68.3254,92.7054,111.675,-1462.0,-444.0,-1400.0,-600.0
-1460.0,-444.0,-105.888,5.58329e-07,87.2828,-68.9625,92.7172,111.038,-1460.0,-444.0,-1400.0,-600.0
-1458.0,-444.0,-105.851,5.55971e-07,87.2713,-69.6051,92.7287,110.395,-1458.0,-444.0,-1400.0,-600.0
-1456.0,-444.0,-105.815,5.53684e-07,87.26,-70.2532,92.74,109.747,-1456.0,-444.0,-1400.0,-600.0
-1454.0,-444.0,-105.78,5.51467e-07,87.249,-70.9065,92.751,109.093,-1454.0,-444.0,-1400.0,-600.0
-1452.0,-444.0,-105.746,5.49323e-07,87.2382,-71.5651,92.7618,108.435,-1452.0,-444.0,-1400.0,-600.0
-1450.0,-444.0,-105.713,5.47252e-07,87.2278,-72.2287,92.7722,107.771,-1450.0,-444.0,-1400.0,-600.0
-1448.0,-444.0,-105.682,5.45254e-07,87.2176,-72.8973,92.7824,107.103,-1448.0,-444.0,-1400.0,-600.0
-1446.0,-444.0,-105.651,5.43332e-07,87.2077,-73.5707,92.7923,106.429,-1446.0,-444.0,-1400.0,-600.0
-1444.0,-444.0,-105.621,5.41484e-07,87.1982,-74.2488,92.8018,105.751,-1444.0,-444.0,-1400.0,-600.0
-1442.0,-444.0,-105.593,5.39718e-07,87.1791,-74.9315,92.8209,105.068,-1442.0,-444.0,-1400.0,-600.0
-1440.0,-444.0,-105.566,5.38037e-07,87.1402,-75.6186,92.8598,104.381,-1440.0,-444.0,-1400.0,-600.0
-1438.0,-444.0,-105.54,5.36435e-07,87.1016,-76.31,92.8984,103.69,-1438.0,-444.0,-1400.0,-600.0
-1436.0,-444.0,-105.515,5.34911e-07,87.0631,-77.0054,92.9369,102.995,-1436.0,-444.0,-1400.0,-600.0
-1434.0,-444.0,-105.491,5.33467e-07,87.0248,-77.7047,92.9752,102.295,-1434.0,-444.0,-1400.0,-600.0
-1432.0,-444.0,-105.469,5.32102e-07,86.9868,-78.4078,93.0132,101.592,-1432.0,-444.0,-1400.0,-600.0
-1430.0,-444.0,-105.448,5.30818e-07,86.9491,-79.1145,93.0509,100.886,-1430.0,-444.0,-1400.0,-600.0
-1428.0,-444.0,-105.428,5.29617e-07,86.9085,-79.8245,93.0915,100.176,-1428.0,-444.0,-1400.0,-600.0
-1426.0,-444.0,-115.495,7.24219e-07,87.6951,-130.139,92.3049,135.43,-1425.48,-574.901,-1460.04,-484.374
-1424.0,-444.0,-114.028,7.28558e-07,87.6645,-130.54,92.3355,135.832,-1425.47,-575.258,-1459.96,-486.039
-1422.0,-444.0,-113.166,7.32933e-07,87.6343,-130.937,92.3657,136.228,-1425.46,-575.607,-1459.87,-487.661
-1420.0,-444.0,-148.616,7.38769e-07,87.6093,-133.017,92.3907,129.101,-1425.63,-568.463,-1459.92,-486.78
-1418.0,-444.0,-149.632,7.43355e-07,87.5912,-133.478,92.4088,129.101,-1425.63,-568.463,-1459.85,-488.13
-1416.0,-444.0,-151.011,7.47974e-07,87.5844,-133.931,92.4156,129.101,-1425.63,-568.463,-1459.78,-489.44
-1414.0,-444.0,-157.105,7.01144e-07,87.4,-140.116,92.6,89.6826,-1399.57,-523.105,-1460.14,-482.558
-1412.0,-444.0,-157.596,7.06293e-07,87.396,-140.662,92.604,89.6826,-1399.57,-523.105,-1460.1,-483.419
-1410.0,-444.0,-158.389,7.11481e-07,87.3923,-141.196,92.6077,89.6826,-1399.57,-523.105,-1460.05,-484.249
-1408.0,-444.0,-159.437,7.16708e-07,87.3888,-141.717,92.6112,89.6826,-1399.57,-523.105,-1460.01,-485.049
-1406.0,-444.0,-160.439,7.21973e-07,87.3855,-142.227,92.6145,89.6826,-1399.57,-523.105,-1459.97,-485.821
-1404.0,-444.0,-167.327,1.11047e-06,88.2897,170.05,91.7103,130.064,-1425.6,-569.555,-1498.91,-427.349
-1402.0,-444.0,-167.599,1.11704e-06,88.2998,170.235,91.7002,130.064,-1425.6,-569.555,-1498.92,-427.321
-1400.0,-444.0,-167.868,2.03096e-06,89.065,-23.1848,90.935,-14.6085,-1339.34,-615.81,-1255.0,-506.102
-1398.0,-444.0,-167.478,2.02483e-06,89.0621,-23.3748,90.9379,-14.6085,-1339.34,-615.81,-1255.0,-505.806
-1396.0,-444.0,-167.145,2.01871e-06,89.0593,-23.5678,90.9407,-14.6085,-1339.34,-615.81,-1255.01,-505.504
-1394.0,-444.0,-166.863,2.0126e-06,89.0513,-23.7638,90.9487,-14.6085,-1339.34,-615.81,-1255.01,-505.197
-1392.0,-444.0,-166.628,2.0065e-06,89.0404,-23.9629,90.9596,-14.6085,-1339.34,-615.81,-1255.01,-504.884
-1390.0,-444.0,-166.436,2.00041e-06,89.0294,-24.1652,90.9706,-14.6085,-1339.34,-615.81,-1255.02,-504.565
-1388.0,-444.0,-166.282,1.99433e-06,89.0183,-24.3707,90.9817,-14.6085,-1339.34,-615.81,-1255.02,-504.24
-1386.0,-444.0,-166.162,1.98827e-06,89.0072,-24.5795,90.9928,-14.6085,-1339.34,-615.81,-1255.02,-503.909
-1384.0,-444.0,-166.072,1.98221e-06,88.996,-24.7917,91.004,-14.6085,-1339.34,-615.81,-1255.03,-503.571
-1382.0,-444.0,-166.008,1.97616e-06,88.9848,-25.0074,91.0152,-14.6085,-1339.34,-615.81,-1255.03,-503.226
-1380.0,-444.0,-167.768,1.19719e-06,88.305,-27.8934,91.695,-43.3117,-1381.35,-617.58,-1254.96,-510.189
-1378.0,-444.0,-165.178,1.17743e-06,88.2491,-30.7621,91.7509,-35.9954,-1376.1,-617.359,-1254.88,-517.285
-1376.0,-444.0,-159.574,2.04845e-06,86.7848,-43.0445,88.3504,16.5272,-1363.59,-589.196,-1334.04,-483.19
-1374.0,-444.0,-159.478,2.04362e-06,86.7404,-43.1728,88.3514,16.3998,-1363.26,-589.186,-1332.27,-483.154
-1372.0,-444.0,-159.419,2.0388e-06,86.6957,-43.3016,88.3524,16.2718,-1362.91,-589.175,-1330.49,-483.117
-1370.0,-444.0,-162.658,1.08445e-06,87.9916,-32.1764,92.0084,-43.3117,-1381.35,-617.58,-1254.89,-516.424
-1368.0,-444.0,-161.269,1.07882e-06,87.9662,-32.4313,92.0338,-43.3117,-1381.35,-617.58,-1254.89,-515.867
-1366.0,-444.0,-172.261,1.23597e-06,88.2118,172.692,91.7882,130.064,-1425.6,-569.555,-1498.92,-426.954
-1364.0,-444.0,-172.497,1.2426e-06,88.2083,172.793,91.7917,130.064,-1425.6,-569.555,-1498.92,-426.939
-1362.0,-444.0,-172.729,1.24923e-06,88.2049,172.891,91.7951,130.064,-1425.6,-569.555,-1498.92,-426.924
-1360.0,-444.0,-167.789,1.56873e-06,88.5603,-72.1846,91.4397,-14.6085,-1339.34,-615.81,-1329.2,-539.827
-1358.0,-444.0,-167.634,1.56675e-06,88.5482,-73.275,91.4518,-14.6085,-1339.34,-615.81,-1329.2,-539.827
-1356.0,-444.0,-167.587,1.5649e-06,88.542,-74.378,91.458,-14.6085,-1339.34,-615.81,-1329.2,-539.827
-1354.0,-444.0,-163.366,9.24037e-07,87.5303,151.585,92.4697,82.1554,-1396.76,-576.497,-1377.48,-431.295
-1352.0,-444.0,-163.789,9.29909e-07,87.5459,151.894,92.4541,82.1554,-1396.76,-576.497,-1375.83,-431.275
-1350.0,-444.0,-167.855,1.56008e-06,88.5375,-77.7563,91.4625,-14.6085,-1339.34,-615.81,-1329.2,-539.827
-1348.0,-444.0,-168.067,1.55873e-06,88.5362,-78.9031,91.4638,-14.6085,-1339.34,-615.81,-1329.2,-539.827
-1346.0,-444.0,-168.344,1.55752e-06,88.5253,-80.0591,91.4747,-14.6085,-1339.34,-615.81,-1329.2,-539.827
-1344.0,-444.0,-171.672,1.27491e-06,88.1856,-61.6355,91.8144,-2.76158,-1239.86,-607.725,-1322.96,-482.962
-1342.0,-444.0,-174.876,1.31552e-06,88.2293,173.744,91.7707,130.064,-1425.6,-569.555,-1498.92,-426.798
-1340.0,-444.0,-175.07,1.32216e-06,88.226,173.818,91.774,130.064,-1425.6,-569.555,-1498.92,-426.787
-1338.0,-444.0,-175.259,1.3288e-06,88.2227,173.891,91.7773,130.064,-1425.6,-569.555,-1498.93,-426.776
-1336.0,-444.0,-175.445,1.33545e-06,88.2195,173.962,91.7805,130.064,-1425.6,-569.555,-1498.93,-426.766
-1334.0,-444.0,-175.628,1.34209e-06,88.2163,174.031,91.7837,130.064,-1425.6,-569.555,-1498.93,-426.756
-1332.0,-444.0,0.0,0.0,0.0,0.0,0.0,0.0,0.0,0.0,0.0,0.0
-1330.0,-444.0,0.0,0.0,0.0,0.0,0.0,0.0,0.0,0.0,0.0,0.0
-1328.0,-444.0,0.0,0.0,0.0,0.0,0.0,0.0,0.0,0.0,0.0,0.0
-1326.0,-444.0,0.0,0.0,0.0,0.0,0.0,0.0,0.0,0.0,0.0,0.0
-1324.0,-444.0,0.0,0.0,0.0,0.0,0.0,0.0,0.0,0.0,0.0,0.0
-1322.0,-444.0,0.0,0.0,0.0,0.0,0.0,0.0,0.0,0.0,0.0,0.0
-1320.0,-444.0,0.0,0.0,0.0,0.0,0.0,0.0,0.0,0.0,0.0,0.0
-1318.0,-444.0,0.0,0.0,0.0,0.0,0.0,0.0,0.0,0.0,0.0,0.0
-1316.0,-444.0,0.0,0.0,0.0,0.0,0.0,0.0,0.0,0.0,0.0,0.0
-1314.0,-444.0,0.0,0.0,0.0,0.0,0.0,0.0,0.0,0.0,0.0,0.0
-1312.0,-444.0,0.0,0.0,0.0,0.0,0.0,0.0,0.0,0.0,0.0,0.0
-1310.0,-444.0,-157.411,1.45883e-06,88.3049,-20.3202,91.6951,33.5575,-1384.69,-589.841,-1164.4,-497.917
-1308.0,-444.0,-156.753,1.4526e-06,88.2779,-20.5333,91.7221,33.5575,-1384.69,-589.841,-1164.41,-497.781
-1306.0,-444.0,-160.97,1.05647e-06,87.6014,-54.7631,92.3986,-35.9954,-1376.1,-617.359,-1254.89,-516.357
-1304.0,-444.0,-163.175,1.05267e-06,87.562,-55.1516,92.438,-35.9954,-1376.1,-617.359,-1254.91,-514.507
-1302.0,-444.0,-163.356,1.434e-06,88.188,-22.6486,91.812,35.7331,-1385.93,-589.879,-1164.13,-501.525
-1300.0,-444.0,-162.469,1.04517e-06,87.4867,-55.9398,92.5133,-35.9954,-1376.1,-617.359,-1254.95,-510.638
-1298.0,-444.0,-161.643,1.04147e-06,87.4622,-56.3395,92.5378,-35.9954,-1376.1,-617.359,-1254.97,-508.613
-1296.0,-444.0,-160.379,1.64337e-06,85.226,-31.2369,89.6062,-22.5513,-1359.85,-616.674,-1202.97,-500.422
-1294.0,-444.0,-160.445,1.63771e-06,85.1495,-31.3606,89.6066,-22.6711,-1360.06,-616.683,-1201.45,-500.405
-1292.0,-444.0,-158.863,9.70959e-07,87.2278,-139.787,92.7722,-43.3117,-1381.35,-617.58,-1310.11,-459.31
-1290.0,-444.0,-157.312,9.76077e-07,87.2258,-140.142,92.7742,-43.3117,-1381.35,-617.58,-1310.08,-460.766
-1288.0,-444.0,-156.425,9.8122e-07,87.2239,-140.492,92.7761,-43.3117,-1381.35,-617.58,-1310.06,-462.186
-1286.0,-444.0,-124.507,1.3015e-06,87.895,49.6755,92.105,-43.3117,-1381.35,-617.58,-1245.16,-395.887
-1284.0,-444.0,-126.608,1.2972e-06,87.8756,49.9297,92.1244,-43.396,-1381.4,-617.583,-1243.45,-395.799
-1282.0,-444.0,-131.03,1.29293e-06,87.856,50.201,92.144,-43.396,-1381.4,-617.583,-1241.77,-395.712
-1280.0,-444.0,-135.035,1.28869e-06,87.8364,50.4745,92.1636,-43.396,-1381.4,-617.583,-1240.09,-395.626
-1278.0,-444.0,-138.821,1.28447e-06,87.8167,50.7501,92.1833,-43.396,-1381.4,-617.583,-1238.41,-395.54
-1276.0,-444.0,-142.583,1.28027e-06,87.797,51.0279,92.203,-43.396,-1381.4,-617.583,-1236.73,-395.453
-1274.0,-444.0,-146.456,1.2761e-06,87.7771,51.3079,92.2229,-43.396,-1381.4,-617.583,-1235.05,-395.367
-1272.0,-444.0,-149.967,1.27196e-06,87.7572,51.5901,92.2428,-43.396,-1381.4,-617.583,-1233.37,-395.281
-1270.0,-444.0,-152.075,1.26784e-06,87.7371,51.8745,92.2629,-43.396,-1381.4,-617.583,-1231.7,-395.195
-1268.0,-444.0,-153.145,1.26374e-06,87.717,52.1612,92.283,-43.396,-1381.4,-617.583,-1230.02,-395.109
-1266.0,-444.0,-150.961,8.37948e-07,83.8362,-121.755,81.4986,56.7176,-1393.51,-590.111,-1373.23,-617.238
-1264.0,-444.0,-150.873,8.41489e-07,83.8381,-122.144,81.5377,56.3295,-1393.41,-590.108,-1372.85,-617.222
-1262.0,-444.0,-150.884,8.45063e-07,83.8448,-122.53,81.5767,55.9445,-1393.31,-590.105,-1372.47,-617.206
-1260.0,-444.0,-150.983,8.48649e-07,83.8703,-122.912,81.616,55.5616,-1393.21,-590.102,-1372.09,-617.19
-1258.0,-444.0,-151.19,8.52273e-07,83.8959,-123.291,81.6553,55.1821,-1393.11,-590.099,-1371.71,-617.174
-1256.0,-444.0,-145.765,8.03038e-07,86.3493,-123.602,93.6507,-43.3117,-1381.35,-617.58,-1342.6,-574.333
-1254.0,-444.0,-145.2,8.06753e-07,86.3661,-124.208,93.6339,-43.3117,-1381.35,-617.58,-1342.6,-574.333
-1252.0,-444.0,-144.601,8.10496e-07,86.4169,-124.805,93.5831,-43.3117,-1381.35,-617.58,-1342.6,-574.333
-1250.0,-444.0,-143.958,8.14274e-07,86.4931,-125.394,93.5069,-43.3117,-1381.35,-617.58,-1342.6,-574.333
-1248.0,-444.0,-140.108,8.67094e-07,86.7629,-126.52,93.2371,54.9672,-1393.06,-590.097,-1328.45,-552.64
-1246.0,-444.0,-141.724,8.21721e-07,86.6429,-127.15,93.3571,-43.396,-1381.4,-617.583,-1355.83,-588.959
-1244.0,-444.0,-140.706,8.25718e-07,86.7179,-127.649,93.2821,-43.396,-1381.4,-617.583,-1355.83,-588.959
-1242.0,-444.0,-139.576,8.29792e-07,86.7559,-128.142,93.2441,-43.396,-1381.4,-617.583,-1355.83,-588.959
-1240.0,-444.0,-133.071,1.71478e-06,88.1818,-137.865,91.4689,-15.3013,-1341.83,-615.915,-1339.1,-533.652
-1238.0,-444.0,-132.127,1.71972e-06,88.2437,-138.015,91.4707,-15.1523,-1341.31,-615.893,-1338.79,-534.704
-1236.0,-444.0,-131.118,1.00524e-06,87.4473,-121.587,92.7394,55.6236,-1393.23,-590.103,-1315.71,-573.632
-1234.0,-444.0,-130.093,1.00874e-06,87.4827,-121.91,92.729,55.2999,-1393.14,-590.1,-1314.7,-573.605
-1232.0,-444.0,-129.622,1.01226e-06,87.518,-122.23,92.7186,54.9785,-1393.06,-590.098,-1313.7,-573.579
-1230.0,-444.0,-127.002,8.55166e-07,86.9657,-130.96,93.0343,-43.396,-1381.4,-617.583,-1355.83,-588.959
-1228.0,-444.0,-122.129,8.59518e-07,87.027,-131.408,92.973,-43.396,-1381.4,-617.583,-1355.83,-588.959
-1226.0,-444.0,-117.676,8.63902e-07,87.0982,-131.817,92.9018,-43.3117,-1381.35,-617.58,-1342.6,-574.333
-1224.0,-444.0,-123.524,8.68325e-07,87.1689,-132.302,92.8311,-43.3117,-1381.35,-617.58,-1342.6,-574.333
-1222.0,-444.0,-128.713,8.7279e-07,87.2389,-132.779,92.7611,-43.3117,-1381.35,-617.58,-1342.6,-574.333
-1220.0,-444.0,-132.237,8.77297e-07,87.3083,-133.249,92.6917,-43.3117,-1381.35,-617.58,-1342.6,-574.333
-1218.0,-444.0,-134.81,8.81845e-07,87.3772,-133.712,92.6228,-43.3117,-1381.35,-617.58,-1342.6,-574.333
-1216.0,-444.0,-136.817,8.86433e-07,87.4455,-134.168,92.5545,-43.3117,-1381.35,-617.58,-1342.6,-574.333
-1214.0,-444.0,-126.286,9.57751e-07,87.6864,-137.449,92.3136,-37.2639,-1377.13,-617.402,-1356.27,-574.597
-1212.0,-444.0,-129.255,9.6264e-07,87.7485,-137.718,92.2515,-36.9951,-1376.91,-617.393,-1356.25,-575.175
-1210.0,-444.0,0.0,0.0,0.0,0.0,0.0,0.0,0.0,0.0,0.0,0.0
-1208.0,-444.0,0.0,0.0,0.0,0.0,0.0,0.0,0.0,0.0,0.0,0.0
-1206.0,-444.0,0.0,0.0,0.0,0.0,0.0,0.0,0.0,0.0,0.0,0.0
-1204.0,-444.0,0.0,0.0,0.0,0.0,0.0,0.0,0.0,0.0,0.0,0.0
-1202.0,-444.0,0.0,0.0,0.0,0.0,0.0,0.0,0.0,0.0,0.0,0.0
-1600.0,-442.0,-159.318,1.22767e-06,88.4579,38.8213,91.5421,130.461,-1425.59,-569.992,-1535.48,-390.088
-1598.0,-442.0,-158.753,1.2225e-06,88.4381,39.4029,91.5619,130.461,-1425.59,-569.992,-1534.79,-390.076
-1596.0,-442.0,-158.249,1.21737e-06,88.4183,39.9992,91.5817,130.461,-1425.59,-569.992,-1534.1,-390.064
-1594.0,-442.0,-157.86,1.21228e-06,88.419,40.6106,91.581,130.461,-1425.59,-569.992,-1533.41,-390.052
-1592.0,-442.0,-157.742,1.20723e-06,88.4257,41.2377,91.5743,130.461,-1425.59,-569.992,-1532.72,-390.04
-1590.0,-442.0,-158.322,1.20223e-06,88.4326,41.8808,91.5674,130.461,-1425.59,-569.992,-1532.04,-390.027
-1588.0,-442.0,-160.513,1.19729e-06,88.4396,42.5405,91.5604,130.461,-1425.59,-569.992,-1531.35,-390.015
-1586.0,-442.0,-161.171,1.19239e-06,88.4468,43.2171,91.5532,130.461,-1425.59,-569.992,-1530.66,-390.003
-1584.0,-442.0,-156.619,1.18755e-06,88.454,43.9112,91.546,130.461,-1425.59,-569.992,-1529.98,-389.991
-1582.0,-442.0,-161.271,9.49823e-07,88.084,-14.749,91.916,99.908,-1420.16,-484.607,-1420.16,-484.607
-1580.0,-442.0,-161.208,9.43366e-07,88.088,-14.9254,91.912,99.908,-1420.16,-484.607,-1420.16,-484.607
-1578.0,-442.0,-161.149,9.36915e-07,88.092,-15.1059,91.908,99.908,-1420.16,-484.607,-1420.16,-484.607
-1576.0,-442.0,-161.095,9.30469e-07,88.0962,-15.2907,91.9038,99.908,-1420.16,-484.607,-1420.16,-484.607
-1574.0,-442.0,-161.047,9.24029e-07,88.1004,-15.48,91.8996,99.908,-1420.16,-484.607,-1420.16,-484.607
-1572.0,-442.0,-161.004,9.17595e-07,88.1047,-15.674,91.8953,99.908,-1420.16,-484.607,-1420.16,-484.607
-1570.0,-442.0,-139.798,1.17849e-06,88.5253,-46.5884,91.4747,129.985,-1425.61,-569.467,-1532.07,-482.098
-1568.0,-442.0,-149.556,1.17403e-06,88.5197,-47.8624,91.4803,130.064,-1425.6,-569.555,-1531.74,-482.081
-1566.0,-442.0,-150.745,1.16958e-06,88.5141,-48.5555,91.4859,130.064,-1425.6,-569.555,-1530.66,-482.024
-1564.0,-442.0,-152.209,1.16519e-06,88.5085,-49.2638,91.4915,130.064,-1425.6,-569.555,-1529.58,-481.966
-1562.0,-442.0,-153.698,1.16087e-06,88.5029,-49.9874,91.4971,130.064,-1425.6,-569.555,-1528.5,-481.909
-1560.0,-442.0,-155.131,1.15661e-06,88.5052,-50.7268,91.4948,130.064,-1425.6,-569.555,-1527.41,-481.851
-1558.0,-442.0,-156.546,1.15242e-06,88.5138,-51.482,91.4862,130.064,-1425.6,-569.555,-1526.33,-481.793
-1556.0,-442.0,-158.144,1.14829e-06,88.5225,-52.2535,91.4775,130.064,-1425.6,-569.555,-1525.24,-481.736
-1554.0,-442.0,-159.621,8.79693e-07,88.0896,31.0612,91.9104,96.8954,-1412.1,-499.96,-1536.02,-431.17
-1552.0,-442.0,-159.688,8.73981e-07,88.0956,31.4283,91.9044,96.8954,-1412.1,-499.96,-1534.23,-431.138
-1550.0,-442.0,-159.841,8.68292e-07,88.1017,31.8034,91.8983,96.8954,-1412.1,-499.96,-1532.43,-431.107
-1548.0,-442.0,-160.109,8.62627e-07,88.1063,32.1866,91.8937,96.8954,-1412.1,-499.96,-1530.64,-431.075
-1546.0,-442.0,-160.143,8.63404e-07,88.108,28.88,91.892,99.908,-1420.16,-484.607,-1526.05,-430.994
-1544.0,-442.0,-160.199,8.57575e-07,88.0952,29.2761,91.9048,99.908,-1420.16,-484.607,-1524.31,-430.963
-1542.0,-442.0,-160.386,8.51769e-07,88.0822,29.6822,91.9178,99.908,-1420.16,-484.607,-1522.58,-430.932
-1540.0,-442.0,-158.835,8.05291e-07,87.9715,-24.3779,92.0285,96.8954,-1412.1,-499.96,-1412.1,-499.96
-1538.0,-442.0,-157.129,9.08297e-07,88.2016,38.2445,91.7984,117.862,-1429.33,-544.506,-1523.99,-430.957
-1536.0,-442.0,-156.979,9.03071e-07,88.1912,38.5859,91.8088,117.862,-1429.33,-544.506,-1522.12,-430.924
-1534.0,-442.0,-156.951,8.97869e-07,88.1807,38.9326,91.8193,117.862,-1429.33,-544.506,-1520.25,-430.891
-1532.0,-442.0,-157.064,8.92694e-07,88.1701,39.2845,91.8299,117.862,-1429.33,-544.506,-1518.38,-430.858
-1530.0,-442.0,-157.361,8.87544e-07,88.1595,39.6418,91.8405,117.862,-1429.33,-544.506,-1516.51,-430.825
-1528.0,-442.0,-157.323,7.6916e-07,87.8761,-26.5684,92.1239,96.8954,-1412.1,-499.96,-1412.1,-499.96
-1526.0,-442.0,-157.153,7.63199e-07,87.8739,-26.9695,92.1261,96.8954,-1412.1,-499.96,-1412.1,-499.96
-1524.0,-442.0,-154.013,8.53343e-07,88.1364,43.7323,91.8636,129.985,-1425.61,-569.467,-1512.24,-430.75
-1522.0,-442.0,-151.439,8.48524e-07,88.1639,44.2031,91.8361,129.985,-1425.61,-569.467,-1510.4,-430.717
-1520.0,-442.0,-149.621,8.43744e-07,88.1918,44.682,91.8082,129.985,-1425.61,-569.467,-1508.56,-430.684
-1518.0,-442.0,-120.779,8.37943e-07,88.2178,47.2465,91.7822,133.987,-1425.51,-573.572,-1507.52,-430.666
-1516.0,-442.0,-124.201,8.33412e-07,88.2468,47.5835,91.7532,133.65,-1425.52,-573.251,-1505.61,-430.632
-1514.0,-442.0,-127.032,8.2891e-07,88.2762,47.9242,91.7238,133.31,-1425.53,-572.922,-1503.71,-430.599
-1512.0,-442.0,-126.89,8.24453e-07,88.2721,48.2686,91.7279,132.965,-1425.53,-572.586,-1501.8,-430.565
-1510.0,-442.0,-123.933,8.20028e-07,88.2627,48.6168,91.7373,132.617,-1425.54,-572.241,-1499.89,-430.531
-1508.0,-442.0,-127.889,9.73216e-07,88.5362,-63.3605,91.4638,69.8793,-1396.35,-590.037,-1489.03,-479.811
-1506.0,-442.0,-125.327,9.6089e-07,88.5175,-65.1764,91.4825,111.791,-1469.95,-425.033,-1488.52,-479.784
-1504.0,-442.0,-123.081,9.58108e-07,88.5131,-65.5387,91.4869,111.428,-1468.68,-424.999,-1486.85,-479.695
-1502.0,-442.0,-121.025,9.55365e-07,88.5089,-65.9031,91.4911,111.064,-1467.41,-424.965,-1485.18,-479.606
-1500.0,-442.0,-119.363,9.52661e-07,88.5046,-66.2697,91.4954,110.697,-1466.14,-424.931,-1483.51,-479.518
-1498.0,-442.0,-118.072,9.49996e-07,88.5004,-66.6382,91.4996,110.329,-1464.87,-424.897,-1481.83,-479.429
-1496.0,-442.0,-117.08,9.4737e-07,88.4963,-67.0089,91.5037,109.958,-1463.6,-424.864,-1480.16,-479.339
-1494.0,-442.0,-116.316,9.44785e-07,88.4921,-67.3816,91.5079,109.586,-1462.33,-424.83,-1478.48,-479.25
-1492.0,-442.0,-115.729,9.42239e-07,88.4881,-67.7563,91.5119,109.211,-1461.05,-424.796,-1476.8,-479.161
-1490.0,-442.0,-115.276,9.39734e-07,88.4836,-68.133,91.5164,108.834,-1459.77,-424.762,-1475.12,-479.072
-1488.0,-442.0,-114.929,9.37278e-07,88.4624,-68.5118,91.5376,108.455,-1458.49,-424.727,-1473.44,-478.982
-1486.0,-442.0,-114.667,9.34862e-07,88.4412,-68.8925,91.5588,108.075,-1457.21,-424.693,-1471.76,-478.893
-1484.0,-442.0,-113.104,7.04975e-07,87.9097,-47.5852,92.0903,131.622,-1425.57,-571.228,-1397.58,-536.588
-1482.0,-442.0,-111.775,7.00505e-07,87.8733,-47.9885,92.1267,131.219,-1425.57,-570.806,-1397.61,-535.685
-1480.0,-442.0,-110.927,6.9607e-07,87.8366,-48.397,92.1634,130.811,-1425.59,-570.37,-1397.64,-534.754
-1478.0,-442.0,-110.376,6.91671e-07,87.7994,-48.8106,92.2006,130.397,-1425.6,-569.922,-1397.67,-533.795
-1476.0,-442.0,-112.159,6.8743e-07,89.9745,-49.276,92.7807,129.99,-1425.61,-569.472,-1448.88,-473.5
-1474.0,-442.0,-111.659,6.87239e-07,87.7748,71.711,92.2252,111.341,-1468.38,-424.991,-1468.38,-424.991
-1472.0,-442.0,-110.925,6.85176e-07,87.7681,72.2412,92.2319,110.811,-1466.54,-424.942,-1466.54,-424.942
-1470.0,-442.0,-110.416,6.83171e-07,87.7615,72.7747,92.2385,110.278,-1464.7,-424.893,-1464.7,-424.893
-1468.0,-442.0,-110.058,6.81227e-07,87.7552,73.3112,92.2448,109.741,-1462.86,-424.844,-1462.86,-424.844
-1466.0,-442.0,-109.807,6.79342e-07,87.7489,73.8507,92.2511,109.201,-1461.02,-424.795,-1461.02,-424.795
-1464.0,-442.0,-109.634,6.77517e-07,87.7428,74.3932,92.2572,108.659,-1459.18,-424.746,-1459.18,-424.746
-1462.0,-442.0,-106.022,5.66967e-07,87.3024,-68.5747,92.6976,111.425,-1462.0,-442.0,-1400.0,-600.0
-1460.0,-442.0,-105.985,5.64566e-07,87.2909,-69.2059,92.7091,110.794,-1460.0,-442.0,-1400.0,-600.0
-1458.0,-442.0,-105.949,5.62234e-07,87.2797,-69.8424,92.7203,110.158,-1458.0,-442.0,-1400.0,-600.0
-1456.0,-442.0,-105.914,5.59972e-07,87.2687,-70.4841,92.7313,109.516,-1456.0,-442.0,-1400.0,-600.0
-1454.0,-442.0,-105.879,5.57781e-07,87.258,-71.131,92.742,108.869,-1454.0,-442.0,-1400.0,-600.0
-1452.0,-442.0,-105.846,5.55661e-07,87.2475,-71.7829,92.7525,108.217,-1452.0,-442.0,-1400.0,-600.0
-1450.0,-442.0,-105.814,5.53614e-07,87.2373,-72.4397,92.7627,107.56,-1450.0,-442.0,-1400.0,-600.0
-1448.0,-442.0,-105.783,5.51639e-07,87.2274,-73.1014,92.7726,106.899,-1448.0,-442.0,-1400.0,-600.0
-1446.0,-442.0,-105.753,5.49739e-07,87.2178,-73.7676,92.7822,106.232,-1446.0,-442.0,-1400.0,-600.0
-1444.0,-442.0,-105.724,5.47913e-07,87.2085,-74.4385,92.7915,105.562,-1444.0,-442.0,-1400.0,-600.0
-1442.0,-442.0,-105.696,5.46167e-07,87.1898,-75.1137,92.8102,104.886,-1442.0,-442.0,-1400.0,-600.0
-1440.0,-442.0,-105.67,5.44507e-07,87.1515,-75.7932,92.8485,104.207,-1440.0,-442.0,-1400.0,-600.0
-1438.0,-442.0,-105.644,5.42924e-07,87.1134,-76.4768,92.8866,103.523,-1438.0,-442.0,-1400.0,-600.0
-1436.0,-442.0,-105.62,5.41419e-07,87.0755,-77.1644,92.9245,102.836,-1436.0,-442.0,-1400.0,-600.0
-1434.0,-442.0,-105.597,5.39992e-07,87.0379,-77.8557,92.9621,102.144,-1434.0,-442.0,-1400.0,-600.0
-1432.0,-442.0,-105.575,5.38644e-07,87.0004,-78.5507,92.9996,101.449,-1432.0,-442.0,-1400.0,-600.0
-1430.0,-442.0,-105.555,5.37376e-07,86.9633,-79.249,93.0367,100.751,-1430.0,-442.0,-1400.0,-600.0
-1428.0,-442.0,-105.536,5.36201e-07,86.9003,-79.9507,93.0997,100.049,-1428.0,-442.0,-1400.0,-600.0
-1426.0,-442.0,-117.565,7.29347e-07,87.6774,-129.801,92.3226,135.092,-1425.49,-574.596,-1460.12,-482.951
-1424.0,-442.0,-115.328,7.33656e-07,87.647,-130.201,92.353,135.493,-1425.48,-574.957,-1460.03,-484.635
-1422.0,-442.0,-113.984,7.38001e-07,87.6171,-130.597,92.3829,135.889,-1425.47,-575.309,-1459.94,-486.274
-1420.0,-442.0,-141.66,5.49264e-07,86.7386,-96.6224,93.2614,111.97,-1429.78,-526.194,-1429.78,-526.194
-1418.0,-442.0,-148.794,7.48229e-07,87.5738,-133.048,92.4262,129.101,-1425.63,-568.463,-1459.91,-486.87
-1416.0,-442.0,-151.718,7.55282e-07,85.0019,-131.896,78.7334,136.303,-1425.46,-575.672,-1459.71,-490.719
-1414.0,-442.0,-157.067,7.05468e-07,87.3808,-139.461,92.6192,89.6826,-1399.57,-523.105,-1460.2,-481.51
-1412.0,-442.0,-157.209,7.10568e-07,87.3769,-140.009,92.6231,89.6826,-1399.57,-523.105,-1460.15,-482.389
-1410.0,-442.0,-157.63,7.15708e-07,87.3732,-140.546,92.6268,89.6826,-1399.57,-523.105,-1460.11,-483.237
-1408.0,-442.0,-158.337,7.20888e-07,87.3696,-141.07,92.6304,89.6826,-1399.57,-523.105,-1460.06,-484.054
-1406.0,-442.0,-168.083,1.1028e-06,88.2666,170.958,91.7334,130.064,-1425.6,-569.555,-1498.92,-427.213
-1404.0,-442.0,-160.355,7.31346e-07,87.3857,-142.084,92.6143,89.6826,-1399.57,-523.105,-1459.98,-485.604
-1402.0,-442.0,-161.034,7.36623e-07,87.4044,-142.574,92.5956,89.6826,-1399.57,-523.105,-1459.94,-486.341
-1400.0,-442.0,-167.187,2.03361e-06,89.0601,-23.6236,90.9399,-14.6085,-1339.34,-615.81,-1255.01,-505.417
-1398.0,-442.0,-166.925,2.0275e-06,89.0573,-23.8164,90.9427,-14.6085,-1339.34,-615.81,-1255.01,-505.115
-1396.0,-442.0,-166.706,2.0214e-06,89.0544,-24.0122,90.9456,-14.6085,-1339.34,-615.81,-1255.01,-504.807
-1394.0,-442.0,-166.527,2.01531e-06,89.0464,-24.211,90.9536,-14.6085,-1339.34,-615.81,-1255.02,-504.493
-1392.0,-442.0,-166.383,2.00924e-06,89.0355,-24.4129,90.9645,-14.6085,-1339.34,-615.81,-1255.02,-504.173
-1390.0,-442.0,-166.271,2.00317e-06,89.0245,-24.618,90.9755,-14.6085,-1339.34,-615.81,-1255.02,-503.848
-1388.0,-442.0,-166.188,1.99711e-06,89.0135,-24.8263,90.9865,-14.6085,-1339.34,-615.81,-1255.03,-503.516
-1386.0,-442.0,-166.129,1.99107e-06,89.0024,-25.038,90.9976,-14.6085,-1339.34,-615.81,-1255.03,-503.177
-1384.0,-442.0,-171.26,1.17547e-06,88.2963,172.551,91.7037,130.064,-1425.6,-569.555,-1498.92,-426.975
-1382.0,-442.0,-164.707,1.19228e-06,88.3043,-30.6958,91.6957,-35.9954,-1376.1,-617.359,-1254.88,-517.468
-1380.0,-442.0,-166.504,1.18657e-06,88.269,-30.9038,91.731,-35.9954,-1376.1,-617.359,-1254.88,-516.893
-1378.0,-442.0,-159.56,2.05786e-06,86.818,-43.0533,88.3504,16.5179,-1363.57,-589.195,-1333.91,-483.188
-1376.0,-442.0,-159.468,2.05303e-06,86.7742,-43.1809,88.3514,16.3911,-1363.23,-589.185,-1332.15,-483.151
-1374.0,-442.0,-159.411,2.04821e-06,86.73,-43.3092,88.3524,16.2637,-1362.89,-589.175,-1330.38,-483.115
-1372.0,-442.0,-161.947,1.09365e-06,88.0037,-32.3239,91.9963,-43.3117,-1381.35,-617.58,-1254.89,-516.102
-1370.0,-442.0,-173.027,1.22191e-06,88.1974,173.304,91.8026,130.064,-1425.6,-569.555,-1498.92,-426.863
-1368.0,-442.0,-173.265,1.22855e-06,88.194,173.399,91.806,130.064,-1425.6,-569.555,-1498.92,-426.849
-1366.0,-442.0,-173.498,1.23518e-06,88.1906,173.492,91.8094,130.064,-1425.6,-569.555,-1498.92,-426.835
-1364.0,-442.0,-173.726,1.24182e-06,88.1873,173.582,91.8127,130.064,-1425.6,-569.555,-1498.92,-426.822
-1362.0,-442.0,-173.95,1.24846e-06,88.184,173.669,91.816,130.064,-1425.6,-569.555,-1498.92,-426.809
-1360.0,-442.0,-175.616,1.23634e-06,88.1531,171.455,91.8469,132.426,-1425.55,-572.049,-1472.48,-425.1
-1358.0,-442.0,-163.128,9.09146e-07,87.4763,151.536,92.5237,82.1554,-1396.76,-576.497,-1377.74,-431.298
-1356.0,-442.0,-163.552,9.15016e-07,87.4925,151.854,92.5075,82.1554,-1396.76,-576.497,-1376.04,-431.278
-1354.0,-442.0,-167.742,1.56963e-06,88.5385,-75.7774,91.4615,-14.6085,-1339.34,-615.81,-1329.2,-539.827
-1352.0,-442.0,-167.844,1.56806e-06,88.5371,-76.8833,91.4629,-14.6085,-1339.34,-615.81,-1329.2,-539.827
-1350.0,-442.0,-168.003,1.56661e-06,88.5357,-77.9993,91.4643,-14.6085,-1339.34,-615.81,-1329.2,-539.827
-1348.0,-442.0,-168.224,1.56528e-06,88.5345,-79.1245,91.4655,-14.6085,-1339.34,-615.81,-1329.2,-539.827
-1346.0,-442.0,-168.507,1.5641e-06,88.5236,-80.2584,91.4764,-14.6085,-1339.34,-615.81,-1329.2,-539.827
-1344.0,-442.0,-173.845,1.52467e-06,88.4748,90.6422,91.5252,-43.3117,-1381.35,-617.58,-1345.35,-321.64
-1342.0,-442.0,0.0,0.0,0.0,0.0,0.0,0.0,0.0,0.0,0.0,0.0
-1340.0,-442.0,0.0,0.0,0.0,0.0,0.0,0.0,0.0,0.0,0.0,0.0
-1338.0,-442.0,0.0,0.0,0.0,0.0,0.0,0.0,0.0,0.0,0.0,0.0
-1336.0,-442.0,0.0,0.0,0.0,0.0,0.0,0.0,0.0,0.0,0.0,0.0
-1334.0,-442.0,0.0,0.0,0.0,0.0,0.0,0.0,0.0,0.0,0.0,0.0
-1332.0,-442.0,0.0,0.0,0.0,0.0,0.0,0.0,0.0,0.0,0.0,0.0
-1330.0,-442.0,0.0,0.0,0.0,0.0,0.0,0.0,0.0,0.0,0.0,0.0
-1328.0,-442.0,0.0,0.0,0.0,0.0,0.0,0.0,0.0,0.0,0.0,0.0
-1326.0,-442.0,0.0,0.0,0.0,0.0,0.0,0.0,0.0,0.0,0.0,0.0
-1324.0,-442.0,0.0,0.0,0.0,0.0,0.0,0.0,0.0,0.0,0.0,0.0
-1322.0,-442.0,0.0,0.0,0.0,0.0,0.0,0.0,0.0,0.0,0.0,0.0
-1320.0,-442.0,0.0,0.0,0.0,0.0,0.0,0.0,0.0,0.0,0.0,0.0
-1318.0,-442.0,0.0,0.0,0.0,0.0,0.0,0.0,0.0,0.0,0.0,0.0
-1316.0,-442.0,0.0,0.0,0.0,0.0,0.0,0.0,0.0,0.0,0.0,0.0
-1314.0,-442.0,0.0,0.0,0.0,0.0,0.0,0.0,0.0,0.0,0.0,0.0
-1312.0,-442.0,0.0,0.0,0.0,0.0,0.0,0.0,0.0,0.0,0.0,0.0
-1310.0,-442.0,-158.768,1.06962e-06,87.6566,-54.2709,92.3434,-35.9954,-1376.1,-617.359,-1254.86,-518.65
-1308.0,-442.0,-160.429,1.06577e-06,87.6178,-54.6509,92.3822,-35.9954,-1376.1,-617.359,-1254.88,-516.885
-1306.0,-442.0,-162.643,1.06196e-06,87.5788,-55.0344,92.4212,-35.9954,-1376.1,-617.359,-1254.9,-515.069
-1304.0,-442.0,-163.137,1.44274e-06,88.1957,-22.8425,91.8043,35.7331,-1385.93,-589.879,-1164.18,-500.897
-1302.0,-442.0,-162.894,1.43661e-06,88.1655,-22.9832,91.8345,35.7331,-1385.93,-589.879,-1164.21,-500.439
-1300.0,-442.0,-160.317,1.6582e-06,85.3295,-31.1921,89.6061,-22.511,-1359.77,-616.671,-1203.49,-500.428
-1298.0,-442.0,-160.432,1.65253e-06,85.256,-31.3143,89.6065,-22.6296,-1359.99,-616.68,-1201.98,-500.411
-1296.0,-442.0,-160.408,1.64688e-06,85.1808,-31.4376,89.6069,-22.7491,-1360.2,-616.689,-1200.48,-500.394
-1294.0,-442.0,-164.94,9.39176e-07,87.1116,-102.271,92.8884,54.9672,-1393.06,-590.097,-1322.67,-573.813
-1292.0,-442.0,-162.029,9.75313e-07,87.2021,-139.367,92.7979,-43.3117,-1381.35,-617.58,-1310.14,-457.566
-1290.0,-442.0,-159.361,9.80399e-07,87.2002,-139.723,92.7998,-43.3117,-1381.35,-617.58,-1310.11,-459.043
-1288.0,-442.0,-157.673,9.85511e-07,87.1983,-140.074,92.8017,-43.3117,-1381.35,-617.58,-1310.09,-460.485
-1286.0,-442.0,-156.687,9.90649e-07,87.1965,-140.419,92.8035,-43.3117,-1381.35,-617.58,-1310.06,-461.891
-1284.0,-442.0,-124.291,1.29213e-06,87.8385,49.7191,92.1615,-43.3117,-1381.35,-617.58,-1244.91,-395.874
-1282.0,-442.0,-127.274,1.28784e-06,87.8187,49.973,92.1813,-43.396,-1381.4,-617.583,-1243.18,-395.785
-1280.0,-442.0,-131.639,1.28358e-06,87.7989,50.2469,92.2011,-43.396,-1381.4,-617.583,-1241.49,-395.698
-1278.0,-442.0,-135.68,1.27934e-06,87.779,50.5229,92.221,-43.396,-1381.4,-617.583,-1239.79,-395.611
-1276.0,-442.0,-139.453,1.27512e-06,87.759,50.8012,92.241,-43.396,-1381.4,-617.583,-1238.1,-395.524
-1274.0,-442.0,-143.266,1.27093e-06,87.7388,51.0816,92.2612,-43.396,-1381.4,-617.583,-1236.4,-395.437
-1272.0,-442.0,-147.163,1.26676e-06,87.7187,51.3644,92.2813,-43.396,-1381.4,-617.583,-1234.71,-395.35
-1270.0,-442.0,-150.475,1.26262e-06,87.6984,51.6493,92.3016,-43.396,-1381.4,-617.583,-1233.02,-395.263
-1268.0,-442.0,-152.26,1.25851e-06,87.678,51.9365,92.322,-43.396,-1381.4,-617.583,-1231.33,-395.176
-1266.0,-442.0,-153.289,1.25443e-06,87.6576,52.226,92.3424,-43.396,-1381.4,-617.583,-1229.65,-395.09
-1264.0,-442.0,-151.005,8.47184e-07,83.839,-121.903,81.5134,56.5705,-1393.47,-590.11,-1373.08,-617.232
-1262.0,-442.0,-150.945,8.50711e-07,83.8632,-122.286,81.5522,56.186,-1393.37,-590.107,-1372.71,-617.216
-1260.0,-442.0,-150.981,8.54274e-07,83.8883,-122.667,81.591,55.8046,-1393.28,-590.104,-1372.33,-617.2
-1258.0,-442.0,-151.116,8.57874e-07,83.9135,-123.044,81.6299,55.4265,-1393.18,-590.101,-1371.96,-617.184
-1256.0,-442.0,-146.231,8.08625e-07,86.3439,-123.201,93.6561,-43.3117,-1381.35,-617.58,-1342.6,-574.333
-1254.0,-442.0,-145.691,8.12301e-07,86.3605,-123.803,93.6395,-43.3117,-1381.35,-617.58,-1342.6,-574.333
-1252.0,-442.0,-145.125,8.16005e-07,86.4107,-124.397,93.5893,-43.3117,-1381.35,-617.58,-1342.6,-574.333
-1250.0,-442.0,-144.522,8.19744e-07,86.4863,-124.983,93.5137,-43.3117,-1381.35,-617.58,-1342.6,-574.333
-1248.0,-442.0,-143.875,8.23539e-07,86.5614,-125.56,93.4386,-43.3117,-1381.35,-617.58,-1342.6,-574.333
-1246.0,-442.0,-140.749,8.76392e-07,86.8243,-126.693,93.1757,54.9672,-1393.06,-590.097,-1328.45,-552.64
-1244.0,-442.0,-141.593,8.31031e-07,86.7091,-127.27,93.2909,-43.396,-1381.4,-617.583,-1355.83,-588.959
-1242.0,-442.0,-140.565,8.35046e-07,86.7764,-127.761,93.2236,-43.396,-1381.4,-617.583,-1355.83,-588.959
-1240.0,-442.0,-132.827,1.71926e-06,88.1927,-137.7,91.4668,-15.4663,-1342.4,-615.938,-1339.44,-532.483
-1238.0,-442.0,-131.87,1.72419e-06,88.2541,-137.85,91.4687,-15.3172,-1341.89,-615.917,-1339.13,-533.539
-1236.0,-442.0,-130.97,1.72913e-06,88.3138,-137.999,91.4705,-15.169,-1341.37,-615.895,-1338.82,-534.586
-1234.0,-442.0,-129.903,1.73409e-06,88.3717,-138.148,91.4723,-15.0217,-1340.85,-615.873,-1338.52,-535.624
-1232.0,-442.0,-128.897,1.73906e-06,88.428,-138.295,91.4741,-14.8751,-1340.32,-615.851,-1338.22,-536.654
-1230.0,-442.0,-130.125,8.60213e-07,86.9835,-130.572,93.0165,-43.396,-1381.4,-617.583,-1355.83,-588.959
-1228.0,-442.0,-126.532,8.64531e-07,87.0443,-131.018,92.9557,-43.396,-1381.4,-617.583,-1355.83,-588.959
-1226.0,-442.0,-121.599,8.68882e-07,87.1149,-131.459,92.8851,-43.396,-1381.4,-617.583,-1355.83,-588.959
-1224.0,-442.0,-117.212,8.73271e-07,87.1849,-131.868,92.8151,-43.3117,-1381.35,-617.58,-1342.6,-574.333
-1222.0,-442.0,-124.212,8.777e-07,87.2543,-132.344,92.7457,-43.3117,-1381.35,-617.58,-1342.6,-574.333
-1220.0,-442.0,-129.132,8.8217e-07,87.3232,-132.814,92.6768,-43.3117,-1381.35,-617.58,-1342.6,-574.333
-1218.0,-442.0,-132.519,8.86681e-07,87.3915,-133.276,92.6085,-43.3117,-1381.35,-617.58,-1342.6,-574.333
-1216.0,-442.0,-135.018,8.91233e-07,87.4592,-133.732,92.5408,-43.3117,-1381.35,-617.58,-1342.6,-574.333
-1214.0,-442.0,-136.979,8.95824e-07,87.5263,-134.18,92.4737,-43.3117,-1381.35,-617.58,-1342.6,-574.333
-1212.0,-442.0,-126.146,9.67139e-07,87.759,-137.425,92.241,-37.2878,-1377.15,-617.403,-1356.27,-574.546
-1210.0,-442.0,0.0,0.0,0.0,0.0,0.0,0.0,0.0,0.0,0.0,0.0
-1208.0,-442.0,0.0,0.0,0.0,0.0,0.0,0.0,0.0,0.0,0.0,0.0
-1206.0,-442.0,0.0,0.0,0.0,0.0,0.0,0.0,0.0,0.0,0.0,0.0
-1204.0,-442.0,0.0,0.0,0.0,0.0,0.0,0.0,0.0,0.0,0.0,0.0
-1202.0,-442.0,0.0,0.0,0.0,0.0,0.0,0.0,0.0,0.0,0.0,0.0
-1600.0,-440.0,-159.956,1.22352e-06,88.4526,38.1003,91.5474,130.461,-1425.59,-569.992,-1536.37,-390.104
-1598.0,-440.0,-159.315,1.2183e-06,88.4327,38.6787,91.5673,130.461,-1425.59,-569.992,-1535.66,-390.091
-1596.0,-440.0,-158.724,1.21311e-06,88.4271,39.2719,91.5729,130.461,-1425.59,-569.992,-1534.95,-390.079
-1594.0,-440.0,-158.192,1.20796e-06,88.4338,39.8806,91.5662,130.461,-1425.59,-569.992,-1534.24,-390.066
-1592.0,-440.0,-157.765,1.20286e-06,88.4406,40.5052,91.5594,130.461,-1425.59,-569.992,-1533.53,-390.054
-1590.0,-440.0,-157.582,1.1978e-06,88.4475,41.1461,91.5525,130.461,-1425.59,-569.992,-1532.82,-390.041
-1588.0,-440.0,-158.043,1.1928e-06,88.4545,41.8039,91.5455,130.461,-1425.59,-569.992,-1532.12,-390.029
-1586.0,-440.0,-160.089,1.18784e-06,88.4616,42.479,91.5384,130.461,-1425.59,-569.992,-1531.41,-390.016
-1584.0,-440.0,-161.247,1.18294e-06,88.4689,43.172,91.5311,130.461,-1425.59,-569.992,-1530.71,-390.004
-1582.0,-440.0,-156.627,1.1781e-06,88.4763,43.8832,91.5237,130.461,-1425.59,-569.992,-1530.0,-389.992
-1580.0,-440.0,-161.337,9.45107e-07,88.1177,-15.5926,91.8823,99.908,-1420.16,-484.607,-1420.16,-484.607
-1578.0,-440.0,-161.3,9.38677e-07,88.122,-15.7804,91.878,99.908,-1420.16,-484.607,-1420.16,-484.607
-1576.0,-440.0,-161.271,9.32252e-07,88.1264,-15.9726,91.8736,99.908,-1420.16,-484.607,-1420.16,-484.607
-1574.0,-440.0,-161.25,9.25834e-07,88.1308,-16.1695,91.8692,99.908,-1420.16,-484.607,-1420.16,-484.607
-1572.0,-440.0,-139.631,1.18791e-06,88.5474,-46.5718,91.4526,129.985,-1425.61,-569.467,-1532.15,-482.103
-1570.0,-440.0,-143.051,1.18334e-06,88.5418,-46.8816,91.4582,129.985,-1425.61,-569.467,-1530.65,-482.023
-1568.0,-440.0,-143.89,1.17879e-06,88.5362,-47.1946,91.4638,129.985,-1425.61,-569.467,-1529.15,-481.944
-1566.0,-440.0,-143.897,1.17427e-06,88.5306,-47.5108,91.4694,129.985,-1425.61,-569.467,-1527.65,-481.864
-1564.0,-440.0,-143.947,1.16978e-06,88.5249,-47.8302,91.4751,129.985,-1425.61,-569.467,-1526.15,-481.784
-1562.0,-440.0,-144.195,1.16532e-06,88.5193,-48.1528,91.4807,129.985,-1425.61,-569.467,-1524.65,-481.704
-1560.0,-440.0,-156.381,1.16179e-06,88.5226,-51.3299,91.4774,130.064,-1425.6,-569.555,-1526.54,-481.805
-1558.0,-440.0,-157.887,1.15765e-06,88.5312,-52.0816,91.4688,130.064,-1425.6,-569.555,-1525.48,-481.748
-1556.0,-440.0,-159.557,8.82044e-07,88.0904,30.0987,91.9096,96.8954,-1412.1,-499.96,-1540.92,-431.257
-1554.0,-440.0,-159.477,8.76275e-07,88.0963,30.4541,91.9037,96.8954,-1412.1,-499.96,-1539.07,-431.224
-1552.0,-440.0,-159.443,8.70526e-07,88.1023,30.8171,91.8977,96.8954,-1412.1,-499.96,-1537.23,-431.192
-1550.0,-440.0,-159.467,8.648e-07,88.1084,31.1881,91.8916,96.8954,-1412.1,-499.96,-1535.39,-431.159
-1548.0,-440.0,-159.179,1.03583e-06,88.4231,-55.941,91.5769,111.97,-1429.78,-526.194,-1519.98,-481.456
-1546.0,-440.0,-159.763,8.53433e-07,88.0859,31.9545,91.9141,96.8954,-1412.1,-499.96,-1531.72,-431.094
-1544.0,-440.0,-159.005,8.20194e-07,88.0083,-24.4454,91.9917,96.8954,-1412.1,-499.96,-1412.1,-499.96
-1542.0,-440.0,-158.697,8.1413e-07,87.9935,-24.7769,92.0065,96.8954,-1412.1,-499.96,-1412.1,-499.96
-1540.0,-440.0,-158.419,8.08083e-07,87.9785,-25.1168,92.0215,96.8954,-1412.1,-499.96,-1412.1,-499.96
-1538.0,-440.0,-158.169,8.02053e-07,87.9633,-25.4656,92.0367,96.8954,-1412.1,-499.96,-1412.1,-499.96
-1536.0,-440.0,-157.07,8.9893e-07,88.1828,38.1522,91.8172,117.862,-1429.33,-544.506,-1524.5,-430.966
-1534.0,-440.0,-156.887,8.93697e-07,88.1722,38.4976,91.8278,117.862,-1429.33,-544.506,-1522.6,-430.933
-1532.0,-440.0,-156.827,8.8849e-07,88.1615,38.8483,91.8385,117.862,-1429.33,-544.506,-1520.7,-430.899
-1530.0,-440.0,-156.905,8.83308e-07,88.1507,39.2045,91.8493,117.862,-1429.33,-544.506,-1518.8,-430.866
-1528.0,-440.0,-157.162,8.78153e-07,88.1398,39.5662,91.8602,117.862,-1429.33,-544.506,-1516.9,-430.832
-1526.0,-440.0,-157.116,7.66272e-07,87.8681,-27.7629,92.1319,96.8954,-1412.1,-499.96,-1412.1,-499.96
-1524.0,-440.0,-157.014,7.6037e-07,87.8759,-28.1834,92.1241,96.8954,-1412.1,-499.96,-1412.1,-499.96
-1522.0,-440.0,-154.031,8.43908e-07,88.1245,43.7108,91.8755,129.985,-1425.61,-569.467,-1512.33,-430.751
-1520.0,-440.0,-151.377,8.39088e-07,88.1522,44.1895,91.8478,129.985,-1425.61,-569.467,-1510.45,-430.718
-1518.0,-440.0,-134.192,9.94548e-07,88.4736,-61.7696,91.5264,69.5502,-1396.34,-590.198,-1496.42,-480.204
-1516.0,-440.0,-120.923,8.28513e-07,88.2066,47.2721,91.7934,133.962,-1425.51,-573.548,-1507.38,-430.664
-1514.0,-440.0,-124.419,8.23984e-07,88.2359,47.6131,91.7641,133.621,-1425.52,-573.223,-1505.45,-430.629
-1512.0,-440.0,-127.081,8.195e-07,88.2314,47.9579,91.7686,133.276,-1425.53,-572.89,-1503.52,-430.595
-1510.0,-440.0,-126.563,8.15048e-07,88.2218,48.3065,91.7782,132.927,-1425.53,-572.548,-1501.59,-430.561
-1508.0,-440.0,-123.404,8.10627e-07,88.212,48.6589,91.788,132.575,-1425.54,-572.199,-1499.67,-430.527
-1506.0,-440.0,-124.377,9.6696e-07,88.5012,-65.3425,91.4988,111.625,-1469.37,-425.017,-1487.76,-479.743
-1504.0,-440.0,-122.181,9.64196e-07,88.4969,-65.703,91.5031,111.264,-1468.11,-424.984,-1486.1,-479.655
-1502.0,-440.0,-120.309,9.6147e-07,88.4926,-66.0656,91.5074,110.902,-1466.85,-424.95,-1484.44,-479.567
-1500.0,-440.0,-118.829,9.58783e-07,88.4884,-66.4302,91.5116,110.537,-1465.59,-424.917,-1482.78,-479.479
-1498.0,-440.0,-117.684,9.56135e-07,88.4842,-66.7969,91.5158,110.17,-1464.33,-424.883,-1481.11,-479.39
-1496.0,-440.0,-116.803,9.53527e-07,88.48,-67.1656,91.52,109.802,-1463.06,-424.849,-1479.45,-479.302
-1494.0,-440.0,-116.123,9.50958e-07,88.4759,-67.5363,91.5241,109.431,-1461.8,-424.816,-1477.79,-479.213
-1492.0,-440.0,-115.598,9.48429e-07,88.4719,-67.909,91.5281,109.058,-1460.53,-424.782,-1476.12,-479.125
-1490.0,-440.0,-115.194,9.4594e-07,88.4674,-68.2836,91.5326,108.683,-1459.26,-424.748,-1474.45,-479.036
-1488.0,-440.0,-114.885,9.435e-07,88.4464,-68.6603,91.5536,108.307,-1457.99,-424.714,-1472.78,-478.948
-1486.0,-440.0,-113.361,7.14402e-07,87.9253,-47.5511,92.0747,131.656,-1425.56,-571.263,-1397.58,-536.664
-1484.0,-440.0,-111.992,7.09929e-07,87.8895,-47.9488,92.1105,131.259,-1425.57,-570.847,-1397.61,-535.774
-1482.0,-440.0,-111.116,7.0549e-07,87.8533,-48.3515,92.1467,130.856,-1425.58,-570.419,-1397.64,-534.858
-1480.0,-440.0,-110.543,7.01086e-07,87.8168,-48.7593,92.1832,130.448,-1425.59,-569.978,-1397.67,-533.915
-1478.0,-440.0,-110.169,6.96716e-07,87.7873,-49.1723,92.2127,130.035,-1425.61,-569.523,-1397.7,-532.943
-1476.0,-440.0,-114.282,9.2972e-07,88.342,-70.9603,91.658,106.007,-1450.34,-424.51,-1462.74,-478.414
-1474.0,-440.0,-111.891,6.80919e-07,87.736,71.5346,92.264,111.518,-1468.99,-425.007,-1468.99,-425.007
-1472.0,-440.0,-111.05,6.78837e-07,87.729,72.0693,92.271,110.983,-1467.13,-424.958,-1467.13,-424.958
-1470.0,-440.0,-110.471,6.76814e-07,87.7222,72.6072,92.2778,110.445,-1465.27,-424.908,-1465.27,-424.908
-1468.0,-440.0,-110.067,6.7485e-07,87.7156,73.1483,92.2844,109.904,-1463.41,-424.859,-1463.41,-424.859
-1466.0,-440.0,-109.784,6.72948e-07,87.7091,73.6926,92.2909,109.36,-1461.56,-424.809,-1461.56,-424.809
-1464.0,-440.0,-106.154,5.7563e-07,87.3216,-68.1986,92.6784,111.801,-1464.0,-440.0,-1400.0,-600.0
-1462.0,-440.0,-106.117,5.73188e-07,87.3101,-68.8187,92.6899,111.181,-1462.0,-440.0,-1400.0,-600.0
-1460.0,-440.0,-106.081,5.70813e-07,87.2989,-69.444,92.7011,110.556,-1460.0,-440.0,-1400.0,-600.0
-1458.0,-440.0,-106.045,5.68507e-07,87.288,-70.0744,92.712,109.926,-1458.0,-440.0,-1400.0,-600.0
-1456.0,-440.0,-106.011,5.6627e-07,87.2772,-70.71,92.7228,109.29,-1456.0,-440.0,-1400.0,-600.0
-1454.0,-440.0,-105.978,5.64103e-07,87.2668,-71.3505,92.7332,108.65,-1454.0,-440.0,-1400.0,-600.0
-1452.0,-440.0,-105.945,5.62007e-07,87.2566,-71.9958,92.7434,108.004,-1452.0,-440.0,-1400.0,-600.0
-1450.0,-440.0,-105.914,5.59983e-07,87.2466,-72.646,92.7534,107.354,-1450.0,-440.0,-1400.0,-600.0
-1448.0,-440.0,-105.883,5.58031e-07,87.237,-73.3008,92.763,106.699,-1448.0,-440.0,-1400.0,-600.0
-1446.0,-440.0,-105.854,5.56152e-07,87.2276,-73.9601,92.7724,106.04,-1446.0,-440.0,-1400.0,-600.0
-1444.0,-440.0,-105.826,5.54348e-07,87.2186,-74.6237,92.7814,105.376,-1444.0,-440.0,-1400.0,-600.0
-1442.0,-440.0,-105.798,5.52622e-07,87.2002,-75.2917,92.7998,104.708,-1442.0,-440.0,-1400.0,-600.0
-1440.0,-440.0,-105.773,5.50981e-07,87.1625,-75.9638,92.8375,104.036,-1440.0,-440.0,-1400.0,-600.0
-1438.0,-440.0,-105.748,5.49417e-07,87.125,-76.6398,92.875,103.36,-1438.0,-440.0,-1400.0,-600.0
-1436.0,-440.0,-105.724,5.4793e-07,87.0877,-77.3196,92.9123,102.68,-1436.0,-440.0,-1400.0,-600.0
-1434.0,-440.0,-105.702,5.4652e-07,87.0506,-78.0031,92.9494,101.997,-1434.0,-440.0,-1400.0,-600.0
-1432.0,-440.0,-105.681,5.45188e-07,87.0138,-78.6901,92.9862,101.31,-1432.0,-440.0,-1400.0,-600.0
-1430.0,-440.0,-105.661,5.43945e-07,86.9584,-79.3803,93.0416,100.62,-1430.0,-440.0,-1400.0,-600.0
-1428.0,-440.0,-105.642,5.42787e-07,86.8923,-80.0738,93.1077,99.9262,-1428.0,-440.0,-1400.0,-600.0
-1426.0,-440.0,-120.455,7.345e-07,87.66,-129.467,92.34,134.758,-1425.49,-574.291,-1460.2,-481.531
-1424.0,-440.0,-117.232,7.38779e-07,87.6298,-129.867,92.3702,135.158,-1425.48,-574.656,-1460.11,-483.232
-1422.0,-440.0,-115.185,7.43094e-07,87.6001,-130.262,92.3999,135.553,-1425.48,-575.011,-1460.02,-484.888
-1420.0,-440.0,-113.953,7.47444e-07,87.5709,-130.653,92.4291,135.944,-1425.47,-575.358,-1459.93,-486.502
-1418.0,-440.0,-148.169,7.53136e-07,87.5567,-132.625,92.4433,129.101,-1425.63,-568.463,-1459.98,-485.612
-1416.0,-440.0,-152.039,7.60633e-07,83.1941,-131.402,83.7162,136.751,-1425.45,-576.058,-1459.76,-489.639
-1414.0,-440.0,-151.78,7.64732e-07,85.0123,-131.935,78.7262,136.341,-1425.46,-575.705,-1459.7,-490.87
-1412.0,-440.0,-157.235,7.149e-07,87.3582,-139.369,92.6418,89.6826,-1399.57,-523.105,-1460.2,-481.361
-1410.0,-440.0,-157.322,7.19993e-07,87.3544,-139.907,92.6456,89.6826,-1399.57,-523.105,-1460.16,-482.226
-1408.0,-440.0,-167.865,2.06075e-06,89.0681,-23.3066,90.9319,-14.6085,-1339.34,-615.81,-1255.0,-505.912
-1406.0,-440.0,-167.525,2.05463e-06,89.0637,-23.4906,90.9363,-14.6085,-1339.34,-615.81,-1255.01,-505.625
-1404.0,-440.0,-159.209,7.35482e-07,87.3836,-141.453,92.6164,89.6826,-1399.57,-523.105,-1460.03,-484.644
-1402.0,-440.0,-160.249,7.40714e-07,87.4021,-141.946,92.5979,89.6826,-1399.57,-523.105,-1459.99,-485.396
-1400.0,-440.0,-161.05,7.4598e-07,87.4204,-142.428,92.5796,89.6826,-1399.57,-523.105,-1459.95,-486.122
-1398.0,-440.0,-166.618,2.03022e-06,89.0524,-24.255,90.9476,-14.6085,-1339.34,-615.81,-1255.02,-504.423
-1396.0,-440.0,-166.485,2.02414e-06,89.0496,-24.4534,90.9504,-14.6085,-1339.34,-615.81,-1255.02,-504.109
-1394.0,-440.0,-166.38,2.01808e-06,89.0416,-24.655,90.9584,-14.6085,-1339.34,-615.81,-1255.03,-503.789
-1392.0,-440.0,-166.302,2.01202e-06,89.0307,-24.8596,90.9693,-14.6085,-1339.34,-615.81,-1255.03,-503.463
-1390.0,-440.0,-166.248,2.00598e-06,89.0197,-25.0675,90.9803,-14.6085,-1339.34,-615.81,-1255.03,-503.13
-1388.0,-440.0,-172.136,1.1614e-06,88.2928,173.25,91.7072,130.064,-1425.6,-569.555,-1498.92,-426.871
-1386.0,-440.0,-164.281,1.20715e-06,88.3442,-30.6316,91.6558,-35.9954,-1376.1,-617.359,-1254.87,-517.645
-1384.0,-440.0,-165.993,1.20142e-06,88.3228,-30.836,91.6772,-35.9954,-1376.1,-617.359,-1254.88,-517.081
-1382.0,-440.0,-167.335,1.1254e-06,88.1816,-31.497,91.8184,-43.3117,-1381.35,-617.58,-1254.87,-517.896
-1380.0,-440.0,-159.547,2.06727e-06,86.8507,-43.062,88.3505,16.5088,-1363.54,-589.194,-1333.79,-483.185
-1378.0,-440.0,-159.458,2.06244e-06,86.8074,-43.1891,88.3515,16.3825,-1363.21,-589.184,-1332.03,-483.149
-1376.0,-440.0,-159.404,2.05762e-06,86.7637,-43.3168,88.3525,16.2556,-1362.87,-589.174,-1330.28,-483.113
-1374.0,-440.0,-161.334,1.10285e-06,88.0272,-32.4681,91.9728,-43.3117,-1381.35,-617.58,-1254.89,-515.786
-1372.0,-440.0,-168.82,2.79294e-06,88.6262,35.0885,84.4402,33.605,-1384.71,-589.842,-1193.72,-314.755
-1370.0,-440.0,-168.659,2.78749e-06,88.6159,35.1673,84.4284,33.6836,-1384.76,-589.844,-1192.12,-314.674
-1368.0,-440.0,-168.503,2.78205e-06,88.6068,35.2465,84.4164,33.7625,-1384.81,-589.845,-1190.53,-314.592
-1366.0,-440.0,-175.346,1.21556e-06,88.141,171.918,91.859,132.426,-1425.55,-572.049,-1471.18,-425.065
-1364.0,-440.0,-175.452,1.22217e-06,88.1379,172.037,91.8621,132.426,-1425.55,-572.049,-1470.83,-425.056
-1362.0,-440.0,-175.564,1.22879e-06,88.1348,172.151,91.8652,132.426,-1425.55,-572.049,-1470.47,-425.047
-1360.0,-440.0,-163.309,9.00124e-07,87.4372,151.811,92.5628,82.1554,-1396.76,-576.497,-1376.27,-431.28
-1358.0,-440.0,-167.813,1.57957e-06,88.5399,-73.9098,91.4601,-14.6085,-1339.34,-615.81,-1329.2,-539.827
-1356.0,-440.0,-167.811,1.57778e-06,88.5382,-74.9751,91.4618,-14.6085,-1339.34,-615.81,-1329.2,-539.827
-1354.0,-440.0,-167.869,1.57611e-06,88.5367,-76.0511,91.4633,-14.6085,-1339.34,-615.81,-1329.2,-539.827
-1352.0,-440.0,-167.982,1.57456e-06,88.5353,-77.1373,91.4647,-14.6085,-1339.34,-615.81,-1329.2,-539.827
-1350.0,-440.0,-168.151,1.57314e-06,88.5339,-78.2329,91.4661,-14.6085,-1339.34,-615.81,-1329.2,-539.827
-1348.0,-440.0,-168.38,1.57184e-06,88.5327,-79.3374,91.4673,-14.6085,-1339.34,-615.81,-1329.2,-539.827
-1346.0,-440.0,-168.667,1.57068e-06,88.5219,-80.4499,91.4781,-14.6085,-1339.34,-615.81,-1329.2,-539.827
-1344.0,-440.0,-176.695,1.28835e-06,88.1853,173.053,91.8147,132.426,-1425.55,-572.049,-1467.39,-424.965
-1342.0,-440.0,0.0,0.0,0.0,0.0,0.0,0.0,0.0,0.0,0.0,0.0
-1340.0,-440.0,0.0,0.0,0.0,0.0,0.0,0.0,0.0,0.0,0.0,0.0
-1338.0,-440.0,0.0,0.0,0.0,0.0,0.0,0.0,0.0,0.0,0.0,0.0
-1336.0,-440.0,0.0,0.0,0.0,0.0,0.0,0.0,0.0,0.0,0.0,0.0
-1334.0,-440.0,0.0,0.0,0.0,0.0,0.0,0.0,0.0,0.0,0.0,0.0
-1332.0,-440.0,0.0,0.0,0.0,0.0,0.0,0.0,0.0,0.0,0.0,0.0
-1330.0,-440.0,0.0,0.0,0.0,0.0,0.0,0.0,0.0,0.0,0.0,0.0
-1328.0,-440.0,0.0,0.0,0.0,0.0,0.0,0.0,0.0,0.0,0.0,0.0
-1326.0,-440.0,0.0,0.0,0.0,0.0,0.0,0.0,0.0,0.0,0.0,0.0
-1324.0,-440.0,0.0,0.0,0.0,0.0,0.0,0.0,0.0,0.0,0.0,0.0
-1322.0,-440.0,0.0,0.0,0.0,0.0,0.0,0.0,0.0,0.0,0.0,0.0
-1320.0,-440.0,0.0,0.0,0.0,0.0,0.0,0.0,0.0,0.0,0.0,0.0
-1318.0,-440.0,0.0,0.0,0.0,0.0,0.0,0.0,0.0,0.0,0.0,0.0
-1316.0,-440.0,0.0,0.0,0.0,0.0,0.0,0.0,0.0,0.0,0.0,0.0
-1314.0,-440.0,0.0,0.0,0.0,0.0,0.0,0.0,0.0,0.0,0.0,0.0
-1312.0,-440.0,0.0,0.0,0.0,0.0,0.0,0.0,0.0,0.0,0.0,0.0
-1310.0,-440.0,-159.955,1.07507e-06,87.6339,-54.5412,92.3661,-35.9954,-1376.1,-617.359,-1254.88,-517.398
-1308.0,-440.0,-162.048,1.07125e-06,87.5953,-54.9199,92.4047,-35.9954,-1376.1,-617.359,-1254.9,-515.615
-1306.0,-440.0,-162.924,1.45148e-06,88.2032,-23.0332,91.7968,35.7331,-1385.93,-589.879,-1164.23,-500.276
-1304.0,-440.0,-160.171,1.67299e-06,85.4701,-31.1472,89.6059,-22.4721,-1359.7,-616.668,-1204.0,-500.434
-1302.0,-440.0,-160.375,1.66735e-06,85.3755,-31.2686,89.6063,-22.5892,-1359.92,-616.677,-1202.51,-500.417
-1300.0,-440.0,-160.424,1.6617e-06,85.2852,-31.3909,89.6068,-22.7071,-1360.13,-616.686,-1201.01,-500.4
-1298.0,-440.0,-160.33,1.65605e-06,85.2114,-31.5137,89.6072,-22.8262,-1360.34,-616.695,-1199.52,-500.384
-1296.0,-440.0,-163.74,1.04905e-06,87.3943,-57.2671,92.6057,-35.9954,-1376.1,-617.359,-1255.03,-503.743
-1294.0,-440.0,-165.152,9.45723e-07,87.0923,-102.118,92.9077,54.9672,-1393.06,-590.097,-1322.73,-573.815
-1292.0,-440.0,-164.612,9.47176e-07,87.0797,-102.822,92.9203,54.9672,-1393.06,-590.097,-1322.45,-573.808
-1290.0,-440.0,-162.683,9.84758e-07,87.1749,-139.309,92.8251,-43.3117,-1381.35,-617.58,-1310.14,-457.322
-1288.0,-440.0,-166.239,1.11828e-06,87.498,-73.9849,92.502,-2.76158,-1239.86,-607.725,-1239.86,-607.725
-1286.0,-440.0,-166.197,1.11649e-06,87.4795,-74.6181,92.5205,-2.76158,-1239.86,-607.725,-1239.86,-607.725
-1284.0,-440.0,-127.5,1.28708e-06,87.8012,49.4735,92.1988,-43.3117,-1381.35,-617.58,-1246.34,-395.947
-1282.0,-440.0,-124.646,1.28277e-06,87.7812,49.7428,92.2188,-43.396,-1381.4,-617.583,-1244.62,-395.859
-1280.0,-440.0,-127.949,1.27848e-06,87.7611,50.0171,92.2389,-43.396,-1381.4,-617.583,-1242.91,-395.771
-1278.0,-440.0,-132.326,1.27422e-06,87.7409,50.2935,92.2591,-43.396,-1381.4,-617.583,-1241.2,-395.683
-1276.0,-440.0,-136.32,1.26999e-06,87.7207,50.5722,92.2793,-43.396,-1381.4,-617.583,-1239.49,-395.595
-1274.0,-440.0,-140.09,1.26578e-06,87.7003,50.8532,92.2997,-43.396,-1381.4,-617.583,-1237.78,-395.508
-1272.0,-440.0,-143.966,1.26159e-06,87.6799,51.1364,92.3201,-43.396,-1381.4,-617.583,-1236.08,-395.42
-1270.0,-440.0,-147.859,1.25743e-06,87.6593,51.4218,92.3407,-43.396,-1381.4,-617.583,-1234.37,-395.332
-1268.0,-440.0,-150.909,1.2533e-06,87.6387,51.7096,92.3613,-43.396,-1381.4,-617.583,-1232.67,-395.245
-1266.0,-440.0,-152.409,1.24919e-06,87.618,51.9997,92.382,-43.396,-1381.4,-617.583,-1230.96,-395.158
-1264.0,-440.0,-153.455,1.2451e-06,87.6066,52.292,92.3934,-43.396,-1381.4,-617.583,-1229.26,-395.07
-1262.0,-440.0,-151.042,8.56374e-07,83.8813,-122.046,81.5281,56.4243,-1393.43,-590.109,-1372.94,-617.226
-1260.0,-440.0,-151.018,8.59913e-07,83.906,-122.425,81.5666,56.0444,-1393.34,-590.106,-1372.57,-617.21
-1258.0,-440.0,-151.089,8.6349e-07,83.9308,-122.801,81.6051,55.6677,-1393.24,-590.103,-1372.2,-617.195
-1256.0,-440.0,-151.26,8.67103e-07,83.9557,-123.174,81.6436,55.2943,-1393.14,-590.1,-1371.83,-617.179
-1254.0,-440.0,-146.158,8.17876e-07,86.355,-123.407,93.645,-43.3117,-1381.35,-617.58,-1342.6,-574.333
-1252.0,-440.0,-145.618,8.21541e-07,86.4048,-123.998,93.5952,-43.3117,-1381.35,-617.58,-1342.6,-574.333
-1250.0,-440.0,-145.049,8.25241e-07,86.4797,-124.58,93.5203,-43.3117,-1381.35,-617.58,-1342.6,-574.333
-1248.0,-440.0,-144.443,8.28998e-07,86.5542,-125.154,93.4458,-43.3117,-1381.35,-617.58,-1342.6,-574.333
-1246.0,-440.0,-139.306,8.81776e-07,86.8156,-126.203,93.1844,54.9672,-1393.06,-590.097,-1328.45,-552.64
-1244.0,-440.0,-141.343,8.85696e-07,86.8845,-126.86,93.1155,54.9672,-1393.06,-590.097,-1328.45,-552.64
-1242.0,-440.0,-141.462,8.40346e-07,86.7739,-127.387,93.2261,-43.396,-1381.4,-617.583,-1355.83,-588.959
-1240.0,-440.0,-140.424,8.4438e-07,86.8312,-127.869,93.1688,-43.396,-1381.4,-617.583,-1355.83,-588.959
-1238.0,-440.0,-131.659,1.72867e-06,88.2645,-137.686,91.4666,-15.4813,-1342.45,-615.941,-1339.47,-532.377
-1236.0,-440.0,-130.734,1.7336e-06,88.3236,-137.836,91.4685,-15.333,-1341.94,-615.919,-1339.16,-533.427
-1234.0,-440.0,-129.637,1.73855e-06,88.3811,-137.984,91.4703,-15.1856,-1341.43,-615.898,-1338.86,-534.469
-1232.0,-440.0,-128.615,1.7435e-06,88.437,-138.131,91.4721,-15.0389,-1340.91,-615.876,-1338.56,-535.502
-1230.0,-440.0,-127.609,1.74847e-06,88.4913,-138.278,91.4739,-14.8931,-1340.39,-615.854,-1338.26,-536.527
-1228.0,-440.0,-129.779,8.69575e-07,87.0614,-130.635,92.9386,-43.396,-1381.4,-617.583,-1355.83,-588.959
-1226.0,-440.0,-126.078,8.73892e-07,87.1314,-131.075,92.8686,-43.396,-1381.4,-617.583,-1355.83,-588.959
-1224.0,-440.0,-120.989,8.78248e-07,87.2009,-131.51,92.7991,-43.396,-1381.4,-617.583,-1355.83,-588.959
-1222.0,-440.0,-118.076,8.82643e-07,87.2697,-131.917,92.7303,-43.3117,-1381.35,-617.58,-1342.6,-574.333
-1220.0,-440.0,-124.811,8.87077e-07,87.338,-132.385,92.662,-43.3117,-1381.35,-617.58,-1342.6,-574.333
-1218.0,-440.0,-129.527,8.91552e-07,87.4058,-132.847,92.5942,-43.3117,-1381.35,-617.58,-1342.6,-574.333
-1216.0,-440.0,-132.792,8.96067e-07,87.4729,-133.303,92.5271,-43.3117,-1381.35,-617.58,-1342.6,-574.333
-1214.0,-440.0,-135.22,9.00622e-07,87.5395,-133.751,92.4605,-43.3117,-1381.35,-617.58,-1342.6,-574.333
-1212.0,-440.0,-137.138,9.05216e-07,87.6056,-134.193,92.3944,-43.3117,-1381.35,-617.58,-1342.6,-574.333
-1210.0,-440.0,0.0,0.0,0.0,0.0,0.0,0.0,0.0,0.0,0.0,0.0
-1208.0,-440.0,0.0,0.0,0.0,0.0,0.0,0.0,0.0,0.0,0.0,0.0
-1206.0,-440.0,0.0,0.0,0.0,0.0,0.0,0.0,0.0,0.0,0.0,0.0
-1204.0,-440.0,0.0,0.0,0.0,0.0,0.0,0.0,0.0,0.0,0.0,0.0
-1202.0,-440.0,0.0,0.0,0.0,0.0,0.0,0.0,0.0,0.0,0.0,0.0
-1600.0,-438.0,-160.763,1.21944e-06,88.4474,37.3648,91.5526,130.461,-1425.59,-569.992,-1537.3,-390.12
-1598.0,-438.0,-159.995,1.21416e-06,88.4356,37.9395,91.5644,130.461,-1425.59,-569.992,-1536.57,-390.108
-1596.0,-438.0,-159.319,1.20891e-06,88.4421,38.5293,91.5579,130.461,-1425.59,-569.992,-1535.84,-390.095
-1594.0,-438.0,-158.702,1.2037e-06,88.4488,39.1347,91.5512,130.461,-1425.59,-569.992,-1535.11,-390.082
-1592.0,-438.0,-158.141,1.19855e-06,88.4556,39.7563,91.5444,130.461,-1425.59,-569.992,-1534.38,-390.069
-1590.0,-438.0,-157.675,1.19343e-06,88.4625,40.3946,91.5375,130.461,-1425.59,-569.992,-1533.66,-390.056
-1588.0,-438.0,-157.431,1.18837e-06,88.4695,41.05,91.5305,130.461,-1425.59,-569.992,-1532.93,-390.043
-1586.0,-438.0,-157.776,1.18336e-06,88.4767,41.7231,91.5233,130.461,-1425.59,-569.992,-1532.2,-390.03
-1584.0,-438.0,-159.656,1.1784e-06,88.484,42.4144,91.516,130.461,-1425.59,-569.992,-1531.48,-390.018
-1582.0,-438.0,-161.291,1.17349e-06,88.4914,43.1245,91.5086,130.461,-1425.59,-569.992,-1530.76,-390.005
-1580.0,-438.0,-156.645,1.16865e-06,88.499,43.8538,91.501,130.461,-1425.59,-569.992,-1530.03,-389.992
-1578.0,-438.0,-161.541,9.40514e-07,88.152,-16.4504,91.848,99.908,-1420.16,-484.607,-1420.16,-484.607
-1576.0,-438.0,-161.547,9.34111e-07,88.1566,-16.6499,91.8434,99.908,-1420.16,-484.607,-1420.16,-484.607
-1574.0,-438.0,-139.446,1.19734e-06,88.5692,-46.5555,91.4308,129.985,-1425.61,-569.467,-1532.23,-482.107
-1572.0,-438.0,-142.989,1.19276e-06,88.5637,-46.862,91.4363,129.985,-1425.61,-569.467,-1530.74,-482.028
-1570.0,-438.0,-143.946,1.18822e-06,88.5582,-47.1716,91.4418,129.985,-1425.61,-569.467,-1529.26,-481.949
-1568.0,-438.0,-143.973,1.18369e-06,88.5527,-47.4844,91.4473,129.985,-1425.61,-569.467,-1527.78,-481.871
-1566.0,-438.0,-144.009,1.1792e-06,88.5472,-47.8003,91.4528,129.985,-1425.61,-569.467,-1526.29,-481.792
-1564.0,-438.0,-144.237,1.17473e-06,88.5417,-48.1193,91.4583,129.985,-1425.61,-569.467,-1524.81,-481.713
-1562.0,-438.0,-144.626,1.17029e-06,88.5361,-48.4417,91.4639,129.985,-1425.61,-569.467,-1523.32,-481.633
-1560.0,-438.0,-157.661,1.16702e-06,88.5398,-51.9176,91.4602,130.064,-1425.6,-569.555,-1525.71,-481.761
-1558.0,-438.0,-159.38,1.16293e-06,88.5485,-52.6654,91.4515,130.064,-1425.6,-569.555,-1524.66,-481.705
-1556.0,-438.0,-159.622,8.78723e-07,88.0973,29.4883,91.9027,96.8954,-1412.1,-499.96,-1544.18,-431.314
-1554.0,-438.0,-159.469,8.72918e-07,88.1031,29.8394,91.8969,96.8954,-1412.1,-499.96,-1542.29,-431.281
-1552.0,-438.0,-159.356,8.67133e-07,88.1091,30.198,91.8909,96.8954,-1412.1,-499.96,-1540.4,-431.248
-1550.0,-438.0,-159.288,8.61376e-07,88.1036,30.5646,91.8964,96.8954,-1412.1,-499.96,-1538.51,-431.214
-1548.0,-438.0,-157.536,1.04137e-06,88.4315,-56.2172,91.5685,111.97,-1429.78,-526.194,-1518.96,-481.402
-1546.0,-438.0,-158.88,8.29037e-07,88.0296,-24.8311,91.9704,96.8954,-1412.1,-499.96,-1412.1,-499.96
-1544.0,-438.0,-158.615,8.22992e-07,88.0151,-25.1613,91.9849,96.8954,-1412.1,-499.96,-1412.1,-499.96
-1542.0,-438.0,-158.375,8.16964e-07,88.0005,-25.4998,91.9995,96.8954,-1412.1,-499.96,-1412.1,-499.96
-1540.0,-438.0,-158.158,8.10953e-07,87.9856,-25.8469,92.0144,96.8954,-1412.1,-499.96,-1412.1,-499.96
-1538.0,-438.0,-157.961,8.0496e-07,87.9706,-26.2029,92.0294,96.8954,-1412.1,-499.96,-1412.1,-499.96
-1536.0,-438.0,-157.782,7.98985e-07,87.9554,-26.5682,92.0446,96.8954,-1412.1,-499.96,-1412.1,-499.96
-1534.0,-438.0,-157.021,8.89566e-07,88.1637,38.0573,91.8363,117.862,-1429.33,-544.506,-1525.03,-430.976
-1532.0,-438.0,-156.803,8.84326e-07,88.1528,38.4068,91.8472,117.862,-1429.33,-544.506,-1523.1,-430.942
-1530.0,-438.0,-156.709,8.79112e-07,88.1419,38.7618,91.8581,117.862,-1429.33,-544.506,-1521.17,-430.907
-1528.0,-438.0,-156.753,8.73925e-07,88.1308,39.1223,91.8692,117.862,-1429.33,-544.506,-1519.24,-430.873
-1526.0,-438.0,-156.969,8.68763e-07,88.1197,39.4885,91.8803,117.862,-1429.33,-544.506,-1517.31,-430.839
-1524.0,-438.0,-157.138,7.63572e-07,87.8606,-28.9731,92.1394,96.8954,-1412.1,-499.96,-1412.1,-499.96
-1522.0,-438.0,-157.154,7.57733e-07,87.8785,-29.413,92.1215,96.8954,-1412.1,-499.96,-1412.1,-499.96
-1520.0,-438.0,-154.055,8.34474e-07,88.1123,43.6886,91.8877,129.985,-1425.61,-569.467,-1512.41,-430.753
-1518.0,-438.0,-133.824,1.00044e-06,88.4578,-61.957,91.5422,69.5502,-1396.34,-590.198,-1495.54,-480.157
-1516.0,-438.0,-133.334,9.97309e-07,88.4854,-62.3078,91.5146,69.5502,-1396.34,-590.198,-1493.92,-480.071
-1514.0,-438.0,-121.078,8.19083e-07,88.1951,47.2983,91.8049,133.936,-1425.51,-573.523,-1507.23,-430.661
-1512.0,-438.0,-124.647,8.14572e-07,88.1903,47.6434,91.8097,133.59,-1425.52,-573.194,-1505.28,-430.626
-1510.0,-438.0,-127.097,8.10093e-07,88.1803,47.9924,91.8197,133.241,-1425.53,-572.856,-1503.33,-430.592
-1508.0,-438.0,-125.628,9.75823e-07,88.4894,-65.1498,91.5106,111.817,-1470.04,-425.035,-1488.65,-479.791
-1506.0,-438.0,-122.869,8.01227e-07,88.1602,48.702,91.8398,132.532,-1425.54,-572.156,-1499.43,-430.523
-1504.0,-438.0,-121.364,9.70291e-07,88.4808,-65.8652,91.5192,111.102,-1467.55,-424.969,-1485.35,-479.616
-1502.0,-438.0,-119.681,9.67583e-07,88.4766,-66.2259,91.5234,110.741,-1466.3,-424.935,-1483.71,-479.528
-1500.0,-438.0,-118.366,9.64913e-07,88.4723,-66.5887,91.5277,110.378,-1465.04,-424.902,-1482.06,-479.44
-1498.0,-438.0,-117.35,9.62282e-07,88.4682,-66.9535,91.5318,110.014,-1463.79,-424.869,-1480.41,-479.353
-1496.0,-438.0,-116.565,9.5969e-07,88.464,-67.3202,91.536,109.647,-1462.53,-424.835,-1478.76,-479.265
-1494.0,-438.0,-115.959,9.57137e-07,88.4599,-67.689,91.5401,109.278,-1461.28,-424.802,-1477.1,-479.177
-1492.0,-438.0,-115.49,9.54625e-07,88.4559,-68.0596,91.5441,108.907,-1460.02,-424.768,-1475.45,-479.089
-1490.0,-438.0,-115.128,9.52153e-07,88.4515,-68.4323,91.5485,108.535,-1458.76,-424.735,-1473.79,-479.001
-1488.0,-438.0,-113.619,7.2383e-07,87.9405,-47.5178,92.0595,131.69,-1425.56,-571.298,-1397.58,-536.738
-1486.0,-438.0,-112.21,7.19353e-07,87.9052,-47.9101,92.0948,131.297,-1425.57,-570.888,-1397.61,-535.862
-1484.0,-438.0,-111.304,7.14911e-07,87.8696,-48.3073,92.1304,130.9,-1425.58,-570.467,-1397.63,-534.96
-1482.0,-438.0,-110.711,7.10503e-07,87.8336,-48.7094,92.1664,130.498,-1425.59,-570.032,-1397.66,-534.031
-1480.0,-438.0,-110.32,7.0613e-07,87.7993,-49.1166,92.2007,130.091,-1425.6,-569.585,-1397.69,-533.075
-1478.0,-438.0,-114.335,9.38217e-07,88.3439,-70.7079,91.6561,106.259,-1451.17,-424.533,-1463.83,-478.472
-1476.0,-438.0,-114.362,9.36035e-07,88.34,-71.0936,91.66,105.874,-1449.91,-424.499,-1462.17,-478.383
-1474.0,-438.0,-112.174,6.74606e-07,87.6964,71.3549,92.3036,111.697,-1469.62,-425.024,-1469.62,-425.024
-1472.0,-438.0,-111.208,6.72504e-07,87.6892,71.8941,92.3108,111.158,-1467.74,-424.974,-1467.74,-424.974
-1470.0,-438.0,-110.547,6.70462e-07,87.6822,72.4366,92.3178,110.616,-1465.86,-424.924,-1465.86,-424.924
-1468.0,-438.0,-110.089,6.6848e-07,87.6753,72.9824,92.3247,110.07,-1463.98,-424.874,-1463.98,-424.874
-1466.0,-438.0,-109.77,6.66559e-07,87.6686,73.5314,92.3314,109.521,-1462.1,-424.824,-1462.1,-424.824
-1464.0,-438.0,-106.247,5.81835e-07,87.3289,-68.4429,92.6711,111.557,-1464.0,-438.0,-1400.0,-600.0
-1462.0,-438.0,-106.211,5.79419e-07,87.3177,-69.0573,92.6823,110.943,-1462.0,-438.0,-1400.0,-600.0
-1460.0,-438.0,-106.175,5.7707e-07,87.3068,-69.6769,92.6932,110.323,-1460.0,-438.0,-1400.0,-600.0
-1458.0,-438.0,-106.141,5.74789e-07,87.2961,-70.3014,92.7039,109.699,-1458.0,-438.0,-1400.0,-600.0
-1456.0,-438.0,-106.107,5.72576e-07,87.2856,-70.9308,92.7144,109.069,-1456.0,-438.0,-1400.0,-600.0
-1454.0,-438.0,-106.075,5.70433e-07,87.2754,-71.5651,92.7246,108.435,-1454.0,-438.0,-1400.0,-600.0
-1452.0,-438.0,-106.043,5.6836e-07,87.2655,-72.204,92.7345,107.796,-1452.0,-438.0,-1400.0,-600.0
-1450.0,-438.0,-106.012,5.66359e-07,87.2558,-72.8476,92.7442,107.152,-1450.0,-438.0,-1400.0,-600.0
-1448.0,-438.0,-105.983,5.64429e-07,87.2464,-73.4956,92.7536,106.504,-1448.0,-438.0,-1400.0,-600.0
-1446.0,-438.0,-105.954,5.62572e-07,87.2373,-74.1481,92.7627,105.852,-1446.0,-438.0,-1400.0,-600.0
-1444.0,-438.0,-105.926,5.60788e-07,87.2285,-74.8048,92.7715,105.195,-1444.0,-438.0,-1400.0,-600.0
-1442.0,-438.0,-105.9,5.59082e-07,87.2105,-75.4655,92.7895,104.534,-1442.0,-438.0,-1400.0,-600.0
-1440.0,-438.0,-105.874,5.57461e-07,87.1733,-76.1303,92.8267,103.87,-1440.0,-438.0,-1400.0,-600.0
-1438.0,-438.0,-105.85,5.55915e-07,87.1364,-76.7989,92.8636,103.201,-1438.0,-438.0,-1400.0,-600.0
-1436.0,-438.0,-105.827,5.54445e-07,87.0997,-77.4712,92.9003,102.529,-1436.0,-438.0,-1400.0,-600.0
-1434.0,-438.0,-105.805,5.53052e-07,87.0631,-78.147,92.9369,101.853,-1434.0,-438.0,-1400.0,-600.0
-1432.0,-438.0,-105.785,5.51742e-07,87.0151,-78.8262,92.9849,101.174,-1432.0,-438.0,-1400.0,-600.0
-1430.0,-438.0,-105.765,5.50519e-07,86.9498,-79.5085,93.0502,100.491,-1430.0,-438.0,-1400.0,-600.0
-1428.0,-438.0,-116.307,5.49377e-07,86.8846,-80.4466,93.1154,99.908,-1420.16,-484.607,-1420.16,-484.607
-1426.0,-438.0,-132.836,5.4844e-07,86.8203,-82.8531,93.1797,99.908,-1420.16,-484.607,-1420.16,-484.607
-1424.0,-438.0,-119.922,7.43927e-07,87.613,-129.537,92.387,134.828,-1425.49,-574.355,-1460.18,-481.831
-1422.0,-438.0,-116.939,7.48213e-07,87.5835,-129.932,92.4165,135.223,-1425.48,-574.714,-1460.09,-483.505
-1420.0,-438.0,-115.065,7.52534e-07,87.5544,-130.322,92.4456,135.613,-1425.47,-575.064,-1460.0,-485.135
-1418.0,-438.0,-152.239,6.5807e-07,87.1659,98.4341,92.8341,111.97,-1429.78,-526.194,-1420.12,-423.705
-1416.0,-438.0,-152.714,7.65667e-07,83.1939,-131.067,83.7511,136.421,-1425.46,-575.775,-1459.84,-488.307
-1414.0,-438.0,-152.073,7.7007e-07,83.2416,-131.448,83.7119,136.791,-1425.45,-576.093,-1459.76,-489.812
-1412.0,-438.0,-151.844,7.74183e-07,85.0223,-131.973,78.7192,136.377,-1425.46,-575.736,-1459.69,-491.018
-1410.0,-438.0,-162.151,6.61832e-07,87.0843,-129.709,92.9157,111.97,-1429.78,-526.194,-1459.35,-497.425
-1408.0,-438.0,-167.286,2.06342e-06,89.0617,-23.7293,90.9383,-14.6085,-1339.34,-615.81,-1255.01,-505.251
-1406.0,-438.0,-157.744,7.34524e-07,87.3633,-140.327,92.6367,89.6826,-1399.57,-523.105,-1460.12,-482.892
-1404.0,-438.0,-158.301,7.39674e-07,87.3817,-140.833,92.6183,89.6826,-1399.57,-523.105,-1460.08,-483.686
-1402.0,-438.0,-159.123,7.44861e-07,87.3999,-141.328,92.6001,89.6826,-1399.57,-523.105,-1460.04,-484.453
-1400.0,-438.0,-160.133,7.50083e-07,87.418,-141.813,92.582,89.6826,-1399.57,-523.105,-1460.0,-485.194
-1398.0,-438.0,-161.025,7.55341e-07,87.436,-142.288,92.564,89.6826,-1399.57,-523.105,-1459.96,-485.912
-1396.0,-438.0,-161.482,7.60631e-07,87.4539,-142.752,92.5461,89.6826,-1399.57,-523.105,-1459.93,-486.606
-1394.0,-438.0,-166.365,2.02089e-06,89.0368,-25.0958,90.9632,-14.6085,-1339.34,-615.81,-1255.03,-503.085
-1392.0,-438.0,-168.134,1.24189e-06,88.4195,-27.8316,91.5805,-43.3117,-1381.35,-617.58,-1254.95,-510.353
-1390.0,-438.0,-173.202,2.01862e-06,89.0198,-28.351,90.9802,-13.9496,-1336.7,-615.724,-1254.95,-510.873
-1388.0,-438.0,-165.516,1.21629e-06,88.3597,-30.7702,91.6403,-35.9954,-1376.1,-617.359,-1254.88,-517.263
-1386.0,-438.0,-167.287,1.21057e-06,88.3386,-30.9735,91.6614,-35.9954,-1376.1,-617.359,-1254.88,-516.7
-1384.0,-438.0,-161.734,8.18973e-07,87.51,142.991,92.49,89.6826,-1399.57,-523.105,-1392.65,-431.479
-1382.0,-438.0,-159.534,2.07668e-06,86.8829,-43.0706,88.3506,16.4997,-1363.52,-589.194,-1333.67,-483.183
-1380.0,-438.0,-159.448,2.07185e-06,86.8401,-43.1971,88.3516,16.374,-1363.19,-589.184,-1331.92,-483.147
-1378.0,-438.0,-159.397,2.06703e-06,86.797,-43.3242,88.3526,16.2477,-1362.85,-589.173,-1330.17,-483.111
-1376.0,-438.0,-167.586,1.60675e-06,88.6508,-65.3186,91.3492,-14.6085,-1339.34,-615.81,-1329.2,-539.827
-1374.0,-438.0,-175.067,1.18818e-06,88.1481,172.307,91.8519,132.426,-1425.55,-572.049,-1469.99,-425.034
-1372.0,-438.0,-169.003,2.78912e-06,88.614,34.9762,84.457,33.4941,-1384.65,-589.84,-1196.0,-314.872
-1370.0,-438.0,-168.874,2.78367e-06,88.6037,35.0549,84.4451,33.5726,-1384.69,-589.842,-1194.4,-314.79
-1368.0,-438.0,-168.714,2.77821e-06,88.5946,35.134,84.4332,33.6514,-1384.74,-589.843,-1192.79,-314.708
-1366.0,-438.0,-168.552,2.77277e-06,88.5855,35.2134,84.4213,33.7305,-1384.79,-589.845,-1191.19,-314.626
-1364.0,-438.0,-175.738,1.22131e-06,88.1163,172.87,91.8837,132.426,-1425.55,-572.049,-1468.07,-424.983
-1362.0,-438.0,-175.876,1.22794e-06,88.1133,172.973,91.8867,132.426,-1425.55,-572.049,-1467.69,-424.972
-1360.0,-438.0,-176.019,1.23456e-06,88.1217,173.073,91.8783,132.426,-1425.55,-572.049,-1467.31,-424.962
-1358.0,-438.0,-167.911,1.58599e-06,88.538,-74.2099,91.462,-14.6085,-1339.34,-615.81,-1329.2,-539.827
-1356.0,-438.0,-167.926,1.58423e-06,88.5364,-75.2572,91.4636,-14.6085,-1339.34,-615.81,-1329.2,-539.827
-1354.0,-438.0,-167.997,1.58259e-06,88.5349,-76.3147,91.4651,-14.6085,-1339.34,-615.81,-1329.2,-539.827
-1352.0,-438.0,-168.12,1.58108e-06,88.5335,-77.3818,91.4665,-14.6085,-1339.34,-615.81,-1329.2,-539.827
-1350.0,-438.0,-168.298,1.57968e-06,88.5322,-78.4578,91.4678,-14.6085,-1339.34,-615.81,-1329.2,-539.827
-1348.0,-438.0,-168.534,1.57841e-06,88.531,-79.5421,91.469,-14.6085,-1339.34,-615.81,-1329.2,-539.827
-1346.0,-438.0,-168.825,1.57726e-06,88.5202,-80.6341,91.4798,-14.6085,-1339.34,-615.81,-1329.2,-539.827
-1344.0,-438.0,-177.125,1.28759e-06,88.1746,173.782,91.8254,132.426,-1425.55,-572.049,-1464.37,-424.884
-1342.0,-438.0,0.0,0.0,0.0,0.0,0.0,0.0,0.0,0.0,0.0,0.0
-1340.0,-438.0,0.0,0.0,0.0,0.0,0.0,0.0,0.0,0.0,0.0,0.0
-1338.0,-438.0,0.0,0.0,0.0,0.0,0.0,0.0,0.0,0.0,0.0,0.0
-1336.0,-438.0,0.0,0.0,0.0,0.0,0.0,0.0,0.0,0.0,0.0,0.0
-1334.0,-438.0,0.0,0.0,0.0,0.0,0.0,0.0,0.0,0.0,0.0,0.0
-1332.0,-438.0,0.0,0.0,0.0,0.0,0.0,0.0,0.0,0.0,0.0,0.0
-1330.0,-438.0,0.0,0.0,0.0,0.0,0.0,0.0,0.0,0.0,0.0,0.0
-1328.0,-438.0,0.0,0.0,0.0,0.0,0.0,0.0,0.0,0.0,0.0,0.0
-1326.0,-438.0,0.0,0.0,0.0,0.0,0.0,0.0,0.0,0.0,0.0,0.0
-1324.0,-438.0,0.0,0.0,0.0,0.0,0.0,0.0,0.0,0.0,0.0,0.0
-1322.0,-438.0,0.0,0.0,0.0,0.0,0.0,0.0,0.0,0.0,0.0,0.0
-1320.0,-438.0,0.0,0.0,0.0,0.0,0.0,0.0,0.0,0.0,0.0,0.0
-1318.0,-438.0,0.0,0.0,0.0,0.0,0.0,0.0,0.0,0.0,0.0,0.0
-1316.0,-438.0,0.0,0.0,0.0,0.0,0.0,0.0,0.0,0.0,0.0,0.0
-1314.0,-438.0,0.0,0.0,0.0,0.0,0.0,0.0,0.0,0.0,0.0,0.0
-1312.0,-438.0,0.0,0.0,0.0,0.0,0.0,0.0,0.0,0.0,0.0,0.0
-1310.0,-438.0,-161.457,1.08054e-06,87.6116,-54.8079,92.3884,-35.9954,-1376.1,-617.359,-1254.89,-516.146
-1308.0,-438.0,-163.553,1.07674e-06,87.5731,-55.1853,92.4269,-35.9954,-1376.1,-617.359,-1254.91,-514.345
-1306.0,-438.0,-160.253,1.68213e-06,85.5194,-31.2232,89.6062,-22.5499,-1359.84,-616.674,-1203.02,-500.423
-1304.0,-438.0,-160.358,1.67649e-06,85.4265,-31.3442,89.6066,-22.6666,-1360.05,-616.683,-1201.54,-500.406
-1302.0,-438.0,-160.338,1.67086e-06,85.3317,-31.4662,89.607,-22.7841,-1360.26,-616.691,-1200.05,-500.39
-1300.0,-438.0,-162.03,1.0619e-06,87.4214,-56.7301,92.5786,-35.9954,-1376.1,-617.359,-1254.99,-506.592
-1298.0,-438.0,-163.161,1.05828e-06,87.3973,-57.1251,92.6027,-35.9954,-1376.1,-617.359,-1255.02,-504.505
-1296.0,-438.0,-165.999,9.50917e-07,87.0862,-101.269,92.9138,54.9672,-1393.06,-590.097,-1323.06,-573.824
-1294.0,-438.0,-166.564,1.13046e-06,87.535,-72.3074,92.465,-2.76158,-1239.86,-607.725,-1239.86,-607.725
-1292.0,-438.0,-166.448,1.12848e-06,87.5163,-72.9223,92.4837,-2.76158,-1239.86,-607.725,-1239.86,-607.725
-1290.0,-438.0,-166.363,1.12657e-06,87.4978,-73.5412,92.5022,-2.76158,-1239.86,-607.725,-1239.86,-607.725
-1288.0,-438.0,-166.304,1.12472e-06,87.4793,-74.1641,92.5207,-2.76158,-1239.86,-607.725,-1239.86,-607.725
-1286.0,-438.0,-166.268,1.12295e-06,87.4609,-74.7909,92.5391,-2.76158,-1239.86,-607.725,-1239.86,-607.725
-1284.0,-438.0,-156.942,9.33627e-07,85.1439,-113.451,71.9028,-58.9709,-1389.22,-617.912,-1361.54,-616.745
-1282.0,-438.0,-126.79,1.27771e-06,87.7433,49.5158,92.2567,-43.3117,-1381.35,-617.58,-1246.09,-395.934
-1280.0,-438.0,-124.016,1.27341e-06,87.723,49.7851,92.277,-43.396,-1381.4,-617.583,-1244.36,-395.845
-1278.0,-438.0,-128.698,1.26913e-06,87.7026,50.0619,92.2974,-43.396,-1381.4,-617.583,-1242.63,-395.757
-1276.0,-438.0,-132.937,1.26487e-06,87.6821,50.341,92.3179,-43.396,-1381.4,-617.583,-1240.91,-395.668
-1274.0,-438.0,-136.946,1.26064e-06,87.6615,50.6224,92.3385,-43.396,-1381.4,-617.583,-1239.18,-395.58
-1272.0,-438.0,-140.745,1.25643e-06,87.6408,50.9061,92.3592,-43.396,-1381.4,-617.583,-1237.46,-395.491
-1270.0,-438.0,-144.682,1.25225e-06,87.62,51.1921,92.38,-43.396,-1381.4,-617.583,-1235.74,-395.403
-1268.0,-438.0,-148.53,1.2481e-06,87.5991,51.4803,92.4009,-43.396,-1381.4,-617.583,-1234.02,-395.315
-1266.0,-438.0,-151.263,1.24397e-06,87.5846,51.771,92.4154,-43.396,-1381.4,-617.583,-1232.31,-395.226
-1264.0,-438.0,-152.548,1.23985e-06,87.5765,52.0639,92.4235,-43.396,-1381.4,-617.583,-1230.59,-395.138
-1262.0,-438.0,-151.177,8.62051e-07,83.8991,-121.809,81.5044,56.6596,-1393.49,-590.111,-1373.17,-617.235
-1260.0,-438.0,-151.093,8.65568e-07,83.9235,-122.186,81.5425,56.2812,-1393.4,-590.108,-1372.8,-617.22
-1258.0,-438.0,-151.104,8.69121e-07,83.9479,-122.561,81.5807,55.9059,-1393.3,-590.105,-1372.43,-617.204
-1256.0,-438.0,-151.209,8.72711e-07,83.9724,-122.932,81.6189,55.5338,-1393.21,-590.102,-1372.07,-617.189
-1254.0,-438.0,-151.417,8.76336e-07,83.9969,-123.3,81.6571,55.1648,-1393.11,-590.099,-1371.7,-617.173
-1252.0,-438.0,-146.086,8.27103e-07,86.399,-123.606,93.601,-43.3117,-1381.35,-617.58,-1342.6,-574.333
-1250.0,-438.0,-145.545,8.30765e-07,86.4733,-124.185,93.5267,-43.3117,-1381.35,-617.58,-1342.6,-574.333
-1248.0,-438.0,-144.974,8.34484e-07,86.5471,-124.757,93.4529,-43.3117,-1381.35,-617.58,-1342.6,-574.333
-1246.0,-438.0,-137.579,8.87193e-07,86.8072,-125.723,93.1928,54.9672,-1393.06,-590.097,-1328.45,-552.64
-1244.0,-438.0,-140.007,8.91068e-07,86.8755,-126.377,93.1245,54.9672,-1393.06,-590.097,-1328.45,-552.64
-1242.0,-438.0,-141.895,8.95005e-07,86.9434,-127.019,93.0566,54.9672,-1393.06,-590.097,-1328.45,-552.64
-1240.0,-438.0,-141.331,8.49664e-07,86.8372,-127.499,93.1628,-43.396,-1381.4,-617.583,-1355.83,-588.959
-1238.0,-438.0,-140.283,8.53716e-07,86.8848,-127.974,93.1152,-43.396,-1381.4,-617.583,-1355.83,-588.959
-1236.0,-438.0,-130.503,1.73809e-06,88.3334,-137.673,91.4665,-15.4962,-1342.5,-615.943,-1339.5,-532.271
-1234.0,-438.0,-129.391,1.74302e-06,88.3904,-137.821,91.4683,-15.3486,-1341.99,-615.922,-1339.2,-533.317
-1232.0,-438.0,-128.354,1.74796e-06,88.4458,-137.968,91.4701,-15.2019,-1341.49,-615.9,-1338.89,-534.354
-1230.0,-438.0,-127.334,1.75291e-06,88.4998,-138.115,91.4719,-15.056,-1340.97,-615.878,-1338.59,-535.382
-1228.0,-438.0,-120.86,1.75787e-06,88.5468,-138.261,91.4532,-14.9108,-1340.45,-615.857,-1338.29,-536.403
-1226.0,-438.0,-129.438,8.78931e-07,87.1479,-130.697,92.8521,-43.396,-1381.4,-617.583,-1355.83,-588.959
-1224.0,-438.0,-125.626,8.83254e-07,87.2167,-131.131,92.7833,-43.396,-1381.4,-617.583,-1355.83,-588.959
-1222.0,-438.0,-120.392,8.87617e-07,87.285,-131.559,92.715,-43.396,-1381.4,-617.583,-1355.83,-588.959
-1220.0,-438.0,-118.914,8.92017e-07,87.3528,-131.964,92.6472,-43.3117,-1381.35,-617.58,-1342.6,-574.333
-1218.0,-438.0,-125.399,8.96457e-07,87.42,-132.426,92.58,-43.3117,-1381.35,-617.58,-1342.6,-574.333
-1216.0,-438.0,-129.901,9.00936e-07,87.4866,-132.88,92.5134,-43.3117,-1381.35,-617.58,-1342.6,-574.333
-1214.0,-438.0,-133.056,9.05456e-07,87.5527,-133.328,92.4473,-43.3117,-1381.35,-617.58,-1342.6,-574.333
-1212.0,-438.0,-135.418,9.10014e-07,87.6182,-133.77,92.3818,-43.3117,-1381.35,-617.58,-1342.6,-574.333
-1210.0,-438.0,0.0,0.0,0.0,0.0,0.0,0.0,0.0,0.0,0.0,0.0
-1208.0,-438.0,0.0,0.0,0.0,0.0,0.0,0.0,0.0,0.0,0.0,0.0
-1206.0,-438.0,0.0,0.0,0.0,0.0,0.0,0.0,0.0,0.0,0.0,0.0
-1204.0,-438.0,0.0,0.0,0.0,0.0,0.0,0.0,0.0,0.0,0.0,0.0
-1202.0,-438.0,0.0,0.0,0.0,0.0,0.0,0.0,0.0,0.0,0.0,0.0
-1600.0,-436.0,-161.963,1.21542e-06,88.4442,36.6146,91.5558,130.461,-1425.59,-569.992,-1538.28,-390.138
-1598.0,-436.0,-160.881,1.21008e-06,88.4507,37.1851,91.5493,130.461,-1425.59,-569.992,-1537.53,-390.125
-1596.0,-436.0,-160.048,1.20478e-06,88.4573,37.771,91.5427,130.461,-1425.59,-569.992,-1536.78,-390.111
-1594.0,-436.0,-159.333,1.19952e-06,88.464,38.3727,91.536,130.461,-1425.59,-569.992,-1536.03,-390.098
-1592.0,-436.0,-158.686,1.1943e-06,88.4708,38.9908,91.5292,130.461,-1425.59,-569.992,-1535.28,-390.085
-1590.0,-436.0,-158.095,1.18913e-06,88.4777,39.6259,91.5223,130.461,-1425.59,-569.992,-1534.53,-390.072
-1588.0,-436.0,-157.592,1.18401e-06,88.4848,40.2784,91.5152,130.461,-1425.59,-569.992,-1533.79,-390.058
-1586.0,-436.0,-157.289,1.17894e-06,88.492,40.949,91.508,130.461,-1425.59,-569.992,-1533.04,-390.045
-1584.0,-436.0,-157.521,1.17392e-06,88.4993,41.6381,91.5007,130.461,-1425.59,-569.992,-1532.29,-390.032
-1582.0,-436.0,-159.222,1.16895e-06,88.5067,42.3464,91.4933,130.461,-1425.59,-569.992,-1531.55,-390.019
-1580.0,-436.0,-161.292,1.16404e-06,88.5143,43.0744,91.4857,130.461,-1425.59,-569.992,-1530.81,-390.006
-1578.0,-436.0,-156.672,1.15919e-06,88.522,43.8228,91.478,130.461,-1425.59,-569.992,-1530.06,-389.993
-1576.0,-436.0,-139.241,1.20677e-06,88.5906,-46.5395,91.4094,129.985,-1425.61,-569.467,-1532.3,-482.111
-1574.0,-436.0,-142.914,1.20219e-06,88.5853,-46.8428,91.4147,129.985,-1425.61,-569.467,-1530.84,-482.033
-1572.0,-436.0,-144.004,1.19764e-06,88.5799,-47.1491,91.4201,129.985,-1425.61,-569.467,-1529.37,-481.955
-1570.0,-436.0,-144.049,1.19311e-06,88.5745,-47.4585,91.4255,129.985,-1425.61,-569.467,-1527.9,-481.877
-1568.0,-436.0,-144.071,1.18862e-06,88.5691,-47.771,91.4309,129.985,-1425.61,-569.467,-1526.43,-481.799
-1566.0,-436.0,-144.28,1.18415e-06,88.5637,-48.0865,91.4363,129.985,-1425.61,-569.467,-1524.96,-481.721
-1564.0,-436.0,-144.651,1.1797e-06,88.5583,-48.4053,91.4417,129.985,-1425.61,-569.467,-1523.48,-481.642
-1562.0,-436.0,-145.133,1.17529e-06,88.5529,-48.7272,91.4471,129.985,-1425.61,-569.467,-1522.01,-481.564
-1560.0,-436.0,-159.064,1.17228e-06,88.5569,-52.4903,91.4431,130.064,-1425.6,-569.555,-1524.91,-481.718
-1558.0,-436.0,-160.13,8.81323e-07,88.0986,28.5316,91.9014,96.8954,-1412.1,-499.96,-1549.56,-431.409
-1556.0,-436.0,-159.834,8.75464e-07,88.1043,28.8706,91.8957,96.8954,-1412.1,-499.96,-1547.61,-431.375
-1554.0,-436.0,-159.595,8.69623e-07,88.1102,29.217,91.8898,96.8954,-1412.1,-499.96,-1545.67,-431.341
-1552.0,-436.0,-159.404,8.63806e-07,88.1089,29.5711,91.8911,96.8954,-1412.1,-499.96,-1543.73,-431.306
-1550.0,-436.0,-158.403,1.05063e-06,88.4453,-56.0831,91.5547,111.97,-1429.78,-526.194,-1519.45,-481.428
-1548.0,-436.0,-156.227,1.04692e-06,88.4398,-56.4894,91.5602,111.97,-1429.78,-526.194,-1517.97,-481.349
-1546.0,-436.0,-158.576,8.31874e-07,88.0363,-25.5319,91.9637,96.8954,-1412.1,-499.96,-1412.1,-499.96
-1544.0,-436.0,-158.367,8.25865e-07,88.022,-25.8688,91.978,96.8954,-1412.1,-499.96,-1412.1,-499.96
-1542.0,-436.0,-158.176,8.19872e-07,88.0076,-26.2141,91.9924,96.8954,-1412.1,-499.96,-1412.1,-499.96
-1540.0,-436.0,-158.003,8.13898e-07,87.9929,-26.5681,92.0071,96.8954,-1412.1,-499.96,-1412.1,-499.96
-1538.0,-436.0,-157.846,8.07942e-07,87.9781,-26.931,92.0219,96.8954,-1412.1,-499.96,-1412.1,-499.96
-1536.0,-436.0,-157.705,8.02006e-07,87.9632,-27.3033,92.0368,96.8954,-1412.1,-499.96,-1412.1,-499.96
-1534.0,-436.0,-157.582,7.9609e-07,87.948,-27.6851,92.052,96.8954,-1412.1,-499.96,-1412.1,-499.96
-1532.0,-436.0,-156.982,8.80203e-07,88.1442,37.9598,91.8558,117.862,-1429.33,-544.506,-1525.57,-430.985
-1530.0,-436.0,-156.726,8.74957e-07,88.133,38.3134,91.867,117.862,-1429.33,-544.506,-1523.61,-430.951
-1528.0,-436.0,-156.597,8.69736e-07,88.1218,38.6727,91.8782,117.862,-1429.33,-544.506,-1521.65,-430.916
-1526.0,-436.0,-156.607,8.64542e-07,88.1105,39.0377,91.8895,117.862,-1429.33,-544.506,-1519.69,-430.881
-1524.0,-436.0,-156.783,8.59375e-07,88.0992,39.4085,91.9008,117.862,-1429.33,-544.506,-1517.73,-430.847
-1522.0,-436.0,-157.187,8.54235e-07,88.0892,39.7852,91.9108,117.862,-1429.33,-544.506,-1515.77,-430.812
-1520.0,-436.0,-157.191,7.61909e-07,87.9,-25.9582,92.1,99.908,-1420.16,-484.607,-1420.16,-484.607
-1518.0,-436.0,-144.282,9.49343e-07,88.3488,-36.0531,91.6512,147.168,-1425.27,-583.693,-1399.58,-522.205
-1516.0,-436.0,-133.234,1.00323e-06,88.4697,-62.4914,91.5303,69.5502,-1396.34,-590.198,-1493.07,-480.026
-1514.0,-436.0,-133.074,1.00015e-06,88.4972,-62.8428,91.5028,69.5502,-1396.34,-590.198,-1491.46,-479.94
-1512.0,-436.0,-121.253,8.09669e-07,88.1488,47.3251,91.8512,133.909,-1425.51,-573.498,-1507.08,-430.658
-1510.0,-436.0,-124.875,8.05163e-07,88.1385,47.6744,91.8615,133.559,-1425.52,-573.164,-1505.1,-430.623
-1508.0,-436.0,-124.703,9.81892e-07,88.4736,-65.3135,91.5264,111.654,-1469.47,-425.02,-1487.89,-479.75
-1506.0,-436.0,-122.523,9.79124e-07,88.4693,-65.6684,91.5307,111.299,-1468.23,-424.987,-1486.26,-479.664
-1504.0,-436.0,-120.637,9.76395e-07,88.465,-66.0254,91.535,110.942,-1466.99,-424.954,-1484.62,-479.577
-1502.0,-436.0,-119.134,9.73703e-07,88.4607,-66.3843,91.5393,110.583,-1465.75,-424.921,-1482.99,-479.49
-1500.0,-436.0,-117.965,9.7105e-07,88.4565,-66.7452,91.5435,110.222,-1464.5,-424.888,-1481.35,-479.403
-1498.0,-436.0,-117.062,9.68435e-07,88.4524,-67.1081,91.5476,109.859,-1463.26,-424.854,-1479.71,-479.316
-1496.0,-436.0,-116.362,9.6586e-07,88.4482,-67.4729,91.5518,109.494,-1462.01,-424.821,-1478.07,-479.229
-1494.0,-436.0,-115.82,9.63324e-07,88.4441,-67.8397,91.5559,109.127,-1460.77,-424.788,-1476.43,-479.141
-1492.0,-436.0,-115.4,9.60828e-07,88.4401,-68.2084,91.5599,108.759,-1459.52,-424.755,-1474.79,-479.054
-1490.0,-436.0,-113.877,7.33258e-07,87.9553,-47.4854,92.0447,131.722,-1425.56,-571.331,-1397.58,-536.81
-1488.0,-436.0,-112.428,7.28778e-07,87.9205,-47.8724,92.0795,131.335,-1425.57,-570.928,-1397.6,-535.946
-1486.0,-436.0,-111.493,7.24332e-07,87.8855,-48.2642,92.1145,130.943,-1425.58,-570.513,-1397.63,-535.058
-1484.0,-436.0,-110.878,7.1992e-07,87.85,-48.6608,92.15,130.547,-1425.59,-570.085,-1397.66,-534.145
-1482.0,-436.0,-110.471,7.15544e-07,87.8143,-49.0623,92.1857,130.145,-1425.6,-569.645,-1397.69,-533.204
-1480.0,-436.0,-114.404,9.46732e-07,88.3457,-70.46,91.6543,106.507,-1451.99,-424.554,-1464.91,-478.529
-1478.0,-436.0,-114.406,9.44522e-07,88.3418,-70.8417,91.6582,106.125,-1450.73,-424.521,-1463.26,-478.441
-1476.0,-436.0,-114.445,9.42354e-07,88.338,-71.2251,91.662,105.742,-1449.47,-424.487,-1461.6,-478.353
-1474.0,-436.0,-112.52,6.68301e-07,87.6562,71.1719,92.3438,111.88,-1470.26,-425.041,-1470.26,-425.041
-1472.0,-436.0,-111.404,6.66179e-07,87.6487,71.7156,92.3513,111.337,-1468.36,-424.99,-1468.36,-424.99
-1470.0,-436.0,-110.646,6.64117e-07,87.6414,72.2627,92.3586,110.789,-1466.46,-424.94,-1466.46,-424.94
-1468.0,-436.0,-110.126,6.62116e-07,87.6343,72.8132,92.3657,110.239,-1464.56,-424.889,-1464.56,-424.889
-1466.0,-436.0,-106.376,5.90506e-07,87.3472,-68.0782,92.6528,111.922,-1466.0,-436.0,-1400.0,-600.0
-1464.0,-436.0,-106.34,5.8805e-07,87.3361,-68.6821,92.6639,111.318,-1464.0,-436.0,-1400.0,-600.0
-1462.0,-436.0,-106.304,5.85659e-07,87.3252,-69.291,92.6748,110.709,-1462.0,-436.0,-1400.0,-600.0
-1460.0,-436.0,-106.27,5.83336e-07,87.3145,-69.9048,92.6855,110.095,-1460.0,-436.0,-1400.0,-600.0
-1458.0,-436.0,-106.236,5.81079e-07,87.3041,-70.5234,92.6959,109.477,-1458.0,-436.0,-1400.0,-600.0
-1456.0,-436.0,-106.203,5.78891e-07,87.2939,-71.1468,92.7061,108.853,-1456.0,-436.0,-1400.0,-600.0
-1454.0,-436.0,-106.171,5.76771e-07,87.2839,-71.7749,92.7161,108.225,-1454.0,-436.0,-1400.0,-600.0
-1452.0,-436.0,-106.14,5.74721e-07,87.2742,-72.4076,92.7258,107.592,-1452.0,-436.0,-1400.0,-600.0
-1450.0,-436.0,-106.11,5.72742e-07,87.2648,-73.0447,92.7352,106.955,-1450.0,-436.0,-1400.0,-600.0
-1448.0,-436.0,-106.081,5.70834e-07,87.2556,-73.6861,92.7444,106.314,-1448.0,-436.0,-1400.0,-600.0
-1446.0,-436.0,-106.053,5.68997e-07,87.2468,-74.3318,92.7532,105.668,-1446.0,-436.0,-1400.0,-600.0
-1444.0,-436.0,-106.026,5.67234e-07,87.2382,-74.9816,92.7618,105.018,-1444.0,-436.0,-1400.0,-600.0
-1442.0,-436.0,-106.0,5.65548e-07,87.2205,-75.6354,92.7795,104.365,-1442.0,-436.0,-1400.0,-600.0
-1440.0,-436.0,-105.975,5.63945e-07,87.1839,-76.293,92.8161,103.707,-1440.0,-436.0,-1400.0,-600.0
-1438.0,-436.0,-105.951,5.62417e-07,87.1475,-76.9544,92.8525,103.046,-1438.0,-436.0,-1400.0,-600.0
-1436.0,-436.0,-105.929,5.60964e-07,87.1113,-77.6192,92.8887,102.381,-1436.0,-436.0,-1400.0,-600.0
-1434.0,-436.0,-105.908,5.5959e-07,87.0706,-78.2875,92.9294,101.712,-1434.0,-436.0,-1400.0,-600.0
-1432.0,-436.0,-105.888,5.58304e-07,87.0059,-78.9591,92.9941,101.041,-1432.0,-436.0,-1400.0,-600.0
-1430.0,-436.0,-105.869,5.57096e-07,86.9414,-79.6337,93.0586,100.366,-1430.0,-436.0,-1400.0,-600.0
-1428.0,-436.0,-117.048,6.77467e-07,87.4375,-81.6242,92.5625,-93.5491,-1401.14,-618.414,-1401.14,-618.414
-1426.0,-436.0,-134.346,5.55078e-07,86.8138,-83.1443,93.1862,99.908,-1420.16,-484.607,-1420.16,-484.607
-1424.0,-436.0,-142.994,5.67993e-07,86.8294,-93.6636,93.1706,111.97,-1429.78,-526.194,-1429.78,-526.194
-1422.0,-436.0,-119.434,7.53356e-07,87.5671,-129.606,92.4329,134.897,-1425.49,-574.418,-1460.16,-482.123
-1420.0,-436.0,-116.682,7.57648e-07,87.5383,-129.995,92.4617,135.286,-1425.48,-574.771,-1460.08,-483.77
-1418.0,-436.0,-155.146,6.50691e-07,87.0957,-126.009,92.9043,111.97,-1429.78,-526.194,-1459.58,-493.205
-1416.0,-436.0,-153.688,7.70727e-07,83.1939,-130.738,83.7859,136.096,-1425.46,-575.491,-1459.91,-486.978
-1414.0,-436.0,-152.702,7.75101e-07,83.2412,-131.118,83.7464,136.465,-1425.46,-575.813,-1459.83,-488.498
-1412.0,-436.0,-152.113,7.79509e-07,83.2873,-131.493,83.7077,136.831,-1425.45,-576.127,-1459.75,-489.981
-1410.0,-436.0,-151.907,7.83626e-07,85.0399,-132.01,78.7124,136.413,-1425.46,-575.767,-1459.68,-491.161
-1408.0,-436.0,-157.587,7.33752e-07,87.3437,-139.196,92.6563,89.6826,-1399.57,-523.105,-1460.22,-481.081
-1406.0,-436.0,-157.572,7.38817e-07,87.3619,-139.715,92.6381,89.6826,-1399.57,-523.105,-1460.18,-481.919
-1404.0,-436.0,-157.819,7.43922e-07,87.38,-140.223,92.62,89.6826,-1399.57,-523.105,-1460.13,-482.729
-1402.0,-436.0,-158.311,7.49064e-07,87.398,-140.721,92.602,89.6826,-1399.57,-523.105,-1460.09,-483.511
-1400.0,-436.0,-159.058,7.54242e-07,87.4159,-141.208,92.5841,89.6826,-1399.57,-523.105,-1460.05,-484.268
-1398.0,-436.0,-160.018,7.59456e-07,87.4336,-141.685,92.5664,89.6826,-1399.57,-523.105,-1460.01,-485.0
-1396.0,-436.0,-160.964,7.64704e-07,87.4512,-142.152,92.5488,89.6826,-1399.57,-523.105,-1459.97,-485.708
-1394.0,-436.0,-161.544,7.69992e-07,87.4553,-142.61,92.5447,89.6826,-1399.57,-523.105,-1459.94,-486.395
-1392.0,-436.0,-165.071,1.23116e-06,88.3957,-30.7064,91.6043,-35.9954,-1376.1,-617.359,-1254.88,-517.439
-1390.0,-436.0,-166.791,1.22543e-06,88.375,-30.9062,91.625,-35.9954,-1376.1,-617.359,-1254.88,-516.887
-1388.0,-436.0,-167.249,1.14942e-06,88.2535,-31.5577,91.7465,-43.3117,-1381.35,-617.58,-1254.87,-517.765
-1386.0,-436.0,-161.891,8.09631e-07,87.4906,143.127,92.5094,89.6826,-1399.57,-523.105,-1392.04,-431.472
-1384.0,-436.0,-159.522,2.08609e-06,86.9146,-43.0791,88.3507,16.4907,-1363.49,-589.193,-1333.55,-483.18
-1382.0,-436.0,-159.439,2.08126e-06,86.8723,-43.2051,88.3516,16.3655,-1363.16,-589.183,-1331.81,-483.144
-1380.0,-436.0,-159.391,2.07644e-06,86.8296,-43.3316,88.3526,16.2398,-1362.83,-589.173,-1330.06,-483.108
-1378.0,-436.0,-167.555,1.61561e-06,88.6628,-64.8281,91.3372,-14.6085,-1339.34,-615.81,-1329.2,-539.827
-1376.0,-436.0,-175.316,1.18072e-06,88.1428,173.099,91.8572,132.426,-1425.55,-572.049,-1467.21,-424.96
-1374.0,-436.0,-175.464,1.18736e-06,88.126,173.208,91.874,132.426,-1425.55,-572.049,-1466.79,-424.949
-1372.0,-436.0,-175.611,1.194e-06,88.1094,173.314,91.8906,132.426,-1425.55,-572.049,-1466.37,-424.937
-1370.0,-436.0,-169.033,2.77985e-06,88.5915,34.9423,84.462,33.4612,-1384.63,-589.84,-1196.69,-314.907
-1368.0,-436.0,-168.922,2.77439e-06,88.5824,35.0212,84.4501,33.5399,-1384.67,-589.841,-1195.08,-314.825
-1366.0,-436.0,-168.77,2.76894e-06,88.5732,35.1004,84.4381,33.6189,-1384.72,-589.842,-1193.47,-314.743
-1364.0,-436.0,-187.806,1.92273e-06,88.7907,63.0041,91.2093,-3.72613,-1239.86,-610.429,-1332.1,-373.388
-1362.0,-436.0,-185.57,2.20879e-06,88.9447,66.1818,91.0553,-21.9669,-1358.77,-616.629,-1334.38,-373.432
-1360.0,-436.0,-175.043,1.3245e-06,88.24,-59.1439,91.76,-2.76158,-1239.86,-607.725,-1331.83,-483.145
-1358.0,-436.0,-168.012,1.59242e-06,88.5362,-74.4993,91.4638,-14.6085,-1339.34,-615.81,-1329.2,-539.827
-1356.0,-436.0,-168.043,1.59069e-06,88.5346,-75.5292,91.4654,-14.6085,-1339.34,-615.81,-1329.2,-539.827
-1354.0,-436.0,-168.125,1.58908e-06,88.5331,-76.5687,91.4669,-14.6085,-1339.34,-615.81,-1329.2,-539.827
-1352.0,-436.0,-168.258,1.58759e-06,88.5317,-77.6173,91.4683,-14.6085,-1339.34,-615.81,-1329.2,-539.827
-1350.0,-436.0,-168.444,1.58622e-06,88.5304,-78.6743,91.4696,-14.6085,-1339.34,-615.81,-1329.2,-539.827
-1348.0,-436.0,-168.686,1.58497e-06,88.5293,-79.7393,91.4707,-14.6085,-1339.34,-615.81,-1329.2,-539.827
-1346.0,-436.0,-168.979,1.58385e-06,88.5186,-80.8114,91.4814,-14.6085,-1339.34,-615.81,-1329.2,-539.827
-1344.0,-436.0,-178.097,1.30661e-06,88.1918,176.454,91.8082,130.064,-1425.6,-569.555,-1498.93,-426.399
-1342.0,-436.0,0.0,0.0,0.0,0.0,0.0,0.0,0.0,0.0,0.0,0.0
-1340.0,-436.0,0.0,0.0,0.0,0.0,0.0,0.0,0.0,0.0,0.0,0.0
-1338.0,-436.0,0.0,0.0,0.0,0.0,0.0,0.0,0.0,0.0,0.0,0.0
-1336.0,-436.0,0.0,0.0,0.0,0.0,0.0,0.0,0.0,0.0,0.0,0.0
-1334.0,-436.0,0.0,0.0,0.0,0.0,0.0,0.0,0.0,0.0,0.0,0.0
-1332.0,-436.0,0.0,0.0,0.0,0.0,0.0,0.0,0.0,0.0,0.0,0.0
-1330.0,-436.0,0.0,0.0,0.0,0.0,0.0,0.0,0.0,0.0,0.0,0.0
-1328.0,-436.0,0.0,0.0,0.0,0.0,0.0,0.0,0.0,0.0,0.0,0.0
-1326.0,-436.0,0.0,0.0,0.0,0.0,0.0,0.0,0.0,0.0,0.0,0.0
-1324.0,-436.0,0.0,0.0,0.0,0.0,0.0,0.0,0.0,0.0,0.0,0.0
-1322.0,-436.0,0.0,0.0,0.0,0.0,0.0,0.0,0.0,0.0,0.0,0.0
-1320.0,-436.0,0.0,0.0,0.0,0.0,0.0,0.0,0.0,0.0,0.0,0.0
-1318.0,-436.0,0.0,0.0,0.0,0.0,0.0,0.0,0.0,0.0,0.0,0.0
-1316.0,-436.0,0.0,0.0,0.0,0.0,0.0,0.0,0.0,0.0,0.0,0.0
-1314.0,-436.0,0.0,0.0,0.0,0.0,0.0,0.0,0.0,0.0,0.0,0.0
-1312.0,-436.0,0.0,0.0,0.0,0.0,0.0,0.0,0.0,0.0,0.0,0.0
-1310.0,-436.0,-160.116,1.69693e-06,85.657,-31.1789,89.6061,-22.5112,-1359.78,-616.671,-1203.53,-500.428
-1308.0,-436.0,-160.268,1.69128e-06,85.5676,-31.2985,89.6065,-22.6268,-1359.98,-616.68,-1202.05,-500.412
-1306.0,-436.0,-160.287,1.68564e-06,85.4763,-31.4191,89.6069,-22.7432,-1360.19,-616.688,-1200.58,-500.396
-1304.0,-436.0,-162.11,1.07481e-06,87.4741,-56.2099,92.5259,-35.9954,-1376.1,-617.359,-1254.97,-509.274
-1302.0,-436.0,-161.944,1.07114e-06,87.4353,-56.5964,92.5647,-35.9954,-1376.1,-617.359,-1254.99,-507.289
-1300.0,-436.0,-162.725,1.06752e-06,87.4002,-56.9863,92.5998,-35.9954,-1376.1,-617.359,-1255.01,-505.243
-1298.0,-436.0,-166.927,1.14096e-06,87.5535,-71.2951,92.4465,-2.76158,-1239.86,-607.725,-1239.86,-607.725
-1296.0,-436.0,-166.742,1.13887e-06,87.5348,-71.8959,92.4652,-2.76158,-1239.86,-607.725,-1239.86,-607.725
-1294.0,-436.0,-166.602,1.13684e-06,87.5162,-72.5008,92.4838,-2.76158,-1239.86,-607.725,-1239.86,-607.725
-1292.0,-436.0,-166.498,1.13488e-06,87.4976,-73.1098,92.5024,-2.76158,-1239.86,-607.725,-1239.86,-607.725
-1290.0,-436.0,-166.421,1.13299e-06,87.4792,-73.7227,92.5208,-2.76158,-1239.86,-607.725,-1239.86,-607.725
-1288.0,-436.0,-166.37,1.13117e-06,87.4608,-74.3395,92.5392,-2.76158,-1239.86,-607.725,-1239.86,-607.725
-1286.0,-436.0,-166.34,1.12942e-06,87.4426,-74.96,92.5574,-2.76158,-1239.86,-607.725,-1239.86,-607.725
-1284.0,-436.0,-166.332,1.12773e-06,87.4244,-75.5842,92.5756,-2.76158,-1239.86,-607.725,-1239.86,-607.725
-1282.0,-436.0,-153.721,9.40732e-07,83.6156,-113.793,85.2881,-60.1381,-1389.7,-617.932,-1361.69,-616.752
-1280.0,-436.0,-126.073,1.26835e-06,87.6847,49.5589,92.3153,-43.3117,-1381.35,-617.58,-1245.84,-395.922
-1278.0,-436.0,-124.671,1.26405e-06,87.664,49.828,92.336,-43.396,-1381.4,-617.583,-1244.09,-395.832
-1276.0,-436.0,-129.299,1.25977e-06,87.6432,50.1076,92.3568,-43.396,-1381.4,-617.583,-1242.35,-395.742
-1274.0,-436.0,-133.607,1.25552e-06,87.6224,50.3894,92.3776,-43.396,-1381.4,-617.583,-1240.61,-395.653
-1272.0,-436.0,-137.561,1.25129e-06,87.6014,50.6735,92.3986,-43.396,-1381.4,-617.583,-1238.87,-395.564
-1270.0,-436.0,-141.422,1.24709e-06,87.5804,50.96,92.4196,-43.396,-1381.4,-617.583,-1237.14,-395.474
-1268.0,-436.0,-145.41,1.24291e-06,87.5626,51.2488,92.4374,-43.396,-1381.4,-617.583,-1235.4,-395.385
-1266.0,-436.0,-149.16,1.23875e-06,87.5544,51.5399,92.4456,-43.396,-1381.4,-617.583,-1233.67,-395.296
-1264.0,-436.0,-151.547,1.23462e-06,87.5462,51.8335,92.4538,-43.396,-1381.4,-617.583,-1231.94,-395.208
-1262.0,-436.0,-152.687,1.23051e-06,87.538,52.1294,92.462,-43.396,-1381.4,-617.583,-1230.21,-395.119
-1260.0,-436.0,-151.204,8.71237e-07,83.9407,-121.951,81.519,56.5149,-1393.46,-590.11,-1373.03,-617.23
-1258.0,-436.0,-151.157,8.74767e-07,83.9647,-122.324,81.5567,56.141,-1393.36,-590.107,-1372.66,-617.214
-1256.0,-436.0,-151.201,8.78334e-07,83.9888,-122.694,81.5945,55.7703,-1393.27,-590.104,-1372.3,-617.199
-1254.0,-436.0,-151.341,8.81936e-07,84.0129,-123.061,81.6324,55.4027,-1393.17,-590.101,-1371.93,-617.183
-1252.0,-436.0,-146.532,8.32689e-07,86.3934,-123.223,93.6066,-43.3117,-1381.35,-617.58,-1342.6,-574.333
-1250.0,-436.0,-146.014,8.36314e-07,86.4671,-123.798,93.5329,-43.3117,-1381.35,-617.58,-1342.6,-574.333
-1248.0,-436.0,-145.473,8.39995e-07,86.5403,-124.367,93.4597,-43.3117,-1381.35,-617.58,-1342.6,-574.333
-1246.0,-436.0,-135.423,8.92643e-07,86.7989,-125.255,93.2011,54.9672,-1393.06,-590.097,-1328.45,-552.64
-1244.0,-436.0,-138.437,8.96473e-07,86.8667,-125.905,93.1333,54.9672,-1393.06,-590.097,-1328.45,-552.64
-1242.0,-436.0,-140.651,9.00365e-07,86.9341,-126.544,93.0659,54.9672,-1393.06,-590.097,-1328.45,-552.64
-1240.0,-436.0,-142.159,8.54987e-07,86.8279,-127.136,93.1721,-43.396,-1381.4,-617.583,-1355.83,-588.959
-1238.0,-436.0,-141.199,8.58986e-07,86.8992,-127.609,93.1008,-43.396,-1381.4,-617.583,-1355.83,-588.959
-1236.0,-436.0,-139.971,1.02805e-06,87.5564,-120.805,92.764,56.4014,-1393.43,-590.109,-1318.1,-573.694
-1234.0,-436.0,-129.163,1.74751e-06,88.3997,-137.659,91.4663,-15.5108,-1342.55,-615.945,-1339.53,-532.167
-1232.0,-436.0,-128.114,1.75243e-06,88.4547,-137.806,91.4681,-15.364,-1342.05,-615.924,-1339.23,-533.207
-1230.0,-436.0,-127.081,1.75737e-06,88.5082,-137.953,91.4699,-15.2181,-1341.54,-615.902,-1338.93,-534.239
-1228.0,-436.0,-120.724,1.76232e-06,88.5505,-138.099,91.4495,-15.0728,-1341.03,-615.881,-1338.63,-535.264
-1226.0,-436.0,-120.89,1.76727e-06,88.582,-138.243,91.418,-14.9282,-1340.51,-615.859,-1338.33,-536.281
-1224.0,-436.0,-129.079,8.88289e-07,87.2325,-130.757,92.7675,-43.396,-1381.4,-617.583,-1355.83,-588.959
-1222.0,-436.0,-125.115,8.9262e-07,87.3002,-131.184,92.6998,-43.396,-1381.4,-617.583,-1355.83,-588.959
-1220.0,-436.0,-119.818,8.96988e-07,87.3674,-131.606,92.6326,-43.396,-1381.4,-617.583,-1355.83,-588.959
-1218.0,-436.0,-119.725,9.01394e-07,87.4341,-132.01,92.5659,-43.3117,-1381.35,-617.58,-1342.6,-574.333
-1216.0,-436.0,-125.972,9.05838e-07,87.5002,-132.464,92.4998,-43.3117,-1381.35,-617.58,-1342.6,-574.333
-1214.0,-436.0,-130.259,9.10322e-07,87.5657,-132.912,92.4343,-43.3117,-1381.35,-617.58,-1342.6,-574.333
-1212.0,-436.0,-133.312,9.14845e-07,87.6308,-133.353,92.3692,-43.3117,-1381.35,-617.58,-1342.6,-574.333
-1210.0,-436.0,0.0,0.0,0.0,0.0,0.0,0.0,0.0,0.0,0.0,0.0
-1208.0,-436.0,0.0,0.0,0.0,0.0,0.0,0.0,0.0,0.0,0.0,0.0
-1206.0,-436.0,0.0,0.0,0.0,0.0,0.0,0.0,0.0,0.0,0.0,0.0
-1204.0,-436.0,0.0,0.0,0.0,0.0,0.0,0.0,0.0,0.0,0.0,0.0
-1202.0,-436.0,0.0,0.0,0.0,0.0,0.0,0.0,0.0,0.0,0.0,0.0
-1600.0,-434.0,-162.191,1.01478e-06,88.1609,-15.7163,91.8391,99.908,-1420.16,-484.607,-1420.16,-484.607
-1598.0,-434.0,-162.161,1.00835e-06,88.1652,-15.8841,91.8348,99.908,-1420.16,-484.607,-1420.16,-484.607
-1596.0,-434.0,-161.036,1.20071e-06,88.4727,36.9968,91.5273,130.461,-1425.59,-569.992,-1537.77,-390.129
-1594.0,-434.0,-160.119,1.1954e-06,88.4794,37.5943,91.5206,130.461,-1425.59,-569.992,-1537.0,-390.115
-1592.0,-434.0,-159.357,1.19013e-06,88.4862,38.2084,91.5138,130.461,-1425.59,-569.992,-1536.23,-390.102
-1590.0,-434.0,-158.677,1.1849e-06,88.4932,38.8397,91.5068,130.461,-1425.59,-569.992,-1535.46,-390.088
-1588.0,-434.0,-158.055,1.17972e-06,88.5003,39.4888,91.4997,130.461,-1425.59,-569.992,-1534.69,-390.074
-1586.0,-434.0,-157.516,1.17459e-06,88.5075,40.1562,91.4925,130.461,-1425.59,-569.992,-1533.92,-390.061
-1584.0,-434.0,-157.155,1.16951e-06,88.5148,40.8426,91.4852,130.461,-1425.59,-569.992,-1533.16,-390.047
-1582.0,-434.0,-157.279,1.16448e-06,88.5222,41.5486,91.4778,130.461,-1425.59,-569.992,-1532.39,-390.034
-1580.0,-434.0,-158.791,1.15951e-06,88.5298,42.2747,91.4702,130.461,-1425.59,-569.992,-1531.62,-390.02
-1578.0,-434.0,-139.073,1.21619e-06,88.6116,-46.5239,91.3884,129.985,-1425.61,-569.467,-1532.38,-482.115
-1576.0,-434.0,-142.827,1.21161e-06,88.6065,-46.824,91.3935,129.985,-1425.61,-569.467,-1530.93,-482.038
-1574.0,-434.0,-144.055,1.20706e-06,88.6012,-47.1271,91.3988,129.985,-1425.61,-569.467,-1529.47,-481.961
-1572.0,-434.0,-144.125,1.20254e-06,88.5959,-47.4331,91.4041,129.985,-1425.61,-569.467,-1528.02,-481.883
-1570.0,-434.0,-144.135,1.19804e-06,88.5907,-47.7423,91.4093,129.985,-1425.61,-569.467,-1526.56,-481.806
-1568.0,-434.0,-144.324,1.19356e-06,88.5854,-48.0544,91.4146,129.985,-1425.61,-569.467,-1525.11,-481.729
-1566.0,-434.0,-144.678,1.18912e-06,88.5801,-48.3697,91.4199,129.985,-1425.61,-569.467,-1523.65,-481.651
-1564.0,-434.0,-145.145,1.1847e-06,88.5748,-48.6881,91.4252,129.985,-1425.61,-569.467,-1522.19,-481.573
-1562.0,-434.0,-145.685,1.18031e-06,88.5695,-49.0096,91.4305,129.985,-1425.61,-569.467,-1520.73,-481.496
-1560.0,-434.0,-160.682,1.17759e-06,88.5739,-53.0484,91.4261,130.064,-1425.6,-569.555,-1524.14,-481.677
-1558.0,-434.0,-160.722,8.78162e-07,88.1058,27.9111,91.8942,96.8954,-1412.1,-499.96,-1553.23,-431.474
-1556.0,-434.0,-160.26,8.72268e-07,88.1116,28.2453,91.8884,96.8954,-1412.1,-499.96,-1551.23,-431.439
-1554.0,-434.0,-159.894,8.66394e-07,88.1146,28.5869,91.8854,96.8954,-1412.1,-499.96,-1549.24,-431.404
-1552.0,-434.0,-159.601,8.60547e-07,88.1018,28.9362,91.8982,96.8954,-1412.1,-499.96,-1547.24,-431.369
-1550.0,-434.0,-156.962,1.05617e-06,88.4534,-56.3531,91.5466,111.97,-1429.78,-526.194,-1518.47,-481.376
-1548.0,-434.0,-158.571,8.40777e-07,88.0571,-25.8894,91.9429,96.8954,-1412.1,-499.96,-1412.1,-499.96
-1546.0,-434.0,-158.386,8.34785e-07,88.0432,-26.2246,91.9568,96.8954,-1412.1,-499.96,-1412.1,-499.96
-1544.0,-434.0,-158.217,8.28811e-07,88.0291,-26.568,91.9709,96.8954,-1412.1,-499.96,-1412.1,-499.96
-1542.0,-434.0,-158.064,8.22855e-07,88.0148,-26.9198,91.9852,96.8954,-1412.1,-499.96,-1412.1,-499.96
-1540.0,-434.0,-157.926,8.16918e-07,88.0003,-27.2803,91.9997,96.8954,-1412.1,-499.96,-1412.1,-499.96
-1538.0,-434.0,-157.805,8.11e-07,87.9857,-27.6498,92.0143,96.8954,-1412.1,-499.96,-1412.1,-499.96
-1536.0,-434.0,-157.702,8.05103e-07,87.971,-28.0287,92.029,96.8954,-1412.1,-499.96,-1412.1,-499.96
-1534.0,-434.0,-157.623,7.99227e-07,87.9561,-28.4172,92.0439,96.8954,-1412.1,-499.96,-1412.1,-499.96
-1532.0,-434.0,-157.574,7.93372e-07,87.941,-28.8157,92.059,96.8954,-1412.1,-499.96,-1412.1,-499.96
-1530.0,-434.0,-157.566,7.8754e-07,87.9257,-29.2246,92.0743,96.8954,-1412.1,-499.96,-1412.1,-499.96
-1528.0,-434.0,-156.657,8.65589e-07,88.1128,38.2174,91.8872,117.862,-1429.33,-544.506,-1524.14,-430.96
-1526.0,-434.0,-156.493,8.60362e-07,88.1014,38.5811,91.8986,117.862,-1429.33,-544.506,-1522.15,-430.925
-1524.0,-434.0,-156.467,8.55162e-07,88.0898,38.9506,91.9102,117.862,-1429.33,-544.506,-1520.15,-430.889
-1522.0,-434.0,-156.604,8.49988e-07,88.0782,39.3262,91.9218,117.862,-1429.33,-544.506,-1518.16,-430.854
-1520.0,-434.0,-144.931,9.58692e-07,88.3054,-36.1883,91.6946,147.168,-1425.27,-583.693,-1399.58,-522.096
-1518.0,-434.0,-146.27,9.53305e-07,88.3297,-36.5543,91.6703,147.168,-1425.27,-583.693,-1399.58,-521.798
-1516.0,-434.0,-133.203,1.00917e-06,88.4541,-62.6727,91.5459,69.5502,-1396.34,-590.198,-1492.24,-479.982
-1514.0,-434.0,-132.952,1.00611e-06,88.4815,-63.0226,91.5185,69.5502,-1396.34,-590.198,-1490.64,-479.896
-1512.0,-434.0,-128.15,1.0031e-06,88.4812,-63.3627,91.5188,69.8815,-1396.35,-590.036,-1489.02,-479.811
-1510.0,-434.0,-125.918,9.90756e-07,88.4623,-65.1239,91.5377,111.843,-1470.13,-425.038,-1488.76,-479.797
-1508.0,-434.0,-123.761,9.87969e-07,88.4579,-65.4752,91.5421,111.492,-1468.9,-425.005,-1487.14,-479.711
-1506.0,-434.0,-121.7,9.85218e-07,88.4536,-65.8284,91.5464,111.139,-1467.67,-424.972,-1485.52,-479.625
-1504.0,-434.0,-119.998,9.82506e-07,88.4494,-66.1836,91.5506,110.784,-1466.44,-424.939,-1483.9,-479.538
-1502.0,-434.0,-118.658,9.79831e-07,88.4451,-66.5407,91.5549,110.426,-1465.21,-424.906,-1482.28,-479.452
-1500.0,-434.0,-117.619,9.77194e-07,88.4409,-66.8998,91.5591,110.067,-1463.97,-424.873,-1480.65,-479.366
-1498.0,-434.0,-116.814,9.74596e-07,88.4368,-67.2608,91.5632,109.706,-1462.74,-424.841,-1479.02,-479.279
-1496.0,-434.0,-116.189,9.72037e-07,88.4326,-67.6237,91.5674,109.343,-1461.5,-424.808,-1477.39,-479.193
-1494.0,-434.0,-115.704,9.69517e-07,88.4286,-67.9885,91.5714,108.979,-1460.26,-424.775,-1475.77,-479.106
-1492.0,-434.0,-114.134,7.42696e-07,87.9484,-47.4538,92.0516,131.754,-1425.56,-571.364,-1397.58,-536.879
-1490.0,-434.0,-112.647,7.38203e-07,87.9355,-47.8357,92.0645,131.372,-1425.57,-570.966,-1397.6,-536.029
-1488.0,-434.0,-111.683,7.33754e-07,87.9009,-48.2222,92.0991,130.985,-1425.58,-570.557,-1397.63,-535.154
-1486.0,-434.0,-111.046,7.29338e-07,87.866,-48.6134,92.134,130.594,-1425.59,-570.137,-1397.66,-534.254
-1484.0,-434.0,-110.622,7.24957e-07,87.8309,-49.0094,92.1691,130.198,-1425.6,-569.703,-1397.68,-533.329
-1482.0,-434.0,-114.489,9.55265e-07,88.3476,-70.2165,91.6524,106.751,-1452.8,-424.576,-1465.96,-478.585
-1480.0,-434.0,-114.465,9.53028e-07,88.3437,-70.5942,91.6563,106.373,-1451.55,-424.542,-1464.32,-478.498
-1478.0,-434.0,-114.48,9.50832e-07,88.3398,-70.9737,91.6602,105.993,-1450.3,-424.509,-1462.69,-478.411
-1476.0,-434.0,-114.532,9.48679e-07,88.3361,-71.3549,91.6639,105.612,-1449.05,-424.476,-1461.04,-478.324
-1474.0,-434.0,-119.678,1.06627e-06,88.5196,-73.198,91.4804,-98.9424,-1402.91,-618.489,-1460.62,-478.301
-1472.0,-434.0,-111.646,6.5986e-07,87.6074,71.5336,92.3926,111.519,-1469.0,-425.007,-1469.0,-425.007
-1470.0,-434.0,-110.775,6.57778e-07,87.5998,72.0855,92.4002,110.967,-1467.08,-424.956,-1467.08,-424.956
-1468.0,-434.0,-110.181,6.55758e-07,87.5924,72.6408,92.4076,110.411,-1465.16,-424.905,-1465.16,-424.905
-1466.0,-434.0,-106.467,5.96706e-07,87.354,-68.3177,92.646,111.682,-1466.0,-434.0,-1400.0,-600.0
-1464.0,-434.0,-106.431,5.94275e-07,87.3432,-68.9162,92.6568,111.084,-1464.0,-434.0,-1400.0,-600.0
-1462.0,-434.0,-106.397,5.9191e-07,87.3325,-69.5196,92.6675,110.48,-1462.0,-434.0,-1400.0,-600.0
-1460.0,-434.0,-106.363,5.8961e-07,87.3221,-70.1278,92.6779,109.872,-1460.0,-434.0,-1400.0,-600.0
-1458.0,-434.0,-106.33,5.87378e-07,87.3119,-70.7407,92.6881,109.259,-1458.0,-434.0,-1400.0,-600.0
-1456.0,-434.0,-106.298,5.85213e-07,87.302,-71.3582,92.698,108.642,-1456.0,-434.0,-1400.0,-600.0
-1454.0,-434.0,-106.266,5.83117e-07,87.2923,-71.9802,92.7077,108.02,-1454.0,-434.0,-1400.0,-600.0
-1452.0,-434.0,-106.236,5.81089e-07,87.2828,-72.6067,92.7172,107.393,-1452.0,-434.0,-1400.0,-600.0
-1450.0,-434.0,-106.207,5.79132e-07,87.2736,-73.2374,92.7264,106.763,-1450.0,-434.0,-1400.0,-600.0
-1448.0,-434.0,-106.178,5.77244e-07,87.2647,-73.8724,92.7353,106.128,-1448.0,-434.0,-1400.0,-600.0
-1446.0,-434.0,-106.151,5.75429e-07,87.256,-74.5115,92.744,105.489,-1446.0,-434.0,-1400.0,-600.0
-1444.0,-434.0,-106.124,5.73685e-07,87.2477,-75.1545,92.7523,104.845,-1444.0,-434.0,-1400.0,-600.0
-1442.0,-434.0,-106.099,5.72018e-07,87.2303,-75.8014,92.7697,104.199,-1442.0,-434.0,-1400.0,-600.0
-1440.0,-434.0,-106.075,5.70433e-07,87.1943,-76.4521,92.8057,103.548,-1440.0,-434.0,-1400.0,-600.0
-1438.0,-434.0,-106.052,5.68922e-07,87.1584,-77.1063,92.8416,102.894,-1438.0,-434.0,-1400.0,-600.0
-1436.0,-434.0,-106.03,5.67487e-07,87.1227,-77.7639,92.8773,102.236,-1436.0,-434.0,-1400.0,-600.0
-1434.0,-434.0,-106.009,5.66139e-07,87.0608,-78.4248,92.9392,101.575,-1434.0,-434.0,-1400.0,-600.0
-1432.0,-434.0,-105.989,5.64869e-07,86.9969,-79.0889,93.0031,100.911,-1432.0,-434.0,-1400.0,-600.0
-1430.0,-434.0,-105.971,5.63675e-07,86.9332,-79.7559,93.0668,100.244,-1430.0,-434.0,-1400.0,-600.0
-1428.0,-434.0,-117.238,6.84082e-07,87.4261,-81.7057,92.5739,-93.4676,-1401.12,-618.413,-1401.12,-618.413
-1426.0,-434.0,-135.721,5.61719e-07,86.8074,-83.4128,93.1926,99.908,-1420.16,-484.607,-1420.16,-484.607
-1424.0,-434.0,-143.157,5.74667e-07,86.8231,-93.5843,93.1769,111.97,-1429.78,-526.194,-1429.78,-526.194
-1422.0,-434.0,-122.595,7.58523e-07,87.5511,-129.284,92.4489,134.575,-1425.5,-574.122,-1460.24,-480.744
-1420.0,-434.0,-142.472,5.7585e-07,86.7174,-96.0523,93.2826,111.97,-1429.78,-526.194,-1429.78,-526.194
-1418.0,-434.0,-154.701,6.56124e-07,87.082,-125.432,92.918,111.97,-1429.78,-526.194,-1459.61,-492.487
-1416.0,-434.0,-155.084,7.75811e-07,83.1941,-130.412,83.8203,135.775,-1425.47,-575.209,-1459.98,-485.65
-1414.0,-434.0,-153.605,7.80157e-07,83.2411,-130.792,83.7807,136.144,-1425.46,-575.533,-1459.9,-487.186
-1412.0,-434.0,-152.696,7.84533e-07,83.2894,-131.167,83.7419,136.508,-1425.46,-575.85,-1459.82,-488.684
-1410.0,-434.0,-152.131,7.88913e-07,83.3637,-131.538,83.7039,136.867,-1425.45,-576.157,-1459.74,-490.143
-1408.0,-434.0,-151.955,7.93035e-07,85.0914,-132.046,78.7063,136.444,-1425.46,-575.795,-1459.68,-491.3
-1406.0,-434.0,-157.769,7.43164e-07,87.3607,-139.115,92.6393,89.6826,-1399.57,-523.105,-1460.23,-480.948
-1404.0,-434.0,-157.707,7.48224e-07,87.3785,-139.625,92.6215,89.6826,-1399.57,-523.105,-1460.18,-481.774
-1402.0,-434.0,-157.905,7.53321e-07,87.3963,-140.124,92.6037,89.6826,-1399.57,-523.105,-1460.14,-482.571
-1400.0,-434.0,-158.336,7.58456e-07,87.4139,-140.613,92.5861,89.6826,-1399.57,-523.105,-1460.1,-483.343
-1398.0,-434.0,-157.109,8.17024e-07,87.5994,-138.511,92.4006,129.985,-1425.61,-569.467,-1459.82,-488.67
-1396.0,-434.0,-156.85,8.22037e-07,87.6141,-138.984,92.3859,129.985,-1425.61,-569.467,-1459.77,-489.468
-1394.0,-434.0,-160.877,7.74078e-07,87.4528,-142.022,92.5472,89.6826,-1399.57,-523.105,-1459.98,-485.512
-1392.0,-434.0,-161.572,7.79361e-07,87.4493,-142.473,92.5507,89.6826,-1399.57,-523.105,-1459.95,-486.19
-1390.0,-434.0,-166.461,1.15859e-06,88.2706,-31.7007,91.7294,-43.3117,-1381.35,-617.58,-1254.88,-517.457
-1388.0,-434.0,-162.059,8.00293e-07,87.4708,143.268,92.5292,89.6826,-1399.57,-523.105,-1391.4,-431.464
-1386.0,-434.0,-159.51,2.09551e-06,86.9457,-43.0876,88.3507,16.4818,-1363.47,-589.192,-1333.42,-483.178
-1384.0,-434.0,-159.431,2.09067e-06,86.9039,-43.213,88.3517,16.3572,-1363.14,-589.182,-1331.69,-483.142
-1382.0,-434.0,-159.385,2.08585e-06,86.8618,-43.339,88.3527,16.2319,-1362.81,-589.172,-1329.96,-483.106
-1380.0,-434.0,-159.371,2.08104e-06,86.8192,-43.4656,88.3537,16.1062,-1362.46,-589.162,-1328.23,-483.071
-1378.0,-434.0,-167.77,1.62167e-06,88.6526,-65.2464,91.3474,-14.6085,-1339.34,-615.81,-1329.2,-539.827
-1376.0,-434.0,-175.868,1.17998e-06,88.1207,174.018,91.8793,132.426,-1425.55,-572.049,-1463.27,-424.855
-1374.0,-434.0,-174.996,8.43093e-07,87.331,-26.2803,92.669,113.553,-1429.64,-532.017,-1334.1,-453.701
-1372.0,-434.0,-190.768,1.38977e-06,88.358,59.8087,91.642,7.79523,-1306.24,-587.164,-1336.79,-373.478
-1370.0,-434.0,-188.43,1.46211e-06,88.4259,61.9701,91.5741,-9.41385,-1309.77,-614.96,-1337.79,-373.497
-1368.0,-434.0,-169.05,2.77058e-06,88.5701,34.9081,84.467,33.4281,-1384.61,-589.839,-1197.39,-314.943
-1366.0,-434.0,-188.079,1.45592e-06,88.397,62.557,91.603,-9.41385,-1309.77,-614.96,-1334.55,-373.435
-1364.0,-434.0,-187.848,1.91679e-06,88.7775,62.8528,91.2225,-3.72613,-1239.86,-610.429,-1332.93,-373.404
-1362.0,-434.0,-187.698,1.91376e-06,88.7755,63.1502,91.2245,-3.72613,-1239.86,-610.429,-1331.31,-373.373
-1360.0,-434.0,-174.381,1.33024e-06,88.2383,-59.3907,91.7617,-2.76158,-1239.86,-607.725,-1330.94,-483.126
-1358.0,-434.0,-168.117,1.59886e-06,88.5343,-74.7786,91.4657,-14.6085,-1339.34,-615.81,-1329.2,-539.827
-1356.0,-434.0,-168.161,1.59716e-06,88.5328,-75.7915,91.4672,-14.6085,-1339.34,-615.81,-1329.2,-539.827
-1354.0,-434.0,-168.253,1.59558e-06,88.5313,-76.8136,91.4687,-14.6085,-1339.34,-615.81,-1329.2,-539.827
-1352.0,-434.0,-168.395,1.59412e-06,88.53,-77.8443,91.47,-14.6085,-1339.34,-615.81,-1329.2,-539.827
-1350.0,-434.0,-168.588,1.59277e-06,88.5287,-78.883,91.4713,-14.6085,-1339.34,-615.81,-1329.2,-539.827
-1348.0,-434.0,-168.836,1.59155e-06,88.5276,-79.9292,91.4724,-14.6085,-1339.34,-615.81,-1329.2,-539.827
-1346.0,-434.0,-169.131,1.59045e-06,88.5169,-80.9822,91.4831,-14.6085,-1339.34,-615.81,-1329.2,-539.827
-1344.0,-434.0,-178.267,1.30625e-06,88.1818,177.154,91.8182,130.064,-1425.6,-569.555,-1498.93,-426.297
-1342.0,-434.0,0.0,0.0,0.0,0.0,0.0,0.0,0.0,0.0,0.0,0.0
-1340.0,-434.0,0.0,0.0,0.0,0.0,0.0,0.0,0.0,0.0,0.0,0.0
-1338.0,-434.0,0.0,0.0,0.0,0.0,0.0,0.0,0.0,0.0,0.0,0.0
-1336.0,-434.0,0.0,0.0,0.0,0.0,0.0,0.0,0.0,0.0,0.0,0.0
-1334.0,-434.0,0.0,0.0,0.0,0.0,0.0,0.0,0.0,0.0,0.0,0.0
-1332.0,-434.0,0.0,0.0,0.0,0.0,0.0,0.0,0.0,0.0,0.0,0.0
-1330.0,-434.0,0.0,0.0,0.0,0.0,0.0,0.0,0.0,0.0,0.0,0.0
-1328.0,-434.0,0.0,0.0,0.0,0.0,0.0,0.0,0.0,0.0,0.0,0.0
-1326.0,-434.0,0.0,0.0,0.0,0.0,0.0,0.0,0.0,0.0,0.0,0.0
-1324.0,-434.0,0.0,0.0,0.0,0.0,0.0,0.0,0.0,0.0,0.0,0.0
-1322.0,-434.0,0.0,0.0,0.0,0.0,0.0,0.0,0.0,0.0,0.0,0.0
-1320.0,-434.0,0.0,0.0,0.0,0.0,0.0,0.0,0.0,0.0,0.0,0.0
-1318.0,-434.0,0.0,0.0,0.0,0.0,0.0,0.0,0.0,0.0,0.0,0.0
-1316.0,-434.0,0.0,0.0,0.0,0.0,0.0,0.0,0.0,0.0,0.0,0.0
-1314.0,-434.0,0.0,0.0,0.0,0.0,0.0,0.0,0.0,0.0,0.0,0.0
-1312.0,-434.0,0.0,0.0,0.0,0.0,0.0,0.0,0.0,0.0,0.0,0.0
-1310.0,-434.0,-160.225,1.70043e-06,85.6146,-31.373,89.6068,-22.7029,-1360.12,-616.685,-1201.1,-500.401
-1308.0,-434.0,-160.175,1.6948e-06,85.525,-31.4931,89.6072,-22.8189,-1360.32,-616.694,-1199.64,-500.385
-1306.0,-434.0,-162.446,1.08406e-06,87.4912,-56.084,92.5088,-35.9954,-1376.1,-617.359,-1254.96,-509.912
-1304.0,-434.0,-161.97,1.08039e-06,87.4528,-56.4656,92.5472,-35.9954,-1376.1,-617.359,-1254.98,-507.965
-1302.0,-434.0,-162.422,1.07675e-06,87.4141,-56.8507,92.5859,-35.9954,-1376.1,-617.359,-1255.0,-505.96
-1300.0,-434.0,-163.819,1.07314e-06,87.3792,-57.2391,92.6208,-35.9954,-1376.1,-617.359,-1255.02,-503.893
-1298.0,-434.0,-166.937,1.14731e-06,87.5346,-71.4957,92.4654,-2.76158,-1239.86,-607.725,-1239.86,-607.725
-1296.0,-434.0,-166.77,1.14523e-06,87.5161,-72.0909,92.4839,-2.76158,-1239.86,-607.725,-1239.86,-607.725
-1294.0,-434.0,-182.426,9.86574e-07,87.0999,-61.8562,92.9001,-9.41385,-1309.77,-614.96,-1254.99,-506.923
-1292.0,-434.0,-182.695,9.8347e-07,87.0743,-62.3542,92.9257,-9.41385,-1309.77,-614.96,-1255.02,-504.605
-1290.0,-434.0,-183.211,9.80418e-07,87.0487,-62.8568,92.9513,-9.41385,-1309.77,-614.96,-1255.04,-502.185
-1288.0,-434.0,-166.436,1.13762e-06,87.4426,-74.5111,92.5574,-2.76158,-1239.86,-607.725,-1239.86,-607.725
-1286.0,-434.0,-166.413,1.13589e-06,87.4245,-75.1254,92.5755,-2.76158,-1239.86,-607.725,-1239.86,-607.725
-1284.0,-434.0,-166.41,1.13422e-06,87.4064,-75.7433,92.5936,-2.76158,-1239.86,-607.725,-1239.86,-607.725
-1282.0,-434.0,-153.817,9.46876e-07,83.6224,-113.629,85.2816,-60.301,-1389.77,-617.935,-1361.96,-616.763
-1280.0,-434.0,-166.471,1.1311e-06,87.3707,-76.9892,92.6293,-2.76158,-1239.86,-607.725,-1239.86,-607.725
-1278.0,-434.0,-125.339,1.25899e-06,87.6251,49.6028,92.3749,-43.3117,-1381.35,-617.58,-1245.58,-395.908
-1276.0,-434.0,-125.346,1.25469e-06,87.6041,49.8718,92.3959,-43.396,-1381.4,-617.583,-1243.82,-395.817
-1274.0,-434.0,-129.988,1.25042e-06,87.583,50.154,92.417,-43.396,-1381.4,-617.583,-1242.06,-395.727
-1272.0,-434.0,-134.255,1.24617e-06,87.5618,50.4386,92.4382,-43.396,-1381.4,-617.583,-1240.31,-395.637
-1270.0,-434.0,-138.19,1.24195e-06,87.5408,50.7256,92.4592,-43.396,-1381.4,-617.583,-1238.56,-395.547
-1268.0,-434.0,-142.114,1.23774e-06,87.5324,51.0149,92.4676,-43.396,-1381.4,-617.583,-1236.81,-395.457
-1266.0,-434.0,-146.142,1.23356e-06,87.524,51.3065,92.476,-43.396,-1381.4,-617.583,-1235.06,-395.368
-1264.0,-434.0,-149.733,1.22941e-06,87.5157,51.6006,92.4843,-43.396,-1381.4,-617.583,-1233.31,-395.278
-1262.0,-434.0,-151.768,1.22528e-06,87.5073,51.8971,92.4927,-43.396,-1381.4,-617.583,-1231.56,-395.188
-1260.0,-434.0,-151.35,8.7692e-07,83.9576,-121.718,81.4958,56.7456,-1393.52,-590.111,-1373.25,-617.239
-1258.0,-434.0,-151.245,8.80428e-07,83.9812,-122.09,81.5332,56.3732,-1393.42,-590.109,-1372.89,-617.224
-1256.0,-434.0,-151.232,8.83971e-07,84.005,-122.458,81.5707,56.0039,-1393.33,-590.106,-1372.53,-617.208
-1254.0,-434.0,-151.31,8.87551e-07,84.0287,-122.824,81.6082,55.6376,-1393.23,-590.103,-1372.17,-617.193
-1252.0,-434.0,-151.464,8.91117e-07,84.0897,-123.186,81.6459,55.272,-1393.14,-590.1,-1371.8,-617.178
-1250.0,-434.0,-146.461,8.41888e-07,86.461,-123.419,93.539,-43.3117,-1381.35,-617.58,-1342.6,-574.333
-1248.0,-434.0,-145.944,8.45532e-07,86.5337,-123.985,93.4663,-43.3117,-1381.35,-617.58,-1342.6,-574.333
-1246.0,-434.0,-132.567,8.98123e-07,86.7909,-124.797,93.2091,54.9672,-1393.06,-590.097,-1328.45,-552.64
-1244.0,-434.0,-136.519,9.0191e-07,86.8581,-125.443,93.1419,54.9672,-1393.06,-590.097,-1328.45,-552.64
-1242.0,-434.0,-139.21,9.05758e-07,86.925,-126.079,93.075,54.9672,-1393.06,-590.097,-1328.45,-552.64
-1240.0,-434.0,-141.246,9.09667e-07,86.9915,-126.705,93.0085,54.9672,-1393.06,-590.097,-1328.45,-552.64
-1238.0,-434.0,-142.036,8.64301e-07,86.8896,-127.25,93.1104,-43.396,-1381.4,-617.583,-1355.83,-588.959
-1236.0,-434.0,-141.068,8.68314e-07,86.9558,-127.715,93.0442,-43.396,-1381.4,-617.583,-1355.83,-588.959
-1234.0,-434.0,-139.635,1.03719e-06,87.6153,-120.933,92.76,56.2725,-1393.4,-590.108,-1317.71,-573.684
-1232.0,-434.0,-127.892,1.75692e-06,88.4634,-137.645,91.4661,-15.5254,-1342.6,-615.947,-1339.56,-532.064
-1230.0,-434.0,-126.847,1.76185e-06,88.5165,-137.792,91.4679,-15.3793,-1342.1,-615.926,-1339.26,-533.099
-1228.0,-434.0,-120.609,1.76678e-06,88.5541,-137.937,91.4459,-15.2339,-1341.6,-615.905,-1338.96,-534.128
-1226.0,-434.0,-120.757,1.77172e-06,88.5855,-138.082,91.4145,-15.0893,-1341.09,-615.883,-1338.66,-535.148
-1224.0,-434.0,-120.921,1.77667e-06,88.6167,-138.226,91.3833,-14.9455,-1340.58,-615.862,-1338.36,-536.16
-1222.0,-434.0,-128.699,8.97651e-07,87.3154,-130.816,92.6846,-43.396,-1381.4,-617.583,-1355.83,-588.959
-1220.0,-434.0,-124.666,9.01987e-07,87.382,-131.237,92.618,-43.396,-1381.4,-617.583,-1355.83,-588.959
-1218.0,-434.0,-119.252,9.06362e-07,87.4482,-131.652,92.5518,-43.396,-1381.4,-617.583,-1355.83,-588.959
-1216.0,-434.0,-120.51,9.10773e-07,87.5137,-132.055,92.4863,-43.3117,-1381.35,-617.58,-1342.6,-574.333
-1214.0,-434.0,-126.486,9.15222e-07,87.5788,-132.502,92.4212,-43.3117,-1381.35,-617.58,-1342.6,-574.333
-1212.0,-434.0,-130.61,9.1971e-07,87.6433,-132.943,92.3567,-43.3117,-1381.35,-617.58,-1342.6,-574.333
-1210.0,-434.0,0.0,0.0,0.0,0.0,0.0,0.0,0.0,0.0,0.0,0.0
-1208.0,-434.0,0.0,0.0,0.0,0.0,0.0,0.0,0.0,0.0,0.0,0.0
-1206.0,-434.0,0.0,0.0,0.0,0.0,0.0,0.0,0.0,0.0,0.0,0.0
-1204.0,-434.0,0.0,0.0,0.0,0.0,0.0,0.0,0.0,0.0,0.0,0.0
-1202.0,-434.0,0.0,0.0,0.0,0.0,0.0,0.0,0.0,0.0,0.0,0.0
-1600.0,-432.0,-162.389,1.01661e-06,88.1886,-16.305,91.8114,99.908,-1420.16,-484.607,-1420.16,-484.607
-1598.0,-432.0,-162.384,1.0102e-06,88.1931,-16.4784,91.8069,99.908,-1420.16,-484.607,-1420.16,-484.607
-1596.0,-432.0,-162.388,1.0038e-06,88.1976,-16.6555,91.8024,99.908,-1420.16,-484.607,-1420.16,-484.607
-1594.0,-432.0,-161.24,1.19136e-06,88.495,36.7992,91.505,130.461,-1425.59,-569.992,-1538.03,-390.134
-1592.0,-432.0,-160.213,1.18603e-06,88.5019,37.4088,91.4981,130.461,-1425.59,-569.992,-1537.24,-390.119
-1590.0,-432.0,-159.394,1.18074e-06,88.5088,38.0358,91.4912,130.461,-1425.59,-569.992,-1536.45,-390.105
-1588.0,-432.0,-158.676,1.1755e-06,88.5159,38.6809,91.4841,130.461,-1425.59,-569.992,-1535.65,-390.091
-1586.0,-432.0,-158.022,1.17031e-06,88.5231,39.3446,91.4769,130.461,-1425.59,-569.992,-1534.86,-390.077
-1584.0,-432.0,-157.446,1.16517e-06,88.5305,40.0276,91.4695,130.461,-1425.59,-569.992,-1534.07,-390.063
-1582.0,-432.0,-157.03,1.16008e-06,88.538,40.7306,91.462,130.461,-1425.59,-569.992,-1533.28,-390.049
-1580.0,-432.0,-138.904,1.22562e-06,88.6293,-46.5086,91.3707,129.985,-1425.61,-569.467,-1532.45,-482.119
-1578.0,-432.0,-142.749,1.22104e-06,88.6274,-46.8056,91.3726,129.985,-1425.61,-569.467,-1531.02,-482.043
-1576.0,-432.0,-144.099,1.21649e-06,88.6222,-47.1055,91.3778,129.985,-1425.61,-569.467,-1529.58,-481.966
-1574.0,-432.0,-144.2,1.21196e-06,88.6171,-47.4083,91.3829,129.985,-1425.61,-569.467,-1528.14,-481.89
-1572.0,-432.0,-144.2,1.20746e-06,88.6119,-47.7142,91.3881,129.985,-1425.61,-569.467,-1526.7,-481.813
-1570.0,-432.0,-144.37,1.20298e-06,88.6068,-48.023,91.3932,129.985,-1425.61,-569.467,-1525.25,-481.736
-1568.0,-432.0,-144.707,1.19853e-06,88.6016,-48.3348,91.3984,129.985,-1425.61,-569.467,-1523.81,-481.66
-1566.0,-432.0,-145.159,1.19411e-06,88.5964,-48.6497,91.4036,129.985,-1425.61,-569.467,-1522.36,-481.583
-1564.0,-432.0,-145.686,1.18972e-06,88.5912,-48.9677,91.4088,129.985,-1425.61,-569.467,-1520.92,-481.506
-1562.0,-432.0,-146.263,1.18535e-06,88.586,-49.2888,91.414,129.985,-1425.61,-569.467,-1519.47,-481.429
-1560.0,-432.0,-160.806,8.89884e-07,88.1266,-20.6155,91.8734,99.908,-1420.16,-484.607,-1420.16,-484.607
-1558.0,-432.0,-160.462,8.83638e-07,88.1316,-20.8889,91.8684,99.908,-1420.16,-484.607,-1420.16,-484.607
-1556.0,-432.0,-160.139,8.77403e-07,88.1367,-21.1694,91.8633,99.908,-1420.16,-484.607,-1420.16,-484.607
-1554.0,-432.0,-159.837,8.71189e-07,88.125,-21.4572,91.875,99.908,-1420.16,-484.607,-1420.16,-484.607
-1552.0,-432.0,-159.56,8.64987e-07,88.1115,-21.7525,91.8885,99.908,-1420.16,-484.607,-1420.16,-484.607
-1550.0,-432.0,-155.807,1.06173e-06,88.4616,-56.6193,91.5384,111.97,-1429.78,-526.194,-1517.5,-481.324
-1548.0,-432.0,-158.427,8.43725e-07,88.0639,-26.5679,91.9361,96.8954,-1412.1,-499.96,-1412.1,-499.96
-1546.0,-432.0,-158.277,8.37768e-07,88.0501,-26.9092,91.9499,96.8954,-1412.1,-499.96,-1412.1,-499.96
-1544.0,-432.0,-158.142,8.3183e-07,88.0362,-27.2588,91.9638,96.8954,-1412.1,-499.96,-1412.1,-499.96
-1542.0,-432.0,-158.023,8.25911e-07,88.0221,-27.6168,91.9779,96.8954,-1412.1,-499.96,-1412.1,-499.96
-1540.0,-432.0,-157.92,8.20011e-07,88.0079,-27.9835,91.9921,96.8954,-1412.1,-499.96,-1412.1,-499.96
-1538.0,-432.0,-157.839,8.14132e-07,87.9935,-28.3593,92.0065,96.8954,-1412.1,-499.96,-1412.1,-499.96
-1536.0,-432.0,-157.786,8.08274e-07,87.979,-28.7445,92.021,96.8954,-1412.1,-499.96,-1412.1,-499.96
-1534.0,-432.0,-157.769,8.02437e-07,87.9642,-29.1394,92.0358,96.8954,-1412.1,-499.96,-1412.1,-499.96
-1532.0,-432.0,-157.802,7.96624e-07,87.9494,-29.5442,92.0506,96.8954,-1412.1,-499.96,-1412.1,-499.96
-1530.0,-432.0,-157.737,7.97758e-07,87.9523,-25.5909,92.0477,99.908,-1420.16,-484.607,-1420.16,-484.607
-1528.0,-432.0,-157.705,7.91753e-07,87.9368,-26.0034,92.0632,99.908,-1420.16,-484.607,-1420.16,-484.607
-1526.0,-432.0,-156.599,8.56224e-07,88.0922,38.1186,91.9078,117.862,-1429.33,-544.506,-1524.69,-430.97
-1524.0,-432.0,-156.396,8.5099e-07,88.0804,38.4868,91.9196,117.862,-1429.33,-544.506,-1522.66,-430.934
-1522.0,-432.0,-156.333,8.45782e-07,88.0686,38.861,91.9314,117.862,-1429.33,-544.506,-1520.63,-430.898
-1520.0,-432.0,-146.841,9.62659e-07,88.3032,-36.6812,91.6968,147.168,-1425.27,-583.693,-1399.58,-521.694
-1518.0,-432.0,-148.109,9.57313e-07,88.3108,-37.0491,91.6892,147.168,-1425.27,-583.693,-1399.59,-521.391
-1516.0,-432.0,-149.42,9.51986e-07,88.3353,-37.4234,91.6647,147.168,-1425.27,-583.693,-1399.59,-521.079
-1514.0,-432.0,-127.764,1.01207e-06,88.466,-63.1943,91.534,69.7131,-1396.35,-590.119,-1489.82,-479.853
-1512.0,-432.0,-128.407,1.00907e-06,88.4657,-63.5327,91.5343,70.0514,-1396.35,-589.951,-1488.22,-479.768
-1510.0,-432.0,-125.02,9.96824e-07,88.4468,-65.2853,91.5532,111.682,-1469.57,-425.023,-1488.02,-479.757
-1508.0,-432.0,-122.86,9.94053e-07,88.4425,-65.6349,91.5575,111.332,-1468.35,-424.99,-1486.41,-479.672
-1506.0,-432.0,-120.963,9.9132e-07,88.4382,-65.9864,91.5618,110.981,-1467.13,-424.957,-1484.8,-479.586
-1504.0,-432.0,-119.438,9.88624e-07,88.4339,-66.3398,91.5661,110.627,-1465.9,-424.925,-1483.19,-479.501
-1502.0,-432.0,-118.245,9.85966e-07,88.4297,-66.6951,91.5703,110.272,-1464.68,-424.892,-1481.58,-479.415
-1500.0,-432.0,-117.32,9.83346e-07,88.4255,-67.0524,91.5745,109.915,-1463.45,-424.86,-1479.96,-479.329
-1498.0,-432.0,-116.601,9.80764e-07,88.4214,-67.4115,91.5786,109.556,-1462.22,-424.827,-1478.35,-479.243
-1496.0,-432.0,-116.042,9.78221e-07,88.4173,-67.7726,91.5827,109.195,-1460.99,-424.794,-1476.73,-479.157
-1494.0,-432.0,-114.391,7.52135e-07,87.9413,-47.423,92.0587,131.785,-1425.56,-571.396,-1397.57,-536.948
-1492.0,-432.0,-112.864,7.47639e-07,87.9289,-47.7998,92.0711,131.408,-1425.57,-571.004,-1397.6,-536.109
-1490.0,-432.0,-111.872,7.43176e-07,87.916,-48.1812,92.084,131.026,-1425.58,-570.601,-1397.63,-535.247
-1488.0,-432.0,-111.214,7.38756e-07,87.8816,-48.5672,92.1184,130.64,-1425.59,-570.187,-1397.65,-534.361
-1486.0,-432.0,-110.774,7.34371e-07,87.847,-48.9579,92.153,130.25,-1425.6,-569.76,-1397.68,-533.45
-1484.0,-432.0,-114.589,9.63814e-07,88.3494,-69.9774,91.6506,106.99,-1453.59,-424.597,-1467.0,-478.64
-1482.0,-432.0,-114.54,9.61551e-07,88.3455,-70.3512,91.6545,106.616,-1452.35,-424.564,-1465.38,-478.554
-1480.0,-432.0,-114.531,9.59328e-07,88.3417,-70.7267,91.6583,106.24,-1451.11,-424.531,-1463.75,-478.467
-1478.0,-432.0,-114.558,9.57147e-07,88.3379,-71.104,91.6621,105.863,-1449.87,-424.498,-1462.12,-478.381
-1476.0,-432.0,-114.622,9.55008e-07,88.3341,-71.4829,91.6659,105.484,-1448.63,-424.465,-1460.49,-478.294
-1474.0,-432.0,-125.675,6.65403e-07,87.6088,68.6412,92.3912,69.5502,-1396.34,-590.198,-1471.29,-425.068
-1472.0,-432.0,-111.945,6.53548e-07,87.5654,71.3481,92.4346,111.704,-1469.65,-425.025,-1469.65,-425.025
-1470.0,-432.0,-110.938,6.51446e-07,87.5575,71.9048,92.4425,111.147,-1467.7,-424.973,-1467.7,-424.973
-1468.0,-432.0,-110.258,6.49406e-07,87.5498,72.465,92.4502,110.587,-1465.76,-424.921,-1465.76,-424.921
-1466.0,-432.0,-106.557,6.02915e-07,87.3607,-68.5523,92.6393,111.448,-1466.0,-432.0,-1400.0,-600.0
-1464.0,-432.0,-106.522,6.0051e-07,87.3502,-69.1455,92.6498,110.854,-1464.0,-432.0,-1400.0,-600.0
-1462.0,-432.0,-106.488,5.98169e-07,87.3398,-69.7435,92.6602,110.256,-1462.0,-432.0,-1400.0,-600.0
-1460.0,-432.0,-106.455,5.95894e-07,87.3296,-70.3462,92.6704,109.654,-1460.0,-432.0,-1400.0,-600.0
-1458.0,-432.0,-106.423,5.93685e-07,87.3197,-70.9534,92.6803,109.047,-1458.0,-432.0,-1400.0,-600.0
-1456.0,-432.0,-106.391,5.91543e-07,87.3099,-71.5651,92.6901,108.435,-1456.0,-432.0,-1400.0,-600.0
-1454.0,-432.0,-106.361,5.89469e-07,87.3005,-72.1811,92.6995,107.819,-1454.0,-432.0,-1400.0,-600.0
-1452.0,-432.0,-106.331,5.87464e-07,87.2912,-72.8015,92.7088,107.199,-1452.0,-432.0,-1400.0,-600.0
-1450.0,-432.0,-106.302,5.85528e-07,87.2823,-73.426,92.7177,106.574,-1450.0,-432.0,-1400.0,-600.0
-1448.0,-432.0,-106.274,5.83661e-07,87.2736,-74.0546,92.7264,105.945,-1448.0,-432.0,-1400.0,-600.0
-1446.0,-432.0,-106.248,5.81865e-07,87.2651,-74.6872,92.7349,105.313,-1446.0,-432.0,-1400.0,-600.0
-1444.0,-432.0,-106.222,5.80141e-07,87.257,-75.3236,92.743,104.676,-1444.0,-432.0,-1400.0,-600.0
-1442.0,-432.0,-106.197,5.78492e-07,87.2399,-75.9638,92.7601,104.036,-1442.0,-432.0,-1400.0,-600.0
-1440.0,-432.0,-106.173,5.76926e-07,87.2044,-76.6075,92.7956,103.392,-1440.0,-432.0,-1400.0,-600.0
-1438.0,-432.0,-106.151,5.75432e-07,87.1691,-77.2547,92.8309,102.745,-1438.0,-432.0,-1400.0,-600.0
-1436.0,-432.0,-106.129,5.74023e-07,87.1143,-77.9052,92.8857,102.095,-1436.0,-432.0,-1400.0,-600.0
-1434.0,-432.0,-106.109,5.72692e-07,87.0512,-78.559,92.9488,101.441,-1434.0,-432.0,-1400.0,-600.0
-1432.0,-432.0,-106.09,5.71437e-07,86.9881,-79.2157,93.0119,100.784,-1432.0,-432.0,-1400.0,-600.0
-1430.0,-432.0,-106.072,5.70257e-07,86.9252,-79.8753,93.0748,100.125,-1430.0,-432.0,-1400.0,-600.0
-1428.0,-432.0,-117.422,6.90699e-07,87.415,-81.7856,92.585,-93.3877,-1401.09,-618.412,-1401.09,-618.412
-1426.0,-432.0,-136.993,5.68364e-07,86.8012,-83.6611,93.1988,99.908,-1420.16,-484.607,-1420.16,-484.607
-1424.0,-432.0,-143.317,5.81341e-07,86.817,-93.5084,93.183,111.97,-1429.78,-526.194,-1429.78,-526.194
-1422.0,-432.0,-143.029,5.81851e-07,86.7643,-94.7186,93.2357,111.97,-1429.78,-526.194,-1429.78,-526.194
-1420.0,-432.0,-142.66,5.82501e-07,86.7124,-95.9247,93.2876,111.97,-1429.78,-526.194,-1429.78,-526.194
-1418.0,-432.0,-152.925,1.29067e-06,85.8853,-105.703,88.5691,105.377,-1448.28,-424.455,-1444.58,-526.548
-1416.0,-432.0,-155.051,6.65458e-07,87.0615,-125.657,92.9385,111.97,-1429.78,-526.194,-1459.6,-492.769
-1414.0,-432.0,-154.896,7.85237e-07,83.2412,-130.47,83.8148,135.826,-1425.47,-575.254,-1459.96,-485.875
-1412.0,-432.0,-153.514,7.8956e-07,83.3121,-130.845,83.776,136.188,-1425.46,-575.572,-1459.88,-487.386
-1410.0,-432.0,-152.657,7.93912e-07,83.3855,-131.216,83.7379,136.546,-1425.46,-575.883,-1459.81,-488.861
-1408.0,-432.0,-152.14,7.98296e-07,83.4573,-131.583,83.7004,136.9,-1425.45,-576.186,-1459.73,-490.3
-1406.0,-432.0,-152.006,8.02444e-07,85.1415,-132.081,78.7004,136.476,-1425.46,-575.821,-1459.67,-491.436
-1404.0,-432.0,-157.955,7.52578e-07,87.3773,-139.036,92.6227,89.6826,-1399.57,-523.105,-1460.23,-480.82
-1402.0,-432.0,-157.847,7.57631e-07,87.3948,-139.538,92.6052,89.6826,-1399.57,-523.105,-1460.19,-481.633
-1400.0,-432.0,-157.999,7.62722e-07,87.4122,-140.029,92.5878,89.6826,-1399.57,-523.105,-1460.15,-482.419
-1398.0,-432.0,-158.121,8.21474e-07,87.5974,-137.974,92.4026,129.985,-1425.61,-569.467,-1459.87,-487.754
-1396.0,-432.0,-157.306,8.26445e-07,87.6118,-138.449,92.3882,129.985,-1425.61,-569.467,-1459.82,-488.566
-1394.0,-432.0,-157.004,8.31461e-07,87.6138,-138.915,92.3862,129.985,-1425.61,-569.467,-1459.78,-489.352
-1392.0,-432.0,-160.773,7.83459e-07,87.4469,-141.896,92.5531,89.6826,-1399.57,-523.105,-1459.99,-485.321
-1390.0,-432.0,-162.228,7.90959e-07,87.4505,143.414,92.5495,89.6826,-1399.57,-523.105,-1390.73,-431.456
-1388.0,-432.0,-159.499,2.10492e-06,86.9764,-43.096,88.3508,16.473,-1363.45,-589.192,-1333.31,-483.175
-1386.0,-432.0,-159.422,2.10009e-06,86.9351,-43.2208,88.3518,16.3489,-1363.12,-589.182,-1331.58,-483.14
-1384.0,-432.0,-159.379,2.09527e-06,86.8934,-43.3463,88.3527,16.2242,-1362.79,-589.171,-1329.86,-483.104
-1382.0,-432.0,-159.367,2.09046e-06,86.8513,-43.4723,88.3537,16.0989,-1362.44,-589.161,-1328.13,-483.069
-1380.0,-432.0,-167.747,1.63053e-06,88.6645,-64.7758,91.3355,-14.6085,-1339.34,-615.81,-1329.2,-539.827
-1378.0,-432.0,-175.213,8.57968e-07,87.4237,-26.2899,92.5763,113.553,-1429.64,-532.017,-1334.1,-453.685
-1376.0,-432.0,-174.226,8.52026e-07,87.3678,-26.6757,92.6322,113.553,-1429.64,-532.017,-1334.08,-453.06
-1374.0,-432.0,-197.85,2.35559e-06,89.0345,84.545,90.9655,-14.8341,-1340.17,-615.845,-1363.48,-321.84
-1372.0,-432.0,-191.717,1.38403e-06,88.3333,59.6286,91.6667,7.79523,-1306.24,-587.164,-1337.71,-373.496
-1370.0,-432.0,-190.046,1.38068e-06,88.3151,59.9385,91.6849,7.79523,-1306.24,-587.164,-1336.12,-373.465
-1368.0,-432.0,-188.275,1.45311e-06,88.388,62.1076,91.612,-9.41385,-1309.77,-614.96,-1337.03,-373.483
-1366.0,-432.0,-188.097,1.45001e-06,88.3753,62.403,91.6247,-9.41385,-1309.77,-614.96,-1335.4,-373.451
-1364.0,-432.0,-187.913,1.91086e-06,88.7672,62.6999,91.2328,-3.72613,-1239.86,-610.429,-1333.76,-373.42
-1362.0,-432.0,-174.926,1.33938e-06,88.2411,-59.2235,91.7589,-2.76158,-1239.86,-607.725,-1331.54,-483.139
-1360.0,-432.0,-173.867,1.33599e-06,88.2366,-59.6339,91.7634,-2.76158,-1239.86,-607.725,-1330.06,-483.108
-1358.0,-432.0,-168.224,1.6053e-06,88.5325,-75.0481,91.4675,-14.6085,-1339.34,-615.81,-1329.2,-539.827
-1356.0,-432.0,-168.279,1.60364e-06,88.531,-76.0446,91.469,-14.6085,-1339.34,-615.81,-1329.2,-539.827
-1354.0,-432.0,-168.381,1.60209e-06,88.5295,-77.0498,91.4705,-14.6085,-1339.34,-615.81,-1329.2,-539.827
-1352.0,-432.0,-168.531,1.60065e-06,88.5282,-78.0632,91.4718,-14.6085,-1339.34,-615.81,-1329.2,-539.827
-1350.0,-432.0,-168.732,1.59933e-06,88.527,-79.0842,91.473,-14.6085,-1339.34,-615.81,-1329.2,-539.827
-1348.0,-432.0,-168.985,1.59812e-06,88.5259,-80.1123,91.4741,-14.6085,-1339.34,-615.81,-1329.2,-539.827
-1346.0,-432.0,-174.542,1.57594e-06,88.4954,71.8525,91.5046,-2.76158,-1239.86,-607.725,-1326.76,-373.286
-1344.0,-432.0,-179.141,1.28374e-06,88.1403,179.45,91.8597,132.426,-1425.55,-572.049,-1498.86,-430.513
-1342.0,-432.0,0.0,0.0,0.0,0.0,0.0,0.0,0.0,0.0,0.0,0.0
-1340.0,-432.0,0.0,0.0,0.0,0.0,0.0,0.0,0.0,0.0,0.0,0.0
-1338.0,-432.0,0.0,0.0,0.0,0.0,0.0,0.0,0.0,0.0,0.0,0.0
-1336.0,-432.0,0.0,0.0,0.0,0.0,0.0,0.0,0.0,0.0,0.0,0.0
-1334.0,-432.0,0.0,0.0,0.0,0.0,0.0,0.0,0.0,0.0,0.0,0.0
-1332.0,-432.0,0.0,0.0,0.0,0.0,0.0,0.0,0.0,0.0,0.0,0.0
-1330.0,-432.0,0.0,0.0,0.0,0.0,0.0,0.0,0.0,0.0,0.0,0.0
-1328.0,-432.0,0.0,0.0,0.0,0.0,0.0,0.0,0.0,0.0,0.0,0.0
-1326.0,-432.0,0.0,0.0,0.0,0.0,0.0,0.0,0.0,0.0,0.0,0.0
-1324.0,-432.0,0.0,0.0,0.0,0.0,0.0,0.0,0.0,0.0,0.0,0.0
-1322.0,-432.0,0.0,0.0,0.0,0.0,0.0,0.0,0.0,0.0,0.0,0.0
-1320.0,-432.0,0.0,0.0,0.0,0.0,0.0,0.0,0.0,0.0,0.0,0.0
-1318.0,-432.0,0.0,0.0,0.0,0.0,0.0,0.0,0.0,0.0,0.0,0.0
-1316.0,-432.0,0.0,0.0,0.0,0.0,0.0,0.0,0.0,0.0,0.0,0.0
-1314.0,-432.0,0.0,0.0,0.0,0.0,0.0,0.0,0.0,0.0,0.0,0.0
-1312.0,-432.0,0.0,0.0,0.0,0.0,0.0,0.0,0.0,0.0,0.0,0.0
-1310.0,-432.0,-164.077,1.09705e-06,87.546,-55.5873,92.454,-35.9954,-1376.1,-617.359,-1254.93,-512.388
-1308.0,-432.0,-162.863,1.09332e-06,87.5081,-55.9609,92.4919,-35.9954,-1376.1,-617.359,-1254.95,-510.532
-1306.0,-432.0,-162.1,1.08963e-06,87.47,-56.3378,92.53,-35.9954,-1376.1,-617.359,-1254.97,-508.622
-1304.0,-432.0,-162.238,1.08598e-06,87.4317,-56.718,92.5683,-35.9954,-1376.1,-617.359,-1254.99,-506.656
-1302.0,-432.0,-163.287,1.08237e-06,87.3933,-57.1016,92.6067,-35.9954,-1376.1,-617.359,-1255.02,-504.63
-1300.0,-432.0,-167.152,1.15577e-06,87.5346,-71.1064,92.4654,-2.76158,-1239.86,-607.725,-1239.86,-607.725
-1298.0,-432.0,-182.336,9.98796e-07,87.1306,-61.1428,92.8694,-9.41385,-1309.77,-614.96,-1254.96,-510.112
-1296.0,-432.0,-182.432,9.95618e-07,87.1052,-61.6287,92.8948,-9.41385,-1309.77,-614.96,-1254.98,-507.956
-1294.0,-432.0,-182.628,9.9249e-07,87.0798,-62.1191,92.9202,-9.41385,-1309.77,-614.96,-1255.0,-505.709
-1292.0,-432.0,-183.002,9.89414e-07,87.0544,-62.614,92.9456,-9.41385,-1309.77,-614.96,-1255.03,-503.365
-1290.0,-432.0,-197.175,1.5155e-06,88.0667,-65.0585,91.9333,15.8832,-1361.84,-589.142,-1254.99,-507.286
-1288.0,-432.0,-195.964,1.51272e-06,88.0525,-65.5364,91.9475,15.8832,-1361.84,-589.142,-1255.02,-504.495
-1286.0,-432.0,-194.279,1.51e-06,88.0383,-66.0179,91.9617,15.8832,-1361.84,-589.142,-1255.05,-501.574
-1284.0,-432.0,-166.489,1.14072e-06,87.3887,-75.8991,92.6113,-2.76158,-1239.86,-607.725,-1239.86,-607.725
-1282.0,-432.0,-166.513,1.13914e-06,87.3709,-76.5141,92.6291,-2.76158,-1239.86,-607.725,-1239.86,-607.725
-1280.0,-432.0,-153.878,9.55719e-07,83.6223,-113.836,85.2899,-60.0945,-1389.69,-617.932,-1361.62,-616.749
-1278.0,-432.0,-166.63,1.1362e-06,87.3356,-77.7536,92.6644,-2.76158,-1239.86,-607.725,-1239.86,-607.725
-1276.0,-432.0,-124.59,1.24963e-06,87.5647,49.6476,92.4353,-43.3117,-1381.35,-617.58,-1245.32,-395.895
-1274.0,-432.0,-126.033,1.24534e-06,87.5433,49.9164,92.4567,-43.396,-1381.4,-617.583,-1243.54,-395.803
-1272.0,-432.0,-130.674,1.24107e-06,87.5218,50.2014,92.4782,-43.396,-1381.4,-617.583,-1241.77,-395.712
-1270.0,-432.0,-134.872,1.23682e-06,87.5105,50.4888,92.4895,-43.396,-1381.4,-617.583,-1240.0,-395.622
-1268.0,-432.0,-138.851,1.23259e-06,87.502,50.7785,92.498,-43.396,-1381.4,-617.583,-1238.23,-395.531
-1266.0,-432.0,-142.822,1.22838e-06,87.4934,51.0707,92.5066,-43.396,-1381.4,-617.583,-1236.47,-395.44
-1264.0,-432.0,-146.872,1.22421e-06,87.4849,51.3654,92.5151,-43.396,-1381.4,-617.583,-1234.71,-395.35
-1262.0,-432.0,-150.234,1.22006e-06,87.4763,51.6625,92.5237,-43.396,-1381.4,-617.583,-1232.94,-395.259
-1260.0,-432.0,-160.735,8.93229e-07,84.0162,-121.017,53.2823,47.6891,-1390.93,-590.032,-1371.33,-617.158
-1258.0,-432.0,-151.367,8.86103e-07,83.9976,-121.859,81.5102,56.6024,-1393.48,-590.11,-1373.11,-617.233
-1256.0,-432.0,-151.299,8.89624e-07,84.0209,-122.226,81.5473,56.2345,-1393.39,-590.107,-1372.76,-617.218
-1254.0,-432.0,-151.319,8.93181e-07,84.0443,-122.59,81.5844,55.8695,-1393.29,-590.105,-1372.4,-617.203
-1252.0,-432.0,-151.41,8.96725e-07,84.1046,-122.951,81.6218,55.5053,-1393.2,-590.102,-1372.04,-617.188
-1250.0,-432.0,-151.586,9.00267e-07,84.1927,-123.308,81.6594,55.1424,-1393.1,-590.099,-1371.67,-617.172
-1248.0,-432.0,-146.392,8.51094e-07,86.5272,-123.61,93.4728,-43.3117,-1381.35,-617.58,-1342.6,-574.333
-1246.0,-432.0,-128.522,9.03634e-07,86.7831,-124.35,93.2169,54.9672,-1393.06,-590.097,-1328.45,-552.64
-1244.0,-432.0,-134.06,9.07377e-07,86.8498,-124.992,93.1502,54.9672,-1393.06,-590.097,-1328.45,-552.64
-1242.0,-432.0,-137.485,9.11183e-07,86.9162,-125.625,93.0838,54.9672,-1393.06,-590.097,-1328.45,-552.64
-1240.0,-432.0,-139.914,9.15049e-07,86.9822,-126.247,93.0178,54.9672,-1393.06,-590.097,-1328.45,-552.64
-1238.0,-432.0,-141.8,9.18974e-07,87.0478,-126.86,92.9522,54.9672,-1393.06,-590.097,-1328.45,-552.64
-1236.0,-432.0,-141.912,8.73618e-07,86.9499,-127.36,93.0501,-43.396,-1381.4,-617.583,-1355.83,-588.959
-1234.0,-432.0,-140.936,8.77648e-07,87.0067,-127.819,92.9933,-43.396,-1381.4,-617.583,-1355.83,-588.959
-1232.0,-432.0,-139.348,1.04632e-06,87.6727,-121.058,92.756,56.1459,-1393.36,-590.107,-1317.32,-573.674
-1230.0,-432.0,-126.631,1.76634e-06,88.5248,-137.632,91.4659,-15.5397,-1342.64,-615.949,-1339.59,-531.962
-1228.0,-432.0,-120.513,1.77126e-06,88.5578,-137.777,91.4422,-15.3942,-1342.15,-615.928,-1339.29,-532.994
-1226.0,-432.0,-120.645,1.77618e-06,88.5891,-137.922,91.4109,-15.2495,-1341.65,-615.907,-1338.99,-534.017
-1224.0,-432.0,-120.791,1.78112e-06,88.6202,-138.066,91.3798,-15.1056,-1341.15,-615.886,-1338.69,-535.033
-1222.0,-432.0,-120.952,1.78607e-06,88.6511,-138.209,91.3489,-14.9625,-1340.64,-615.864,-1338.4,-536.04
-1220.0,-432.0,-128.179,1.79103e-06,88.6819,-138.384,91.3181,-14.8341,-1340.17,-615.845,-1338.13,-536.942
-1218.0,-432.0,-124.146,9.11357e-07,87.4621,-131.288,92.5379,-43.396,-1381.4,-617.583,-1355.83,-588.959
-1216.0,-432.0,-118.695,9.15738e-07,87.5272,-131.697,92.4728,-43.396,-1381.4,-617.583,-1355.83,-588.959
-1214.0,-432.0,-121.265,9.20153e-07,87.5918,-132.098,92.4082,-43.3117,-1381.35,-617.58,-1342.6,-574.333
-1212.0,-432.0,-126.979,9.24607e-07,87.6558,-132.539,92.3442,-43.3117,-1381.35,-617.58,-1342.6,-574.333
-1210.0,-432.0,0.0,0.0,0.0,0.0,0.0,0.0,0.0,0.0,0.0,0.0
-1208.0,-432.0,0.0,0.0,0.0,0.0,0.0,0.0,0.0,0.0,0.0,0.0
-1206.0,-432.0,0.0,0.0,0.0,0.0,0.0,0.0,0.0,0.0,0.0,0.0
-1204.0,-432.0,0.0,0.0,0.0,0.0,0.0,0.0,0.0,0.0,0.0,0.0
-1202.0,-432.0,0.0,0.0,0.0,0.0,0.0,0.0,0.0,0.0,0.0,0.0
-1600.0,-430.0,-162.671,1.0185e-06,88.2162,-16.8901,91.7838,99.908,-1420.16,-484.607,-1420.16,-484.607
-1598.0,-430.0,-162.698,1.01211e-06,88.2209,-17.0691,91.7791,99.908,-1420.16,-484.607,-1420.16,-484.607
-1596.0,-430.0,-162.735,1.00573e-06,88.2257,-17.2518,91.7743,99.908,-1420.16,-484.607,-1420.16,-484.607
-1594.0,-430.0,-162.782,9.99353e-07,88.2305,-17.4383,91.7695,99.908,-1420.16,-484.607,-1420.16,-484.607
-1592.0,-430.0,-161.515,1.182e-06,88.5177,36.5917,91.4823,130.461,-1425.59,-569.992,-1538.31,-390.138
-1590.0,-430.0,-160.338,1.17666e-06,88.5247,37.2138,91.4753,130.461,-1425.59,-569.992,-1537.49,-390.124
-1588.0,-430.0,-159.446,1.17136e-06,88.5318,37.8542,91.4682,130.461,-1425.59,-569.992,-1536.67,-390.109
-1586.0,-430.0,-158.685,1.16611e-06,88.539,38.5136,91.461,130.461,-1425.59,-569.992,-1535.86,-390.095
-1584.0,-430.0,-157.997,1.16091e-06,88.5464,39.1926,91.4536,130.461,-1425.59,-569.992,-1535.04,-390.081
-1582.0,-430.0,-138.713,1.23505e-06,88.6467,-46.4936,91.3533,129.985,-1425.61,-569.467,-1532.53,-482.123
-1580.0,-430.0,-142.677,1.23046e-06,88.6479,-46.7875,91.3521,129.985,-1425.61,-569.467,-1531.1,-482.047
-1578.0,-430.0,-144.136,1.22591e-06,88.6429,-47.0843,91.3571,129.985,-1425.61,-569.467,-1529.68,-481.972
-1576.0,-430.0,-144.273,1.22138e-06,88.6379,-47.384,91.3621,129.985,-1425.61,-569.467,-1528.25,-481.896
-1574.0,-430.0,-144.265,1.21687e-06,88.6328,-47.6866,91.3672,129.985,-1425.61,-569.467,-1526.83,-481.82
-1572.0,-430.0,-144.418,1.2124e-06,88.6278,-47.9922,91.3722,129.985,-1425.61,-569.467,-1525.4,-481.744
-1570.0,-430.0,-144.737,1.20794e-06,88.6227,-48.3007,91.3773,129.985,-1425.61,-569.467,-1523.97,-481.668
-1568.0,-430.0,-145.175,1.20352e-06,88.6177,-48.6122,91.3823,129.985,-1425.61,-569.467,-1522.54,-481.592
-1566.0,-430.0,-145.69,1.19912e-06,88.6126,-48.9267,91.3874,129.985,-1425.61,-569.467,-1521.1,-481.516
-1564.0,-430.0,-146.255,1.19475e-06,88.6075,-49.2442,91.3925,129.985,-1425.61,-569.467,-1519.67,-481.44
-1562.0,-430.0,-146.858,1.19041e-06,88.6024,-49.5648,91.3976,129.985,-1425.61,-569.467,-1518.23,-481.363
-1560.0,-430.0,-165.044,1.10209e-06,88.4986,-54.062,91.5014,85.9366,-1397.78,-568.791,-1522.6,-481.595
-1558.0,-430.0,0.0,0.0,0.0,0.0,0.0,0.0,0.0,0.0,0.0,0.0
-1556.0,-430.0,0.0,0.0,0.0,0.0,0.0,0.0,0.0,0.0,0.0,0.0
-1554.0,-430.0,0.0,0.0,0.0,0.0,0.0,0.0,0.0,0.0,0.0,0.0
-1552.0,-430.0,0.0,0.0,0.0,0.0,0.0,0.0,0.0,0.0,0.0,0.0
-1550.0,-430.0,0.0,0.0,0.0,0.0,0.0,0.0,0.0,0.0,0.0,0.0
-1548.0,-430.0,0.0,0.0,0.0,0.0,0.0,0.0,0.0,0.0,0.0,0.0
-1546.0,-430.0,0.0,0.0,0.0,0.0,0.0,0.0,0.0,0.0,0.0,0.0
-1544.0,-430.0,0.0,0.0,0.0,0.0,0.0,0.0,0.0,0.0,0.0,0.0
-1542.0,-430.0,0.0,0.0,0.0,0.0,0.0,0.0,0.0,0.0,0.0,0.0
-1540.0,-430.0,0.0,0.0,0.0,0.0,0.0,0.0,0.0,0.0,0.0,0.0
-1538.0,-430.0,0.0,0.0,0.0,0.0,0.0,0.0,0.0,0.0,0.0,0.0
-1536.0,-430.0,0.0,0.0,0.0,0.0,0.0,0.0,0.0,0.0,0.0,0.0
-1534.0,-430.0,0.0,0.0,0.0,0.0,0.0,0.0,0.0,0.0,0.0,0.0
-1532.0,-430.0,0.0,0.0,0.0,0.0,0.0,0.0,0.0,0.0,0.0,0.0
-1530.0,-430.0,0.0,0.0,0.0,0.0,0.0,0.0,0.0,0.0,0.0,0.0
-1528.0,-430.0,0.0,0.0,0.0,0.0,0.0,0.0,0.0,0.0,0.0,0.0
-1526.0,-430.0,0.0,0.0,0.0,0.0,0.0,0.0,0.0,0.0,0.0,0.0
-1524.0,-430.0,0.0,0.0,0.0,0.0,0.0,0.0,0.0,0.0,0.0,0.0
-1522.0,-430.0,0.0,0.0,0.0,0.0,0.0,0.0,0.0,0.0,0.0,0.0
-1520.0,-430.0,0.0,0.0,0.0,0.0,0.0,0.0,0.0,0.0,0.0,0.0
-1518.0,-430.0,0.0,0.0,0.0,0.0,0.0,0.0,0.0,0.0,0.0,0.0
-1516.0,-430.0,0.0,0.0,0.0,0.0,0.0,0.0,0.0,0.0,0.0,0.0
-1514.0,-430.0,0.0,0.0,0.0,0.0,0.0,0.0,0.0,0.0,0.0,0.0
-1512.0,-430.0,0.0,0.0,0.0,0.0,0.0,0.0,0.0,0.0,0.0,0.0
-1510.0,-430.0,0.0,0.0,0.0,0.0,0.0,0.0,0.0,0.0,0.0,0.0
-1508.0,-430.0,0.0,0.0,0.0,0.0,0.0,0.0,0.0,0.0,0.0,0.0
-1506.0,-430.0,0.0,0.0,0.0,0.0,0.0,0.0,0.0,0.0,0.0,0.0
-1504.0,-430.0,0.0,0.0,0.0,0.0,0.0,0.0,0.0,0.0,0.0,0.0
-1502.0,-430.0,0.0,0.0,0.0,0.0,0.0,0.0,0.0,0.0,0.0,0.0
-1500.0,-430.0,0.0,0.0,0.0,0.0,0.0,0.0,0.0,0.0,0.0,0.0
-1498.0,-430.0,-116.419,9.86938e-07,88.4062,-67.5604,91.5938,109.407,-1461.72,-424.813,-1477.68,-479.208
-1496.0,-430.0,-114.648,7.61574e-07,87.9343,-47.393,92.0657,131.815,-1425.56,-571.427,-1397.57,-537.014
-1494.0,-430.0,-113.083,7.57075e-07,87.9221,-47.7649,92.0779,131.443,-1425.57,-571.041,-1397.6,-536.187
-1492.0,-430.0,-112.061,7.52608e-07,87.9097,-48.1413,92.0903,131.066,-1425.58,-570.644,-1397.62,-535.338
-1490.0,-430.0,-111.383,7.48175e-07,87.8968,-48.5222,92.1032,130.685,-1425.59,-570.235,-1397.65,-534.465
-1488.0,-430.0,-110.925,7.43785e-07,87.8627,-48.9077,92.1373,130.3,-1425.6,-569.815,-1397.68,-533.568
-1486.0,-430.0,-114.706,9.7238e-07,88.3512,-69.7425,91.6488,107.225,-1454.37,-424.618,-1468.03,-478.695
-1484.0,-430.0,-114.631,9.70091e-07,88.3473,-70.1124,91.6527,106.855,-1453.14,-424.585,-1466.42,-478.609
-1482.0,-430.0,-114.597,9.67842e-07,88.3435,-70.4841,91.6565,106.483,-1451.91,-424.552,-1464.8,-478.523
-1480.0,-430.0,-114.6,9.65634e-07,88.3397,-70.8575,91.6603,106.11,-1450.68,-424.519,-1463.19,-478.437
-1478.0,-430.0,-114.64,9.63467e-07,88.3359,-71.2325,91.6641,105.735,-1449.45,-424.487,-1461.57,-478.352
-1476.0,-430.0,-119.615,1.08099e-06,88.5169,-73.0639,91.4831,-99.0766,-1402.95,-618.491,-1461.28,-478.336
-1474.0,-430.0,-126.141,6.59208e-07,87.5675,68.4179,92.4325,69.5502,-1396.34,-590.198,-1472.06,-425.089
-1472.0,-430.0,-112.311,6.47244e-07,87.5225,71.159,92.4775,111.893,-1470.31,-425.042,-1470.31,-425.042
-1470.0,-430.0,-111.142,6.45121e-07,87.5143,71.7205,92.4857,111.332,-1468.35,-424.99,-1468.35,-424.99
-1468.0,-430.0,-106.681,6.11579e-07,87.3779,-68.1986,92.6221,111.801,-1468.0,-430.0,-1400.0,-600.0
-1466.0,-430.0,-106.646,6.09135e-07,87.3674,-68.782,92.6326,111.218,-1466.0,-430.0,-1400.0,-600.0
-1464.0,-430.0,-106.612,6.06754e-07,87.357,-69.3701,92.643,110.63,-1464.0,-430.0,-1400.0,-600.0
-1462.0,-430.0,-106.579,6.04438e-07,87.3469,-69.9628,92.6531,110.037,-1462.0,-430.0,-1400.0,-600.0
-1460.0,-430.0,-106.547,6.02186e-07,87.337,-70.56,92.663,109.44,-1460.0,-430.0,-1400.0,-600.0
-1458.0,-430.0,-106.515,6e-07,87.3273,-71.1616,92.6727,108.838,-1458.0,-430.0,-1400.0,-600.0
-1456.0,-430.0,-106.484,5.97881e-07,87.3178,-71.7675,92.6822,108.232,-1456.0,-430.0,-1400.0,-600.0
-1454.0,-430.0,-106.454,5.95829e-07,87.3085,-72.3777,92.6915,107.622,-1454.0,-430.0,-1400.0,-600.0
-1452.0,-430.0,-106.425,5.93845e-07,87.2995,-72.9921,92.7005,107.008,-1452.0,-430.0,-1400.0,-600.0
-1450.0,-430.0,-106.397,5.9193e-07,87.2908,-73.6105,92.7092,106.39,-1450.0,-430.0,-1400.0,-600.0
-1448.0,-430.0,-106.37,5.90084e-07,87.2823,-74.2328,92.7177,105.767,-1448.0,-430.0,-1400.0,-600.0
-1446.0,-430.0,-106.343,5.88307e-07,87.2741,-74.859,92.7259,105.141,-1446.0,-430.0,-1400.0,-600.0
-1444.0,-430.0,-106.318,5.86602e-07,87.2661,-75.4889,92.7339,104.511,-1444.0,-430.0,-1400.0,-600.0
-1442.0,-430.0,-106.294,5.84972e-07,87.2494,-76.1225,92.7506,103.878,-1442.0,-430.0,-1400.0,-600.0
-1440.0,-430.0,-106.271,5.83422e-07,87.2144,-76.7595,92.7856,103.241,-1440.0,-430.0,-1400.0,-600.0
-1438.0,-430.0,-106.249,5.81952e-07,87.1667,-77.3998,92.8333,102.6,-1438.0,-430.0,-1400.0,-600.0
-1436.0,-430.0,-106.228,5.80563e-07,87.1042,-78.0434,92.8958,101.957,-1436.0,-430.0,-1400.0,-600.0
-1434.0,-430.0,-106.208,5.79248e-07,87.0418,-78.6901,92.9582,101.31,-1434.0,-430.0,-1400.0,-600.0
-1432.0,-430.0,-106.19,5.78007e-07,86.9796,-79.3397,93.0204,100.66,-1432.0,-430.0,-1400.0,-600.0
-1430.0,-430.0,-106.172,5.76842e-07,86.9174,-79.992,93.0826,100.008,-1430.0,-430.0,-1400.0,-600.0
-1428.0,-430.0,-117.602,6.97318e-07,87.404,-81.8641,92.596,-93.3093,-1401.06,-618.411,-1401.06,-618.411
-1426.0,-430.0,-138.186,5.75012e-07,86.7951,-83.8915,93.2049,99.908,-1420.16,-484.607,-1420.16,-484.607
-1424.0,-430.0,-143.473,5.88016e-07,86.8111,-93.4356,93.1889,111.97,-1429.78,-526.194,-1429.78,-526.194
-1422.0,-430.0,-143.197,5.88516e-07,86.7589,-94.621,93.2411,111.97,-1429.78,-526.194,-1429.78,-526.194
-1420.0,-430.0,-142.843,5.89153e-07,86.7075,-95.8023,93.2925,111.97,-1429.78,-526.194,-1429.78,-526.194
-1418.0,-430.0,-153.003,1.29711e-06,85.8891,-105.623,88.5686,105.297,-1448.02,-424.448,-1445.0,-526.558
-1416.0,-430.0,-154.748,6.70914e-07,87.0485,-125.106,92.9515,111.97,-1429.78,-526.194,-1459.64,-492.073
-1414.0,-430.0,-155.421,6.74789e-07,87.0563,-125.872,92.9437,111.97,-1429.78,-526.194,-1459.58,-493.036
-1412.0,-430.0,-154.68,7.94611e-07,83.3346,-130.528,83.8098,135.873,-1425.47,-575.295,-1459.95,-486.091
-1410.0,-430.0,-153.413,7.98935e-07,83.4073,-130.898,83.7715,136.23,-1425.46,-575.608,-1459.87,-487.58
-1408.0,-430.0,-152.627,8.03292e-07,83.4783,-131.264,83.7339,136.583,-1425.45,-575.915,-1459.8,-489.033
-1406.0,-430.0,-152.155,8.07681e-07,83.5476,-131.626,83.6969,136.933,-1425.45,-576.214,-1459.72,-490.452
-1404.0,-430.0,-158.687,7.56984e-07,87.3762,-138.459,92.6238,89.6826,-1399.57,-523.105,-1460.28,-479.869
-1402.0,-430.0,-158.144,7.61993e-07,87.3935,-138.961,92.6065,89.6826,-1399.57,-523.105,-1460.24,-480.697
-1400.0,-430.0,-157.992,7.6704e-07,87.4106,-139.454,92.5894,89.6826,-1399.57,-523.105,-1460.2,-481.498
-1398.0,-430.0,-158.1,7.72124e-07,87.4277,-139.936,92.5723,89.6826,-1399.57,-523.105,-1460.16,-482.273
-1396.0,-430.0,-158.385,8.309e-07,87.6097,-137.923,92.3903,129.985,-1425.61,-569.467,-1459.87,-487.665
-1394.0,-430.0,-157.506,8.35874e-07,87.6116,-138.39,92.3884,129.985,-1425.61,-569.467,-1459.83,-488.465
-1392.0,-430.0,0.0,0.0,0.0,0.0,0.0,0.0,0.0,0.0,0.0,0.0
-1390.0,-430.0,0.0,0.0,0.0,0.0,0.0,0.0,0.0,0.0,0.0,0.0
-1388.0,-430.0,0.0,0.0,0.0,0.0,0.0,0.0,0.0,0.0,0.0,0.0
-1386.0,-430.0,0.0,0.0,0.0,0.0,0.0,0.0,0.0,0.0,0.0,0.0
-1384.0,-430.0,0.0,0.0,0.0,0.0,0.0,0.0,0.0,0.0,0.0,0.0
-1382.0,-430.0,0.0,0.0,0.0,0.0,0.0,0.0,0.0,0.0,0.0,0.0
-1380.0,-430.0,0.0,0.0,0.0,0.0,0.0,0.0,0.0,0.0,0.0,0.0
-1378.0,-430.0,0.0,0.0,0.0,0.0,0.0,0.0,0.0,0.0,0.0,0.0
-1376.0,-430.0,0.0,0.0,0.0,0.0,0.0,0.0,0.0,0.0,0.0,0.0
-1374.0,-430.0,-197.732,2.34895e-06,89.0213,84.5115,90.9787,-14.8341,-1340.17,-615.845,-1363.61,-321.841
-1372.0,-430.0,-198.569,2.34834e-06,89.0073,84.8624,90.9927,-14.8341,-1340.17,-615.845,-1362.27,-321.826
-1370.0,-430.0,-190.954,1.37492e-06,88.2901,59.7576,91.7099,7.79523,-1306.24,-587.164,-1337.05,-373.483
-1368.0,-430.0,-188.343,1.44723e-06,88.3644,61.9509,91.6356,-9.41385,-1309.77,-614.96,-1337.9,-373.499
-1366.0,-430.0,-188.132,1.44411e-06,88.3601,62.2474,91.6399,-9.41385,-1309.77,-614.96,-1336.25,-373.468
-1364.0,-430.0,-187.98,1.44102e-06,88.3566,62.5454,91.6434,-9.41385,-1309.77,-614.96,-1334.61,-373.436
-1362.0,-430.0,-174.324,1.34513e-06,88.2394,-59.4652,91.7606,-2.76158,-1239.86,-607.725,-1330.67,-483.121
-1360.0,-430.0,-168.314,1.6135e-06,88.5323,-74.3367,91.4677,-14.6085,-1339.34,-615.81,-1329.2,-539.827
-1358.0,-430.0,-168.333,1.61176e-06,88.5307,-75.3085,91.4693,-14.6085,-1339.34,-615.81,-1329.2,-539.827
-1356.0,-430.0,-168.399,1.61012e-06,88.5292,-76.2891,91.4708,-14.6085,-1339.34,-615.81,-1329.2,-539.827
-1354.0,-430.0,-168.51,1.6086e-06,88.5278,-77.2779,91.4722,-14.6085,-1339.34,-615.81,-1329.2,-539.827
-1352.0,-430.0,-168.667,1.60718e-06,88.5265,-78.2745,91.4735,-14.6085,-1339.34,-615.81,-1329.2,-539.827
-1350.0,-430.0,-168.874,1.60589e-06,88.5253,-79.2783,91.4747,-14.6085,-1339.34,-615.81,-1329.2,-539.827
-1348.0,-430.0,-169.131,1.6047e-06,88.5242,-80.2889,91.4758,-14.6085,-1339.34,-615.81,-1329.2,-539.827
-1346.0,-430.0,-174.701,1.56961e-06,88.4815,71.7374,91.5185,-2.76158,-1239.86,-607.725,-1327.29,-373.296
-1344.0,-430.0,0.0,0.0,0.0,0.0,0.0,0.0,0.0,0.0,0.0,0.0
-1342.0,-430.0,0.0,0.0,0.0,0.0,0.0,0.0,0.0,0.0,0.0,0.0
-1340.0,-430.0,0.0,0.0,0.0,0.0,0.0,0.0,0.0,0.0,0.0,0.0
-1338.0,-430.0,0.0,0.0,0.0,0.0,0.0,0.0,0.0,0.0,0.0,0.0
-1336.0,-430.0,0.0,0.0,0.0,0.0,0.0,0.0,0.0,0.0,0.0,0.0
-1334.0,-430.0,0.0,0.0,0.0,0.0,0.0,0.0,0.0,0.0,0.0,0.0
-1332.0,-430.0,0.0,0.0,0.0,0.0,0.0,0.0,0.0,0.0,0.0,0.0
-1330.0,-430.0,0.0,0.0,0.0,0.0,0.0,0.0,0.0,0.0,0.0,0.0
-1328.0,-430.0,0.0,0.0,0.0,0.0,0.0,0.0,0.0,0.0,0.0,0.0
-1326.0,-430.0,0.0,0.0,0.0,0.0,0.0,0.0,0.0,0.0,0.0,0.0
-1324.0,-430.0,0.0,0.0,0.0,0.0,0.0,0.0,0.0,0.0,0.0,0.0
-1322.0,-430.0,0.0,0.0,0.0,0.0,0.0,0.0,0.0,0.0,0.0,0.0
-1320.0,-430.0,0.0,0.0,0.0,0.0,0.0,0.0,0.0,0.0,0.0,0.0
-1318.0,-430.0,0.0,0.0,0.0,0.0,0.0,0.0,0.0,0.0,0.0,0.0
-1316.0,-430.0,0.0,0.0,0.0,0.0,0.0,0.0,0.0,0.0,0.0,0.0
-1314.0,-430.0,0.0,0.0,0.0,0.0,0.0,0.0,0.0,0.0,0.0,0.0
-1312.0,-430.0,0.0,0.0,0.0,0.0,0.0,0.0,0.0,0.0,0.0,0.0
-1310.0,-430.0,-163.335,1.10258e-06,87.5247,-55.8404,92.4753,-35.9954,-1376.1,-617.359,-1254.94,-511.134
-1308.0,-430.0,-162.331,1.09888e-06,87.4869,-56.2127,92.5131,-35.9954,-1376.1,-617.359,-1254.97,-509.26
-1306.0,-430.0,-162.164,1.09522e-06,87.449,-56.5882,92.551,-35.9954,-1376.1,-617.359,-1254.99,-507.331
-1304.0,-430.0,-162.889,1.09159e-06,87.4109,-56.967,92.5891,-35.9954,-1376.1,-617.359,-1255.01,-505.345
-1302.0,-430.0,-164.545,1.088e-06,87.3726,-57.3491,92.6274,-35.9954,-1376.1,-617.359,-1255.03,-503.3
-1300.0,-430.0,-173.821,9.9728e-07,87.1052,-57.8659,92.8948,35.7331,-1385.93,-589.879,-1255.05,-501.562
-1298.0,-430.0,-182.46,1.00467e-06,87.1104,-61.4071,92.8896,-9.41385,-1309.77,-614.96,-1254.97,-508.948
-1296.0,-430.0,-182.601,1.00152e-06,87.0852,-61.8901,92.9148,-9.41385,-1309.77,-614.96,-1254.99,-506.768
-1294.0,-430.0,-182.875,9.98422e-07,87.0599,-62.3775,92.9401,-9.41385,-1309.77,-614.96,-1255.02,-504.495
-1292.0,-430.0,-183.39,9.95372e-07,87.0347,-62.8693,92.9653,-9.41385,-1309.77,-614.96,-1255.04,-502.124
-1290.0,-430.0,0.0,0.0,0.0,0.0,0.0,0.0,0.0,0.0,0.0,0.0
-1288.0,-430.0,-172.11,1.21638e-06,87.5473,-28.2421,92.4527,-43.3117,-1381.35,-617.58,-1209.85,-471.978
-1286.0,-430.0,-173.401,1.21052e-06,87.522,-28.4366,92.478,-43.3117,-1381.35,-617.58,-1209.88,-471.222
-1284.0,-430.0,-174.973,1.20468e-06,87.4966,-28.6336,92.5034,-43.3117,-1381.35,-617.58,-1209.91,-470.453
-1282.0,-430.0,0.0,0.0,0.0,0.0,0.0,0.0,0.0,0.0,0.0,0.0
-1280.0,-430.0,-153.966,9.61862e-07,83.6288,-113.675,85.2835,-60.2552,-1389.75,-617.934,-1361.88,-616.76
-1278.0,-430.0,0.0,0.0,0.0,0.0,0.0,0.0,0.0,0.0,0.0,0.0
-1276.0,-430.0,-175.017,9.24447e-07,83.7641,-115.883,145.24,33.8591,-1394.2,-596.106,-1366.71,-616.963
-1274.0,-430.0,-168.432,1.17878e-06,87.373,49.6763,92.627,14.0355,-1355.83,-588.959,-1245.04,-395.88
-1272.0,-430.0,-168.886,1.17448e-06,87.3573,49.9617,92.6427,14.0355,-1355.83,-588.959,-1243.25,-395.789
-1270.0,-430.0,-160.639,1.23606e-06,86.1497,50.2923,75.3563,-42.1664,-1380.62,-617.55,-1241.52,-395.699
-1268.0,-430.0,-170.462,1.16596e-06,87.3379,50.5398,92.6621,14.0355,-1355.83,-588.959,-1239.69,-395.606
-1266.0,-430.0,-171.84,1.16173e-06,87.3282,50.8325,92.6718,14.0355,-1355.83,-588.959,-1237.91,-395.514
-1264.0,-430.0,-173.812,1.15754e-06,87.3185,51.1277,92.6815,14.0355,-1355.83,-588.959,-1236.13,-395.423
-1262.0,-430.0,-161.672,8.95588e-07,84.0062,-120.428,52.9908,48.3235,-1391.13,-590.039,-1371.94,-617.184
-1260.0,-430.0,-161.038,8.98968e-07,84.0286,-120.797,53.1734,47.9247,-1391.0,-590.035,-1371.56,-617.168
-1258.0,-430.0,-160.722,9.02385e-07,84.0511,-121.163,53.3559,47.5307,-1390.87,-590.031,-1371.18,-617.152
-1256.0,-430.0,-151.399,8.95291e-07,84.0366,-121.997,81.5243,56.4622,-1393.44,-590.109,-1372.98,-617.227
-1254.0,-430.0,-151.365,8.98825e-07,84.0597,-122.359,81.561,56.0986,-1393.35,-590.106,-1372.62,-617.212
-1252.0,-430.0,-151.398,9.02347e-07,84.1193,-122.719,81.5981,55.7358,-1393.26,-590.104,-1372.27,-617.197
-1250.0,-430.0,-151.507,9.05866e-07,84.2066,-123.075,81.6353,55.3741,-1393.16,-590.101,-1371.91,-617.182
-1248.0,-430.0,-146.821,8.5668e-07,86.521,-123.242,93.479,-43.3117,-1381.35,-617.58,-1342.6,-574.333
-1246.0,-430.0,-122.597,9.09173e-07,86.7754,-123.912,93.2246,54.9672,-1393.06,-590.097,-1328.45,-552.64
-1244.0,-430.0,-130.698,9.12875e-07,86.8416,-124.551,93.1584,54.9672,-1393.06,-590.097,-1328.45,-552.64
-1242.0,-430.0,-135.329,9.16638e-07,86.9075,-125.18,93.0925,54.9672,-1393.06,-590.097,-1328.45,-552.64
-1240.0,-430.0,-138.345,9.20461e-07,86.973,-125.799,93.027,54.9672,-1393.06,-590.097,-1328.45,-552.64
-1238.0,-430.0,-140.561,9.24344e-07,87.0382,-126.409,92.9618,54.9672,-1393.06,-590.097,-1328.45,-552.64
-1236.0,-430.0,-142.319,9.28285e-07,87.103,-127.01,92.897,54.9672,-1393.06,-590.097,-1328.45,-552.64
-1234.0,-430.0,-141.789,8.82938e-07,87.009,-127.468,92.991,-43.396,-1381.4,-617.583,-1355.83,-588.959
-1232.0,-430.0,-140.803,8.86986e-07,87.0564,-127.919,92.9436,-43.396,-1381.4,-617.583,-1355.83,-588.959
-1230.0,-430.0,-139.07,1.05547e-06,87.7286,-121.181,92.7521,56.0215,-1393.33,-590.106,-1316.94,-573.664
-1228.0,-430.0,-120.433,1.77575e-06,88.5614,-137.618,91.4386,-15.5537,-1342.69,-615.951,-1339.62,-531.863
-1226.0,-430.0,-120.55,1.78066e-06,88.5926,-137.762,91.4074,-15.4089,-1342.2,-615.93,-1339.32,-532.89
-1224.0,-430.0,-120.68,1.78558e-06,88.6236,-137.906,91.3764,-15.265,-1341.71,-615.909,-1339.02,-533.908
-1222.0,-430.0,-120.824,1.79052e-06,88.6545,-138.05,91.3455,-15.1218,-1341.2,-615.888,-1338.73,-534.919
-1220.0,-430.0,-120.982,1.79547e-06,88.6851,-138.192,91.3149,-14.9794,-1340.7,-615.867,-1338.43,-535.921
-1218.0,-430.0,-121.156,1.80043e-06,88.7157,-138.334,91.2843,-14.8378,-1340.19,-615.845,-1338.14,-536.916
-1216.0,-430.0,-123.666,9.2073e-07,87.5406,-131.337,92.4594,-43.396,-1381.4,-617.583,-1355.83,-588.959
-1214.0,-430.0,-118.148,9.25115e-07,87.6047,-131.741,92.3953,-43.396,-1381.4,-617.583,-1355.83,-588.959
-1212.0,-430.0,-122.059,9.29536e-07,87.6682,-132.141,92.3318,-43.3117,-1381.35,-617.58,-1342.6,-574.333
-1210.0,-430.0,0.0,0.0,0.0,0.0,0.0,0.0,0.0,0.0,0.0,0.0
-1208.0,-430.0,0.0,0.0,0.0,0.0,0.0,0.0,0.0,0.0,0.0,0.0
-1206.0,-430.0,0.0,0.0,0.0,0.0,0.0,0.0,0.0,0.0,0.0,0.0
-1204.0,-430.0,0.0,0.0,0.0,0.0,0.0,0.0,0.0,0.0,0.0,0.0
-1202.0,-430.0,0.0,0.0,0.0,0.0,0.0,0.0,0.0,0.0,0.0,0.0
-1600.0,-428.0,-163.044,1.02046e-06,88.2439,-17.4717,91.7561,99.908,-1420.16,-484.607,-1420.16,-484.607
-1598.0,-428.0,-163.098,1.01409e-06,88.2488,-17.6561,91.7512,99.908,-1420.16,-484.607,-1420.16,-484.607
-1596.0,-428.0,-163.158,1.00773e-06,88.2538,-17.8442,91.7462,99.908,-1420.16,-484.607,-1420.16,-484.607
-1594.0,-428.0,-163.216,1.00137e-06,88.2588,-18.0363,91.7412,99.908,-1420.16,-484.607,-1420.16,-484.607
-1592.0,-428.0,-163.268,9.95025e-07,88.2639,-18.2324,91.7361,99.908,-1420.16,-484.607,-1420.16,-484.607
-1590.0,-428.0,-161.892,1.17265e-06,88.5407,36.3735,91.4593,130.461,-1425.59,-569.992,-1538.6,-390.144
-1588.0,-428.0,-160.504,1.1673e-06,88.5479,37.0087,91.4521,130.461,-1425.59,-569.992,-1537.76,-390.129
-1586.0,-428.0,-159.518,1.16198e-06,88.5551,37.663,91.4449,130.461,-1425.59,-569.992,-1536.92,-390.114
-1584.0,-428.0,-138.512,1.24448e-06,88.6639,-46.4789,91.3361,129.985,-1425.61,-569.467,-1532.6,-482.127
-1582.0,-428.0,-142.592,1.23989e-06,88.6682,-46.7698,91.3318,129.985,-1425.61,-569.467,-1531.19,-482.052
-1580.0,-428.0,-144.166,1.23533e-06,88.6633,-47.0636,91.3367,129.985,-1425.61,-569.467,-1529.78,-481.977
-1578.0,-428.0,-144.346,1.2308e-06,88.6583,-47.3602,91.3417,129.985,-1425.61,-569.467,-1528.37,-481.902
-1576.0,-428.0,-144.332,1.22629e-06,88.6534,-47.6596,91.3466,129.985,-1425.61,-569.467,-1526.95,-481.827
-1574.0,-428.0,-144.467,1.22181e-06,88.6485,-47.962,91.3515,129.985,-1425.61,-569.467,-1525.54,-481.751
-1572.0,-428.0,-144.769,1.21736e-06,88.6435,-48.2672,91.3565,129.985,-1425.61,-569.467,-1524.12,-481.676
-1570.0,-428.0,-145.192,1.21293e-06,88.6386,-48.5754,91.3614,129.985,-1425.61,-569.467,-1522.7,-481.601
-1568.0,-428.0,-145.694,1.20853e-06,88.6336,-48.8865,91.3664,129.985,-1425.61,-569.467,-1521.28,-481.525
-1566.0,-428.0,-146.249,1.20416e-06,88.6287,-49.2006,91.3713,129.985,-1425.61,-569.467,-1519.86,-481.45
-1564.0,-428.0,-146.841,1.19981e-06,88.6237,-49.5177,91.3763,129.985,-1425.61,-569.467,-1518.44,-481.374
-1562.0,-428.0,-147.465,1.1955e-06,88.6187,-49.8378,91.3813,129.985,-1425.61,-569.467,-1517.02,-481.299
-1560.0,-428.0,-167.603,1.39239e-06,83.8928,-61.3403,89.2456,111.428,-1468.68,-424.999,-1530.48,-482.014
-1558.0,-428.0,0.0,0.0,0.0,0.0,0.0,0.0,0.0,0.0,0.0,0.0
-1556.0,-428.0,0.0,0.0,0.0,0.0,0.0,0.0,0.0,0.0,0.0,0.0
-1554.0,-428.0,0.0,0.0,0.0,0.0,0.0,0.0,0.0,0.0,0.0,0.0
-1552.0,-428.0,0.0,0.0,0.0,0.0,0.0,0.0,0.0,0.0,0.0,0.0
-1550.0,-428.0,0.0,0.0,0.0,0.0,0.0,0.0,0.0,0.0,0.0,0.0
-1548.0,-428.0,0.0,0.0,0.0,0.0,0.0,0.0,0.0,0.0,0.0,0.0
-1546.0,-428.0,0.0,0.0,0.0,0.0,0.0,0.0,0.0,0.0,0.0,0.0
-1544.0,-428.0,0.0,0.0,0.0,0.0,0.0,0.0,0.0,0.0,0.0,0.0
-1542.0,-428.0,0.0,0.0,0.0,0.0,0.0,0.0,0.0,0.0,0.0,0.0
-1540.0,-428.0,0.0,0.0,0.0,0.0,0.0,0.0,0.0,0.0,0.0,0.0
-1538.0,-428.0,0.0,0.0,0.0,0.0,0.0,0.0,0.0,0.0,0.0,0.0
-1536.0,-428.0,0.0,0.0,0.0,0.0,0.0,0.0,0.0,0.0,0.0,0.0
-1534.0,-428.0,0.0,0.0,0.0,0.0,0.0,0.0,0.0,0.0,0.0,0.0
-1532.0,-428.0,0.0,0.0,0.0,0.0,0.0,0.0,0.0,0.0,0.0,0.0
-1530.0,-428.0,0.0,0.0,0.0,0.0,0.0,0.0,0.0,0.0,0.0,0.0
-1528.0,-428.0,0.0,0.0,0.0,0.0,0.0,0.0,0.0,0.0,0.0,0.0
-1526.0,-428.0,0.0,0.0,0.0,0.0,0.0,0.0,0.0,0.0,0.0,0.0
-1524.0,-428.0,0.0,0.0,0.0,0.0,0.0,0.0,0.0,0.0,0.0,0.0
-1522.0,-428.0,0.0,0.0,0.0,0.0,0.0,0.0,0.0,0.0,0.0,0.0
-1520.0,-428.0,0.0,0.0,0.0,0.0,0.0,0.0,0.0,0.0,0.0,0.0
-1518.0,-428.0,0.0,0.0,0.0,0.0,0.0,0.0,0.0,0.0,0.0,0.0
-1516.0,-428.0,0.0,0.0,0.0,0.0,0.0,0.0,0.0,0.0,0.0,0.0
-1514.0,-428.0,0.0,0.0,0.0,0.0,0.0,0.0,0.0,0.0,0.0,0.0
-1512.0,-428.0,0.0,0.0,0.0,0.0,0.0,0.0,0.0,0.0,0.0,0.0
-1510.0,-428.0,0.0,0.0,0.0,0.0,0.0,0.0,0.0,0.0,0.0,0.0
-1508.0,-428.0,0.0,0.0,0.0,0.0,0.0,0.0,0.0,0.0,0.0,0.0
-1506.0,-428.0,0.0,0.0,0.0,0.0,0.0,0.0,0.0,0.0,0.0,0.0
-1504.0,-428.0,0.0,0.0,0.0,0.0,0.0,0.0,0.0,0.0,0.0,0.0
-1502.0,-428.0,0.0,0.0,0.0,0.0,0.0,0.0,0.0,0.0,0.0,0.0
-1500.0,-428.0,0.0,0.0,0.0,0.0,0.0,0.0,0.0,0.0,0.0,0.0
-1498.0,-428.0,-114.906,7.71013e-07,87.9275,-47.3637,92.0725,131.844,-1425.56,-571.457,-1397.57,-537.078
-1496.0,-428.0,-113.301,7.66511e-07,87.9154,-47.7309,92.0846,131.477,-1425.57,-571.076,-1397.59,-536.264
-1494.0,-428.0,-112.251,7.62041e-07,87.9031,-48.1024,92.0969,131.105,-1425.58,-570.685,-1397.62,-535.427
-1492.0,-428.0,-111.55,7.57604e-07,87.8908,-48.4784,92.1092,130.729,-1425.59,-570.283,-1397.65,-534.567
-1490.0,-428.0,-111.077,7.532e-07,87.878,-48.8587,92.122,130.349,-1425.6,-569.869,-1397.67,-533.683
-1488.0,-428.0,-114.839,9.80961e-07,88.3544,-69.5117,91.6456,107.455,-1455.14,-424.638,-1469.04,-478.748
-1486.0,-428.0,-114.737,9.78647e-07,88.3491,-69.8778,91.6509,107.089,-1453.92,-424.606,-1467.44,-478.663
-1484.0,-428.0,-114.678,9.76372e-07,88.3453,-70.2457,91.6547,106.721,-1452.7,-424.573,-1465.84,-478.578
-1482.0,-428.0,-114.657,9.74138e-07,88.3415,-70.6153,91.6585,106.352,-1451.48,-424.541,-1464.23,-478.493
-1480.0,-428.0,-114.673,9.71944e-07,88.3377,-70.9865,91.6623,105.981,-1450.26,-424.508,-1462.63,-478.408
-1478.0,-428.0,-114.725,9.69792e-07,88.334,-71.3594,91.666,105.608,-1449.03,-424.475,-1461.02,-478.323
-1476.0,-428.0,-119.804,1.08738e-06,88.5142,-73.1663,91.4858,-98.9741,-1402.92,-618.489,-1460.78,-478.309
-1474.0,-428.0,-124.829,6.35571e-07,87.4575,-64.4164,92.5425,69.5502,-1396.34,-590.198,-1396.34,-590.198
-1472.0,-428.0,-121.022,6.32723e-07,87.446,-64.9939,92.554,69.5502,-1396.34,-590.198,-1396.34,-590.198
-1470.0,-428.0,-111.397,6.38804e-07,87.4704,71.5326,92.5296,111.52,-1469.0,-425.007,-1469.0,-425.007
-1468.0,-428.0,-106.769,6.17784e-07,87.3842,-68.4287,92.6158,111.571,-1468.0,-428.0,-1400.0,-600.0
-1466.0,-428.0,-106.735,6.15364e-07,87.3739,-69.0071,92.6261,110.993,-1466.0,-428.0,-1400.0,-600.0
-1464.0,-428.0,-106.702,6.13007e-07,87.3638,-69.5901,92.6362,110.41,-1464.0,-428.0,-1400.0,-600.0
-1462.0,-428.0,-106.669,6.10715e-07,87.3539,-70.1775,92.6461,109.822,-1462.0,-428.0,-1400.0,-600.0
-1460.0,-428.0,-106.637,6.08486e-07,87.3442,-70.7693,92.6558,109.231,-1460.0,-428.0,-1400.0,-600.0
-1458.0,-428.0,-106.606,6.06323e-07,87.3347,-71.3654,92.6653,108.635,-1458.0,-428.0,-1400.0,-600.0
-1456.0,-428.0,-106.576,6.04226e-07,87.3255,-71.9657,92.6745,108.034,-1456.0,-428.0,-1400.0,-600.0
-1454.0,-428.0,-106.547,6.02196e-07,87.3165,-72.5701,92.6835,107.43,-1454.0,-428.0,-1400.0,-600.0
-1452.0,-428.0,-106.518,6.00233e-07,87.3077,-73.1786,92.6923,106.821,-1452.0,-428.0,-1400.0,-600.0
-1450.0,-428.0,-106.491,5.98338e-07,87.2991,-73.791,92.7009,106.209,-1450.0,-428.0,-1400.0,-600.0
-1448.0,-428.0,-106.464,5.96512e-07,87.2908,-74.4072,92.7092,105.593,-1448.0,-428.0,-1400.0,-600.0
-1446.0,-428.0,-106.438,5.94755e-07,87.2828,-75.0271,92.7172,104.973,-1446.0,-428.0,-1400.0,-600.0
-1444.0,-428.0,-106.414,5.93068e-07,87.2751,-75.6507,92.7249,104.349,-1444.0,-428.0,-1400.0,-600.0
-1442.0,-428.0,-106.39,5.91455e-07,87.2586,-76.2777,92.7414,103.722,-1442.0,-428.0,-1400.0,-600.0
-1440.0,-428.0,-106.367,5.89926e-07,87.2179,-76.9081,92.7821,103.092,-1440.0,-428.0,-1400.0,-600.0
-1438.0,-428.0,-106.346,5.8848e-07,87.1561,-77.5418,92.8439,102.458,-1438.0,-428.0,-1400.0,-600.0
-1436.0,-428.0,-106.326,5.87107e-07,87.0944,-78.1785,92.9056,101.821,-1436.0,-428.0,-1400.0,-600.0
-1434.0,-428.0,-106.306,5.85807e-07,87.0327,-78.8182,92.9673,101.182,-1434.0,-428.0,-1400.0,-600.0
-1432.0,-428.0,-106.288,5.84581e-07,86.9712,-79.4608,93.0288,100.539,-1432.0,-428.0,-1400.0,-600.0
-1430.0,-428.0,-109.091,5.83563e-07,89.9542,-80.2532,93.6817,99.9231,-1422.52,-471.294,-1426.05,-451.013
-1428.0,-428.0,-127.107,7.03939e-07,87.3933,-82.1108,92.6067,-93.2955,-1401.06,-618.411,-1420.16,-484.607
-1426.0,-428.0,-139.318,5.81662e-07,86.7892,-84.1058,93.2108,99.908,-1420.16,-484.607,-1420.16,-484.607
-1424.0,-428.0,-143.625,5.94691e-07,86.8053,-93.3658,93.1947,111.97,-1429.78,-526.194,-1429.78,-526.194
-1422.0,-428.0,-143.36,5.95182e-07,86.7536,-94.5272,93.2464,111.97,-1429.78,-526.194,-1429.78,-526.194
-1420.0,-428.0,-143.021,5.95807e-07,86.7027,-95.6849,93.2973,111.97,-1429.78,-526.194,-1429.78,-526.194
-1418.0,-428.0,-153.085,1.30355e-06,85.8928,-105.544,88.5681,105.218,-1447.76,-424.441,-1445.42,-526.568
-1416.0,-428.0,-154.608,6.76401e-07,87.0451,-124.57,92.9549,111.97,-1429.78,-526.194,-1459.67,-491.378
-1414.0,-428.0,-155.046,6.80219e-07,87.0617,-125.331,92.9383,111.97,-1429.78,-526.194,-1459.62,-492.359
-1412.0,-428.0,-155.805,6.84108e-07,87.0784,-126.078,92.9216,111.97,-1429.78,-526.194,-1459.57,-493.289
-1410.0,-428.0,-154.489,8.03983e-07,83.429,-130.584,83.805,135.918,-1425.47,-575.334,-1459.94,-486.301
-1408.0,-428.0,-153.329,8.08312e-07,83.4992,-130.95,83.7672,136.271,-1425.46,-575.644,-1459.86,-487.769
-1406.0,-428.0,-152.607,8.12674e-07,83.5678,-131.311,83.73,136.62,-1425.45,-575.946,-1459.79,-489.202
-1404.0,-428.0,-152.513,8.16817e-07,85.2023,-131.801,78.7548,136.192,-1425.46,-575.575,-1459.73,-490.327
-1402.0,-428.0,-158.937,7.66405e-07,87.3923,-138.394,92.6077,89.6826,-1399.57,-523.105,-1460.29,-479.762
-1400.0,-428.0,-158.338,7.71409e-07,87.4092,-138.888,92.5908,89.6826,-1399.57,-523.105,-1460.25,-480.578
-1398.0,-428.0,-154.304,8.2819e-07,87.587,-134.446,92.413,129.101,-1425.63,-568.463,-1459.7,-490.903
-1396.0,-428.0,-157.037,8.32875e-07,87.6005,-134.838,92.3995,129.101,-1425.63,-568.463,-1459.64,-492.001
-1394.0,-428.0,-158.487,7.86649e-07,87.4463,-140.314,92.5537,89.6826,-1399.57,-523.105,-1460.12,-482.871
-1392.0,-428.0,0.0,0.0,0.0,0.0,0.0,0.0,0.0,0.0,0.0,0.0
-1390.0,-428.0,0.0,0.0,0.0,0.0,0.0,0.0,0.0,0.0,0.0,0.0
-1388.0,-428.0,0.0,0.0,0.0,0.0,0.0,0.0,0.0,0.0,0.0,0.0
-1386.0,-428.0,0.0,0.0,0.0,0.0,0.0,0.0,0.0,0.0,0.0,0.0
-1384.0,-428.0,0.0,0.0,0.0,0.0,0.0,0.0,0.0,0.0,0.0,0.0
-1382.0,-428.0,0.0,0.0,0.0,0.0,0.0,0.0,0.0,0.0,0.0,0.0
-1380.0,-428.0,0.0,0.0,0.0,0.0,0.0,0.0,0.0,0.0,0.0,0.0
-1378.0,-428.0,0.0,0.0,0.0,0.0,0.0,0.0,0.0,0.0,0.0,0.0
-1376.0,-428.0,0.0,0.0,0.0,0.0,0.0,0.0,0.0,0.0,0.0,0.0
-1374.0,-428.0,-197.614,2.34232e-06,89.0079,84.4776,90.9921,-14.8341,-1340.17,-615.845,-1363.74,-321.843
-1372.0,-428.0,-198.449,2.3417e-06,88.9939,84.8306,91.0061,-14.8341,-1340.17,-615.845,-1362.39,-321.828
-1370.0,-428.0,-191.918,1.36918e-06,88.2649,59.5747,91.7351,7.79523,-1306.24,-587.164,-1337.99,-373.501
-1368.0,-428.0,-190.202,1.36582e-06,88.257,59.8889,91.743,7.79523,-1306.24,-587.164,-1336.38,-373.47
-1366.0,-428.0,-188.183,1.43822e-06,88.3448,62.0902,91.6552,-9.41385,-1309.77,-614.96,-1337.12,-373.484
-1364.0,-428.0,-174.832,1.35427e-06,88.2421,-59.3002,91.7579,-2.76158,-1239.86,-607.725,-1331.26,-483.133
-1362.0,-428.0,-173.856,1.35089e-06,88.2377,-59.7034,91.7623,-2.76158,-1239.86,-607.725,-1329.8,-483.103
-1360.0,-428.0,-168.411,1.61994e-06,88.5305,-74.6034,91.4695,-14.6085,-1339.34,-615.81,-1329.2,-539.827
-1358.0,-428.0,-168.442,1.61822e-06,88.5289,-75.5602,91.4711,-14.6085,-1339.34,-615.81,-1329.2,-539.827
-1356.0,-428.0,-168.518,1.61661e-06,88.5275,-76.5253,91.4725,-14.6085,-1339.34,-615.81,-1329.2,-539.827
-1354.0,-428.0,-168.637,1.61511e-06,88.5261,-77.4982,91.4739,-14.6085,-1339.34,-615.81,-1329.2,-539.827
-1352.0,-428.0,-168.802,1.61372e-06,88.5248,-78.4785,91.4752,-14.6085,-1339.34,-615.81,-1329.2,-539.827
-1350.0,-428.0,-169.015,1.61245e-06,88.5237,-79.4657,91.4763,-14.6085,-1339.34,-615.81,-1329.2,-539.827
-1348.0,-428.0,-169.275,1.61128e-06,88.5226,-80.4593,91.4774,-14.6085,-1339.34,-615.81,-1329.2,-539.827
-1346.0,-428.0,-174.878,1.56329e-06,88.4674,71.6208,91.5326,-2.76158,-1239.86,-607.725,-1327.83,-373.307
-1344.0,-428.0,0.0,0.0,0.0,0.0,0.0,0.0,0.0,0.0,0.0,0.0
-1342.0,-428.0,0.0,0.0,0.0,0.0,0.0,0.0,0.0,0.0,0.0,0.0
-1340.0,-428.0,0.0,0.0,0.0,0.0,0.0,0.0,0.0,0.0,0.0,0.0
-1338.0,-428.0,0.0,0.0,0.0,0.0,0.0,0.0,0.0,0.0,0.0,0.0
-1336.0,-428.0,0.0,0.0,0.0,0.0,0.0,0.0,0.0,0.0,0.0,0.0
-1334.0,-428.0,0.0,0.0,0.0,0.0,0.0,0.0,0.0,0.0,0.0,0.0
-1332.0,-428.0,0.0,0.0,0.0,0.0,0.0,0.0,0.0,0.0,0.0,0.0
-1330.0,-428.0,0.0,0.0,0.0,0.0,0.0,0.0,0.0,0.0,0.0,0.0
-1328.0,-428.0,0.0,0.0,0.0,0.0,0.0,0.0,0.0,0.0,0.0,0.0
-1326.0,-428.0,0.0,0.0,0.0,0.0,0.0,0.0,0.0,0.0,0.0,0.0
-1324.0,-428.0,0.0,0.0,0.0,0.0,0.0,0.0,0.0,0.0,0.0,0.0
-1322.0,-428.0,0.0,0.0,0.0,0.0,0.0,0.0,0.0,0.0,0.0,0.0
-1320.0,-428.0,0.0,0.0,0.0,0.0,0.0,0.0,0.0,0.0,0.0,0.0
-1318.0,-428.0,0.0,0.0,0.0,0.0,0.0,0.0,0.0,0.0,0.0,0.0
-1316.0,-428.0,0.0,0.0,0.0,0.0,0.0,0.0,0.0,0.0,0.0,0.0
-1314.0,-428.0,0.0,0.0,0.0,0.0,0.0,0.0,0.0,0.0,0.0,0.0
-1312.0,-428.0,0.0,0.0,0.0,0.0,0.0,0.0,0.0,0.0,0.0,0.0
-1310.0,-428.0,-162.654,1.10814e-06,87.5036,-56.0903,92.4964,-35.9954,-1376.1,-617.359,-1254.96,-509.88
-1308.0,-428.0,-162.193,1.10446e-06,87.466,-56.4613,92.534,-35.9954,-1376.1,-617.359,-1254.98,-507.988
-1306.0,-428.0,-162.61,1.10082e-06,87.4283,-56.8354,92.5717,-35.9954,-1376.1,-617.359,-1255.0,-506.04
-1304.0,-428.0,-163.917,1.09722e-06,87.3903,-57.2128,92.6097,-35.9954,-1376.1,-617.359,-1255.02,-504.035
-1302.0,-428.0,-173.873,1.00648e-06,87.1228,-57.673,92.8772,35.7331,-1385.93,-589.879,-1255.04,-502.201
-1300.0,-428.0,-182.503,1.01374e-06,87.1156,-61.1911,92.8844,-9.41385,-1309.77,-614.96,-1254.96,-509.9
-1298.0,-428.0,-182.604,1.01057e-06,87.0905,-61.667,92.9095,-9.41385,-1309.77,-614.96,-1254.98,-507.784
-1296.0,-428.0,-182.804,1.00744e-06,87.0655,-62.1471,92.9345,-9.41385,-1309.77,-614.96,-1255.01,-505.579
-1294.0,-428.0,-183.181,1.00437e-06,87.0404,-62.6316,92.9596,-9.41385,-1309.77,-614.96,-1255.03,-503.28
-1292.0,-428.0,0.0,0.0,0.0,0.0,0.0,0.0,0.0,0.0,0.0,0.0
-1290.0,-428.0,-173.287,1.22543e-06,87.5483,-28.407,92.4517,-43.3117,-1381.35,-617.58,-1209.87,-471.337
-1288.0,-428.0,-174.79,1.21958e-06,87.5233,-28.6007,92.4767,-43.3117,-1381.35,-617.58,-1209.9,-470.582
-1286.0,-428.0,-176.537,1.21374e-06,87.498,-28.7968,92.502,-43.3117,-1381.35,-617.58,-1209.93,-469.814
-1284.0,-428.0,0.0,0.0,0.0,0.0,0.0,0.0,0.0,0.0,0.0,0.0
-1282.0,-428.0,0.0,0.0,0.0,0.0,0.0,0.0,0.0,0.0,0.0,0.0
-1280.0,-428.0,0.0,0.0,0.0,0.0,0.0,0.0,0.0,0.0,0.0,0.0
-1278.0,-428.0,-154.033,9.70708e-07,83.6288,-113.879,85.2916,-60.0522,-1389.67,-617.931,-1361.56,-616.746
-1276.0,-428.0,-174.963,9.30491e-07,83.7664,-115.702,145.382,34.0502,-1394.24,-596.107,-1366.96,-616.974
-1274.0,-428.0,-175.247,9.33408e-07,83.772,-116.073,145.089,33.6579,-1394.15,-596.104,-1366.46,-616.953
-1272.0,-428.0,-168.423,1.16941e-06,87.3246,49.7197,92.6754,14.0355,-1355.83,-588.959,-1244.77,-395.866
-1270.0,-428.0,-176.1,9.39316e-07,83.8105,-116.809,144.503,32.896,-1393.97,-596.099,-1365.46,-616.911
-1268.0,-428.0,-160.604,1.22671e-06,86.0964,50.3328,75.3454,-42.2102,-1380.65,-617.551,-1241.2,-395.683
-1266.0,-428.0,0.0,0.0,0.0,0.0,0.0,0.0,0.0,0.0,0.0,0.0
-1264.0,-428.0,0.0,0.0,0.0,0.0,0.0,0.0,0.0,0.0,0.0,0.0
-1262.0,-428.0,-162.326,9.01363e-07,84.0188,-120.212,52.8853,48.5562,-1391.21,-590.041,-1372.17,-617.193
-1260.0,-428.0,-161.451,9.04721e-07,84.0409,-120.579,53.0664,48.1579,-1391.08,-590.037,-1371.79,-617.177
-1258.0,-428.0,-160.96,9.08116e-07,84.0631,-120.944,53.2473,47.7645,-1390.95,-590.033,-1371.41,-617.161
-1256.0,-428.0,-151.534,9.00971e-07,84.0521,-121.77,81.5017,56.6871,-1393.5,-590.111,-1373.2,-617.237
-1254.0,-428.0,-151.444,9.04484e-07,84.0749,-122.132,81.5381,56.3249,-1393.41,-590.108,-1372.84,-617.222
-1252.0,-428.0,-151.423,9.07983e-07,84.1338,-122.49,81.5748,55.9634,-1393.32,-590.105,-1372.49,-617.207
-1250.0,-428.0,-151.472,9.11481e-07,84.2202,-122.845,81.6117,55.6031,-1393.22,-590.103,-1372.13,-617.192
-1248.0,-428.0,-151.616,9.15015e-07,84.3062,-123.197,81.6487,55.2457,-1393.13,-590.1,-1371.78,-617.177
-1246.0,-428.0,-123.162,9.14741e-07,86.768,-123.484,93.232,54.9672,-1393.06,-590.097,-1328.45,-552.64
-1244.0,-428.0,-125.801,9.18401e-07,86.8337,-124.119,93.1663,54.9672,-1393.06,-590.097,-1328.45,-552.64
-1242.0,-428.0,-132.48,9.22122e-07,86.899,-124.745,93.101,54.9672,-1393.06,-590.097,-1328.45,-552.64
-1240.0,-428.0,-136.429,9.25904e-07,86.9641,-125.361,93.0359,54.9672,-1393.06,-590.097,-1328.45,-552.64
-1238.0,-428.0,-139.122,9.29746e-07,87.0288,-125.967,92.9712,54.9672,-1393.06,-590.097,-1328.45,-552.64
-1236.0,-428.0,-141.158,9.33645e-07,87.0931,-126.565,92.9069,54.9672,-1393.06,-590.097,-1328.45,-552.64
-1234.0,-428.0,-142.572,8.88262e-07,86.9991,-127.123,93.0009,-43.396,-1381.4,-617.583,-1355.83,-588.959
-1232.0,-428.0,-141.665,8.92262e-07,87.0669,-127.573,92.9331,-43.396,-1381.4,-617.583,-1355.83,-588.959
-1230.0,-428.0,-140.671,8.96326e-07,87.1051,-128.017,92.8949,-43.396,-1381.4,-617.583,-1355.83,-588.959
-1228.0,-428.0,-131.043,1.78025e-06,88.5651,-137.372,91.4349,-15.5937,-1342.83,-615.957,-1339.88,-530.982
-1226.0,-428.0,-120.472,1.78515e-06,88.5961,-137.604,91.4039,-15.5676,-1342.74,-615.953,-1339.65,-531.764
-1224.0,-428.0,-120.587,1.79006e-06,88.6271,-137.748,91.3729,-15.4235,-1342.25,-615.932,-1339.35,-532.786
-1222.0,-428.0,-118.227,9.79768e-07,87.5405,-134.314,92.4595,-40.4701,-1379.49,-617.502,-1357.3,-566.581
-1220.0,-428.0,-119.757,9.84401e-07,87.6013,-134.592,92.3987,-40.1919,-1379.29,-617.494,-1357.28,-567.25
-1218.0,-428.0,-121.013,1.80487e-06,88.7188,-138.175,91.2812,-14.9961,-1340.76,-615.869,-1338.47,-535.804
-1216.0,-428.0,-121.184,1.80983e-06,88.7491,-138.316,91.2509,-14.8551,-1340.25,-615.848,-1338.18,-536.794
-1214.0,-428.0,-123.133,9.30104e-07,87.6175,-131.386,92.3825,-43.396,-1381.4,-617.583,-1355.83,-588.959
-1212.0,-428.0,-117.754,9.34495e-07,87.6806,-131.784,92.3194,-43.396,-1381.4,-617.583,-1355.83,-588.959
-1210.0,-428.0,0.0,0.0,0.0,0.0,0.0,0.0,0.0,0.0,0.0,0.0
-1208.0,-428.0,0.0,0.0,0.0,0.0,0.0,0.0,0.0,0.0,0.0,0.0
-1206.0,-428.0,0.0,0.0,0.0,0.0,0.0,0.0,0.0,0.0,0.0,0.0
-1204.0,-428.0,0.0,0.0,0.0,0.0,0.0,0.0,0.0,0.0,0.0,0.0
-1202.0,-428.0,0.0,0.0,0.0,0.0,0.0,0.0,0.0,0.0,0.0,0.0
-1600.0,-426.0,-163.464,1.02248e-06,88.2716,-18.0496,91.7284,99.908,-1420.16,-484.607,-1420.16,-484.607
-1598.0,-426.0,-163.513,1.01613e-06,88.2766,-18.2392,91.7234,99.908,-1420.16,-484.607,-1420.16,-484.607
-1596.0,-426.0,-163.544,1.00979e-06,88.2818,-18.4327,91.7182,99.908,-1420.16,-484.607,-1420.16,-484.607
-1594.0,-426.0,-163.548,1.00346e-06,88.2871,-18.6302,91.7129,99.908,-1420.16,-484.607,-1420.16,-484.607
-1592.0,-426.0,-162.966,1.20412e-06,88.586,-43.2131,91.414,96.8954,-1412.1,-499.96,-1532.28,-482.11
-1590.0,-426.0,-163.296,1.19836e-06,88.5927,-42.4012,91.4073,99.908,-1420.16,-484.607,-1528.76,-481.923
-1588.0,-426.0,-162.42,1.16331e-06,88.5641,36.1438,91.4359,130.461,-1425.59,-569.992,-1538.92,-390.149
-1586.0,-426.0,-138.387,1.2539e-06,88.6808,-46.4644,91.3192,129.985,-1425.61,-569.467,-1532.67,-482.131
-1584.0,-426.0,-142.494,1.24932e-06,88.6881,-46.7525,91.3119,129.985,-1425.61,-569.467,-1531.27,-482.056
-1582.0,-426.0,-144.188,1.24476e-06,88.6833,-47.0433,91.3167,129.985,-1425.61,-569.467,-1529.87,-481.982
-1580.0,-426.0,-144.417,1.24022e-06,88.6785,-47.3368,91.3215,129.985,-1425.61,-569.467,-1528.48,-481.908
-1578.0,-426.0,-144.399,1.23571e-06,88.6737,-47.6332,91.3263,129.985,-1425.61,-569.467,-1527.08,-481.833
-1576.0,-426.0,-144.517,1.23123e-06,88.6689,-47.9324,91.3311,129.985,-1425.61,-569.467,-1525.68,-481.759
-1574.0,-426.0,-144.802,1.22677e-06,88.664,-48.2344,91.336,129.985,-1425.61,-569.467,-1524.27,-481.684
-1572.0,-426.0,-145.21,1.22234e-06,88.6592,-48.5393,91.3408,129.985,-1425.61,-569.467,-1522.87,-481.61
-1570.0,-426.0,-145.7,1.21794e-06,88.6543,-48.8471,91.3457,129.985,-1425.61,-569.467,-1521.46,-481.535
-1568.0,-426.0,-146.245,1.21356e-06,88.6495,-49.1578,91.3505,129.985,-1425.61,-569.467,-1520.06,-481.46
-1566.0,-426.0,-146.827,1.20921e-06,88.6446,-49.4715,91.3554,129.985,-1425.61,-569.467,-1518.65,-481.385
-1564.0,-426.0,-147.44,1.20489e-06,88.6398,-49.7881,91.3602,129.985,-1425.61,-569.467,-1517.24,-481.31
-1562.0,-426.0,-164.989,1.1168e-06,88.5325,-54.1996,91.4675,85.9366,-1397.78,-568.791,-1521.93,-481.56
-1560.0,-426.0,0.0,0.0,0.0,0.0,0.0,0.0,0.0,0.0,0.0,0.0
-1558.0,-426.0,0.0,0.0,0.0,0.0,0.0,0.0,0.0,0.0,0.0,0.0
-1556.0,-426.0,0.0,0.0,0.0,0.0,0.0,0.0,0.0,0.0,0.0,0.0
-1554.0,-426.0,0.0,0.0,0.0,0.0,0.0,0.0,0.0,0.0,0.0,0.0
-1552.0,-426.0,0.0,0.0,0.0,0.0,0.0,0.0,0.0,0.0,0.0,0.0
-1550.0,-426.0,0.0,0.0,0.0,0.0,0.0,0.0,0.0,0.0,0.0,0.0
-1548.0,-426.0,0.0,0.0,0.0,0.0,0.0,0.0,0.0,0.0,0.0,0.0
-1546.0,-426.0,0.0,0.0,0.0,0.0,0.0,0.0,0.0,0.0,0.0,0.0
-1544.0,-426.0,0.0,0.0,0.0,0.0,0.0,0.0,0.0,0.0,0.0,0.0
-1542.0,-426.0,0.0,0.0,0.0,0.0,0.0,0.0,0.0,0.0,0.0,0.0
-1540.0,-426.0,0.0,0.0,0.0,0.0,0.0,0.0,0.0,0.0,0.0,0.0
-1538.0,-426.0,0.0,0.0,0.0,0.0,0.0,0.0,0.0,0.0,0.0,0.0
-1536.0,-426.0,0.0,0.0,0.0,0.0,0.0,0.0,0.0,0.0,0.0,0.0
-1534.0,-426.0,0.0,0.0,0.0,0.0,0.0,0.0,0.0,0.0,0.0,0.0
-1532.0,-426.0,0.0,0.0,0.0,0.0,0.0,0.0,0.0,0.0,0.0,0.0
-1530.0,-426.0,0.0,0.0,0.0,0.0,0.0,0.0,0.0,0.0,0.0,0.0
-1528.0,-426.0,0.0,0.0,0.0,0.0,0.0,0.0,0.0,0.0,0.0,0.0
-1526.0,-426.0,0.0,0.0,0.0,0.0,0.0,0.0,0.0,0.0,0.0,0.0
-1524.0,-426.0,0.0,0.0,0.0,0.0,0.0,0.0,0.0,0.0,0.0,0.0
-1522.0,-426.0,0.0,0.0,0.0,0.0,0.0,0.0,0.0,0.0,0.0,0.0
-1520.0,-426.0,0.0,0.0,0.0,0.0,0.0,0.0,0.0,0.0,0.0,0.0
-1518.0,-426.0,0.0,0.0,0.0,0.0,0.0,0.0,0.0,0.0,0.0,0.0
-1516.0,-426.0,0.0,0.0,0.0,0.0,0.0,0.0,0.0,0.0,0.0,0.0
-1514.0,-426.0,0.0,0.0,0.0,0.0,0.0,0.0,0.0,0.0,0.0,0.0
-1512.0,-426.0,0.0,0.0,0.0,0.0,0.0,0.0,0.0,0.0,0.0,0.0
-1510.0,-426.0,0.0,0.0,0.0,0.0,0.0,0.0,0.0,0.0,0.0,0.0
-1508.0,-426.0,0.0,0.0,0.0,0.0,0.0,0.0,0.0,0.0,0.0,0.0
-1506.0,-426.0,0.0,0.0,0.0,0.0,0.0,0.0,0.0,0.0,0.0,0.0
-1504.0,-426.0,0.0,0.0,0.0,0.0,0.0,0.0,0.0,0.0,0.0,0.0
-1502.0,-426.0,0.0,0.0,0.0,0.0,0.0,0.0,0.0,0.0,0.0,0.0
-1500.0,-426.0,0.0,0.0,0.0,0.0,0.0,0.0,0.0,0.0,0.0,0.0
-1498.0,-426.0,-113.521,7.75948e-07,87.9088,-47.6977,92.0912,131.51,-1425.57,-571.111,-1397.59,-536.338
-1496.0,-426.0,-112.441,7.71475e-07,87.8967,-48.0645,92.1033,131.143,-1425.58,-570.725,-1397.62,-535.513
-1494.0,-426.0,-111.718,7.67034e-07,87.8845,-48.4356,92.1155,130.772,-1425.59,-570.329,-1397.64,-534.665
-1492.0,-426.0,-111.228,7.62626e-07,87.8723,-48.8109,92.1277,130.397,-1425.6,-569.921,-1397.67,-533.794
-1490.0,-426.0,-110.897,7.58251e-07,87.8595,-49.1907,92.1405,130.017,-1425.61,-569.503,-1397.7,-532.899
-1488.0,-426.0,-114.859,9.8722e-07,88.3509,-69.6473,91.6491,107.32,-1454.69,-424.626,-1468.44,-478.717
-1486.0,-426.0,-114.774,9.84919e-07,88.3471,-70.0114,91.6529,106.956,-1453.48,-424.594,-1466.86,-478.632
-1484.0,-426.0,-114.729,9.82659e-07,88.3433,-70.3773,91.6567,106.59,-1452.27,-424.562,-1465.27,-478.548
-1482.0,-426.0,-114.722,9.80439e-07,88.3395,-70.7448,91.6605,106.222,-1451.05,-424.529,-1463.67,-478.463
-1480.0,-426.0,-114.75,9.7826e-07,88.3358,-71.1139,91.6642,105.853,-1449.84,-424.497,-1462.08,-478.379
-1478.0,-426.0,-114.814,9.76121e-07,88.3322,-71.4847,91.6678,105.482,-1448.62,-424.465,-1460.49,-478.294
-1476.0,-426.0,-126.987,6.44481e-07,87.4735,-64.1212,92.5265,69.5502,-1396.34,-590.198,-1396.34,-590.198
-1474.0,-426.0,-123.145,6.41601e-07,87.4621,-64.6889,92.5379,69.5502,-1396.34,-590.198,-1396.34,-590.198
-1472.0,-426.0,-119.386,6.38781e-07,87.4509,-65.2619,92.5491,69.5502,-1396.34,-590.198,-1396.34,-590.198
-1470.0,-426.0,-106.891,6.26455e-07,87.4007,-68.0851,92.5993,111.915,-1470.0,-426.0,-1400.0,-600.0
-1468.0,-426.0,-106.856,6.23998e-07,87.3905,-68.6542,92.6095,111.346,-1468.0,-426.0,-1400.0,-600.0
-1466.0,-426.0,-106.823,6.21602e-07,87.3804,-69.2277,92.6196,110.772,-1466.0,-426.0,-1400.0,-600.0
-1464.0,-426.0,-106.79,6.19269e-07,87.3705,-69.8057,92.6295,110.194,-1464.0,-426.0,-1400.0,-600.0
-1462.0,-426.0,-106.758,6.17e-07,87.3608,-70.3879,92.6392,109.612,-1462.0,-426.0,-1400.0,-600.0
-1460.0,-426.0,-106.727,6.14795e-07,87.3514,-70.9744,92.6486,109.026,-1460.0,-426.0,-1400.0,-600.0
-1458.0,-426.0,-106.697,6.12654e-07,87.3421,-71.5651,92.6579,108.435,-1458.0,-426.0,-1400.0,-600.0
-1456.0,-426.0,-106.667,6.10579e-07,87.333,-72.1598,92.667,107.84,-1456.0,-426.0,-1400.0,-600.0
-1454.0,-426.0,-106.638,6.0857e-07,87.3242,-72.7585,92.6758,107.241,-1454.0,-426.0,-1400.0,-600.0
-1452.0,-426.0,-106.611,6.06627e-07,87.3157,-73.3612,92.6843,106.639,-1452.0,-426.0,-1400.0,-600.0
-1450.0,-426.0,-106.584,6.04752e-07,87.3073,-73.9677,92.6927,106.032,-1450.0,-426.0,-1400.0,-600.0
-1448.0,-426.0,-106.558,6.02945e-07,87.2992,-74.5778,92.7008,105.422,-1448.0,-426.0,-1400.0,-600.0
-1446.0,-426.0,-106.532,6.01207e-07,87.2914,-75.1916,92.7086,104.808,-1446.0,-426.0,-1400.0,-600.0
-1444.0,-426.0,-106.508,5.99538e-07,87.2839,-75.8089,92.7161,104.191,-1444.0,-426.0,-1400.0,-600.0
-1442.0,-426.0,-106.485,5.97943e-07,87.2677,-76.4296,92.7323,103.57,-1442.0,-426.0,-1400.0,-600.0
-1440.0,-426.0,-106.463,5.96442e-07,87.2068,-77.0535,92.7932,102.947,-1440.0,-426.0,-1400.0,-600.0
-1438.0,-426.0,-106.442,5.95012e-07,87.1457,-77.6806,92.8543,102.319,-1438.0,-426.0,-1400.0,-600.0
-1436.0,-426.0,-106.422,5.93654e-07,87.0847,-78.3106,92.9153,101.689,-1436.0,-426.0,-1400.0,-600.0
-1434.0,-426.0,-106.403,5.92368e-07,87.0238,-78.9436,92.9762,101.056,-1434.0,-426.0,-1400.0,-600.0
-1432.0,-426.0,-106.386,5.91156e-07,86.963,-79.5793,93.037,100.421,-1432.0,-426.0,-1400.0,-600.0
-1430.0,-426.0,-117.275,7.1149e-07,87.4316,-81.4838,92.5684,-93.6896,-1401.19,-618.416,-1401.19,-618.416
-1428.0,-426.0,-130.655,7.10564e-07,87.3828,-82.3768,92.6172,-93.2955,-1401.06,-618.411,-1420.16,-484.607
-1426.0,-426.0,-140.401,5.88316e-07,86.7835,-84.3056,93.2165,99.908,-1420.16,-484.607,-1420.16,-484.607
-1424.0,-426.0,-143.775,6.01367e-07,86.7996,-93.2988,93.2004,111.97,-1429.78,-526.194,-1429.78,-526.194
-1422.0,-426.0,-143.52,6.01848e-07,86.7484,-94.4372,93.2516,111.97,-1429.78,-526.194,-1429.78,-526.194
-1420.0,-426.0,-143.194,6.02462e-07,86.6981,-95.5722,93.3019,111.97,-1429.78,-526.194,-1429.78,-526.194
-1418.0,-426.0,-142.792,6.03196e-07,86.6655,-96.7028,93.3345,111.97,-1429.78,-526.194,-1429.78,-526.194
-1416.0,-426.0,-153.087,1.31179e-06,85.9061,-105.747,88.5694,105.421,-1448.42,-424.459,-1444.35,-526.542
-1414.0,-426.0,-154.853,6.85685e-07,87.067,-124.803,92.933,111.97,-1429.78,-526.194,-1459.66,-491.683
-1412.0,-426.0,-155.364,6.89524e-07,87.0834,-125.545,92.9166,111.97,-1429.78,-526.194,-1459.61,-492.629
-1410.0,-426.0,-156.007,8.09054e-07,83.4507,-130.274,83.8382,135.609,-1425.47,-575.061,-1460.01,-485.024
-1408.0,-426.0,-154.322,8.13356e-07,83.5201,-130.639,83.8003,135.962,-1425.47,-575.373,-1459.93,-486.505
-1406.0,-426.0,-153.259,8.17691e-07,83.588,-131.0,83.763,136.31,-1425.46,-575.678,-1459.85,-487.952
-1404.0,-426.0,-152.595,8.22058e-07,83.6543,-131.357,83.7262,136.656,-1425.45,-575.977,-1459.78,-489.365
-1402.0,-426.0,-152.543,8.26226e-07,85.2493,-131.838,78.7484,136.225,-1425.46,-575.604,-1459.72,-490.471
-1400.0,-426.0,-151.158,8.28354e-07,87.5725,-133.664,92.4275,129.101,-1425.63,-568.463,-1459.82,-488.672
-1398.0,-426.0,-152.532,8.32974e-07,87.586,-134.061,92.414,129.101,-1425.63,-568.463,-1459.76,-489.813
-1396.0,-426.0,-154.458,8.37628e-07,87.5994,-134.453,92.4006,129.101,-1425.63,-568.463,-1459.7,-490.924
-1394.0,-426.0,-157.16,8.42324e-07,87.5946,-134.84,92.4054,129.101,-1425.63,-568.463,-1459.64,-492.007
-1392.0,-426.0,0.0,0.0,0.0,0.0,0.0,0.0,0.0,0.0,0.0,0.0
-1390.0,-426.0,0.0,0.0,0.0,0.0,0.0,0.0,0.0,0.0,0.0,0.0
-1388.0,-426.0,0.0,0.0,0.0,0.0,0.0,0.0,0.0,0.0,0.0,0.0
-1386.0,-426.0,0.0,0.0,0.0,0.0,0.0,0.0,0.0,0.0,0.0,0.0
-1384.0,-426.0,0.0,0.0,0.0,0.0,0.0,0.0,0.0,0.0,0.0,0.0
-1382.0,-426.0,0.0,0.0,0.0,0.0,0.0,0.0,0.0,0.0,0.0,0.0
-1380.0,-426.0,0.0,0.0,0.0,0.0,0.0,0.0,0.0,0.0,0.0,0.0
-1378.0,-426.0,0.0,0.0,0.0,0.0,0.0,0.0,0.0,0.0,0.0,0.0
-1376.0,-426.0,0.0,0.0,0.0,0.0,0.0,0.0,0.0,0.0,0.0,0.0
-1374.0,-426.0,-197.494,2.33568e-06,88.9945,84.4433,91.0055,-14.8341,-1340.17,-615.845,-1363.87,-321.844
-1372.0,-426.0,-198.328,2.33507e-06,88.9804,84.7985,91.0196,-14.8341,-1340.17,-615.845,-1362.52,-321.829
-1370.0,-426.0,-199.253,2.33449e-06,88.975,85.1541,91.025,-14.8341,-1340.17,-615.845,-1361.17,-321.814
-1368.0,-426.0,-174.884,8.82103e-07,87.2866,-151.146,92.7134,113.553,-1429.64,-532.017,-1375.51,-430.138
-1366.0,-426.0,-175.394,1.36342e-06,88.2449,-59.1388,91.7551,-2.76158,-1239.86,-607.725,-1331.85,-483.145
-1364.0,-426.0,-174.283,1.36002e-06,88.2405,-59.537,91.7595,-2.76158,-1239.86,-607.725,-1330.41,-483.115
-1362.0,-426.0,-173.494,1.35666e-06,88.2361,-59.9384,91.7639,-2.76158,-1239.86,-607.725,-1328.96,-483.086
-1360.0,-426.0,-168.511,1.62638e-06,88.5287,-74.8614,91.4713,-14.6085,-1339.34,-615.81,-1329.2,-539.827
-1358.0,-426.0,-168.553,1.62469e-06,88.5272,-75.8036,91.4728,-14.6085,-1339.34,-615.81,-1329.2,-539.827
-1356.0,-426.0,-168.638,1.62311e-06,88.5257,-76.7536,91.4743,-14.6085,-1339.34,-615.81,-1329.2,-539.827
-1354.0,-426.0,-168.765,1.62163e-06,88.5244,-77.7112,91.4756,-14.6085,-1339.34,-615.81,-1329.2,-539.827
-1352.0,-426.0,-168.937,1.62027e-06,88.5231,-78.6757,91.4769,-14.6085,-1339.34,-615.81,-1329.2,-539.827
-1350.0,-426.0,-169.155,1.61901e-06,88.522,-79.6468,91.478,-14.6085,-1339.34,-615.81,-1329.2,-539.827
-1348.0,-426.0,-169.418,1.61787e-06,88.521,-80.6239,91.479,-14.6085,-1339.34,-615.81,-1329.2,-539.827
-1346.0,-426.0,-175.073,1.55696e-06,88.4532,71.5028,91.5468,-2.76158,-1239.86,-607.725,-1328.38,-373.317
-1344.0,-426.0,-174.393,1.55487e-06,88.4408,71.8585,91.5592,-2.76158,-1239.86,-607.725,-1326.73,-373.286
-1342.0,-426.0,0.0,0.0,0.0,0.0,0.0,0.0,0.0,0.0,0.0,0.0
-1340.0,-426.0,0.0,0.0,0.0,0.0,0.0,0.0,0.0,0.0,0.0,0.0
-1338.0,-426.0,0.0,0.0,0.0,0.0,0.0,0.0,0.0,0.0,0.0,0.0
-1336.0,-426.0,0.0,0.0,0.0,0.0,0.0,0.0,0.0,0.0,0.0,0.0
-1334.0,-426.0,0.0,0.0,0.0,0.0,0.0,0.0,0.0,0.0,0.0,0.0
-1332.0,-426.0,0.0,0.0,0.0,0.0,0.0,0.0,0.0,0.0,0.0,0.0
-1330.0,-426.0,0.0,0.0,0.0,0.0,0.0,0.0,0.0,0.0,0.0,0.0
-1328.0,-426.0,0.0,0.0,0.0,0.0,0.0,0.0,0.0,0.0,0.0,0.0
-1326.0,-426.0,0.0,0.0,0.0,0.0,0.0,0.0,0.0,0.0,0.0,0.0
-1324.0,-426.0,0.0,0.0,0.0,0.0,0.0,0.0,0.0,0.0,0.0,0.0
-1322.0,-426.0,0.0,0.0,0.0,0.0,0.0,0.0,0.0,0.0,0.0,0.0
-1320.0,-426.0,0.0,0.0,0.0,0.0,0.0,0.0,0.0,0.0,0.0,0.0
-1318.0,-426.0,0.0,0.0,0.0,0.0,0.0,0.0,0.0,0.0,0.0,0.0
-1316.0,-426.0,0.0,0.0,0.0,0.0,0.0,0.0,0.0,0.0,0.0,0.0
-1314.0,-426.0,0.0,0.0,0.0,0.0,0.0,0.0,0.0,0.0,0.0,0.0
-1312.0,-426.0,0.0,0.0,0.0,0.0,0.0,0.0,0.0,0.0,0.0,0.0
-1310.0,-426.0,-162.322,1.11371e-06,87.4827,-56.337,92.5173,-35.9954,-1376.1,-617.359,-1254.97,-508.626
-1308.0,-426.0,-162.442,1.11005e-06,87.4453,-56.7066,92.5547,-35.9954,-1376.1,-617.359,-1254.99,-506.715
-1306.0,-426.0,-163.424,1.10644e-06,87.4078,-57.0793,92.5922,-35.9954,-1376.1,-617.359,-1255.01,-504.749
-1304.0,-426.0,-173.945,1.01568e-06,87.1441,-57.4856,92.8559,35.7331,-1385.93,-589.879,-1255.04,-502.815
-1302.0,-426.0,-174.034,1.01215e-06,87.1022,-57.9977,92.8978,35.7331,-1385.93,-589.879,-1255.05,-501.121
-1300.0,-426.0,-182.627,1.01962e-06,87.0958,-61.4495,92.9042,-9.41385,-1309.77,-614.96,-1254.97,-508.759
-1298.0,-426.0,-182.774,1.01647e-06,87.0709,-61.9226,92.9291,-9.41385,-1309.77,-614.96,-1254.99,-506.619
-1296.0,-426.0,-183.051,1.01337e-06,87.046,-62.3999,92.954,-9.41385,-1309.77,-614.96,-1255.02,-504.389
-1294.0,-426.0,-173.186,1.24033e-06,87.5739,-28.3784,92.4261,-43.3117,-1381.35,-617.58,-1209.87,-471.448
-1292.0,-426.0,-174.623,1.23448e-06,87.5493,-28.5689,92.4507,-43.3117,-1381.35,-617.58,-1209.9,-470.706
-1290.0,-426.0,-176.307,1.22865e-06,87.5245,-28.7617,92.4755,-43.3117,-1381.35,-617.58,-1209.93,-469.952
-1288.0,-426.0,-178.111,1.22282e-06,87.4995,-28.957,92.5005,-43.3117,-1381.35,-617.58,-1209.95,-469.185
-1286.0,-426.0,0.0,0.0,0.0,0.0,0.0,0.0,0.0,0.0,0.0,0.0
-1284.0,-426.0,0.0,0.0,0.0,0.0,0.0,0.0,0.0,0.0,0.0,0.0
-1282.0,-426.0,0.0,0.0,0.0,0.0,0.0,0.0,0.0,0.0,0.0,0.0
-1280.0,-426.0,0.0,0.0,0.0,0.0,0.0,0.0,0.0,0.0,0.0,0.0
-1278.0,-426.0,-154.115,9.76848e-07,83.635,-113.719,85.2852,-60.2107,-1389.73,-617.934,-1361.81,-616.757
-1276.0,-426.0,0.0,0.0,0.0,0.0,0.0,0.0,0.0,0.0,0.0,0.0
-1274.0,-426.0,-175.169,9.39418e-07,83.7891,-115.893,145.23,33.8462,-1394.19,-596.106,-1366.7,-616.963
-1272.0,-426.0,-175.486,9.42335e-07,83.808,-116.261,144.939,33.4605,-1394.1,-596.103,-1366.21,-616.942
-1270.0,-426.0,-175.903,9.45289e-07,83.827,-116.625,144.648,33.0826,-1394.01,-596.1,-1365.71,-616.921
-1268.0,-426.0,-176.458,9.48281e-07,83.8462,-116.988,144.358,32.7124,-1393.92,-596.097,-1365.22,-616.9
-1266.0,-426.0,-160.58,1.21736e-06,86.0422,50.3739,75.3344,-42.2548,-1380.68,-617.552,-1240.88,-395.667
-1264.0,-426.0,0.0,0.0,0.0,0.0,0.0,0.0,0.0,0.0,0.0,0.0
-1262.0,-426.0,0.0,0.0,0.0,0.0,0.0,0.0,0.0,0.0,0.0,0.0
-1260.0,-426.0,-161.994,9.10486e-07,84.0531,-120.364,52.9611,48.3889,-1391.15,-590.039,-1372.01,-617.187
-1258.0,-426.0,-161.295,9.1386e-07,84.075,-120.727,53.1406,47.996,-1391.03,-590.035,-1371.63,-617.171
-1256.0,-426.0,-160.926,9.1727e-07,84.0969,-121.088,53.32,47.6079,-1390.9,-590.031,-1371.26,-617.155
-1254.0,-426.0,-151.556,9.10157e-07,84.0898,-121.907,81.5156,56.5484,-1393.47,-590.11,-1373.06,-617.231
-1252.0,-426.0,-151.481,9.13634e-07,84.1481,-122.263,81.5519,56.1882,-1393.37,-590.107,-1372.71,-617.216
-1250.0,-426.0,-151.476,9.1711e-07,84.2337,-122.617,81.5885,55.8293,-1393.28,-590.104,-1372.36,-617.201
-1248.0,-426.0,-151.559,9.20622e-07,84.3188,-122.968,81.6251,55.4732,-1393.19,-590.101,-1372.01,-617.186
-1246.0,-426.0,-128.979,9.20336e-07,86.7607,-123.066,93.2393,54.9672,-1393.06,-590.097,-1328.45,-552.64
-1244.0,-426.0,-119.661,9.23955e-07,86.8259,-123.697,93.1741,54.9672,-1393.06,-590.097,-1328.45,-552.64
-1242.0,-426.0,-128.459,9.27635e-07,86.8908,-124.319,93.1092,54.9672,-1393.06,-590.097,-1328.45,-552.64
-1240.0,-426.0,-133.973,9.31376e-07,86.9553,-124.931,93.0447,54.9672,-1393.06,-590.097,-1328.45,-552.64
-1238.0,-426.0,-137.397,9.35177e-07,87.0196,-125.535,92.9804,54.9672,-1393.06,-590.097,-1328.45,-552.64
-1236.0,-426.0,-139.829,9.39035e-07,87.0834,-126.13,92.9166,54.9672,-1393.06,-590.097,-1328.45,-552.64
-1234.0,-426.0,-141.714,9.4295e-07,87.147,-126.716,92.853,54.9672,-1393.06,-590.097,-1328.45,-552.64
-1232.0,-426.0,-142.456,8.97578e-07,87.0566,-127.231,92.9434,-43.396,-1381.4,-617.583,-1355.83,-588.959
-1230.0,-426.0,-141.541,9.01589e-07,87.122,-127.674,92.878,-43.396,-1381.4,-617.583,-1355.83,-588.959
-1228.0,-426.0,-140.537,9.05649e-07,87.1785,-128.112,92.8215,-43.396,-1381.4,-617.583,-1355.83,-588.959
-1226.0,-426.0,-131.572,1.78966e-06,88.5997,-137.35,91.4003,-15.5937,-1342.83,-615.957,-1339.9,-530.919
-1224.0,-426.0,-120.511,1.79455e-06,88.6305,-137.59,91.3695,-15.5813,-1342.78,-615.955,-1339.68,-531.667
-1222.0,-426.0,-117.2,9.84549e-07,87.5524,-134.042,92.4476,-40.7416,-1379.67,-617.51,-1357.32,-565.921
-1220.0,-426.0,-118.328,9.8916e-07,87.6129,-134.32,92.3871,-40.4635,-1379.48,-617.501,-1357.3,-566.596
-1218.0,-426.0,-119.848,9.93796e-07,87.6728,-134.596,92.3272,-40.188,-1379.29,-617.493,-1357.28,-567.259
-1216.0,-426.0,-121.044,1.81427e-06,88.7522,-138.159,91.2478,-15.0126,-1340.82,-615.872,-1338.5,-535.688
-1214.0,-426.0,-121.004,9.46242e-07,87.6582,-43.7469,92.3418,-43.3117,-1381.35,-617.58,-1211.49,-428.401
-1212.0,-426.0,-122.625,9.39481e-07,87.6929,-131.433,92.3071,-43.396,-1381.4,-617.583,-1355.83,-588.959
-1210.0,-426.0,0.0,0.0,0.0,0.0,0.0,0.0,0.0,0.0,0.0,0.0
-1208.0,-426.0,0.0,0.0,0.0,0.0,0.0,0.0,0.0,0.0,0.0,0.0
-1206.0,-426.0,0.0,0.0,0.0,0.0,0.0,0.0,0.0,0.0,0.0,0.0
-1204.0,-426.0,0.0,0.0,0.0,0.0,0.0,0.0,0.0,0.0,0.0,0.0
-1202.0,-426.0,0.0,0.0,0.0,0.0,0.0,0.0,0.0,0.0,0.0,0.0
-1600.0,-424.0,-163.784,1.02456e-06,88.2992,-18.6237,91.7008,99.908,-1420.16,-484.607,-1420.16,-484.607
-1598.0,-424.0,-163.611,1.18717e-06,88.5458,32.3301,91.4542,130.461,-1425.59,-569.992,-1544.68,-390.251
-1596.0,-424.0,-163.462,1.18154e-06,88.5526,32.8809,91.4474,130.461,-1425.59,-569.992,-1543.77,-390.235
-1594.0,-424.0,-163.083,1.21355e-06,88.6041,-43.2323,91.3959,96.8954,-1412.1,-499.96,-1532.19,-482.105
-1592.0,-424.0,-163.346,1.20778e-06,88.6108,-42.4312,91.3892,99.908,-1420.16,-484.607,-1528.64,-481.917
-1590.0,-424.0,-162.975,1.20287e-06,88.6185,-42.7491,91.3815,99.908,-1420.16,-484.607,-1527.41,-481.851
-1588.0,-424.0,-138.235,1.26333e-06,88.6974,-46.4503,91.3026,129.985,-1425.61,-569.467,-1532.74,-482.134
-1586.0,-424.0,-142.382,1.25874e-06,88.7055,-46.7354,91.2945,129.985,-1425.61,-569.467,-1531.35,-482.061
-1584.0,-424.0,-144.202,1.25418e-06,88.6979,-47.0233,91.3021,129.985,-1425.61,-569.467,-1529.97,-481.987
-1582.0,-424.0,-144.488,1.24965e-06,88.6929,-47.3139,91.3071,129.985,-1425.61,-569.467,-1528.59,-481.913
-1580.0,-424.0,-144.468,1.24514e-06,88.6882,-47.6073,91.3118,129.985,-1425.61,-569.467,-1527.2,-481.84
-1578.0,-424.0,-144.569,1.24065e-06,88.6835,-47.9034,91.3165,129.985,-1425.61,-569.467,-1525.81,-481.766
-1576.0,-424.0,-144.837,1.23619e-06,88.6787,-48.2023,91.3213,129.985,-1425.61,-569.467,-1524.42,-481.692
-1574.0,-424.0,-145.23,1.23176e-06,88.674,-48.504,91.326,129.985,-1425.61,-569.467,-1523.03,-481.618
-1572.0,-424.0,-145.708,1.22735e-06,88.6692,-48.8085,91.3308,129.985,-1425.61,-569.467,-1521.64,-481.544
-1570.0,-424.0,-146.242,1.22297e-06,88.6644,-49.1159,91.3356,129.985,-1425.61,-569.467,-1520.25,-481.47
-1568.0,-424.0,-146.814,1.21862e-06,88.6597,-49.4262,91.3403,129.985,-1425.61,-569.467,-1518.85,-481.396
-1566.0,-424.0,-147.417,1.21429e-06,88.6549,-49.7394,91.3451,129.985,-1425.61,-569.467,-1517.46,-481.322
-1564.0,-424.0,-165.159,1.12611e-06,88.5495,-54.1149,91.4505,85.9366,-1397.78,-568.791,-1522.34,-481.582
-1562.0,-424.0,0.0,0.0,0.0,0.0,0.0,0.0,0.0,0.0,0.0,0.0
-1560.0,-424.0,0.0,0.0,0.0,0.0,0.0,0.0,0.0,0.0,0.0,0.0
-1558.0,-424.0,0.0,0.0,0.0,0.0,0.0,0.0,0.0,0.0,0.0,0.0
-1556.0,-424.0,0.0,0.0,0.0,0.0,0.0,0.0,0.0,0.0,0.0,0.0
-1554.0,-424.0,0.0,0.0,0.0,0.0,0.0,0.0,0.0,0.0,0.0,0.0
-1552.0,-424.0,0.0,0.0,0.0,0.0,0.0,0.0,0.0,0.0,0.0,0.0
-1550.0,-424.0,0.0,0.0,0.0,0.0,0.0,0.0,0.0,0.0,0.0,0.0
-1548.0,-424.0,0.0,0.0,0.0,0.0,0.0,0.0,0.0,0.0,0.0,0.0
-1546.0,-424.0,0.0,0.0,0.0,0.0,0.0,0.0,0.0,0.0,0.0,0.0
-1544.0,-424.0,0.0,0.0,0.0,0.0,0.0,0.0,0.0,0.0,0.0,0.0
-1542.0,-424.0,0.0,0.0,0.0,0.0,0.0,0.0,0.0,0.0,0.0,0.0
-1540.0,-424.0,0.0,0.0,0.0,0.0,0.0,0.0,0.0,0.0,0.0,0.0
-1538.0,-424.0,0.0,0.0,0.0,0.0,0.0,0.0,0.0,0.0,0.0,0.0
-1536.0,-424.0,0.0,0.0,0.0,0.0,0.0,0.0,0.0,0.0,0.0,0.0
-1534.0,-424.0,0.0,0.0,0.0,0.0,0.0,0.0,0.0,0.0,0.0,0.0
-1532.0,-424.0,0.0,0.0,0.0,0.0,0.0,0.0,0.0,0.0,0.0,0.0
-1530.0,-424.0,0.0,0.0,0.0,0.0,0.0,0.0,0.0,0.0,0.0,0.0
-1528.0,-424.0,0.0,0.0,0.0,0.0,0.0,0.0,0.0,0.0,0.0,0.0
-1526.0,-424.0,0.0,0.0,0.0,0.0,0.0,0.0,0.0,0.0,0.0,0.0
-1524.0,-424.0,0.0,0.0,0.0,0.0,0.0,0.0,0.0,0.0,0.0,0.0
-1522.0,-424.0,0.0,0.0,0.0,0.0,0.0,0.0,0.0,0.0,0.0,0.0
-1520.0,-424.0,0.0,0.0,0.0,0.0,0.0,0.0,0.0,0.0,0.0,0.0
-1518.0,-424.0,0.0,0.0,0.0,0.0,0.0,0.0,0.0,0.0,0.0,0.0
-1516.0,-424.0,0.0,0.0,0.0,0.0,0.0,0.0,0.0,0.0,0.0,0.0
-1514.0,-424.0,0.0,0.0,0.0,0.0,0.0,0.0,0.0,0.0,0.0,0.0
-1512.0,-424.0,0.0,0.0,0.0,0.0,0.0,0.0,0.0,0.0,0.0,0.0
-1510.0,-424.0,0.0,0.0,0.0,0.0,0.0,0.0,0.0,0.0,0.0,0.0
-1508.0,-424.0,0.0,0.0,0.0,0.0,0.0,0.0,0.0,0.0,0.0,0.0
-1506.0,-424.0,0.0,0.0,0.0,0.0,0.0,0.0,0.0,0.0,0.0,0.0
-1504.0,-424.0,0.0,0.0,0.0,0.0,0.0,0.0,0.0,0.0,0.0,0.0
-1502.0,-424.0,0.0,0.0,0.0,0.0,0.0,0.0,0.0,0.0,0.0,0.0
-1500.0,-424.0,0.0,0.0,0.0,0.0,0.0,0.0,0.0,0.0,0.0,0.0
-1498.0,-424.0,-112.632,7.809e-07,87.9081,-48.0274,92.0919,131.18,-1425.58,-570.764,-1397.61,-535.597
-1496.0,-424.0,-111.887,7.76456e-07,87.8961,-48.3938,92.1039,130.814,-1425.59,-570.374,-1397.64,-534.761
-1494.0,-424.0,-111.38,7.72044e-07,87.8841,-48.7644,92.1159,130.443,-1425.59,-569.972,-1397.67,-533.903
-1492.0,-424.0,-111.035,7.67664e-07,87.872,-49.1392,92.128,130.068,-1425.6,-569.56,-1397.69,-533.022
-1490.0,-424.0,0.0,0.0,0.0,0.0,0.0,0.0,0.0,0.0,0.0,0.0
-1488.0,-424.0,0.0,0.0,0.0,0.0,0.0,0.0,0.0,0.0,0.0,0.0
-1486.0,-424.0,0.0,0.0,0.0,0.0,0.0,0.0,0.0,0.0,0.0,0.0
-1484.0,-424.0,0.0,0.0,0.0,0.0,0.0,0.0,0.0,0.0,0.0,0.0
-1482.0,-424.0,0.0,0.0,0.0,0.0,0.0,0.0,0.0,0.0,0.0,0.0
-1480.0,-424.0,0.0,0.0,0.0,0.0,0.0,0.0,0.0,0.0,0.0,0.0
-1478.0,-424.0,0.0,0.0,0.0,0.0,0.0,0.0,0.0,0.0,0.0,0.0
-1476.0,-424.0,0.0,0.0,0.0,0.0,0.0,0.0,0.0,0.0,0.0,0.0
-1474.0,-424.0,0.0,0.0,0.0,0.0,0.0,0.0,0.0,0.0,0.0,0.0
-1472.0,-424.0,0.0,0.0,0.0,0.0,0.0,0.0,0.0,0.0,0.0,0.0
-1470.0,-424.0,0.0,0.0,0.0,0.0,0.0,0.0,0.0,0.0,0.0,0.0
-1468.0,-424.0,0.0,0.0,0.0,0.0,0.0,0.0,0.0,0.0,0.0,0.0
-1466.0,-424.0,0.0,0.0,0.0,0.0,0.0,0.0,0.0,0.0,0.0,0.0
-1464.0,-424.0,0.0,0.0,0.0,0.0,0.0,0.0,0.0,0.0,0.0,0.0
-1462.0,-424.0,0.0,0.0,0.0,0.0,0.0,0.0,0.0,0.0,0.0,0.0
-1460.0,-424.0,0.0,0.0,0.0,0.0,0.0,0.0,0.0,0.0,0.0,0.0
-1458.0,-424.0,0.0,0.0,0.0,0.0,0.0,0.0,0.0,0.0,0.0,0.0
-1456.0,-424.0,0.0,0.0,0.0,0.0,0.0,0.0,0.0,0.0,0.0,0.0
-1454.0,-424.0,0.0,0.0,0.0,0.0,0.0,0.0,0.0,0.0,0.0,0.0
-1452.0,-424.0,0.0,0.0,0.0,0.0,0.0,0.0,0.0,0.0,0.0,0.0
-1450.0,-424.0,0.0,0.0,0.0,0.0,0.0,0.0,0.0,0.0,0.0,0.0
-1448.0,-424.0,0.0,0.0,0.0,0.0,0.0,0.0,0.0,0.0,0.0,0.0
-1446.0,-424.0,0.0,0.0,0.0,0.0,0.0,0.0,0.0,0.0,0.0,0.0
-1444.0,-424.0,0.0,0.0,0.0,0.0,0.0,0.0,0.0,0.0,0.0,0.0
-1442.0,-424.0,0.0,0.0,0.0,0.0,0.0,0.0,0.0,0.0,0.0,0.0
-1440.0,-424.0,0.0,0.0,0.0,0.0,0.0,0.0,0.0,0.0,0.0,0.0
-1438.0,-424.0,0.0,0.0,0.0,0.0,0.0,0.0,0.0,0.0,0.0,0.0
-1436.0,-424.0,0.0,0.0,0.0,0.0,0.0,0.0,0.0,0.0,0.0,0.0
-1434.0,-424.0,0.0,0.0,0.0,0.0,0.0,0.0,0.0,0.0,0.0,0.0
-1432.0,-424.0,0.0,0.0,0.0,0.0,0.0,0.0,0.0,0.0,0.0,0.0
-1430.0,-424.0,-117.466,7.18097e-07,87.4305,-81.5627,92.5695,-93.6106,-1401.16,-618.415,-1401.16,-618.415
-1428.0,-424.0,-133.299,5.9568e-07,86.8477,-82.6255,93.1523,99.908,-1420.16,-484.607,-1420.16,-484.607
-1426.0,-424.0,-141.447,5.94964e-07,86.7896,-84.4923,93.2104,99.908,-1420.16,-484.607,-1420.16,-484.607
-1424.0,-424.0,-143.921,6.08037e-07,86.8055,-93.2344,93.1945,111.97,-1429.78,-526.194,-1429.78,-526.194
-1422.0,-424.0,-143.676,6.08509e-07,86.7549,-94.3507,93.2451,111.97,-1429.78,-526.194,-1429.78,-526.194
-1420.0,-424.0,-143.362,6.09111e-07,86.705,-95.4638,93.295,111.97,-1429.78,-526.194,-1429.78,-526.194
-1418.0,-424.0,-142.977,6.09819e-07,86.693,-96.5728,93.307,111.97,-1429.78,-526.194,-1429.78,-526.194
-1416.0,-424.0,-153.121,1.3182e-06,85.9367,-105.668,88.5689,105.343,-1448.16,-424.452,-1444.76,-526.552
-1414.0,-424.0,-154.772,6.91179e-07,87.0826,-124.29,92.9174,111.97,-1429.78,-526.194,-1459.69,-491.008
-1412.0,-424.0,-155.11,6.94969e-07,87.0985,-125.027,92.9015,111.97,-1429.78,-526.194,-1459.64,-491.971
-1410.0,-424.0,-155.701,6.98829e-07,87.1146,-125.751,92.8854,111.97,-1429.78,-526.194,-1459.59,-492.886
-1408.0,-424.0,-155.706,8.1841e-07,83.5533,-130.333,83.8332,135.655,-1425.47,-575.102,-1460.0,-485.243
-1406.0,-424.0,-154.166,8.22718e-07,83.6203,-130.693,83.7958,136.004,-1425.47,-575.41,-1459.92,-486.704
-1404.0,-424.0,-152.461,8.25527e-07,87.5577,-134.434,92.4423,129.985,-1425.61,-569.467,-1460.21,-481.328
-1402.0,-424.0,-113.62,8.27223e-07,87.5627,-131.401,92.4373,136.692,-1425.45,-576.008,-1459.77,-489.526
-1400.0,-424.0,-150.296,8.33197e-07,87.5802,-133.286,92.4198,129.101,-1425.63,-568.463,-1459.87,-487.57
-1398.0,-424.0,-151.319,8.37785e-07,87.5934,-133.682,92.4066,129.101,-1425.63,-568.463,-1459.81,-488.724
-1396.0,-424.0,-152.692,8.42407e-07,87.6053,-134.074,92.3947,129.101,-1425.63,-568.463,-1459.75,-489.849
-1394.0,-424.0,-154.604,8.47081e-07,87.5872,-134.46,92.4128,129.101,-1425.63,-568.463,-1459.7,-490.944
-1392.0,-424.0,0.0,0.0,0.0,0.0,0.0,0.0,0.0,0.0,0.0,0.0
-1390.0,-424.0,0.0,0.0,0.0,0.0,0.0,0.0,0.0,0.0,0.0,0.0
-1388.0,-424.0,0.0,0.0,0.0,0.0,0.0,0.0,0.0,0.0,0.0,0.0
-1386.0,-424.0,0.0,0.0,0.0,0.0,0.0,0.0,0.0,0.0,0.0,0.0
-1384.0,-424.0,0.0,0.0,0.0,0.0,0.0,0.0,0.0,0.0,0.0,0.0
-1382.0,-424.0,0.0,0.0,0.0,0.0,0.0,0.0,0.0,0.0,0.0,0.0
-1380.0,-424.0,0.0,0.0,0.0,0.0,0.0,0.0,0.0,0.0,0.0,0.0
-1378.0,-424.0,0.0,0.0,0.0,0.0,0.0,0.0,0.0,0.0,0.0,0.0
-1376.0,-424.0,0.0,0.0,0.0,0.0,0.0,0.0,0.0,0.0,0.0,0.0
-1374.0,-424.0,-197.375,2.32905e-06,88.9841,84.4085,91.0159,-14.8341,-1340.17,-615.845,-1364.0,-321.846
-1372.0,-424.0,-198.207,2.32843e-06,88.9699,84.7659,91.0301,-14.8341,-1340.17,-615.845,-1362.64,-321.831
-1370.0,-424.0,-199.129,2.32784e-06,88.9668,85.1237,91.0332,-14.8341,-1340.17,-615.845,-1361.28,-321.816
-1368.0,-424.0,-200.176,2.3273e-06,88.9666,85.4819,91.0334,-14.8341,-1340.17,-615.845,-1359.92,-321.801
-1366.0,-424.0,-174.551,8.91175e-07,87.3003,-150.831,92.6997,113.553,-1429.64,-532.017,-1375.52,-429.314
-1364.0,-424.0,-173.856,1.36578e-06,88.2388,-59.7705,91.7612,-2.76158,-1239.86,-607.725,-1329.56,-483.098
-1362.0,-424.0,-173.22,1.36245e-06,88.2345,-60.17,91.7655,-2.76158,-1239.86,-607.725,-1328.13,-483.069
-1360.0,-424.0,-168.612,1.63283e-06,88.5269,-75.1111,91.4731,-14.6085,-1339.34,-615.81,-1329.2,-539.827
-1358.0,-424.0,-168.665,1.63117e-06,88.5254,-76.0391,91.4746,-14.6085,-1339.34,-615.81,-1329.2,-539.827
-1356.0,-424.0,-168.758,1.62961e-06,88.524,-76.9745,91.476,-14.6085,-1339.34,-615.81,-1329.2,-539.827
-1354.0,-424.0,-168.892,1.62816e-06,88.5227,-77.9171,91.4773,-14.6085,-1339.34,-615.81,-1329.2,-539.827
-1352.0,-424.0,-169.07,1.62682e-06,88.5215,-78.8663,91.4785,-14.6085,-1339.34,-615.81,-1329.2,-539.827
-1350.0,-424.0,-169.293,1.62558e-06,88.5204,-79.8218,91.4796,-14.6085,-1339.34,-615.81,-1329.2,-539.827
-1348.0,-424.0,-169.558,1.62446e-06,88.5193,-80.783,91.4807,-14.6085,-1339.34,-615.81,-1329.2,-539.827
-1346.0,-424.0,-175.288,1.55064e-06,88.439,71.3833,91.561,-2.76158,-1239.86,-607.725,-1328.93,-373.328
-1344.0,-424.0,-174.556,1.54854e-06,88.4264,71.741,91.5736,-2.76158,-1239.86,-607.725,-1327.27,-373.296
-1342.0,-424.0,0.0,0.0,0.0,0.0,0.0,0.0,0.0,0.0,0.0,0.0
-1340.0,-424.0,0.0,0.0,0.0,0.0,0.0,0.0,0.0,0.0,0.0,0.0
-1338.0,-424.0,0.0,0.0,0.0,0.0,0.0,0.0,0.0,0.0,0.0,0.0
-1336.0,-424.0,0.0,0.0,0.0,0.0,0.0,0.0,0.0,0.0,0.0,0.0
-1334.0,-424.0,0.0,0.0,0.0,0.0,0.0,0.0,0.0,0.0,0.0,0.0
-1332.0,-424.0,0.0,0.0,0.0,0.0,0.0,0.0,0.0,0.0,0.0,0.0
-1330.0,-424.0,0.0,0.0,0.0,0.0,0.0,0.0,0.0,0.0,0.0,0.0
-1328.0,-424.0,0.0,0.0,0.0,0.0,0.0,0.0,0.0,0.0,0.0,0.0
-1326.0,-424.0,0.0,0.0,0.0,0.0,0.0,0.0,0.0,0.0,0.0,0.0
-1324.0,-424.0,0.0,0.0,0.0,0.0,0.0,0.0,0.0,0.0,0.0,0.0
-1322.0,-424.0,0.0,0.0,0.0,0.0,0.0,0.0,0.0,0.0,0.0,0.0
-1320.0,-424.0,0.0,0.0,0.0,0.0,0.0,0.0,0.0,0.0,0.0,0.0
-1318.0,-424.0,0.0,0.0,0.0,0.0,0.0,0.0,0.0,0.0,0.0,0.0
-1316.0,-424.0,0.0,0.0,0.0,0.0,0.0,0.0,0.0,0.0,0.0,0.0
-1314.0,-424.0,0.0,0.0,0.0,0.0,0.0,0.0,0.0,0.0,0.0,0.0
-1312.0,-424.0,0.0,0.0,0.0,0.0,0.0,0.0,0.0,0.0,0.0,0.0
-1310.0,-424.0,-152.619,1.68799e-06,88.3301,48.4076,91.6699,-43.3117,-1381.35,-617.58,-1232.19,-336.333
-1308.0,-424.0,-163.06,1.11565e-06,87.444,-56.9488,92.556,-35.9954,-1376.1,-617.359,-1255.01,-505.442
-1306.0,-424.0,-164.615,1.11205e-06,87.4067,-57.3201,92.5933,-35.9954,-1376.1,-617.359,-1255.03,-503.457
-1304.0,-424.0,-174.07,1.02133e-06,87.1445,-57.8073,92.8555,35.7331,-1385.93,-589.879,-1255.05,-501.757
-1302.0,-424.0,-182.668,1.02865e-06,87.1334,-61.2375,92.8666,-9.41385,-1309.77,-614.96,-1254.96,-509.697
-1300.0,-424.0,-182.773,1.02549e-06,87.0971,-61.7037,92.9029,-9.41385,-1309.77,-614.96,-1254.98,-507.618
-1298.0,-424.0,-182.977,1.02237e-06,87.0724,-62.174,92.9276,-9.41385,-1309.77,-614.96,-1255.01,-505.453
-1296.0,-424.0,-174.456,1.24937e-06,87.5918,-28.538,92.4082,-43.3117,-1381.35,-617.58,-1209.89,-470.826
-1294.0,-424.0,-176.077,1.24353e-06,87.5674,-28.7277,92.4326,-43.3117,-1381.35,-617.58,-1209.92,-470.085
-1292.0,-424.0,-177.85,1.2377e-06,87.5429,-28.9197,92.4571,-43.3117,-1381.35,-617.58,-1209.95,-469.331
-1290.0,-424.0,-179.498,1.23188e-06,87.5182,-29.114,92.4818,-43.3117,-1381.35,-617.58,-1209.98,-468.565
-1288.0,-424.0,0.0,0.0,0.0,0.0,0.0,0.0,0.0,0.0,0.0,0.0
-1286.0,-424.0,0.0,0.0,0.0,0.0,0.0,0.0,0.0,0.0,0.0,0.0
-1284.0,-424.0,0.0,0.0,0.0,0.0,0.0,0.0,0.0,0.0,0.0,0.0
-1282.0,-424.0,0.0,0.0,0.0,0.0,0.0,0.0,0.0,0.0,0.0,0.0
-1280.0,-424.0,0.0,0.0,0.0,0.0,0.0,0.0,0.0,0.0,0.0,0.0
-1278.0,-424.0,-157.468,9.84692e-07,85.101,-113.438,71.9004,-58.9862,-1389.23,-617.912,-1361.56,-616.746
-1276.0,-424.0,-154.16,9.85643e-07,83.6743,-113.919,85.2933,-60.0097,-1389.65,-617.93,-1361.49,-616.743
-1274.0,-424.0,-175.106,9.45411e-07,83.8232,-115.715,145.369,34.0325,-1394.24,-596.107,-1366.94,-616.973
-1272.0,-424.0,-175.381,9.48309e-07,83.8417,-116.081,145.08,33.6459,-1394.15,-596.104,-1366.45,-616.952
-1270.0,-424.0,-175.739,9.51245e-07,83.8604,-116.444,144.791,33.2672,-1394.06,-596.101,-1365.96,-616.931
-1268.0,-424.0,-176.212,9.54218e-07,83.8792,-116.805,144.503,32.8962,-1393.97,-596.099,-1365.47,-616.911
-1266.0,-424.0,-176.845,9.57229e-07,83.8982,-117.163,144.216,32.5326,-1393.88,-596.096,-1364.98,-616.89
-1264.0,-424.0,-160.564,1.208e-06,85.9999,50.4157,75.3234,-42.2993,-1380.71,-617.553,-1240.56,-395.65
-1262.0,-424.0,-184.557,8.81598e-07,86.4102,-105.169,93.5898,7.79523,-1306.24,-587.164,-1306.24,-587.164
-1260.0,-424.0,-162.698,9.16239e-07,84.0817,-120.152,52.8581,48.6165,-1391.23,-590.041,-1372.23,-617.196
-1258.0,-424.0,-161.748,9.19591e-07,84.1032,-120.514,53.0361,48.2241,-1391.1,-590.038,-1371.85,-617.18
-1256.0,-424.0,-161.195,9.22979e-07,84.1248,-120.872,53.2141,47.8365,-1390.97,-590.034,-1371.48,-617.164
-1254.0,-424.0,-151.691,9.15817e-07,84.1234,-121.684,81.4936,56.768,-1393.52,-590.112,-1373.27,-617.24
-1252.0,-424.0,-151.557,9.1926e-07,84.1902,-122.039,81.5297,56.4087,-1393.43,-590.109,-1372.93,-617.225
-1250.0,-424.0,-151.5,9.22715e-07,84.2748,-122.392,81.5659,56.0511,-1393.34,-590.106,-1372.58,-617.21
-1248.0,-424.0,-151.526,9.26206e-07,84.3591,-122.741,81.6021,55.6963,-1393.25,-590.103,-1372.23,-617.196
-1246.0,-424.0,-132.948,9.25936e-07,86.7768,-122.657,93.2232,54.9672,-1393.06,-590.097,-1328.45,-552.64
-1244.0,-424.0,-126.34,9.29515e-07,86.8414,-123.284,93.1586,54.9672,-1393.06,-590.097,-1328.45,-552.64
-1242.0,-424.0,-122.688,9.33156e-07,86.9057,-123.902,93.0943,54.9672,-1393.06,-590.097,-1328.45,-552.64
-1240.0,-424.0,-130.623,9.36857e-07,86.9697,-124.511,93.0303,54.9672,-1393.06,-590.097,-1328.45,-552.64
-1238.0,-424.0,-135.242,9.40617e-07,87.0334,-125.111,92.9666,54.9672,-1393.06,-590.097,-1328.45,-552.64
-1236.0,-424.0,-138.26,9.44435e-07,87.0967,-125.703,92.9033,54.9672,-1393.06,-590.097,-1328.45,-552.64
-1234.0,-424.0,-140.477,9.4831e-07,87.1597,-126.286,92.8403,54.9672,-1393.06,-590.097,-1328.45,-552.64
-1232.0,-424.0,-142.233,9.5224e-07,87.2224,-126.861,92.7776,54.9672,-1393.06,-590.097,-1328.45,-552.64
-1230.0,-424.0,-142.34,9.06883e-07,87.1309,-127.337,92.8691,-43.396,-1381.4,-617.583,-1355.83,-588.959
-1228.0,-424.0,-141.417,9.10918e-07,87.179,-127.773,92.821,-43.396,-1381.4,-617.583,-1355.83,-588.959
-1226.0,-424.0,-140.403,9.14979e-07,87.2445,-128.205,92.7555,-43.396,-1381.4,-617.583,-1355.83,-588.959
-1224.0,-424.0,-132.034,1.79907e-06,88.6259,-137.329,91.3741,-15.5937,-1342.83,-615.957,-1339.92,-530.857
-1222.0,-424.0,-116.526,9.89364e-07,87.5498,-133.773,92.4502,-41.0105,-1379.86,-617.517,-1357.34,-565.262
-1220.0,-424.0,-117.305,9.93952e-07,87.6099,-134.051,92.3901,-40.7325,-1379.67,-617.509,-1357.32,-565.944
-1218.0,-424.0,-118.431,9.98565e-07,87.6694,-134.327,92.3306,-40.4571,-1379.48,-617.501,-1357.3,-566.612
-1216.0,-424.0,-119.942,1.0032e-06,87.7285,-134.599,92.2715,-40.1842,-1379.29,-617.493,-1357.28,-567.268
-1214.0,-424.0,-121.075,1.82368e-06,88.7772,-138.142,91.2228,-15.0289,-1340.88,-615.874,-1338.54,-535.573
-1212.0,-424.0,-121.241,1.82864e-06,88.807,-138.282,91.193,-14.8894,-1340.37,-615.853,-1338.25,-536.554
-1210.0,-424.0,0.0,0.0,0.0,0.0,0.0,0.0,0.0,0.0,0.0,0.0
-1208.0,-424.0,0.0,0.0,0.0,0.0,0.0,0.0,0.0,0.0,0.0,0.0
-1206.0,-424.0,0.0,0.0,0.0,0.0,0.0,0.0,0.0,0.0,0.0,0.0
-1204.0,-424.0,0.0,0.0,0.0,0.0,0.0,0.0,0.0,0.0,0.0,0.0
-1202.0,-424.0,0.0,0.0,0.0,0.0,0.0,0.0,0.0,0.0,0.0,0.0
-1600.0,-422.0,-163.788,1.02671e-06,88.3269,-19.1939,91.6731,99.908,-1420.16,-484.607,-1420.16,-484.607
-1598.0,-422.0,-163.614,1.02041e-06,88.3324,-19.3938,91.6676,99.908,-1420.16,-484.607,-1420.16,-484.607
-1596.0,-422.0,-163.199,1.22298e-06,88.6218,-43.2511,91.3782,96.8954,-1412.1,-499.96,-1532.11,-482.101
-1594.0,-422.0,-163.135,1.00782e-06,88.3436,-19.8056,91.6564,99.908,-1420.16,-484.607,-1420.16,-484.607
-1592.0,-422.0,-162.849,1.00154e-06,88.3493,-20.0179,91.6507,99.908,-1420.16,-484.607,-1420.16,-484.607
-1590.0,-422.0,-138.055,1.27276e-06,88.7138,-46.4364,91.2862,129.985,-1425.61,-569.467,-1532.8,-482.138
-1588.0,-422.0,-142.259,1.26817e-06,88.7219,-46.7188,91.2781,129.985,-1425.61,-569.467,-1531.43,-482.065
-1586.0,-422.0,-144.214,1.26361e-06,88.7225,-47.0038,91.2775,129.985,-1425.61,-569.467,-1530.06,-481.992
-1584.0,-422.0,-144.555,1.25907e-06,88.7128,-47.2915,91.2872,129.985,-1425.61,-569.467,-1528.69,-481.919
-1582.0,-422.0,-144.538,1.25456e-06,88.6981,-47.5818,91.3019,129.985,-1425.61,-569.467,-1527.32,-481.846
-1580.0,-422.0,-144.623,1.25007e-06,88.6934,-47.8749,91.3066,129.985,-1425.61,-569.467,-1525.94,-481.773
-1578.0,-422.0,-144.874,1.24561e-06,88.6887,-48.1708,91.3113,129.985,-1425.61,-569.467,-1524.57,-481.7
-1576.0,-422.0,-145.252,1.24118e-06,88.684,-48.4693,91.316,129.985,-1425.61,-569.467,-1523.19,-481.627
-1574.0,-422.0,-145.718,1.23677e-06,88.6793,-48.7707,91.3207,129.985,-1425.61,-569.467,-1521.81,-481.553
-1572.0,-422.0,-146.24,1.23238e-06,88.6746,-49.0749,91.3254,129.985,-1425.61,-569.467,-1520.43,-481.48
-1570.0,-422.0,-146.802,1.22803e-06,88.6699,-49.3819,91.3301,129.985,-1425.61,-569.467,-1519.05,-481.407
-1568.0,-422.0,-147.396,1.2237e-06,88.6652,-49.6917,91.3348,129.985,-1425.61,-569.467,-1517.67,-481.333
-1566.0,-422.0,-159.288,1.09801e-06,88.5124,42.6325,91.4876,130.461,-1425.59,-569.992,-1531.25,-390.014
-1564.0,-422.0,-157.292,1.09313e-06,88.5058,43.548,91.4942,130.461,-1425.59,-569.992,-1530.33,-389.997
-1562.0,-422.0,0.0,0.0,0.0,0.0,0.0,0.0,0.0,0.0,0.0,0.0
-1560.0,-422.0,0.0,0.0,0.0,0.0,0.0,0.0,0.0,0.0,0.0,0.0
-1558.0,-422.0,0.0,0.0,0.0,0.0,0.0,0.0,0.0,0.0,0.0,0.0
-1556.0,-422.0,0.0,0.0,0.0,0.0,0.0,0.0,0.0,0.0,0.0,0.0
-1554.0,-422.0,0.0,0.0,0.0,0.0,0.0,0.0,0.0,0.0,0.0,0.0
-1552.0,-422.0,0.0,0.0,0.0,0.0,0.0,0.0,0.0,0.0,0.0,0.0
-1550.0,-422.0,0.0,0.0,0.0,0.0,0.0,0.0,0.0,0.0,0.0,0.0
-1548.0,-422.0,0.0,0.0,0.0,0.0,0.0,0.0,0.0,0.0,0.0,0.0
-1546.0,-422.0,0.0,0.0,0.0,0.0,0.0,0.0,0.0,0.0,0.0,0.0
-1544.0,-422.0,0.0,0.0,0.0,0.0,0.0,0.0,0.0,0.0,0.0,0.0
-1542.0,-422.0,0.0,0.0,0.0,0.0,0.0,0.0,0.0,0.0,0.0,0.0
-1540.0,-422.0,0.0,0.0,0.0,0.0,0.0,0.0,0.0,0.0,0.0,0.0
-1538.0,-422.0,0.0,0.0,0.0,0.0,0.0,0.0,0.0,0.0,0.0,0.0
-1536.0,-422.0,0.0,0.0,0.0,0.0,0.0,0.0,0.0,0.0,0.0,0.0
-1534.0,-422.0,0.0,0.0,0.0,0.0,0.0,0.0,0.0,0.0,0.0,0.0
-1532.0,-422.0,0.0,0.0,0.0,0.0,0.0,0.0,0.0,0.0,0.0,0.0
-1530.0,-422.0,0.0,0.0,0.0,0.0,0.0,0.0,0.0,0.0,0.0,0.0
-1528.0,-422.0,0.0,0.0,0.0,0.0,0.0,0.0,0.0,0.0,0.0,0.0
-1526.0,-422.0,0.0,0.0,0.0,0.0,0.0,0.0,0.0,0.0,0.0,0.0
-1524.0,-422.0,0.0,0.0,0.0,0.0,0.0,0.0,0.0,0.0,0.0,0.0
-1522.0,-422.0,0.0,0.0,0.0,0.0,0.0,0.0,0.0,0.0,0.0,0.0
-1520.0,-422.0,0.0,0.0,0.0,0.0,0.0,0.0,0.0,0.0,0.0,0.0
-1518.0,-422.0,0.0,0.0,0.0,0.0,0.0,0.0,0.0,0.0,0.0,0.0
-1516.0,-422.0,0.0,0.0,0.0,0.0,0.0,0.0,0.0,0.0,0.0,0.0
-1514.0,-422.0,0.0,0.0,0.0,0.0,0.0,0.0,0.0,0.0,0.0,0.0
-1512.0,-422.0,0.0,0.0,0.0,0.0,0.0,0.0,0.0,0.0,0.0,0.0
-1510.0,-422.0,0.0,0.0,0.0,0.0,0.0,0.0,0.0,0.0,0.0,0.0
-1508.0,-422.0,0.0,0.0,0.0,0.0,0.0,0.0,0.0,0.0,0.0,0.0
-1506.0,-422.0,0.0,0.0,0.0,0.0,0.0,0.0,0.0,0.0,0.0,0.0
-1504.0,-422.0,0.0,0.0,0.0,0.0,0.0,0.0,0.0,0.0,0.0,0.0
-1502.0,-422.0,0.0,0.0,0.0,0.0,0.0,0.0,0.0,0.0,0.0,0.0
-1500.0,-422.0,0.0,0.0,0.0,0.0,0.0,0.0,0.0,0.0,0.0,0.0
-1498.0,-422.0,-112.057,7.85871e-07,87.9213,-48.353,92.0787,130.854,-1425.58,-570.417,-1397.64,-534.855
-1496.0,-422.0,-111.532,7.81455e-07,87.9096,-48.7189,92.0904,130.489,-1425.59,-570.022,-1397.66,-534.009
-1494.0,-422.0,-111.173,7.77071e-07,87.8978,-49.0889,92.1022,130.119,-1425.6,-569.616,-1397.69,-533.141
-1492.0,-422.0,-115.152,1.0044e-06,88.3737,-69.1981,91.6263,107.769,-1456.19,-424.666,-1470.41,-478.822
-1490.0,-422.0,0.0,0.0,0.0,0.0,0.0,0.0,0.0,0.0,0.0,0.0
-1488.0,-422.0,0.0,0.0,0.0,0.0,0.0,0.0,0.0,0.0,0.0,0.0
-1486.0,-422.0,0.0,0.0,0.0,0.0,0.0,0.0,0.0,0.0,0.0,0.0
-1484.0,-422.0,0.0,0.0,0.0,0.0,0.0,0.0,0.0,0.0,0.0,0.0
-1482.0,-422.0,0.0,0.0,0.0,0.0,0.0,0.0,0.0,0.0,0.0,0.0
-1480.0,-422.0,0.0,0.0,0.0,0.0,0.0,0.0,0.0,0.0,0.0,0.0
-1478.0,-422.0,0.0,0.0,0.0,0.0,0.0,0.0,0.0,0.0,0.0,0.0
-1476.0,-422.0,0.0,0.0,0.0,0.0,0.0,0.0,0.0,0.0,0.0,0.0
-1474.0,-422.0,0.0,0.0,0.0,0.0,0.0,0.0,0.0,0.0,0.0,0.0
-1472.0,-422.0,0.0,0.0,0.0,0.0,0.0,0.0,0.0,0.0,0.0,0.0
-1470.0,-422.0,0.0,0.0,0.0,0.0,0.0,0.0,0.0,0.0,0.0,0.0
-1468.0,-422.0,0.0,0.0,0.0,0.0,0.0,0.0,0.0,0.0,0.0,0.0
-1466.0,-422.0,0.0,0.0,0.0,0.0,0.0,0.0,0.0,0.0,0.0,0.0
-1464.0,-422.0,0.0,0.0,0.0,0.0,0.0,0.0,0.0,0.0,0.0,0.0
-1462.0,-422.0,0.0,0.0,0.0,0.0,0.0,0.0,0.0,0.0,0.0,0.0
-1460.0,-422.0,0.0,0.0,0.0,0.0,0.0,0.0,0.0,0.0,0.0,0.0
-1458.0,-422.0,0.0,0.0,0.0,0.0,0.0,0.0,0.0,0.0,0.0,0.0
-1456.0,-422.0,0.0,0.0,0.0,0.0,0.0,0.0,0.0,0.0,0.0,0.0
-1454.0,-422.0,0.0,0.0,0.0,0.0,0.0,0.0,0.0,0.0,0.0,0.0
-1452.0,-422.0,0.0,0.0,0.0,0.0,0.0,0.0,0.0,0.0,0.0,0.0
-1450.0,-422.0,0.0,0.0,0.0,0.0,0.0,0.0,0.0,0.0,0.0,0.0
-1448.0,-422.0,0.0,0.0,0.0,0.0,0.0,0.0,0.0,0.0,0.0,0.0
-1446.0,-422.0,0.0,0.0,0.0,0.0,0.0,0.0,0.0,0.0,0.0,0.0
-1444.0,-422.0,0.0,0.0,0.0,0.0,0.0,0.0,0.0,0.0,0.0,0.0
-1442.0,-422.0,0.0,0.0,0.0,0.0,0.0,0.0,0.0,0.0,0.0,0.0
-1440.0,-422.0,0.0,0.0,0.0,0.0,0.0,0.0,0.0,0.0,0.0,0.0
-1438.0,-422.0,0.0,0.0,0.0,0.0,0.0,0.0,0.0,0.0,0.0,0.0
-1436.0,-422.0,0.0,0.0,0.0,0.0,0.0,0.0,0.0,0.0,0.0,0.0
-1434.0,-422.0,0.0,0.0,0.0,0.0,0.0,0.0,0.0,0.0,0.0,0.0
-1432.0,-422.0,0.0,0.0,0.0,0.0,0.0,0.0,0.0,0.0,0.0,0.0
-1430.0,-422.0,0.0,0.0,0.0,0.0,0.0,0.0,0.0,0.0,0.0,0.0
-1428.0,-422.0,0.0,0.0,0.0,0.0,0.0,0.0,0.0,0.0,0.0,0.0
-1426.0,-422.0,0.0,0.0,0.0,0.0,0.0,0.0,0.0,0.0,0.0,0.0
-1424.0,-422.0,0.0,0.0,0.0,0.0,0.0,0.0,0.0,0.0,0.0,0.0
-1422.0,-422.0,0.0,0.0,0.0,0.0,0.0,0.0,0.0,0.0,0.0,0.0
-1420.0,-422.0,-168.921,1.34943e-06,88.5123,-28.0241,91.4877,-43.3117,-1381.35,-617.58,-1254.96,-509.843
-1418.0,-422.0,-143.156,6.16439e-07,86.7285,-96.4477,93.2715,111.97,-1429.78,-526.194,-1429.78,-526.194
-1416.0,-422.0,-153.147,1.32461e-06,85.9742,-105.59,88.5684,105.265,-1447.91,-424.446,-1445.17,-526.562
-1414.0,-422.0,-154.761,6.96702e-07,87.1057,-123.789,92.8943,111.97,-1429.78,-526.194,-1459.73,-490.336
-1412.0,-422.0,-154.992,7.00444e-07,87.1212,-124.521,92.8788,111.97,-1429.78,-526.194,-1459.68,-491.314
-1410.0,-422.0,-155.384,7.04256e-07,87.1368,-125.241,92.8632,111.97,-1429.78,-526.194,-1459.63,-492.244
-1408.0,-422.0,-117.107,8.19227e-07,87.5389,-130.04,92.4611,135.332,-1425.48,-574.812,-1460.07,-483.962
-1406.0,-422.0,-115.576,8.23532e-07,87.5518,-130.396,92.4482,135.687,-1425.47,-575.131,-1459.99,-485.444
-1404.0,-422.0,-114.615,8.27869e-07,87.5646,-130.748,92.4354,136.039,-1425.47,-575.442,-1459.91,-486.892
-1402.0,-422.0,-114.023,8.32236e-07,87.5774,-131.097,92.4226,136.388,-1425.46,-575.746,-1459.84,-488.306
-1400.0,-422.0,-113.682,8.36634e-07,87.5901,-131.441,92.4099,136.733,-1425.45,-576.043,-1459.76,-489.688
-1398.0,-422.0,-150.453,8.42622e-07,87.6073,-133.308,92.3927,129.101,-1425.63,-568.463,-1459.87,-487.637
-1396.0,-422.0,-151.477,8.47222e-07,87.6043,-133.7,92.3957,129.101,-1425.63,-568.463,-1459.81,-488.775
-1394.0,-422.0,-152.845,8.51864e-07,87.5863,-134.086,92.4137,129.101,-1425.63,-568.463,-1459.75,-489.883
-1392.0,-422.0,0.0,0.0,0.0,0.0,0.0,0.0,0.0,0.0,0.0,0.0
-1390.0,-422.0,0.0,0.0,0.0,0.0,0.0,0.0,0.0,0.0,0.0,0.0
-1388.0,-422.0,0.0,0.0,0.0,0.0,0.0,0.0,0.0,0.0,0.0,0.0
-1386.0,-422.0,0.0,0.0,0.0,0.0,0.0,0.0,0.0,0.0,0.0,0.0
-1384.0,-422.0,0.0,0.0,0.0,0.0,0.0,0.0,0.0,0.0,0.0,0.0
-1382.0,-422.0,0.0,0.0,0.0,0.0,0.0,0.0,0.0,0.0,0.0,0.0
-1380.0,-422.0,0.0,0.0,0.0,0.0,0.0,0.0,0.0,0.0,0.0,0.0
-1378.0,-422.0,0.0,0.0,0.0,0.0,0.0,0.0,0.0,0.0,0.0,0.0
-1376.0,-422.0,0.0,0.0,0.0,0.0,0.0,0.0,0.0,0.0,0.0,0.0
-1374.0,-422.0,-197.255,2.32241e-06,88.9758,84.3733,91.0242,-14.8341,-1340.17,-615.845,-1364.13,-321.847
-1372.0,-422.0,-198.085,2.32179e-06,88.9617,84.7329,91.0383,-14.8341,-1340.17,-615.845,-1362.77,-321.832
-1370.0,-422.0,-199.004,2.3212e-06,88.9585,85.093,91.0415,-14.8341,-1340.17,-615.845,-1361.4,-321.817
-1368.0,-422.0,-175.282,1.37831e-06,88.2459,-59.2148,91.7541,-2.76158,-1239.86,-607.725,-1331.57,-483.14
-1366.0,-422.0,-173.932,8.9447e-07,87.2964,-150.138,92.7036,113.553,-1429.64,-532.017,-1375.54,-427.479
-1364.0,-422.0,-173.526,1.37156e-06,88.2372,-60.0008,91.7628,-2.76158,-1239.86,-607.725,-1328.74,-483.081
-1362.0,-422.0,-173.016,1.36825e-06,88.233,-60.3985,91.767,-2.76158,-1239.86,-607.725,-1327.32,-483.052
-1360.0,-422.0,-168.715,1.63928e-06,88.5252,-75.3529,91.4748,-14.6085,-1339.34,-615.81,-1329.2,-539.827
-1358.0,-422.0,-168.776,1.63765e-06,88.5237,-76.267,91.4763,-14.6085,-1339.34,-615.81,-1329.2,-539.827
-1356.0,-422.0,-168.877,1.63612e-06,88.5223,-77.1882,91.4777,-14.6085,-1339.34,-615.81,-1329.2,-539.827
-1354.0,-422.0,-169.018,1.63469e-06,88.521,-78.1163,91.479,-14.6085,-1339.34,-615.81,-1329.2,-539.827
-1352.0,-422.0,-169.202,1.63337e-06,88.5198,-79.0507,91.4802,-14.6085,-1339.34,-615.81,-1329.2,-539.827
-1350.0,-422.0,-169.43,1.63216e-06,88.5187,-79.991,91.4813,-14.6085,-1339.34,-615.81,-1329.2,-539.827
-1348.0,-422.0,-169.696,1.63105e-06,88.5177,-80.9369,91.4823,-14.6085,-1339.34,-615.81,-1329.2,-539.827
-1346.0,-422.0,-187.971,1.85438e-06,88.688,64.7112,91.312,-3.72613,-1239.86,-610.429,-1322.95,-373.213
-1344.0,-422.0,-174.736,1.54222e-06,88.4119,71.622,91.5881,-2.76158,-1239.86,-607.725,-1327.82,-373.307
-1342.0,-422.0,-174.092,1.54014e-06,88.3993,71.9832,91.6007,-2.76158,-1239.86,-607.725,-1326.15,-373.275
-1340.0,-422.0,-173.568,1.5381e-06,88.3867,72.3459,91.6133,-2.76158,-1239.86,-607.725,-1324.48,-373.243
-1338.0,-422.0,-173.146,1.53611e-06,88.3741,72.71,91.6259,-2.76158,-1239.86,-607.725,-1322.81,-373.211
-1336.0,-422.0,0.0,0.0,0.0,0.0,0.0,0.0,0.0,0.0,0.0,0.0
-1334.0,-422.0,0.0,0.0,0.0,0.0,0.0,0.0,0.0,0.0,0.0,0.0
-1332.0,-422.0,0.0,0.0,0.0,0.0,0.0,0.0,0.0,0.0,0.0,0.0
-1330.0,-422.0,0.0,0.0,0.0,0.0,0.0,0.0,0.0,0.0,0.0,0.0
-1328.0,-422.0,0.0,0.0,0.0,0.0,0.0,0.0,0.0,0.0,0.0,0.0
-1326.0,-422.0,0.0,0.0,0.0,0.0,0.0,0.0,0.0,0.0,0.0,0.0
-1324.0,-422.0,0.0,0.0,0.0,0.0,0.0,0.0,0.0,0.0,0.0,0.0
-1322.0,-422.0,0.0,0.0,0.0,0.0,0.0,0.0,0.0,0.0,0.0,0.0
-1320.0,-422.0,0.0,0.0,0.0,0.0,0.0,0.0,0.0,0.0,0.0,0.0
-1318.0,-422.0,0.0,0.0,0.0,0.0,0.0,0.0,0.0,0.0,0.0,0.0
-1316.0,-422.0,0.0,0.0,0.0,0.0,0.0,0.0,0.0,0.0,0.0,0.0
-1314.0,-422.0,0.0,0.0,0.0,0.0,0.0,0.0,0.0,0.0,0.0,0.0
-1312.0,-422.0,0.0,0.0,0.0,0.0,0.0,0.0,0.0,0.0,0.0,0.0
-1310.0,-422.0,-152.097,1.68281e-06,88.325,48.0265,91.675,-43.396,-1381.4,-617.583,-1232.95,-336.345
-1308.0,-422.0,-152.586,1.67859e-06,88.3015,48.4306,91.6985,-43.3117,-1381.35,-617.58,-1232.02,-336.331
-1306.0,-422.0,-167.849,1.19387e-06,87.5845,-70.3977,92.4155,-2.76158,-1239.86,-607.725,-1239.86,-607.725
-1304.0,-422.0,-167.588,1.19168e-06,87.553,-70.9471,92.447,-2.76158,-1239.86,-607.725,-1239.86,-607.725
-1302.0,-422.0,-182.795,1.0345e-06,87.1496,-61.4902,92.8504,-9.41385,-1309.77,-614.96,-1254.97,-508.578
-1300.0,-422.0,-182.945,1.03137e-06,87.1137,-61.9537,92.8863,-9.41385,-1309.77,-614.96,-1255.0,-506.475
-1298.0,-422.0,-175.85,1.25841e-06,87.6219,-28.6947,92.3781,-43.3117,-1381.35,-617.58,-1209.92,-470.214
-1296.0,-422.0,-177.584,1.25257e-06,87.5979,-28.8836,92.4021,-43.3117,-1381.35,-617.58,-1209.94,-469.473
-1294.0,-422.0,-179.269,1.24675e-06,87.5737,-29.0747,92.4263,-43.3117,-1381.35,-617.58,-1209.97,-468.721
-1292.0,-422.0,-180.496,1.24094e-06,87.5494,-29.2681,92.4506,-43.3117,-1381.35,-617.58,-1210.0,-467.956
-1290.0,-422.0,-180.869,1.23514e-06,87.5248,-29.4639,92.4752,-43.3117,-1381.35,-617.58,-1210.03,-467.178
-1288.0,-422.0,0.0,0.0,0.0,0.0,0.0,0.0,0.0,0.0,0.0,0.0
-1286.0,-422.0,0.0,0.0,0.0,0.0,0.0,0.0,0.0,0.0,0.0,0.0
-1284.0,-422.0,0.0,0.0,0.0,0.0,0.0,0.0,0.0,0.0,0.0,0.0
-1282.0,-422.0,0.0,0.0,0.0,0.0,0.0,0.0,0.0,0.0,0.0,0.0
-1280.0,-422.0,0.0,0.0,0.0,0.0,0.0,0.0,0.0,0.0,0.0,0.0
-1278.0,-422.0,0.0,0.0,0.0,0.0,0.0,0.0,0.0,0.0,0.0,0.0
-1276.0,-422.0,-154.199,9.9171e-07,83.7315,-113.761,85.2871,-60.1641,-1389.71,-617.933,-1361.74,-616.754
-1274.0,-422.0,-167.353,1.16637e-06,87.2874,-79.5835,92.7126,-2.76158,-1239.86,-607.725,-1239.86,-607.725
-1272.0,-422.0,-175.296,9.54273e-07,83.8875,-115.903,145.218,33.8296,-1394.19,-596.105,-1366.68,-616.962
-1270.0,-422.0,-175.605,9.5719e-07,83.9058,-116.265,144.931,33.4501,-1394.1,-596.103,-1366.2,-616.942
-1268.0,-422.0,-176.01,9.60146e-07,83.9242,-116.624,144.645,33.0782,-1394.01,-596.1,-1365.71,-616.921
-1266.0,-422.0,-176.546,9.63138e-07,83.9428,-116.981,144.359,32.7138,-1393.92,-596.097,-1365.22,-616.901
-1264.0,-422.0,-177.268,9.66167e-07,83.9615,-117.335,144.075,32.3567,-1393.84,-596.095,-1364.74,-616.88
-1262.0,-422.0,-160.557,1.19863e-06,85.9663,50.4583,75.3123,-42.3439,-1380.74,-617.554,-1240.23,-395.634
-1260.0,-422.0,-184.506,8.89789e-07,86.4433,-105.639,93.5567,7.79523,-1306.24,-587.164,-1306.24,-587.164
-1258.0,-422.0,-162.342,9.25316e-07,84.1431,-120.302,52.9337,48.4492,-1391.17,-590.04,-1372.07,-617.189
-1256.0,-422.0,-161.569,9.28684e-07,84.1642,-120.66,53.1102,48.0621,-1391.05,-590.036,-1371.7,-617.174
-1254.0,-422.0,-161.142,9.32065e-07,84.1996,-121.014,53.2872,47.6786,-1390.92,-590.032,-1371.33,-617.158
-1252.0,-422.0,-151.652,9.24874e-07,84.2518,-121.818,81.5079,56.6254,-1393.49,-590.111,-1373.14,-617.234
-1250.0,-422.0,-151.543,9.28308e-07,84.3354,-122.169,81.5438,56.2692,-1393.4,-590.108,-1372.79,-617.219
-1248.0,-422.0,-151.519,9.31778e-07,84.4187,-122.518,81.5797,55.9157,-1393.3,-590.105,-1372.44,-617.205
-1246.0,-422.0,-135.787,9.31546e-07,86.8096,-122.256,93.1904,54.9672,-1393.06,-590.097,-1328.45,-552.64
-1244.0,-422.0,-131.11,9.35086e-07,86.8735,-122.879,93.1265,54.9672,-1393.06,-590.097,-1328.45,-552.64
-1242.0,-422.0,-123.246,9.38688e-07,86.9372,-123.494,93.0628,54.9672,-1393.06,-590.097,-1328.45,-552.64
-1240.0,-422.0,-125.823,9.4235e-07,87.0005,-124.099,92.9995,54.9672,-1393.06,-590.097,-1328.45,-552.64
-1238.0,-422.0,-132.398,9.46072e-07,87.0636,-124.697,92.9364,54.9672,-1393.06,-590.097,-1328.45,-552.64
-1236.0,-422.0,-136.343,9.49851e-07,87.1263,-125.285,92.8737,54.9672,-1393.06,-590.097,-1328.45,-552.64
-1234.0,-422.0,-139.038,9.53687e-07,87.1887,-125.866,92.8113,54.9672,-1393.06,-590.097,-1328.45,-552.64
-1232.0,-422.0,-141.076,9.57578e-07,87.2508,-126.438,92.7492,54.9672,-1393.06,-590.097,-1328.45,-552.64
-1230.0,-422.0,-142.722,9.61548e-07,87.2813,-127.001,92.7187,54.9672,-1393.06,-590.097,-1328.45,-552.64
-1228.0,-422.0,-142.223,9.16213e-07,87.177,-127.44,92.823,-43.396,-1381.4,-617.583,-1355.83,-588.959
-1226.0,-422.0,-141.293,9.2025e-07,87.2334,-127.87,92.7666,-43.396,-1381.4,-617.583,-1355.83,-588.959
-1224.0,-422.0,-140.268,9.24321e-07,87.298,-128.295,92.702,-43.396,-1381.4,-617.583,-1355.83,-588.959
-1222.0,-422.0,-116.118,9.94207e-07,87.5368,-133.507,92.4632,-41.2769,-1380.04,-617.525,-1357.36,-564.604
-1220.0,-422.0,-116.628,9.98773e-07,87.5966,-133.785,92.4034,-40.9989,-1379.85,-617.517,-1357.34,-565.291
-1218.0,-422.0,-117.41,1.00336e-06,87.6559,-134.06,92.3441,-40.7236,-1379.66,-617.509,-1357.32,-565.965
-1216.0,-422.0,-118.535,1.00798e-06,87.7147,-134.333,92.2853,-40.4508,-1379.47,-617.501,-1357.3,-566.627
-1214.0,-422.0,-120.038,1.01262e-06,87.773,-134.603,92.227,-40.1805,-1379.29,-617.493,-1357.28,-567.277
-1212.0,-422.0,-121.105,1.83309e-06,88.7964,-138.126,91.2036,-15.0451,-1340.93,-615.877,-1338.57,-535.459
-1210.0,-422.0,0.0,0.0,0.0,0.0,0.0,0.0,0.0,0.0,0.0,0.0
-1208.0,-422.0,0.0,0.0,0.0,0.0,0.0,0.0,0.0,0.0,0.0,0.0
-1206.0,-422.0,0.0,0.0,0.0,0.0,0.0,0.0,0.0,0.0,0.0,0.0
-1204.0,-422.0,0.0,0.0,0.0,0.0,0.0,0.0,0.0,0.0,0.0,0.0
-1202.0,-422.0,0.0,0.0,0.0,0.0,0.0,0.0,0.0,0.0,0.0,0.0
-1600.0,-420.0,-163.417,1.02892e-06,88.3545,-19.7603,91.6455,99.908,-1420.16,-484.607,-1420.16,-484.607
-1598.0,-420.0,-163.144,1.02264e-06,88.3602,-19.965,91.6398,99.908,-1420.16,-484.607,-1420.16,-484.607
-1596.0,-420.0,-162.855,1.01637e-06,88.366,-20.1739,91.634,99.908,-1420.16,-484.607,-1420.16,-484.607
-1594.0,-420.0,-162.559,1.0101e-06,88.3718,-20.387,91.6282,99.908,-1420.16,-484.607,-1420.16,-484.607
-1592.0,-420.0,-137.845,1.28219e-06,88.73,-46.4228,91.27,129.985,-1425.61,-569.467,-1532.87,-482.141
-1590.0,-420.0,-142.123,1.2776e-06,88.7381,-46.7024,91.2619,129.985,-1425.61,-569.467,-1531.51,-482.069
-1588.0,-420.0,-144.231,1.27303e-06,88.7417,-46.9846,91.2583,129.985,-1425.61,-569.467,-1530.16,-481.997
-1586.0,-420.0,-144.619,1.26849e-06,88.7372,-47.2694,91.2628,129.985,-1425.61,-569.467,-1528.8,-481.925
-1584.0,-420.0,-144.604,1.26398e-06,88.7276,-47.5569,91.2724,129.985,-1425.61,-569.467,-1527.44,-481.852
-1582.0,-420.0,-144.678,1.25949e-06,88.7102,-47.847,91.2898,129.985,-1425.61,-569.467,-1526.07,-481.78
-1580.0,-420.0,-144.912,1.25503e-06,88.6986,-48.1399,91.3014,129.985,-1425.61,-569.467,-1524.71,-481.708
-1578.0,-420.0,-145.275,1.25059e-06,88.6939,-48.4354,91.3061,129.985,-1425.61,-569.467,-1523.35,-481.635
-1576.0,-420.0,-145.729,1.24618e-06,88.6893,-48.7336,91.3107,129.985,-1425.61,-569.467,-1521.98,-481.562
-1574.0,-420.0,-146.24,1.24179e-06,88.6847,-49.0346,91.3153,129.985,-1425.61,-569.467,-1520.61,-481.49
-1572.0,-420.0,-146.793,1.23743e-06,88.68,-49.3384,91.32,129.985,-1425.61,-569.467,-1519.24,-481.417
-1570.0,-420.0,-147.376,1.2331e-06,88.6754,-49.645,91.3246,129.985,-1425.61,-569.467,-1517.87,-481.344
-1568.0,-420.0,-147.99,1.22879e-06,88.6708,-49.9544,91.3292,129.985,-1425.61,-569.467,-1516.5,-481.271
-1566.0,-420.0,-156.127,1.09353e-06,88.5063,41.6394,91.4937,130.461,-1425.59,-569.992,-1532.29,-390.032
-1564.0,-420.0,-158.728,1.08858e-06,88.4995,42.5522,91.5005,130.461,-1425.59,-569.992,-1531.34,-390.015
-1562.0,-420.0,-157.46,1.0837e-06,88.4927,43.4978,91.5073,130.461,-1425.59,-569.992,-1530.38,-389.998
-1560.0,-420.0,-152.222,1.0789e-06,88.486,44.4776,91.514,130.461,-1425.59,-569.992,-1529.43,-389.981
-1558.0,-420.0,0.0,0.0,0.0,0.0,0.0,0.0,0.0,0.0,0.0,0.0
-1556.0,-420.0,0.0,0.0,0.0,0.0,0.0,0.0,0.0,0.0,0.0,0.0
-1554.0,-420.0,0.0,0.0,0.0,0.0,0.0,0.0,0.0,0.0,0.0,0.0
-1552.0,-420.0,0.0,0.0,0.0,0.0,0.0,0.0,0.0,0.0,0.0,0.0
-1550.0,-420.0,0.0,0.0,0.0,0.0,0.0,0.0,0.0,0.0,0.0,0.0
-1548.0,-420.0,0.0,0.0,0.0,0.0,0.0,0.0,0.0,0.0,0.0,0.0
-1546.0,-420.0,0.0,0.0,0.0,0.0,0.0,0.0,0.0,0.0,0.0,0.0
-1544.0,-420.0,0.0,0.0,0.0,0.0,0.0,0.0,0.0,0.0,0.0,0.0
-1542.0,-420.0,0.0,0.0,0.0,0.0,0.0,0.0,0.0,0.0,0.0,0.0
-1540.0,-420.0,0.0,0.0,0.0,0.0,0.0,0.0,0.0,0.0,0.0,0.0
-1538.0,-420.0,0.0,0.0,0.0,0.0,0.0,0.0,0.0,0.0,0.0,0.0
-1536.0,-420.0,0.0,0.0,0.0,0.0,0.0,0.0,0.0,0.0,0.0,0.0
-1534.0,-420.0,0.0,0.0,0.0,0.0,0.0,0.0,0.0,0.0,0.0,0.0
-1532.0,-420.0,0.0,0.0,0.0,0.0,0.0,0.0,0.0,0.0,0.0,0.0
-1530.0,-420.0,0.0,0.0,0.0,0.0,0.0,0.0,0.0,0.0,0.0,0.0
-1528.0,-420.0,0.0,0.0,0.0,0.0,0.0,0.0,0.0,0.0,0.0,0.0
-1526.0,-420.0,0.0,0.0,0.0,0.0,0.0,0.0,0.0,0.0,0.0,0.0
-1524.0,-420.0,0.0,0.0,0.0,0.0,0.0,0.0,0.0,0.0,0.0,0.0
-1522.0,-420.0,0.0,0.0,0.0,0.0,0.0,0.0,0.0,0.0,0.0,0.0
-1520.0,-420.0,0.0,0.0,0.0,0.0,0.0,0.0,0.0,0.0,0.0,0.0
-1518.0,-420.0,0.0,0.0,0.0,0.0,0.0,0.0,0.0,0.0,0.0,0.0
-1516.0,-420.0,0.0,0.0,0.0,0.0,0.0,0.0,0.0,0.0,0.0,0.0
-1514.0,-420.0,0.0,0.0,0.0,0.0,0.0,0.0,0.0,0.0,0.0,0.0
-1512.0,-420.0,0.0,0.0,0.0,0.0,0.0,0.0,0.0,0.0,0.0,0.0
-1510.0,-420.0,0.0,0.0,0.0,0.0,0.0,0.0,0.0,0.0,0.0,0.0
-1508.0,-420.0,0.0,0.0,0.0,0.0,0.0,0.0,0.0,0.0,0.0,0.0
-1506.0,-420.0,0.0,0.0,0.0,0.0,0.0,0.0,0.0,0.0,0.0,0.0
-1504.0,-420.0,0.0,0.0,0.0,0.0,0.0,0.0,0.0,0.0,0.0,0.0
-1502.0,-420.0,0.0,0.0,0.0,0.0,0.0,0.0,0.0,0.0,0.0,0.0
-1500.0,-420.0,-112.227,7.95286e-07,87.9459,-48.3132,92.0541,130.894,-1425.58,-570.46,-1397.63,-534.946
-1498.0,-420.0,-111.685,7.90867e-07,87.9344,-48.6745,92.0656,130.533,-1425.59,-570.07,-1397.66,-534.113
-1496.0,-420.0,-111.312,7.86479e-07,87.9229,-49.0399,92.0771,130.168,-1425.6,-569.67,-1397.69,-533.257
-1494.0,-420.0,-115.325,1.01301e-06,88.3875,-68.9792,91.6125,107.988,-1456.92,-424.686,-1471.38,-478.873
-1492.0,-420.0,-139.185,8.13912e-07,87.993,-45.5231,92.007,132.426,-1425.55,-572.049,-1490.72,-421.302
-1490.0,-420.0,0.0,0.0,0.0,0.0,0.0,0.0,0.0,0.0,0.0,0.0
-1488.0,-420.0,0.0,0.0,0.0,0.0,0.0,0.0,0.0,0.0,0.0,0.0
-1486.0,-420.0,0.0,0.0,0.0,0.0,0.0,0.0,0.0,0.0,0.0,0.0
-1484.0,-420.0,0.0,0.0,0.0,0.0,0.0,0.0,0.0,0.0,0.0,0.0
-1482.0,-420.0,0.0,0.0,0.0,0.0,0.0,0.0,0.0,0.0,0.0,0.0
-1480.0,-420.0,0.0,0.0,0.0,0.0,0.0,0.0,0.0,0.0,0.0,0.0
-1478.0,-420.0,0.0,0.0,0.0,0.0,0.0,0.0,0.0,0.0,0.0,0.0
-1476.0,-420.0,0.0,0.0,0.0,0.0,0.0,0.0,0.0,0.0,0.0,0.0
-1474.0,-420.0,0.0,0.0,0.0,0.0,0.0,0.0,0.0,0.0,0.0,0.0
-1472.0,-420.0,0.0,0.0,0.0,0.0,0.0,0.0,0.0,0.0,0.0,0.0
-1470.0,-420.0,0.0,0.0,0.0,0.0,0.0,0.0,0.0,0.0,0.0,0.0
-1468.0,-420.0,0.0,0.0,0.0,0.0,0.0,0.0,0.0,0.0,0.0,0.0
-1466.0,-420.0,0.0,0.0,0.0,0.0,0.0,0.0,0.0,0.0,0.0,0.0
-1464.0,-420.0,0.0,0.0,0.0,0.0,0.0,0.0,0.0,0.0,0.0,0.0
-1462.0,-420.0,0.0,0.0,0.0,0.0,0.0,0.0,0.0,0.0,0.0,0.0
-1460.0,-420.0,0.0,0.0,0.0,0.0,0.0,0.0,0.0,0.0,0.0,0.0
-1458.0,-420.0,0.0,0.0,0.0,0.0,0.0,0.0,0.0,0.0,0.0,0.0
-1456.0,-420.0,0.0,0.0,0.0,0.0,0.0,0.0,0.0,0.0,0.0,0.0
-1454.0,-420.0,0.0,0.0,0.0,0.0,0.0,0.0,0.0,0.0,0.0,0.0
-1452.0,-420.0,0.0,0.0,0.0,0.0,0.0,0.0,0.0,0.0,0.0,0.0
-1450.0,-420.0,0.0,0.0,0.0,0.0,0.0,0.0,0.0,0.0,0.0,0.0
-1448.0,-420.0,0.0,0.0,0.0,0.0,0.0,0.0,0.0,0.0,0.0,0.0
-1446.0,-420.0,0.0,0.0,0.0,0.0,0.0,0.0,0.0,0.0,0.0,0.0
-1444.0,-420.0,0.0,0.0,0.0,0.0,0.0,0.0,0.0,0.0,0.0,0.0
-1442.0,-420.0,0.0,0.0,0.0,0.0,0.0,0.0,0.0,0.0,0.0,0.0
-1440.0,-420.0,0.0,0.0,0.0,0.0,0.0,0.0,0.0,0.0,0.0,0.0
-1438.0,-420.0,0.0,0.0,0.0,0.0,0.0,0.0,0.0,0.0,0.0,0.0
-1436.0,-420.0,0.0,0.0,0.0,0.0,0.0,0.0,0.0,0.0,0.0,0.0
-1434.0,-420.0,0.0,0.0,0.0,0.0,0.0,0.0,0.0,0.0,0.0,0.0
-1432.0,-420.0,0.0,0.0,0.0,0.0,0.0,0.0,0.0,0.0,0.0,0.0
-1430.0,-420.0,0.0,0.0,0.0,0.0,0.0,0.0,0.0,0.0,0.0,0.0
-1428.0,-420.0,0.0,0.0,0.0,0.0,0.0,0.0,0.0,0.0,0.0,0.0
-1426.0,-420.0,0.0,0.0,0.0,0.0,0.0,0.0,0.0,0.0,0.0,0.0
-1424.0,-420.0,0.0,0.0,0.0,0.0,0.0,0.0,0.0,0.0,0.0,0.0
-1422.0,-420.0,0.0,0.0,0.0,0.0,0.0,0.0,0.0,0.0,0.0,0.0
-1420.0,-420.0,-165.069,1.33872e-06,88.5004,-30.6115,91.4996,-35.9954,-1376.1,-617.359,-1254.87,-517.701
-1418.0,-420.0,-166.538,1.33299e-06,88.4877,-30.791,91.5123,-35.9954,-1376.1,-617.359,-1254.88,-517.205
-1416.0,-420.0,-155.148,6.98634e-07,87.1137,-122.561,92.8863,111.97,-1429.78,-526.194,-1459.82,-488.619
-1414.0,-420.0,-154.842,7.02257e-07,87.1287,-123.301,92.8713,111.97,-1429.78,-526.194,-1459.76,-489.666
-1412.0,-420.0,-154.951,7.05952e-07,87.1437,-124.028,92.8563,111.97,-1429.78,-526.194,-1459.71,-490.659
-1410.0,-420.0,-122.29,8.20096e-07,87.5415,-129.383,92.4585,134.674,-1425.49,-574.213,-1460.21,-481.17
-1408.0,-420.0,-119.106,8.24343e-07,87.5542,-129.742,92.4458,135.033,-1425.49,-574.542,-1460.13,-482.702
-1406.0,-420.0,-116.903,8.28621e-07,87.5668,-130.097,92.4332,135.388,-1425.48,-574.863,-1460.05,-484.198
-1404.0,-420.0,-115.493,8.32931e-07,87.5794,-130.448,92.4206,135.74,-1425.47,-575.177,-1459.98,-485.659
-1402.0,-420.0,-114.605,8.37272e-07,87.592,-130.796,92.408,136.087,-1425.47,-575.484,-1459.9,-487.087
-1400.0,-420.0,-114.059,8.41644e-07,87.6045,-131.14,92.3955,136.432,-1425.46,-575.783,-1459.83,-488.482
-1398.0,-420.0,-113.748,8.46053e-07,87.6054,-131.481,92.3946,136.772,-1425.45,-576.077,-1459.75,-489.846
-1396.0,-420.0,-150.608,8.52066e-07,87.6034,-133.331,92.3966,129.101,-1425.63,-568.463,-1459.87,-487.702
-1394.0,-420.0,-151.63,8.56677e-07,87.5854,-133.717,92.4146,129.101,-1425.63,-568.463,-1459.81,-488.824
-1392.0,-420.0,0.0,0.0,0.0,0.0,0.0,0.0,0.0,0.0,0.0,0.0
-1390.0,-420.0,0.0,0.0,0.0,0.0,0.0,0.0,0.0,0.0,0.0,0.0
-1388.0,-420.0,0.0,0.0,0.0,0.0,0.0,0.0,0.0,0.0,0.0,0.0
-1386.0,-420.0,0.0,0.0,0.0,0.0,0.0,0.0,0.0,0.0,0.0,0.0
-1384.0,-420.0,0.0,0.0,0.0,0.0,0.0,0.0,0.0,0.0,0.0,0.0
-1382.0,-420.0,0.0,0.0,0.0,0.0,0.0,0.0,0.0,0.0,0.0,0.0
-1380.0,-420.0,0.0,0.0,0.0,0.0,0.0,0.0,0.0,0.0,0.0,0.0
-1378.0,-420.0,0.0,0.0,0.0,0.0,0.0,0.0,0.0,0.0,0.0,0.0
-1376.0,-420.0,0.0,0.0,0.0,0.0,0.0,0.0,0.0,0.0,0.0,0.0
-1374.0,-420.0,-197.135,2.31577e-06,88.9676,84.3377,91.0324,-14.8341,-1340.17,-615.845,-1364.27,-321.848
-1372.0,-420.0,-197.964,2.31515e-06,88.9533,84.6996,91.0467,-14.8341,-1340.17,-615.845,-1362.89,-321.833
-1370.0,-420.0,-198.879,2.31455e-06,88.9502,85.0619,91.0498,-14.8341,-1340.17,-615.845,-1361.52,-321.818
-1368.0,-420.0,-174.701,1.38405e-06,88.2442,-59.4455,91.7558,-2.76158,-1239.86,-607.725,-1330.74,-483.122
-1366.0,-420.0,-173.866,1.38068e-06,88.2399,-59.8351,91.7601,-2.76158,-1239.86,-607.725,-1329.33,-483.093
-1364.0,-420.0,-173.275,1.37735e-06,88.2357,-60.2279,91.7643,-2.76158,-1239.86,-607.725,-1327.92,-483.064
-1362.0,-420.0,-172.872,1.37406e-06,88.2314,-60.6237,91.7686,-2.76158,-1239.86,-607.725,-1326.52,-483.035
-1360.0,-420.0,-168.818,1.64575e-06,88.5235,-75.5871,91.4765,-14.6085,-1339.34,-615.81,-1329.2,-539.827
-1358.0,-420.0,-168.889,1.64414e-06,88.522,-76.4877,91.478,-14.6085,-1339.34,-615.81,-1329.2,-539.827
-1356.0,-420.0,-168.997,1.64263e-06,88.5207,-77.3952,91.4793,-14.6085,-1339.34,-615.81,-1329.2,-539.827
-1354.0,-420.0,-169.144,1.64123e-06,88.5194,-78.3091,91.4806,-14.6085,-1339.34,-615.81,-1329.2,-539.827
-1352.0,-420.0,-169.333,1.63993e-06,88.5182,-79.2291,91.4818,-14.6085,-1339.34,-615.81,-1329.2,-539.827
-1350.0,-420.0,-169.565,1.63873e-06,88.5171,-80.1548,91.4829,-14.6085,-1339.34,-615.81,-1329.2,-539.827
-1348.0,-420.0,-173.469,1.45126e-06,88.3255,90.0296,91.6745,-43.3117,-1381.35,-617.58,-1348.05,-321.669
-1346.0,-420.0,-187.751,1.84835e-06,88.6771,64.5598,91.3229,-3.72613,-1239.86,-610.429,-1323.75,-373.229
-1344.0,-420.0,-174.936,1.53589e-06,88.3974,71.5015,91.6026,-2.76158,-1239.86,-607.725,-1328.38,-373.317
-1342.0,-420.0,-174.241,1.5338e-06,88.3846,71.8647,91.6154,-2.76158,-1239.86,-607.725,-1326.7,-373.285
-1340.0,-420.0,-173.676,1.45187e-06,88.2823,91.8593,91.7177,-43.3117,-1381.35,-617.58,-1343.19,-321.616
-1338.0,-420.0,-173.221,1.52975e-06,88.3592,72.5957,91.6408,-2.76158,-1239.86,-607.725,-1323.34,-373.221
-1336.0,-420.0,-172.854,1.52778e-06,88.3466,72.9635,91.6534,-2.76158,-1239.86,-607.725,-1321.66,-373.189
-1334.0,-420.0,-172.56,1.52586e-06,88.3339,73.3327,91.6661,-2.76158,-1239.86,-607.725,-1319.98,-373.157
-1332.0,-420.0,0.0,0.0,0.0,0.0,0.0,0.0,0.0,0.0,0.0,0.0
-1330.0,-420.0,0.0,0.0,0.0,0.0,0.0,0.0,0.0,0.0,0.0,0.0
-1328.0,-420.0,0.0,0.0,0.0,0.0,0.0,0.0,0.0,0.0,0.0,0.0
-1326.0,-420.0,0.0,0.0,0.0,0.0,0.0,0.0,0.0,0.0,0.0,0.0
-1324.0,-420.0,0.0,0.0,0.0,0.0,0.0,0.0,0.0,0.0,0.0,0.0
-1322.0,-420.0,0.0,0.0,0.0,0.0,0.0,0.0,0.0,0.0,0.0,0.0
-1320.0,-420.0,0.0,0.0,0.0,0.0,0.0,0.0,0.0,0.0,0.0,0.0
-1318.0,-420.0,0.0,0.0,0.0,0.0,0.0,0.0,0.0,0.0,0.0,0.0
-1316.0,-420.0,0.0,0.0,0.0,0.0,0.0,0.0,0.0,0.0,0.0,0.0
-1314.0,-420.0,-166.729,2.13153e-06,88.7079,-24.3226,91.2921,-14.8341,-1340.17,-615.845,-1210.04,-466.99
-1312.0,-420.0,-152.356,1.68233e-06,88.3437,47.6587,91.6563,-43.396,-1381.4,-617.583,-1235.81,-336.389
-1310.0,-420.0,-152.118,1.67786e-06,88.32,47.8518,91.68,-43.396,-1381.4,-617.583,-1234.3,-336.366
-1308.0,-420.0,-152.044,1.67341e-06,88.2963,48.046,91.7037,-43.396,-1381.4,-617.583,-1232.8,-336.343
-1306.0,-420.0,-152.112,1.66898e-06,88.2724,48.2415,91.7276,-43.396,-1381.4,-617.583,-1231.29,-336.32
-1304.0,-420.0,-152.302,1.66456e-06,88.2484,48.4382,91.7516,-43.396,-1381.4,-617.583,-1229.78,-336.297
-1302.0,-420.0,-167.4,1.19589e-06,87.5346,-71.684,92.4654,-2.76158,-1239.86,-607.725,-1239.86,-607.725
-1300.0,-420.0,-177.326,1.26745e-06,87.6516,-28.8485,92.3484,-43.3117,-1381.35,-617.58,-1209.94,-469.611
-1298.0,-420.0,-179.026,1.26162e-06,87.628,-29.0365,92.372,-43.3117,-1381.35,-617.58,-1209.97,-468.871
-1296.0,-420.0,-180.376,1.25581e-06,87.6041,-29.2268,92.3959,-43.3117,-1381.35,-617.58,-1209.99,-468.119
-1294.0,-420.0,-180.968,1.25001e-06,87.5801,-29.4193,92.4199,-43.3117,-1381.35,-617.58,-1210.02,-467.356
-1292.0,-420.0,-180.586,1.24422e-06,87.5558,-29.6142,92.4442,-43.3117,-1381.35,-617.58,-1210.05,-466.579
-1290.0,-420.0,-166.934,1.18452e-06,87.4189,-75.0452,92.5811,-2.76158,-1239.86,-607.725,-1239.86,-607.725
-1288.0,-420.0,-166.928,1.18284e-06,87.4016,-75.6165,92.5984,-2.76158,-1239.86,-607.725,-1239.86,-607.725
-1286.0,-420.0,-166.941,1.18123e-06,87.3844,-76.1907,92.6156,-2.76158,-1239.86,-607.725,-1239.86,-607.725
-1284.0,-420.0,-166.972,1.17968e-06,87.3672,-76.7677,92.6328,-2.76158,-1239.86,-607.725,-1239.86,-607.725
-1282.0,-420.0,-167.024,1.1782e-06,87.3502,-77.3475,92.6498,-2.76158,-1239.86,-607.725,-1239.86,-607.725
-1280.0,-420.0,-167.097,1.17679e-06,87.3333,-77.93,92.6667,-2.76158,-1239.86,-607.725,-1239.86,-607.725
-1278.0,-420.0,-167.193,1.17544e-06,87.3165,-78.515,92.6835,-2.76158,-1239.86,-607.725,-1239.86,-607.725
-1276.0,-420.0,-154.26,9.97785e-07,83.7877,-113.604,85.281,-60.3166,-1389.78,-617.935,-1361.98,-616.764
-1274.0,-420.0,-167.454,1.17293e-06,87.3026,-79.6921,92.6974,-2.76158,-1239.86,-607.725,-1239.86,-607.725
-1272.0,-420.0,-175.232,9.60246e-07,83.9326,-115.728,145.354,34.0124,-1394.23,-596.107,-1366.91,-616.972
-1270.0,-420.0,-175.5,9.63146e-07,83.9505,-116.087,145.069,33.6321,-1394.14,-596.104,-1366.43,-616.951
-1268.0,-420.0,-175.849,9.66083e-07,83.9686,-116.445,144.785,33.2594,-1394.06,-596.101,-1365.95,-616.931
-1266.0,-420.0,-176.306,9.69057e-07,83.9868,-116.8,144.501,32.8941,-1393.97,-596.099,-1365.47,-616.911
-1264.0,-420.0,-176.915,9.72067e-07,84.0052,-117.153,144.218,32.5361,-1393.88,-596.096,-1364.98,-616.891
-1262.0,-420.0,-184.816,8.94466e-07,86.4619,-104.822,93.5381,7.79523,-1306.24,-587.164,-1306.24,-587.164
-1260.0,-420.0,-184.647,8.96206e-07,86.4688,-105.461,93.5312,7.79523,-1306.24,-587.164,-1306.24,-587.164
-1258.0,-420.0,-184.438,8.98017e-07,86.4759,-106.096,93.5241,7.79523,-1306.24,-587.164,-1306.24,-587.164
-1256.0,-420.0,-162.068,9.34386e-07,84.2131,-120.45,53.0084,48.2849,-1391.12,-590.038,-1371.92,-617.183
-1254.0,-420.0,-161.449,9.3774e-07,84.2521,-120.803,53.184,47.9016,-1391.0,-590.034,-1371.55,-617.167
-1252.0,-420.0,-156.975,1.12512e-06,87.2407,-141.485,92.7593,-43.3117,-1381.35,-617.58,-1309.98,-466.147
-1250.0,-420.0,-151.618,9.33915e-07,84.3951,-121.949,81.522,56.4847,-1393.45,-590.109,-1373.0,-617.228
-1248.0,-420.0,-140.469,9.33741e-07,86.7784,-121.237,93.2216,54.9672,-1393.06,-590.097,-1328.45,-552.64
-1246.0,-420.0,-137.945,9.37181e-07,86.842,-121.865,93.158,54.9672,-1393.06,-590.097,-1328.45,-552.64
-1244.0,-420.0,-134.432,9.40683e-07,86.9053,-122.484,93.0947,54.9672,-1393.06,-590.097,-1328.45,-552.64
-1242.0,-420.0,-128.923,9.44247e-07,86.9683,-123.094,93.0317,54.9672,-1393.06,-590.097,-1328.45,-552.64
-1240.0,-420.0,-119.886,9.47871e-07,87.0311,-123.696,92.9689,54.9672,-1393.06,-590.097,-1328.45,-552.64
-1238.0,-420.0,-128.437,9.51554e-07,87.0935,-124.29,92.9065,54.9672,-1393.06,-590.097,-1328.45,-552.64
-1236.0,-420.0,-133.889,9.55295e-07,87.1557,-124.876,92.8443,54.9672,-1393.06,-590.097,-1328.45,-552.64
-1234.0,-420.0,-137.312,9.59092e-07,87.2175,-125.453,92.7825,54.9672,-1393.06,-590.097,-1328.45,-552.64
-1232.0,-420.0,-139.747,9.62963e-07,87.2556,-126.022,92.7444,54.9672,-1393.06,-590.097,-1328.45,-552.64
-1230.0,-420.0,-143.76,9.1755e-07,87.1373,-126.677,92.8627,-43.396,-1381.4,-617.583,-1355.83,-588.959
-1228.0,-420.0,-142.966,9.21527e-07,87.1798,-127.111,92.8202,-43.396,-1381.4,-617.583,-1355.83,-588.959
-1226.0,-420.0,-142.107,9.25541e-07,87.227,-127.54,92.773,-43.396,-1381.4,-617.583,-1355.83,-588.959
-1224.0,-420.0,-140.497,1.1133e-06,87.7347,126.402,92.2653,56.8719,-1393.55,-590.112,-1241.9,-395.719
-1222.0,-420.0,-115.916,9.99072e-07,87.5241,-133.243,92.4759,-41.5406,-1380.21,-617.532,-1357.38,-563.946
-1220.0,-420.0,-116.214,1.00362e-06,87.5836,-133.521,92.4164,-41.2628,-1380.03,-617.524,-1357.36,-564.639
-1218.0,-420.0,-116.73,1.00818e-06,87.6426,-133.796,92.3574,-40.9876,-1379.84,-617.517,-1357.34,-565.319
-1216.0,-420.0,-117.515,1.01278e-06,87.7011,-134.069,92.2989,-40.7148,-1379.65,-617.509,-1357.32,-565.987
-1214.0,-420.0,-117.507,1.13334e-06,87.9885,128.059,92.0115,56.4983,-1393.45,-590.11,-1233.35,-395.28
-1212.0,-420.0,-117.18,1.13744e-06,88.0384,128.324,91.9616,56.2334,-1393.39,-590.107,-1231.61,-395.191
-1210.0,-420.0,0.0,0.0,0.0,0.0,0.0,0.0,0.0,0.0,0.0,0.0
-1208.0,-420.0,0.0,0.0,0.0,0.0,0.0,0.0,0.0,0.0,0.0,0.0
-1206.0,-420.0,0.0,0.0,0.0,0.0,0.0,0.0,0.0,0.0,0.0,0.0
-1204.0,-420.0,0.0,0.0,0.0,0.0,0.0,0.0,0.0,0.0,0.0,0.0
-1202.0,-420.0,0.0,0.0,0.0,0.0,0.0,0.0,0.0,0.0,0.0,0.0
-1600.0,-418.0,-162.864,1.0312e-06,88.3821,-20.3226,91.6179,99.908,-1420.16,-484.607,-1420.16,-484.607
-1598.0,-418.0,-162.577,1.02494e-06,88.388,-20.5322,91.612,99.908,-1420.16,-484.607,-1420.16,-484.607
-1596.0,-418.0,-162.296,1.01869e-06,88.394,-20.7459,91.606,99.908,-1420.16,-484.607,-1420.16,-484.607
-1594.0,-418.0,-137.628,1.29162e-06,88.7459,-46.4094,91.2541,129.985,-1425.61,-569.467,-1532.94,-482.145
-1592.0,-418.0,-141.991,1.28703e-06,88.754,-46.6863,91.246,129.985,-1425.61,-569.467,-1531.59,-482.073
-1590.0,-418.0,-144.24,1.28246e-06,88.7606,-46.9658,91.2394,129.985,-1425.61,-569.467,-1530.25,-482.002
-1588.0,-418.0,-144.682,1.27791e-06,88.7562,-47.2478,91.2438,129.985,-1425.61,-569.467,-1528.9,-481.93
-1586.0,-418.0,-144.672,1.2734e-06,88.7518,-47.5324,91.2482,129.985,-1425.61,-569.467,-1527.55,-481.859
-1584.0,-418.0,-144.731,1.26891e-06,88.7422,-47.8197,91.2578,129.985,-1425.61,-569.467,-1526.2,-481.787
-1582.0,-418.0,-144.95,1.26445e-06,88.725,-48.1096,91.275,129.985,-1425.61,-569.467,-1524.85,-481.715
-1580.0,-418.0,-145.3,1.26001e-06,88.7077,-48.4021,91.2923,129.985,-1425.61,-569.467,-1523.5,-481.643
-1578.0,-418.0,-145.741,1.2556e-06,88.6991,-48.6973,91.3009,129.985,-1425.61,-569.467,-1522.15,-481.571
-1576.0,-418.0,-146.242,1.25121e-06,88.6946,-48.9952,91.3054,129.985,-1425.61,-569.467,-1520.79,-481.499
-1574.0,-418.0,-146.785,1.24684e-06,88.69,-49.2958,91.31,129.985,-1425.61,-569.467,-1519.44,-481.427
-1572.0,-418.0,-147.359,1.2425e-06,88.6854,-49.5992,91.3146,129.985,-1425.61,-569.467,-1518.08,-481.355
-1570.0,-418.0,-147.962,1.23819e-06,88.6808,-49.9053,91.3192,129.985,-1425.61,-569.467,-1516.72,-481.283
-1568.0,-418.0,-156.397,1.09424e-06,88.5073,39.7383,91.4927,130.461,-1425.59,-569.992,-1534.4,-390.069
-1566.0,-418.0,-155.803,1.08914e-06,88.5003,40.6148,91.4997,130.461,-1425.59,-569.992,-1533.41,-390.052
-1564.0,-418.0,-155.824,1.08411e-06,88.4933,41.5237,91.5067,130.461,-1425.59,-569.992,-1532.42,-390.034
-1562.0,-418.0,-158.139,1.07915e-06,88.4864,42.4663,91.5136,130.461,-1425.59,-569.992,-1531.43,-390.017
-1560.0,-418.0,-157.65,1.07427e-06,88.4795,43.4442,91.5205,130.461,-1425.59,-569.992,-1530.44,-389.999
-1558.0,-418.0,-152.097,1.06947e-06,88.4727,44.4585,91.5273,130.461,-1425.59,-569.992,-1529.45,-389.982
-1556.0,-418.0,0.0,0.0,0.0,0.0,0.0,0.0,0.0,0.0,0.0,0.0
-1554.0,-418.0,0.0,0.0,0.0,0.0,0.0,0.0,0.0,0.0,0.0,0.0
-1552.0,-418.0,0.0,0.0,0.0,0.0,0.0,0.0,0.0,0.0,0.0,0.0
-1550.0,-418.0,0.0,0.0,0.0,0.0,0.0,0.0,0.0,0.0,0.0,0.0
-1548.0,-418.0,0.0,0.0,0.0,0.0,0.0,0.0,0.0,0.0,0.0,0.0
-1546.0,-418.0,0.0,0.0,0.0,0.0,0.0,0.0,0.0,0.0,0.0,0.0
-1544.0,-418.0,0.0,0.0,0.0,0.0,0.0,0.0,0.0,0.0,0.0,0.0
-1542.0,-418.0,0.0,0.0,0.0,0.0,0.0,0.0,0.0,0.0,0.0,0.0
-1540.0,-418.0,0.0,0.0,0.0,0.0,0.0,0.0,0.0,0.0,0.0,0.0
-1538.0,-418.0,0.0,0.0,0.0,0.0,0.0,0.0,0.0,0.0,0.0,0.0
-1536.0,-418.0,0.0,0.0,0.0,0.0,0.0,0.0,0.0,0.0,0.0,0.0
-1534.0,-418.0,0.0,0.0,0.0,0.0,0.0,0.0,0.0,0.0,0.0,0.0
-1532.0,-418.0,0.0,0.0,0.0,0.0,0.0,0.0,0.0,0.0,0.0,0.0
-1530.0,-418.0,0.0,0.0,0.0,0.0,0.0,0.0,0.0,0.0,0.0,0.0
-1528.0,-418.0,0.0,0.0,0.0,0.0,0.0,0.0,0.0,0.0,0.0,0.0
-1526.0,-418.0,0.0,0.0,0.0,0.0,0.0,0.0,0.0,0.0,0.0,0.0
-1524.0,-418.0,0.0,0.0,0.0,0.0,0.0,0.0,0.0,0.0,0.0,0.0
-1522.0,-418.0,0.0,0.0,0.0,0.0,0.0,0.0,0.0,0.0,0.0,0.0
-1520.0,-418.0,0.0,0.0,0.0,0.0,0.0,0.0,0.0,0.0,0.0,0.0
-1518.0,-418.0,0.0,0.0,0.0,0.0,0.0,0.0,0.0,0.0,0.0,0.0
-1516.0,-418.0,0.0,0.0,0.0,0.0,0.0,0.0,0.0,0.0,0.0,0.0
-1514.0,-418.0,0.0,0.0,0.0,0.0,0.0,0.0,0.0,0.0,0.0,0.0
-1512.0,-418.0,0.0,0.0,0.0,0.0,0.0,0.0,0.0,0.0,0.0,0.0
-1510.0,-418.0,0.0,0.0,0.0,0.0,0.0,0.0,0.0,0.0,0.0,0.0
-1508.0,-418.0,0.0,0.0,0.0,0.0,0.0,0.0,0.0,0.0,0.0,0.0
-1506.0,-418.0,0.0,0.0,0.0,0.0,0.0,0.0,0.0,0.0,0.0,0.0
-1504.0,-418.0,0.0,0.0,0.0,0.0,0.0,0.0,0.0,0.0,0.0,0.0
-1502.0,-418.0,0.0,0.0,0.0,0.0,0.0,0.0,0.0,0.0,0.0,0.0
-1500.0,-418.0,-111.838,8.00279e-07,87.9588,-48.6312,92.0412,130.576,-1425.59,-570.117,-1397.66,-534.213
-1498.0,-418.0,-111.451,7.95887e-07,87.9475,-48.992,92.0525,130.216,-1425.6,-569.723,-1397.68,-533.37
-1496.0,-418.0,-115.516,1.02164e-06,88.4012,-68.764,91.5988,108.203,-1457.64,-424.705,-1472.33,-478.923
-1494.0,-418.0,-115.315,1.01924e-06,88.3974,-69.1138,91.6026,107.853,-1456.47,-424.674,-1470.78,-478.841
-1492.0,-418.0,-147.275,8.19011e-07,88.0055,-44.973,91.9945,129.985,-1425.61,-569.467,-1490.78,-419.222
-1490.0,-418.0,0.0,0.0,0.0,0.0,0.0,0.0,0.0,0.0,0.0,0.0
-1488.0,-418.0,0.0,0.0,0.0,0.0,0.0,0.0,0.0,0.0,0.0,0.0
-1486.0,-418.0,0.0,0.0,0.0,0.0,0.0,0.0,0.0,0.0,0.0,0.0
-1484.0,-418.0,0.0,0.0,0.0,0.0,0.0,0.0,0.0,0.0,0.0,0.0
-1482.0,-418.0,0.0,0.0,0.0,0.0,0.0,0.0,0.0,0.0,0.0,0.0
-1480.0,-418.0,0.0,0.0,0.0,0.0,0.0,0.0,0.0,0.0,0.0,0.0
-1478.0,-418.0,0.0,0.0,0.0,0.0,0.0,0.0,0.0,0.0,0.0,0.0
-1476.0,-418.0,0.0,0.0,0.0,0.0,0.0,0.0,0.0,0.0,0.0,0.0
-1474.0,-418.0,0.0,0.0,0.0,0.0,0.0,0.0,0.0,0.0,0.0,0.0
-1472.0,-418.0,0.0,0.0,0.0,0.0,0.0,0.0,0.0,0.0,0.0,0.0
-1470.0,-418.0,0.0,0.0,0.0,0.0,0.0,0.0,0.0,0.0,0.0,0.0
-1468.0,-418.0,0.0,0.0,0.0,0.0,0.0,0.0,0.0,0.0,0.0,0.0
-1466.0,-418.0,0.0,0.0,0.0,0.0,0.0,0.0,0.0,0.0,0.0,0.0
-1464.0,-418.0,0.0,0.0,0.0,0.0,0.0,0.0,0.0,0.0,0.0,0.0
-1462.0,-418.0,0.0,0.0,0.0,0.0,0.0,0.0,0.0,0.0,0.0,0.0
-1460.0,-418.0,0.0,0.0,0.0,0.0,0.0,0.0,0.0,0.0,0.0,0.0
-1458.0,-418.0,0.0,0.0,0.0,0.0,0.0,0.0,0.0,0.0,0.0,0.0
-1456.0,-418.0,0.0,0.0,0.0,0.0,0.0,0.0,0.0,0.0,0.0,0.0
-1454.0,-418.0,0.0,0.0,0.0,0.0,0.0,0.0,0.0,0.0,0.0,0.0
-1452.0,-418.0,0.0,0.0,0.0,0.0,0.0,0.0,0.0,0.0,0.0,0.0
-1450.0,-418.0,0.0,0.0,0.0,0.0,0.0,0.0,0.0,0.0,0.0,0.0
-1448.0,-418.0,0.0,0.0,0.0,0.0,0.0,0.0,0.0,0.0,0.0,0.0
-1446.0,-418.0,0.0,0.0,0.0,0.0,0.0,0.0,0.0,0.0,0.0,0.0
-1444.0,-418.0,0.0,0.0,0.0,0.0,0.0,0.0,0.0,0.0,0.0,0.0
-1442.0,-418.0,0.0,0.0,0.0,0.0,0.0,0.0,0.0,0.0,0.0,0.0
-1440.0,-418.0,0.0,0.0,0.0,0.0,0.0,0.0,0.0,0.0,0.0,0.0
-1438.0,-418.0,0.0,0.0,0.0,0.0,0.0,0.0,0.0,0.0,0.0,0.0
-1436.0,-418.0,0.0,0.0,0.0,0.0,0.0,0.0,0.0,0.0,0.0,0.0
-1434.0,-418.0,0.0,0.0,0.0,0.0,0.0,0.0,0.0,0.0,0.0,0.0
-1432.0,-418.0,0.0,0.0,0.0,0.0,0.0,0.0,0.0,0.0,0.0,0.0
-1430.0,-418.0,0.0,0.0,0.0,0.0,0.0,0.0,0.0,0.0,0.0,0.0
-1428.0,-418.0,0.0,0.0,0.0,0.0,0.0,0.0,0.0,0.0,0.0,0.0
-1426.0,-418.0,0.0,0.0,0.0,0.0,0.0,0.0,0.0,0.0,0.0,0.0
-1424.0,-418.0,0.0,0.0,0.0,0.0,0.0,0.0,0.0,0.0,0.0,0.0
-1422.0,-418.0,0.0,0.0,0.0,0.0,0.0,0.0,0.0,0.0,0.0,0.0
-1420.0,-418.0,-167.678,1.34214e-06,88.5043,-30.9124,91.4957,-35.9954,-1376.1,-617.359,-1254.88,-516.87
-1418.0,-418.0,-169.123,8.53596e-07,87.638,-90.7886,92.362,111.97,-1429.78,-526.194,-1418.54,-457.433
-1416.0,-418.0,-155.988,7.04266e-07,87.1368,-122.091,92.8632,111.97,-1429.78,-526.194,-1459.86,-487.935
-1414.0,-418.0,-155.087,7.07843e-07,87.1513,-122.825,92.8487,111.97,-1429.78,-526.194,-1459.8,-488.997
-1412.0,-418.0,-154.98,7.11491e-07,87.1659,-123.547,92.8341,111.97,-1429.78,-526.194,-1459.75,-490.006
-1410.0,-418.0,-155.152,7.15209e-07,87.1807,-124.257,92.8193,111.97,-1429.78,-526.194,-1459.69,-490.966
-1408.0,-418.0,-121.748,8.29481e-07,87.5693,-129.447,92.4307,134.738,-1425.49,-574.272,-1460.2,-481.444
-1406.0,-418.0,-118.755,8.33733e-07,87.5817,-129.801,92.4183,135.092,-1425.49,-574.596,-1460.12,-482.954
-1404.0,-418.0,-116.724,8.38016e-07,87.5941,-130.152,92.4059,135.443,-1425.48,-574.913,-1460.04,-484.429
-1402.0,-418.0,-115.424,8.42331e-07,87.6064,-130.499,92.3936,135.791,-1425.47,-575.222,-1459.97,-485.87
-1400.0,-418.0,-114.604,8.46681e-07,87.6117,-130.843,92.3883,136.134,-1425.46,-575.525,-1459.89,-487.278
-1398.0,-418.0,-114.1,8.51068e-07,87.605,-131.183,92.395,136.474,-1425.46,-575.82,-1459.82,-488.655
-1396.0,-418.0,-113.815,8.55485e-07,87.5985,-131.52,92.4015,136.811,-1425.45,-576.11,-1459.75,-490.001
-1394.0,-418.0,-150.76,8.6152e-07,87.5846,-133.352,92.4154,129.101,-1425.63,-568.463,-1459.86,-487.765
-1392.0,-418.0,0.0,0.0,0.0,0.0,0.0,0.0,0.0,0.0,0.0,0.0
-1390.0,-418.0,0.0,0.0,0.0,0.0,0.0,0.0,0.0,0.0,0.0,0.0
-1388.0,-418.0,0.0,0.0,0.0,0.0,0.0,0.0,0.0,0.0,0.0,0.0
-1386.0,-418.0,0.0,0.0,0.0,0.0,0.0,0.0,0.0,0.0,0.0,0.0
-1384.0,-418.0,0.0,0.0,0.0,0.0,0.0,0.0,0.0,0.0,0.0,0.0
-1382.0,-418.0,0.0,0.0,0.0,0.0,0.0,0.0,0.0,0.0,0.0,0.0
-1380.0,-418.0,0.0,0.0,0.0,0.0,0.0,0.0,0.0,0.0,0.0,0.0
-1378.0,-418.0,0.0,0.0,0.0,0.0,0.0,0.0,0.0,0.0,0.0,0.0
-1376.0,-418.0,0.0,0.0,0.0,0.0,0.0,0.0,0.0,0.0,0.0,0.0
-1374.0,-418.0,-173.123,1.42182e-06,88.3096,-47.0265,91.6904,-2.76158,-1239.86,-607.725,-1330.87,-464.297
-1372.0,-418.0,-197.841,2.30851e-06,88.945,84.6658,91.055,-14.8341,-1340.17,-615.845,-1363.02,-321.835
-1370.0,-418.0,-175.191,1.3932e-06,88.2469,-59.2882,91.7531,-2.76158,-1239.86,-607.725,-1331.31,-483.134
-1368.0,-418.0,-174.242,1.38981e-06,88.2426,-59.673,91.7574,-2.76158,-1239.86,-607.725,-1329.91,-483.105
-1366.0,-418.0,-173.564,1.38646e-06,88.2383,-60.0609,91.7617,-2.76158,-1239.86,-607.725,-1328.52,-483.077
-1364.0,-418.0,-173.091,1.38315e-06,88.2341,-60.4519,91.7659,-2.76158,-1239.86,-607.725,-1327.13,-483.048
-1362.0,-418.0,-172.779,1.37988e-06,88.2299,-60.8459,91.7701,-2.76158,-1239.86,-607.725,-1325.73,-483.019
-1360.0,-418.0,-168.923,1.65222e-06,88.5218,-75.8141,91.4782,-14.6085,-1339.34,-615.81,-1329.2,-539.827
-1358.0,-418.0,-169.001,1.65063e-06,88.5203,-76.7016,91.4797,-14.6085,-1339.34,-615.81,-1329.2,-539.827
-1356.0,-418.0,-169.116,1.64915e-06,88.519,-77.5957,91.481,-14.6085,-1339.34,-615.81,-1329.2,-539.827
-1354.0,-418.0,-169.269,1.64777e-06,88.5178,-78.4959,91.4822,-14.6085,-1339.34,-615.81,-1329.2,-539.827
-1352.0,-418.0,-169.464,1.64649e-06,88.5166,-79.4019,91.4834,-14.6085,-1339.34,-615.81,-1329.2,-539.827
-1350.0,-418.0,-169.698,1.64531e-06,88.5156,-80.3133,91.4844,-14.6085,-1339.34,-615.81,-1329.2,-539.827
-1348.0,-418.0,-173.429,1.4446e-06,88.3092,90.0298,91.6908,-43.3117,-1381.35,-617.58,-1348.05,-321.669
-1346.0,-418.0,-187.524,2.13257e-06,88.8476,67.2488,91.1524,-21.9669,-1358.77,-616.629,-1327.25,-373.296
-1344.0,-418.0,-175.157,1.52958e-06,88.3826,71.3794,91.6174,-2.76158,-1239.86,-607.725,-1328.95,-373.328
-1342.0,-418.0,-174.407,1.52747e-06,88.3699,71.7447,91.6301,-2.76158,-1239.86,-607.725,-1327.25,-373.296
-1340.0,-418.0,-173.639,1.44521e-06,88.2659,91.8699,91.7341,-43.3117,-1381.35,-617.58,-1343.15,-321.615
-1338.0,-418.0,-173.306,1.52339e-06,88.3443,72.4799,91.6557,-2.76158,-1239.86,-607.725,-1323.87,-373.231
-1336.0,-418.0,-172.91,1.52141e-06,88.3315,72.8498,91.6685,-2.76158,-1239.86,-607.725,-1322.17,-373.199
-1334.0,-418.0,-172.593,1.51947e-06,88.3188,73.2212,91.6812,-2.76158,-1239.86,-607.725,-1320.48,-373.166
-1332.0,-418.0,-172.341,1.51758e-06,88.306,73.594,91.694,-2.76158,-1239.86,-607.725,-1318.79,-373.134
-1330.0,-418.0,0.0,0.0,0.0,0.0,0.0,0.0,0.0,0.0,0.0,0.0
-1328.0,-418.0,0.0,0.0,0.0,0.0,0.0,0.0,0.0,0.0,0.0,0.0
-1326.0,-418.0,0.0,0.0,0.0,0.0,0.0,0.0,0.0,0.0,0.0,0.0
-1324.0,-418.0,0.0,0.0,0.0,0.0,0.0,0.0,0.0,0.0,0.0,0.0
-1322.0,-418.0,0.0,0.0,0.0,0.0,0.0,0.0,0.0,0.0,0.0,0.0
-1320.0,-418.0,-178.353,1.98046e-06,88.6583,-20.3092,91.3417,-15.5937,-1342.83,-615.957,-1210.35,-458.579
-1318.0,-418.0,-166.8,2.14641e-06,88.747,-24.3605,91.253,-14.8341,-1340.17,-615.845,-1210.04,-466.883
-1316.0,-418.0,-166.582,2.14035e-06,88.7284,-24.5405,91.2716,-14.8341,-1340.17,-615.845,-1210.06,-466.37
-1314.0,-418.0,-166.373,2.1343e-06,88.7096,-24.7229,91.2904,-14.8341,-1340.17,-615.845,-1210.08,-465.848
-1312.0,-418.0,-163.254,1.13963e-06,87.5545,-56.9315,92.4455,-35.9954,-1376.1,-617.359,-1255.01,-505.533
-1310.0,-418.0,-152.274,1.67292e-06,88.3151,47.6759,91.6849,-43.396,-1381.4,-617.583,-1235.67,-336.386
-1308.0,-418.0,-152.051,1.66846e-06,88.2912,47.8703,91.7088,-43.396,-1381.4,-617.583,-1234.16,-336.363
-1306.0,-418.0,-151.992,1.66401e-06,88.2672,48.0659,91.7328,-43.396,-1381.4,-617.583,-1232.64,-336.34
-1304.0,-418.0,-152.075,1.65958e-06,88.2431,48.2627,91.7569,-43.396,-1381.4,-617.583,-1231.13,-336.317
-1302.0,-418.0,-152.279,1.65516e-06,88.2189,48.4607,91.7811,-43.396,-1381.4,-617.583,-1229.61,-336.294
-1300.0,-418.0,-167.29,1.2002e-06,87.52,-72.4116,92.48,-2.76158,-1239.86,-607.725,-1239.86,-607.725
-1298.0,-418.0,-167.19,1.19823e-06,87.5024,-72.9621,92.4976,-2.76158,-1239.86,-607.725,-1239.86,-607.725
-1296.0,-418.0,-167.114,1.19632e-06,87.4849,-73.5158,92.5151,-2.76158,-1239.86,-607.725,-1239.86,-607.725
-1294.0,-418.0,-167.058,1.19447e-06,87.4675,-74.0728,92.5325,-2.76158,-1239.86,-607.725,-1239.86,-607.725
-1292.0,-418.0,-167.021,1.19268e-06,87.4501,-74.6328,92.5499,-2.76158,-1239.86,-607.725,-1239.86,-607.725
-1290.0,-418.0,-167.003,1.19096e-06,87.4329,-75.1959,92.5671,-2.76158,-1239.86,-607.725,-1239.86,-607.725
-1288.0,-418.0,-167.001,1.1893e-06,87.4157,-75.7619,92.5843,-2.76158,-1239.86,-607.725,-1239.86,-607.725
-1286.0,-418.0,-167.018,1.18771e-06,87.3986,-76.3308,92.6014,-2.76158,-1239.86,-607.725,-1239.86,-607.725
-1284.0,-418.0,-167.054,1.18618e-06,87.3817,-76.9024,92.6183,-2.76158,-1239.86,-607.725,-1239.86,-607.725
-1282.0,-418.0,-165.46,1.15821e-06,87.3044,-33.4451,92.6956,11.6373,-1342.24,-588.104,-1210.09,-465.495
-1280.0,-418.0,-167.188,1.18331e-06,87.348,-78.0535,92.652,-2.76158,-1239.86,-607.725,-1239.86,-607.725
-1278.0,-418.0,-167.287,1.18198e-06,87.3313,-78.6329,92.6687,-2.76158,-1239.86,-607.725,-1239.86,-607.725
-1276.0,-418.0,-167.41,1.1807e-06,87.3204,-79.2146,92.6796,-2.76158,-1239.86,-607.725,-1239.86,-607.725
-1274.0,-418.0,-154.26,1.00653e-06,83.8584,-113.801,85.289,-60.1175,-1389.7,-617.932,-1361.66,-616.75
-1272.0,-418.0,-184.446,8.93386e-07,86.4577,-101.441,93.5423,7.79523,-1306.24,-587.164,-1306.24,-587.164
-1270.0,-418.0,-175.419,9.69111e-07,83.9947,-115.913,145.206,33.813,-1394.19,-596.105,-1366.66,-616.961
-1268.0,-418.0,-175.72,9.7203e-07,84.0124,-116.268,144.923,33.4395,-1394.1,-596.103,-1366.19,-616.941
-1266.0,-418.0,-176.113,9.74986e-07,84.0303,-116.622,144.641,33.0734,-1394.01,-596.1,-1365.71,-616.921
-1264.0,-418.0,-176.63,9.77978e-07,84.0482,-116.973,144.36,32.7146,-1393.92,-596.097,-1365.23,-616.901
-1262.0,-418.0,-177.323,9.81007e-07,84.0663,-117.323,144.08,32.3628,-1393.84,-596.095,-1364.75,-616.881
-1260.0,-418.0,-181.27,9.6796e-07,86.7309,-105.287,93.2691,35.7331,-1385.93,-589.879,-1306.24,-587.164
-1258.0,-418.0,-180.98,9.69747e-07,86.742,-105.915,93.258,35.7331,-1385.93,-589.879,-1306.24,-587.164
-1256.0,-418.0,-157.656,1.11899e-06,87.1914,-140.56,92.8086,-43.3117,-1381.35,-617.58,-1310.05,-462.461
-1254.0,-418.0,-157.294,1.12413e-06,87.2186,-140.848,92.7814,-43.3117,-1381.35,-617.58,-1310.03,-463.618
-1252.0,-418.0,-157.115,1.12928e-06,87.2618,-141.132,92.7382,-43.3117,-1381.35,-617.58,-1310.01,-464.753
-1250.0,-418.0,-151.724,9.39537e-07,84.454,-121.732,81.5006,56.6977,-1393.5,-590.111,-1373.21,-617.237
-1248.0,-418.0,-141.798,9.39438e-07,86.8111,-120.859,93.1889,54.9672,-1393.06,-590.097,-1328.45,-552.64
-1246.0,-418.0,-139.673,9.4284e-07,86.8741,-121.482,93.1259,54.9672,-1393.06,-590.097,-1328.45,-552.64
-1244.0,-418.0,-136.886,9.46305e-07,86.9368,-122.097,93.0632,54.9672,-1393.06,-590.097,-1328.45,-552.64
-1242.0,-418.0,-132.869,9.49831e-07,86.9992,-122.703,93.0008,54.9672,-1393.06,-590.097,-1328.45,-552.64
-1240.0,-418.0,-126.341,9.53417e-07,87.0614,-123.302,92.9386,54.9672,-1393.06,-590.097,-1328.45,-552.64
-1238.0,-418.0,-122.779,9.57063e-07,87.1232,-123.892,92.8768,54.9672,-1393.06,-590.097,-1328.45,-552.64
-1236.0,-418.0,-130.578,9.60765e-07,87.1848,-124.475,92.8152,54.9672,-1393.06,-590.097,-1328.45,-552.64
-1234.0,-418.0,-135.159,9.64537e-07,87.2305,-125.049,92.7695,54.9672,-1393.06,-590.097,-1328.45,-552.64
-1232.0,-418.0,-138.179,9.68379e-07,87.2582,-125.616,92.7418,54.9672,-1393.06,-590.097,-1328.45,-552.64
-1230.0,-418.0,-144.398,9.22917e-07,87.1406,-126.354,92.8594,-43.396,-1381.4,-617.583,-1355.83,-588.959
-1228.0,-418.0,-143.656,9.26865e-07,87.1827,-126.787,92.8173,-43.396,-1381.4,-617.583,-1355.83,-588.959
-1226.0,-418.0,-141.271,1.10402e-06,87.6643,126.306,92.3357,56.8719,-1393.55,-590.112,-1242.35,-395.742
-1224.0,-418.0,-137.862,1.10796e-06,87.7018,126.671,92.2982,56.8719,-1393.55,-590.112,-1240.64,-395.654
-1222.0,-418.0,-133.89,1.11193e-06,87.7532,127.033,92.2468,56.8719,-1393.55,-590.112,-1238.93,-395.566
-1220.0,-418.0,-116.004,1.00848e-06,87.5707,-133.26,92.4293,-41.5241,-1380.2,-617.532,-1357.38,-563.987
-1218.0,-418.0,-116.31,1.01302e-06,87.6294,-133.535,92.3706,-41.249,-1380.02,-617.524,-1357.36,-564.673
-1216.0,-418.0,-116.831,1.01759e-06,87.6877,-133.807,92.3123,-40.9764,-1379.83,-617.516,-1357.34,-565.347
-1214.0,-418.0,-117.17,1.12811e-06,87.9573,128.269,92.0427,56.2892,-1393.4,-590.108,-1231.98,-395.21
-1212.0,-418.0,-116.927,1.13223e-06,88.0075,128.534,91.9925,56.0239,-1393.33,-590.106,-1230.22,-395.119
-1210.0,-418.0,0.0,0.0,0.0,0.0,0.0,0.0,0.0,0.0,0.0,0.0
-1208.0,-418.0,0.0,0.0,0.0,0.0,0.0,0.0,0.0,0.0,0.0,0.0
-1206.0,-418.0,0.0,0.0,0.0,0.0,0.0,0.0,0.0,0.0,0.0,0.0
-1204.0,-418.0,0.0,0.0,0.0,0.0,0.0,0.0,0.0,0.0,0.0,0.0
-1202.0,-418.0,0.0,0.0,0.0,0.0,0.0,0.0,0.0,0.0,0.0,0.0
-1600.0,-416.0,-162.336,1.03353e-06,88.4097,-20.8809,91.5903,99.908,-1420.16,-484.607,-1420.16,-484.607
-1598.0,-416.0,-161.551,1.02065e-06,88.4055,-24.3055,91.5945,82.1554,-1396.76,-576.497,-1412.1,-499.96
-1596.0,-416.0,-161.333,1.01119e-06,88.4065,-24.5388,91.5935,96.8954,-1412.1,-499.96,-1412.1,-499.96
-1594.0,-416.0,-141.882,1.29645e-06,88.7697,-46.6706,91.2303,129.985,-1425.61,-569.467,-1531.67,-482.077
-1592.0,-416.0,-144.238,1.29188e-06,88.7778,-46.9473,91.2222,129.985,-1425.61,-569.467,-1530.33,-482.006
-1590.0,-416.0,-144.742,1.28734e-06,88.7749,-47.2266,91.2251,129.985,-1425.61,-569.467,-1529.0,-481.936
-1588.0,-416.0,-144.741,1.28282e-06,88.7706,-47.5085,91.2294,129.985,-1425.61,-569.467,-1527.66,-481.865
-1586.0,-416.0,-144.787,1.27832e-06,88.7663,-47.7929,91.2337,129.985,-1425.61,-569.467,-1526.33,-481.793
-1584.0,-416.0,-144.989,1.27386e-06,88.7568,-48.0798,91.2432,129.985,-1425.61,-569.467,-1524.99,-481.722
-1582.0,-416.0,-145.324,1.26942e-06,88.7398,-48.3694,91.2602,129.985,-1425.61,-569.467,-1523.65,-481.651
-1580.0,-416.0,-145.753,1.26501e-06,88.7226,-48.6616,91.2774,129.985,-1425.61,-569.467,-1522.31,-481.58
-1578.0,-416.0,-146.245,1.26062e-06,88.7054,-48.9565,91.2946,129.985,-1425.61,-569.467,-1520.97,-481.509
-1576.0,-416.0,-146.778,1.25625e-06,88.6998,-49.254,91.3002,129.985,-1425.61,-569.467,-1519.62,-481.437
-1574.0,-416.0,-147.343,1.25191e-06,88.6953,-49.5542,91.3047,129.985,-1425.61,-569.467,-1518.28,-481.366
-1572.0,-416.0,-147.936,1.24759e-06,88.6908,-49.8571,91.3092,129.985,-1425.61,-569.467,-1516.93,-481.294
-1570.0,-416.0,-158.13,1.09526e-06,88.5087,37.8487,91.4913,130.461,-1425.59,-569.992,-1536.68,-390.11
-1568.0,-416.0,-157.181,1.09002e-06,88.5015,38.6873,91.4985,130.461,-1425.59,-569.992,-1535.65,-390.091
-1566.0,-416.0,-156.346,1.08485e-06,88.4943,39.5577,91.5057,130.461,-1425.59,-569.992,-1534.61,-390.073
-1564.0,-416.0,-155.677,1.07974e-06,88.4872,40.4613,91.5128,130.461,-1425.59,-569.992,-1533.58,-390.055
-1562.0,-416.0,-155.542,1.0747e-06,88.4801,41.3997,91.5199,130.461,-1425.59,-569.992,-1532.55,-390.037
-1560.0,-416.0,-157.538,1.06973e-06,88.4731,42.3742,91.5269,130.461,-1425.59,-569.992,-1531.52,-390.018
-1558.0,-416.0,-157.856,1.06484e-06,88.466,43.3865,91.534,130.461,-1425.59,-569.992,-1530.49,-390.0
-1556.0,-416.0,-151.971,1.06003e-06,88.4591,44.4381,91.5409,130.461,-1425.59,-569.992,-1529.47,-389.982
-1554.0,-416.0,-148.802,1.05532e-06,88.4522,45.5306,91.5478,130.461,-1425.59,-569.992,-1528.44,-389.964
-1552.0,-416.0,-146.122,1.05069e-06,88.4454,46.6655,91.5546,130.461,-1425.59,-569.992,-1527.42,-389.946
-1550.0,-416.0,-143.118,1.04616e-06,88.4387,47.8446,91.5613,130.461,-1425.59,-569.992,-1526.4,-389.928
-1548.0,-416.0,-139.279,1.04174e-06,88.432,49.0692,91.568,130.461,-1425.59,-569.992,-1525.38,-389.91
-1546.0,-416.0,-133.569,1.03742e-06,88.4255,50.341,91.5745,130.461,-1425.59,-569.992,-1524.36,-389.892
-1544.0,-416.0,-123.128,1.0332e-06,88.4191,50.9643,91.5809,130.269,-1425.6,-569.782,-1522.81,-389.864
-1542.0,-416.0,-131.155,1.02902e-06,88.4126,51.4895,91.5874,130.064,-1425.6,-569.555,-1521.18,-389.835
-1540.0,-416.0,-137.973,1.02492e-06,88.4063,52.6211,91.5937,130.064,-1425.6,-569.555,-1519.99,-389.815
-1538.0,-416.0,-142.049,1.02092e-06,88.4,53.7879,91.6,130.064,-1425.6,-569.555,-1518.81,-389.794
-1536.0,-416.0,-145.158,1.01704e-06,88.3939,54.9906,91.6061,130.064,-1425.6,-569.555,-1517.63,-389.773
-1534.0,-416.0,0.0,0.0,0.0,0.0,0.0,0.0,0.0,0.0,0.0,0.0
-1532.0,-416.0,0.0,0.0,0.0,0.0,0.0,0.0,0.0,0.0,0.0,0.0
-1530.0,-416.0,0.0,0.0,0.0,0.0,0.0,0.0,0.0,0.0,0.0,0.0
-1528.0,-416.0,0.0,0.0,0.0,0.0,0.0,0.0,0.0,0.0,0.0,0.0
-1526.0,-416.0,0.0,0.0,0.0,0.0,0.0,0.0,0.0,0.0,0.0,0.0
-1524.0,-416.0,0.0,0.0,0.0,0.0,0.0,0.0,0.0,0.0,0.0,0.0
-1522.0,-416.0,0.0,0.0,0.0,0.0,0.0,0.0,0.0,0.0,0.0,0.0
-1520.0,-416.0,0.0,0.0,0.0,0.0,0.0,0.0,0.0,0.0,0.0,0.0
-1518.0,-416.0,0.0,0.0,0.0,0.0,0.0,0.0,0.0,0.0,0.0,0.0
-1516.0,-416.0,0.0,0.0,0.0,0.0,0.0,0.0,0.0,0.0,0.0,0.0
-1514.0,-416.0,0.0,0.0,0.0,0.0,0.0,0.0,0.0,0.0,0.0,0.0
-1512.0,-416.0,0.0,0.0,0.0,0.0,0.0,0.0,0.0,0.0,0.0,0.0
-1510.0,-416.0,0.0,0.0,0.0,0.0,0.0,0.0,0.0,0.0,0.0,0.0
-1508.0,-416.0,0.0,0.0,0.0,0.0,0.0,0.0,0.0,0.0,0.0,0.0
-1506.0,-416.0,0.0,0.0,0.0,0.0,0.0,0.0,0.0,0.0,0.0,0.0
-1504.0,-416.0,0.0,0.0,0.0,0.0,0.0,0.0,0.0,0.0,0.0,0.0
-1502.0,-416.0,0.0,0.0,0.0,0.0,0.0,0.0,0.0,0.0,0.0,0.0
-1500.0,-416.0,-111.59,8.05296e-07,87.9715,-48.9452,92.0285,130.262,-1425.6,-569.774,-1397.68,-533.48
-1498.0,-416.0,-115.728,1.03028e-06,88.4146,-68.5524,91.5854,108.415,-1458.36,-424.724,-1473.26,-478.973
-1496.0,-416.0,-115.492,1.02786e-06,88.4108,-68.8988,91.5892,108.068,-1457.19,-424.693,-1471.73,-478.892
-1494.0,-416.0,-131.379,1.14401e-06,88.5722,-70.7296,91.4278,-101.002,-1403.6,-618.518,-1472.01,-478.906
-1492.0,-416.0,-149.685,8.23746e-07,88.0169,-45.4772,91.9831,129.985,-1425.61,-569.467,-1490.83,-417.189
-1490.0,-416.0,0.0,0.0,0.0,0.0,0.0,0.0,0.0,0.0,0.0,0.0
-1488.0,-416.0,0.0,0.0,0.0,0.0,0.0,0.0,0.0,0.0,0.0,0.0
-1486.0,-416.0,0.0,0.0,0.0,0.0,0.0,0.0,0.0,0.0,0.0,0.0
-1484.0,-416.0,0.0,0.0,0.0,0.0,0.0,0.0,0.0,0.0,0.0,0.0
-1482.0,-416.0,0.0,0.0,0.0,0.0,0.0,0.0,0.0,0.0,0.0,0.0
-1480.0,-416.0,0.0,0.0,0.0,0.0,0.0,0.0,0.0,0.0,0.0,0.0
-1478.0,-416.0,0.0,0.0,0.0,0.0,0.0,0.0,0.0,0.0,0.0,0.0
-1476.0,-416.0,0.0,0.0,0.0,0.0,0.0,0.0,0.0,0.0,0.0,0.0
-1474.0,-416.0,0.0,0.0,0.0,0.0,0.0,0.0,0.0,0.0,0.0,0.0
-1472.0,-416.0,0.0,0.0,0.0,0.0,0.0,0.0,0.0,0.0,0.0,0.0
-1470.0,-416.0,0.0,0.0,0.0,0.0,0.0,0.0,0.0,0.0,0.0,0.0
-1468.0,-416.0,0.0,0.0,0.0,0.0,0.0,0.0,0.0,0.0,0.0,0.0
-1466.0,-416.0,0.0,0.0,0.0,0.0,0.0,0.0,0.0,0.0,0.0,0.0
-1464.0,-416.0,0.0,0.0,0.0,0.0,0.0,0.0,0.0,0.0,0.0,0.0
-1462.0,-416.0,0.0,0.0,0.0,0.0,0.0,0.0,0.0,0.0,0.0,0.0
-1460.0,-416.0,0.0,0.0,0.0,0.0,0.0,0.0,0.0,0.0,0.0,0.0
-1458.0,-416.0,0.0,0.0,0.0,0.0,0.0,0.0,0.0,0.0,0.0,0.0
-1456.0,-416.0,0.0,0.0,0.0,0.0,0.0,0.0,0.0,0.0,0.0,0.0
-1454.0,-416.0,0.0,0.0,0.0,0.0,0.0,0.0,0.0,0.0,0.0,0.0
-1452.0,-416.0,0.0,0.0,0.0,0.0,0.0,0.0,0.0,0.0,0.0,0.0
-1450.0,-416.0,0.0,0.0,0.0,0.0,0.0,0.0,0.0,0.0,0.0,0.0
-1448.0,-416.0,0.0,0.0,0.0,0.0,0.0,0.0,0.0,0.0,0.0,0.0
-1446.0,-416.0,0.0,0.0,0.0,0.0,0.0,0.0,0.0,0.0,0.0,0.0
-1444.0,-416.0,0.0,0.0,0.0,0.0,0.0,0.0,0.0,0.0,0.0,0.0
-1442.0,-416.0,0.0,0.0,0.0,0.0,0.0,0.0,0.0,0.0,0.0,0.0
-1440.0,-416.0,0.0,0.0,0.0,0.0,0.0,0.0,0.0,0.0,0.0,0.0
-1438.0,-416.0,0.0,0.0,0.0,0.0,0.0,0.0,0.0,0.0,0.0,0.0
-1436.0,-416.0,0.0,0.0,0.0,0.0,0.0,0.0,0.0,0.0,0.0,0.0
-1434.0,-416.0,0.0,0.0,0.0,0.0,0.0,0.0,0.0,0.0,0.0,0.0
-1432.0,-416.0,0.0,0.0,0.0,0.0,0.0,0.0,0.0,0.0,0.0,0.0
-1430.0,-416.0,0.0,0.0,0.0,0.0,0.0,0.0,0.0,0.0,0.0,0.0
-1428.0,-416.0,0.0,0.0,0.0,0.0,0.0,0.0,0.0,0.0,0.0,0.0
-1426.0,-416.0,0.0,0.0,0.0,0.0,0.0,0.0,0.0,0.0,0.0,0.0
-1424.0,-416.0,0.0,0.0,0.0,0.0,0.0,0.0,0.0,0.0,0.0,0.0
-1422.0,-416.0,0.0,0.0,0.0,0.0,0.0,0.0,0.0,0.0,0.0,0.0
-1420.0,-416.0,-170.066,8.60204e-07,87.6659,-90.136,92.3341,111.97,-1429.78,-526.194,-1420.1,-457.518
-1418.0,-416.0,-169.232,8.60263e-07,87.6564,-90.7797,92.3436,111.97,-1429.78,-526.194,-1418.56,-457.434
-1416.0,-416.0,-167.965,8.60392e-07,87.6567,-91.4233,92.3433,111.97,-1429.78,-526.194,-1417.03,-457.351
-1414.0,-416.0,-155.629,7.13459e-07,87.1738,-122.362,92.8262,111.97,-1429.78,-526.194,-1459.83,-488.33
-1412.0,-416.0,-155.122,7.17062e-07,87.188,-123.078,92.812,111.97,-1429.78,-526.194,-1459.78,-489.355
-1410.0,-416.0,-155.144,7.20734e-07,87.2023,-123.784,92.7977,111.97,-1429.78,-526.194,-1459.73,-490.329
-1408.0,-416.0,-155.36,7.24474e-07,87.2168,-124.477,92.7832,111.97,-1429.78,-526.194,-1459.68,-491.257
-1406.0,-416.0,-121.237,8.38866e-07,87.5965,-129.509,92.4035,134.8,-1425.49,-574.33,-1460.19,-481.711
-1404.0,-416.0,-118.44,8.43124e-07,87.6087,-129.859,92.3913,135.151,-1425.48,-574.649,-1460.11,-483.2
-1402.0,-416.0,-116.569,8.47414e-07,87.6182,-130.206,92.3818,135.497,-1425.48,-574.961,-1460.03,-484.654
-1400.0,-416.0,-115.37,8.51745e-07,87.6114,-130.549,92.3886,135.84,-1425.47,-575.266,-1459.95,-486.075
-1398.0,-416.0,-114.611,8.56107e-07,87.6047,-130.889,92.3953,136.18,-1425.46,-575.565,-1459.88,-487.465
-1396.0,-416.0,-114.145,8.60498e-07,87.5981,-131.225,92.4019,136.516,-1425.46,-575.857,-1459.81,-488.823
-1394.0,-416.0,-113.886,8.64926e-07,87.5798,-131.558,92.4202,136.849,-1425.45,-576.142,-1459.74,-490.152
-1392.0,-416.0,0.0,0.0,0.0,0.0,0.0,0.0,0.0,0.0,0.0,0.0
-1390.0,-416.0,0.0,0.0,0.0,0.0,0.0,0.0,0.0,0.0,0.0,0.0
-1388.0,-416.0,0.0,0.0,0.0,0.0,0.0,0.0,0.0,0.0,0.0,0.0
-1386.0,-416.0,0.0,0.0,0.0,0.0,0.0,0.0,0.0,0.0,0.0,0.0
-1384.0,-416.0,0.0,0.0,0.0,0.0,0.0,0.0,0.0,0.0,0.0,0.0
-1382.0,-416.0,0.0,0.0,0.0,0.0,0.0,0.0,0.0,0.0,0.0,0.0
-1380.0,-416.0,0.0,0.0,0.0,0.0,0.0,0.0,0.0,0.0,0.0,0.0
-1378.0,-416.0,0.0,0.0,0.0,0.0,0.0,0.0,0.0,0.0,0.0,0.0
-1376.0,-416.0,0.0,0.0,0.0,0.0,0.0,0.0,0.0,0.0,0.0,0.0
-1374.0,-416.0,-173.763,1.42672e-06,88.3067,-47.3189,91.6933,-2.76158,-1239.86,-607.725,-1330.84,-462.798
-1372.0,-416.0,-175.73,1.40235e-06,88.2543,-59.1342,91.7457,-2.76158,-1239.86,-607.725,-1331.87,-483.146
-1370.0,-416.0,-174.659,1.39895e-06,88.2452,-59.5144,91.7548,-2.76158,-1239.86,-607.725,-1330.49,-483.117
-1368.0,-416.0,-173.884,1.39558e-06,88.241,-59.8976,91.759,-2.76158,-1239.86,-607.725,-1329.11,-483.089
-1366.0,-416.0,-173.335,1.39226e-06,88.2368,-60.2837,91.7632,-2.76158,-1239.86,-607.725,-1327.72,-483.06
-1364.0,-416.0,-172.961,1.38897e-06,88.2326,-60.6729,91.7674,-2.76158,-1239.86,-607.725,-1326.34,-483.032
-1362.0,-416.0,-172.728,1.38572e-06,88.2285,-61.065,91.7715,-2.76158,-1239.86,-607.725,-1324.96,-483.003
-1360.0,-416.0,-169.028,1.65869e-06,88.5201,-76.0342,91.4799,-14.6085,-1339.34,-615.81,-1329.2,-539.827
-1358.0,-416.0,-169.113,1.65713e-06,88.5187,-76.9089,91.4813,-14.6085,-1339.34,-615.81,-1329.2,-539.827
-1356.0,-416.0,-169.234,1.65567e-06,88.5174,-77.79,91.4826,-14.6085,-1339.34,-615.81,-1329.2,-539.827
-1354.0,-416.0,-169.394,1.65431e-06,88.5162,-78.6769,91.4838,-14.6085,-1339.34,-615.81,-1329.2,-539.827
-1352.0,-416.0,-169.593,1.65305e-06,88.515,-79.5693,91.485,-14.6085,-1339.34,-615.81,-1329.2,-539.827
-1350.0,-416.0,-169.829,1.6519e-06,88.514,-80.4669,91.486,-14.6085,-1339.34,-615.81,-1329.2,-539.827
-1348.0,-416.0,-173.39,1.43793e-06,88.2928,90.03,91.7072,-43.3117,-1381.35,-617.58,-1348.05,-321.669
-1346.0,-416.0,-187.092,2.12643e-06,88.8385,67.1363,91.1615,-21.9669,-1358.77,-616.629,-1328.0,-373.31
-1344.0,-416.0,-176.946,1.56362e-06,88.41,-70.2164,91.59,-2.76158,-1239.86,-607.725,-1341.71,-422.373
-1342.0,-416.0,-174.592,1.52115e-06,88.3549,71.6232,91.6451,-2.76158,-1239.86,-607.725,-1327.82,-373.306
-1340.0,-416.0,-173.602,1.43855e-06,88.2492,91.8807,91.7508,-43.3117,-1381.35,-617.58,-1343.1,-321.615
-1338.0,-416.0,-173.402,1.51704e-06,88.3292,72.3627,91.6708,-2.76158,-1239.86,-607.725,-1324.41,-373.241
-1336.0,-416.0,-172.975,1.51505e-06,88.3163,72.7347,91.6837,-2.76158,-1239.86,-607.725,-1322.7,-373.209
-1334.0,-416.0,-172.633,1.5131e-06,88.3035,73.1083,91.6965,-2.76158,-1239.86,-607.725,-1321.0,-373.176
-1332.0,-416.0,-172.36,1.51119e-06,88.2907,73.4833,91.7093,-2.76158,-1239.86,-607.725,-1319.29,-373.143
-1330.0,-416.0,-190.084,2.3512e-06,88.1484,59.5539,105.57,117.524,-1413.85,-573.421,-1209.57,-211.105
-1328.0,-416.0,0.0,0.0,0.0,0.0,0.0,0.0,0.0,0.0,0.0,0.0
-1326.0,-416.0,-178.69,2.00152e-06,88.7063,-20.2775,91.2937,-15.5937,-1342.83,-615.957,-1210.35,-458.729
-1324.0,-416.0,-177.962,1.99527e-06,88.7006,-20.3843,91.2994,-15.5937,-1342.83,-615.957,-1210.37,-458.224
-1322.0,-416.0,-166.871,2.1613e-06,88.7855,-24.3972,91.2145,-14.8341,-1340.17,-615.845,-1210.05,-466.778
-1320.0,-416.0,-166.659,2.15524e-06,88.7671,-24.5744,91.2329,-14.8341,-1340.17,-615.845,-1210.06,-466.273
-1318.0,-416.0,-166.455,2.14918e-06,88.7486,-24.754,91.2514,-14.8341,-1340.17,-615.845,-1210.08,-465.759
-1316.0,-416.0,-166.26,2.14314e-06,88.73,-24.936,91.27,-14.8341,-1340.17,-615.845,-1210.1,-465.236
-1314.0,-416.0,-163.021,1.14884e-06,87.6023,-56.8073,92.3977,-35.9954,-1376.1,-617.359,-1255.0,-506.188
-1312.0,-416.0,-164.185,1.14523e-06,87.5665,-57.1643,92.4335,-35.9954,-1376.1,-617.359,-1255.02,-504.295
-1310.0,-416.0,-165.73,2.12507e-06,88.6736,-25.4976,91.3264,-14.8341,-1340.17,-615.845,-1210.16,-463.614
-1308.0,-416.0,-152.193,1.66352e-06,88.2861,47.6933,91.7139,-43.396,-1381.4,-617.583,-1235.54,-336.384
-1306.0,-416.0,-151.985,1.65905e-06,88.262,47.889,91.738,-43.396,-1381.4,-617.583,-1234.01,-336.361
-1304.0,-416.0,-151.942,1.65461e-06,88.2379,48.0859,91.7621,-43.396,-1381.4,-617.583,-1232.49,-336.338
-1302.0,-416.0,-152.039,1.65018e-06,88.2136,48.2841,91.7864,-43.396,-1381.4,-617.583,-1230.96,-336.315
-1300.0,-416.0,-167.326,1.20656e-06,87.533,-72.5839,92.467,-2.76158,-1239.86,-607.725,-1239.86,-607.725
-1298.0,-416.0,-167.235,1.2046e-06,87.5156,-73.1297,92.4844,-2.76158,-1239.86,-607.725,-1239.86,-607.725
-1296.0,-416.0,-167.166,1.20271e-06,87.4983,-73.6786,92.5017,-2.76158,-1239.86,-607.725,-1239.86,-607.725
-1294.0,-416.0,-167.117,1.20088e-06,87.481,-74.2306,92.519,-2.76158,-1239.86,-607.725,-1239.86,-607.725
-1292.0,-416.0,-167.085,1.19911e-06,87.4638,-74.7857,92.5362,-2.76158,-1239.86,-607.725,-1239.86,-607.725
-1290.0,-416.0,-167.072,1.19741e-06,87.4467,-75.3436,92.5533,-2.76158,-1239.86,-607.725,-1239.86,-607.725
-1288.0,-416.0,-167.075,1.19576e-06,87.4297,-75.9045,92.5703,-2.76158,-1239.86,-607.725,-1239.86,-607.725
-1286.0,-416.0,-147.457,1.22403e-06,87.4759,-33.3401,92.5241,-35.9954,-1376.1,-617.359,-1210.08,-465.948
-1284.0,-416.0,-146.816,1.21848e-06,87.4511,-33.5568,92.5489,-35.9954,-1376.1,-617.359,-1210.11,-465.011
-1282.0,-416.0,-165.566,1.1619e-06,87.313,-33.7761,92.687,11.6373,-1342.24,-588.104,-1210.15,-464.057
-1280.0,-416.0,-167.279,1.18983e-06,87.3626,-78.1746,92.6374,-2.76158,-1239.86,-607.725,-1239.86,-607.725
-1278.0,-416.0,-167.382,1.18851e-06,87.346,-78.7484,92.654,-2.76158,-1239.86,-607.725,-1239.86,-607.725
-1276.0,-416.0,-167.508,1.18725e-06,87.3352,-79.3245,92.6648,-2.76158,-1239.86,-607.725,-1239.86,-607.725
-1274.0,-416.0,-154.316,1.0126e-06,83.9123,-113.646,85.2829,-60.2682,-1389.76,-617.935,-1361.9,-616.761
-1272.0,-416.0,-184.507,8.99915e-07,86.4834,-101.311,93.5166,7.79523,-1306.24,-587.164,-1306.24,-587.164
-1270.0,-416.0,-175.357,9.75085e-07,84.0382,-115.74,145.34,33.993,-1394.23,-596.107,-1366.89,-616.971
-1268.0,-416.0,-175.619,9.77986e-07,84.0556,-116.094,145.059,33.6187,-1394.14,-596.104,-1366.42,-616.951
-1266.0,-416.0,-175.957,9.80924e-07,84.0731,-116.446,144.779,33.2518,-1394.05,-596.101,-1365.94,-616.931
-1264.0,-416.0,-176.4,9.83898e-07,84.0907,-116.796,144.5,32.8922,-1393.97,-596.099,-1365.47,-616.911
-1262.0,-416.0,-176.987,9.86909e-07,84.1085,-117.144,144.221,32.5395,-1393.88,-596.096,-1364.99,-616.891
-1260.0,-416.0,-181.421,9.74388e-07,86.7537,-105.116,93.2463,35.7331,-1385.93,-589.879,-1306.24,-587.164
-1258.0,-416.0,-159.654,1.11813e-06,87.1858,-139.917,92.8142,-43.3117,-1381.35,-617.58,-1310.1,-459.844
-1256.0,-416.0,-158.541,1.12323e-06,87.213,-140.209,92.787,-43.3117,-1381.35,-617.58,-1310.08,-461.04
-1254.0,-416.0,-157.849,1.12834e-06,87.24,-140.498,92.76,-43.3117,-1381.35,-617.58,-1310.06,-462.211
-1252.0,-416.0,-157.442,1.13347e-06,87.2828,-140.783,92.7172,-43.3117,-1381.35,-617.58,-1310.03,-463.36
-1250.0,-416.0,-144.582,9.41855e-07,86.781,-119.861,93.219,54.9672,-1393.06,-590.097,-1328.45,-552.64
-1248.0,-416.0,-142.967,9.45157e-07,86.8435,-120.488,93.1565,54.9672,-1393.06,-590.097,-1328.45,-552.64
-1246.0,-416.0,-141.11,9.48523e-07,86.9059,-121.107,93.0941,54.9672,-1393.06,-590.097,-1328.45,-552.64
-1244.0,-416.0,-138.807,9.51951e-07,86.968,-121.717,93.032,54.9672,-1393.06,-590.097,-1328.45,-552.64
-1242.0,-416.0,-135.698,9.5544e-07,87.0298,-122.32,92.9702,54.9672,-1393.06,-590.097,-1328.45,-552.64
-1240.0,-416.0,-131.045,9.58989e-07,87.0913,-122.915,92.9087,54.9672,-1393.06,-590.097,-1328.45,-552.64
-1238.0,-416.0,-123.352,9.62597e-07,87.1526,-123.502,92.8474,54.9672,-1393.06,-590.097,-1328.45,-552.64
-1236.0,-416.0,-125.848,9.66269e-07,87.206,-124.082,92.794,54.9672,-1393.06,-590.097,-1328.45,-552.64
-1234.0,-416.0,-132.322,9.70018e-07,87.2334,-124.653,92.7666,54.9672,-1393.06,-590.097,-1328.45,-552.64
-1232.0,-416.0,-136.263,9.73822e-07,87.2608,-125.217,92.7392,54.9672,-1393.06,-590.097,-1328.45,-552.64
-1230.0,-416.0,-144.996,9.28307e-07,87.1438,-126.037,92.8562,-43.396,-1381.4,-617.583,-1355.83,-588.959
-1228.0,-416.0,-142.052,1.09473e-06,87.6037,126.208,92.3963,56.8719,-1393.55,-590.112,-1242.81,-395.766
-1226.0,-416.0,-138.694,1.09866e-06,87.6417,126.577,92.3583,56.8719,-1393.55,-590.112,-1241.08,-395.677
-1224.0,-416.0,-134.917,1.10263e-06,87.6795,126.944,92.3205,56.8719,-1393.55,-590.112,-1239.35,-395.588
-1222.0,-416.0,-130.162,1.10663e-06,87.7201,127.306,92.2799,56.8719,-1393.55,-590.112,-1237.62,-395.499
-1220.0,-416.0,-124.409,1.11066e-06,87.772,127.666,92.228,56.8719,-1393.55,-590.112,-1235.89,-395.411
-1218.0,-416.0,-116.091,1.01789e-06,87.6164,-133.276,92.3836,-41.508,-1380.19,-617.531,-1357.38,-564.027
-1216.0,-416.0,-116.405,1.02243e-06,87.6744,-133.548,92.3256,-41.2355,-1380.01,-617.524,-1357.36,-564.707
-1214.0,-416.0,-116.901,1.1229e-06,87.9257,128.48,92.0743,56.0781,-1393.35,-590.106,-1230.58,-395.138
-1212.0,-416.0,-116.733,1.12703e-06,87.9763,128.745,92.0237,55.8124,-1393.28,-590.104,-1228.81,-395.047
-1210.0,-416.0,0.0,0.0,0.0,0.0,0.0,0.0,0.0,0.0,0.0,0.0
-1208.0,-416.0,0.0,0.0,0.0,0.0,0.0,0.0,0.0,0.0,0.0,0.0
-1206.0,-416.0,0.0,0.0,0.0,0.0,0.0,0.0,0.0,0.0,0.0,0.0
-1204.0,-416.0,0.0,0.0,0.0,0.0,0.0,0.0,0.0,0.0,0.0,0.0
-1202.0,-416.0,0.0,0.0,0.0,0.0,0.0,0.0,0.0,0.0,0.0,0.0
-1600.0,-414.0,-161.463,1.0261e-06,88.4223,-24.5827,91.5777,96.8954,-1412.1,-499.96,-1412.1,-499.96
-1598.0,-414.0,-161.249,1.02003e-06,88.4287,-24.8154,91.5713,96.8954,-1412.1,-499.96,-1412.1,-499.96
-1596.0,-414.0,-141.76,1.30588e-06,88.7851,-46.6551,91.2149,129.985,-1425.61,-569.467,-1531.74,-482.081
-1594.0,-414.0,-144.227,1.30131e-06,88.7933,-46.9292,91.2067,129.985,-1425.61,-569.467,-1530.42,-482.011
-1592.0,-414.0,-144.798,1.29676e-06,88.7933,-47.2058,91.2067,129.985,-1425.61,-569.467,-1529.1,-481.941
-1590.0,-414.0,-144.81,1.29224e-06,88.7891,-47.4849,91.2109,129.985,-1425.61,-569.467,-1527.78,-481.87
-1588.0,-414.0,-144.844,1.28774e-06,88.7849,-47.7665,91.2151,129.985,-1425.61,-569.467,-1526.45,-481.8
-1586.0,-414.0,-145.029,1.28327e-06,88.7807,-48.0507,91.2193,129.985,-1425.61,-569.467,-1525.12,-481.73
-1584.0,-414.0,-145.35,1.27883e-06,88.7713,-48.3374,91.2287,129.985,-1425.61,-569.467,-1523.8,-481.659
-1582.0,-414.0,-145.767,1.27441e-06,88.7544,-48.6267,91.2456,129.985,-1425.61,-569.467,-1522.47,-481.588
-1580.0,-414.0,-146.248,1.27002e-06,88.7374,-48.9185,91.2626,129.985,-1425.61,-569.467,-1521.14,-481.518
-1578.0,-414.0,-146.772,1.26565e-06,88.7203,-49.213,91.2797,129.985,-1425.61,-569.467,-1519.81,-481.447
-1576.0,-414.0,-147.328,1.26131e-06,88.705,-49.5102,91.295,129.985,-1425.61,-569.467,-1518.48,-481.376
-1574.0,-414.0,-147.912,1.257e-06,88.7006,-49.8099,91.2994,129.985,-1425.61,-569.467,-1517.14,-481.305
-1572.0,-414.0,-161.861,1.09659e-06,88.5105,35.9746,91.4895,130.461,-1425.59,-569.992,-1539.15,-390.153
-1570.0,-414.0,-159.578,1.09122e-06,88.5031,36.7741,91.4969,130.461,-1425.59,-569.992,-1538.07,-390.134
-1568.0,-414.0,-158.233,1.0859e-06,88.4958,37.6045,91.5042,130.461,-1425.59,-569.992,-1536.99,-390.115
-1566.0,-414.0,-157.202,1.08065e-06,88.4885,38.4674,91.5115,130.461,-1425.59,-569.992,-1535.91,-390.096
-1564.0,-414.0,-156.307,1.07546e-06,88.4812,39.3643,91.5188,130.461,-1425.59,-569.992,-1534.84,-390.077
-1562.0,-414.0,-155.565,1.07033e-06,88.4739,40.2968,91.5261,130.461,-1425.59,-569.992,-1533.77,-390.058
-1560.0,-414.0,-155.283,1.06528e-06,88.4667,41.2665,91.5333,130.461,-1425.59,-569.992,-1532.69,-390.039
-1558.0,-414.0,-156.94,1.06031e-06,88.4595,42.2751,91.5405,130.461,-1425.59,-569.992,-1531.62,-390.02
-1556.0,-414.0,-158.071,1.05541e-06,88.4523,43.3244,91.5477,130.461,-1425.59,-569.992,-1530.55,-390.001
-1554.0,-414.0,-151.846,1.0506e-06,88.4452,44.416,91.5548,130.461,-1425.59,-569.992,-1529.49,-389.982
-1552.0,-414.0,-148.542,1.04588e-06,88.4382,45.5518,91.5618,130.461,-1425.59,-569.992,-1528.42,-389.964
-1550.0,-414.0,-145.752,1.04126e-06,88.4313,46.7336,91.5687,130.461,-1425.59,-569.992,-1527.36,-389.945
-1548.0,-414.0,-142.579,1.03674e-06,88.4245,47.963,91.5755,130.461,-1425.59,-569.992,-1526.3,-389.926
-1546.0,-414.0,-138.444,1.03233e-06,88.4177,49.242,91.5823,130.461,-1425.59,-569.992,-1525.23,-389.907
-1544.0,-414.0,-131.624,1.02803e-06,88.4111,50.5721,91.5889,130.461,-1425.59,-569.992,-1524.17,-389.888
-1542.0,-414.0,-122.826,1.02382e-06,88.4046,51.0192,91.5954,130.215,-1425.6,-569.722,-1522.46,-389.858
-1540.0,-414.0,-132.879,1.01965e-06,88.398,51.7254,91.602,130.064,-1425.6,-569.555,-1520.93,-389.831
-1538.0,-414.0,-138.933,1.01557e-06,88.3916,52.9023,91.6084,130.064,-1425.6,-569.555,-1519.71,-389.809
-1536.0,-414.0,-142.8,1.0116e-06,88.3853,54.1169,91.6147,130.064,-1425.6,-569.555,-1518.48,-389.788
-1534.0,-414.0,-145.842,1.00775e-06,88.3791,55.37,91.6209,130.064,-1425.6,-569.555,-1517.26,-389.766
-1532.0,-414.0,-148.798,1.00402e-06,88.3731,56.6622,91.6269,130.064,-1425.6,-569.555,-1516.04,-389.745
-1530.0,-414.0,-152.969,1.0018e-06,88.3695,61.4315,91.6305,130.461,-1425.59,-569.992,-1516.8,-389.758
-1528.0,-414.0,-153.039,9.98704e-07,88.3644,63.214,91.6356,130.461,-1425.59,-569.992,-1515.75,-389.74
-1526.0,-414.0,-154.271,9.95794e-07,88.3597,65.0543,91.6403,130.461,-1425.59,-569.992,-1514.71,-389.721
-1524.0,-414.0,-155.443,9.90441e-07,88.3508,62.2281,91.6492,130.064,-1425.6,-569.555,-1511.18,-389.659
-1522.0,-414.0,-156.254,9.8741e-07,88.3457,63.7194,91.6543,130.064,-1425.6,-569.555,-1509.97,-389.637
-1520.0,-414.0,-157.324,9.84536e-07,88.3409,65.25,91.6591,130.064,-1425.6,-569.555,-1508.76,-389.616
-1518.0,-414.0,-157.207,9.86212e-07,88.3437,72.9619,91.6563,130.461,-1425.59,-569.992,-1510.54,-389.647
-1516.0,-414.0,-157.197,9.84375e-07,88.3406,75.0623,91.6594,130.461,-1425.59,-569.992,-1509.5,-389.629
-1514.0,-414.0,-157.86,9.82776e-07,88.3379,77.2047,91.6621,130.461,-1425.59,-569.992,-1508.46,-389.611
-1512.0,-414.0,-159.187,9.81422e-07,88.3356,79.384,91.6644,130.461,-1425.59,-569.992,-1507.43,-389.592
-1510.0,-414.0,-161.07,9.80646e-07,88.3343,80.053,91.6657,130.895,-1425.58,-570.461,-1505.71,-389.562
-1508.0,-414.0,-157.94,8.32112e-07,88.0369,-12.459,91.9631,130.461,-1425.59,-569.992,-1501.64,-415.406
-1506.0,-414.0,-154.555,8.25668e-07,88.0215,-17.8579,91.9785,130.461,-1425.59,-569.992,-1501.64,-415.406
-1504.0,-414.0,-144.373,8.1955e-07,88.0068,-30.7373,91.9932,130.461,-1425.59,-569.992,-1501.64,-415.406
-1502.0,-414.0,-111.729,8.14706e-07,87.9949,-48.8995,92.0051,130.308,-1425.6,-569.824,-1397.68,-533.587
-1500.0,-414.0,-115.962,1.03894e-06,88.4278,-68.3444,91.5722,108.623,-1459.06,-424.743,-1474.18,-479.022
-1498.0,-414.0,-115.689,1.03649e-06,88.4241,-68.6874,91.5759,108.28,-1457.9,-424.712,-1472.66,-478.941
-1496.0,-414.0,-115.477,1.03409e-06,88.4204,-69.032,91.5796,107.935,-1456.75,-424.681,-1471.14,-478.86
-1494.0,-414.0,-137.204,8.19398e-07,88.0064,-125.317,91.9936,130.895,-1425.58,-570.461,-1499.03,-421.095
-1492.0,-414.0,-140.735,8.23701e-07,88.0168,-134.723,91.9832,130.895,-1425.58,-570.461,-1499.03,-421.095
-1490.0,-414.0,0.0,0.0,0.0,0.0,0.0,0.0,0.0,0.0,0.0,0.0
-1488.0,-414.0,0.0,0.0,0.0,0.0,0.0,0.0,0.0,0.0,0.0,0.0
-1486.0,-414.0,0.0,0.0,0.0,0.0,0.0,0.0,0.0,0.0,0.0,0.0
-1484.0,-414.0,0.0,0.0,0.0,0.0,0.0,0.0,0.0,0.0,0.0,0.0
-1482.0,-414.0,0.0,0.0,0.0,0.0,0.0,0.0,0.0,0.0,0.0,0.0
-1480.0,-414.0,0.0,0.0,0.0,0.0,0.0,0.0,0.0,0.0,0.0,0.0
-1478.0,-414.0,0.0,0.0,0.0,0.0,0.0,0.0,0.0,0.0,0.0,0.0
-1476.0,-414.0,0.0,0.0,0.0,0.0,0.0,0.0,0.0,0.0,0.0,0.0
-1474.0,-414.0,0.0,0.0,0.0,0.0,0.0,0.0,0.0,0.0,0.0,0.0
-1472.0,-414.0,0.0,0.0,0.0,0.0,0.0,0.0,0.0,0.0,0.0,0.0
-1470.0,-414.0,0.0,0.0,0.0,0.0,0.0,0.0,0.0,0.0,0.0,0.0
-1468.0,-414.0,0.0,0.0,0.0,0.0,0.0,0.0,0.0,0.0,0.0,0.0
-1466.0,-414.0,0.0,0.0,0.0,0.0,0.0,0.0,0.0,0.0,0.0,0.0
-1464.0,-414.0,0.0,0.0,0.0,0.0,0.0,0.0,0.0,0.0,0.0,0.0
-1462.0,-414.0,0.0,0.0,0.0,0.0,0.0,0.0,0.0,0.0,0.0,0.0
-1460.0,-414.0,0.0,0.0,0.0,0.0,0.0,0.0,0.0,0.0,0.0,0.0
-1458.0,-414.0,0.0,0.0,0.0,0.0,0.0,0.0,0.0,0.0,0.0,0.0
-1456.0,-414.0,0.0,0.0,0.0,0.0,0.0,0.0,0.0,0.0,0.0,0.0
-1454.0,-414.0,0.0,0.0,0.0,0.0,0.0,0.0,0.0,0.0,0.0,0.0
-1452.0,-414.0,0.0,0.0,0.0,0.0,0.0,0.0,0.0,0.0,0.0,0.0
-1450.0,-414.0,0.0,0.0,0.0,0.0,0.0,0.0,0.0,0.0,0.0,0.0
-1448.0,-414.0,0.0,0.0,0.0,0.0,0.0,0.0,0.0,0.0,0.0,0.0
-1446.0,-414.0,0.0,0.0,0.0,0.0,0.0,0.0,0.0,0.0,0.0,0.0
-1444.0,-414.0,0.0,0.0,0.0,0.0,0.0,0.0,0.0,0.0,0.0,0.0
-1442.0,-414.0,0.0,0.0,0.0,0.0,0.0,0.0,0.0,0.0,0.0,0.0
-1440.0,-414.0,0.0,0.0,0.0,0.0,0.0,0.0,0.0,0.0,0.0,0.0
-1438.0,-414.0,0.0,0.0,0.0,0.0,0.0,0.0,0.0,0.0,0.0,0.0
-1436.0,-414.0,0.0,0.0,0.0,0.0,0.0,0.0,0.0,0.0,0.0,0.0
-1434.0,-414.0,0.0,0.0,0.0,0.0,0.0,0.0,0.0,0.0,0.0,0.0
-1432.0,-414.0,0.0,0.0,0.0,0.0,0.0,0.0,0.0,0.0,0.0,0.0
-1430.0,-414.0,0.0,0.0,0.0,0.0,0.0,0.0,0.0,0.0,0.0,0.0
-1428.0,-414.0,0.0,0.0,0.0,0.0,0.0,0.0,0.0,0.0,0.0,0.0
-1426.0,-414.0,0.0,0.0,0.0,0.0,0.0,0.0,0.0,0.0,0.0,0.0
-1424.0,-414.0,0.0,0.0,0.0,0.0,0.0,0.0,0.0,0.0,0.0,0.0
-1422.0,-414.0,0.0,0.0,0.0,0.0,0.0,0.0,0.0,0.0,0.0,0.0
-1420.0,-414.0,-170.156,8.66872e-07,87.6839,-90.1345,92.3161,111.97,-1429.78,-526.194,-1420.1,-457.518
-1418.0,-414.0,-169.34,8.66931e-07,87.6744,-90.7711,92.3256,111.97,-1429.78,-526.194,-1418.58,-457.435
-1416.0,-414.0,-168.098,8.67057e-07,87.6747,-91.4074,92.3253,111.97,-1429.78,-526.194,-1417.07,-457.353
-1414.0,-414.0,-156.695,7.19103e-07,87.196,-121.91,92.804,111.97,-1429.78,-526.194,-1459.87,-487.665
-1412.0,-414.0,-155.468,7.22661e-07,87.2098,-122.621,92.7902,111.97,-1429.78,-526.194,-1459.81,-488.705
-1410.0,-414.0,-155.218,7.26289e-07,87.2237,-123.321,92.7763,111.97,-1429.78,-526.194,-1459.76,-489.694
-1408.0,-414.0,-155.325,7.29984e-07,87.2378,-124.011,92.7622,111.97,-1429.78,-526.194,-1459.71,-490.636
-1406.0,-414.0,-155.576,7.33745e-07,87.252,-124.689,92.748,111.97,-1429.78,-526.194,-1459.66,-491.533
-1404.0,-414.0,-120.762,8.48253e-07,87.6232,-129.57,92.3768,134.861,-1425.49,-574.386,-1460.17,-481.972
-1402.0,-414.0,-118.164,8.52526e-07,87.618,-129.916,92.382,135.207,-1425.48,-574.7,-1460.09,-483.44
-1400.0,-414.0,-116.439,8.56832e-07,87.6111,-130.259,92.3889,135.55,-1425.48,-575.008,-1460.02,-484.874
-1398.0,-414.0,-115.33,8.61167e-07,87.6044,-130.598,92.3956,135.889,-1425.47,-575.309,-1459.94,-486.276
-1396.0,-414.0,-114.625,8.65533e-07,87.5978,-130.934,92.4022,136.225,-1425.46,-575.604,-1459.87,-487.647
-1394.0,-414.0,-114.194,8.69935e-07,87.5795,-131.266,92.4205,136.557,-1425.46,-575.892,-1459.8,-488.987
-1392.0,-414.0,0.0,0.0,0.0,0.0,0.0,0.0,0.0,0.0,0.0,0.0
-1390.0,-414.0,0.0,0.0,0.0,0.0,0.0,0.0,0.0,0.0,0.0,0.0
-1388.0,-414.0,0.0,0.0,0.0,0.0,0.0,0.0,0.0,0.0,0.0,0.0
-1386.0,-414.0,0.0,0.0,0.0,0.0,0.0,0.0,0.0,0.0,0.0,0.0
-1384.0,-414.0,0.0,0.0,0.0,0.0,0.0,0.0,0.0,0.0,0.0,0.0
-1382.0,-414.0,0.0,0.0,0.0,0.0,0.0,0.0,0.0,0.0,0.0,0.0
-1380.0,-414.0,0.0,0.0,0.0,0.0,0.0,0.0,0.0,0.0,0.0,0.0
-1378.0,-414.0,0.0,0.0,0.0,0.0,0.0,0.0,0.0,0.0,0.0,0.0
-1376.0,-414.0,0.0,0.0,0.0,0.0,0.0,0.0,0.0,0.0,0.0,0.0
-1374.0,-414.0,-158.078,1.55577e-06,88.4393,39.1003,91.5607,-43.3117,-1381.35,-617.58,-1323.83,-373.23
-1372.0,-414.0,-175.117,1.40809e-06,88.2526,-59.3591,91.7474,-2.76158,-1239.86,-607.725,-1331.05,-483.129
-1370.0,-414.0,-174.239,1.40471e-06,88.2436,-59.7376,91.7564,-2.76158,-1239.86,-607.725,-1329.68,-483.101
-1368.0,-414.0,-173.608,1.40137e-06,88.2394,-60.1191,91.7606,-2.76158,-1239.86,-607.725,-1328.31,-483.072
-1366.0,-414.0,-173.167,1.39806e-06,88.2353,-60.5035,91.7647,-2.76158,-1239.86,-607.725,-1326.94,-483.044
-1364.0,-414.0,-172.878,1.3948e-06,88.2311,-60.8908,91.7689,-2.76158,-1239.86,-607.725,-1325.57,-483.016
-1362.0,-414.0,-169.075,1.66681e-06,88.5199,-75.3916,91.4801,-14.6085,-1339.34,-615.81,-1329.2,-539.827
-1360.0,-414.0,-169.133,1.66518e-06,88.5184,-76.2477,91.4816,-14.6085,-1339.34,-615.81,-1329.2,-539.827
-1358.0,-414.0,-169.225,1.66364e-06,88.5171,-77.11,91.4829,-14.6085,-1339.34,-615.81,-1329.2,-539.827
-1356.0,-414.0,-169.353,1.6622e-06,88.5158,-77.9783,91.4842,-14.6085,-1339.34,-615.81,-1329.2,-539.827
-1354.0,-414.0,-169.517,1.66086e-06,88.5146,-78.8523,91.4854,-14.6085,-1339.34,-615.81,-1329.2,-539.827
-1352.0,-414.0,-169.72,1.65962e-06,88.5135,-79.7316,91.4865,-14.6085,-1339.34,-615.81,-1329.2,-539.827
-1350.0,-414.0,-169.959,1.65848e-06,88.5124,-80.6157,91.4876,-14.6085,-1339.34,-615.81,-1329.2,-539.827
-1348.0,-414.0,-173.35,1.43127e-06,88.2762,90.0301,91.7238,-43.3117,-1381.35,-617.58,-1348.05,-321.669
-1346.0,-414.0,-176.056,9.65703e-07,87.4289,-151.183,92.5711,113.553,-1429.64,-532.017,-1375.51,-430.234
-1344.0,-414.0,-176.717,1.56991e-06,88.4085,-70.3415,91.5915,-2.76158,-1239.86,-607.725,-1341.01,-422.362
-1342.0,-414.0,-174.797,1.51482e-06,88.3399,71.5001,91.6601,-2.76158,-1239.86,-607.725,-1328.39,-373.317
-1340.0,-414.0,-173.566,1.43189e-06,88.2324,91.8916,91.7676,-43.3117,-1381.35,-617.58,-1343.05,-321.614
-1338.0,-414.0,-173.512,1.51069e-06,88.314,72.2438,91.686,-2.76158,-1239.86,-607.725,-1324.95,-373.252
-1336.0,-414.0,-173.05,1.50868e-06,88.301,72.6181,91.699,-2.76158,-1239.86,-607.725,-1323.23,-373.219
-1334.0,-414.0,-172.68,1.50672e-06,88.2881,72.9939,91.7119,-2.76158,-1239.86,-607.725,-1321.52,-373.186
-1332.0,-414.0,-172.385,1.5048e-06,88.2792,73.3711,91.7208,-2.76158,-1239.86,-607.725,-1319.8,-373.153
-1330.0,-414.0,-178.305,2.01635e-06,88.7158,-20.3517,91.2842,-15.5937,-1342.83,-615.957,-1210.36,-458.378
-1328.0,-414.0,-167.156,2.18227e-06,88.8135,-24.2604,91.1865,-14.8341,-1340.17,-615.845,-1210.03,-467.167
-1326.0,-414.0,-166.941,2.17619e-06,88.8102,-24.4326,91.1898,-14.8341,-1340.17,-615.845,-1210.05,-466.677
-1324.0,-414.0,-166.735,2.17012e-06,88.8053,-24.6071,91.1947,-14.8341,-1340.17,-615.845,-1210.07,-466.179
-1322.0,-414.0,-166.536,2.16407e-06,88.7871,-24.784,91.2129,-14.8341,-1340.17,-615.845,-1210.09,-465.673
-1320.0,-414.0,-166.346,2.15803e-06,88.7687,-24.9632,91.2313,-14.8341,-1340.17,-615.845,-1210.11,-465.158
-1318.0,-414.0,-166.164,2.152e-06,88.7503,-25.1449,91.2497,-14.8341,-1340.17,-615.845,-1210.13,-464.635
-1316.0,-414.0,-165.991,2.14598e-06,88.7317,-25.3291,91.2683,-14.8341,-1340.17,-615.845,-1210.15,-464.103
-1314.0,-414.0,-163.761,1.15442e-06,87.6139,-57.0385,92.3861,-35.9954,-1376.1,-617.359,-1255.01,-504.966
-1312.0,-414.0,-165.673,2.13396e-06,88.6943,-25.7051,91.3057,-14.8341,-1340.17,-615.845,-1210.19,-463.01
-1310.0,-414.0,-165.53,2.12797e-06,88.6754,-25.897,91.3246,-14.8341,-1340.17,-615.845,-1210.21,-462.45
-1308.0,-414.0,-168.012,1.22121e-06,87.6651,-70.6209,92.3349,-2.76158,-1239.86,-607.725,-1239.86,-607.725
-1306.0,-414.0,-152.112,1.65411e-06,88.2569,47.7109,91.7431,-43.396,-1381.4,-617.583,-1235.4,-336.382
-1304.0,-414.0,-151.921,1.64965e-06,88.2326,47.908,91.7674,-43.396,-1381.4,-617.583,-1233.87,-336.359
-1302.0,-414.0,-151.892,1.6452e-06,88.2082,48.1063,91.7918,-43.396,-1381.4,-617.583,-1232.33,-336.336
-1300.0,-414.0,-152.004,1.64077e-06,88.1862,48.3058,91.8138,-43.396,-1381.4,-617.583,-1230.8,-336.312
-1298.0,-414.0,-167.282,1.21099e-06,87.5287,-73.2941,92.4713,-2.76158,-1239.86,-607.725,-1239.86,-607.725
-1296.0,-414.0,-167.22,1.20911e-06,87.5115,-73.8383,92.4885,-2.76158,-1239.86,-607.725,-1239.86,-607.725
-1294.0,-414.0,-167.176,1.2073e-06,87.4944,-74.3854,92.5056,-2.76158,-1239.86,-607.725,-1239.86,-607.725
-1292.0,-414.0,-167.15,1.20555e-06,87.4774,-74.9356,92.5226,-2.76158,-1239.86,-607.725,-1239.86,-607.725
-1290.0,-414.0,-147.864,1.23881e-06,87.5321,-33.2381,92.4679,-35.9954,-1376.1,-617.359,-1210.06,-466.387
-1288.0,-414.0,-147.224,1.23325e-06,87.5079,-33.4511,92.4921,-35.9954,-1376.1,-617.359,-1210.09,-465.469
-1286.0,-414.0,-146.596,1.22771e-06,87.4835,-33.6665,92.5165,-35.9954,-1376.1,-617.359,-1210.13,-464.535
-1284.0,-414.0,-145.976,1.22218e-06,87.4589,-33.8843,92.5411,-35.9954,-1376.1,-617.359,-1210.17,-463.585
-1282.0,-414.0,-165.793,1.16562e-06,87.3216,-34.1046,92.6784,11.6373,-1342.24,-588.104,-1210.2,-462.619
-1280.0,-414.0,-167.369,1.19636e-06,87.377,-78.2933,92.623,-2.76158,-1239.86,-607.725,-1239.86,-607.725
-1278.0,-414.0,-167.476,1.19505e-06,87.3606,-78.8616,92.6394,-2.76158,-1239.86,-607.725,-1239.86,-607.725
-1276.0,-414.0,-167.605,1.1938e-06,87.3498,-79.4322,92.6502,-2.76158,-1239.86,-607.725,-1239.86,-607.725
-1274.0,-414.0,-167.754,1.19262e-06,87.3472,-80.0048,92.6528,-2.76158,-1239.86,-607.725,-1239.86,-607.725
-1272.0,-414.0,-154.322,1.02135e-06,83.9804,-113.839,85.2908,-60.0724,-1389.68,-617.931,-1361.59,-616.747
-1270.0,-414.0,-181.795,9.7311e-07,86.7482,-101.819,93.2518,35.7331,-1385.93,-589.879,-1306.24,-587.164
-1268.0,-414.0,-175.54,9.83952e-07,84.0982,-115.922,145.194,33.797,-1394.18,-596.105,-1366.65,-616.961
-1266.0,-414.0,-175.834,9.86872e-07,84.1154,-116.272,144.915,33.4293,-1394.1,-596.103,-1366.18,-616.941
-1264.0,-414.0,-176.215,9.89828e-07,84.1326,-116.62,144.638,33.0689,-1394.01,-596.1,-1365.71,-616.921
-1262.0,-414.0,-176.715,9.92821e-07,84.1501,-116.967,144.361,32.7154,-1393.92,-596.097,-1365.23,-616.901
-1260.0,-414.0,-164.314,1.11738e-06,87.1805,-139.273,92.8195,-43.3117,-1381.35,-617.58,-1310.15,-457.174
-1258.0,-414.0,-161.8,1.12243e-06,87.2076,-139.57,92.7924,-43.3117,-1381.35,-617.58,-1310.12,-458.409
-1256.0,-414.0,-159.993,1.1275e-06,87.2345,-139.863,92.7655,-43.3117,-1381.35,-617.58,-1310.1,-459.619
-1254.0,-414.0,-158.802,1.13259e-06,87.2612,-140.152,92.7388,-43.3117,-1381.35,-617.58,-1310.08,-460.805
-1252.0,-414.0,-158.047,1.13769e-06,87.3038,-140.438,92.6962,-43.3117,-1381.35,-617.58,-1310.06,-461.967
-1250.0,-414.0,-145.507,9.47631e-07,86.8137,-119.503,93.1863,54.9672,-1393.06,-590.097,-1328.45,-552.64
-1248.0,-414.0,-144.024,9.50898e-07,86.8756,-120.125,93.1244,54.9672,-1393.06,-590.097,-1328.45,-552.64
-1246.0,-414.0,-142.348,9.54228e-07,86.9373,-120.74,93.0627,54.9672,-1393.06,-590.097,-1328.45,-552.64
-1244.0,-414.0,-140.376,9.5762e-07,86.9988,-121.346,93.0012,54.9672,-1393.06,-590.097,-1328.45,-552.64
-1242.0,-414.0,-137.854,9.61072e-07,87.0601,-121.945,92.9399,54.9672,-1393.06,-590.097,-1328.45,-552.64
-1240.0,-414.0,-134.351,9.64585e-07,87.1211,-122.537,92.8789,54.9672,-1393.06,-590.097,-1328.45,-552.64
-1238.0,-414.0,-128.901,9.68157e-07,87.1818,-123.12,92.8182,54.9672,-1393.06,-590.097,-1328.45,-552.64
-1236.0,-414.0,-120.106,9.71813e-07,87.2092,-123.696,92.7908,54.9672,-1393.06,-590.097,-1328.45,-552.64
-1234.0,-414.0,-128.414,9.75525e-07,87.2364,-124.265,92.7636,54.9672,-1393.06,-590.097,-1328.45,-552.64
-1232.0,-414.0,-133.814,9.79291e-07,87.2635,-124.825,92.7365,54.9672,-1393.06,-590.097,-1328.45,-552.64
-1230.0,-414.0,-142.844,1.08544e-06,87.5462,126.107,92.4538,56.8719,-1393.55,-590.112,-1243.28,-395.79
-1228.0,-414.0,-139.509,1.08937e-06,87.5805,126.481,92.4195,56.8719,-1393.55,-590.112,-1241.53,-395.7
-1226.0,-414.0,-135.834,1.09333e-06,87.6188,126.852,92.3812,56.8719,-1393.55,-590.112,-1239.78,-395.61
-1224.0,-414.0,-131.332,1.09732e-06,87.6569,127.22,92.3431,56.8719,-1393.55,-590.112,-1238.04,-395.521
-1222.0,-414.0,-125.704,1.10135e-06,87.6948,127.583,92.3052,56.8719,-1393.55,-590.112,-1236.29,-395.431
-1220.0,-414.0,-117.578,1.1054e-06,87.739,127.882,92.261,56.6757,-1393.5,-590.111,-1234.52,-395.34
-1218.0,-414.0,-117.166,1.10948e-06,87.791,128.154,92.209,56.4035,-1393.43,-590.109,-1232.73,-395.248
-1216.0,-414.0,-116.179,1.0273e-06,87.6613,-133.292,92.3387,-41.4921,-1380.18,-617.531,-1357.37,-564.067
-1214.0,-414.0,-116.5,1.03184e-06,87.7186,-133.561,92.2814,-41.2222,-1380.0,-617.523,-1357.35,-564.74
-1212.0,-414.0,0.0,0.0,0.0,0.0,0.0,0.0,0.0,0.0,0.0,0.0
-1210.0,-414.0,0.0,0.0,0.0,0.0,0.0,0.0,0.0,0.0,0.0,0.0
-1208.0,-414.0,0.0,0.0,0.0,0.0,0.0,0.0,0.0,0.0,0.0,0.0
-1206.0,-414.0,0.0,0.0,0.0,0.0,0.0,0.0,0.0,0.0,0.0,0.0
-1204.0,-414.0,0.0,0.0,0.0,0.0,0.0,0.0,0.0,0.0,0.0,0.0
-1202.0,-414.0,0.0,0.0,0.0,0.0,0.0,0.0,0.0,0.0,0.0,0.0
-1600.0,-412.0,-161.192,1.02889e-06,88.4506,-25.0849,91.5494,96.8954,-1412.1,-499.96,-1412.1,-499.96
-1598.0,-412.0,-141.626,1.31531e-06,88.8003,-46.6399,91.1997,129.985,-1425.61,-569.467,-1531.82,-482.085
-1596.0,-412.0,-144.206,1.31074e-06,88.8085,-46.9114,91.1915,129.985,-1425.61,-569.467,-1530.51,-482.016
-1594.0,-412.0,-144.852,1.30619e-06,88.8115,-47.1854,91.1885,129.985,-1425.61,-569.467,-1529.2,-481.946
-1592.0,-412.0,-144.879,1.30166e-06,88.8074,-47.4618,91.1926,129.985,-1425.61,-569.467,-1527.88,-481.876
-1590.0,-412.0,-144.902,1.29716e-06,88.8033,-47.7407,91.1967,129.985,-1425.61,-569.467,-1526.57,-481.806
-1588.0,-412.0,-145.072,1.29269e-06,88.7991,-48.0221,91.2009,129.985,-1425.61,-569.467,-1525.26,-481.737
-1586.0,-412.0,-145.378,1.28824e-06,88.795,-48.3059,91.205,129.985,-1425.61,-569.467,-1523.94,-481.667
-1584.0,-412.0,-145.782,1.28382e-06,88.7858,-48.5924,91.2142,129.985,-1425.61,-569.467,-1522.63,-481.597
-1582.0,-412.0,-146.253,1.27942e-06,88.769,-48.8813,91.231,129.985,-1425.61,-569.467,-1521.31,-481.527
-1580.0,-412.0,-146.768,1.27505e-06,88.7521,-49.1728,91.2479,129.985,-1425.61,-569.467,-1519.99,-481.457
-1578.0,-412.0,-147.315,1.27071e-06,88.7351,-49.4669,91.2649,129.985,-1425.61,-569.467,-1518.67,-481.386
-1576.0,-412.0,-147.889,1.26639e-06,88.7181,-49.7636,91.2819,129.985,-1425.61,-569.467,-1517.35,-481.316
-1574.0,-412.0,-163.414,1.09822e-06,88.5127,34.1198,91.4873,130.461,-1425.59,-569.992,-1541.83,-390.201
-1572.0,-412.0,-166.03,1.09272e-06,88.5052,34.8791,91.4948,130.461,-1425.59,-569.992,-1540.7,-390.181
-1570.0,-412.0,-163.067,1.08727e-06,88.4977,35.6684,91.5023,130.461,-1425.59,-569.992,-1539.57,-390.161
-1568.0,-412.0,-159.998,1.08188e-06,88.4902,36.4892,91.5098,130.461,-1425.59,-569.992,-1538.45,-390.141
-1566.0,-412.0,-158.38,1.07655e-06,88.4827,37.3431,91.5173,130.461,-1425.59,-569.992,-1537.32,-390.121
-1564.0,-412.0,-157.243,1.07128e-06,88.4753,38.2317,91.5247,130.461,-1425.59,-569.992,-1536.2,-390.101
-1562.0,-412.0,-156.282,1.06607e-06,88.4678,39.1567,91.5322,130.461,-1425.59,-569.992,-1535.08,-390.081
-1560.0,-412.0,-155.466,1.06093e-06,88.4604,40.1199,91.5396,130.461,-1425.59,-569.992,-1533.97,-390.062
-1558.0,-412.0,-155.045,1.05587e-06,88.453,41.1232,91.547,130.461,-1425.59,-569.992,-1532.85,-390.042
-1556.0,-412.0,-156.357,1.05088e-06,88.4457,42.1683,91.5543,130.461,-1425.59,-569.992,-1531.73,-390.022
-1554.0,-412.0,-158.277,1.04598e-06,88.4384,43.2573,91.5616,130.461,-1425.59,-569.992,-1530.62,-390.002
-1552.0,-412.0,-151.722,1.04117e-06,88.4312,44.3921,91.5688,130.461,-1425.59,-569.992,-1529.51,-389.983
-1550.0,-412.0,-148.271,1.03645e-06,88.424,45.5748,91.576,130.461,-1425.59,-569.992,-1528.4,-389.963
-1548.0,-412.0,-145.36,1.03183e-06,88.417,46.8074,91.583,130.461,-1425.59,-569.992,-1527.29,-389.944
-1546.0,-412.0,-141.996,1.02732e-06,88.41,48.0918,91.59,130.461,-1425.59,-569.992,-1526.19,-389.924
-1544.0,-412.0,-137.517,1.02292e-06,88.4032,49.4301,91.5968,130.461,-1425.59,-569.992,-1525.08,-389.904
-1542.0,-412.0,-123.297,1.01864e-06,88.3965,50.783,91.6035,130.451,-1425.59,-569.981,-1523.95,-389.885
-1540.0,-412.0,-122.469,1.01444e-06,88.3898,51.0752,91.6102,130.159,-1425.6,-569.66,-1522.11,-389.852
-1538.0,-412.0,-134.423,1.01028e-06,88.3832,51.9789,91.6168,130.064,-1425.6,-569.555,-1520.66,-389.826
-1536.0,-412.0,-139.848,1.00623e-06,88.3767,53.2048,91.6233,130.064,-1425.6,-569.555,-1519.4,-389.804
-1534.0,-412.0,-143.547,1.00229e-06,88.3703,54.4713,91.6297,130.064,-1425.6,-569.555,-1518.14,-389.782
-1532.0,-412.0,-146.557,9.98477e-07,88.3641,55.7791,91.6359,130.064,-1425.6,-569.555,-1516.87,-389.759
-1530.0,-412.0,-149.991,9.9479e-07,88.358,57.1287,91.642,130.064,-1425.6,-569.555,-1515.61,-389.737
-1528.0,-412.0,-152.59,9.92774e-07,88.3547,62.2697,91.6453,130.461,-1425.59,-569.992,-1516.3,-389.749
-1526.0,-412.0,-153.336,9.89767e-07,88.3497,64.1557,91.6503,130.461,-1425.59,-569.992,-1515.21,-389.73
-1524.0,-412.0,-155.163,9.8456e-07,88.3409,61.4329,91.6591,130.064,-1425.6,-569.555,-1511.84,-389.67
-1522.0,-412.0,-155.608,9.81448e-07,88.3357,62.9531,91.6643,130.064,-1425.6,-569.555,-1510.59,-389.648
-1520.0,-412.0,-156.585,9.78496e-07,88.3306,64.5155,91.6694,130.064,-1425.6,-569.555,-1509.34,-389.626
-1518.0,-412.0,-157.252,9.79846e-07,88.3329,72.3012,91.6671,130.461,-1425.59,-569.992,-1510.87,-389.653
-1516.0,-412.0,-156.91,9.77938e-07,88.3297,74.4744,91.6703,130.461,-1425.59,-569.992,-1509.79,-389.634
-1514.0,-412.0,-157.444,9.76277e-07,88.3269,76.6945,91.6731,130.461,-1425.59,-569.992,-1508.71,-389.615
-1512.0,-412.0,-158.234,8.46758e-07,88.0708,-18.1924,91.9292,130.461,-1425.59,-569.992,-1501.64,-415.406
-1510.0,-412.0,-154.549,8.40494e-07,88.0565,-22.1567,91.9435,130.461,-1425.59,-569.992,-1501.64,-415.406
-1508.0,-412.0,-150.389,8.34449e-07,88.0424,-28.1541,91.9576,130.461,-1425.59,-569.992,-1501.64,-415.406
-1506.0,-412.0,-141.927,8.28838e-07,88.0291,-37.9674,91.9709,130.461,-1425.59,-569.992,-1501.64,-415.406
-1504.0,-412.0,-111.868,8.24116e-07,88.0178,-48.8549,91.9822,130.353,-1425.6,-569.873,-1397.67,-533.692
-1502.0,-412.0,-116.221,1.04761e-06,88.4408,-68.1398,91.5592,108.827,-1459.75,-424.761,-1475.09,-479.07
-1500.0,-412.0,-115.906,1.04514e-06,88.4371,-68.4794,91.5629,108.488,-1458.6,-424.73,-1473.58,-478.99
-1498.0,-412.0,-115.659,1.04271e-06,88.4335,-68.8207,91.5665,108.146,-1457.45,-424.7,-1472.08,-478.91
-1496.0,-412.0,-115.471,1.04032e-06,88.4299,-69.1636,91.5701,107.804,-1456.3,-424.669,-1470.57,-478.83
-1494.0,-412.0,-144.91,8.25055e-07,88.0201,-118.929,91.9799,130.895,-1425.58,-570.461,-1499.03,-421.095
-1492.0,-412.0,-132.209,8.28728e-07,88.0289,-127.689,91.9711,130.895,-1425.58,-570.461,-1499.03,-421.095
-1490.0,-412.0,0.0,0.0,0.0,0.0,0.0,0.0,0.0,0.0,0.0,0.0
-1488.0,-412.0,0.0,0.0,0.0,0.0,0.0,0.0,0.0,0.0,0.0,0.0
-1486.0,-412.0,0.0,0.0,0.0,0.0,0.0,0.0,0.0,0.0,0.0,0.0
-1484.0,-412.0,0.0,0.0,0.0,0.0,0.0,0.0,0.0,0.0,0.0,0.0
-1482.0,-412.0,0.0,0.0,0.0,0.0,0.0,0.0,0.0,0.0,0.0,0.0
-1480.0,-412.0,0.0,0.0,0.0,0.0,0.0,0.0,0.0,0.0,0.0,0.0
-1478.0,-412.0,0.0,0.0,0.0,0.0,0.0,0.0,0.0,0.0,0.0,0.0
-1476.0,-412.0,0.0,0.0,0.0,0.0,0.0,0.0,0.0,0.0,0.0,0.0
-1474.0,-412.0,0.0,0.0,0.0,0.0,0.0,0.0,0.0,0.0,0.0,0.0
-1472.0,-412.0,0.0,0.0,0.0,0.0,0.0,0.0,0.0,0.0,0.0,0.0
-1470.0,-412.0,0.0,0.0,0.0,0.0,0.0,0.0,0.0,0.0,0.0,0.0
-1468.0,-412.0,0.0,0.0,0.0,0.0,0.0,0.0,0.0,0.0,0.0,0.0
-1466.0,-412.0,0.0,0.0,0.0,0.0,0.0,0.0,0.0,0.0,0.0,0.0
-1464.0,-412.0,0.0,0.0,0.0,0.0,0.0,0.0,0.0,0.0,0.0,0.0
-1462.0,-412.0,0.0,0.0,0.0,0.0,0.0,0.0,0.0,0.0,0.0,0.0
-1460.0,-412.0,0.0,0.0,0.0,0.0,0.0,0.0,0.0,0.0,0.0,0.0
-1458.0,-412.0,0.0,0.0,0.0,0.0,0.0,0.0,0.0,0.0,0.0,0.0
-1456.0,-412.0,0.0,0.0,0.0,0.0,0.0,0.0,0.0,0.0,0.0,0.0
-1454.0,-412.0,0.0,0.0,0.0,0.0,0.0,0.0,0.0,0.0,0.0,0.0
-1452.0,-412.0,0.0,0.0,0.0,0.0,0.0,0.0,0.0,0.0,0.0,0.0
-1450.0,-412.0,0.0,0.0,0.0,0.0,0.0,0.0,0.0,0.0,0.0,0.0
-1448.0,-412.0,0.0,0.0,0.0,0.0,0.0,0.0,0.0,0.0,0.0,0.0
-1446.0,-412.0,0.0,0.0,0.0,0.0,0.0,0.0,0.0,0.0,0.0,0.0
-1444.0,-412.0,0.0,0.0,0.0,0.0,0.0,0.0,0.0,0.0,0.0,0.0
-1442.0,-412.0,0.0,0.0,0.0,0.0,0.0,0.0,0.0,0.0,0.0,0.0
-1440.0,-412.0,0.0,0.0,0.0,0.0,0.0,0.0,0.0,0.0,0.0,0.0
-1438.0,-412.0,0.0,0.0,0.0,0.0,0.0,0.0,0.0,0.0,0.0,0.0
-1436.0,-412.0,0.0,0.0,0.0,0.0,0.0,0.0,0.0,0.0,0.0,0.0
-1434.0,-412.0,0.0,0.0,0.0,0.0,0.0,0.0,0.0,0.0,0.0,0.0
-1432.0,-412.0,0.0,0.0,0.0,0.0,0.0,0.0,0.0,0.0,0.0,0.0
-1430.0,-412.0,0.0,0.0,0.0,0.0,0.0,0.0,0.0,0.0,0.0,0.0
-1428.0,-412.0,0.0,0.0,0.0,0.0,0.0,0.0,0.0,0.0,0.0,0.0
-1426.0,-412.0,0.0,0.0,0.0,0.0,0.0,0.0,0.0,0.0,0.0,0.0
-1424.0,-412.0,0.0,0.0,0.0,0.0,0.0,0.0,0.0,0.0,0.0,0.0
-1422.0,-412.0,0.0,0.0,0.0,0.0,0.0,0.0,0.0,0.0,0.0,0.0
-1420.0,-412.0,-157.542,9.81881e-07,87.9553,6.13447,92.0447,129.985,-1425.61,-569.467,-1392.22,-409.014
-1418.0,-412.0,-157.454,9.75256e-07,87.9328,6.19387,92.0672,129.985,-1425.61,-569.467,-1392.13,-409.193
-1416.0,-412.0,-157.371,9.68626e-07,87.9187,6.25442,92.0813,129.985,-1425.61,-569.467,-1392.05,-409.375
-1414.0,-412.0,-157.294,9.61997e-07,87.9043,6.31616,92.0957,129.985,-1425.61,-569.467,-1391.95,-409.56
-1412.0,-412.0,-156.178,7.28289e-07,87.2314,-122.175,92.7686,111.97,-1429.78,-526.194,-1459.85,-488.057
-1410.0,-412.0,-155.434,7.31873e-07,87.2449,-122.87,92.7551,111.97,-1429.78,-526.194,-1459.8,-489.061
-1408.0,-412.0,-155.352,7.35524e-07,87.2586,-123.555,92.7414,111.97,-1429.78,-526.194,-1459.74,-490.016
-1406.0,-412.0,-155.516,7.39241e-07,87.2724,-124.229,92.7276,111.97,-1429.78,-526.194,-1459.7,-490.927
-1404.0,-412.0,-123.587,8.53411e-07,87.6249,-129.285,92.3751,134.576,-1425.5,-574.123,-1460.24,-480.746
-1402.0,-412.0,-120.337,8.5766e-07,87.6178,-129.63,92.3822,134.921,-1425.49,-574.44,-1460.16,-482.227
-1400.0,-412.0,-117.922,8.6194e-07,87.6109,-129.972,92.3891,135.263,-1425.48,-574.751,-1460.08,-483.674
-1398.0,-412.0,-116.327,8.6625e-07,87.6042,-130.311,92.3958,135.602,-1425.48,-575.054,-1460.01,-485.089
-1396.0,-412.0,-115.298,8.7059e-07,87.5976,-130.646,92.4024,135.937,-1425.47,-575.351,-1459.93,-486.472
-1394.0,-412.0,-114.645,8.74967e-07,87.5793,-130.978,92.4207,136.269,-1425.46,-575.642,-1459.86,-487.825
-1392.0,-412.0,-149.733,8.80746e-07,87.5585,-132.668,92.4415,129.101,-1425.63,-568.463,-1459.97,-485.743
-1390.0,-412.0,0.0,0.0,0.0,0.0,0.0,0.0,0.0,0.0,0.0,0.0
-1388.0,-412.0,0.0,0.0,0.0,0.0,0.0,0.0,0.0,0.0,0.0,0.0
-1386.0,-412.0,0.0,0.0,0.0,0.0,0.0,0.0,0.0,0.0,0.0,0.0
-1384.0,-412.0,-157.639,1.57764e-06,88.5554,37.9426,91.4446,-43.3117,-1381.35,-617.58,-1334.54,-373.435
-1382.0,-412.0,-157.513,1.5724e-06,88.5301,38.1244,91.4699,-43.3117,-1381.35,-617.58,-1332.82,-373.402
-1380.0,-412.0,-157.439,1.56718e-06,88.5046,38.3078,91.4954,-43.3117,-1381.35,-617.58,-1331.1,-373.369
-1378.0,-412.0,-157.427,1.56196e-06,88.4789,38.4927,91.5211,-43.3117,-1381.35,-617.58,-1329.38,-373.336
-1376.0,-412.0,-157.491,1.55676e-06,88.4531,38.679,91.5469,-43.3117,-1381.35,-617.58,-1327.66,-373.304
-1374.0,-412.0,-157.652,1.55158e-06,88.4271,38.8669,91.5729,-43.3117,-1381.35,-617.58,-1325.95,-373.271
-1372.0,-412.0,-157.933,1.54641e-06,88.4009,39.0564,91.5991,-43.3117,-1381.35,-617.58,-1324.23,-373.238
-1370.0,-412.0,-173.91,1.41048e-06,88.242,-59.9579,91.758,-2.76158,-1239.86,-607.725,-1328.89,-483.084
-1368.0,-412.0,-173.399,1.40716e-06,88.2379,-60.3376,91.7621,-2.76158,-1239.86,-607.725,-1327.53,-483.056
-1366.0,-412.0,-173.051,1.40388e-06,88.2338,-60.7203,91.7662,-2.76158,-1239.86,-607.725,-1326.17,-483.028
-1364.0,-412.0,-172.837,1.40064e-06,88.2297,-61.1059,91.7703,-2.76158,-1239.86,-607.725,-1324.82,-483.0
-1362.0,-412.0,-169.173,1.67328e-06,88.5182,-75.6107,91.4818,-14.6085,-1339.34,-615.81,-1329.2,-539.827
-1360.0,-412.0,-169.239,1.67167e-06,88.5168,-76.4549,91.4832,-14.6085,-1339.34,-615.81,-1329.2,-539.827
-1358.0,-412.0,-169.338,1.67015e-06,88.5154,-77.3051,91.4846,-14.6085,-1339.34,-615.81,-1329.2,-539.827
-1356.0,-412.0,-169.471,1.66873e-06,88.5142,-78.1611,91.4858,-14.6085,-1339.34,-615.81,-1329.2,-539.827
-1354.0,-412.0,-169.64,1.66741e-06,88.513,-79.0225,91.487,-14.6085,-1339.34,-615.81,-1329.2,-539.827
-1352.0,-412.0,-169.847,1.66619e-06,88.5119,-79.8889,91.4881,-14.6085,-1339.34,-615.81,-1329.2,-539.827
-1350.0,-412.0,-170.087,1.66507e-06,88.5109,-80.76,91.4891,-14.6085,-1339.34,-615.81,-1329.2,-539.827
-1348.0,-412.0,-173.311,1.4246e-06,88.2595,90.0303,91.7405,-43.3117,-1381.35,-617.58,-1348.05,-321.669
-1346.0,-412.0,-175.255,9.68957e-07,87.4247,-150.58,92.5753,113.553,-1429.64,-532.017,-1375.53,-428.652
-1344.0,-412.0,-175.76,9.74786e-07,87.4236,-150.915,92.5764,113.553,-1429.64,-532.017,-1375.52,-429.532
-1342.0,-412.0,-175.024,1.50851e-06,88.3248,71.3754,91.6752,-2.76158,-1239.86,-607.725,-1328.97,-373.328
-1340.0,-412.0,-173.529,1.42523e-06,88.2155,91.9026,91.7845,-43.3117,-1381.35,-617.58,-1343.0,-321.614
-1338.0,-412.0,-173.635,1.50435e-06,88.2986,72.1235,91.7014,-2.76158,-1239.86,-607.725,-1325.51,-373.262
-1336.0,-412.0,-173.136,1.50233e-06,88.2856,72.4999,91.7144,-2.76158,-1239.86,-607.725,-1323.78,-373.229
-1334.0,-412.0,-172.736,1.50035e-06,88.2741,72.8779,91.7259,-2.76158,-1239.86,-607.725,-1322.05,-373.196
-1332.0,-412.0,-172.416,1.49841e-06,88.2718,73.2575,91.7282,-2.76158,-1239.86,-607.725,-1320.32,-373.163
-1330.0,-412.0,-167.009,2.1911e-06,88.8183,-24.4669,91.1817,-14.8341,-1340.17,-615.845,-1210.05,-466.579
-1328.0,-412.0,-166.808,2.18503e-06,88.815,-24.6388,91.185,-14.8341,-1340.17,-615.845,-1210.07,-466.089
-1326.0,-412.0,-166.616,2.17897e-06,88.8117,-24.813,91.1883,-14.8341,-1340.17,-615.845,-1210.09,-465.59
-1324.0,-412.0,-166.431,2.17292e-06,88.8069,-24.9895,91.1931,-14.8341,-1340.17,-615.845,-1210.11,-465.083
-1322.0,-412.0,-166.253,2.16689e-06,88.7886,-25.1684,91.2114,-14.8341,-1340.17,-615.845,-1210.13,-464.567
-1320.0,-412.0,-166.084,2.16087e-06,88.7703,-25.3496,91.2297,-14.8341,-1340.17,-615.845,-1210.15,-464.043
-1318.0,-412.0,-165.923,2.15485e-06,88.7519,-25.5334,91.2481,-14.8341,-1340.17,-615.845,-1210.17,-463.51
-1316.0,-412.0,-163.444,1.16363e-06,87.6605,-56.9152,92.3395,-35.9954,-1376.1,-617.359,-1255.01,-505.62
-1314.0,-412.0,-164.838,1.16003e-06,87.6254,-57.2668,92.3746,-35.9954,-1376.1,-617.359,-1255.03,-503.744
-1312.0,-412.0,-165.503,2.13687e-06,88.6961,-26.0997,91.3039,-14.8341,-1340.17,-615.845,-1210.23,-461.856
-1310.0,-412.0,-165.388,2.1309e-06,88.6773,-26.2937,91.3227,-14.8341,-1340.17,-615.845,-1210.25,-461.285
-1308.0,-412.0,-167.995,1.22751e-06,87.6771,-70.8043,92.3229,-2.76158,-1239.86,-607.725,-1239.86,-607.725
-1306.0,-412.0,-167.791,1.22536e-06,87.6467,-71.3281,92.3533,-2.76158,-1239.86,-607.725,-1239.86,-607.725
-1304.0,-412.0,-152.033,1.64471e-06,88.2273,47.7288,91.7727,-43.396,-1381.4,-617.583,-1235.26,-336.38
-1302.0,-412.0,-151.857,1.64025e-06,88.2027,47.9272,91.7973,-43.396,-1381.4,-617.583,-1233.72,-336.357
-1300.0,-412.0,-151.844,1.6358e-06,88.1806,48.1269,91.8194,-43.396,-1381.4,-617.583,-1232.17,-336.333
-1298.0,-412.0,-151.971,1.63137e-06,88.1658,48.3278,91.8342,-43.396,-1381.4,-617.583,-1230.63,-336.31
-1296.0,-412.0,-167.275,1.21552e-06,87.5247,-73.9949,92.4753,-2.76158,-1239.86,-607.725,-1239.86,-607.725
-1294.0,-412.0,-167.237,1.21372e-06,87.5077,-74.5373,92.4923,-2.76158,-1239.86,-607.725,-1239.86,-607.725
-1292.0,-412.0,-147.626,1.24803e-06,87.5633,-33.3485,92.4367,-35.9954,-1376.1,-617.359,-1210.08,-465.912
-1290.0,-412.0,-147.0,1.24248e-06,87.5394,-33.5601,92.4606,-35.9954,-1376.1,-617.359,-1210.11,-464.997
-1288.0,-412.0,-146.384,1.23694e-06,87.5153,-33.774,92.4847,-35.9954,-1376.1,-617.359,-1210.15,-464.067
-1286.0,-412.0,-145.772,1.23142e-06,87.4911,-33.9904,92.5089,-35.9954,-1376.1,-617.359,-1210.18,-463.121
-1284.0,-412.0,-145.159,1.22591e-06,87.4666,-34.2092,92.5334,-35.9954,-1376.1,-617.359,-1210.22,-462.159
-1282.0,-412.0,-166.145,1.16937e-06,87.3302,-34.4306,92.6698,11.6373,-1342.24,-588.104,-1210.26,-461.18
-1280.0,-412.0,-167.46,1.20289e-06,87.3912,-78.4097,92.6088,-2.76158,-1239.86,-607.725,-1239.86,-607.725
-1278.0,-412.0,-167.57,1.20159e-06,87.375,-78.9727,92.625,-2.76158,-1239.86,-607.725,-1239.86,-607.725
-1276.0,-412.0,-167.702,1.20036e-06,87.3643,-79.5378,92.6357,-2.76158,-1239.86,-607.725,-1239.86,-607.725
-1274.0,-412.0,-167.853,1.19918e-06,87.3617,-80.105,92.6383,-2.76158,-1239.86,-607.725,-1239.86,-607.725
-1272.0,-412.0,-154.373,1.02742e-06,84.0322,-113.687,85.2848,-60.2212,-1389.74,-617.934,-1361.83,-616.757
-1270.0,-412.0,-181.836,9.79633e-07,86.7699,-101.688,93.2301,35.7331,-1385.93,-589.879,-1306.24,-587.164
-1268.0,-412.0,-175.48,9.89926e-07,84.1402,-115.752,145.326,33.9743,-1394.22,-596.106,-1366.87,-616.97
-1266.0,-412.0,-175.736,9.92829e-07,84.157,-116.1,145.05,33.6059,-1394.14,-596.104,-1366.41,-616.95
-1264.0,-412.0,-176.066,9.95768e-07,84.174,-116.447,144.774,33.2447,-1394.05,-596.101,-1365.94,-616.931
-1262.0,-412.0,-176.49,9.98725e-07,84.2022,-116.792,144.498,32.8898,-1393.97,-596.099,-1365.47,-616.911
-1260.0,-412.0,-169.303,1.0675e-06,87.0603,-110.175,92.9397,54.9672,-1393.06,-590.097,-1319.42,-573.729
-1258.0,-412.0,-164.822,1.12675e-06,87.2293,-139.226,92.7707,-43.3117,-1381.35,-617.58,-1310.15,-456.975
-1256.0,-412.0,-162.247,1.1318e-06,87.256,-139.519,92.744,-43.3117,-1381.35,-617.58,-1310.13,-458.199
-1254.0,-412.0,-160.345,1.13687e-06,87.2824,-139.809,92.7176,-43.3117,-1381.35,-617.58,-1310.11,-459.399
-1252.0,-412.0,-147.562,9.50262e-07,86.7845,-118.527,93.2155,54.9672,-1393.06,-590.097,-1328.45,-552.64
-1250.0,-412.0,-146.353,9.53429e-07,86.846,-119.153,93.154,54.9672,-1393.06,-590.097,-1328.45,-552.64
-1248.0,-412.0,-144.99,9.5666e-07,86.9074,-119.77,93.0926,54.9672,-1393.06,-590.097,-1328.45,-552.64
-1246.0,-412.0,-143.452,9.59955e-07,86.9685,-120.38,93.0315,54.9672,-1393.06,-590.097,-1328.45,-552.64
-1244.0,-412.0,-141.703,9.63311e-07,87.0294,-120.983,92.9706,54.9672,-1393.06,-590.097,-1328.45,-552.64
-1242.0,-412.0,-139.583,9.66728e-07,87.0901,-121.578,92.9099,54.9672,-1393.06,-590.097,-1328.45,-552.64
-1240.0,-412.0,-136.799,9.70205e-07,87.1505,-122.166,92.8495,54.9672,-1393.06,-590.097,-1328.45,-552.64
-1238.0,-412.0,-132.799,9.73761e-07,87.1855,-122.746,92.8145,54.9672,-1393.06,-590.097,-1328.45,-552.64
-1236.0,-412.0,-126.36,9.77381e-07,87.2124,-123.318,92.7876,54.9672,-1393.06,-590.097,-1328.45,-552.64
-1234.0,-412.0,-122.877,9.81056e-07,87.2393,-123.884,92.7607,54.9672,-1393.06,-590.097,-1328.45,-552.64
-1232.0,-412.0,-130.537,9.84786e-07,87.2662,-124.442,92.7338,54.9672,-1393.06,-590.097,-1328.45,-552.64
-1230.0,-412.0,-140.314,1.08008e-06,87.5225,126.383,92.4775,56.8719,-1393.55,-590.112,-1241.99,-395.724
-1228.0,-412.0,-136.729,1.08403e-06,87.5572,126.759,92.4428,56.8719,-1393.55,-590.112,-1240.23,-395.633
-1226.0,-412.0,-132.431,1.08801e-06,87.5958,127.131,92.4042,56.8719,-1393.55,-590.112,-1238.46,-395.542
-1224.0,-412.0,-127.011,1.09203e-06,87.6342,127.499,92.3658,56.8719,-1393.55,-590.112,-1236.7,-395.452
-1222.0,-412.0,-117.617,1.09608e-06,87.6725,127.821,92.3275,56.7369,-1393.51,-590.111,-1234.92,-395.36
-1220.0,-412.0,-117.171,1.10016e-06,87.7105,128.096,92.2895,56.4622,-1393.44,-590.109,-1233.12,-395.268
-1218.0,-412.0,-116.858,1.10426e-06,87.7581,128.368,92.2419,56.1894,-1393.37,-590.107,-1231.32,-395.176
-1216.0,-412.0,-116.652,1.10838e-06,87.8102,128.639,92.1898,55.9188,-1393.31,-590.105,-1229.52,-395.083
-1214.0,-412.0,-116.266,1.0367e-06,87.7054,-133.307,92.2946,-41.4766,-1380.17,-617.53,-1357.37,-564.106
-1212.0,-412.0,0.0,0.0,0.0,0.0,0.0,0.0,0.0,0.0,0.0,0.0
-1210.0,-412.0,0.0,0.0,0.0,0.0,0.0,0.0,0.0,0.0,0.0,0.0
-1208.0,-412.0,0.0,0.0,0.0,0.0,0.0,0.0,0.0,0.0,0.0,0.0
-1206.0,-412.0,0.0,0.0,0.0,0.0,0.0,0.0,0.0,0.0,0.0,0.0
-1204.0,-412.0,0.0,0.0,0.0,0.0,0.0,0.0,0.0,0.0,0.0,0.0
-1202.0,-412.0,0.0,0.0,0.0,0.0,0.0,0.0,0.0,0.0,0.0,0.0
-1600.0,-410.0,-141.479,1.32474e-06,88.8154,-46.625,91.1846,129.985,-1425.61,-569.467,-1531.89,-482.089
-1598.0,-410.0,-144.176,1.32016e-06,88.8235,-46.894,91.1765,129.985,-1425.61,-569.467,-1530.59,-482.02
-1596.0,-410.0,-144.901,1.31561e-06,88.8294,-47.1654,91.1706,129.985,-1425.61,-569.467,-1529.29,-481.951
-1594.0,-410.0,-144.947,1.31109e-06,88.8254,-47.4391,91.1746,129.985,-1425.61,-569.467,-1527.99,-481.882
-1592.0,-410.0,-144.961,1.30658e-06,88.8214,-47.7153,91.1786,129.985,-1425.61,-569.467,-1526.69,-481.813
-1590.0,-410.0,-145.116,1.30211e-06,88.8173,-47.994,91.1827,129.985,-1425.61,-569.467,-1525.39,-481.744
-1588.0,-410.0,-145.407,1.29766e-06,88.8132,-48.2751,91.1868,129.985,-1425.61,-569.467,-1524.08,-481.674
-1586.0,-410.0,-145.799,1.29323e-06,88.8092,-48.5587,91.1908,129.985,-1425.61,-569.467,-1522.78,-481.605
-1584.0,-410.0,-146.259,1.28883e-06,88.8001,-48.8448,91.1999,129.985,-1425.61,-569.467,-1521.47,-481.536
-1582.0,-410.0,-146.764,1.28445e-06,88.7834,-49.1334,91.2166,129.985,-1425.61,-569.467,-1520.17,-481.466
-1580.0,-410.0,-147.303,1.28011e-06,88.7667,-49.4245,91.2333,129.985,-1425.61,-569.467,-1518.86,-481.397
-1578.0,-410.0,-147.869,1.27579e-06,88.7499,-49.7182,91.2501,129.985,-1425.61,-569.467,-1517.55,-481.327
-1576.0,-410.0,-162.148,1.10014e-06,88.5355,32.2878,91.4645,130.461,-1425.59,-569.992,-1544.75,-390.252
-1574.0,-410.0,-161.981,1.09453e-06,88.5133,33.0063,91.4867,130.461,-1425.59,-569.992,-1543.57,-390.231
-1572.0,-410.0,-162.433,1.08896e-06,88.5,33.7536,91.5,130.461,-1425.59,-569.992,-1542.39,-390.211
-1570.0,-410.0,-164.649,1.08344e-06,88.4924,34.5313,91.5076,130.461,-1425.59,-569.992,-1541.21,-390.19
-1568.0,-410.0,-164.659,1.07797e-06,88.4847,35.3409,91.5153,130.461,-1425.59,-569.992,-1540.03,-390.169
-1566.0,-410.0,-160.646,1.07255e-06,88.4771,36.1841,91.5229,130.461,-1425.59,-569.992,-1538.86,-390.148
-1564.0,-410.0,-158.596,1.0672e-06,88.4694,37.0627,91.5306,130.461,-1425.59,-569.992,-1537.69,-390.127
-1562.0,-410.0,-157.31,1.06191e-06,88.4618,37.9785,91.5382,130.461,-1425.59,-569.992,-1536.52,-390.107
-1560.0,-410.0,-156.272,1.05668e-06,88.4542,38.9333,91.5458,130.461,-1425.59,-569.992,-1535.35,-390.086
-1558.0,-410.0,-155.381,1.05153e-06,88.4466,39.9293,91.5534,130.461,-1425.59,-569.992,-1534.18,-390.065
-1556.0,-410.0,-154.829,1.04646e-06,88.4391,40.9684,91.5609,130.461,-1425.59,-569.992,-1533.02,-390.045
-1554.0,-410.0,-155.799,1.04146e-06,88.4316,42.0527,91.5684,130.461,-1425.59,-569.992,-1531.86,-390.024
-1552.0,-410.0,-158.445,1.03655e-06,88.4242,43.1846,91.5758,130.461,-1425.59,-569.992,-1530.69,-390.004
-1550.0,-410.0,-146.224,1.06216e-06,88.4622,-48.7737,91.5378,129.985,-1425.61,-569.467,-1544.61,-416.151
-1548.0,-410.0,-147.987,1.02701e-06,88.4095,45.5999,91.5905,130.461,-1425.59,-569.992,-1528.38,-389.963
-1546.0,-410.0,-144.944,1.0224e-06,88.4024,46.8878,91.5976,130.461,-1425.59,-569.992,-1527.22,-389.942
-1544.0,-410.0,-141.361,1.0179e-06,88.3953,48.2323,91.6047,130.461,-1425.59,-569.992,-1526.07,-389.922
-1542.0,-410.0,-136.472,1.01352e-06,88.3883,49.6356,91.6117,130.461,-1425.59,-569.992,-1524.92,-389.902
-1540.0,-410.0,-123.207,1.00926e-06,88.3815,50.837,91.6185,130.397,-1425.6,-569.922,-1523.61,-389.878
-1538.0,-410.0,-122.069,1.00506e-06,88.3748,51.1321,91.6252,130.102,-1425.6,-569.597,-1521.76,-389.846
-1536.0,-410.0,-135.717,1.00092e-06,88.3681,52.2522,91.6319,130.064,-1425.6,-569.555,-1520.38,-389.821
-1534.0,-410.0,-140.732,9.96894e-07,88.3615,53.5313,91.6385,130.064,-1425.6,-569.555,-1519.07,-389.798
-1532.0,-410.0,-144.296,9.92991e-07,88.355,54.8541,91.645,130.064,-1425.6,-569.555,-1517.76,-389.775
-1530.0,-410.0,-147.351,9.89216e-07,88.3487,56.2213,91.6513,130.064,-1425.6,-569.555,-1516.46,-389.752
-1528.0,-410.0,-151.705,9.85576e-07,88.3426,57.6335,91.6574,130.064,-1425.6,-569.555,-1515.15,-389.729
-1526.0,-410.0,-152.606,9.83788e-07,88.3396,63.195,91.6604,130.461,-1425.59,-569.992,-1515.76,-389.74
-1524.0,-410.0,-152.622,8.76531e-07,88.1364,60.7699,91.8636,111.97,-1429.78,-526.194,-1512.63,-389.684
-1522.0,-410.0,-155.053,9.75529e-07,88.3256,62.1444,91.6744,130.064,-1425.6,-569.555,-1511.25,-389.66
-1520.0,-410.0,-155.905,9.72494e-07,88.3203,63.7394,91.6797,130.064,-1425.6,-569.555,-1509.95,-389.637
-1518.0,-410.0,-123.422,1.19972e-06,88.6385,70.2115,91.3615,108.782,-1459.6,-424.757,-1510.68,-389.65
-1516.0,-410.0,-122.291,1.19747e-06,88.636,70.512,91.364,108.481,-1458.58,-424.73,-1508.79,-389.616
-1514.0,-410.0,-121.383,1.19527e-06,88.6335,70.8137,91.3665,108.18,-1457.57,-424.703,-1506.9,-389.583
-1512.0,-410.0,-152.899,8.49359e-07,88.0768,-27.5463,91.9232,130.461,-1425.59,-569.992,-1501.64,-415.406
-1510.0,-410.0,-148.071,8.43589e-07,88.0636,-32.8747,91.9364,130.461,-1425.59,-569.992,-1501.64,-415.406
-1508.0,-410.0,-141.049,8.38224e-07,88.0512,-40.344,91.9488,130.461,-1425.59,-569.992,-1501.64,-415.406
-1506.0,-410.0,-128.375,8.33546e-07,88.0403,-51.083,91.9597,130.461,-1425.59,-569.992,-1501.64,-415.406
-1504.0,-410.0,-119.416,8.29151e-07,88.0299,-49.3266,91.9701,130.064,-1425.6,-569.555,-1490.61,-425.583
-1502.0,-410.0,-116.145,1.0538e-06,88.45,-68.2749,91.55,108.692,-1459.29,-424.749,-1474.49,-479.038
-1500.0,-410.0,-115.861,1.05135e-06,88.4464,-68.6129,91.5536,108.354,-1458.15,-424.718,-1472.99,-478.959
-1498.0,-410.0,-115.64,1.04893e-06,88.4428,-68.9525,91.5572,108.015,-1457.01,-424.688,-1471.49,-478.879
-1496.0,-410.0,-137.151,8.36334e-07,88.0468,-125.717,91.9532,130.895,-1425.58,-570.461,-1501.59,-417.779
-1494.0,-410.0,-117.235,1.05627e-06,88.4536,-110.094,91.5464,109.117,-1460.73,-424.787,-1498.98,-423.618
-1492.0,-410.0,-117.796,1.05858e-06,88.457,-110.433,91.543,109.456,-1461.88,-424.818,-1498.89,-428.505
-1490.0,-410.0,0.0,0.0,0.0,0.0,0.0,0.0,0.0,0.0,0.0,0.0
-1488.0,-410.0,-186.606,9.84938e-07,88.3416,99.5429,91.6584,132.426,-1425.55,-572.049,-1491.7,-388.013
-1486.0,-410.0,-160.18,9.79126e-07,88.3317,103.296,91.6683,130.895,-1425.58,-570.461,-1491.2,-388.013
-1484.0,-410.0,0.0,0.0,0.0,0.0,0.0,0.0,0.0,0.0,0.0,0.0
-1482.0,-410.0,0.0,0.0,0.0,0.0,0.0,0.0,0.0,0.0,0.0,0.0
-1480.0,-410.0,0.0,0.0,0.0,0.0,0.0,0.0,0.0,0.0,0.0,0.0
-1478.0,-410.0,0.0,0.0,0.0,0.0,0.0,0.0,0.0,0.0,0.0,0.0
-1476.0,-410.0,0.0,0.0,0.0,0.0,0.0,0.0,0.0,0.0,0.0,0.0
-1474.0,-410.0,0.0,0.0,0.0,0.0,0.0,0.0,0.0,0.0,0.0,0.0
-1472.0,-410.0,0.0,0.0,0.0,0.0,0.0,0.0,0.0,0.0,0.0,0.0
-1470.0,-410.0,0.0,0.0,0.0,0.0,0.0,0.0,0.0,0.0,0.0,0.0
-1468.0,-410.0,0.0,0.0,0.0,0.0,0.0,0.0,0.0,0.0,0.0,0.0
-1466.0,-410.0,0.0,0.0,0.0,0.0,0.0,0.0,0.0,0.0,0.0,0.0
-1464.0,-410.0,0.0,0.0,0.0,0.0,0.0,0.0,0.0,0.0,0.0,0.0
-1462.0,-410.0,0.0,0.0,0.0,0.0,0.0,0.0,0.0,0.0,0.0,0.0
-1460.0,-410.0,0.0,0.0,0.0,0.0,0.0,0.0,0.0,0.0,0.0,0.0
-1458.0,-410.0,0.0,0.0,0.0,0.0,0.0,0.0,0.0,0.0,0.0,0.0
-1456.0,-410.0,0.0,0.0,0.0,0.0,0.0,0.0,0.0,0.0,0.0,0.0
-1454.0,-410.0,0.0,0.0,0.0,0.0,0.0,0.0,0.0,0.0,0.0,0.0
-1452.0,-410.0,0.0,0.0,0.0,0.0,0.0,0.0,0.0,0.0,0.0,0.0
-1450.0,-410.0,0.0,0.0,0.0,0.0,0.0,0.0,0.0,0.0,0.0,0.0
-1448.0,-410.0,0.0,0.0,0.0,0.0,0.0,0.0,0.0,0.0,0.0,0.0
-1446.0,-410.0,0.0,0.0,0.0,0.0,0.0,0.0,0.0,0.0,0.0,0.0
-1444.0,-410.0,0.0,0.0,0.0,0.0,0.0,0.0,0.0,0.0,0.0,0.0
-1442.0,-410.0,0.0,0.0,0.0,0.0,0.0,0.0,0.0,0.0,0.0,0.0
-1440.0,-410.0,0.0,0.0,0.0,0.0,0.0,0.0,0.0,0.0,0.0,0.0
-1438.0,-410.0,0.0,0.0,0.0,0.0,0.0,0.0,0.0,0.0,0.0,0.0
-1436.0,-410.0,0.0,0.0,0.0,0.0,0.0,0.0,0.0,0.0,0.0,0.0
-1434.0,-410.0,0.0,0.0,0.0,0.0,0.0,0.0,0.0,0.0,0.0,0.0
-1432.0,-410.0,0.0,0.0,0.0,0.0,0.0,0.0,0.0,0.0,0.0,0.0
-1430.0,-410.0,0.0,0.0,0.0,0.0,0.0,0.0,0.0,0.0,0.0,0.0
-1428.0,-410.0,0.0,0.0,0.0,0.0,0.0,0.0,0.0,0.0,0.0,0.0
-1426.0,-410.0,0.0,0.0,0.0,0.0,0.0,0.0,0.0,0.0,0.0,0.0
-1424.0,-410.0,0.0,0.0,0.0,0.0,0.0,0.0,0.0,0.0,0.0,0.0
-1422.0,-410.0,0.0,0.0,0.0,0.0,0.0,0.0,0.0,0.0,0.0,0.0
-1420.0,-410.0,-158.072,9.812e-07,87.9539,5.58661,92.0461,129.985,-1425.61,-569.467,-1393.03,-407.362
-1418.0,-410.0,-157.923,9.74568e-07,87.9314,5.64077,92.0686,129.985,-1425.61,-569.467,-1392.95,-407.526
-1416.0,-410.0,-157.776,9.67932e-07,87.9172,5.69598,92.0828,129.985,-1425.61,-569.467,-1392.87,-407.693
-1414.0,-410.0,-153.251,1.36489e-06,86.1909,-105.406,88.5673,105.085,-1447.32,-424.43,-1446.13,-526.585
-1412.0,-410.0,-153.161,1.36667e-06,86.1964,-105.676,88.569,105.355,-1448.21,-424.453,-1444.71,-526.551
-1410.0,-410.0,-155.902,7.37486e-07,87.2659,-122.43,92.7341,111.97,-1429.78,-526.194,-1459.83,-488.429
-1408.0,-410.0,-155.481,7.41094e-07,87.2792,-123.109,92.7208,111.97,-1429.78,-526.194,-1459.78,-489.398
-1406.0,-410.0,-155.51,7.44773e-07,87.2833,-123.779,92.7167,111.97,-1429.78,-526.194,-1459.73,-490.323
-1404.0,-410.0,-155.714,7.48525e-07,87.2753,-124.438,92.7247,111.97,-1429.78,-526.194,-1459.68,-491.205
-1402.0,-410.0,-123.061,8.62815e-07,87.6177,-129.347,92.3823,134.638,-1425.5,-574.18,-1460.22,-481.016
-1400.0,-410.0,-119.949,8.67069e-07,87.6108,-129.688,92.3892,134.98,-1425.49,-574.494,-1460.15,-482.475
-1398.0,-410.0,-117.708,8.71354e-07,87.604,-130.026,92.396,135.318,-1425.48,-574.8,-1460.07,-483.903
-1396.0,-410.0,-116.231,8.75669e-07,87.5974,-130.361,92.4026,135.652,-1425.47,-575.099,-1460.0,-485.298
-1394.0,-410.0,-115.277,8.80021e-07,87.5792,-130.692,92.4208,135.984,-1425.47,-575.393,-1459.92,-486.663
-1392.0,-410.0,-149.317,8.85671e-07,87.5582,-132.322,92.4418,129.101,-1425.63,-568.463,-1460.03,-484.703
-1390.0,-410.0,-178.038,8.29347e-07,87.3533,-134.496,92.6467,88.0382,-1397.7,-532.824,-1460.2,-481.447
-1388.0,-410.0,0.0,0.0,0.0,0.0,0.0,0.0,0.0,0.0,0.0,0.0
-1386.0,-410.0,0.0,0.0,0.0,0.0,0.0,0.0,0.0,0.0,0.0,0.0
-1384.0,-410.0,0.0,0.0,0.0,0.0,0.0,0.0,0.0,0.0,0.0,0.0
-1382.0,-410.0,-157.618,1.5683e-06,88.5183,37.891,91.4817,-43.3117,-1381.35,-617.58,-1335.03,-373.444
-1380.0,-410.0,-157.478,1.56306e-06,88.4927,38.074,91.5073,-43.3117,-1381.35,-617.58,-1333.29,-373.411
-1378.0,-410.0,-157.389,1.55783e-06,88.4669,38.2585,91.5331,-43.3117,-1381.35,-617.58,-1331.56,-373.378
-1376.0,-410.0,-157.36,1.55261e-06,88.441,38.4445,91.559,-43.3117,-1381.35,-617.58,-1329.83,-373.345
-1374.0,-410.0,-157.404,1.54741e-06,88.4149,38.6321,91.5851,-43.3117,-1381.35,-617.58,-1328.09,-373.312
-1372.0,-410.0,-157.541,1.54222e-06,88.3886,38.8212,91.6114,-43.3117,-1381.35,-617.58,-1326.36,-373.279
-1370.0,-410.0,-157.791,1.53703e-06,88.3788,39.0118,91.6212,-43.3117,-1381.35,-617.58,-1324.63,-373.246
-1368.0,-410.0,-173.247,1.41297e-06,88.2364,-60.5533,91.7636,-2.76158,-1239.86,-607.725,-1326.77,-483.04
-1366.0,-410.0,-172.979,1.40971e-06,88.2323,-60.9343,91.7677,-2.76158,-1239.86,-607.725,-1325.42,-483.013
-1364.0,-410.0,-172.831,1.40649e-06,88.2283,-61.318,91.7717,-2.76158,-1239.86,-607.725,-1324.07,-482.985
-1362.0,-410.0,-169.272,1.67975e-06,88.5165,-75.8233,91.4835,-14.6085,-1339.34,-615.81,-1329.2,-539.827
-1360.0,-410.0,-169.345,1.67816e-06,88.5151,-76.656,91.4849,-14.6085,-1339.34,-615.81,-1329.2,-539.827
-1358.0,-410.0,-169.449,1.67667e-06,88.5138,-77.4945,91.4862,-14.6085,-1339.34,-615.81,-1329.2,-539.827
-1356.0,-410.0,-169.588,1.67527e-06,88.5126,-78.3384,91.4874,-14.6085,-1339.34,-615.81,-1329.2,-539.827
-1354.0,-410.0,-169.762,1.67397e-06,88.5114,-79.1876,91.4886,-14.6085,-1339.34,-615.81,-1329.2,-539.827
-1352.0,-410.0,-169.972,1.67277e-06,88.5104,-80.0415,91.4896,-14.6085,-1339.34,-615.81,-1329.2,-539.827
-1350.0,-410.0,-170.214,1.67166e-06,88.5094,-80.8999,91.4906,-14.6085,-1339.34,-615.81,-1329.2,-539.827
-1348.0,-410.0,-173.271,1.41794e-06,88.2426,90.0305,91.7574,-43.3117,-1381.35,-617.58,-1348.05,-321.669
-1346.0,-410.0,-174.91,9.72272e-07,87.4208,-149.984,92.5792,113.553,-1429.64,-532.017,-1375.55,-427.07
-1344.0,-410.0,-175.119,9.78067e-07,87.4196,-150.323,92.5804,113.553,-1429.64,-532.017,-1375.54,-427.971
-1342.0,-410.0,-175.525,9.83881e-07,87.4184,-150.655,92.5816,113.553,-1429.64,-532.017,-1375.53,-428.849
-1340.0,-410.0,-173.491,1.41857e-06,88.1984,91.9137,91.8016,-43.3117,-1381.35,-617.58,-1342.95,-321.613
-1338.0,-410.0,-173.774,1.49801e-06,88.2832,72.0015,91.7168,-2.76158,-1239.86,-607.725,-1326.07,-373.273
-1336.0,-410.0,-173.233,1.49597e-06,88.2701,72.3802,91.7299,-2.76158,-1239.86,-607.725,-1324.32,-373.24
-1334.0,-410.0,-167.078,2.20601e-06,88.8262,-24.5002,91.1738,-14.8341,-1340.17,-615.845,-1210.06,-466.485
-1332.0,-410.0,-166.882,2.19994e-06,88.823,-24.6695,91.177,-14.8341,-1340.17,-615.845,-1210.07,-466.001
-1330.0,-410.0,-166.693,2.19388e-06,88.8198,-24.8411,91.1802,-14.8341,-1340.17,-615.845,-1210.09,-465.509
-1328.0,-410.0,-166.513,2.18783e-06,88.8165,-25.0149,91.1835,-14.8341,-1340.17,-615.845,-1210.11,-465.009
-1326.0,-410.0,-166.34,2.18179e-06,88.8132,-25.1911,91.1868,-14.8341,-1340.17,-615.845,-1210.13,-464.502
-1324.0,-410.0,-166.175,2.17576e-06,88.8084,-25.3695,91.1916,-14.8341,-1340.17,-615.845,-1210.15,-463.985
-1322.0,-410.0,-166.018,2.16975e-06,88.7902,-25.5503,91.2098,-14.8341,-1340.17,-615.845,-1210.17,-463.461
-1320.0,-410.0,-165.87,2.16374e-06,88.772,-25.7336,91.228,-14.8341,-1340.17,-615.845,-1210.19,-462.927
-1318.0,-410.0,-165.733,2.15775e-06,88.7536,-25.9193,91.2464,-14.8341,-1340.17,-615.845,-1210.21,-462.384
-1316.0,-410.0,-165.607,2.15177e-06,88.7351,-26.1075,91.2649,-14.8341,-1340.17,-615.845,-1210.23,-461.833
-1314.0,-410.0,-165.493,2.14579e-06,88.7166,-26.2983,91.2834,-14.8341,-1340.17,-615.845,-1210.25,-461.271
-1312.0,-410.0,-165.395,2.13983e-06,88.6979,-26.4917,91.3021,-14.8341,-1340.17,-615.845,-1210.27,-460.7
-1310.0,-410.0,-165.315,2.13388e-06,88.6791,-26.6877,91.3209,-14.8341,-1340.17,-615.845,-1210.3,-460.119
-1308.0,-410.0,-167.987,1.23381e-06,87.6889,-70.9845,92.3111,-2.76158,-1239.86,-607.725,-1239.86,-607.725
-1306.0,-410.0,-167.8,1.23168e-06,87.6587,-71.5041,92.3413,-2.76158,-1239.86,-607.725,-1239.86,-607.725
-1304.0,-410.0,-167.654,1.22962e-06,87.6285,-72.0269,92.3715,-2.76158,-1239.86,-607.725,-1239.86,-607.725
-1302.0,-410.0,-152.208,1.63547e-06,88.1975,47.9406,91.8025,-43.3117,-1381.35,-617.58,-1235.58,-336.385
-1300.0,-410.0,-151.795,1.63084e-06,88.1751,47.9467,91.8249,-43.396,-1381.4,-617.583,-1233.57,-336.354
-1298.0,-410.0,-151.798,1.62639e-06,88.1602,48.1478,91.8398,-43.396,-1381.4,-617.583,-1232.01,-336.331
-1296.0,-410.0,-148.024,1.26281e-06,87.6174,-33.2489,92.3826,-35.9954,-1376.1,-617.359,-1210.06,-466.341
-1294.0,-410.0,-147.399,1.25726e-06,87.594,-33.4568,92.406,-35.9954,-1376.1,-617.359,-1210.1,-465.444
-1292.0,-410.0,-146.785,1.25171e-06,87.5705,-33.667,92.4295,-35.9954,-1376.1,-617.359,-1210.13,-464.532
-1290.0,-410.0,-146.178,1.24618e-06,87.5467,-33.8796,92.4533,-35.9954,-1376.1,-617.359,-1210.16,-463.606
-1288.0,-410.0,-145.573,1.24066e-06,87.5228,-34.0945,92.4772,-35.9954,-1376.1,-617.359,-1210.2,-462.663
-1286.0,-410.0,-144.966,1.23516e-06,87.4987,-34.3119,92.5013,-35.9954,-1376.1,-617.359,-1210.24,-461.705
-1284.0,-410.0,-153.449,1.16099e-06,87.3248,-35.7203,92.6752,-43.3117,-1381.35,-617.58,-1210.18,-463.081
-1282.0,-410.0,-153.373,1.1556e-06,87.2984,-35.9754,92.7016,-43.3117,-1381.35,-617.58,-1210.22,-462.103
-1280.0,-410.0,-167.551,1.20942e-06,87.4053,-78.5238,92.5947,-2.76158,-1239.86,-607.725,-1239.86,-607.725
-1278.0,-410.0,-167.664,1.20814e-06,87.3892,-79.0815,92.6108,-2.76158,-1239.86,-607.725,-1239.86,-607.725
-1276.0,-410.0,-167.798,1.20692e-06,87.3786,-79.6413,92.6214,-2.76158,-1239.86,-607.725,-1239.86,-607.725
-1274.0,-410.0,-182.176,9.83631e-07,86.783,-100.312,93.217,35.7331,-1385.93,-589.879,-1306.24,-587.164
-1272.0,-410.0,-181.841,9.8486e-07,86.787,-100.937,93.213,35.7331,-1385.93,-589.879,-1306.24,-587.164
-1270.0,-410.0,-154.385,1.03617e-06,84.0977,-113.877,85.2925,-60.0287,-1389.66,-617.93,-1361.52,-616.744
-1268.0,-410.0,-182.049,9.8753e-07,86.7957,-102.179,93.2043,35.7331,-1385.93,-589.879,-1306.24,-587.164
-1266.0,-410.0,-182.157,9.8897e-07,86.8004,-102.795,93.1996,35.7331,-1385.93,-589.879,-1306.24,-587.164
-1264.0,-410.0,-182.147,9.90475e-07,86.8113,-103.409,93.1887,35.7331,-1385.93,-589.879,-1306.24,-587.164
-1262.0,-410.0,-166.851,1.07152e-06,87.0678,-109.426,92.9322,54.9672,-1393.06,-590.097,-1319.75,-573.737
-1260.0,-410.0,-168.726,1.07375e-06,87.0889,-109.975,92.9111,54.9672,-1393.06,-590.097,-1319.51,-573.731
-1258.0,-410.0,-169.795,1.07604e-06,87.1102,-110.519,92.8898,54.9672,-1393.06,-590.097,-1319.28,-573.725
-1256.0,-410.0,-167.94,1.0784e-06,87.1315,-111.06,92.8685,54.9672,-1393.06,-590.097,-1319.04,-573.719
-1254.0,-410.0,-149.266,9.53031e-07,86.7707,-117.561,93.2293,54.9672,-1393.06,-590.097,-1328.45,-552.64
-1252.0,-410.0,-148.251,9.56113e-07,86.8171,-118.189,93.1829,54.9672,-1393.06,-590.097,-1328.45,-552.64
-1250.0,-410.0,-147.129,9.59246e-07,86.8781,-118.81,93.1219,54.9672,-1393.06,-590.097,-1328.45,-552.64
-1248.0,-410.0,-145.874,9.62443e-07,86.9389,-119.423,93.0611,54.9672,-1393.06,-590.097,-1328.45,-552.64
-1246.0,-410.0,-144.457,9.65703e-07,86.9994,-120.029,93.0006,54.9672,-1393.06,-590.097,-1328.45,-552.64
-1244.0,-410.0,-142.864,9.69024e-07,87.0597,-120.627,92.9403,54.9672,-1393.06,-590.097,-1328.45,-552.64
-1242.0,-410.0,-141.021,9.72406e-07,87.1198,-121.218,92.8802,54.9672,-1393.06,-590.097,-1328.45,-552.64
-1240.0,-410.0,-138.72,9.75862e-07,87.1623,-121.802,92.8377,54.9672,-1393.06,-590.097,-1328.45,-552.64
-1238.0,-410.0,-135.619,9.7939e-07,87.189,-122.379,92.811,54.9672,-1393.06,-590.097,-1328.45,-552.64
-1236.0,-410.0,-131.016,9.82973e-07,87.2157,-122.948,92.7843,54.9672,-1393.06,-590.097,-1328.45,-552.64
-1234.0,-410.0,-123.464,9.86612e-07,87.2424,-123.51,92.7576,54.9672,-1393.06,-590.097,-1328.45,-552.64
-1232.0,-410.0,-125.87,9.90306e-07,87.269,-124.065,92.731,54.9672,-1393.06,-590.097,-1328.45,-552.64
-1230.0,-410.0,-137.596,1.07473e-06,87.4987,126.663,92.5013,56.8719,-1393.55,-590.112,-1240.68,-395.656
-1228.0,-410.0,-133.482,1.07871e-06,87.5336,127.04,92.4664,56.8719,-1393.55,-590.112,-1238.89,-395.565
-1226.0,-410.0,-128.382,1.08272e-06,87.5726,127.413,92.4274,56.8719,-1393.55,-590.112,-1237.11,-395.473
-1224.0,-410.0,-117.666,1.08676e-06,87.6114,127.759,92.3886,56.7992,-1393.53,-590.112,-1235.32,-395.381
-1222.0,-410.0,-117.185,1.09083e-06,87.6499,128.036,92.3501,56.5218,-1393.46,-590.11,-1233.51,-395.288
-1220.0,-410.0,-116.844,1.09493e-06,87.6882,128.311,92.3118,56.2465,-1393.39,-590.108,-1231.7,-395.195
-1218.0,-410.0,-116.616,1.09905e-06,87.7263,128.584,92.2737,55.9733,-1393.32,-590.105,-1229.89,-395.102
-1216.0,-410.0,-116.485,1.10319e-06,87.7774,128.856,92.2226,55.7022,-1393.25,-590.103,-1228.08,-395.009
-1214.0,-410.0,-116.437,1.10736e-06,87.8295,129.125,92.1705,55.4331,-1393.18,-590.101,-1226.27,-394.916
-1212.0,-410.0,-116.467,1.11154e-06,87.8813,129.392,92.1187,55.1661,-1393.11,-590.099,-1224.46,-394.824
-1210.0,-410.0,-116.575,1.11576e-06,87.9327,129.657,92.0673,54.9011,-1393.04,-590.097,-1222.66,-394.731
-1208.0,-410.0,-127.002,1.12e-06,87.9838,129.992,92.0162,54.8118,-1393.02,-590.096,-1220.88,-394.64
-1206.0,-410.0,-132.243,1.12427e-06,88.0346,130.36,91.9654,54.8118,-1393.02,-590.096,-1219.13,-394.55
-1204.0,-410.0,-136.193,1.12859e-06,88.06,130.724,91.94,54.8118,-1393.02,-590.096,-1217.38,-394.46
-1202.0,-410.0,-139.285,1.13295e-06,88.0817,131.085,91.9183,54.8118,-1393.02,-590.096,-1215.63,-394.37
-1600.0,-408.0,-144.135,1.32959e-06,88.8383,-46.8768,91.1617,129.985,-1425.61,-569.467,-1530.67,-482.024
-1598.0,-408.0,-144.947,1.32504e-06,88.8465,-47.1457,91.1535,129.985,-1425.61,-569.467,-1529.39,-481.956
-1596.0,-408.0,-145.015,1.32051e-06,88.8431,-47.4169,91.1569,129.985,-1425.61,-569.467,-1528.1,-481.888
-1594.0,-408.0,-145.021,1.31601e-06,88.8392,-47.6904,91.1608,129.985,-1425.61,-569.467,-1526.81,-481.819
-1592.0,-408.0,-145.161,1.31153e-06,88.8352,-47.9664,91.1648,129.985,-1425.61,-569.467,-1525.52,-481.75
-1590.0,-408.0,-145.437,1.30707e-06,88.8313,-48.2448,91.1687,129.985,-1425.61,-569.467,-1524.22,-481.682
-1588.0,-408.0,-145.817,1.30264e-06,88.8273,-48.5256,91.1727,129.985,-1425.61,-569.467,-1522.93,-481.613
-1586.0,-408.0,-146.266,1.29823e-06,88.8233,-48.8089,91.1767,129.985,-1425.61,-569.467,-1521.64,-481.544
-1584.0,-408.0,-146.762,1.29385e-06,88.8143,-49.0947,91.1857,129.985,-1425.61,-569.467,-1520.34,-481.475
-1582.0,-408.0,-147.293,1.2895e-06,88.7978,-49.3829,91.2022,129.985,-1425.61,-569.467,-1519.05,-481.406
-1580.0,-408.0,-147.85,1.28518e-06,88.7812,-49.6737,91.2188,129.985,-1425.61,-569.467,-1517.75,-481.337
-1578.0,-408.0,-148.433,1.28088e-06,88.7645,-49.967,91.2355,129.985,-1425.61,-569.467,-1516.45,-481.268
-1576.0,-408.0,-162.563,1.09662e-06,88.5421,31.1591,91.4579,130.461,-1425.59,-569.992,-1546.7,-390.287
-1574.0,-408.0,-162.118,1.09094e-06,88.5197,31.8639,91.4803,130.461,-1425.59,-569.992,-1545.47,-390.265
-1572.0,-408.0,-161.795,1.08531e-06,88.4972,32.5977,91.5028,130.461,-1425.59,-569.992,-1544.23,-390.243
-1570.0,-408.0,-161.831,1.07971e-06,88.4872,33.3622,91.5128,130.461,-1425.59,-569.992,-1543.0,-390.221
-1568.0,-408.0,-163.052,1.07417e-06,88.4794,34.159,91.5206,130.461,-1425.59,-569.992,-1541.77,-390.2
-1566.0,-408.0,-165.615,1.06867e-06,88.4715,34.9898,91.5285,130.461,-1425.59,-569.992,-1540.54,-390.178
-1564.0,-408.0,-161.679,1.06324e-06,88.4637,35.8565,91.5363,130.461,-1425.59,-569.992,-1539.31,-390.156
-1562.0,-408.0,-158.918,1.05786e-06,88.4559,36.7611,91.5441,130.461,-1425.59,-569.992,-1538.08,-390.134
-1560.0,-408.0,-157.414,1.05255e-06,88.4481,37.7056,91.5519,130.461,-1425.59,-569.992,-1536.86,-390.113
-1558.0,-408.0,-156.28,1.04731e-06,88.4404,38.6922,91.5596,130.461,-1425.59,-569.992,-1535.64,-390.091
-1556.0,-408.0,-155.312,1.04214e-06,88.4326,39.7231,91.5674,130.461,-1425.59,-569.992,-1534.42,-390.07
-1554.0,-408.0,-154.635,1.03705e-06,88.4249,40.8007,91.5751,130.461,-1425.59,-569.992,-1533.2,-390.048
-1552.0,-408.0,-146.67,1.07158e-06,88.4757,-48.7283,91.5243,129.985,-1425.61,-569.467,-1544.84,-416.155
-1550.0,-408.0,-140.333,1.06719e-06,88.4694,-49.0967,91.5306,129.985,-1425.61,-569.467,-1542.96,-416.122
-1548.0,-408.0,-151.48,1.0223e-06,88.4022,44.338,91.5978,130.461,-1425.59,-569.992,-1529.56,-389.984
-1546.0,-408.0,-147.69,1.01758e-06,88.3948,45.6272,91.6052,130.461,-1425.59,-569.992,-1528.35,-389.962
-1544.0,-408.0,-144.499,1.01297e-06,88.3875,46.9757,91.6125,130.461,-1425.59,-569.992,-1527.15,-389.941
-1542.0,-408.0,-140.666,1.00848e-06,88.3803,48.3861,91.6197,130.461,-1425.59,-569.992,-1525.94,-389.92
-1540.0,-408.0,-135.328,1.00411e-06,88.3733,49.8611,91.6267,130.461,-1425.59,-569.992,-1524.74,-389.898
-1538.0,-408.0,-123.049,9.99874e-07,88.3664,50.892,91.6336,130.342,-1425.6,-569.861,-1523.26,-389.872
-1536.0,-408.0,-128.625,9.9568e-07,88.3595,51.2568,91.6405,130.064,-1425.6,-569.555,-1521.43,-389.84
-1534.0,-408.0,-136.931,9.91564e-07,88.3527,52.5476,91.6473,130.064,-1425.6,-569.555,-1520.07,-389.816
-1532.0,-408.0,-141.596,9.87569e-07,88.346,53.8846,91.654,130.064,-1425.6,-569.555,-1518.71,-389.792
-1530.0,-408.0,-145.058,9.83702e-07,88.3395,55.2687,91.6605,130.064,-1425.6,-569.555,-1517.36,-389.768
-1528.0,-408.0,-148.343,9.79971e-07,88.3332,56.7008,91.6668,130.064,-1425.6,-569.555,-1516.01,-389.744
-1526.0,-408.0,-152.145,9.77862e-07,88.3296,62.166,91.6704,130.461,-1425.59,-569.992,-1516.36,-389.75
-1524.0,-408.0,-152.939,9.74853e-07,88.3244,64.2211,91.6756,130.461,-1425.59,-569.992,-1515.18,-389.729
-1522.0,-408.0,-154.827,9.69654e-07,88.3154,61.2901,91.6846,130.064,-1425.6,-569.555,-1511.96,-389.672
-1520.0,-408.0,-155.216,9.66533e-07,88.31,62.9182,91.69,130.064,-1425.6,-569.555,-1510.62,-389.649
-1518.0,-408.0,-123.844,1.19344e-06,88.6314,70.103,91.3686,108.89,-1459.96,-424.767,-1511.36,-389.662
-1516.0,-408.0,-122.616,1.19119e-06,88.6288,70.4049,91.3712,108.588,-1458.94,-424.739,-1509.46,-389.628
-1514.0,-408.0,-121.628,1.18897e-06,88.6262,70.7079,91.3738,108.285,-1457.92,-424.712,-1507.56,-389.595
-1512.0,-408.0,-147.733,8.52857e-07,88.0846,-35.5477,91.9154,130.461,-1425.59,-569.992,-1501.64,-415.406
-1510.0,-408.0,-140.886,8.47633e-07,88.0728,-41.5215,91.9272,130.461,-1425.59,-569.992,-1501.64,-415.406
-1508.0,-408.0,-121.733,8.4294e-07,88.0621,-49.3242,91.9379,130.461,-1425.59,-569.992,-1501.64,-415.406
-1506.0,-408.0,-120.973,8.38559e-07,88.052,-48.8034,91.948,130.064,-1425.6,-569.555,-1490.61,-425.583
-1504.0,-408.0,-116.409,1.06247e-06,88.4626,-68.0738,91.5374,108.893,-1459.97,-424.767,-1475.39,-479.086
-1502.0,-408.0,-116.083,1.06e-06,88.459,-68.4085,91.541,108.559,-1458.84,-424.737,-1473.9,-479.007
-1500.0,-408.0,-115.827,1.05756e-06,88.4555,-68.7448,91.5445,108.222,-1457.71,-424.707,-1472.41,-478.928
-1498.0,-408.0,-115.629,1.05516e-06,88.452,-69.0826,91.548,107.884,-1456.58,-424.676,-1470.92,-478.849
-1496.0,-408.0,-130.345,8.41409e-07,88.0586,-127.265,91.9414,130.461,-1425.59,-569.992,-1501.64,-415.406
-1494.0,-408.0,-127.36,8.47565e-07,88.0727,-47.5935,91.9273,130.895,-1425.58,-570.461,-1490.99,-411.3
-1492.0,-408.0,-117.629,1.06484e-06,88.466,-110.308,91.534,109.331,-1461.46,-424.806,-1498.93,-426.716
-1490.0,-408.0,-141.189,8.4344e-07,88.0632,-124.58,91.9368,130.895,-1425.58,-570.461,-1499.03,-421.095
-1488.0,-408.0,-156.695,8.6212e-07,88.1052,-151.49,91.8948,130.461,-1425.59,-569.992,-1501.64,-415.406
-1486.0,-408.0,-159.797,9.72641e-07,88.3206,103.778,91.6794,130.895,-1425.58,-570.461,-1490.9,-388.013
-1484.0,-408.0,-159.316,9.74344e-07,88.3235,105.796,91.6765,130.895,-1425.58,-570.461,-1489.65,-388.013
-1482.0,-408.0,-159.401,9.7627e-07,88.3268,107.775,91.6732,130.895,-1425.58,-570.461,-1488.41,-388.013
-1480.0,-408.0,-156.9,9.84083e-07,88.3401,114.53,91.6599,130.461,-1425.59,-569.992,-1489.12,-388.013
-1478.0,-408.0,-154.541,9.86957e-07,88.345,116.499,91.655,130.461,-1425.59,-569.992,-1487.96,-388.013
-1476.0,-408.0,-153.624,9.90032e-07,88.3501,118.403,91.6499,130.461,-1425.59,-569.992,-1486.81,-388.013
-1474.0,-408.0,-154.348,9.933e-07,88.3555,120.241,91.6445,130.461,-1425.59,-569.992,-1485.65,-388.014
-1472.0,-408.0,-156.085,9.89008e-07,88.3484,116.976,91.6516,130.895,-1425.58,-570.461,-1482.17,-388.014
-1470.0,-408.0,-150.112,1.00037e-06,88.3672,123.719,91.6328,130.461,-1425.59,-569.992,-1483.34,-388.014
-1468.0,-408.0,-145.867,1.00415e-06,88.3733,125.36,91.6267,130.461,-1425.59,-569.992,-1482.18,-388.014
-1466.0,-408.0,-141.631,1.00809e-06,88.3797,126.936,91.6203,130.461,-1425.59,-569.992,-1481.03,-388.015
-1464.0,-408.0,-134.259,1.01217e-06,88.3862,128.45,91.6138,130.461,-1425.59,-569.992,-1479.87,-388.015
-1462.0,-408.0,-139.772,1.01638e-06,88.3929,129.903,91.6071,130.461,-1425.59,-569.992,-1478.71,-388.015
-1460.0,-408.0,-144.393,1.02072e-06,88.3997,131.297,91.6003,130.461,-1425.59,-569.992,-1477.56,-388.015
-1458.0,-408.0,-146.596,1.02518e-06,88.4067,132.634,91.5933,130.461,-1425.59,-569.992,-1476.4,-388.015
-1456.0,-408.0,-149.174,1.02976e-06,88.4138,133.916,91.5862,130.461,-1425.59,-569.992,-1475.24,-388.016
-1454.0,-408.0,-151.612,1.03444e-06,88.4071,135.144,91.5929,130.461,-1425.59,-569.992,-1474.09,-388.016
-1452.0,-408.0,-154.44,1.03923e-06,88.3989,136.322,91.6011,130.461,-1425.59,-569.992,-1472.93,-388.016
-1450.0,-408.0,-159.975,1.0441e-06,88.3909,137.452,91.6091,130.461,-1425.59,-569.992,-1471.77,-388.016
-1448.0,-408.0,-161.165,1.04907e-06,88.3831,138.535,91.6169,130.461,-1425.59,-569.992,-1470.61,-388.017
-1446.0,-408.0,-158.585,1.05412e-06,88.3756,139.573,91.6244,130.461,-1425.59,-569.992,-1469.46,-388.017
-1444.0,-408.0,-158.572,1.05924e-06,88.3682,140.569,91.6318,130.461,-1425.59,-569.992,-1468.3,-388.017
-1442.0,-408.0,-159.189,1.06444e-06,88.356,141.525,91.644,130.461,-1425.59,-569.992,-1467.14,-388.017
-1440.0,-408.0,-160.0,1.06971e-06,88.3339,142.442,91.6661,130.461,-1425.59,-569.992,-1465.99,-388.017
-1438.0,-408.0,-160.958,1.07505e-06,88.3121,143.323,91.6879,130.461,-1425.59,-569.992,-1464.83,-388.018
-1436.0,-408.0,-162.245,1.08044e-06,88.2907,144.168,91.7093,130.461,-1425.59,-569.992,-1463.67,-388.018
-1434.0,-408.0,-162.376,1.01277e-06,85.6679,82.3207,82.469,87.7811,-1397.57,-537.187,-1426.76,-354.279
-1432.0,-408.0,-162.894,1.01195e-06,85.5812,82.7281,82.7355,87.9231,-1397.64,-534.85,-1425.14,-354.259
-1430.0,-408.0,-163.316,9.00214e-07,87.8594,-0.106828,92.1406,111.97,-1429.78,-526.194,-1392.69,-408.07
-1428.0,-408.0,-163.231,8.93555e-07,87.8254,-0.107964,92.1746,111.97,-1429.78,-526.194,-1392.69,-408.067
-1426.0,-408.0,-163.145,8.86898e-07,87.7908,-0.109125,92.2092,111.97,-1429.78,-526.194,-1392.69,-408.063
-1424.0,-408.0,-163.058,8.8024e-07,87.7558,-0.110311,92.2442,111.97,-1429.78,-526.194,-1392.69,-408.06
-1422.0,-408.0,-162.97,8.73583e-07,87.7202,-0.111523,92.2798,111.97,-1429.78,-526.194,-1392.69,-408.057
-1420.0,-408.0,-162.882,8.66926e-07,87.684,-0.112762,92.316,111.97,-1429.78,-526.194,-1392.69,-408.054
-1418.0,-408.0,-162.793,8.60264e-07,87.6564,-0.114029,92.3436,111.97,-1429.78,-526.194,-1392.7,-408.05
-1416.0,-408.0,-162.704,8.53597e-07,87.638,-0.115325,92.362,111.97,-1429.78,-526.194,-1392.7,-408.047
-1414.0,-408.0,-153.291,1.37131e-06,86.2239,-105.331,88.5669,105.011,-1447.08,-424.423,-1446.51,-526.594
-1412.0,-408.0,-153.189,1.37308e-06,86.2292,-105.6,88.5685,105.28,-1447.96,-424.447,-1445.1,-526.56
-1410.0,-408.0,-156.801,7.43125e-07,87.2867,-121.999,92.7133,111.97,-1429.78,-526.194,-1459.86,-487.799
-1408.0,-408.0,-155.785,7.46694e-07,87.2953,-122.675,92.7047,111.97,-1429.78,-526.194,-1459.81,-488.782
-1406.0,-408.0,-155.579,7.50338e-07,87.2869,-123.34,92.7131,111.97,-1429.78,-526.194,-1459.76,-489.719
-1404.0,-408.0,-155.683,7.54047e-07,87.2789,-123.995,92.7211,111.97,-1429.78,-526.194,-1459.71,-490.614
-1402.0,-408.0,-155.918,7.57819e-07,87.2711,-124.64,92.7289,111.97,-1429.78,-526.194,-1459.67,-491.47
-1400.0,-408.0,-122.549,8.7222e-07,87.6107,-129.408,92.3893,134.699,-1425.49,-574.237,-1460.21,-481.278
-1398.0,-408.0,-119.596,8.76479e-07,87.6039,-129.746,92.3961,135.037,-1425.49,-574.546,-1460.13,-482.718
-1396.0,-408.0,-117.517,8.80769e-07,87.5972,-130.08,92.4028,135.371,-1425.48,-574.848,-1460.06,-484.126
-1394.0,-408.0,-116.151,8.85096e-07,87.5791,-130.411,92.4209,135.702,-1425.47,-575.143,-1459.98,-485.503
-1392.0,-408.0,0.0,0.0,0.0,0.0,0.0,0.0,0.0,0.0,0.0,0.0
-1390.0,-408.0,0.0,0.0,0.0,0.0,0.0,0.0,0.0,0.0,0.0,0.0
-1388.0,-408.0,-178.174,8.3881e-07,87.3299,-134.503,92.6701,88.0382,-1397.7,-532.824,-1460.2,-481.462
-1386.0,-408.0,0.0,0.0,0.0,0.0,0.0,0.0,0.0,0.0,0.0,0.0
-1384.0,-408.0,0.0,0.0,0.0,0.0,0.0,0.0,0.0,0.0,0.0,0.0
-1382.0,-408.0,0.0,0.0,0.0,0.0,0.0,0.0,0.0,0.0,0.0,0.0
-1380.0,-408.0,-157.601,1.55896e-06,88.4808,37.8387,91.5192,-43.3117,-1381.35,-617.58,-1335.53,-373.454
-1378.0,-408.0,-157.447,1.55371e-06,88.4549,38.0228,91.5451,-43.3117,-1381.35,-617.58,-1333.78,-373.42
-1376.0,-408.0,-157.343,1.54848e-06,88.4288,38.2085,91.5712,-43.3117,-1381.35,-617.58,-1332.03,-373.387
-1374.0,-408.0,-157.296,1.54326e-06,88.4026,38.3957,91.5974,-43.3117,-1381.35,-617.58,-1330.28,-373.354
-1372.0,-408.0,-157.321,1.53805e-06,88.3762,38.5844,91.6238,-43.3117,-1381.35,-617.58,-1328.53,-373.32
-1370.0,-408.0,-157.433,1.53285e-06,88.3663,38.7747,91.6337,-43.3117,-1381.35,-617.58,-1326.79,-373.287
-1368.0,-408.0,-157.655,1.52766e-06,88.3607,38.9666,91.6393,-43.3117,-1381.35,-617.58,-1325.04,-373.253
-1366.0,-408.0,-158.017,1.52248e-06,88.3551,39.1601,91.6449,-43.3117,-1381.35,-617.58,-1323.29,-373.22
-1364.0,-408.0,-172.859,1.41236e-06,88.2269,-61.5274,91.7731,-2.76158,-1239.86,-607.725,-1323.34,-482.97
-1362.0,-408.0,-169.372,1.68622e-06,88.5149,-76.0299,91.4851,-14.6085,-1339.34,-615.81,-1329.2,-539.827
-1360.0,-408.0,-169.451,1.68466e-06,88.5135,-76.8514,91.4865,-14.6085,-1339.34,-615.81,-1329.2,-539.827
-1358.0,-408.0,-169.561,1.68319e-06,88.5122,-77.6784,91.4878,-14.6085,-1339.34,-615.81,-1329.2,-539.827
-1356.0,-408.0,-169.705,1.68181e-06,88.511,-78.5106,91.489,-14.6085,-1339.34,-615.81,-1329.2,-539.827
-1354.0,-408.0,-169.883,1.68053e-06,88.5099,-79.3478,91.4901,-14.6085,-1339.34,-615.81,-1329.2,-539.827
-1352.0,-408.0,-170.096,1.67935e-06,88.5088,-80.1896,91.4912,-14.6085,-1339.34,-615.81,-1329.2,-539.827
-1350.0,-408.0,-170.338,1.67826e-06,88.5079,-81.0357,91.4921,-14.6085,-1339.34,-615.81,-1329.2,-539.827
-1348.0,-408.0,-173.231,1.41128e-06,88.2255,90.0307,91.7745,-43.3117,-1381.35,-617.58,-1348.05,-321.669
-1346.0,-408.0,-173.197,1.41131e-06,88.2147,90.3686,91.7853,-43.3117,-1381.35,-617.58,-1346.56,-321.653
-1344.0,-408.0,-175.105,9.81407e-07,87.4157,-149.738,92.5843,113.553,-1429.64,-532.017,-1375.55,-426.411
-1342.0,-408.0,-175.102,9.87188e-07,87.4145,-150.074,92.5855,113.553,-1429.64,-532.017,-1375.54,-427.309
-1340.0,-408.0,-173.454,1.41191e-06,88.1811,91.925,91.8189,-43.3117,-1381.35,-617.58,-1342.9,-321.613
-1338.0,-408.0,-169.173,2.16883e-06,88.8086,-25.9286,91.1914,-14.6085,-1339.34,-615.81,-1209.91,-470.274
-1336.0,-408.0,-166.955,2.21485e-06,88.8309,-24.6993,91.1691,-14.8341,-1340.17,-615.845,-1210.08,-465.916
-1334.0,-408.0,-166.771,2.2088e-06,88.8277,-24.8683,91.1723,-14.8341,-1340.17,-615.845,-1210.1,-465.431
-1332.0,-408.0,-166.594,2.20275e-06,88.8245,-25.0396,91.1755,-14.8341,-1340.17,-615.845,-1210.11,-464.939
-1330.0,-408.0,-166.425,2.19671e-06,88.8213,-25.213,91.1787,-14.8341,-1340.17,-615.845,-1210.13,-464.438
-1328.0,-408.0,-166.264,2.19067e-06,88.818,-25.3888,91.182,-14.8341,-1340.17,-615.845,-1210.15,-463.93
-1326.0,-408.0,-166.111,2.18465e-06,88.8148,-25.5668,91.1852,-14.8341,-1340.17,-615.845,-1210.17,-463.413
-1324.0,-408.0,-165.967,2.17864e-06,88.81,-25.7472,91.19,-14.8341,-1340.17,-615.845,-1210.19,-462.887
-1322.0,-408.0,-165.832,2.17264e-06,88.7919,-25.9299,91.2081,-14.8341,-1340.17,-615.845,-1210.21,-462.353
-1320.0,-408.0,-165.708,2.16666e-06,88.7736,-26.1151,91.2264,-14.8341,-1340.17,-615.845,-1210.23,-461.81
-1318.0,-408.0,-165.597,2.16069e-06,88.7553,-26.3028,91.2447,-14.8341,-1340.17,-615.845,-1210.25,-461.258
-1316.0,-408.0,-165.501,2.15472e-06,88.7369,-26.4929,91.2631,-14.8341,-1340.17,-615.845,-1210.27,-460.696
-1314.0,-408.0,-165.422,2.14877e-06,88.7183,-26.6857,91.2817,-14.8341,-1340.17,-615.845,-1210.3,-460.125
-1312.0,-408.0,-165.364,2.14283e-06,88.6997,-26.881,91.3003,-14.8341,-1340.17,-615.845,-1210.32,-459.544
-1310.0,-408.0,-165.332,2.13689e-06,88.681,-27.0791,91.319,-14.8341,-1340.17,-615.845,-1210.34,-458.953
-1308.0,-408.0,-167.985,1.24011e-06,87.7007,-71.1614,92.2993,-2.76158,-1239.86,-607.725,-1239.86,-607.725
-1306.0,-408.0,-167.815,1.23801e-06,87.6707,-71.6769,92.3293,-2.76158,-1239.86,-607.725,-1239.86,-607.725
-1304.0,-408.0,-167.681,1.23597e-06,87.6407,-72.1955,92.3593,-2.76158,-1239.86,-607.725,-1239.86,-607.725
-1302.0,-408.0,-167.576,1.23398e-06,87.6107,-72.7171,92.3893,-2.76158,-1239.86,-607.725,-1239.86,-607.725
-1300.0,-408.0,-152.137,1.62606e-06,88.1697,47.9612,91.8303,-43.3117,-1381.35,-617.58,-1235.43,-336.383
-1298.0,-408.0,-147.793,1.27204e-06,87.6474,-33.3565,92.3526,-35.9954,-1376.1,-617.359,-1210.08,-465.877
-1296.0,-408.0,-147.181,1.26648e-06,87.6243,-33.5631,92.3757,-35.9954,-1376.1,-617.359,-1210.11,-464.984
-1294.0,-408.0,-146.578,1.26095e-06,87.6011,-33.772,92.3989,-35.9954,-1376.1,-617.359,-1210.15,-464.075
-1292.0,-408.0,-145.979,1.25542e-06,87.5777,-33.9832,92.4223,-35.9954,-1376.1,-617.359,-1210.18,-463.152
-1290.0,-408.0,-145.38,1.24991e-06,87.554,-34.1968,92.446,-35.9954,-1376.1,-617.359,-1210.22,-462.214
-1288.0,-408.0,-144.776,1.24442e-06,87.5303,-34.4127,92.4697,-35.9954,-1376.1,-617.359,-1210.25,-461.259
-1286.0,-408.0,-144.166,1.23894e-06,87.5063,-34.631,92.4937,-35.9954,-1376.1,-617.359,-1210.29,-460.289
-1284.0,-408.0,-153.46,1.1649e-06,87.3338,-36.0713,92.6662,-43.3117,-1381.35,-617.58,-1210.24,-461.733
-1282.0,-408.0,-153.512,1.15953e-06,87.3075,-36.3274,92.6925,-43.3117,-1381.35,-617.58,-1210.27,-460.742
-1280.0,-408.0,-167.642,1.21596e-06,87.4193,-78.6357,92.5807,-2.76158,-1239.86,-607.725,-1239.86,-607.725
-1278.0,-408.0,-167.758,1.21469e-06,87.4033,-79.1882,92.5967,-2.76158,-1239.86,-607.725,-1239.86,-607.725
-1276.0,-408.0,-167.894,1.21347e-06,87.3928,-79.7428,92.6072,-2.76158,-1239.86,-607.725,-1239.86,-607.725
-1274.0,-408.0,-182.36,9.90188e-07,86.8043,-100.2,93.1957,35.7331,-1385.93,-589.879,-1306.24,-587.164
-1272.0,-408.0,-181.946,9.91403e-07,86.8083,-100.818,93.1917,35.7331,-1385.93,-589.879,-1306.24,-587.164
-1270.0,-408.0,-154.431,1.04225e-06,84.1474,-113.727,85.2866,-60.1756,-1389.72,-617.933,-1361.76,-616.754
-1268.0,-408.0,-182.09,9.94045e-07,86.8168,-102.047,93.1832,35.7331,-1385.93,-589.879,-1306.24,-587.164
-1266.0,-408.0,-182.219,9.95468e-07,86.8235,-102.657,93.1765,35.7331,-1385.93,-589.879,-1306.24,-587.164
-1264.0,-408.0,-165.26,1.07565e-06,87.0755,-108.687,92.9245,54.9672,-1393.06,-590.097,-1320.06,-573.745
-1262.0,-408.0,-166.372,1.0778e-06,87.0964,-109.234,92.9036,54.9672,-1393.06,-590.097,-1319.83,-573.739
-1260.0,-408.0,-168.08,1.08001e-06,87.1173,-109.778,92.8827,54.9672,-1393.06,-590.097,-1319.6,-573.733
-1258.0,-408.0,-169.747,1.08228e-06,87.1383,-110.318,92.8617,54.9672,-1393.06,-590.097,-1319.36,-573.727
-1256.0,-408.0,-150.727,9.55934e-07,86.7766,-116.606,93.2234,54.9672,-1393.06,-590.097,-1328.45,-552.64
-1254.0,-408.0,-149.847,9.58935e-07,86.8035,-117.235,93.1965,54.9672,-1393.06,-590.097,-1328.45,-552.64
-1252.0,-408.0,-148.892,9.61983e-07,86.8494,-117.858,93.1506,54.9672,-1393.06,-590.097,-1328.45,-552.64
-1250.0,-408.0,-147.845,9.65083e-07,86.9098,-118.474,93.0902,54.9672,-1393.06,-590.097,-1328.45,-552.64
-1248.0,-408.0,-146.683,9.68246e-07,86.97,-119.083,93.03,54.9672,-1393.06,-590.097,-1328.45,-552.64
-1246.0,-408.0,-145.379,9.71471e-07,87.03,-119.684,92.97,54.9672,-1393.06,-590.097,-1328.45,-552.64
-1244.0,-408.0,-143.91,9.74758e-07,87.0897,-120.279,92.9103,54.9672,-1393.06,-590.097,-1328.45,-552.64
-1242.0,-408.0,-142.255,9.78114e-07,87.1396,-120.866,92.8604,54.9672,-1393.06,-590.097,-1328.45,-552.64
-1240.0,-408.0,-140.291,9.81549e-07,87.1661,-121.446,92.8339,54.9672,-1393.06,-590.097,-1328.45,-552.64
-1238.0,-408.0,-137.772,9.85041e-07,87.1926,-122.019,92.8074,54.9672,-1393.06,-590.097,-1328.45,-552.64
-1236.0,-408.0,-134.28,9.88589e-07,87.219,-122.585,92.781,54.9672,-1393.06,-590.097,-1328.45,-552.64
-1234.0,-408.0,-128.902,9.92192e-07,87.2454,-123.144,92.7546,54.9672,-1393.06,-590.097,-1328.45,-552.64
-1232.0,-408.0,-120.325,9.9585e-07,87.2717,-123.696,92.7283,54.9672,-1393.06,-590.097,-1328.45,-552.64
-1230.0,-408.0,-134.539,1.0694e-06,87.4746,126.947,92.5254,56.8719,-1393.55,-590.112,-1239.34,-395.587
-1228.0,-408.0,-129.545,1.0734e-06,87.5099,127.324,92.4901,56.8719,-1393.55,-590.112,-1237.53,-395.495
-1226.0,-408.0,-117.724,1.07744e-06,87.5492,127.695,92.4508,56.8625,-1393.55,-590.112,-1235.73,-395.403
-1224.0,-408.0,-117.204,1.0815e-06,87.5883,127.975,92.4117,56.5825,-1393.47,-590.11,-1233.91,-395.309
-1222.0,-408.0,-116.834,1.0856e-06,87.6272,128.253,92.3728,56.3046,-1393.4,-590.108,-1232.08,-395.215
-1220.0,-408.0,-116.585,1.08971e-06,87.6658,128.529,92.3342,56.0288,-1393.33,-590.106,-1230.25,-395.121
-1218.0,-408.0,-116.435,1.09386e-06,87.7042,128.803,92.2958,55.7552,-1393.26,-590.104,-1228.43,-395.027
-1216.0,-408.0,-116.372,1.09802e-06,87.7444,129.074,92.2556,55.4836,-1393.19,-590.102,-1226.61,-394.934
-1214.0,-408.0,-116.389,1.10221e-06,87.7969,129.344,92.2031,55.2141,-1393.12,-590.099,-1224.79,-394.84
-1212.0,-408.0,-116.485,1.10641e-06,87.8491,129.611,92.1509,54.9466,-1393.05,-590.097,-1222.97,-394.747
-1210.0,-408.0,-125.839,1.11065e-06,87.9009,129.931,92.0991,54.8118,-1393.02,-590.096,-1221.17,-394.655
-1208.0,-408.0,-131.49,1.11492e-06,87.9524,130.304,92.0476,54.8118,-1393.02,-590.096,-1219.4,-394.563
-1206.0,-408.0,-135.627,1.11922e-06,88.0036,130.673,91.9964,54.8118,-1393.02,-590.096,-1217.62,-394.472
-1204.0,-408.0,-138.838,1.12357e-06,88.0293,131.038,91.9707,54.8118,-1393.02,-590.096,-1215.85,-394.382
-1202.0,-408.0,-142.551,1.14082e-06,88.0733,136.52,91.9267,-43.3117,-1381.35,-617.58,-1216.33,-394.406
-1600.0,-406.0,-144.998,1.33446e-06,88.8611,-47.1263,91.1389,129.985,-1425.61,-569.467,-1529.48,-481.961
-1598.0,-406.0,-145.082,1.32993e-06,88.8606,-47.395,91.1394,129.985,-1425.61,-569.467,-1528.2,-481.893
-1596.0,-406.0,-145.081,1.32543e-06,88.8568,-47.666,91.1432,129.985,-1425.61,-569.467,-1526.92,-481.825
-1594.0,-406.0,-145.207,1.32095e-06,88.8529,-47.9394,91.1471,129.985,-1425.61,-569.467,-1525.64,-481.757
-1592.0,-406.0,-145.469,1.31649e-06,88.849,-48.2151,91.151,129.985,-1425.61,-569.467,-1524.36,-481.689
-1590.0,-406.0,-145.836,1.31205e-06,88.8451,-48.4932,91.1549,129.985,-1425.61,-569.467,-1523.08,-481.621
-1588.0,-406.0,-146.275,1.30764e-06,88.8412,-48.7737,91.1588,129.985,-1425.61,-569.467,-1521.8,-481.553
-1586.0,-406.0,-146.762,1.30326e-06,88.8373,-49.0567,91.1627,129.985,-1425.61,-569.467,-1520.51,-481.484
-1584.0,-406.0,-147.283,1.2989e-06,88.8284,-49.3421,91.1716,129.985,-1425.61,-569.467,-1519.23,-481.416
-1582.0,-406.0,-147.832,1.29457e-06,88.8121,-49.63,91.1879,129.985,-1425.61,-569.467,-1517.94,-481.348
-1580.0,-406.0,-148.407,1.29027e-06,88.7956,-49.9203,91.2044,129.985,-1425.61,-569.467,-1516.65,-481.279
-1578.0,-406.0,-163.748,1.09901e-06,88.5713,29.3408,91.4287,130.461,-1425.59,-569.992,-1550.15,-390.348
-1576.0,-406.0,-163.183,1.09322e-06,88.5489,30.0028,91.4511,130.461,-1425.59,-569.992,-1548.85,-390.325
-1574.0,-406.0,-162.645,1.08747e-06,88.5264,30.6925,91.4736,130.461,-1425.59,-569.992,-1547.55,-390.302
-1572.0,-406.0,-162.142,1.08177e-06,88.5037,31.4113,91.4963,130.461,-1425.59,-569.992,-1546.26,-390.279
-1570.0,-406.0,-161.712,1.0761e-06,88.4821,32.1609,91.5179,130.461,-1425.59,-569.992,-1544.96,-390.256
-1568.0,-406.0,-161.489,1.07048e-06,88.4741,32.943,91.5259,130.461,-1425.59,-569.992,-1543.67,-390.233
-1566.0,-406.0,-161.95,1.06491e-06,88.4661,33.7596,91.5339,130.461,-1425.59,-569.992,-1542.38,-390.21
-1564.0,-406.0,-164.491,1.05939e-06,88.4581,34.6125,91.5419,130.461,-1425.59,-569.992,-1541.09,-390.188
-1562.0,-406.0,-163.261,1.05393e-06,88.4502,35.5039,91.5498,130.461,-1425.59,-569.992,-1539.8,-390.165
-1560.0,-406.0,-159.422,1.04853e-06,88.4422,36.4359,91.5578,130.461,-1425.59,-569.992,-1538.52,-390.142
-1558.0,-406.0,-157.57,1.04319e-06,88.4342,37.4109,91.5658,130.461,-1425.59,-569.992,-1537.24,-390.119
-1556.0,-406.0,-156.312,1.03793e-06,88.4263,38.4313,91.5737,130.461,-1425.59,-569.992,-1535.96,-390.097
-1554.0,-406.0,-147.035,1.08099e-06,88.489,-48.684,91.511,129.985,-1425.61,-569.467,-1545.07,-416.159
-1552.0,-406.0,-141.636,1.0766e-06,88.4828,-49.0477,91.5172,129.985,-1425.61,-569.467,-1543.21,-416.126
-1550.0,-406.0,-154.786,1.02262e-06,88.4027,41.7909,91.5973,130.461,-1425.59,-569.992,-1532.13,-390.029
-1548.0,-406.0,-158.483,1.01769e-06,88.395,43.0195,91.605,130.461,-1425.59,-569.992,-1530.86,-390.007
-1546.0,-406.0,-151.365,1.01287e-06,88.3873,44.3072,91.6127,130.461,-1425.59,-569.992,-1529.59,-389.984
-1544.0,-406.0,-147.378,1.00815e-06,88.3798,45.6571,91.6202,130.461,-1425.59,-569.992,-1528.33,-389.962
-1542.0,-406.0,-144.021,1.00354e-06,88.3723,47.0721,91.6277,130.461,-1425.59,-569.992,-1527.06,-389.939
-1540.0,-406.0,-139.9,9.99064e-07,88.365,48.5553,91.635,130.461,-1425.59,-569.992,-1525.8,-389.917
-1538.0,-406.0,-133.963,9.94717e-07,88.3579,50.1095,91.6421,130.461,-1425.59,-569.992,-1524.54,-389.895
-1536.0,-406.0,-122.82,9.90491e-07,88.3509,50.9481,91.6491,130.286,-1425.6,-569.8,-1522.91,-389.866
-1534.0,-406.0,-130.738,9.86305e-07,88.3439,51.5178,91.6561,130.064,-1425.6,-569.555,-1521.15,-389.835
-1532.0,-406.0,-138.051,9.82215e-07,88.337,52.868,91.663,130.064,-1425.6,-569.555,-1519.74,-389.81
-1530.0,-406.0,-142.449,9.78254e-07,88.3302,54.2682,91.6698,130.064,-1425.6,-569.555,-1518.33,-389.785
-1528.0,-406.0,-145.852,9.74427e-07,88.3237,55.7194,91.6763,130.064,-1425.6,-569.555,-1516.93,-389.76
-1526.0,-406.0,-149.731,9.70742e-07,88.3173,57.2224,91.6827,130.064,-1425.6,-569.555,-1515.53,-389.736
-1524.0,-406.0,-152.138,9.68873e-07,88.3141,63.1724,91.6859,130.461,-1425.59,-569.992,-1515.78,-389.74
-1522.0,-406.0,-152.668,8.61633e-07,88.1042,60.7032,91.8958,111.97,-1429.78,-526.194,-1512.85,-389.688
-1520.0,-406.0,-154.64,9.60617e-07,88.2996,62.0482,91.7004,130.064,-1425.6,-569.555,-1511.33,-389.661
-1518.0,-406.0,-153.654,8.73322e-07,88.1295,-29.8895,91.8705,130.461,-1425.59,-569.992,-1501.64,-415.406
-1516.0,-406.0,-122.976,1.1849e-06,88.6215,70.2966,91.3785,108.697,-1459.31,-424.749,-1510.14,-389.64
-1514.0,-406.0,-121.9,1.18267e-06,88.6189,70.6011,91.3811,108.392,-1458.28,-424.722,-1508.23,-389.606
-1512.0,-406.0,-121.041,1.18047e-06,88.6163,70.9067,91.3837,108.087,-1457.25,-424.694,-1506.31,-389.573
-1510.0,-406.0,-121.122,8.52352e-07,88.0835,-48.3534,91.9165,130.461,-1425.59,-569.992,-1501.64,-415.406
-1508.0,-406.0,-124.848,8.47973e-07,88.0736,-48.393,91.9264,130.064,-1425.6,-569.555,-1490.61,-425.583
-1506.0,-406.0,-134.816,8.43694e-07,88.0638,-51.835,91.9362,130.064,-1425.6,-569.555,-1490.61,-425.583
-1504.0,-406.0,-116.327,1.06866e-06,88.4715,-68.2074,91.5285,108.76,-1459.52,-424.755,-1474.79,-479.054
-1502.0,-406.0,-116.033,1.06621e-06,88.468,-68.5405,91.532,108.427,-1458.4,-424.725,-1473.31,-478.976
-1500.0,-406.0,-115.802,1.06378e-06,88.4645,-68.8752,91.5355,108.092,-1457.27,-424.695,-1471.84,-478.897
-1498.0,-406.0,-133.296,1.17991e-06,88.6157,-70.6155,91.3843,-101.002,-1403.6,-618.518,-1472.34,-478.924
-1496.0,-406.0,-128.13,8.56989e-07,88.0939,-47.2263,91.9061,130.895,-1425.58,-570.461,-1490.98,-411.423
-1494.0,-406.0,-121.549,8.50775e-07,88.08,-129.066,91.92,130.461,-1425.59,-569.992,-1501.64,-415.406
-1492.0,-406.0,-117.485,1.07109e-06,88.475,-110.184,91.525,109.207,-1461.04,-424.795,-1498.96,-424.928
-1490.0,-406.0,-118.073,1.07341e-06,88.4783,-110.518,91.5217,109.541,-1462.17,-424.826,-1498.87,-429.707
-1488.0,-406.0,-138.989,8.5274e-07,88.0844,-126.148,91.9156,130.895,-1425.58,-570.461,-1499.03,-421.095
-1486.0,-406.0,-150.484,8.70736e-07,88.124,-142.793,91.876,130.064,-1425.6,-569.555,-1501.59,-417.838
-1484.0,-406.0,-158.057,8.77027e-07,88.1374,-151.925,91.8626,130.461,-1425.59,-569.992,-1501.64,-415.406
-1482.0,-406.0,-159.432,9.6993e-07,88.3159,108.425,91.6841,130.895,-1425.58,-570.461,-1487.99,-388.013
-1480.0,-406.0,-155.257,9.78037e-07,88.3299,115.476,91.6701,130.461,-1425.59,-569.992,-1488.57,-388.013
-1478.0,-406.0,-153.722,9.81013e-07,88.3349,117.498,91.6651,130.461,-1425.59,-569.992,-1487.36,-388.013
-1476.0,-406.0,-153.447,9.84194e-07,88.3403,119.449,91.6597,130.461,-1425.59,-569.992,-1486.16,-388.014
-1474.0,-406.0,-156.491,9.8006e-07,88.3333,116.094,91.6667,130.895,-1425.58,-570.461,-1482.81,-388.014
-1472.0,-406.0,-152.203,9.91127e-07,88.3519,123.134,91.6481,130.461,-1425.59,-569.992,-1483.74,-388.014
-1470.0,-406.0,-146.794,9.94857e-07,88.3581,124.869,91.6419,130.461,-1425.59,-569.992,-1482.53,-388.014
-1468.0,-406.0,-142.644,9.98751e-07,88.3645,126.534,91.6355,130.461,-1425.59,-569.992,-1481.32,-388.015
-1466.0,-406.0,-136.2,1.0028e-06,88.3711,128.13,91.6289,130.461,-1425.59,-569.992,-1480.12,-388.015
-1464.0,-406.0,-135.442,1.00699e-06,88.3779,129.659,91.6221,130.461,-1425.59,-569.992,-1478.91,-388.015
-1462.0,-406.0,-144.059,1.01131e-06,88.3848,131.123,91.6152,130.461,-1425.59,-569.992,-1477.7,-388.015
-1460.0,-406.0,-146.151,1.01576e-06,88.3919,132.525,91.6081,130.461,-1425.59,-569.992,-1476.49,-388.015
-1458.0,-406.0,-148.85,1.02032e-06,88.3991,133.867,91.6009,130.461,-1425.59,-569.992,-1475.29,-388.016
-1456.0,-406.0,-151.397,1.02501e-06,88.3961,135.151,91.6039,130.461,-1425.59,-569.992,-1474.08,-388.016
-1454.0,-406.0,-154.389,1.02979e-06,88.3879,136.379,91.6121,130.461,-1425.59,-569.992,-1472.87,-388.016
-1452.0,-406.0,-160.491,1.03468e-06,88.3799,137.555,91.6201,130.461,-1425.59,-569.992,-1471.66,-388.016
-1450.0,-406.0,-160.296,1.03965e-06,88.3721,138.68,91.6279,130.461,-1425.59,-569.992,-1470.46,-388.017
-1448.0,-406.0,-158.253,1.04471e-06,88.3646,139.757,91.6354,130.461,-1425.59,-569.992,-1469.25,-388.017
-1446.0,-406.0,-158.451,1.04985e-06,88.3572,140.788,91.6428,130.461,-1425.59,-569.992,-1468.04,-388.017
-1444.0,-406.0,-159.162,1.05506e-06,88.35,141.776,91.65,130.461,-1425.59,-569.992,-1466.83,-388.017
-1442.0,-406.0,-160.05,1.06035e-06,88.338,142.722,91.662,130.461,-1425.59,-569.992,-1465.62,-388.018
-1440.0,-406.0,-161.127,1.0657e-06,88.316,143.629,91.684,130.461,-1425.59,-569.992,-1464.42,-388.018
-1438.0,-406.0,-162.755,1.07112e-06,88.2944,144.499,91.7056,130.461,-1425.59,-569.992,-1463.21,-388.018
-1436.0,-406.0,-166.118,1.0766e-06,88.2731,145.333,91.7269,130.461,-1425.59,-569.992,-1462.0,-388.018
-1434.0,-406.0,-169.262,1.08213e-06,88.2521,146.133,91.7479,130.461,-1425.59,-569.992,-1460.79,-388.018
-1432.0,-406.0,-162.793,1.00535e-06,85.5524,82.6796,82.6858,87.8966,-1397.62,-535.299,-1425.35,-354.262
-1430.0,-406.0,-161.809,9.00261e-07,87.8595,-0.709855,92.1405,111.97,-1429.78,-526.194,-1393.48,-406.452
-1428.0,-406.0,-161.715,8.93603e-07,87.8255,-0.717405,92.1745,111.97,-1429.78,-526.194,-1393.49,-406.432
-1426.0,-406.0,-161.62,8.86946e-07,87.791,-0.725118,92.209,111.97,-1429.78,-526.194,-1393.5,-406.411
-1424.0,-406.0,-161.524,8.80289e-07,87.7559,-0.732998,92.2441,111.97,-1429.78,-526.194,-1393.51,-406.39
-1422.0,-406.0,-161.427,8.73633e-07,87.7203,-0.741051,92.2797,111.97,-1429.78,-526.194,-1393.52,-406.368
-1420.0,-406.0,-161.329,8.66977e-07,87.6842,-0.749283,92.3158,111.97,-1429.78,-526.194,-1393.53,-406.346
-1418.0,-406.0,-161.23,8.60315e-07,87.6565,-0.757701,92.3435,111.97,-1429.78,-526.194,-1393.55,-406.323
-1416.0,-406.0,-161.13,8.53648e-07,87.6382,-0.766309,92.3618,111.97,-1429.78,-526.194,-1393.56,-406.3
-1414.0,-406.0,-153.334,1.37773e-06,86.2563,-105.258,88.5664,104.938,-1446.84,-424.417,-1446.9,-526.603
-1412.0,-406.0,-153.22,1.3795e-06,86.2615,-105.525,88.568,105.206,-1447.72,-424.44,-1445.49,-526.57
-1410.0,-406.0,-160.824,8.33647e-07,87.5815,-0.793349,92.4185,111.97,-1429.78,-526.194,-1393.59,-406.227
-1408.0,-406.0,-156.394,7.52328e-07,87.2992,-122.25,92.7008,111.97,-1429.78,-526.194,-1459.84,-488.167
-1406.0,-406.0,-155.773,7.55931e-07,87.2907,-122.91,92.7093,111.97,-1429.78,-526.194,-1459.79,-489.118
-1404.0,-406.0,-155.71,7.59598e-07,87.2825,-123.561,92.7175,111.97,-1429.78,-526.194,-1459.74,-490.025
-1402.0,-406.0,-155.865,7.63328e-07,87.2746,-124.202,92.7254,111.97,-1429.78,-526.194,-1459.7,-490.893
-1400.0,-406.0,-156.129,7.67119e-07,87.267,-124.834,92.733,111.97,-1429.78,-526.194,-1459.65,-491.722
-1398.0,-406.0,-122.06,8.81625e-07,87.6039,-129.468,92.3961,134.759,-1425.49,-574.292,-1460.2,-481.535
-1396.0,-406.0,-119.277,8.8589e-07,87.5972,-129.802,92.4028,135.093,-1425.49,-574.596,-1460.12,-482.955
-1394.0,-406.0,-117.352,8.90193e-07,87.5791,-130.132,92.4209,135.423,-1425.48,-574.895,-1460.05,-484.344
-1392.0,-406.0,0.0,0.0,0.0,0.0,0.0,0.0,0.0,0.0,0.0,0.0
-1390.0,-406.0,0.0,0.0,0.0,0.0,0.0,0.0,0.0,0.0,0.0,0.0
-1388.0,-406.0,0.0,0.0,0.0,0.0,0.0,0.0,0.0,0.0,0.0,0.0
-1386.0,-406.0,0.0,0.0,0.0,0.0,0.0,0.0,0.0,0.0,0.0,0.0
-1384.0,-406.0,0.0,0.0,0.0,0.0,0.0,0.0,0.0,0.0,0.0,0.0
-1382.0,-406.0,0.0,0.0,0.0,0.0,0.0,0.0,0.0,0.0,0.0,0.0
-1380.0,-406.0,0.0,0.0,0.0,0.0,0.0,0.0,0.0,0.0,0.0,0.0
-1378.0,-406.0,-170.544,1.7082e-06,88.5874,-69.9675,91.4126,-14.6085,-1339.34,-615.81,-1329.2,-539.827
-1376.0,-406.0,-157.42,1.54437e-06,88.4166,37.9709,91.5834,-43.3117,-1381.35,-617.58,-1334.27,-373.43
-1374.0,-406.0,-157.301,1.53913e-06,88.3903,38.1577,91.6097,-43.3117,-1381.35,-617.58,-1332.5,-373.396
-1372.0,-406.0,-157.238,1.53391e-06,88.3637,38.3461,91.6363,-43.3117,-1381.35,-617.58,-1330.74,-373.362
-1370.0,-406.0,-157.242,1.52869e-06,88.3537,38.536,91.6463,-43.3117,-1381.35,-617.58,-1328.98,-373.329
-1368.0,-406.0,-157.33,1.52348e-06,88.3481,38.7276,91.6519,-43.3117,-1381.35,-617.58,-1327.22,-373.295
-1366.0,-406.0,-157.525,1.51828e-06,88.3425,38.9207,91.6575,-43.3117,-1381.35,-617.58,-1325.46,-373.261
-1364.0,-406.0,-157.855,1.5131e-06,88.3368,39.1155,91.6632,-43.3117,-1381.35,-617.58,-1323.7,-373.228
-1362.0,-406.0,-169.471,1.69271e-06,88.5133,-76.2307,91.4867,-14.6085,-1339.34,-615.81,-1329.2,-539.827
-1360.0,-406.0,-169.556,1.69116e-06,88.5119,-77.0412,91.4881,-14.6085,-1339.34,-615.81,-1329.2,-539.827
-1358.0,-406.0,-169.672,1.68971e-06,88.5107,-77.857,91.4893,-14.6085,-1339.34,-615.81,-1329.2,-539.827
-1356.0,-406.0,-169.821,1.68836e-06,88.5095,-78.6779,91.4905,-14.6085,-1339.34,-615.81,-1329.2,-539.827
-1354.0,-406.0,-170.003,1.68709e-06,88.5083,-79.5034,91.4917,-14.6085,-1339.34,-615.81,-1329.2,-539.827
-1352.0,-406.0,-170.218,1.68593e-06,88.5073,-80.3335,91.4927,-14.6085,-1339.34,-615.81,-1329.2,-539.827
-1350.0,-406.0,-173.247,1.40463e-06,88.2083,89.6909,91.7917,-43.3117,-1381.35,-617.58,-1349.55,-321.686
-1348.0,-406.0,-173.19,1.40461e-06,88.2083,90.0309,91.7917,-43.3117,-1381.35,-617.58,-1348.05,-321.669
-1346.0,-406.0,-167.614,2.24796e-06,88.8738,-24.2405,91.1262,-14.8341,-1340.17,-615.845,-1210.03,-467.224
-1344.0,-406.0,-167.411,2.24189e-06,88.8635,-24.401,91.1365,-14.8341,-1340.17,-615.845,-1210.05,-466.767
-1342.0,-406.0,-167.216,2.23582e-06,88.8532,-24.5635,91.1468,-14.8341,-1340.17,-615.845,-1210.06,-466.304
-1340.0,-406.0,-169.368,2.17775e-06,88.8152,-26.1156,91.1848,-14.6085,-1339.34,-615.81,-1209.93,-469.763
-1338.0,-406.0,-166.848,2.22371e-06,88.8356,-24.8947,91.1644,-14.8341,-1340.17,-615.845,-1210.1,-465.355
-1336.0,-406.0,-166.675,2.21766e-06,88.8324,-25.0634,91.1676,-14.8341,-1340.17,-615.845,-1210.12,-464.87
-1334.0,-406.0,-166.51,2.21162e-06,88.8292,-25.2343,91.1708,-14.8341,-1340.17,-615.845,-1210.14,-464.377
-1332.0,-406.0,-166.352,2.20559e-06,88.826,-25.4074,91.174,-14.8341,-1340.17,-615.845,-1210.15,-463.876
-1330.0,-406.0,-164.102,1.01455e-06,87.4472,-150.664,92.5528,82.1554,-1396.76,-576.497,-1460.32,-479.24
-1328.0,-406.0,-166.061,2.19355e-06,88.8196,-25.7603,91.1804,-14.8341,-1340.17,-615.845,-1210.19,-462.849
-1326.0,-406.0,-165.93,2.18755e-06,88.8163,-25.9402,91.1837,-14.8341,-1340.17,-615.845,-1210.21,-462.323
-1324.0,-406.0,-165.809,2.18156e-06,88.8116,-26.1224,91.1884,-14.8341,-1340.17,-615.845,-1210.23,-461.789
-1322.0,-406.0,-165.7,2.17558e-06,88.7935,-26.307,91.2065,-14.8341,-1340.17,-615.845,-1210.25,-461.245
-1320.0,-406.0,-165.605,2.16962e-06,88.7753,-26.4941,91.2247,-14.8341,-1340.17,-615.845,-1210.27,-460.693
-1318.0,-406.0,-165.527,2.16366e-06,88.757,-26.6837,91.243,-14.8341,-1340.17,-615.845,-1210.3,-460.131
-1316.0,-406.0,-165.469,2.15772e-06,88.7386,-26.8758,91.2614,-14.8341,-1340.17,-615.845,-1210.32,-459.56
-1314.0,-406.0,-165.436,2.15179e-06,88.7201,-27.0704,91.2799,-14.8341,-1340.17,-615.845,-1210.34,-458.978
-1312.0,-406.0,-165.433,2.14586e-06,88.7016,-27.2677,91.2984,-14.8341,-1340.17,-615.845,-1210.36,-458.387
-1310.0,-406.0,-165.469,2.13995e-06,88.6829,-27.4677,91.3171,-14.8341,-1340.17,-615.845,-1210.38,-457.785
-1308.0,-406.0,-167.99,1.24643e-06,87.7124,-71.3352,92.2876,-2.76158,-1239.86,-607.725,-1239.86,-607.725
-1306.0,-406.0,-167.835,1.24434e-06,87.6826,-71.8466,92.3174,-2.76158,-1239.86,-607.725,-1239.86,-607.725
-1304.0,-406.0,-167.712,1.24232e-06,87.6528,-72.361,92.3472,-2.76158,-1239.86,-607.725,-1239.86,-607.725
-1302.0,-406.0,-148.182,1.28681e-06,87.7089,-33.2591,92.2911,-35.9954,-1376.1,-617.359,-1210.06,-466.297
-1300.0,-406.0,-147.571,1.28126e-06,87.677,-33.4622,92.323,-35.9954,-1376.1,-617.359,-1210.1,-465.421
-1298.0,-406.0,-146.971,1.27572e-06,87.6542,-33.6676,92.3458,-35.9954,-1376.1,-617.359,-1210.13,-464.53
-1296.0,-406.0,-146.377,1.27019e-06,87.6313,-33.8751,92.3687,-35.9954,-1376.1,-617.359,-1210.16,-463.625
-1294.0,-406.0,-145.784,1.26467e-06,87.6082,-34.085,92.3918,-35.9954,-1376.1,-617.359,-1210.2,-462.706
-1292.0,-406.0,-145.19,1.25916e-06,87.5849,-34.2971,92.4151,-35.9954,-1376.1,-617.359,-1210.23,-461.771
-1290.0,-406.0,-144.59,1.25368e-06,87.5614,-34.5115,92.4386,-35.9954,-1376.1,-617.359,-1210.27,-460.821
-1288.0,-406.0,-143.982,1.2482e-06,87.5378,-34.7284,92.4622,-35.9954,-1376.1,-617.359,-1210.31,-459.855
-1286.0,-406.0,-143.361,1.24274e-06,87.5139,-34.9476,92.4861,-35.9954,-1376.1,-617.359,-1210.34,-458.872
-1284.0,-406.0,-153.654,1.16884e-06,87.3428,-36.4192,92.6572,-43.3117,-1381.35,-617.58,-1210.29,-460.385
-1282.0,-406.0,-153.906,1.1635e-06,87.3167,-36.6763,92.6833,-43.3117,-1381.35,-617.58,-1210.32,-459.379
-1280.0,-406.0,-167.732,1.22249e-06,87.4331,-78.7455,92.5669,-2.76158,-1239.86,-607.725,-1239.86,-607.725
-1278.0,-406.0,-167.851,1.22124e-06,87.4172,-79.293,92.5828,-2.76158,-1239.86,-607.725,-1239.86,-607.725
-1276.0,-406.0,-167.99,1.22004e-06,87.4068,-79.8424,92.5932,-2.76158,-1239.86,-607.725,-1239.86,-607.725
-1274.0,-406.0,-182.553,9.96747e-07,86.8254,-100.09,93.1746,35.7331,-1385.93,-589.879,-1306.24,-587.164
-1272.0,-406.0,-182.066,9.97949e-07,86.8292,-100.701,93.1708,35.7331,-1385.93,-589.879,-1306.24,-587.164
-1270.0,-406.0,-181.985,9.99221e-07,86.8333,-101.311,93.1667,35.7331,-1385.93,-589.879,-1306.24,-587.164
-1268.0,-406.0,-154.449,1.051e-06,84.2105,-113.914,85.2943,-59.9863,-1389.64,-617.93,-1361.45,-616.742
-1266.0,-406.0,-164.571,1.07988e-06,87.0835,-107.957,92.9165,54.9672,-1393.06,-590.097,-1320.37,-573.753
-1264.0,-406.0,-165.07,1.08195e-06,87.104,-108.503,92.896,54.9672,-1393.06,-590.097,-1320.14,-573.747
-1262.0,-406.0,-165.984,1.08408e-06,87.1246,-109.046,92.8754,54.9672,-1393.06,-590.097,-1319.91,-573.741
-1260.0,-406.0,-167.468,1.08627e-06,87.1453,-109.585,92.8547,54.9672,-1393.06,-590.097,-1319.68,-573.735
-1258.0,-406.0,-152.005,9.58985e-07,86.7829,-115.66,93.2171,54.9672,-1393.06,-590.097,-1328.45,-552.64
-1256.0,-406.0,-151.229,9.61887e-07,86.8094,-116.292,93.1906,54.9672,-1393.06,-590.097,-1328.45,-552.64
-1254.0,-406.0,-150.395,9.64856e-07,86.836,-116.917,93.164,54.9672,-1393.06,-590.097,-1328.45,-552.64
-1252.0,-406.0,-149.492,9.67871e-07,86.8814,-117.534,93.1186,54.9672,-1393.06,-590.097,-1328.45,-552.64
-1250.0,-406.0,-148.51,9.70938e-07,86.9412,-118.145,93.0588,54.9672,-1393.06,-590.097,-1328.45,-552.64
-1248.0,-406.0,-147.428,9.74068e-07,87.0008,-118.75,92.9992,54.9672,-1393.06,-590.097,-1328.45,-552.64
-1246.0,-406.0,-146.223,9.7726e-07,87.0602,-119.347,92.9398,54.9672,-1393.06,-590.097,-1328.45,-552.64
-1244.0,-406.0,-144.189,1.11469e-06,87.4647,51.2358,92.5353,-43.396,-1381.4,-617.583,-1235.48,-395.389
-1242.0,-406.0,-143.351,9.83856e-07,87.1438,-120.52,92.8562,54.9672,-1393.06,-590.097,-1328.45,-552.64
-1240.0,-406.0,-141.618,9.87256e-07,87.17,-121.097,92.83,54.9672,-1393.06,-590.097,-1328.45,-552.64
-1238.0,-406.0,-139.502,9.90713e-07,87.1962,-121.666,92.8038,54.9672,-1393.06,-590.097,-1328.45,-552.64
-1236.0,-406.0,-136.723,9.94227e-07,87.2223,-122.229,92.7777,54.9672,-1393.06,-590.097,-1328.45,-552.64
-1234.0,-406.0,-132.738,9.97795e-07,87.2485,-122.785,92.7515,54.9672,-1393.06,-590.097,-1328.45,-552.64
-1232.0,-406.0,-126.416,1.00142e-06,87.2746,-123.334,92.7254,54.9672,-1393.06,-590.097,-1328.45,-552.64
-1230.0,-406.0,-130.782,1.06409e-06,87.4504,127.234,92.5496,56.8719,-1393.55,-590.112,-1237.97,-395.517
-1228.0,-406.0,-124.909,1.06812e-06,87.486,127.613,92.514,56.8719,-1393.55,-590.112,-1236.15,-395.424
-1226.0,-406.0,-117.231,1.07218e-06,87.5256,127.914,92.4744,56.6442,-1393.49,-590.111,-1234.31,-395.329
-1224.0,-406.0,-116.83,1.07627e-06,87.5651,128.194,92.4349,56.3637,-1393.42,-590.108,-1232.47,-395.235
-1222.0,-406.0,-116.556,1.08038e-06,87.6042,128.472,92.3958,56.0853,-1393.35,-590.106,-1230.63,-395.14
-1220.0,-406.0,-116.387,1.08452e-06,87.6432,128.749,92.3568,55.809,-1393.28,-590.104,-1228.79,-395.046
-1218.0,-406.0,-116.309,1.08868e-06,87.6819,129.023,92.3181,55.5349,-1393.21,-590.102,-1226.95,-394.952
-1216.0,-406.0,-116.312,1.09287e-06,87.7203,129.295,92.2797,55.2629,-1393.14,-590.1,-1225.12,-394.857
-1214.0,-406.0,-116.396,1.09708e-06,87.764,129.565,92.236,54.9929,-1393.06,-590.098,-1223.28,-394.763
-1212.0,-406.0,-141.282,9.90898e-07,87.5732,-128.172,92.4268,-43.396,-1381.4,-617.583,-1355.83,-588.959
-1210.0,-406.0,-130.624,1.10556e-06,87.8689,130.247,92.1311,54.8118,-1393.02,-590.096,-1219.67,-394.577
-1208.0,-406.0,-135.034,1.10986e-06,87.9208,130.621,92.0792,54.8118,-1393.02,-590.096,-1217.88,-394.485
-1206.0,-406.0,-138.375,1.11418e-06,87.9723,130.991,92.0277,54.8118,-1393.02,-590.096,-1216.09,-394.393
-1204.0,-406.0,-142.24,1.13141e-06,88.0211,136.537,91.9789,-43.3117,-1381.35,-617.58,-1216.24,-394.401
-1202.0,-406.0,-155.826,1.10075e-06,87.9806,-128.568,92.0194,-43.3117,-1381.35,-617.58,-1206.22,-411.293
-1600.0,-404.0,-145.148,1.33936e-06,88.8779,-47.3735,91.1221,129.985,-1425.61,-569.467,-1528.3,-481.898
-1598.0,-404.0,-145.142,1.33485e-06,88.8741,-47.642,91.1259,129.985,-1425.61,-569.467,-1527.03,-481.831
-1596.0,-404.0,-145.254,1.33036e-06,88.8703,-47.9128,91.1297,129.985,-1425.61,-569.467,-1525.77,-481.764
-1594.0,-404.0,-145.502,1.3259e-06,88.8665,-48.1859,91.1335,129.985,-1425.61,-569.467,-1524.5,-481.696
-1592.0,-404.0,-145.856,1.32147e-06,88.8627,-48.4614,91.1373,129.985,-1425.61,-569.467,-1523.23,-481.629
-1590.0,-404.0,-146.284,1.31706e-06,88.8589,-48.7392,91.1411,129.985,-1425.61,-569.467,-1521.95,-481.561
-1588.0,-404.0,-146.763,1.31267e-06,88.8551,-49.0194,91.1449,129.985,-1425.61,-569.467,-1520.68,-481.493
-1586.0,-404.0,-147.276,1.3083e-06,88.8513,-49.302,91.1487,129.985,-1425.61,-569.467,-1519.41,-481.426
-1584.0,-404.0,-147.816,1.30397e-06,88.8425,-49.587,91.1575,129.985,-1425.61,-569.467,-1518.13,-481.358
-1582.0,-404.0,-148.382,1.29966e-06,88.8262,-49.8745,91.1738,129.985,-1425.61,-569.467,-1516.86,-481.29
-1580.0,-404.0,-165.0,1.29766e-06,88.812,-53.7784,91.188,130.064,-1425.6,-569.555,-1523.14,-481.624
-1578.0,-404.0,-164.695,1.0958e-06,88.5784,28.1736,91.4216,130.461,-1425.59,-569.992,-1552.59,-390.391
-1576.0,-404.0,-163.977,1.08994e-06,88.5559,28.819,91.4441,130.461,-1425.59,-569.992,-1551.22,-390.367
-1574.0,-404.0,-163.35,1.08412e-06,88.5333,29.4919,91.4667,130.461,-1425.59,-569.992,-1549.85,-390.343
-1572.0,-404.0,-162.765,1.07834e-06,88.5104,30.194,91.4896,130.461,-1425.59,-569.992,-1548.49,-390.318
-1570.0,-404.0,-162.211,1.07261e-06,88.4874,30.927,91.5126,130.461,-1425.59,-569.992,-1547.12,-390.294
-1568.0,-404.0,-161.704,1.06691e-06,88.469,31.6927,91.531,130.461,-1425.59,-569.992,-1545.76,-390.27
-1566.0,-404.0,-161.315,1.06126e-06,88.4609,32.493,91.5391,130.461,-1425.59,-569.992,-1544.41,-390.246
-1564.0,-404.0,-161.305,1.05566e-06,88.4527,33.3301,91.5473,130.461,-1425.59,-569.992,-1543.05,-390.222
-1562.0,-404.0,-162.684,1.05011e-06,88.4445,34.206,91.5555,130.461,-1425.59,-569.992,-1541.7,-390.198
-1560.0,-404.0,-164.872,1.04463e-06,88.4364,35.1232,91.5636,130.461,-1425.59,-569.992,-1540.35,-390.174
-1558.0,-404.0,-160.252,1.0392e-06,88.4282,36.0842,91.5718,130.461,-1425.59,-569.992,-1539.0,-390.151
-1556.0,-404.0,-147.262,1.09041e-06,88.502,-48.6408,91.498,129.985,-1425.61,-569.467,-1545.29,-416.163
-1554.0,-404.0,-142.897,1.08601e-06,88.496,-49.0,91.504,129.985,-1425.61,-569.467,-1543.45,-416.131
-1552.0,-404.0,-155.225,1.02336e-06,88.4038,39.2564,91.5962,130.461,-1425.59,-569.992,-1534.97,-390.079
-1550.0,-404.0,-154.311,1.01823e-06,88.3958,40.4199,91.6042,130.461,-1425.59,-569.992,-1533.63,-390.056
-1548.0,-404.0,-154.339,1.0132e-06,88.3878,41.6417,91.6122,130.461,-1425.59,-569.992,-1532.29,-390.032
-1546.0,-404.0,-158.24,1.00826e-06,88.3799,42.9251,91.6201,130.461,-1425.59,-569.992,-1530.96,-390.008
-1544.0,-404.0,-151.254,1.00343e-06,88.3721,44.2733,91.6279,130.461,-1425.59,-569.992,-1529.62,-389.985
-1542.0,-404.0,-147.048,9.98715e-07,88.3645,45.69,91.6355,130.461,-1425.59,-569.992,-1528.3,-389.961
-1540.0,-404.0,-143.507,9.94117e-07,88.3569,47.1785,91.6431,130.461,-1425.59,-569.992,-1526.97,-389.938
-1538.0,-404.0,-139.046,9.8965e-07,88.3495,48.7422,91.6505,130.461,-1425.59,-569.992,-1525.64,-389.914
-1536.0,-404.0,-132.302,9.85323e-07,88.3422,50.3846,91.6578,130.461,-1425.59,-569.992,-1524.32,-389.891
-1534.0,-404.0,-122.524,9.81108e-07,88.3351,51.0053,91.6649,130.229,-1425.6,-569.737,-1522.55,-389.86
-1532.0,-404.0,-132.606,9.76935e-07,88.328,51.8014,91.672,130.064,-1425.6,-569.555,-1520.85,-389.83
-1530.0,-404.0,-139.112,9.72874e-07,88.321,53.2166,91.679,130.064,-1425.6,-569.555,-1519.39,-389.804
-1528.0,-404.0,-143.3,9.68949e-07,88.3142,54.686,91.6858,130.064,-1425.6,-569.555,-1517.92,-389.778
-1526.0,-404.0,-146.734,9.65165e-07,88.3076,56.2108,91.6924,130.064,-1425.6,-569.555,-1516.47,-389.752
-1524.0,-404.0,-151.67,9.6295e-07,88.3037,62.042,91.6963,130.461,-1425.59,-569.992,-1516.44,-389.752
-1522.0,-404.0,-152.515,9.59939e-07,88.2984,64.2995,91.7016,130.461,-1425.59,-569.992,-1515.13,-389.729
-1520.0,-404.0,-152.655,8.8247e-07,88.1489,-31.844,91.8511,130.461,-1425.59,-569.992,-1501.64,-415.406
-1518.0,-404.0,-150.249,8.76897e-07,88.1372,-34.8763,91.8628,130.461,-1425.59,-569.992,-1501.64,-415.406
-1516.0,-404.0,-123.375,1.17863e-06,88.6142,70.1872,91.3858,108.806,-1459.68,-424.759,-1510.83,-389.652
-1514.0,-404.0,-122.204,1.17638e-06,88.6115,70.4931,91.3885,108.5,-1458.64,-424.732,-1508.91,-389.618
-1512.0,-404.0,-121.268,1.17417e-06,88.6089,70.8002,91.3911,108.193,-1457.61,-424.704,-1506.98,-389.584
-1510.0,-404.0,-127.688,8.5739e-07,88.0948,-48.0624,91.9052,130.064,-1425.6,-569.555,-1490.61,-425.583
-1508.0,-404.0,-132.693,8.53066e-07,88.0851,-51.1392,91.9149,130.064,-1425.6,-569.555,-1490.61,-425.583
-1506.0,-404.0,-119.58,1.08544e-06,88.4952,-66.6794,91.5048,73.1981,-1396.41,-588.106,-1473.67,-478.995
-1504.0,-404.0,-116.259,1.07486e-06,88.4803,-68.3395,91.5197,108.628,-1459.07,-424.743,-1474.2,-479.023
-1502.0,-404.0,-115.993,1.07242e-06,88.4769,-68.671,91.5231,108.296,-1457.96,-424.713,-1472.74,-478.945
-1500.0,-404.0,-115.786,1.07001e-06,88.4735,-69.004,91.5265,107.963,-1456.84,-424.683,-1471.27,-478.867
-1498.0,-404.0,-132.413,8.66415e-07,88.1146,-46.9501,91.8854,130.895,-1425.58,-570.461,-1490.98,-411.514
-1496.0,-404.0,-145.971,8.52801e-07,88.0845,-116.291,91.9155,130.461,-1425.59,-569.992,-1501.64,-415.406
-1494.0,-404.0,-139.994,8.56147e-07,88.092,-123.797,91.908,130.461,-1425.59,-569.992,-1501.64,-415.406
-1492.0,-404.0,-117.359,1.07736e-06,88.4839,-110.062,91.5161,109.084,-1460.62,-424.784,-1498.99,-423.142
-1490.0,-404.0,-117.894,1.07967e-06,88.4871,-110.394,91.5129,109.417,-1461.75,-424.814,-1498.9,-427.949
-1488.0,-404.0,-139.767,8.68792e-07,88.1198,-133.031,91.8802,130.895,-1425.58,-570.461,-1501.58,-418.547
-1486.0,-404.0,-146.052,8.73486e-07,88.1299,-136.395,91.8701,130.895,-1425.58,-570.461,-1501.57,-418.834
-1484.0,-404.0,-150.633,8.80088e-07,88.1439,-142.179,91.8561,130.064,-1425.6,-569.555,-1501.6,-417.659
-1482.0,-404.0,-156.845,9.69178e-07,88.3146,114.339,91.6854,130.461,-1425.59,-569.992,-1489.23,-388.013
-1480.0,-404.0,-154.094,9.72041e-07,88.3196,116.493,91.6804,130.461,-1425.59,-569.992,-1487.97,-388.013
-1478.0,-404.0,-153.143,9.75125e-07,88.3249,118.57,91.6751,130.461,-1425.59,-569.992,-1486.71,-388.013
-1476.0,-404.0,-154.504,9.78417e-07,88.3305,120.567,91.6695,130.461,-1425.59,-569.992,-1485.44,-388.014
-1474.0,-404.0,-155.657,9.74093e-07,88.3231,117.009,91.6769,130.895,-1425.58,-570.461,-1482.15,-388.014
-1472.0,-404.0,-147.895,9.85579e-07,88.3426,124.326,91.6574,130.461,-1425.59,-569.992,-1482.92,-388.014
-1470.0,-404.0,-143.624,9.89425e-07,88.3491,126.089,91.6509,130.461,-1425.59,-569.992,-1481.65,-388.014
-1468.0,-404.0,-137.864,9.93434e-07,88.3558,127.777,91.6442,130.461,-1425.59,-569.992,-1480.39,-388.015
-1466.0,-404.0,-130.239,9.97594e-07,88.3626,129.39,91.6374,130.461,-1425.59,-569.992,-1479.13,-388.015
-1464.0,-404.0,-143.791,1.0019e-06,88.3697,130.933,91.6303,130.461,-1425.59,-569.992,-1477.86,-388.015
-1462.0,-404.0,-145.679,1.00633e-06,88.3768,132.406,91.6232,130.461,-1425.59,-569.992,-1476.6,-388.015
-1460.0,-404.0,-148.508,1.01089e-06,88.3842,133.814,91.6158,130.461,-1425.59,-569.992,-1475.34,-388.016
-1458.0,-404.0,-151.175,1.01557e-06,88.3849,135.158,91.6151,130.461,-1425.59,-569.992,-1474.07,-388.016
-1456.0,-404.0,-154.353,1.02036e-06,88.3767,136.441,91.6233,130.461,-1425.59,-569.992,-1472.81,-388.016
-1454.0,-404.0,-160.801,9.62362e-07,88.2621,135.653,91.7379,96.8954,-1412.1,-499.96,-1470.35,-388.017
-1452.0,-404.0,-159.471,1.03024e-06,88.3609,138.838,91.6391,130.461,-1425.59,-569.992,-1470.28,-388.017
-1450.0,-404.0,-157.968,1.03531e-06,88.3533,139.956,91.6467,130.461,-1425.59,-569.992,-1469.02,-388.017
-1448.0,-404.0,-158.354,1.04046e-06,88.346,141.025,91.654,130.461,-1425.59,-569.992,-1467.75,-388.017
-1446.0,-404.0,-159.157,1.0457e-06,88.3388,142.047,91.6612,130.461,-1425.59,-569.992,-1466.49,-388.017
-1444.0,-404.0,-160.133,1.051e-06,88.3318,143.024,91.6682,130.461,-1425.59,-569.992,-1465.23,-388.018
-1442.0,-404.0,-161.39,1.05637e-06,88.32,143.959,91.68,130.461,-1425.59,-569.992,-1463.96,-388.018
-1440.0,-404.0,-163.616,1.06181e-06,88.2982,144.854,91.7018,130.461,-1425.59,-569.992,-1462.7,-388.018
-1438.0,-404.0,-168.109,1.06731e-06,88.2767,145.71,91.7233,130.461,-1425.59,-569.992,-1461.44,-388.018
-1436.0,-404.0,-167.565,1.07287e-06,88.2556,146.531,91.7444,130.461,-1425.59,-569.992,-1460.17,-388.019
-1434.0,-404.0,-165.253,1.07847e-06,88.2433,147.317,91.7567,130.461,-1425.59,-569.992,-1458.91,-388.019
-1432.0,-404.0,-162.692,9.9875e-07,85.5232,82.6305,82.6354,87.8698,-1397.61,-535.748,-1425.57,-354.264
-1430.0,-404.0,-160.85,9.00379e-07,87.8598,-1.31272,92.1402,111.97,-1429.78,-526.194,-1394.29,-404.818
-1428.0,-404.0,-160.753,8.93722e-07,87.8258,-1.32668,92.1742,111.97,-1429.78,-526.194,-1394.3,-404.78
-1426.0,-404.0,-160.656,8.87066e-07,87.7913,-1.34094,92.2087,111.97,-1429.78,-526.194,-1394.32,-404.742
-1424.0,-404.0,-160.558,8.80411e-07,87.7562,-1.35551,92.2438,111.97,-1429.78,-526.194,-1394.34,-404.702
-1422.0,-404.0,-160.459,8.73756e-07,87.7206,-1.3704,92.2794,111.97,-1429.78,-526.194,-1394.36,-404.661
-1420.0,-404.0,-160.359,8.67101e-07,87.6845,-1.38562,92.3155,111.97,-1429.78,-526.194,-1394.38,-404.62
-1418.0,-404.0,-160.258,8.60441e-07,87.6568,-1.40118,92.3432,111.97,-1429.78,-526.194,-1394.4,-404.577
-1416.0,-404.0,-160.156,8.53775e-07,87.6385,-1.4171,92.3615,111.97,-1429.78,-526.194,-1394.43,-404.534
-1414.0,-404.0,-160.053,8.47109e-07,87.62,-1.43338,92.38,111.97,-1429.78,-526.194,-1394.45,-404.489
-1412.0,-404.0,-153.255,1.38592e-06,86.2933,-105.451,88.5676,105.132,-1447.48,-424.434,-1445.88,-526.579
-1410.0,-404.0,-153.196,1.38772e-06,86.2834,-105.717,88.5692,105.398,-1448.35,-424.457,-1444.49,-526.546
-1408.0,-404.0,-158.877,9.34771e-07,87.8133,-42.8941,92.1867,129.985,-1425.61,-569.467,-1392.85,-418.077
-1406.0,-404.0,-156.182,7.61551e-07,87.2944,-122.491,92.7056,111.97,-1429.78,-526.194,-1459.82,-488.517
-1404.0,-404.0,-155.828,7.65177e-07,87.2861,-123.137,92.7139,111.97,-1429.78,-526.194,-1459.78,-489.437
-1402.0,-404.0,-155.862,7.68865e-07,87.2781,-123.775,92.7219,111.97,-1429.78,-526.194,-1459.73,-490.317
-1400.0,-404.0,-156.053,7.72615e-07,87.2704,-124.403,92.7296,111.97,-1429.78,-526.194,-1459.68,-491.158
-1398.0,-404.0,-156.349,7.76424e-07,87.263,-125.021,92.737,111.97,-1429.78,-526.194,-1459.64,-491.964
-1396.0,-404.0,-121.6,8.91032e-07,87.5972,-129.527,92.4028,134.818,-1425.49,-574.346,-1460.18,-481.786
-1394.0,-404.0,0.0,0.0,0.0,0.0,0.0,0.0,0.0,0.0,0.0,0.0
-1392.0,-404.0,0.0,0.0,0.0,0.0,0.0,0.0,0.0,0.0,0.0,0.0
-1390.0,-404.0,0.0,0.0,0.0,0.0,0.0,0.0,0.0,0.0,0.0,0.0
-1388.0,-404.0,0.0,0.0,0.0,0.0,0.0,0.0,0.0,0.0,0.0,0.0
-1386.0,-404.0,0.0,0.0,0.0,0.0,0.0,0.0,0.0,0.0,0.0,0.0
-1384.0,-404.0,0.0,0.0,0.0,0.0,0.0,0.0,0.0,0.0,0.0,0.0
-1382.0,-404.0,0.0,0.0,0.0,0.0,0.0,0.0,0.0,0.0,0.0,0.0
-1380.0,-404.0,0.0,0.0,0.0,0.0,0.0,0.0,0.0,0.0,0.0,0.0
-1378.0,-404.0,-170.459,1.71448e-06,88.5854,-70.2395,91.4146,-14.6085,-1339.34,-615.81,-1329.2,-539.827
-1376.0,-404.0,-174.598,1.4436e-06,88.2975,-59.7075,91.7025,-2.76158,-1239.86,-607.725,-1329.79,-483.103
-1374.0,-404.0,-157.397,1.53503e-06,88.3779,37.9181,91.6221,-43.3117,-1381.35,-617.58,-1334.77,-373.439
-1372.0,-404.0,-157.262,1.52979e-06,88.3512,38.1061,91.6488,-43.3117,-1381.35,-617.58,-1332.99,-373.405
-1370.0,-404.0,-157.182,1.52455e-06,88.3412,38.2957,91.6588,-43.3117,-1381.35,-617.58,-1331.21,-373.371
-1368.0,-404.0,-157.166,1.51932e-06,88.3354,38.4869,91.6646,-43.3117,-1381.35,-617.58,-1329.43,-373.337
-1366.0,-404.0,-157.232,1.51411e-06,88.3297,38.6797,91.6703,-43.3117,-1381.35,-617.58,-1327.66,-373.303
-1364.0,-404.0,-157.401,1.50891e-06,88.324,38.8741,91.676,-43.3117,-1381.35,-617.58,-1325.88,-373.269
-1362.0,-404.0,-157.699,1.50372e-06,88.3182,39.0702,91.6818,-43.3117,-1381.35,-617.58,-1324.1,-373.235
-1360.0,-404.0,-169.662,1.69767e-06,88.5104,-77.2257,91.4896,-14.6085,-1339.34,-615.81,-1329.2,-539.827
-1358.0,-404.0,-169.783,1.69624e-06,88.5091,-78.0306,91.4909,-14.6085,-1339.34,-615.81,-1329.2,-539.827
-1356.0,-404.0,-169.936,1.69491e-06,88.5079,-78.8404,91.4921,-14.6085,-1339.34,-615.81,-1329.2,-539.827
-1354.0,-404.0,-170.122,1.69366e-06,88.5068,-79.6546,91.4932,-14.6085,-1339.34,-615.81,-1329.2,-539.827
-1352.0,-404.0,-170.339,1.69251e-06,88.5058,-80.4732,91.4942,-14.6085,-1339.34,-615.81,-1329.2,-539.827
-1350.0,-404.0,-167.674,2.26287e-06,88.8825,-24.2753,91.1175,-14.8341,-1340.17,-615.845,-1210.03,-467.125
-1348.0,-404.0,-167.476,2.25679e-06,88.8795,-24.4335,91.1205,-14.8341,-1340.17,-615.845,-1210.05,-466.675
-1346.0,-404.0,-167.285,2.25072e-06,88.8697,-24.5938,91.1303,-14.8341,-1340.17,-615.845,-1210.07,-466.217
-1344.0,-404.0,-167.101,2.24467e-06,88.8594,-24.756,91.1406,-14.8341,-1340.17,-615.845,-1210.08,-465.753
-1342.0,-404.0,-169.574,2.18668e-06,88.8218,-26.299,91.1782,-14.6085,-1339.34,-615.81,-1209.95,-469.259
-1340.0,-404.0,-166.755,2.23257e-06,88.8402,-25.0866,91.1598,-14.8341,-1340.17,-615.845,-1210.12,-464.803
-1338.0,-404.0,-166.593,2.22654e-06,88.8371,-25.2549,91.1629,-14.8341,-1340.17,-615.845,-1210.14,-464.317
-1336.0,-404.0,-166.439,2.22051e-06,88.8339,-25.4255,91.1661,-14.8341,-1340.17,-615.845,-1210.16,-463.823
-1334.0,-404.0,-166.292,2.21448e-06,88.8307,-25.5981,91.1693,-14.8341,-1340.17,-615.845,-1210.18,-463.322
-1332.0,-404.0,-166.154,2.20847e-06,88.8276,-25.773,91.1724,-14.8341,-1340.17,-615.845,-1210.19,-462.812
-1330.0,-404.0,-166.025,2.20247e-06,88.8244,-25.9501,91.1756,-14.8341,-1340.17,-615.845,-1210.21,-462.294
-1328.0,-404.0,-165.907,2.19647e-06,88.8212,-26.1295,91.1788,-14.8341,-1340.17,-615.845,-1210.23,-461.768
-1326.0,-404.0,-165.8,2.19049e-06,88.8179,-26.3112,91.1821,-14.8341,-1340.17,-615.845,-1210.25,-461.233
-1324.0,-404.0,-165.707,2.18451e-06,88.8132,-26.4953,91.1868,-14.8341,-1340.17,-615.845,-1210.27,-460.69
-1322.0,-404.0,-165.63,2.17856e-06,88.7951,-26.6817,91.2049,-14.8341,-1340.17,-615.845,-1210.3,-460.137
-1320.0,-404.0,-165.572,2.17261e-06,88.777,-26.8707,91.223,-14.8341,-1340.17,-615.845,-1210.32,-459.575
-1318.0,-404.0,-165.538,2.16668e-06,88.7587,-27.0621,91.2413,-14.8341,-1340.17,-615.845,-1210.34,-459.003
-1316.0,-404.0,-165.534,2.16075e-06,88.7404,-27.256,91.2596,-14.8341,-1340.17,-615.845,-1210.36,-458.422
-1314.0,-404.0,-165.566,2.15484e-06,88.722,-27.4525,91.278,-14.8341,-1340.17,-615.845,-1210.38,-457.831
-1312.0,-404.0,-165.643,2.14894e-06,88.7034,-27.6517,91.2966,-14.8341,-1340.17,-615.845,-1210.41,-457.229
-1310.0,-404.0,-167.901,1.96672e-06,88.5668,-22.9277,91.4332,-15.5937,-1342.83,-615.957,-1210.83,-445.947
-1308.0,-404.0,-168.0,1.25275e-06,87.7239,-71.5059,92.2761,-2.76158,-1239.86,-607.725,-1239.86,-607.725
-1306.0,-404.0,-167.858,1.25068e-06,87.6943,-72.0133,92.3057,-2.76158,-1239.86,-607.725,-1239.86,-607.725
-1304.0,-404.0,-147.956,1.29602e-06,87.7501,-33.3642,92.2499,-35.9954,-1376.1,-617.359,-1210.08,-465.844
-1302.0,-404.0,-147.358,1.29048e-06,87.7154,-33.5661,92.2846,-35.9954,-1376.1,-617.359,-1210.11,-464.971
-1300.0,-404.0,-146.767,1.28495e-06,87.6836,-33.7701,92.3164,-35.9954,-1376.1,-617.359,-1210.15,-464.084
-1298.0,-404.0,-146.181,1.27943e-06,87.661,-33.9764,92.339,-35.9954,-1376.1,-617.359,-1210.18,-463.182
-1296.0,-404.0,-145.595,1.27392e-06,87.6382,-34.1849,92.3618,-35.9954,-1376.1,-617.359,-1210.22,-462.266
-1294.0,-404.0,-145.004,1.26842e-06,87.6152,-34.3956,92.3848,-35.9954,-1376.1,-617.359,-1210.25,-461.335
-1292.0,-404.0,-144.407,1.26294e-06,87.5921,-34.6086,92.4079,-35.9954,-1376.1,-617.359,-1210.29,-460.389
-1290.0,-404.0,-143.8,1.25747e-06,87.5688,-34.824,92.4312,-35.9954,-1376.1,-617.359,-1210.32,-459.427
-1288.0,-404.0,-143.179,1.25201e-06,87.5453,-35.0417,92.4547,-35.9954,-1376.1,-617.359,-1210.36,-458.449
-1286.0,-404.0,-142.542,1.24657e-06,87.5216,-35.2618,92.4784,-35.9954,-1376.1,-617.359,-1210.4,-457.454
-1284.0,-404.0,-154.126,1.17281e-06,87.3518,-36.7641,92.6482,-43.3117,-1381.35,-617.58,-1210.34,-459.035
-1282.0,-404.0,-154.68,1.1675e-06,87.3259,-37.0221,92.6741,-43.3117,-1381.35,-617.58,-1210.38,-458.016
-1280.0,-404.0,-165.403,1.07347e-06,87.0765,-103.901,92.9235,54.9672,-1393.06,-590.097,-1322.02,-573.796
-1278.0,-404.0,-167.945,1.22779e-06,87.431,-79.3957,92.569,-2.76158,-1239.86,-607.725,-1239.86,-607.725
-1276.0,-404.0,-168.085,1.2266e-06,87.4207,-79.9401,92.5793,-2.76158,-1239.86,-607.725,-1239.86,-607.725
-1274.0,-404.0,-164.646,1.07858e-06,87.0665,-105.582,92.9335,54.9672,-1393.06,-590.097,-1321.35,-573.779
-1272.0,-404.0,-164.478,1.08041e-06,87.0714,-106.136,92.9286,54.9672,-1393.06,-590.097,-1321.12,-573.773
-1270.0,-404.0,-164.381,1.08229e-06,87.0765,-106.688,92.9235,54.9672,-1393.06,-590.097,-1320.89,-573.767
-1268.0,-404.0,-154.48,1.05706e-06,84.2721,-113.766,85.2884,-60.131,-1389.7,-617.932,-1361.68,-616.751
-1266.0,-404.0,-164.544,1.08621e-06,87.1119,-107.781,92.8881,54.9672,-1393.06,-590.097,-1320.44,-573.755
-1264.0,-404.0,-164.934,1.08827e-06,87.1322,-108.322,92.8678,54.9672,-1393.06,-590.097,-1320.21,-573.749
-1262.0,-404.0,-153.763,9.59444e-07,86.7636,-114.087,93.2364,54.9672,-1393.06,-590.097,-1328.45,-552.64
-1260.0,-404.0,-153.133,9.62181e-07,86.7897,-114.726,93.2103,54.9672,-1393.06,-590.097,-1328.45,-552.64
-1258.0,-404.0,-152.445,9.64986e-07,86.8158,-115.359,93.1842,54.9672,-1393.06,-590.097,-1328.45,-552.64
-1256.0,-404.0,-151.705,9.67857e-07,86.8419,-115.985,93.1581,54.9672,-1393.06,-590.097,-1328.45,-552.64
-1254.0,-404.0,-150.911,9.70794e-07,86.8681,-116.605,93.1319,54.9672,-1393.06,-590.097,-1328.45,-552.64
-1252.0,-404.0,-150.057,9.73777e-07,86.913,-117.218,93.087,54.9672,-1393.06,-590.097,-1328.45,-552.64
-1250.0,-404.0,-149.13,9.76811e-07,86.9723,-117.824,93.0277,54.9672,-1393.06,-590.097,-1328.45,-552.64
-1248.0,-404.0,-148.118,9.79908e-07,87.0313,-118.423,92.9687,54.9672,-1393.06,-590.097,-1328.45,-552.64
-1246.0,-404.0,-147.0,9.83068e-07,87.0902,-119.016,92.9098,54.9672,-1393.06,-590.097,-1328.45,-552.64
-1244.0,-404.0,-145.75,9.86311e-07,87.1219,-119.603,92.8781,54.9672,-1393.06,-590.097,-1328.45,-552.64
-1242.0,-404.0,-144.347,9.89619e-07,87.1479,-120.182,92.8521,54.9672,-1393.06,-590.097,-1328.45,-552.64
-1240.0,-404.0,-142.774,9.92985e-07,87.1738,-120.755,92.8262,54.9672,-1393.06,-590.097,-1328.45,-552.64
-1238.0,-404.0,-140.941,9.96408e-07,87.1998,-121.321,92.8002,54.9672,-1393.06,-590.097,-1328.45,-552.64
-1236.0,-404.0,-138.642,9.99887e-07,87.2257,-121.88,92.7743,54.9672,-1393.06,-590.097,-1328.45,-552.64
-1234.0,-404.0,-135.547,1.00342e-06,87.2516,-122.433,92.7484,54.9672,-1393.06,-590.097,-1328.45,-552.64
-1232.0,-404.0,-130.99,1.00701e-06,87.2774,-122.978,92.7226,54.9672,-1393.06,-590.097,-1328.45,-552.64
-1230.0,-404.0,-126.265,1.0588e-06,87.4259,127.525,92.5741,56.8719,-1393.55,-590.112,-1236.57,-395.445
-1228.0,-404.0,-117.266,1.06286e-06,87.4619,127.851,92.5381,56.707,-1393.51,-590.111,-1234.72,-395.35
-1226.0,-404.0,-116.832,1.06694e-06,87.5019,128.134,92.4981,56.4238,-1393.43,-590.109,-1232.87,-395.255
-1224.0,-404.0,-116.532,1.07104e-06,87.5416,128.415,92.4584,56.1427,-1393.36,-590.107,-1231.01,-395.16
-1222.0,-404.0,-116.343,1.07517e-06,87.5811,128.694,92.4189,55.8638,-1393.29,-590.105,-1229.16,-395.065
-1220.0,-404.0,-116.248,1.07933e-06,87.6204,128.971,92.3796,55.5871,-1393.22,-590.102,-1227.31,-394.97
-1218.0,-404.0,-116.237,1.08351e-06,87.6594,129.245,92.3406,55.3125,-1393.15,-590.1,-1225.45,-394.875
-1216.0,-404.0,-116.308,1.08772e-06,87.6981,129.518,92.3019,55.0401,-1393.08,-590.098,-1223.61,-394.78
-1214.0,-404.0,-142.925,9.92125e-07,87.5088,-127.482,92.4912,-43.396,-1381.4,-617.583,-1355.83,-588.959
-1212.0,-404.0,-142.082,9.96169e-07,87.5612,-127.87,92.4388,-43.396,-1381.4,-617.583,-1355.83,-588.959
-1210.0,-404.0,-141.162,1.00024e-06,87.6196,-128.254,92.3804,-43.396,-1381.4,-617.583,-1355.83,-588.959
-1208.0,-404.0,-137.894,1.10482e-06,87.8889,130.942,92.1111,54.8118,-1393.02,-590.096,-1216.32,-394.406
-1206.0,-404.0,-141.918,1.12201e-06,87.9644,136.554,92.0356,-43.3117,-1381.35,-617.58,-1216.14,-394.396
-1204.0,-404.0,-154.037,1.10189e-06,87.9456,-127.914,92.0544,-43.3117,-1381.35,-617.58,-1209.72,-411.34
-1202.0,-404.0,-154.852,1.10599e-06,87.9678,-128.28,92.0322,-43.3117,-1381.35,-617.58,-1207.77,-411.314
-1600.0,-402.0,-145.204,1.34427e-06,88.8912,-47.6184,91.1088,129.985,-1425.61,-569.467,-1527.15,-481.837
-1598.0,-402.0,-145.302,1.33978e-06,88.8875,-47.8867,91.1125,129.985,-1425.61,-569.467,-1525.89,-481.77
-1596.0,-402.0,-145.536,1.33532e-06,88.8838,-48.1572,91.1162,129.985,-1425.61,-569.467,-1524.63,-481.703
-1594.0,-402.0,-145.878,1.33088e-06,88.88,-48.4301,91.12,129.985,-1425.61,-569.467,-1523.37,-481.636
-1592.0,-402.0,-146.296,1.32647e-06,88.8763,-48.7053,91.1237,129.985,-1425.61,-569.467,-1522.11,-481.569
-1590.0,-402.0,-146.764,1.32208e-06,88.8726,-48.9828,91.1274,129.985,-1425.61,-569.467,-1520.85,-481.502
-1588.0,-402.0,-147.269,1.31771e-06,88.8689,-49.2627,91.1311,129.985,-1425.61,-569.467,-1519.58,-481.435
-1586.0,-402.0,-147.801,1.31337e-06,88.8651,-49.5449,91.1349,129.985,-1425.61,-569.467,-1518.32,-481.368
-1584.0,-402.0,-148.359,1.30905e-06,88.8564,-49.8295,91.1436,129.985,-1425.61,-569.467,-1517.06,-481.301
-1582.0,-402.0,-164.413,1.30698e-06,88.8423,-53.6274,91.1577,130.064,-1425.6,-569.555,-1523.35,-481.635
-1580.0,-402.0,-167.391,1.30305e-06,88.8264,-54.1947,91.1736,130.064,-1425.6,-569.555,-1522.58,-481.594
-1578.0,-402.0,-166.678,1.0927e-06,88.5856,26.9803,91.4144,130.461,-1425.59,-569.992,-1555.29,-390.439
-1576.0,-402.0,-165.248,1.08678e-06,88.5631,27.6076,91.4369,130.461,-1425.59,-569.992,-1553.84,-390.413
-1574.0,-402.0,-164.308,1.0809e-06,88.5403,28.2622,91.4597,130.461,-1425.59,-569.992,-1552.4,-390.388
-1572.0,-402.0,-163.575,1.07505e-06,88.5174,28.9459,91.4826,130.461,-1425.59,-569.992,-1550.96,-390.362
-1570.0,-402.0,-162.928,1.06923e-06,88.4942,29.6605,91.5058,130.461,-1425.59,-569.992,-1549.52,-390.337
-1568.0,-402.0,-162.323,1.06347e-06,88.4709,30.4078,91.5291,130.461,-1425.59,-569.992,-1548.08,-390.311
-1566.0,-402.0,-161.753,1.05774e-06,88.4557,31.1898,91.5443,130.461,-1425.59,-569.992,-1546.65,-390.286
-1564.0,-402.0,-161.253,1.05206e-06,88.4474,32.0087,91.5526,130.461,-1425.59,-569.992,-1545.22,-390.261
-1562.0,-402.0,-160.96,1.04643e-06,88.439,32.8669,91.561,130.461,-1425.59,-569.992,-1543.79,-390.235
-1560.0,-402.0,-161.429,1.04085e-06,88.4307,33.7669,91.5693,130.461,-1425.59,-569.992,-1542.37,-390.21
-1558.0,-402.0,-147.447,1.09982e-06,88.5148,-48.5985,91.4852,129.985,-1425.61,-569.467,-1545.51,-416.166
-1556.0,-402.0,-143.886,1.09543e-06,88.5089,-48.9533,91.4911,129.985,-1425.61,-569.467,-1543.69,-416.135
-1554.0,-402.0,-158.182,1.02451e-06,88.4056,36.7442,91.5944,130.461,-1425.59,-569.992,-1538.11,-390.135
-1552.0,-402.0,-156.475,1.0192e-06,88.3973,37.8391,91.6027,130.461,-1425.59,-569.992,-1536.69,-390.11
-1550.0,-402.0,-155.213,1.01397e-06,88.3891,38.9907,91.6109,130.461,-1425.59,-569.992,-1535.28,-390.085
-1548.0,-402.0,-154.182,1.00883e-06,88.3809,40.2024,91.6191,130.461,-1425.59,-569.992,-1533.87,-390.06
-1546.0,-402.0,-153.934,1.00378e-06,88.3727,41.478,91.6273,130.461,-1425.59,-569.992,-1532.47,-390.035
-1544.0,-402.0,-157.769,9.98837e-07,88.3647,42.8212,91.6353,130.461,-1425.59,-569.992,-1531.06,-390.01
-1542.0,-402.0,-151.152,9.94001e-07,88.3567,44.236,91.6433,130.461,-1425.59,-569.992,-1529.66,-389.985
-1540.0,-402.0,-146.7,9.89282e-07,88.3489,45.7264,91.6511,130.461,-1425.59,-569.992,-1528.26,-389.961
-1538.0,-402.0,-142.948,9.8469e-07,88.3412,47.2963,91.6588,130.461,-1425.59,-569.992,-1526.87,-389.936
-1536.0,-402.0,-138.087,9.80237e-07,88.3336,48.9499,91.6664,130.461,-1425.59,-569.992,-1525.47,-389.911
-1534.0,-402.0,-129.818,9.75933e-07,88.3263,50.691,91.6737,130.461,-1425.59,-569.992,-1524.08,-389.887
-1532.0,-402.0,-122.166,9.71727e-07,88.319,51.0635,91.681,130.17,-1425.6,-569.673,-1522.19,-389.853
-1530.0,-402.0,-134.222,9.6757e-07,88.3118,52.1107,91.6882,130.064,-1425.6,-569.555,-1520.52,-389.824
-1528.0,-402.0,-140.133,9.63542e-07,88.3047,53.5972,91.6953,130.064,-1425.6,-569.555,-1519.0,-389.797
-1526.0,-402.0,-144.162,9.59656e-07,88.2979,55.1429,91.7021,130.064,-1425.6,-569.555,-1517.48,-389.77
-1524.0,-402.0,-147.862,9.5592e-07,88.2912,56.7489,91.7088,130.064,-1425.6,-569.555,-1515.96,-389.743
-1522.0,-402.0,-151.629,9.53957e-07,88.2877,63.1452,91.7123,130.461,-1425.59,-569.992,-1515.79,-389.74
-1520.0,-402.0,-149.98,8.86201e-07,88.1567,-36.1292,91.8433,130.461,-1425.59,-569.992,-1501.64,-415.406
-1518.0,-402.0,-146.575,8.80924e-07,88.1457,-39.3246,91.8543,130.461,-1425.59,-569.992,-1501.64,-415.406
-1516.0,-402.0,-123.815,1.17235e-06,88.6067,70.0766,91.3933,108.917,-1460.05,-424.769,-1511.53,-389.665
-1514.0,-402.0,-122.542,1.1701e-06,88.6041,70.384,91.3959,108.609,-1459.01,-424.741,-1509.59,-389.631
-1512.0,-402.0,-121.521,1.16787e-06,88.6014,70.6924,91.3986,108.301,-1457.97,-424.714,-1507.65,-389.596
-1510.0,-402.0,-120.709,1.16568e-06,88.5988,71.0021,91.4012,107.991,-1456.93,-424.686,-1505.72,-389.562
-1508.0,-402.0,-140.04,8.58349e-07,88.0969,-53.5937,91.9031,130.064,-1425.6,-569.555,-1490.61,-425.583
-1506.0,-402.0,-116.509,1.08353e-06,88.4925,-68.1417,91.5075,108.825,-1459.74,-424.761,-1475.08,-479.07
-1504.0,-402.0,-116.204,1.08106e-06,88.4891,-68.4701,91.5109,108.497,-1458.63,-424.731,-1473.63,-478.992
-1502.0,-402.0,-115.964,1.07863e-06,88.4857,-68.8,91.5143,108.167,-1457.52,-424.702,-1472.17,-478.915
-1500.0,-402.0,-115.779,1.07624e-06,88.4823,-69.1313,91.5177,107.836,-1456.41,-424.672,-1470.71,-478.837
-1498.0,-402.0,-139.593,8.71417e-07,88.1255,-50.1716,91.8745,130.895,-1425.58,-570.461,-1491.01,-410.381
-1496.0,-402.0,-148.208,8.58871e-07,88.0981,-112.798,91.9019,130.461,-1425.59,-569.992,-1501.64,-415.406
-1494.0,-402.0,-144.912,8.61824e-07,88.1046,-119.662,91.8954,130.461,-1425.59,-569.992,-1501.64,-415.406
-1492.0,-402.0,-137.4,8.6543e-07,88.1125,-125.705,91.8875,130.461,-1425.59,-569.992,-1501.64,-415.406
-1490.0,-402.0,-117.738,1.08592e-06,88.4958,-110.272,91.5042,109.294,-1461.33,-424.803,-1498.94,-426.193
-1488.0,-402.0,-125.069,8.73792e-07,88.1305,-129.902,91.8695,130.895,-1425.58,-570.461,-1501.59,-418.246
-1486.0,-402.0,-140.658,8.78219e-07,88.14,-133.242,91.86,130.895,-1425.58,-570.461,-1501.58,-418.566
-1484.0,-402.0,-146.281,8.82917e-07,88.1499,-136.252,91.8501,130.895,-1425.58,-570.461,-1501.57,-418.823
-1482.0,-402.0,-150.925,8.89453e-07,88.1635,-141.655,91.8365,130.064,-1425.6,-569.555,-1501.6,-417.503
-1480.0,-402.0,-153.211,9.66099e-07,88.3092,117.588,91.6908,130.461,-1425.59,-569.992,-1487.31,-388.013
-1478.0,-402.0,-153.118,9.69298e-07,88.3148,119.72,91.6852,130.461,-1425.59,-569.992,-1485.98,-388.014
-1476.0,-402.0,-156.101,9.65145e-07,88.3075,116.054,91.6925,130.895,-1425.58,-570.461,-1482.84,-388.014
-1474.0,-402.0,-149.398,9.76317e-07,88.3269,123.723,91.6731,130.461,-1425.59,-569.992,-1483.34,-388.014
-1472.0,-402.0,-144.607,9.80111e-07,88.3334,125.596,91.6666,130.461,-1425.59,-569.992,-1482.01,-388.014
-1470.0,-402.0,-139.323,9.84079e-07,88.3401,127.385,91.6599,130.461,-1425.59,-569.992,-1480.69,-388.015
-1468.0,-402.0,-127.956,9.88208e-07,88.3471,129.093,91.6529,130.461,-1425.59,-569.992,-1479.36,-388.015
-1466.0,-402.0,-143.591,9.92488e-07,88.3542,130.722,91.6458,130.461,-1425.59,-569.992,-1478.04,-388.015
-1464.0,-402.0,-145.178,9.96909e-07,88.3615,132.275,91.6385,130.461,-1425.59,-569.992,-1476.71,-388.015
-1462.0,-402.0,-148.146,1.00146e-06,88.3689,133.755,91.6311,130.461,-1425.59,-569.992,-1475.39,-388.016
-1460.0,-402.0,-150.944,1.00613e-06,88.3735,135.165,91.6265,130.461,-1425.59,-569.992,-1474.06,-388.016
-1458.0,-402.0,-154.336,1.01093e-06,88.3653,136.509,91.6347,130.461,-1425.59,-569.992,-1472.74,-388.016
-1456.0,-402.0,-160.709,9.52927e-07,88.2488,135.663,91.7512,96.8954,-1412.1,-499.96,-1470.31,-388.017
-1454.0,-402.0,-158.72,1.02082e-06,88.3495,139.01,91.6505,130.461,-1425.59,-569.992,-1470.09,-388.017
-1452.0,-402.0,-157.727,1.02591e-06,88.3419,140.173,91.6581,130.461,-1425.59,-569.992,-1468.77,-388.017
-1450.0,-402.0,-158.281,1.03108e-06,88.3346,141.282,91.6654,130.461,-1425.59,-569.992,-1467.44,-388.017
-1448.0,-402.0,-159.177,1.03633e-06,88.3275,142.341,91.6725,130.461,-1425.59,-569.992,-1466.12,-388.017
-1446.0,-402.0,-160.266,1.04166e-06,88.3205,143.35,91.6795,130.461,-1425.59,-569.992,-1464.79,-388.018
-1444.0,-402.0,-161.82,1.04705e-06,88.3137,144.315,91.6863,130.461,-1425.59,-569.992,-1463.47,-388.018
-1442.0,-402.0,-165.082,1.05251e-06,88.3021,145.236,91.6979,130.461,-1425.59,-569.992,-1462.14,-388.018
-1440.0,-402.0,-168.793,1.05804e-06,88.2805,146.116,91.7195,130.461,-1425.59,-569.992,-1460.82,-388.018
-1438.0,-402.0,-165.76,1.06362e-06,88.2591,146.958,91.7409,130.461,-1425.59,-569.992,-1459.49,-388.019
-1436.0,-402.0,-164.55,1.06925e-06,88.2432,147.763,91.7568,130.461,-1425.59,-569.992,-1458.17,-388.019
-1434.0,-402.0,-164.443,1.07493e-06,88.2375,148.534,91.7625,130.461,-1425.59,-569.992,-1456.84,-388.019
-1432.0,-402.0,-162.592,9.92153e-07,85.4937,82.5807,82.5844,87.8426,-1397.6,-536.196,-1425.78,-354.267
-1430.0,-402.0,-160.244,9.00567e-07,87.8603,-1.9153,92.1397,111.97,-1429.78,-526.194,-1395.1,-403.167
-1428.0,-402.0,-160.152,8.93912e-07,87.8263,-1.93566,92.1737,111.97,-1429.78,-526.194,-1395.12,-403.111
-1426.0,-402.0,-160.059,8.87258e-07,87.7917,-1.95646,92.2083,111.97,-1429.78,-526.194,-1395.15,-403.054
-1424.0,-402.0,-159.966,8.80605e-07,87.7567,-1.9777,92.2433,111.97,-1429.78,-526.194,-1395.18,-402.995
-1422.0,-402.0,-159.872,8.73952e-07,87.7211,-1.99942,92.2789,111.97,-1429.78,-526.194,-1395.21,-402.935
-1420.0,-402.0,-159.778,8.67299e-07,87.685,-2.02161,92.315,111.97,-1429.78,-526.194,-1395.24,-402.874
-1418.0,-402.0,-159.683,8.60641e-07,87.6574,-2.04431,92.3426,111.97,-1429.78,-526.194,-1395.27,-402.811
-1416.0,-402.0,-159.587,8.53978e-07,87.6391,-2.06752,92.3609,111.97,-1429.78,-526.194,-1395.3,-402.747
-1414.0,-402.0,-159.491,8.47314e-07,87.6205,-2.09126,92.3795,111.97,-1429.78,-526.194,-1395.34,-402.682
-1412.0,-402.0,-153.31,1.39234e-06,86.3143,-105.378,88.5672,105.059,-1447.24,-424.428,-1446.27,-526.588
-1410.0,-402.0,-153.249,1.39414e-06,86.299,-105.643,88.5688,105.324,-1448.1,-424.451,-1444.88,-526.555
-1408.0,-402.0,-157.219,9.39337e-07,87.8108,-43.3238,92.1892,129.985,-1425.61,-569.467,-1392.87,-416.269
-1406.0,-402.0,-156.041,9.34513e-07,87.7822,-43.7291,92.2178,129.985,-1425.61,-569.467,-1392.89,-414.54
-1404.0,-402.0,-156.099,7.70782e-07,87.2898,-122.723,92.7102,111.97,-1429.78,-526.194,-1459.81,-488.851
-1402.0,-402.0,-155.927,7.7443e-07,87.2817,-123.356,92.7183,111.97,-1429.78,-526.194,-1459.76,-489.742
-1400.0,-402.0,-156.027,7.78139e-07,87.2739,-123.98,92.7261,111.97,-1429.78,-526.194,-1459.71,-490.595
-1398.0,-402.0,-156.246,7.81907e-07,87.2664,-124.595,92.7336,111.97,-1429.78,-526.194,-1459.67,-491.412
-1396.0,-402.0,-124.32,8.96194e-07,87.5972,-129.255,92.4028,134.546,-1425.5,-574.095,-1460.24,-480.618
-1394.0,-402.0,0.0,0.0,0.0,0.0,0.0,0.0,0.0,0.0,0.0,0.0
-1392.0,-402.0,0.0,0.0,0.0,0.0,0.0,0.0,0.0,0.0,0.0,0.0
-1390.0,-402.0,0.0,0.0,0.0,0.0,0.0,0.0,0.0,0.0,0.0,0.0
-1388.0,-402.0,0.0,0.0,0.0,0.0,0.0,0.0,0.0,0.0,0.0,0.0
-1386.0,-402.0,0.0,0.0,0.0,0.0,0.0,0.0,0.0,0.0,0.0,0.0
-1384.0,-402.0,0.0,0.0,0.0,0.0,0.0,0.0,0.0,0.0,0.0,0.0
-1382.0,-402.0,0.0,0.0,0.0,0.0,0.0,0.0,0.0,0.0,0.0,0.0
-1380.0,-402.0,-175.932,1.45609e-06,88.348,-59.1997,91.652,-2.76158,-1239.86,-607.725,-1331.63,-483.141
-1378.0,-402.0,-170.387,1.72077e-06,88.5834,-70.5044,91.4166,-14.6085,-1339.34,-615.81,-1329.2,-539.827
-1376.0,-402.0,-174.273,1.44937e-06,88.2958,-59.9186,91.7042,-2.76158,-1239.86,-607.725,-1329.03,-483.087
-1374.0,-402.0,-168.473,1.40141e-06,88.2144,82.3261,91.7856,-43.3117,-1381.35,-617.58,-1363.2,-321.837
-1372.0,-402.0,-157.377,1.52569e-06,88.3387,37.8646,91.6613,-43.3117,-1381.35,-617.58,-1335.28,-373.449
-1370.0,-402.0,-157.227,1.52043e-06,88.3285,38.0538,91.6715,-43.3117,-1381.35,-617.58,-1333.48,-373.415
-1368.0,-402.0,-157.13,1.51519e-06,88.3227,38.2446,91.6773,-43.3117,-1381.35,-617.58,-1331.69,-373.38
-1366.0,-402.0,-157.096,1.50996e-06,88.3169,38.437,91.6831,-43.3117,-1381.35,-617.58,-1329.9,-373.346
-1364.0,-402.0,-157.14,1.50474e-06,88.3111,38.6311,91.6889,-43.3117,-1381.35,-617.58,-1328.1,-373.312
-1362.0,-402.0,-157.283,1.49954e-06,88.3052,38.8268,91.6948,-43.3117,-1381.35,-617.58,-1326.31,-373.278
-1360.0,-402.0,-157.55,1.49435e-06,88.2993,39.0242,91.7007,-43.3117,-1381.35,-617.58,-1324.52,-373.243
-1358.0,-402.0,-157.974,1.48917e-06,88.2934,39.2233,91.7066,-43.3117,-1381.35,-617.58,-1322.73,-373.209
-1356.0,-402.0,-170.051,1.70146e-06,88.5064,-78.9983,91.4936,-14.6085,-1339.34,-615.81,-1329.2,-539.827
-1354.0,-402.0,-167.733,2.27778e-06,88.8844,-24.3089,91.1156,-14.8341,-1340.17,-615.845,-1210.04,-467.029
-1352.0,-402.0,-167.54,2.2717e-06,88.8814,-24.4651,91.1186,-14.8341,-1340.17,-615.845,-1210.05,-466.585
-1350.0,-402.0,-167.353,2.26563e-06,88.8784,-24.6231,91.1216,-14.8341,-1340.17,-615.845,-1210.07,-466.133
-1348.0,-402.0,-167.174,2.25957e-06,88.8754,-24.7831,91.1246,-14.8341,-1340.17,-615.845,-1210.09,-465.675
-1346.0,-402.0,-167.001,2.25352e-06,88.8656,-24.9451,91.1344,-14.8341,-1340.17,-615.845,-1210.1,-465.211
-1344.0,-402.0,-169.79,2.19562e-06,88.8283,-26.4791,91.1717,-14.6085,-1339.34,-615.81,-1209.97,-468.764
-1342.0,-402.0,-169.922,2.18966e-06,88.8177,-26.6573,91.1823,-14.6085,-1339.34,-615.81,-1209.99,-468.271
-1340.0,-402.0,-166.525,2.23542e-06,88.8417,-25.443,91.1583,-14.8341,-1340.17,-615.845,-1210.16,-463.773
-1338.0,-402.0,-166.381,2.2294e-06,88.8386,-25.6131,91.1614,-14.8341,-1340.17,-615.845,-1210.18,-463.278
-1336.0,-402.0,-166.246,2.22339e-06,88.8354,-25.7853,91.1646,-14.8341,-1340.17,-615.845,-1210.2,-462.776
-1334.0,-402.0,-166.12,2.21739e-06,88.8323,-25.9597,91.1677,-14.8341,-1340.17,-615.845,-1210.22,-462.266
-1332.0,-402.0,-166.003,2.21139e-06,88.8291,-26.1364,91.1709,-14.8341,-1340.17,-615.845,-1210.23,-461.748
-1330.0,-402.0,-155.53,1.09613e-06,87.6373,-173.467,92.3627,129.985,-1425.61,-569.467,-1390.2,-408.894
-1328.0,-402.0,-155.501,1.10275e-06,87.6515,-173.52,92.3485,129.985,-1425.61,-569.467,-1390.65,-409.116
-1326.0,-402.0,-155.475,1.10938e-06,87.6655,-173.573,92.3345,129.985,-1425.61,-569.467,-1391.1,-409.333
-1324.0,-402.0,-155.452,1.11601e-06,87.6765,-173.625,92.3235,129.985,-1425.61,-569.467,-1391.53,-409.545
-1322.0,-402.0,-165.64,2.18157e-06,88.7968,-27.054,91.2032,-14.8341,-1340.17,-615.845,-1210.34,-459.028
-1320.0,-402.0,-165.633,2.17565e-06,88.7787,-27.2447,91.2213,-14.8341,-1340.17,-615.845,-1210.36,-458.456
-1318.0,-402.0,-165.661,2.16973e-06,88.7605,-27.4379,91.2395,-14.8341,-1340.17,-615.845,-1210.38,-457.875
-1316.0,-402.0,-165.733,2.16383e-06,88.7422,-27.6337,91.2578,-14.8341,-1340.17,-615.845,-1210.4,-457.284
-1314.0,-402.0,-165.86,2.15794e-06,88.7238,-27.832,91.2762,-14.8341,-1340.17,-615.845,-1210.43,-456.683
-1312.0,-402.0,-166.057,2.15205e-06,88.7053,-28.033,91.2947,-14.8341,-1340.17,-615.845,-1210.45,-456.071
-1310.0,-402.0,-167.681,1.96934e-06,88.5688,-23.2175,91.4312,-15.5937,-1342.83,-615.957,-1210.88,-444.517
-1308.0,-402.0,-148.338,1.31079e-06,87.8248,-33.2689,92.1752,-35.9954,-1376.1,-617.359,-1210.07,-466.255
-1306.0,-402.0,-147.74,1.30524e-06,87.7908,-33.4674,92.2092,-35.9954,-1376.1,-617.359,-1210.1,-465.398
-1304.0,-402.0,-147.152,1.29971e-06,87.7565,-33.6681,92.2435,-35.9954,-1376.1,-617.359,-1210.13,-464.528
-1302.0,-402.0,-146.57,1.29418e-06,87.722,-33.8709,92.278,-35.9954,-1376.1,-617.359,-1210.16,-463.644
-1300.0,-402.0,-145.991,1.28867e-06,87.6903,-34.0758,92.3097,-35.9954,-1376.1,-617.359,-1210.2,-462.746
-1298.0,-402.0,-145.409,1.28317e-06,87.6678,-34.283,92.3322,-35.9954,-1376.1,-617.359,-1210.23,-461.833
-1296.0,-402.0,-144.822,1.27768e-06,87.6452,-34.4923,92.3548,-35.9954,-1376.1,-617.359,-1210.27,-460.906
-1294.0,-402.0,-144.227,1.2722e-06,87.6223,-34.7039,92.3777,-35.9954,-1376.1,-617.359,-1210.3,-459.964
-1292.0,-402.0,-143.62,1.26674e-06,87.5993,-34.9178,92.4007,-35.9954,-1376.1,-617.359,-1210.34,-459.006
-1290.0,-402.0,-142.999,1.26129e-06,87.5761,-35.134,92.4239,-35.9954,-1376.1,-617.359,-1210.37,-458.032
-1288.0,-402.0,-142.359,1.25586e-06,87.5528,-35.3526,92.4472,-35.9954,-1376.1,-617.359,-1210.41,-457.042
-1286.0,-402.0,-154.367,1.18213e-06,87.3864,-36.85,92.6136,-43.3117,-1381.35,-617.58,-1210.35,-458.696
-1284.0,-402.0,-155.004,1.17682e-06,87.3608,-37.1058,92.6392,-43.3117,-1381.35,-617.58,-1210.39,-457.684
-1282.0,-402.0,-155.941,1.17153e-06,87.3351,-37.3647,92.6649,-43.3117,-1381.35,-617.58,-1210.43,-456.652
-1280.0,-402.0,-165.552,1.07994e-06,87.094,-103.763,92.906,54.9672,-1393.06,-590.097,-1322.08,-573.798
-1278.0,-402.0,-165.261,1.08158e-06,87.0834,-104.321,92.9166,54.9672,-1393.06,-590.097,-1321.86,-573.792
-1276.0,-402.0,-165.001,1.08326e-06,87.0792,-104.876,92.9208,54.9672,-1393.06,-590.097,-1321.63,-573.786
-1274.0,-402.0,-164.775,1.08501e-06,87.0839,-105.428,92.9161,54.9672,-1393.06,-590.097,-1321.41,-573.78
-1272.0,-402.0,-164.593,1.08681e-06,87.0887,-105.978,92.9113,54.9672,-1393.06,-590.097,-1321.18,-573.774
-1270.0,-402.0,-164.474,1.08867e-06,87.1001,-106.524,92.8999,54.9672,-1393.06,-590.097,-1320.96,-573.769
-1268.0,-402.0,-154.528,1.06312e-06,84.3346,-113.619,85.2827,-60.2739,-1389.76,-617.935,-1361.91,-616.761
-1266.0,-402.0,-164.543,1.09255e-06,87.14,-107.608,92.86,54.9672,-1393.06,-590.097,-1320.51,-573.757
-1264.0,-402.0,-154.623,9.62882e-07,86.7713,-113.163,93.2287,54.9672,-1393.06,-590.097,-1328.45,-552.64
-1262.0,-402.0,-154.11,9.65521e-07,86.7969,-113.803,93.2031,54.9672,-1393.06,-590.097,-1328.45,-552.64
-1260.0,-402.0,-153.517,9.68229e-07,86.8225,-114.436,93.1775,54.9672,-1393.06,-590.097,-1328.45,-552.64
-1258.0,-402.0,-152.863,9.71003e-07,86.8483,-115.064,93.1517,54.9672,-1393.06,-590.097,-1328.45,-552.64
-1256.0,-402.0,-152.158,9.73843e-07,86.8741,-115.685,93.1259,54.9672,-1393.06,-590.097,-1328.45,-552.64
-1254.0,-402.0,-151.401,9.76748e-07,86.8999,-116.299,93.1001,54.9672,-1393.06,-590.097,-1328.45,-552.64
-1252.0,-402.0,-150.588,9.797e-07,86.9444,-116.907,93.0556,54.9672,-1393.06,-590.097,-1328.45,-552.64
-1250.0,-402.0,-149.712,9.82702e-07,87.003,-117.509,92.997,54.9672,-1393.06,-590.097,-1328.45,-552.64
-1248.0,-402.0,-148.761,9.85767e-07,87.0616,-118.104,92.9384,54.9672,-1393.06,-590.097,-1328.45,-552.64
-1246.0,-402.0,-147.717,9.88911e-07,87.1007,-118.693,92.8993,54.9672,-1393.06,-590.097,-1328.45,-552.64
-1244.0,-402.0,-146.56,9.92127e-07,87.1263,-119.275,92.8737,54.9672,-1393.06,-590.097,-1328.45,-552.64
-1242.0,-402.0,-145.263,9.95401e-07,87.152,-119.85,92.848,54.9672,-1393.06,-590.097,-1328.45,-552.64
-1240.0,-402.0,-143.812,9.98733e-07,87.1777,-120.419,92.8223,54.9672,-1393.06,-590.097,-1328.45,-552.64
-1238.0,-402.0,-142.174,1.00212e-06,87.2034,-120.982,92.7966,54.9672,-1393.06,-590.097,-1328.45,-552.64
-1236.0,-402.0,-140.214,1.00557e-06,87.2291,-121.538,92.7709,54.9672,-1393.06,-590.097,-1328.45,-552.64
-1234.0,-402.0,-137.698,1.00907e-06,87.2547,-122.087,92.7453,54.9672,-1393.06,-590.097,-1328.45,-552.64
-1232.0,-402.0,-134.216,1.01262e-06,87.2803,-122.63,92.7197,54.9672,-1393.06,-590.097,-1328.45,-552.64
-1230.0,-402.0,-117.31,1.05354e-06,87.4013,127.787,92.5987,56.771,-1393.52,-590.112,-1235.14,-395.372
-1228.0,-402.0,-116.839,1.05761e-06,87.4376,128.073,92.5624,56.485,-1393.45,-590.109,-1233.27,-395.276
-1226.0,-402.0,-116.513,1.06171e-06,87.4779,128.357,92.5221,56.2012,-1393.38,-590.107,-1231.4,-395.18
-1224.0,-402.0,-116.302,1.06584e-06,87.518,128.638,92.482,55.9196,-1393.31,-590.105,-1229.53,-395.084
-1222.0,-402.0,-116.189,1.06999e-06,87.5578,128.918,92.4422,55.6402,-1393.23,-590.103,-1227.66,-394.988
-1220.0,-402.0,-116.164,1.07417e-06,87.5974,129.195,92.4026,55.363,-1393.16,-590.101,-1225.8,-394.892
-1218.0,-402.0,-116.221,1.07837e-06,87.6367,129.47,92.3633,55.088,-1393.09,-590.098,-1223.93,-394.796
-1216.0,-402.0,-116.363,1.0826e-06,87.6758,129.743,92.3242,54.8151,-1393.02,-590.096,-1222.07,-394.701
-1214.0,-402.0,-143.605,9.97436e-07,87.5096,-127.185,92.4904,-43.396,-1381.4,-617.583,-1355.83,-588.959
-1212.0,-402.0,-142.82,1.00146e-06,87.5519,-127.572,92.4481,-43.396,-1381.4,-617.583,-1355.83,-588.959
-1210.0,-402.0,-141.97,1.00551e-06,87.6074,-127.955,92.3926,-43.396,-1381.4,-617.583,-1355.83,-588.959
-1208.0,-402.0,-141.042,1.00959e-06,87.6651,-128.334,92.3349,-43.396,-1381.4,-617.583,-1355.83,-588.959
-1206.0,-402.0,-140.019,1.01371e-06,87.7224,-128.709,92.2776,-43.396,-1381.4,-617.583,-1355.83,-588.959
-1204.0,-402.0,-153.773,1.10717e-06,87.9331,-127.63,92.0669,-43.3117,-1381.35,-617.58,-1211.22,-411.36
-1202.0,-402.0,-154.252,1.11125e-06,87.9552,-127.995,92.0448,-43.3117,-1381.35,-617.58,-1209.29,-411.334
